2019-11-10 23:59:00,8795.3,8797.2,8795.3,8797.1,0.26423752
2019-11-10 23:58:00,8793.8,8795.4,8793.8,8795.3,0.74659399
2019-11-10 23:57:00,8797,8797,8792.8,8793.3,4.71054013
2019-11-10 23:56:00,8798.7,8798.7,8797,8797,3.89711118
2019-11-10 23:55:00,8798.9,8799.1,8798.7,8798.7,3.36164216
2019-11-10 23:54:00,8798.2,8798.9,8798.2,8798.8,1.89983376
2019-11-10 23:53:00,8798.3,8798.3,8798.3,8798.3,0
2019-11-10 23:52:00,8794.3,8798.3,8794.3,8798.3,7.55568005
2019-11-10 23:51:00,8795.6,8795.6,8794.4,8794.4,1.86333094
2019-11-10 23:50:00,8803,8803,8793.7,8795.7,4.5744267
2019-11-10 23:49:00,8802.1,8802.9,8802.1,8802.9,4.73774214
2019-11-10 23:48:00,8799.3,8802.1,8799.3,8801.6,1.04044943
2019-11-10 23:47:00,8797.5,8799.4,8797.5,8799.4,1.33742858
2019-11-10 23:46:00,8798.1,8798.3,8788.3,8797.5,13.77615575
2019-11-10 23:45:00,8802.5,8802.5,8796.8,8798,11.80640283
2019-11-10 23:44:00,8807.3,8807.3,8802.4,8802.5,6.7713995
2019-11-10 23:43:00,8809.6,8809.6,8807.2,8807.2,2.30149446
2019-11-10 23:42:00,8809.7,8809.7,8809.6,8809.7,14.17391463
2019-11-10 23:41:00,8808.5,8811.2,8808.5,8809.7,6.02320127
2019-11-10 23:40:00,8808.4,8810,8808.3,8808.5,6.8140321
2019-11-10 23:39:00,8809.2,8809.2,8808.2,8808.4,11.03426936
2019-11-10 23:38:00,8816.8,8816.8,8809.1,8809.2,8.51460049
2019-11-10 23:37:00,8818.2,8818.2,8817.1,8817.1,0.75599593
2019-11-10 23:36:00,8819,8821.4,8816.9,8818.3,12.28139387
2019-11-10 23:35:00,8819,8819,8818.9,8818.9,2.8829207
2019-11-10 23:34:00,8818.9,8819,8818.9,8819,4.14093656
2019-11-10 23:33:00,8820.2,8820.3,8818.9,8818.9,8.42275408
2019-11-10 23:32:00,8824.3,8824.3,8820.2,8820.3,17.78006878
2019-11-10 23:31:00,8822.3,8824.4,8822.2,8824.4,30.37879412
2019-11-10 23:30:00,8819,8822.4,8819,8822.3,5.89028483
2019-11-10 23:29:00,8819,8819,8818.9,8818.9,0.02770341
2019-11-10 23:28:00,8808.1,8819,8808.1,8819,6.36161588
2019-11-10 23:27:00,8806.4,8808.3,8805.6,8807.6,7.39856258
2019-11-10 23:26:00,8805.7,8806.5,8805.6,8806.4,8.72154587
2019-11-10 23:25:00,8805.6,8805.7,8804.3,8805.7,2.46035377
2019-11-10 23:24:00,8808.4,8808.4,8804.9,8805.6,11.89830886
2019-11-10 23:23:00,8808.4,8808.4,8808.3,8808.4,2.70281075
2019-11-10 23:22:00,8808.4,8808.4,8808.3,8808.3,1.93760388
2019-11-10 23:21:00,8810.4,8810.4,8808.2,8808.4,7.66960144
2019-11-10 23:20:00,8810.6,8810.6,8810.4,8810.5,5.93375563
2019-11-10 23:19:00,8813.3,8813.9,8810.5,8810.6,5.07662001
2019-11-10 23:18:00,8814.2,8814.2,8811.3,8813.3,14.55597384
2019-11-10 23:17:00,8817.9,8817.9,8814.2,8814.2,5.39571958
2019-11-10 23:16:00,8815.4,8818.2,8815,8817.9,34.46467719
2019-11-10 23:15:00,8817.2,8817.3,8815.3,8815.3,7.30614809
2019-11-10 23:14:00,8815.9,8817.3,8815.8,8817.2,5.39678014
2019-11-10 23:13:00,8819.4,8819.4,8815.8,8816.8,7.0048065
2019-11-10 23:12:00,8819.4,8819.4,8819.3,8819.4,0.41487601
2019-11-10 23:11:00,8819.3,8819.4,8819.3,8819.4,1.59058605
2019-11-10 23:10:00,8818.2,8822.1,8818.2,8819.3,8.07637546
2019-11-10 23:09:00,8818.2,8818.2,8818.1,8818.2,1.4497754
2019-11-10 23:08:00,8816.4,8819.9,8816.4,8818.1,5.5662413
2019-11-10 23:07:00,8816.4,8816.5,8816.4,8816.4,5.47611478
2019-11-10 23:06:00,8820.4,8820.4,8816.4,8816.5,1.06640143
2019-11-10 23:05:00,8819.4,8820.4,8815.4,8820.4,23.47609098
2019-11-10 23:04:00,8826.5,8826.5,8819.4,8819.4,17.94807132
2019-11-10 23:03:00,8827.4,8827.5,8826.5,8826.6,6.63413093
2019-11-10 23:02:00,8826.8,8828.9,8826.8,8827.4,7.00904052
2019-11-10 23:01:00,8826.8,8827.6,8826.8,8826.8,5.19891524
2019-11-10 23:00:00,8827.7,8830.1,8824.9,8826.8,34.25081756
2019-11-10 22:59:00,8826.6,8827.9,8824.8,8827.7,6.87016701
2019-11-10 22:58:00,8826.1,8826.6,8826.1,8826.5,1.28860436
2019-11-10 22:57:00,8828.4,8828.4,8825.4,8825.4,18.14999845
2019-11-10 22:56:00,8827.8,8828.5,8827.8,8828.4,7.39616161
2019-11-10 22:55:00,8825.5,8827.8,8825.5,8827.8,4.95299905
2019-11-10 22:54:00,8824.8,8826.7,8824.7,8825.6,4.92530095
2019-11-10 22:53:00,8821.2,8825.2,8821.1,8824.7,23.60345118
2019-11-10 22:52:00,8825.4,8825.5,8821.1,8821.2,2.93016217
2019-11-10 22:51:00,8817.3,8825.7,8817,8825.7,21.65666861
2019-11-10 22:50:00,8817.3,8820,8816.3,8817.4,8.64267266
2019-11-10 22:49:00,8814.2,8818.6,8814.1,8817.3,4.94192563
2019-11-10 22:48:00,8812.7,8814.2,8811.8,8814.2,5.52478997
2019-11-10 22:47:00,8811.6,8813.3,8811.6,8812.7,2.12092944
2019-11-10 22:46:00,8811.7,8813.4,8811.5,8811.5,8.69658461
2019-11-10 22:45:00,8811.8,8811.8,8811.8,8811.8,0.67317148
2019-11-10 22:44:00,8812.8,8816.3,8811.7,8811.7,4.06222783
2019-11-10 22:43:00,8817,8817.1,8811.7,8812.9,17.10182219
2019-11-10 22:42:00,8817.5,8817.5,8817,8817.1,7.76922704
2019-11-10 22:41:00,8815.5,8819.6,8815.5,8817.5,4.13394375
2019-11-10 22:40:00,8818.7,8818.7,8814.3,8815.6,7.85723643
2019-11-10 22:39:00,8820.5,8820.5,8818.6,8818.6,6.12947555
2019-11-10 22:38:00,8816.5,8823.1,8816.5,8820.4,21.34434248
2019-11-10 22:37:00,8820.8,8820.8,8816.2,8816.5,8.05215804
2019-11-10 22:36:00,8820.7,8820.8,8820.7,8820.8,1.67727706
2019-11-10 22:35:00,8820.4,8823.2,8820.4,8820.7,3.71295612
2019-11-10 22:34:00,8819.1,8820.4,8819,8820.4,1.44248106
2019-11-10 22:33:00,8824.9,8824.9,8819,8819.1,1.82549421
2019-11-10 22:32:00,8827.6,8827.6,8825,8825,13.31135535
2019-11-10 22:31:00,8818.8,8827.7,8818.7,8827.7,29.36115748
2019-11-10 22:30:00,8816.1,8818.8,8816,8818.8,1.0074657
2019-11-10 22:29:00,8815.9,8817.1,8815.8,8816.1,8.97685723
2019-11-10 22:28:00,8817.8,8817.8,8815.8,8815.9,12.43467907
2019-11-10 22:27:00,8814.7,8817.8,8814.7,8817.8,3.03231041
2019-11-10 22:26:00,8814.6,8814.7,8814.6,8814.7,2.21608769
2019-11-10 22:25:00,8815.6,8815.6,8814.6,8814.7,1.20551146
2019-11-10 22:24:00,8816.4,8816.4,8815.6,8815.7,5.92492824
2019-11-10 22:23:00,8813.3,8817.1,8810.3,8816.4,29.54094624
2019-11-10 22:22:00,8817.7,8817.7,8813.4,8813.4,0.71431801
2019-11-10 22:21:00,8817.8,8817.8,8815.4,8817.8,21.19338216
2019-11-10 22:20:00,8813.6,8817.7,8813.6,8817.7,15.55834428
2019-11-10 22:19:00,8814.7,8818.7,8813.5,8813.6,26.8655615
2019-11-10 22:18:00,8815.8,8819.8,8814.7,8814.7,2.89395664
2019-11-10 22:17:00,8816.7,8816.7,8812.4,8815.8,26.8443469
2019-11-10 22:16:00,8803.9,8822.3,8803.9,8817.3,10.86375218
2019-11-10 22:15:00,8796.5,8804,8796.4,8804,44.1283075
2019-11-10 22:14:00,8797,8797,8796.4,8796.4,22.03642441
2019-11-10 22:13:00,8796.5,8798.3,8796.4,8797.1,16.65300107
2019-11-10 22:12:00,8798.3,8798.3,8796.4,8796.4,2.58675551
2019-11-10 22:11:00,8795.3,8798.4,8795.3,8798.3,4.01622546
2019-11-10 22:10:00,8793.2,8799.2,8792.4,8795.3,18.10970139
2019-11-10 22:09:00,8783.2,8794.8,8780,8793.1,74.48891901
2019-11-10 22:08:00,8790.2,8790.2,8782.5,8783.2,60.83412648
2019-11-10 22:07:00,8787.8,8793.9,8787.7,8790.2,32.39121275
2019-11-10 22:06:00,8792,8792,8787.7,8787.8,23.45308967
2019-11-10 22:05:00,8795.4,8795.4,8791.9,8791.9,41.29025331
2019-11-10 22:04:00,8796.6,8798.9,8795.4,8795.4,17.13019634
2019-11-10 22:03:00,8799.5,8800.1,8796,8796.6,40.05228002
2019-11-10 22:02:00,8801.4,8801.4,8799.4,8799.5,14.16173044
2019-11-10 22:01:00,8801,8803.2,8801,8801.4,4.99726319
2019-11-10 22:00:00,8806,8806,8800,8801,20.50810372
2019-11-10 21:59:00,8804.7,8806.3,8804.7,8806,0.6255901
2019-11-10 21:58:00,8806.1,8807,8802.9,8804.5,15.37663259
2019-11-10 21:57:00,8801.2,8807,8801.1,8805.6,12.55168922
2019-11-10 21:56:00,8810.7,8810.7,8801,8801.1,25.36759819
2019-11-10 21:55:00,8811.7,8813.6,8810.7,8810.7,3.35572178
2019-11-10 21:54:00,8810.7,8812.7,8808.7,8811.6,15.26826745
2019-11-10 21:53:00,8804.3,8811.2,8802.7,8811.1,39.3451565
2019-11-10 21:52:00,8802.8,8804.6,8802.2,8804.3,21.83545079
2019-11-10 21:51:00,8799.9,8802.8,8799.9,8802.8,9.93923785
2019-11-10 21:50:00,8797.9,8800,8797.8,8800,9.35202078
2019-11-10 21:49:00,8794.8,8803.3,8794.8,8797.8,26.81481926
2019-11-10 21:48:00,8796,8797.5,8791.4,8794.8,76.71600113
2019-11-10 21:47:00,8811.2,8811.2,8795.9,8796,51.29257867
2019-11-10 21:46:00,8804.9,8813.1,8800.9,8813.1,55.02167955
2019-11-10 21:45:00,8791.3,8807.1,8786.7,8804.9,87.96745865
2019-11-10 21:44:00,8800.3,8800.3,8791.4,8791.4,20.71024961
2019-11-10 21:43:00,8800.7,8801.2,8791.8,8800.3,35.82252908
2019-11-10 21:42:00,8804.9,8804.9,8800.6,8800.7,39.30097214
2019-11-10 21:41:00,8800.8,8806.1,8799.9,8804.9,37.19742182
2019-11-10 21:40:00,8808.4,8810.1,8793.9,8800.7,42.83955412
2019-11-10 21:39:00,8816.2,8816.2,8792.9,8808.4,113.81806956
2019-11-10 21:38:00,8825.1,8826.5,8814,8816.1,67.55210188
2019-11-10 21:37:00,8821.8,8825,8821.7,8825,6.17992177
2019-11-10 21:36:00,8830,8830,8821.6,8821.7,26.65791774
2019-11-10 21:35:00,8831.6,8831.6,8830.1,8830.1,0.85082943
2019-11-10 21:34:00,8831.9,8831.9,8830.2,8831.6,1.19138965
2019-11-10 21:33:00,8834.6,8834.6,8831.3,8832,1.2331512
2019-11-10 21:32:00,8830.9,8834.4,8830.9,8834.4,14.61488814
2019-11-10 21:31:00,8835.2,8835.2,8830.6,8831.1,8.42672389
2019-11-10 21:30:00,8837.6,8838.2,8835,8835.2,3.5830917
2019-11-10 21:29:00,8827.5,8837.5,8827.5,8836.5,15.77013465
2019-11-10 21:28:00,8834.6,8834.6,8827.6,8827.6,5.75698211
2019-11-10 21:27:00,8835.3,8835.3,8834.2,8834.6,8.6098994
2019-11-10 21:26:00,8836.6,8837,8835,8835.3,8.31663071
2019-11-10 21:25:00,8835.6,8836.7,8835.6,8836.6,2.01739793
2019-11-10 21:24:00,8832.6,8835.5,8832.6,8835.5,2.60512464
2019-11-10 21:23:00,8827.9,8832.6,8827.9,8832.5,12.13483766
2019-11-10 21:22:00,8827.4,8827.9,8827.4,8827.9,1.57027123
2019-11-10 21:21:00,8827.4,8827.4,8827.3,8827.3,1.4838542
2019-11-10 21:20:00,8827.5,8827.5,8827.3,8827.4,1.00497442
2019-11-10 21:19:00,8825.8,8827.5,8825.8,8827.5,3.41141759
2019-11-10 21:18:00,8828.2,8828.2,8825.6,8825.6,3.70097883
2019-11-10 21:17:00,8834.4,8834.4,8826.8,8828.2,38.95657662
2019-11-10 21:16:00,8834.4,8834.4,8834.3,8834.4,0.85800536
2019-11-10 21:15:00,8834.4,8834.4,8834.3,8834.3,0.10143025
2019-11-10 21:14:00,8834.6,8834.6,8834.3,8834.3,5.05891677
2019-11-10 21:13:00,8836.2,8836.2,8834.6,8834.6,0.64162013
2019-11-10 21:12:00,8840,8840,8836.2,8836.2,24.37541668
2019-11-10 21:11:00,8840,8840.1,8840,8840,1.13956968
2019-11-10 21:10:00,8837.9,8840.1,8837.9,8840,3.33615474
2019-11-10 21:09:00,8837.9,8838,8837.9,8837.9,1.14370151
2019-11-10 21:08:00,8835.4,8838,8835.3,8838,1.48937583
2019-11-10 21:07:00,8835.4,8835.4,8835.3,8835.4,0.89133669
2019-11-10 21:06:00,8835.3,8835.4,8835.3,8835.4,0.45538374
2019-11-10 21:05:00,8837.2,8837.2,8835.3,8835.4,0.54178641
2019-11-10 21:04:00,8843,8843.1,8836.3,8837.2,1.32424793
2019-11-10 21:03:00,8843.8,8843.8,8842.4,8842.5,1.01487008
2019-11-10 21:02:00,8843.3,8845.8,8843.3,8844.1,6.50206273
2019-11-10 21:01:00,8839.4,8843.4,8839.3,8843.4,50.21564775
2019-11-10 21:00:00,8839.3,8839.4,8839.3,8839.3,2.87937691
2019-11-10 20:59:00,8836.7,8839.2,8836.6,8839.2,3.0131677
2019-11-10 20:58:00,8834.4,8836.7,8834.4,8836.6,1.00219384
2019-11-10 20:57:00,8839.7,8839.7,8833.8,8834.3,5.86016257
2019-11-10 20:56:00,8843.3,8843.3,8839.7,8839.7,0.83061187
2019-11-10 20:55:00,8845.5,8845.5,8843.3,8843.3,3.09865391
2019-11-10 20:54:00,8846.7,8846.8,8845.6,8845.6,1.46941147
2019-11-10 20:53:00,8846.7,8846.8,8846.7,8846.7,4.45842859
2019-11-10 20:52:00,8846.7,8846.8,8846.7,8846.7,4.27964345
2019-11-10 20:51:00,8842.7,8846.9,8842.7,8846.7,36.28018279
2019-11-10 20:50:00,8848.8,8848.8,8842.5,8842.5,16.25120963
2019-11-10 20:49:00,8850,8850,8848.8,8848.8,7.1692633
2019-11-10 20:48:00,8856.6,8856.6,8843,8850,11.72699548
2019-11-10 20:47:00,8856.1,8858.6,8856.1,8856.7,6.14035803
2019-11-10 20:46:00,8853.6,8855.6,8853.6,8855.6,1.5774165
2019-11-10 20:45:00,8853,8854.8,8853,8853.6,0.10242665
2019-11-10 20:44:00,8851.9,8853,8851.9,8853,1.07632044
2019-11-10 20:43:00,8850.9,8851.8,8850.9,8851.8,0.31757467
2019-11-10 20:42:00,8850.5,8851,8850.5,8851,0.48830219
2019-11-10 20:41:00,8850.5,8850.5,8850.5,8850.5,0
2019-11-10 20:40:00,8850.5,8850.5,8850.5,8850.5,0.0924778
2019-11-10 20:39:00,8850.1,8850.5,8849,8850.4,0.62718175
2019-11-10 20:38:00,8855.7,8855.7,8850.1,8850.1,1.19255926
2019-11-10 20:37:00,8854,8858,8854,8855.8,1.4982309
2019-11-10 20:36:00,8851,8854,8850.9,8854,1.23845052
2019-11-10 20:35:00,8846.9,8851,8846.8,8851,2.59028498
2019-11-10 20:34:00,8846.4,8846.8,8846.4,8846.8,6.32607405
2019-11-10 20:33:00,8844.3,8848.3,8844.3,8846.5,3.03442177
2019-11-10 20:32:00,8845.6,8845.6,8844.3,8844.3,1.34666152
2019-11-10 20:31:00,8845.8,8845.8,8845.7,8845.7,0.93270803
2019-11-10 20:30:00,8843.5,8848.3,8843.4,8848.3,2.15007307
2019-11-10 20:29:00,8843.8,8844.8,8841.5,8843.5,15.28033434
2019-11-10 20:28:00,8841,8843.8,8841,8843.7,0.76458165
2019-11-10 20:27:00,8841.1,8841.1,8841,8841.1,0.38589026
2019-11-10 20:26:00,8841,8841.1,8841,8841,0.63595592
2019-11-10 20:25:00,8842.5,8842.6,8841,8841,2.30930785
2019-11-10 20:24:00,8842.6,8842.6,8842.5,8842.5,0.18146982
2019-11-10 20:23:00,8846.4,8846.4,8841.8,8842.6,6.01171236
2019-11-10 20:22:00,8847.8,8847.8,8846.4,8846.4,0.91259564
2019-11-10 20:21:00,8847.4,8847.9,8847.4,8847.9,0.89883195
2019-11-10 20:20:00,8850,8850,8847.9,8847.9,0.48352293
2019-11-10 20:19:00,8846.5,8850,8846.5,8850,3.12915157
2019-11-10 20:18:00,8844.8,8846.4,8844.8,8846.4,0.96149113
2019-11-10 20:17:00,8843.2,8846.9,8843.2,8844.8,0.98587105
2019-11-10 20:16:00,8844.3,8844.3,8842.7,8843.1,2.48290995
2019-11-10 20:15:00,8841.3,8844.2,8841.3,8844.2,1.57527029
2019-11-10 20:14:00,8841.2,8841.3,8841.2,8841.2,0.42212602
2019-11-10 20:13:00,8840.5,8841.2,8840.5,8841.2,0.74973393
2019-11-10 20:12:00,8840,8843.5,8840,8840.5,8.61107829
2019-11-10 20:11:00,8834.9,8840.1,8834.8,8840,52.13957207
2019-11-10 20:10:00,8835.3,8835.3,8834.6,8834.9,0.63336616
2019-11-10 20:09:00,8837.7,8837.8,8834.8,8835.3,0.23209376
2019-11-10 20:08:00,8839.6,8839.6,8836.5,8837.7,0.78056642
2019-11-10 20:07:00,8839.8,8839.8,8839.6,8839.6,0.53019334
2019-11-10 20:06:00,8840,8840,8839.7,8839.8,0.76349792
2019-11-10 20:05:00,8837.3,8839.9,8837.2,8839.9,5.28431807
2019-11-10 20:04:00,8837.9,8838,8837.3,8837.3,0.08778957
2019-11-10 20:03:00,8836.4,8837.9,8836.4,8837.8,0.21988458
2019-11-10 20:02:00,8834.4,8836.4,8834.4,8836.4,4.71034295
2019-11-10 20:01:00,8833.6,8834.4,8833.5,8834.4,0.66419515
2019-11-10 20:00:00,8827.6,8833.1,8827.6,8833.1,2.98003863
2019-11-10 19:59:00,8828.3,8828.6,8824.4,8827.6,2.95841005
2019-11-10 19:58:00,8830.1,8830.2,8827.5,8827.5,5.81583165
2019-11-10 19:57:00,8833,8833.1,8830,8830.1,1.77892973
2019-11-10 19:56:00,8832.4,8833.1,8832.3,8833.1,1.40899392
2019-11-10 19:55:00,8837.1,8837.1,8832.3,8832.4,15.25886681
2019-11-10 19:54:00,8832.6,8837.1,8832.6,8837.1,2.09616174
2019-11-10 19:53:00,8835.9,8835.9,8832.6,8832.7,2.4182009
2019-11-10 19:52:00,8839.1,8839.1,8835.8,8835.9,1.86931766
2019-11-10 19:51:00,8836.8,8839.1,8836.8,8839.1,1.91298723
2019-11-10 19:50:00,8839.1,8839.1,8836.7,8836.8,0.42318204
2019-11-10 19:49:00,8838.9,8839.6,8838.9,8839.4,0.48083594
2019-11-10 19:48:00,8836.3,8839,8836.3,8838.9,1.23541745
2019-11-10 19:47:00,8840.9,8840.9,8836.4,8836.4,0.91706942
2019-11-10 19:46:00,8842.7,8842.7,8840.2,8841,7.9607434
2019-11-10 19:45:00,8842.7,8842.8,8842.7,8842.8,0.10365956
2019-11-10 19:44:00,8839.2,8842.7,8839.1,8842.7,4.4788583
2019-11-10 19:43:00,8836.7,8839.2,8836.7,8839.2,2.28426085
2019-11-10 19:42:00,8836.7,8836.7,8836.6,8836.7,0.8500694
2019-11-10 19:41:00,8841.7,8841.7,8835.2,8836.7,16.33513427
2019-11-10 19:40:00,8841.8,8841.8,8841.7,8841.8,0.04778176
2019-11-10 19:39:00,8841.7,8841.8,8841.7,8841.7,1.57106435
2019-11-10 19:38:00,8841.7,8841.8,8841.7,8841.8,0.18583245
2019-11-10 19:37:00,8841.7,8841.8,8841.7,8841.7,0.3128682
2019-11-10 19:36:00,8841.8,8841.8,8841.8,8841.8,0.11555344
2019-11-10 19:35:00,8842.5,8843.9,8841.8,8841.8,16.81224226
2019-11-10 19:34:00,8848.3,8848.4,8842.2,8842.6,11.92454928
2019-11-10 19:33:00,8847.9,8848.4,8847,8848.4,4.21301274
2019-11-10 19:32:00,8850,8850,8847.9,8847.9,15.48649413
2019-11-10 19:31:00,8853.8,8853.9,8850,8850.1,20.67216686
2019-11-10 19:30:00,8853.8,8853.9,8853.8,8853.9,0.32714457
2019-11-10 19:29:00,8853.8,8853.9,8853.8,8853.8,1.05761685
2019-11-10 19:28:00,8855,8857.1,8852.5,8853.8,10.0967143
2019-11-10 19:27:00,8851,8855,8850.9,8855,8.52515676
2019-11-10 19:26:00,8851,8851.1,8850.9,8851,5.78273597
2019-11-10 19:25:00,8851,8851,8850.9,8851,0.86687923
2019-11-10 19:24:00,8851,8851,8850.9,8850.9,0.66311522
2019-11-10 19:23:00,8850,8851,8847,8851,45.66562887
2019-11-10 19:22:00,8847.8,8849.8,8847.8,8849.8,0.80418238
2019-11-10 19:21:00,8847,8847.8,8847,8847.8,0.20574085
2019-11-10 19:20:00,8844.8,8847.1,8844.8,8847.1,0.29798518
2019-11-10 19:19:00,8843.7,8844.7,8843.7,8844.7,0.54474667
2019-11-10 19:18:00,8843.3,8843.8,8843.3,8843.7,4.08872839
2019-11-10 19:17:00,8840.8,8843.3,8840.8,8843.3,0.37855294
2019-11-10 19:16:00,8839.3,8840.8,8839.3,8840.8,0.13543624
2019-11-10 19:15:00,8844.1,8844.1,8838.2,8839.3,2.63898226
2019-11-10 19:14:00,8840.8,8844.3,8840.8,8844.1,3.24914347
2019-11-10 19:13:00,8842.7,8842.7,8840.9,8840.9,0.54151508
2019-11-10 19:12:00,8842.4,8844.2,8842.3,8842.8,0.78560352
2019-11-10 19:11:00,8845.6,8845.6,8842.2,8842.3,4.53533626
2019-11-10 19:10:00,8842.6,8846.2,8842.6,8846.1,0.76657971
2019-11-10 19:09:00,8844.6,8844.6,8842.3,8842.6,0.79594396
2019-11-10 19:08:00,8842.4,8844.7,8842.4,8844.7,1.38610806
2019-11-10 19:07:00,8847.9,8847.9,8842.5,8842.8,1.37681019
2019-11-10 19:06:00,8849.3,8851.8,8848.4,8848.4,2.275284
2019-11-10 19:05:00,8846.5,8849.2,8843.8,8849.2,3.0941501
2019-11-10 19:04:00,8847.5,8850,8846.5,8846.5,3.90606324
2019-11-10 19:03:00,8854.9,8854.9,8847.9,8847.9,6.80751196
2019-11-10 19:02:00,8853,8855,8853,8854.8,1.05491208
2019-11-10 19:01:00,8850,8853,8849.9,8853,2.88099147
2019-11-10 19:00:00,8848.2,8850,8848.2,8850,2.72808006
2019-11-10 18:59:00,8848.3,8848.3,8848.2,8848.2,2.26657946
2019-11-10 18:58:00,8845.9,8848.3,8845.9,8848.3,0.94745938
2019-11-10 18:57:00,8850.5,8852.9,8846,8846,21.19131957
2019-11-10 18:56:00,8853.3,8853.3,8848.9,8851.3,5.44010207
2019-11-10 18:55:00,8843.2,8854.7,8843.2,8853.6,46.59625142
2019-11-10 18:54:00,8845.4,8848.9,8843.2,8843.2,7.42848607
2019-11-10 18:53:00,8844.2,8845.4,8844.2,8845.4,0.76945174
2019-11-10 18:52:00,8844.2,8844.2,8844.2,8844.2,1.15020134
2019-11-10 18:51:00,8841.9,8844.3,8841.4,8844.1,3.05128497
2019-11-10 18:50:00,8841.3,8847.4,8841.3,8841.9,10.95999669
2019-11-10 18:49:00,8834,8841.3,8834,8841.3,3.34285163
2019-11-10 18:48:00,8832.6,8835.5,8832.6,8834,2.11360046
2019-11-10 18:47:00,8830.6,8832.6,8830.6,8832.6,0.3625907
2019-11-10 18:46:00,8835.2,8835.2,8828.9,8830.6,8.70105999
2019-11-10 18:45:00,8838.2,8838.2,8835.3,8835.3,4.46630466
2019-11-10 18:44:00,8840,8840,8836.2,8837.7,2.17954803
2019-11-10 18:43:00,8840,8840,8840,8840,0.47334571
2019-11-10 18:42:00,8838.3,8840,8838.3,8840,1.99166091
2019-11-10 18:41:00,8837.7,8838.5,8837.7,8838.4,3.35230797
2019-11-10 18:40:00,8837.5,8838.7,8837.2,8837.7,4.56709722
2019-11-10 18:39:00,8837.4,8837.5,8837.4,8837.5,0.02687119
2019-11-10 18:38:00,8837.1,8837.5,8832.9,8835.8,3.99139031
2019-11-10 18:37:00,8837.1,8837.2,8837.1,8837.2,0.87691594
2019-11-10 18:36:00,8832.5,8837.1,8832.5,8837.1,5.26285357
2019-11-10 18:35:00,8831.2,8832.6,8831.1,8831.8,0.82445763
2019-11-10 18:34:00,8831.2,8831.2,8831.1,8831.1,0.12608872
2019-11-10 18:33:00,8825.6,8831.2,8825.6,8831.2,2.19600103
2019-11-10 18:32:00,8826.6,8826.6,8825.6,8825.6,0.25397931
2019-11-10 18:31:00,8831.3,8831.3,8826.6,8826.6,9.75677742
2019-11-10 18:30:00,8833.7,8833.7,8831.3,8831.3,2.94307992
2019-11-10 18:29:00,8835.6,8835.6,8833.3,8833.6,0.92934756
2019-11-10 18:28:00,8840.9,8840.9,8835.6,8835.6,10.45402872
2019-11-10 18:27:00,8839.2,8842.2,8839.2,8840.8,2.24474411
2019-11-10 18:26:00,8833.8,8840,8833.7,8839.1,24.59570562
2019-11-10 18:25:00,8833.8,8833.9,8833.8,8833.9,1.02019903
2019-11-10 18:24:00,8833.9,8833.9,8833.8,8833.9,0.0690142
2019-11-10 18:23:00,8834,8834,8833.8,8833.9,0.6700042
2019-11-10 18:22:00,8832.1,8834.1,8832.1,8834,0.61494649
2019-11-10 18:21:00,8835.7,8835.7,8832.1,8832.2,0.55543695
2019-11-10 18:20:00,8832.1,8836.6,8832.1,8835.9,1.60352315
2019-11-10 18:19:00,8832.5,8832.6,8831.3,8831.4,6.50919738
2019-11-10 18:18:00,8830.6,8832.6,8830.5,8832.5,1.60212307
2019-11-10 18:17:00,8830.5,8830.6,8830.5,8830.6,0.28005228
2019-11-10 18:16:00,8830.5,8830.6,8830.5,8830.6,13.95758789
2019-11-10 18:15:00,8829.9,8830.5,8829.9,8830.5,3.40249802
2019-11-10 18:14:00,8830,8831,8829.9,8829.9,2.00158171
2019-11-10 18:13:00,8830.1,8830.1,8830,8830.1,0.29784527
2019-11-10 18:12:00,8826.5,8830.1,8826,8830.1,2.29311093
2019-11-10 18:11:00,8825,8828,8825,8826.5,2.7112173
2019-11-10 18:10:00,8820,8824.9,8819.9,8824.9,2.06177049
2019-11-10 18:09:00,8819.6,8820,8819.4,8820,1.99138544
2019-11-10 18:08:00,8822.3,8825.5,8819.5,8819.6,8.30833514
2019-11-10 18:07:00,8824.3,8824.3,8817.4,8822.3,7.72601618
2019-11-10 18:06:00,8824.9,8824.9,8824.3,8824.3,0.56053297
2019-11-10 18:05:00,8824.5,8825,8820,8825,36.8288353
2019-11-10 18:04:00,8831,8831,8824.4,8824.5,10.17736528
2019-11-10 18:03:00,8831.2,8831.3,8830.6,8831,8.17867961
2019-11-10 18:02:00,8832.1,8834.9,8831.1,8831.1,5.69286912
2019-11-10 18:01:00,8830.5,8832,8830.5,8832,1.23479313
2019-11-10 18:00:00,8821.6,8830.3,8821.5,8830.1,2.69021072
2019-11-10 17:59:00,8821.5,8821.6,8821.5,8821.5,1.52533603
2019-11-10 17:58:00,8824.6,8824.6,8821.1,8821.5,0.40188328
2019-11-10 17:57:00,8826,8826.4,8824.7,8824.7,12.83497191
2019-11-10 17:56:00,8826,8826,8826,8826,0
2019-11-10 17:55:00,8821.6,8826,8821.6,8826,2.0548486
2019-11-10 17:54:00,8821.2,8821.6,8821.2,8821.6,1.51122621
2019-11-10 17:53:00,8820.8,8820.8,8820.8,8820.8,0.16637582
2019-11-10 17:52:00,8824.9,8824.9,8820.7,8820.8,1.87276969
2019-11-10 17:51:00,8825.1,8825.1,8824.7,8825,7.00972429
2019-11-10 17:50:00,8815.8,8825.1,8815.8,8825.1,1.97595821
2019-11-10 17:49:00,8814.7,8815.8,8814.7,8815.8,0.59131743
2019-11-10 17:48:00,8815.3,8815.4,8813.3,8814.6,1.98004073
2019-11-10 17:47:00,8816.4,8816.4,8815.3,8815.4,0.22004315
2019-11-10 17:46:00,8811.9,8817.8,8811.9,8816.5,2.95330686
2019-11-10 17:45:00,8817.2,8817.2,8811.9,8812,6.78969991
2019-11-10 17:44:00,8819.1,8819.1,8815.9,8817.2,27.13045826
2019-11-10 17:43:00,8825.6,8825.7,8819.1,8819.1,2.10237855
2019-11-10 17:42:00,8827,8827,8825.6,8825.6,0.20640252
2019-11-10 17:41:00,8827,8827,8826.9,8827,0.36240026
2019-11-10 17:40:00,8826.9,8827,8826.9,8827,1.51343028
2019-11-10 17:39:00,8826.8,8826.9,8826.8,8826.9,0.72420932
2019-11-10 17:38:00,8829.1,8829.1,8826.8,8826.9,1.17369024
2019-11-10 17:37:00,8825.5,8830.6,8825.5,8829.1,8.865622
2019-11-10 17:36:00,8827.2,8827.2,8825,8825.4,1.60173281
2019-11-10 17:35:00,8828,8828,8827.2,8827.2,0.65256156
2019-11-10 17:34:00,8833.1,8833.1,8827.9,8827.9,3.03167071
2019-11-10 17:33:00,8837.4,8837.4,8833.2,8833.2,0.60839486
2019-11-10 17:32:00,8838.1,8838.2,8837.5,8837.5,1.66806972
2019-11-10 17:31:00,8838.1,8838.2,8838.1,8838.2,8.65937466
2019-11-10 17:30:00,8838.2,8838.2,8838.1,8838.1,0.20465482
2019-11-10 17:29:00,8837.5,8838.2,8837.5,8838.1,0.2316017
2019-11-10 17:28:00,8832.9,8837.5,8832.9,8837.5,1.91344126
2019-11-10 17:27:00,8832.9,8832.9,8832.9,8832.9,0.01100201
2019-11-10 17:26:00,8831.6,8833,8831.6,8833,5.59259064
2019-11-10 17:25:00,8832.2,8832.2,8831.6,8831.6,0.21383395
2019-11-10 17:24:00,8833.2,8833.2,8832.1,8832.2,0.49731123
2019-11-10 17:23:00,8833.6,8833.6,8833.1,8833.1,0.16738201
2019-11-10 17:22:00,8834,8834,8833.6,8833.7,0.20960651
2019-11-10 17:21:00,8834,8834.1,8834,8834,2.67805389
2019-11-10 17:20:00,8832.1,8834,8832.1,8834,1.38625914
2019-11-10 17:19:00,8836.2,8836.2,8832,8832.1,1.73596169
2019-11-10 17:18:00,8837.4,8837.4,8836.4,8836.4,1.13615643
2019-11-10 17:17:00,8840.1,8840.2,8837.6,8837.6,0.11639952
2019-11-10 17:16:00,8839,8840.3,8839,8840.1,0.53990118
2019-11-10 17:15:00,8846.3,8846.3,8838.7,8839,1.85269437
2019-11-10 17:14:00,8846.1,8846.4,8846.1,8846.4,0.21726994
2019-11-10 17:13:00,8843,8846.1,8842.5,8846.1,7.61306287
2019-11-10 17:12:00,8843.2,8843.2,8841.3,8843,0.24220179
2019-11-10 17:11:00,8837.3,8843.2,8837.3,8843.1,4.66654168
2019-11-10 17:10:00,8832.5,8838.5,8832.5,8837.1,10.7597917
2019-11-10 17:09:00,8835.2,8835.2,8830.8,8832.6,0.55579875
2019-11-10 17:08:00,8828.5,8836.1,8828.5,8835.2,6.33750824
2019-11-10 17:07:00,8828.4,8828.5,8826.6,8828.5,1.52232565
2019-11-10 17:06:00,8825.1,8828.5,8825.1,8828.4,1.39198129
2019-11-10 17:05:00,8821.9,8825.1,8821.5,8825,1.90397898
2019-11-10 17:04:00,8823.4,8823.4,8822,8822,0.79465357
2019-11-10 17:03:00,8823.8,8825.4,8823.8,8823.9,1.63501951
2019-11-10 17:02:00,8822.3,8823.9,8822.3,8823.8,1.16462638
2019-11-10 17:01:00,8822.4,8822.4,8822.3,8822.3,0.1726736
2019-11-10 17:00:00,8821.8,8824.2,8821.8,8822.4,1.53212993
2019-11-10 16:59:00,8824.2,8824.8,8821.6,8821.8,1.96796182
2019-11-10 16:58:00,8822,8826.2,8820.1,8824.3,4.79243826
2019-11-10 16:57:00,8826.5,8827,8821.6,8821.6,3.58401573
2019-11-10 16:56:00,8822,8826.5,8822,8826.5,1.04594564
2019-11-10 16:55:00,8824,8824,8821.9,8822,0.66643249
2019-11-10 16:54:00,8824,8824,8824,8824,3.94909849
2019-11-10 16:53:00,8822,8824,8822,8824,2.13283541
2019-11-10 16:52:00,8822.3,8822.3,8822,8822,0.46414435
2019-11-10 16:51:00,8822.2,8822.3,8822,8822.3,2.45021963
2019-11-10 16:50:00,8823.8,8824.3,8822,8822.3,15.43398846
2019-11-10 16:49:00,8824.9,8824.9,8822,8823.4,4.92151355
2019-11-10 16:48:00,8824.5,8825,8824.5,8824.9,1.32317221
2019-11-10 16:47:00,8828.2,8828.2,8824.5,8824.5,0.31754633
2019-11-10 16:46:00,8830.7,8830.7,8828.5,8828.5,1.40042818
2019-11-10 16:45:00,8831.1,8831.1,8830.6,8830.6,0.88651703
2019-11-10 16:44:00,8835.3,8835.6,8830,8831.1,5.0126756
2019-11-10 16:43:00,8831.3,8836.1,8831.3,8835.4,3.26008363
2019-11-10 16:42:00,8831.2,8833,8829.1,8832.2,1.10174022
2019-11-10 16:41:00,8827.6,8833.1,8827.6,8831.1,2.08422389
2019-11-10 16:40:00,8829,8829.5,8828,8828,6.25824187
2019-11-10 16:39:00,8834.1,8834.1,8827.1,8829,10.3924045
2019-11-10 16:38:00,8833.2,8836.3,8833.2,8834.2,1.5161395
2019-11-10 16:37:00,8829.3,8835.1,8828.5,8833.2,8.61585976
2019-11-10 16:36:00,8825.1,8829.4,8825.1,8829.4,3.08875361
2019-11-10 16:35:00,8826.6,8826.6,8825.1,8825.1,0.35184776
2019-11-10 16:34:00,8828,8830,8826.5,8826.5,18.99148564
2019-11-10 16:33:00,8823.4,8828,8822.4,8828,1.99790234
2019-11-10 16:32:00,8818.9,8830,8818.8,8823.9,8.19494449
2019-11-10 16:31:00,8825.5,8825.5,8818.8,8818.8,13.28770448
2019-11-10 16:30:00,8831.9,8831.9,8820.8,8825.5,29.16565872
2019-11-10 16:29:00,8832,8832,8831.9,8831.9,7.10669811
2019-11-10 16:28:00,8835.9,8835.9,8831.9,8832,1.80373593
2019-11-10 16:27:00,8832.7,8836.2,8832.6,8835.9,2.85160223
2019-11-10 16:26:00,8838.6,8838.7,8832.7,8832.7,5.56781413
2019-11-10 16:25:00,8838.6,8838.7,8838.6,8838.6,0.32228241
2019-11-10 16:24:00,8836.7,8838.7,8835.2,8838.6,1.13359718
2019-11-10 16:23:00,8842.8,8842.8,8836.6,8836.7,6.52069047
2019-11-10 16:22:00,8841,8842.8,8841,8842.8,0.25732378
2019-11-10 16:21:00,8841,8841,8840.9,8841,0.38052088
2019-11-10 16:20:00,8844.7,8844.8,8840,8840.9,3.68602911
2019-11-10 16:19:00,8841.8,8844.8,8841.7,8844.7,0.357541
2019-11-10 16:18:00,8841.3,8842.7,8840.4,8841.8,6.56996361
2019-11-10 16:17:00,8842.7,8842.7,8840.8,8841.4,0.84620748
2019-11-10 16:16:00,8848.9,8848.9,8842.7,8842.7,2.60468863
2019-11-10 16:15:00,8848.9,8848.9,8847.8,8848.8,1.25645196
2019-11-10 16:14:00,8845.4,8848.8,8845.4,8848.8,1.76529664
2019-11-10 16:13:00,8846.3,8846.9,8844.8,8845.5,1.70965986
2019-11-10 16:12:00,8857.6,8857.6,8845.5,8846.3,32.08534881
2019-11-10 16:11:00,8867.3,8868.9,8858.1,8858.7,29.70423768
2019-11-10 16:10:00,8866.1,8874.9,8866.1,8867.1,60.96488841
2019-11-10 16:09:00,8863.5,8866.5,8863.5,8866.1,1.39697136
2019-11-10 16:08:00,8859.1,8865.8,8859.1,8865.2,40.68499423
2019-11-10 16:07:00,8857.6,8859.1,8857,8859.1,1.42255518
2019-11-10 16:06:00,8858.1,8858.1,8857.8,8857.8,0.15180543
2019-11-10 16:05:00,8857.3,8860,8857.3,8858.1,16.96625871
2019-11-10 16:04:00,8860,8860,8857.3,8857.4,5.98555409
2019-11-10 16:03:00,8856.4,8860.2,8854,8859.9,16.53856222
2019-11-10 16:02:00,8854,8859.5,8854,8856.4,3.96587727
2019-11-10 16:01:00,8848.6,8854,8848.5,8854,10.78826489
2019-11-10 16:00:00,8846.7,8849,8846.7,8848.8,1.45817573
2019-11-10 15:59:00,8847.6,8847.6,8846.3,8846.3,5.0442155
2019-11-10 15:58:00,8848.4,8848.4,8847.6,8847.6,0.72049483
2019-11-10 15:57:00,8846.9,8848.4,8844.3,8848.4,4.22528511
2019-11-10 15:56:00,8848.8,8848.8,8847.4,8847.4,5.61426401
2019-11-10 15:55:00,8848.3,8848.8,8848.2,8848.8,1.09906503
2019-11-10 15:54:00,8848.2,8848.3,8848.2,8848.3,0.15068522
2019-11-10 15:53:00,8849.2,8849.2,8848.1,8848.1,4.58852179
2019-11-10 15:52:00,8849.1,8849.2,8849,8849.2,1.01099053
2019-11-10 15:51:00,8850.1,8853.2,8848.6,8848.6,2.88724268
2019-11-10 15:50:00,8848.1,8850.9,8848,8850,1.97923742
2019-11-10 15:49:00,8850.4,8850.9,8848.1,8848.2,7.28242779
2019-11-10 15:48:00,8843.9,8850.9,8843.9,8850,11.24658118
2019-11-10 15:47:00,8840.8,8843.9,8840.8,8843.9,3.04113696
2019-11-10 15:46:00,8841,8841.6,8841,8841,3.05879037
2019-11-10 15:45:00,8842.8,8842.8,8841.3,8841.3,0.82548303
2019-11-10 15:44:00,8842.8,8843.5,8842.4,8843.2,7.29328385
2019-11-10 15:43:00,8844.8,8844.8,8843.3,8843.3,2.30709039
2019-11-10 15:42:00,8845.4,8845.5,8844.8,8844.8,6.64380644
2019-11-10 15:41:00,8843.4,8845.4,8843.4,8845.4,7.18395756
2019-11-10 15:40:00,8844.7,8844.7,8843.5,8843.5,0.68341615
2019-11-10 15:39:00,8844.2,8844.3,8842.5,8844.3,2.36637603
2019-11-10 15:38:00,8843.3,8844.3,8842.9,8844.2,3.61689418
2019-11-10 15:37:00,8844.8,8844.8,8843.4,8843.4,2.03441002
2019-11-10 15:36:00,8844.9,8845.4,8844.9,8844.9,1.21946481
2019-11-10 15:35:00,8845,8845,8844.9,8844.9,1.56837533
2019-11-10 15:34:00,8844.9,8845,8844.9,8845,1.48793378
2019-11-10 15:33:00,8842,8845,8842,8845,2.41134249
2019-11-10 15:32:00,8841.9,8842,8841.8,8842,0.29571661
2019-11-10 15:31:00,8842.6,8842.7,8841.2,8842,16.48657268
2019-11-10 15:30:00,8835,8843.7,8835,8842.5,13.41892186
2019-11-10 15:29:00,8834.1,8834.9,8834,8834.9,0.25919611
2019-11-10 15:28:00,8833.2,8834.1,8833.2,8834.1,3.64503984
2019-11-10 15:27:00,8836.8,8836.8,8833.1,8833.2,6.81641886
2019-11-10 15:26:00,8838.5,8838.5,8836.7,8836.7,1.97442005
2019-11-10 15:25:00,8837.5,8838.5,8837.5,8838.5,3.78477924
2019-11-10 15:24:00,8837.5,8837.6,8837.5,8837.5,0.17905377
2019-11-10 15:23:00,8839.9,8839.9,8837.5,8837.5,0.69314769
2019-11-10 15:22:00,8840,8840,8839.9,8840,0.47985655
2019-11-10 15:21:00,8841.1,8841.1,8839.4,8840,8.39691005
2019-11-10 15:20:00,8841.2,8841.2,8841.1,8841.1,1.35471132
2019-11-10 15:19:00,8840.9,8841.2,8840.9,8841.2,0.51367222
2019-11-10 15:18:00,8842.2,8842.2,8840.8,8840.8,0.5566439
2019-11-10 15:17:00,8842.2,8842.3,8842.2,8842.2,0.12861049
2019-11-10 15:16:00,8842.3,8842.3,8841.8,8842.3,1.57871136
2019-11-10 15:15:00,8845.3,8845.3,8842.3,8842.3,3.56340713
2019-11-10 15:14:00,8843.8,8845.2,8843.4,8845.2,1.3256371
2019-11-10 15:13:00,8842.8,8843.8,8842.4,8843.8,2.30437544
2019-11-10 15:12:00,8845.9,8846,8842.8,8842.8,8.50373934
2019-11-10 15:11:00,8843.3,8846,8843.3,8845.9,0.88469772
2019-11-10 15:10:00,8839.3,8842.8,8839.3,8842.8,2.22066558
2019-11-10 15:09:00,8840.4,8840.4,8839.3,8839.3,2.13073584
2019-11-10 15:08:00,8841.7,8841.7,8840.4,8840.5,4.09189357
2019-11-10 15:07:00,8843.4,8843.4,8841.7,8841.8,0.08977058
2019-11-10 15:06:00,8844,8844.2,8843.8,8843.8,1.42567541
2019-11-10 15:05:00,8845.2,8845.2,8843.9,8843.9,0.28943002
2019-11-10 15:04:00,8846.6,8846.6,8845.2,8845.2,5.58088897
2019-11-10 15:03:00,8853.5,8853.5,8846.9,8846.9,5.43756181
2019-11-10 15:02:00,8850.1,8853,8850.1,8853,0.92420894
2019-11-10 15:01:00,8850.5,8851.5,8850.2,8850.2,12.88500069
2019-11-10 15:00:00,8843.7,8850.5,8843.7,8850.5,41.84919376
2019-11-10 14:59:00,8841.9,8843.7,8841.9,8843.7,1.99688841
2019-11-10 14:58:00,8842.1,8842.5,8841.9,8841.9,3.0288999
2019-11-10 14:57:00,8839.7,8843.2,8839.7,8842.1,3.44967837
2019-11-10 14:56:00,8839.6,8839.6,8839.6,8839.6,0.70270745
2019-11-10 14:55:00,8838.1,8839.5,8837.8,8839.5,1.86512538
2019-11-10 14:54:00,8835.9,8838.1,8835.9,8838.1,0.81661687
2019-11-10 14:53:00,8841.2,8841.2,8834.8,8835.8,1.98421394
2019-11-10 14:52:00,8842.2,8843,8840.8,8841.2,5.58843331
2019-11-10 14:51:00,8841,8841.8,8840.9,8841.8,13.75544082
2019-11-10 14:50:00,8836.2,8840.8,8836.2,8840.8,6.31322557
2019-11-10 14:49:00,8839.2,8839.2,8833,8836.1,34.27093348
2019-11-10 14:48:00,8841.4,8841.4,8839.3,8839.3,1.04127831
2019-11-10 14:47:00,8841.4,8841.5,8841,8841.4,2.88582871
2019-11-10 14:46:00,8841.2,8841.9,8841,8841.6,40.96926373
2019-11-10 14:45:00,8845.4,8845.5,8841,8842.5,5.90939443
2019-11-10 14:44:00,8846.4,8846.4,8845.5,8845.5,0.5227993
2019-11-10 14:43:00,8849.3,8849.9,8846.6,8847.3,8.95100135
2019-11-10 14:42:00,8847.4,8849.3,8847,8849.3,1.63116985
2019-11-10 14:41:00,8847.9,8847.9,8847,8847.4,0.58765404
2019-11-10 14:40:00,8849,8849,8847.9,8847.9,9.61298217
2019-11-10 14:39:00,8848.4,8849.9,8847.5,8849,5.3544179
2019-11-10 14:38:00,8855.8,8855.8,8848.4,8848.4,8.49978259
2019-11-10 14:37:00,8857,8857,8855.8,8855.8,2.0479015
2019-11-10 14:36:00,8851.3,8857,8851.3,8857,5.42584263
2019-11-10 14:35:00,8846.4,8851,8846.4,8851,10.09217615
2019-11-10 14:34:00,8846,8846.4,8845.9,8846.4,0.47007654
2019-11-10 14:33:00,8848.1,8848.1,8846.4,8846.4,0.52849911
2019-11-10 14:32:00,8842.8,8847.9,8842.3,8847.9,11.9828332
2019-11-10 14:31:00,8842.4,8843.8,8842.3,8842.9,2.10376622
2019-11-10 14:30:00,8850.6,8850.6,8841.4,8842.3,2.36390891
2019-11-10 14:29:00,8847.8,8852.3,8847.8,8850.9,9.32999335
2019-11-10 14:28:00,8846.7,8850.9,8844.8,8847.8,42.90921367
2019-11-10 14:27:00,8838.8,8847.7,8838.2,8846.8,36.17641615
2019-11-10 14:26:00,8835.2,8839.2,8835.2,8838.8,6.09538405
2019-11-10 14:25:00,8836.3,8836.3,8835.2,8835.2,0.39625109
2019-11-10 14:24:00,8838.3,8839.3,8833.1,8836.4,6.4239092
2019-11-10 14:23:00,8840.2,8841.5,8838.7,8838.7,10.08982043
2019-11-10 14:22:00,8834,8840.3,8834,8840.3,1.65415353
2019-11-10 14:21:00,8835.1,8835.4,8829.4,8833.9,4.35658325
2019-11-10 14:20:00,8842.4,8845.4,8834.4,8835.2,31.0820458
2019-11-10 14:19:00,8845.4,8845.4,8842.8,8842.8,8.793685
2019-11-10 14:18:00,8834.5,8845.6,8834.4,8845.2,9.2104997
2019-11-10 14:17:00,8845.5,8845.5,8832.6,8834.6,32.28891903
2019-11-10 14:16:00,8844,8846.6,8837.7,8845.5,10.68302669
2019-11-10 14:15:00,8849.9,8849.9,8844.3,8844.3,3.88487041
2019-11-10 14:14:00,8843,8850,8842.6,8849.8,4.23032441
2019-11-10 14:13:00,8843.1,8843.2,8841.3,8843,36.46019742
2019-11-10 14:12:00,8841.8,8847.4,8841.8,8843,13.55006662
2019-11-10 14:11:00,8844.7,8848.7,8840,8841.7,45.84009669
2019-11-10 14:10:00,8853.7,8853.7,8844.6,8844.6,22.54023431
2019-11-10 14:09:00,8863,8863.1,8853.5,8853.8,10.40901707
2019-11-10 14:08:00,8862.7,8863.7,8858.3,8863.1,17.53469458
2019-11-10 14:07:00,8855.4,8865.8,8852.5,8862.8,11.1195065
2019-11-10 14:06:00,8861.2,8861.2,8855,8855.3,13.53149451
2019-11-10 14:05:00,8865.7,8867.3,8861.4,8861.4,9.49314848
2019-11-10 14:04:00,8873.9,8873.9,8862.7,8865.7,15.90626991
2019-11-10 14:03:00,8867.6,8876.3,8867.5,8873.9,21.03978225
2019-11-10 14:02:00,8874.9,8874.9,8859.6,8867.6,58.95126213
2019-11-10 14:01:00,8868.6,8890,8868.6,8875.7,189.32606069
2019-11-10 14:00:00,8859.2,8868.9,8859.2,8868.5,23.23274163
2019-11-10 13:59:00,8854.1,8859.1,8854.1,8859.1,9.75083483
2019-11-10 13:58:00,8854,8855.6,8853.9,8854,27.58243399
2019-11-10 13:57:00,8858.3,8858.3,8851.6,8854,4.0082717
2019-11-10 13:56:00,8856,8864.6,8855.5,8858.2,28.20634378
2019-11-10 13:55:00,8845.7,8855.9,8845.7,8855.9,46.82176435
2019-11-10 13:54:00,8843.1,8845.9,8843.1,8845.8,4.97540103
2019-11-10 13:53:00,8836.3,8842.8,8836.3,8842.8,3.29079128
2019-11-10 13:52:00,8836.7,8836.8,8836.2,8836.3,2.4446503
2019-11-10 13:51:00,8838.9,8838.9,8835.2,8836.8,5.71783986
2019-11-10 13:50:00,8838.8,8838.9,8838.8,8838.8,0.80808808
2019-11-10 13:49:00,8839.5,8839.6,8838.8,8838.9,3.48214427
2019-11-10 13:48:00,8847.4,8847.4,8834.2,8839.6,30.06037971
2019-11-10 13:47:00,8847.4,8848.4,8847,8847.5,23.58226075
2019-11-10 13:46:00,8841.2,8847.4,8841.2,8847.4,4.12829557
2019-11-10 13:45:00,8830.3,8841.1,8830.2,8841.1,2.24795746
2019-11-10 13:44:00,8834.5,8834.6,8830,8830,6.4025965
2019-11-10 13:43:00,8840.8,8840.8,8828.1,8834.5,31.09052874
2019-11-10 13:42:00,8837.9,8845.6,8835.2,8841.3,17.5546378
2019-11-10 13:41:00,8844.7,8844.7,8837.9,8837.9,11.48907688
2019-11-10 13:40:00,8847.9,8851.2,8842.9,8844.8,27.33045162
2019-11-10 13:39:00,8844.5,8857.2,8843.8,8847.3,140.17765893
2019-11-10 13:38:00,8840.8,8845.9,8838.3,8845.5,39.59795562
2019-11-10 13:37:00,8841,8842.5,8835.1,8841,27.71118983
2019-11-10 13:36:00,8844.6,8844.7,8838.7,8840.4,20.24255681
2019-11-10 13:35:00,8825.1,8844.6,8825.1,8844.6,48.74514423
2019-11-10 13:34:00,8831.9,8831.9,8820.8,8825.1,29.53331343
2019-11-10 13:33:00,8835.3,8835.3,8830.9,8831.9,47.75888558
2019-11-10 13:32:00,8817.8,8848.4,8816.7,8835.4,175.84542124
2019-11-10 13:31:00,8817.9,8824.2,8816.5,8817.7,13.68009666
2019-11-10 13:30:00,8811.4,8823.3,8810.8,8819.1,26.6451191
2019-11-10 13:29:00,8803.1,8813.5,8803.1,8811.4,35.60602311
2019-11-10 13:28:00,8801.1,8818,8796,8803.1,53.71324357
2019-11-10 13:27:00,8793.3,8801.2,8793.3,8801.1,1.90892687
2019-11-10 13:26:00,8790.7,8793.7,8790.7,8793.3,2.13917043
2019-11-10 13:25:00,8790.3,8790.7,8790.3,8790.7,0.35370451
2019-11-10 13:24:00,8789.3,8790.3,8789.2,8790.2,1.15117182
2019-11-10 13:23:00,8796.3,8796.3,8788.8,8789.3,4.0442964
2019-11-10 13:22:00,8795.9,8796.4,8795.9,8796.3,0.48836186
2019-11-10 13:21:00,8795.4,8795.9,8795.4,8795.9,0.37112308
2019-11-10 13:20:00,8793,8795.4,8793,8795.4,0.30546313
2019-11-10 13:19:00,8794.2,8794.2,8792.9,8792.9,1.76037542
2019-11-10 13:18:00,8792.8,8794.4,8792.8,8794.2,0.5371939
2019-11-10 13:17:00,8791.6,8792.5,8791.6,8792.5,4.38541369
2019-11-10 13:16:00,8789.1,8791.9,8788.9,8791.6,17.13967263
2019-11-10 13:15:00,8788.8,8789.1,8788.7,8789.1,1.29902034
2019-11-10 13:14:00,8789.7,8789.7,8787.9,8788.7,0.47316329
2019-11-10 13:13:00,8787.5,8789.8,8787.5,8789.7,1.97019476
2019-11-10 13:12:00,8787.4,8787.5,8787.4,8787.4,0.02179478
2019-11-10 13:11:00,8787.4,8787.5,8787.4,8787.5,0.05616674
2019-11-10 13:10:00,8787.5,8787.5,8787.5,8787.5,0.86017455
2019-11-10 13:09:00,8790.1,8790.1,8787.2,8787.4,2.50153808
2019-11-10 13:08:00,8795.7,8797.5,8790.3,8790.3,6.5526557
2019-11-10 13:07:00,8795.7,8799,8795.6,8795.6,3.02653363
2019-11-10 13:06:00,8795.5,8795.6,8795.4,8795.5,0.28343215
2019-11-10 13:05:00,8798.3,8798.3,8795.6,8795.6,3.71683682
2019-11-10 13:04:00,8796.4,8798.4,8796.3,8798.4,0.93907095
2019-11-10 13:03:00,8788.2,8796.4,8788.2,8796.3,9.26067102
2019-11-10 13:02:00,8788.4,8788.4,8786.5,8788.2,1.17713286
2019-11-10 13:01:00,8788.4,8788.4,8788.3,8788.4,0.71036748
2019-11-10 13:00:00,8783.2,8788.4,8783.1,8788.4,0.83750684
2019-11-10 12:59:00,8784.7,8784.7,8783.1,8783.2,0.35059443
2019-11-10 12:58:00,8785.2,8785.2,8784.6,8785.1,0.16768705
2019-11-10 12:57:00,8785.5,8788,8782.7,8785.2,14.33825977
2019-11-10 12:56:00,8780.8,8785.2,8780.8,8785.2,14.56859097
2019-11-10 12:55:00,8780.7,8780.8,8780.7,8780.8,1.72414755
2019-11-10 12:54:00,8780.7,8780.7,8780.7,8780.7,0.10947741
2019-11-10 12:53:00,8780.7,8780.7,8780.7,8780.7,0.11365592
2019-11-10 12:52:00,8782.8,8782.8,8780.7,8780.7,2.72848415
2019-11-10 12:51:00,8783.5,8784.2,8782.8,8782.8,15.77171647
2019-11-10 12:50:00,8782.7,8783.4,8782.7,8782.9,4.48895971
2019-11-10 12:49:00,8784.8,8787.2,8782.8,8782.8,1.50502385
2019-11-10 12:48:00,8781.6,8784.8,8781.6,8784.8,1.00880508
2019-11-10 12:47:00,8787.2,8787.2,8781.7,8781.7,0.83312927
2019-11-10 12:46:00,8788,8788.1,8787.2,8788,1.20471109
2019-11-10 12:45:00,8790.9,8790.9,8788,8788,6.24918152
2019-11-10 12:44:00,8794.5,8794.6,8791.3,8791.4,22.15072231
2019-11-10 12:43:00,8797.5,8797.5,8794.3,8794.6,0.70966979
2019-11-10 12:42:00,8794.8,8797.9,8794.7,8797.5,1.16799899
2019-11-10 12:41:00,8794.2,8794.3,8790.1,8794.3,30.11451342
2019-11-10 12:40:00,8793,8795.8,8791.9,8795.8,38.68937854
2019-11-10 12:39:00,8793.1,8796.4,8793.1,8793.8,3.91877666
2019-11-10 12:38:00,8791.3,8793.8,8791,8793.1,1.02314485
2019-11-10 12:37:00,8794.2,8796.1,8791.8,8791.8,4.73835804
2019-11-10 12:36:00,8786.2,8793.8,8785.3,8793.8,6.86578487
2019-11-10 12:35:00,8782,8788.3,8780.8,8786.2,16.14516444
2019-11-10 12:34:00,8781.4,8782,8781.4,8782,6.97696242
2019-11-10 12:33:00,8781.8,8781.8,8781.3,8781.4,0.68523172
2019-11-10 12:32:00,8783.6,8783.6,8781.6,8781.8,2.19283609
2019-11-10 12:31:00,8785.5,8785.5,8783.6,8783.7,0.86155166
2019-11-10 12:30:00,8780.7,8785.5,8780.7,8785.5,1.91070416
2019-11-10 12:29:00,8785.2,8785.2,8779.7,8780.7,37.42915168
2019-11-10 12:28:00,8779.9,8786.1,8779.9,8785.1,24.60321157
2019-11-10 12:27:00,8776.5,8780,8776.5,8779.9,6.84569126
2019-11-10 12:26:00,8776.8,8776.9,8775.9,8776.5,1.17421992
2019-11-10 12:25:00,8775.2,8776.9,8775,8776.9,1.34516724
2019-11-10 12:24:00,8775.7,8775.7,8775.2,8775.2,0.50947152
2019-11-10 12:23:00,8774.7,8775.7,8773.8,8775.7,0.44220406
2019-11-10 12:22:00,8778,8778,8774.7,8774.7,1.73565615
2019-11-10 12:21:00,8779.5,8779.6,8778.1,8778.1,0.80837163
2019-11-10 12:20:00,8779.5,8783,8779.5,8779.6,16.19176784
2019-11-10 12:19:00,8772,8780.6,8771.5,8779.6,7.54707206
2019-11-10 12:18:00,8773.4,8773.4,8771.9,8772.9,0.50382995
2019-11-10 12:17:00,8773.4,8773.5,8773.4,8773.4,0.35844784
2019-11-10 12:16:00,8774,8775.5,8773.4,8773.4,9.9244049
2019-11-10 12:15:00,8774.9,8776.3,8773.9,8774,5.33917011
2019-11-10 12:14:00,8772.4,8776.3,8772.4,8774.5,10.8399198
2019-11-10 12:13:00,8771.9,8773.3,8771.9,8772.4,1.5074651
2019-11-10 12:12:00,8773.3,8773.3,8771.6,8771.9,34.58689949
2019-11-10 12:11:00,8774.4,8774.4,8773.3,8773.3,3.82088746
2019-11-10 12:10:00,8775.2,8775.2,8774.4,8774.4,4.99927366
2019-11-10 12:09:00,8775.2,8775.2,8775,8775.2,8.21804121
2019-11-10 12:08:00,8775.8,8775.9,8775.2,8775.2,3.48864729
2019-11-10 12:07:00,8779.1,8779.1,8775.6,8775.8,6.9179677
2019-11-10 12:06:00,8780,8781.1,8779,8779,8.34030418
2019-11-10 12:05:00,8783.1,8783.1,8779.9,8779.9,13.61366964
2019-11-10 12:04:00,8772.9,8785.2,8772.9,8784.2,38.80367065
2019-11-10 12:03:00,8771.9,8774,8771.9,8772.9,3.23700306
2019-11-10 12:02:00,8771.9,8772,8771.9,8772,0.25893916
2019-11-10 12:01:00,8772.4,8772.4,8771.9,8772,3.036768
2019-11-10 12:00:00,8771.1,8772.4,8771,8772.4,0.63709606
2019-11-10 11:59:00,8771.7,8771.8,8771,8771,0.3408072
2019-11-10 11:58:00,8771.7,8771.8,8771.6,8771.6,3.22700603
2019-11-10 11:57:00,8769.9,8771.7,8769.8,8771.7,1.41821343
2019-11-10 11:56:00,8768.7,8769.9,8768.7,8769.8,0.81169076
2019-11-10 11:55:00,8768,8769.8,8767.9,8768.7,3.21917956
2019-11-10 11:54:00,8766.4,8768,8766.4,8768,2.43992993
2019-11-10 11:53:00,8766.3,8768,8766.2,8766.4,1.92966689
2019-11-10 11:52:00,8763.5,8766.3,8763.5,8766.3,14.19797951
2019-11-10 11:51:00,8762.7,8763.5,8762.7,8763.4,0.42018223
2019-11-10 11:50:00,8760.4,8762.7,8760.4,8762.6,6.1059689
2019-11-10 11:49:00,8760.4,8760.4,8760.3,8760.3,0.08323729
2019-11-10 11:48:00,8760.4,8760.4,8760.4,8760.4,0.22469174
2019-11-10 11:47:00,8760.7,8760.8,8760.4,8760.4,0.22309148
2019-11-10 11:46:00,8763.6,8763.6,8760.5,8760.8,6.54248587
2019-11-10 11:45:00,8763.5,8763.6,8763.5,8763.5,1.10177911
2019-11-10 11:44:00,8763.6,8763.6,8763.6,8763.6,3.27518913
2019-11-10 11:43:00,8762.8,8764.9,8762.8,8763.6,7.05840578
2019-11-10 11:42:00,8762.5,8762.6,8762.5,8762.6,3.52999199
2019-11-10 11:41:00,8762.8,8762.8,8762.4,8762.5,1.70558922
2019-11-10 11:40:00,8761.9,8762.8,8761.9,8762.8,1.09796833
2019-11-10 11:39:00,8761.9,8762,8761.9,8762,2.23593346
2019-11-10 11:38:00,8762.9,8762.9,8761.4,8761.9,4.38900076
2019-11-10 11:37:00,8763.9,8763.9,8762.9,8762.9,0.38423638
2019-11-10 11:36:00,8757.9,8767.1,8757.9,8764,6.82172225
2019-11-10 11:35:00,8756.7,8757.9,8756.7,8757.9,0.98593083
2019-11-10 11:34:00,8759.1,8759.1,8756.6,8756.6,3.93059884
2019-11-10 11:33:00,8751.5,8761.3,8751.5,8759.2,23.39879515
2019-11-10 11:32:00,8750.7,8751.7,8750.3,8751.5,6.13417043
2019-11-10 11:31:00,8752,8752,8750.3,8750.7,1.64785921
2019-11-10 11:30:00,8753.8,8754.2,8748.3,8752,20.95353217
2019-11-10 11:29:00,8757.8,8757.8,8754,8754,1.57985654
2019-11-10 11:28:00,8760.6,8760.6,8755.8,8757.7,9.16426442
2019-11-10 11:27:00,8759.5,8760.2,8759.5,8760.2,1.70227571
2019-11-10 11:26:00,8759.5,8759.6,8759.5,8759.5,0.33955927
2019-11-10 11:25:00,8759,8759.6,8759,8759.6,0.15930835
2019-11-10 11:24:00,8760.2,8760.2,8759,8759,1.08292397
2019-11-10 11:23:00,8759.2,8760.2,8759.2,8760.2,1.30189585
2019-11-10 11:22:00,8760,8760,8759.1,8759.2,3.36685794
2019-11-10 11:21:00,8763,8763,8760,8760,5.20476959
2019-11-10 11:20:00,8762.6,8763,8761.6,8763,0.2579144
2019-11-10 11:19:00,8765.9,8765.9,8762.5,8762.6,2.85503892
2019-11-10 11:18:00,8762.8,8766,8762.8,8765.8,3.27869946
2019-11-10 11:17:00,8764.7,8766.3,8763.2,8763.2,2.62766362
2019-11-10 11:16:00,8766.8,8766.8,8763.1,8764.3,6.4680991
2019-11-10 11:15:00,8761.4,8770.6,8761.3,8766.8,36.05309117
2019-11-10 11:14:00,8763,8763,8761.4,8761.4,7.42080654
2019-11-10 11:13:00,8763,8763,8762.9,8763,14.91563854
2019-11-10 11:12:00,8762.9,8763,8762.9,8763,25.74032195
2019-11-10 11:11:00,8761.3,8763,8761.3,8762.9,6.39727743
2019-11-10 11:10:00,8762.5,8763,8761.3,8761.3,7.91935756
2019-11-10 11:09:00,8760.1,8763,8759.6,8762.7,201.56906038
2019-11-10 11:08:00,8762.8,8762.8,8760.1,8760.2,0.99016525
2019-11-10 11:07:00,8760.7,8763.8,8760.7,8762.8,2.37353162
2019-11-10 11:06:00,8762.8,8762.8,8756.1,8760.6,14.80414001
2019-11-10 11:05:00,8765.7,8765.7,8762.7,8762.8,4.88598221
2019-11-10 11:04:00,8766.7,8766.7,8765.7,8765.7,1.33273381
2019-11-10 11:03:00,8769.9,8769.9,8766.7,8766.7,1.6989622
2019-11-10 11:02:00,8768.3,8771.1,8767.5,8769.9,4.12011815
2019-11-10 11:01:00,8764.7,8768.5,8764.7,8768.5,4.17331784
2019-11-10 11:00:00,8767.2,8767.2,8764.7,8764.8,1.59294956
2019-11-10 10:59:00,8764,8767.1,8763.9,8766.3,17.07967424
2019-11-10 10:58:00,8762.8,8764,8762.8,8764,12.40158134
2019-11-10 10:57:00,8763.2,8764,8762.7,8762.8,7.06111439
2019-11-10 10:56:00,8763.2,8763.2,8763.1,8763.2,0.28792455
2019-11-10 10:55:00,8759.3,8763.2,8759.3,8763.2,2.52076872
2019-11-10 10:54:00,8759.6,8759.7,8758.6,8759.3,0.98831393
2019-11-10 10:53:00,8763,8763,8759.6,8759.6,2.03559971
2019-11-10 10:52:00,8763.3,8763.3,8763,8763,4.97365511
2019-11-10 10:51:00,8763.2,8763.3,8763.2,8763.3,1.26596254
2019-11-10 10:50:00,8765.6,8765.6,8763.2,8763.3,0.80101132
2019-11-10 10:49:00,8765.7,8765.7,8765.5,8765.5,0.86665823
2019-11-10 10:48:00,8765.6,8765.7,8765.6,8765.7,0.12841228
2019-11-10 10:47:00,8765.7,8765.7,8765.7,8765.7,0.0483706
2019-11-10 10:46:00,8769.5,8769.5,8765.6,8766.1,4.90046558
2019-11-10 10:45:00,8772.2,8772.2,8769.8,8769.8,3.01759264
2019-11-10 10:44:00,8773,8773,8772.1,8772.1,1.19131564
2019-11-10 10:43:00,8772.5,8772.6,8772.5,8772.6,4.5383356
2019-11-10 10:42:00,8772.9,8773,8772.5,8772.5,0.2100264
2019-11-10 10:41:00,8778.7,8778.7,8773,8773,1.76764678
2019-11-10 10:40:00,8773,8779.5,8773,8778.7,12.61256037
2019-11-10 10:39:00,8772.9,8773,8772,8773,1.99057748
2019-11-10 10:38:00,8774.4,8774.4,8772.9,8773,1.38766832
2019-11-10 10:37:00,8776.7,8776.7,8774.6,8774.6,1.74150324
2019-11-10 10:36:00,8776.6,8776.7,8776.6,8776.7,0.80426835
2019-11-10 10:35:00,8781.6,8781.6,8777,8777,3.45999769
2019-11-10 10:34:00,8782.1,8782.2,8781.7,8781.7,0.86775709
2019-11-10 10:33:00,8782.2,8782.3,8782.2,8782.2,0.37837487
2019-11-10 10:32:00,8786.2,8786.2,8782.5,8782.5,1.36469431
2019-11-10 10:31:00,8784.6,8787.3,8782.1,8786.2,4.64179329
2019-11-10 10:30:00,8782.6,8784.3,8777.6,8784.3,9.78426371
2019-11-10 10:29:00,8768.2,8785.1,8768.2,8783.5,19.55894113
2019-11-10 10:28:00,8768.1,8768.2,8768.1,8768.2,0.58277248
2019-11-10 10:27:00,8768.4,8768.4,8768.1,8768.1,4.00522682
2019-11-10 10:26:00,8768.4,8768.4,8768.3,8768.4,0.64344313
2019-11-10 10:25:00,8762.1,8769.5,8762.1,8768.3,6.12486444
2019-11-10 10:24:00,8760.5,8762.1,8758.9,8762.1,2.94864183
2019-11-10 10:23:00,8760.6,8760.6,8760.5,8760.6,3.62977309
2019-11-10 10:22:00,8756.9,8761,8756.2,8760.5,6.31762441
2019-11-10 10:21:00,8759,8759.1,8755.5,8757,17.15543375
2019-11-10 10:20:00,8762.8,8762.8,8758.1,8759.1,8.11495513
2019-11-10 10:19:00,8762.9,8762.9,8762.9,8762.9,0.06615749
2019-11-10 10:18:00,8765.5,8765.5,8762.8,8762.9,1.58832699
2019-11-10 10:17:00,8765.6,8765.6,8765.5,8765.6,0.51171702
2019-11-10 10:16:00,8767.6,8767.6,8764.5,8765.5,5.32829046
2019-11-10 10:15:00,8766.1,8767.6,8766.1,8767.6,2.52142964
2019-11-10 10:14:00,8769.7,8770.3,8766,8766.1,3.66751985
2019-11-10 10:13:00,8767.7,8770.6,8767.3,8770.6,1.53736773
2019-11-10 10:12:00,8767.3,8768.6,8761.6,8767.8,12.65362828
2019-11-10 10:11:00,8769.9,8769.9,8767.3,8767.3,8.91731807
2019-11-10 10:10:00,8769.8,8769.9,8769.8,8769.9,0.06233381
2019-11-10 10:09:00,8775.5,8775.5,8770,8770,0.69921589
2019-11-10 10:08:00,8776.1,8776.1,8775.5,8775.5,5.72847155
2019-11-10 10:07:00,8776.9,8776.9,8776,8776.1,0.5796015
2019-11-10 10:06:00,8777,8777,8777,8777,0.2670162
2019-11-10 10:05:00,8777,8777,8777,8777,0.85486974
2019-11-10 10:04:00,8777.6,8777.6,8777,8777,0.0689734
2019-11-10 10:03:00,8778.9,8778.9,8777.6,8777.6,1.15042867
2019-11-10 10:02:00,8781.5,8782.1,8778,8778.9,1.40459368
2019-11-10 10:01:00,8777.6,8782.6,8777.6,8781.5,12.12617947
2019-11-10 10:00:00,8776.6,8781.6,8776.6,8777.6,7.97069571
2019-11-10 09:59:00,8779.5,8779.5,8776.5,8776.6,7.41934387
2019-11-10 09:58:00,8783.6,8784,8780.1,8780.1,6.71462208
2019-11-10 09:57:00,8783.6,8783.6,8782.6,8783.6,1.13251396
2019-11-10 09:56:00,8785.1,8787.6,8783.6,8783.6,1.65177533
2019-11-10 09:55:00,8780,8788.1,8780,8785.1,16.06997835
2019-11-10 09:54:00,8779.9,8780,8778.2,8780,4.31626778
2019-11-10 09:53:00,8780,8780,8779.9,8780,0.23025308
2019-11-10 09:52:00,8777.3,8780,8777.2,8780,0.35878482
2019-11-10 09:51:00,8779.5,8779.6,8777.2,8777.2,2.24353789
2019-11-10 09:50:00,8779.6,8779.6,8779.5,8779.5,4.25186163
2019-11-10 09:49:00,8784.2,8784.2,8779.6,8779.6,4.66001565
2019-11-10 09:48:00,8783.1,8784.3,8783,8784.3,1.75359963
2019-11-10 09:47:00,8781.2,8783.1,8781.2,8783.1,2.76351961
2019-11-10 09:46:00,8786,8786,8781.2,8781.2,3.55271275
2019-11-10 09:45:00,8785.9,8786,8785.4,8786,2.3312822
2019-11-10 09:44:00,8785.9,8786,8785.9,8786,1.2096152
2019-11-10 09:43:00,8784.2,8786,8784.1,8786,2.68255254
2019-11-10 09:42:00,8786,8786,8784.1,8784.1,2.58770272
2019-11-10 09:41:00,8781.6,8786.2,8781.6,8786.2,0.73667478
2019-11-10 09:40:00,8785.3,8785.3,8782,8782,1.3411448
2019-11-10 09:39:00,8785,8787.6,8785,8785.3,2.7571052
2019-11-10 09:38:00,8781.3,8785.1,8781.3,8785,3.13158352
2019-11-10 09:37:00,8780.2,8781.1,8779.3,8781.1,1.87486207
2019-11-10 09:36:00,8777,8780.6,8777,8780.1,2.47924059
2019-11-10 09:35:00,8774.4,8777,8774.4,8776.9,0.57549121
2019-11-10 09:34:00,8770.5,8774.1,8770.5,8774.1,8.15530463
2019-11-10 09:33:00,8772.9,8773.9,8770.4,8770.5,41.89775814
2019-11-10 09:32:00,8773.9,8773.9,8772.9,8773,9.07508323
2019-11-10 09:31:00,8773.3,8773.9,8772.9,8773.9,8.58898594
2019-11-10 09:30:00,8772.3,8773.8,8772.3,8773.4,2.59542004
2019-11-10 09:29:00,8771.6,8772.3,8771.6,8772.2,2.16111937
2019-11-10 09:28:00,8773,8773,8771.5,8771.6,4.5849863
2019-11-10 09:27:00,8773.4,8779.2,8773,8773,8.77784974
2019-11-10 09:26:00,8770.5,8773.4,8770.3,8773.4,1.93033442
2019-11-10 09:25:00,8770.7,8774.8,8770.4,8770.5,3.25555394
2019-11-10 09:24:00,8775,8776.8,8770.5,8771,11.36238448
2019-11-10 09:23:00,8776,8776,8773.6,8775,14.05824492
2019-11-10 09:22:00,8778.5,8778.5,8775.5,8775.9,11.40744206
2019-11-10 09:21:00,8780.1,8781.5,8778.4,8778.5,12.79399016
2019-11-10 09:20:00,8778.7,8784.6,8777,8780.4,16.83866421
2019-11-10 09:19:00,8779.6,8779.6,8778.7,8778.7,16.20080659
2019-11-10 09:18:00,8778.8,8780.6,8778.5,8780.5,4.598833
2019-11-10 09:17:00,8778.2,8779,8778.2,8778.9,1.58585898
2019-11-10 09:16:00,8774.7,8778.2,8774.6,8778.2,1.12037312
2019-11-10 09:15:00,8776.1,8776.1,8774.7,8774.7,0.27631125
2019-11-10 09:14:00,8779.5,8786.8,8776.5,8776.5,19.46234709
2019-11-10 09:13:00,8775.1,8779,8775,8779,2.1229498
2019-11-10 09:12:00,8776,8776,8775.1,8775.1,0.41230956
2019-11-10 09:11:00,8778.5,8779.8,8776.1,8776.1,6.07745187
2019-11-10 09:10:00,8779.8,8779.8,8776.5,8778.4,2.97976911
2019-11-10 09:09:00,8778.6,8779.8,8778.6,8779.8,0.66339401
2019-11-10 09:08:00,8773,8779.8,8772.9,8778.6,5.20471125
2019-11-10 09:07:00,8773.4,8773.4,8772.9,8773,0.75655081
2019-11-10 09:06:00,8773.9,8773.9,8771.2,8773.5,3.12256881
2019-11-10 09:05:00,8776.8,8782.1,8774,8774,7.01861585
2019-11-10 09:04:00,8774.2,8776.5,8771.4,8776.5,15.57858104
2019-11-10 09:03:00,8764.4,8774.3,8764.4,8774.3,16.75306936
2019-11-10 09:02:00,8766,8766,8764.3,8764.4,19.50713399
2019-11-10 09:01:00,8766.8,8773.6,8765.9,8766.1,20.64397579
2019-11-10 09:00:00,8771.9,8772.8,8765.6,8766.3,36.21569834
2019-11-10 08:59:00,8782.6,8782.6,8770,8771.4,39.90631879
2019-11-10 08:58:00,8788.2,8789.6,8782.6,8782.7,12.26599191
2019-11-10 08:57:00,8787.1,8788.3,8787.1,8788.3,1.83017525
2019-11-10 08:56:00,8787,8787.1,8787,8787.1,4.17747047
2019-11-10 08:55:00,8787,8787,8786.9,8787,0.99249255
2019-11-10 08:54:00,8787,8787,8786.8,8787,7.13550753
2019-11-10 08:53:00,8788.3,8788.3,8787,8787,4.67833659
2019-11-10 08:52:00,8792.3,8792.3,8788.2,8788.2,4.60166787
2019-11-10 08:51:00,8794.8,8794.8,8791.6,8792.2,7.2836685
2019-11-10 08:50:00,8796.7,8796.7,8794.9,8794.9,0.82091515
2019-11-10 08:49:00,8798.9,8799.8,8796.7,8796.7,4.02368285
2019-11-10 08:48:00,8798.8,8798.9,8798.8,8798.8,0.17946711
2019-11-10 08:47:00,8798.4,8798.7,8798.4,8798.7,6.66780234
2019-11-10 08:46:00,8798.9,8799,8798.5,8798.5,0.16435658
2019-11-10 08:45:00,8800,8800,8798.9,8799,0.34782835
2019-11-10 08:44:00,8800.4,8800.5,8798.4,8799.8,3.83521987
2019-11-10 08:43:00,8799.4,8800.5,8799.4,8800.4,1.87600258
2019-11-10 08:42:00,8798.8,8799.4,8798.8,8799.3,2.39589609
2019-11-10 08:41:00,8800.3,8802.1,8798.8,8798.8,17.49161617
2019-11-10 08:40:00,8802.3,8802.3,8800.2,8800.2,7.04215856
2019-11-10 08:39:00,8800,8802,8800,8802,0.9720621
2019-11-10 08:38:00,8799.2,8800,8799.2,8800,0.97378841
2019-11-10 08:37:00,8799.2,8799.2,8799.1,8799.2,2.19034016
2019-11-10 08:36:00,8795.7,8799.2,8795.7,8799.2,33.90804345
2019-11-10 08:35:00,8793.1,8795.7,8793.1,8795.7,6.21723101
2019-11-10 08:34:00,8793.1,8793.1,8793,8793.1,2.28232572
2019-11-10 08:33:00,8793.1,8793.1,8793.1,8793.1,0.26680052
2019-11-10 08:32:00,8792.6,8793.2,8791,8791.3,0.72152108
2019-11-10 08:31:00,8790.2,8793.3,8790.2,8792.6,0.40543299
2019-11-10 08:30:00,8792.2,8792.2,8788.2,8790.3,0.98144108
2019-11-10 08:29:00,8791.1,8792.3,8791.1,8792.1,0.10255318
2019-11-10 08:28:00,8788.7,8790.8,8788.7,8790.8,0.13210954
2019-11-10 08:27:00,8788.2,8788.7,8788.2,8788.7,0.54527976
2019-11-10 08:26:00,8790.8,8790.8,8788.2,8788.2,5.35478982
2019-11-10 08:25:00,8792.1,8792.1,8790.8,8790.8,1.05807467
2019-11-10 08:24:00,8792.3,8792.8,8792.1,8792.1,0.51115425
2019-11-10 08:23:00,8791.7,8791.8,8789.9,8791.8,6.07708132
2019-11-10 08:22:00,8791.6,8792.2,8791.5,8792.2,8.81634901
2019-11-10 08:21:00,8795.5,8795.5,8790.8,8791.6,10.50001857
2019-11-10 08:20:00,8792.2,8796.8,8792.2,8796.7,5.50467123
2019-11-10 08:19:00,8790.3,8792.2,8789.5,8792.2,10.50414172
2019-11-10 08:18:00,8793,8793,8790.3,8790.3,10.19372934
2019-11-10 08:17:00,8798.9,8798.9,8793.1,8793.1,1.01565177
2019-11-10 08:16:00,8797,8798.9,8797,8798.9,1.2903073
2019-11-10 08:15:00,8798.1,8798.1,8796.9,8796.9,0.06442409
2019-11-10 08:14:00,8792.9,8802.5,8792.9,8798,8.02925462
2019-11-10 08:13:00,8794.4,8794.4,8792.6,8792.9,14.42524911
2019-11-10 08:12:00,8799.1,8799.1,8794.3,8794.3,5.45588539
2019-11-10 08:11:00,8798.9,8799.2,8798.9,8799.2,2.5409206
2019-11-10 08:10:00,8792.5,8798.7,8790.7,8798.7,9.4962408
2019-11-10 08:09:00,8791.1,8793.3,8790.4,8792.5,7.84180643
2019-11-10 08:08:00,8793.8,8795.6,8790,8791.1,6.14316965
2019-11-10 08:07:00,8794.3,8794.3,8793.8,8793.9,0.84559166
2019-11-10 08:06:00,8796.4,8798.2,8794.3,8794.3,6.54216501
2019-11-10 08:05:00,8794.8,8796.4,8794.8,8796.4,5.82570285
2019-11-10 08:04:00,8793.8,8794.8,8793.8,8794.8,0.58850168
2019-11-10 08:03:00,8792.8,8793.3,8790.8,8793.3,10.37911999
2019-11-10 08:02:00,8794.6,8794.6,8792.8,8792.8,15.32726737
2019-11-10 08:01:00,8795.9,8795.9,8794.2,8794.6,5.92337091
2019-11-10 08:00:00,8804.9,8805.5,8796.1,8796.1,7.34636462
2019-11-10 07:59:00,8804.6,8804.6,8804.6,8804.6,1.1003259
2019-11-10 07:58:00,8805.6,8805.6,8804.5,8804.5,0.86261805
2019-11-10 07:57:00,8806.2,8806.2,8805.6,8805.6,2.20341065
2019-11-10 07:56:00,8807.9,8807.9,8806.2,8806.2,7.74096863
2019-11-10 07:55:00,8809.1,8810.1,8807.7,8807.9,9.09338505
2019-11-10 07:54:00,8809.6,8809.6,8809.2,8809.2,0.11899535
2019-11-10 07:53:00,8811.9,8811.9,8809.4,8809.6,8.12219005
2019-11-10 07:52:00,8811.3,8812,8810.7,8811.9,0.84328986
2019-11-10 07:51:00,8809.5,8811.5,8809.1,8811.3,9.58619661
2019-11-10 07:50:00,8813.8,8814.5,8809.4,8809.4,17.95059506
2019-11-10 07:49:00,8815.3,8815.3,8814.2,8814.2,14.72623356
2019-11-10 07:48:00,8817.3,8817.3,8815.8,8815.8,4.36820704
2019-11-10 07:47:00,8811.5,8817.3,8811.5,8817.3,0.57627647
2019-11-10 07:46:00,8812,8812.2,8811.7,8811.7,1.69773413
2019-11-10 07:45:00,8818,8819.7,8811.7,8811.9,5.80353401
2019-11-10 07:44:00,8815.2,8819.7,8815.2,8818.1,2.3623512
2019-11-10 07:43:00,8810.2,8815.3,8810.2,8815.3,1.66898875
2019-11-10 07:42:00,8807.8,8812.1,8807.7,8810.1,21.16807932
2019-11-10 07:41:00,8807.7,8808.8,8807.4,8807.8,4.65463226
2019-11-10 07:40:00,8807.6,8809,8807.6,8807.7,1.0840636
2019-11-10 07:39:00,8805.5,8807.1,8805.4,8807.1,0.58384841
2019-11-10 07:38:00,8805.5,8805.9,8805.4,8805.5,0.58455112
2019-11-10 07:37:00,8803.1,8805.4,8801.5,8805.4,4.96833631
2019-11-10 07:36:00,8804.6,8804.6,8803,8803,2.01866197
2019-11-10 07:35:00,8807.2,8807.2,8804.5,8804.6,3.77770354
2019-11-10 07:34:00,8808.2,8808.2,8807.6,8807.6,0.38092231
2019-11-10 07:33:00,8813.1,8813.6,8808.2,8808.2,12.61181934
2019-11-10 07:32:00,8808.9,8813.3,8808.9,8813.1,1.3506516
2019-11-10 07:31:00,8811.8,8811.8,8808.8,8808.9,7.21739429
2019-11-10 07:30:00,8818.3,8818.3,8812.2,8812.5,7.73456479
2019-11-10 07:29:00,8815.8,8821.2,8815.8,8818.8,2.70050776
2019-11-10 07:28:00,8814.5,8815.3,8814.5,8815.3,1.40990057
2019-11-10 07:27:00,8810.2,8814.6,8810.2,8814.6,0.18847688
2019-11-10 07:26:00,8808.9,8810.2,8808.9,8810.2,0.18932121
2019-11-10 07:25:00,8809,8809,8804.3,8809,2.00939817
2019-11-10 07:24:00,8807.4,8808.6,8804.2,8808.6,6.33395828
2019-11-10 07:23:00,8820.1,8820.5,8799,8807.4,58.21397901
2019-11-10 07:22:00,8827.4,8827.4,8818.6,8819.9,17.67082066
2019-11-10 07:21:00,8810.6,8829.5,8810.6,8827.3,48.47491922
2019-11-10 07:20:00,8810.5,8810.7,8810.5,8810.7,1.13528719
2019-11-10 07:19:00,8804.5,8810.4,8804.5,8810.4,8.869589
2019-11-10 07:18:00,8804.5,8804.5,8804.5,8804.5,0
2019-11-10 07:17:00,8804.5,8804.5,8804.5,8804.5,0.01773989
2019-11-10 07:16:00,8803.5,8804.4,8803.5,8804.4,0.54970781
2019-11-10 07:15:00,8804,8804,8803.6,8803.6,0.71271372
2019-11-10 07:14:00,8802,8804.5,8802,8804.1,0.23924343
2019-11-10 07:13:00,8806.3,8806.3,8801.8,8802,4.45455518
2019-11-10 07:12:00,8807,8807.5,8806.3,8806.3,0.29241819
2019-11-10 07:11:00,8801.4,8806.9,8801.4,8806.9,0.53763303
2019-11-10 07:10:00,8800.5,8801.4,8799.6,8801.4,0.28706954
2019-11-10 07:09:00,8794.7,8801,8794.2,8800.8,13.69138747
2019-11-10 07:08:00,8796.5,8796.5,8793.9,8794.7,0.74586017
2019-11-10 07:07:00,8805.5,8805.5,8796.6,8796.6,5.38395539
2019-11-10 07:06:00,8805.5,8805.5,8805.4,8805.4,0.46686469
2019-11-10 07:05:00,8803,8806,8803,8805.4,1.42057145
2019-11-10 07:04:00,8802.5,8803,8802.5,8803,0.98307828
2019-11-10 07:03:00,8798.9,8802,8798.9,8802,3.14703816
2019-11-10 07:02:00,8794.8,8798.8,8794.8,8798.8,1.49224774
2019-11-10 07:01:00,8792.6,8794.6,8792.6,8794.6,0.13239821
2019-11-10 07:00:00,8792.8,8792.8,8792.5,8792.6,0.30781248
2019-11-10 06:59:00,8795,8795,8792.8,8792.9,1.12736188
2019-11-10 06:58:00,8794.7,8794.8,8794.7,8794.8,0.13647711
2019-11-10 06:57:00,8792.7,8794.8,8792.4,8794.8,2.84051346
2019-11-10 06:56:00,8799.8,8799.8,8791,8792.1,10.98924945
2019-11-10 06:55:00,8798.8,8799.8,8797.8,8799.8,2.97126005
2019-11-10 06:54:00,8801.6,8801.6,8798.7,8798.7,9.53403319
2019-11-10 06:53:00,8802.3,8804,8801.5,8801.6,2.70635803
2019-11-10 06:52:00,8804.1,8804.2,8801.5,8802,5.05116163
2019-11-10 06:51:00,8804.1,8804.2,8804.1,8804.1,3.44633258
2019-11-10 06:50:00,8804.8,8805.1,8803.9,8804.2,5.55841823
2019-11-10 06:49:00,8804,8805.6,8804,8804.8,1.03626487
2019-11-10 06:48:00,8804,8804,8803.9,8804,0.07241511
2019-11-10 06:47:00,8801.8,8803.9,8801.7,8803.9,0.6991483
2019-11-10 06:46:00,8799.2,8801.5,8799.2,8801.5,14.24317242
2019-11-10 06:45:00,8800.5,8801.5,8799.1,8799.1,8.5559342
2019-11-10 06:44:00,8791.3,8800.5,8791.3,8800.5,3.00726469
2019-11-10 06:43:00,8790.8,8791.2,8790.8,8791.2,0.42179229
2019-11-10 06:42:00,8790.8,8790.8,8790.8,8790.8,0.02908045
2019-11-10 06:41:00,8788.2,8790.8,8788.2,8790.8,2.32528483
2019-11-10 06:40:00,8787.4,8788.2,8787.3,8788.2,4.86686045
2019-11-10 06:39:00,8785.7,8788.7,8785.7,8787.3,1.67036686
2019-11-10 06:38:00,8783.1,8785.2,8783.1,8785.2,0.01579895
2019-11-10 06:37:00,8781.8,8782.7,8781.8,8782.7,0.40719282
2019-11-10 06:36:00,8785,8785,8781.8,8781.8,1.21822611
2019-11-10 06:35:00,8783.5,8785.1,8783.5,8785.1,0.83231125
2019-11-10 06:34:00,8787,8787,8782.5,8783.5,2.26665624
2019-11-10 06:33:00,8791.3,8791.3,8787.1,8787.1,5.28524052
2019-11-10 06:32:00,8791.8,8792.2,8791.3,8791.3,3.29811007
2019-11-10 06:31:00,8792.9,8793,8790.2,8791.7,2.30139654
2019-11-10 06:30:00,8789.5,8793,8789.5,8793,2.42584794
2019-11-10 06:29:00,8794.8,8797.8,8788.9,8789.4,12.95613788
2019-11-10 06:28:00,8795.8,8796.3,8793.3,8794.6,5.47168804
2019-11-10 06:27:00,8793.3,8795.9,8793.3,8795.5,0.79898681
2019-11-10 06:26:00,8791.5,8793.3,8791.4,8793.3,1.15479223
2019-11-10 06:25:00,8789.7,8791.5,8789.7,8791.4,0.66083462
2019-11-10 06:24:00,8797.5,8797.5,8784.8,8789.5,10.32888416
2019-11-10 06:23:00,8807.1,8807.1,8797.4,8797.4,17.16605699
2019-11-10 06:22:00,8807,8807.1,8807,8807,0.63817996
2019-11-10 06:21:00,8803.5,8807,8803.5,8807,4.1852595
2019-11-10 06:20:00,8793.5,8803.4,8793.5,8803.4,38.11045511
2019-11-10 06:19:00,8773.9,8796.5,8773.9,8793.8,38.90740654
2019-11-10 06:18:00,8775,8775,8770.6,8773.4,12.65484672
2019-11-10 06:17:00,8776.1,8776.2,8774.2,8775.5,8.9935031
2019-11-10 06:16:00,8783.2,8783.2,8776.1,8776.1,4.9332025
2019-11-10 06:15:00,8785.8,8785.9,8783.1,8783.2,0.76240593
2019-11-10 06:14:00,8787.6,8789.7,8785.8,8785.8,7.06303895
2019-11-10 06:13:00,8788.7,8790.5,8786.2,8787.3,16.73008959
2019-11-10 06:12:00,8799.3,8799.3,8787.4,8788.8,19.34150976
2019-11-10 06:11:00,8786.6,8799.9,8786.6,8796.5,3.03219216
2019-11-10 06:10:00,8811.4,8811.4,8783.6,8786.5,58.23203572
2019-11-10 06:09:00,8815,8815,8811.5,8811.5,1.6657403
2019-11-10 06:08:00,8814.9,8815,8814.9,8814.9,0.63374372
2019-11-10 06:07:00,8815,8815,8814.9,8814.9,0.78929047
2019-11-10 06:06:00,8814.2,8815,8814.2,8815,0.82738838
2019-11-10 06:05:00,8811.7,8814.8,8811.6,8814.2,1.99061142
2019-11-10 06:04:00,8810.8,8811.2,8810.8,8811.2,0.48117994
2019-11-10 06:03:00,8808.2,8810.9,8808.2,8810.7,6.10752475
2019-11-10 06:02:00,8808.1,8809.2,8807.4,8807.8,3.54576381
2019-11-10 06:01:00,8807.9,8808,8807.9,8807.9,4.53550735
2019-11-10 06:00:00,8806.1,8808,8806.1,8808,3.89398553
2019-11-10 05:59:00,8806.1,8806.1,8806.1,8806.1,0
2019-11-10 05:58:00,8806,8806,8806,8806,0.02250706
2019-11-10 05:57:00,8804,8805.6,8804,8805.6,0.03368401
2019-11-10 05:56:00,8802.8,8804,8802.8,8804,0.06346796
2019-11-10 05:55:00,8802.9,8802.9,8800.6,8802.8,2.27400112
2019-11-10 05:54:00,8805.1,8806.2,8800.7,8802.9,16.10519783
2019-11-10 05:53:00,8801.4,8805,8801.4,8805,9.93333453
2019-11-10 05:52:00,8801,8801,8801,8801,0.04714355
2019-11-10 05:51:00,8800.9,8801,8800.9,8801,0.10316088
2019-11-10 05:50:00,8800.6,8800.8,8800.5,8800.8,0.26108723
2019-11-10 05:49:00,8800.5,8801,8800.4,8800.5,1.81971466
2019-11-10 05:48:00,8800.5,8800.5,8800.4,8800.5,0.38342915
2019-11-10 05:47:00,8800.8,8800.8,8800.4,8800.5,0.4042522
2019-11-10 05:46:00,8800.4,8801,8800.4,8800.9,0.14831201
2019-11-10 05:45:00,8797.8,8800.5,8797.8,8800.5,0.62793743
2019-11-10 05:44:00,8794.5,8797.8,8794.5,8797.8,0.67852893
2019-11-10 05:43:00,8794.4,8794.5,8794.4,8794.5,0.57046996
2019-11-10 05:42:00,8795.2,8795.2,8794.3,8794.4,0.83412096
2019-11-10 05:41:00,8796.2,8796.3,8795.1,8795.1,1.6048855
2019-11-10 05:40:00,8793.2,8796.2,8793.2,8796.2,0.16493474
2019-11-10 05:39:00,8797.7,8798.5,8792.9,8793.2,5.05700182
2019-11-10 05:38:00,8797.6,8797.7,8797.6,8797.7,0.20165502
2019-11-10 05:37:00,8795.9,8800,8795.9,8797.6,18.43229555
2019-11-10 05:36:00,8795.9,8795.9,8795.2,8795.8,0.95237318
2019-11-10 05:35:00,8795.4,8795.9,8795.4,8795.8,0.14532819
2019-11-10 05:34:00,8795.1,8795.2,8795.1,8795.2,0.03703979
2019-11-10 05:33:00,8792.3,8795.3,8792.3,8795.2,3.29993036
2019-11-10 05:32:00,8792.3,8792.4,8792.3,8792.3,1.08233477
2019-11-10 05:31:00,8788.7,8792.8,8788.7,8792.3,0.68933347
2019-11-10 05:30:00,8788.6,8788.6,8788.6,8788.6,0.04753014
2019-11-10 05:29:00,8789.3,8789.3,8788.6,8788.6,0.59097562
2019-11-10 05:28:00,8791.8,8791.8,8789.3,8789.3,10.46362465
2019-11-10 05:27:00,8788.7,8791.8,8788.7,8791.8,0.85830691
2019-11-10 05:26:00,8787.8,8788.7,8787.8,8788.6,0.1409364
2019-11-10 05:25:00,8785.7,8787.8,8785.7,8787.8,1.77522534
2019-11-10 05:24:00,8785.6,8785.7,8785.6,8785.7,0.12039488
2019-11-10 05:23:00,8785.6,8785.7,8785.6,8785.6,0.33315361
2019-11-10 05:22:00,8785.3,8785.7,8784.1,8785.7,0.55259893
2019-11-10 05:21:00,8784.6,8787,8784.6,8785.3,0.65495865
2019-11-10 05:20:00,8784.6,8784.6,8784.5,8784.5,0.37121261
2019-11-10 05:19:00,8783,8784.1,8783,8784.1,0.39800544
2019-11-10 05:18:00,8782.9,8783,8782.9,8783,0.37303344
2019-11-10 05:17:00,8784.7,8784.7,8782.8,8783,1.56068766
2019-11-10 05:16:00,8786.2,8786.2,8784.5,8784.7,0.50942247
2019-11-10 05:15:00,8784.5,8790,8784.5,8786.2,31.48792669
2019-11-10 05:14:00,8785.1,8786.2,8784.4,8784.4,5.21918815
2019-11-10 05:13:00,8784.6,8785.2,8784.6,8785.2,3.86913243
2019-11-10 05:12:00,8782.6,8787.2,8782.6,8784.7,25.00153282
2019-11-10 05:11:00,8782.1,8782.6,8779.3,8782.6,1.62427073
2019-11-10 05:10:00,8779.5,8781.6,8779.4,8781.6,0.26549832
2019-11-10 05:09:00,8780.4,8780.4,8778.6,8779.5,0.76585786
2019-11-10 05:08:00,8787.6,8787.6,8780.4,8780.4,2.25618776
2019-11-10 05:07:00,8792.7,8792.7,8781.3,8787.6,16.39549334
2019-11-10 05:06:00,8787.6,8794.7,8787.6,8792.7,21.83062821
2019-11-10 05:05:00,8785.6,8787.7,8785.6,8787.7,3.7510073
2019-11-10 05:04:00,8783.6,8785.2,8783.5,8785.2,0.06184689
2019-11-10 05:03:00,8782.6,8783.6,8782.5,8783.6,0.26263929
2019-11-10 05:02:00,8781.6,8782.6,8781.6,8782.6,1.07878043
2019-11-10 05:01:00,8779.5,8781.6,8779.5,8781.5,0.33788233
2019-11-10 05:00:00,8777.5,8779.5,8777.5,8779.5,3.04668995
2019-11-10 04:59:00,8775,8777.5,8775,8777.5,0.73576294
2019-11-10 04:58:00,8778.5,8779,8775,8775.1,4.23634805
2019-11-10 04:57:00,8776,8778.6,8776,8778.5,0.9819185
2019-11-10 04:56:00,8774.8,8776,8774.8,8776,1.53483485
2019-11-10 04:55:00,8774.9,8774.9,8774.9,8774.9,0
2019-11-10 04:54:00,8775.3,8775.5,8773.6,8774.9,0.85215201
2019-11-10 04:53:00,8778.9,8778.9,8774.3,8775.2,0.67552274
2019-11-10 04:52:00,8776.6,8779,8776.6,8779,0.93832104
2019-11-10 04:51:00,8773.9,8776.7,8773.9,8776.7,0.61253582
2019-11-10 04:50:00,8775.4,8775.4,8771.6,8773.9,2.028467
2019-11-10 04:49:00,8774.2,8775,8772.4,8775,0.84949583
2019-11-10 04:48:00,8776,8776,8772.9,8774.2,3.45255378
2019-11-10 04:47:00,8779.4,8779.5,8775.1,8775.7,4.68513727
2019-11-10 04:46:00,8775.5,8779.5,8774.6,8779.4,12.85347888
2019-11-10 04:45:00,8776,8779.1,8775.5,8775.5,14.00691436
2019-11-10 04:44:00,8777.6,8777.6,8776,8776,1.18118847
2019-11-10 04:43:00,8780.7,8784.3,8777.6,8777.6,22.48639829
2019-11-10 04:42:00,8784.7,8784.7,8780.7,8780.7,11.46286251
2019-11-10 04:41:00,8784.8,8784.8,8784.8,8784.8,0.56647467
2019-11-10 04:40:00,8786.2,8786.2,8782.8,8784.8,8.59248688
2019-11-10 04:39:00,8786.3,8786.3,8786.3,8786.3,0.41625284
2019-11-10 04:38:00,8785.2,8789.6,8785.2,8786.8,4.40385778
2019-11-10 04:37:00,8782.3,8784.8,8782.3,8784.8,0.32068022
2019-11-10 04:36:00,8783.1,8783.1,8782.3,8782.3,0.18339739
2019-11-10 04:35:00,8783.1,8783.1,8783,8783.1,0.59254249
2019-11-10 04:34:00,8778.8,8782.6,8778.8,8782.6,7.45428452
2019-11-10 04:33:00,8776.9,8778.8,8776.8,8778.7,4.36990291
2019-11-10 04:32:00,8775.6,8777,8775.6,8776.9,0.17646937
2019-11-10 04:31:00,8775.5,8777.6,8774.3,8775.6,2.39960913
2019-11-10 04:30:00,8777.4,8777.4,8772.5,8775.4,4.68683377
2019-11-10 04:29:00,8775.5,8777.5,8775.5,8777.4,0.29957614
2019-11-10 04:28:00,8777.6,8777.6,8775.2,8775.6,0.61071249
2019-11-10 04:27:00,8776.2,8779.5,8776.2,8777.6,0.57214544
2019-11-10 04:26:00,8776.2,8776.2,8776.1,8776.2,0.22867659
2019-11-10 04:25:00,8779.4,8779.4,8776.1,8776.2,2.05390221
2019-11-10 04:24:00,8778.6,8778.6,8778.6,8778.6,0.05294992
2019-11-10 04:23:00,8777.5,8779.5,8777.5,8778.6,0.40392034
2019-11-10 04:22:00,8777,8777.5,8777,8777.5,0.02109239
2019-11-10 04:21:00,8774.2,8776.9,8774.2,8776.9,0.39341929
2019-11-10 04:20:00,8774.2,8774.2,8774.1,8774.2,0.0741981
2019-11-10 04:19:00,8771.4,8774.2,8771.3,8774.2,5.33292889
2019-11-10 04:18:00,8772.1,8772.1,8770,8771.3,4.46976344
2019-11-10 04:17:00,8768.9,8771.9,8768.9,8771.9,0.49081908
2019-11-10 04:16:00,8769.4,8769.4,8768.5,8769,0.07965755
2019-11-10 04:15:00,8769.8,8769.8,8769.7,8769.8,0.04945021
2019-11-10 04:14:00,8771.9,8773.2,8768.7,8769.8,0.72409725
2019-11-10 04:13:00,8767.8,8771.4,8767.1,8771.4,2.59530071
2019-11-10 04:12:00,8767.3,8767.3,8765.4,8767.3,16.64528507
2019-11-10 04:11:00,8763.3,8766.8,8763.2,8766.8,1.09464528
2019-11-10 04:10:00,8765,8766.3,8763.2,8763.3,0.690572
2019-11-10 04:09:00,8761.1,8765.3,8761,8765,0.91084556
2019-11-10 04:08:00,8758.8,8765,8758.8,8761.1,1.25705444
2019-11-10 04:07:00,8758.6,8758.8,8758.6,8758.8,0.21147418
2019-11-10 04:06:00,8762.5,8762.5,8758.1,8758.5,0.33625542
2019-11-10 04:05:00,8760.4,8762.5,8760.4,8762.5,0.72414218
2019-11-10 04:04:00,8762.2,8762.2,8759.1,8760.5,1.46198516
2019-11-10 04:03:00,8762.2,8762.3,8762.2,8762.2,0.29738235
2019-11-10 04:02:00,8760.8,8762.7,8760.8,8762.3,0.98903271
2019-11-10 04:01:00,8761.2,8762.2,8760.7,8760.8,2.68365573
2019-11-10 04:00:00,8755.7,8761.2,8755.7,8761.2,4.69036805
2019-11-10 03:59:00,8757.2,8757.2,8755.4,8755.7,0.31164113
2019-11-10 03:58:00,8757.8,8757.8,8757.1,8757.2,1.09805665
2019-11-10 03:57:00,8757.9,8757.9,8757.8,8757.8,1.21220842
2019-11-10 03:56:00,8757.8,8757.9,8757.8,8757.9,0.30379999
2019-11-10 03:55:00,8760.7,8760.7,8757.7,8757.8,1.76542276
2019-11-10 03:54:00,8761.2,8761.2,8760,8760,0.95190798
2019-11-10 03:53:00,8761.3,8761.3,8761.3,8761.3,0.00222405
2019-11-10 03:52:00,8761.3,8761.3,8761.3,8761.3,0.07830339
2019-11-10 03:51:00,8762.7,8762.7,8761.2,8761.3,0.15166035
2019-11-10 03:50:00,8762.8,8762.8,8762.7,8762.8,0.07051997
2019-11-10 03:49:00,8763.5,8763.5,8763.2,8763.4,2.05666059
2019-11-10 03:48:00,8766.4,8766.4,8763.4,8763.5,0.37386087
2019-11-10 03:47:00,8769.2,8769.2,8766.5,8766.6,0.18404453
2019-11-10 03:46:00,8769.3,8769.3,8769.3,8769.3,0.03691289
2019-11-10 03:45:00,8770.3,8770.3,8766.4,8769.3,2.02336869
2019-11-10 03:44:00,8768.5,8770.4,8768.4,8770.3,1.71569835
2019-11-10 03:43:00,8768.5,8768.5,8768.4,8768.4,0.22659943
2019-11-10 03:42:00,8768.4,8768.4,8768.3,8768.4,1.64567039
2019-11-10 03:41:00,8768.4,8768.4,8768.3,8768.4,0.16941837
2019-11-10 03:40:00,8768.4,8768.4,8768.3,8768.3,0.08634405
2019-11-10 03:39:00,8770.3,8770.3,8768.4,8768.4,0.32020169
2019-11-10 03:38:00,8770.4,8770.4,8770.3,8770.3,0.50295984
2019-11-10 03:37:00,8769.8,8770.4,8769.8,8770.3,0.43906236
2019-11-10 03:36:00,8768.7,8769.8,8768.7,8769.8,1.245692
2019-11-10 03:35:00,8770.6,8770.6,8768.7,8768.7,2.58979122
2019-11-10 03:34:00,8774.7,8775.9,8770.6,8771.5,2.37933951
2019-11-10 03:33:00,8775,8776,8774.4,8774.7,3.74888106
2019-11-10 03:32:00,8776,8776.1,8774.7,8775.1,1.25903674
2019-11-10 03:31:00,8776.1,8776.1,8776.1,8776.1,0.01
2019-11-10 03:30:00,8776.8,8776.8,8776,8776,0.05685199
2019-11-10 03:29:00,8775.5,8776.9,8775.5,8776.9,0.34908638
2019-11-10 03:28:00,8771.9,8775.1,8771.9,8775.1,0.34725274
2019-11-10 03:27:00,8771.8,8771.8,8771.8,8771.8,0.02477788
2019-11-10 03:26:00,8771.8,8771.8,8771.8,8771.8,0
2019-11-10 03:25:00,8771.4,8771.4,8771.4,8771.4,0.0331273
2019-11-10 03:24:00,8770.4,8771.4,8770.4,8771.4,0.00629368
2019-11-10 03:23:00,8768.3,8770.2,8768.3,8770.2,0.80300724
2019-11-10 03:22:00,8767.2,8769.1,8767.2,8767.8,0.50095152
2019-11-10 03:21:00,8765,8767.3,8762.6,8767.3,17.09240861
2019-11-10 03:20:00,8764.9,8765,8763.8,8765,25.78082968
2019-11-10 03:19:00,8768.3,8768.3,8761.3,8764.8,15.60092078
2019-11-10 03:18:00,8768.8,8768.8,8768,8768.4,0.1450738
2019-11-10 03:17:00,8767.7,8768.8,8767.4,8768.8,0.26772323
2019-11-10 03:16:00,8767.6,8767.7,8767.6,8767.6,0.06306674
2019-11-10 03:15:00,8767.7,8767.7,8767.6,8767.6,0.09745735
2019-11-10 03:14:00,8767.6,8768.2,8767.6,8768.1,2.58174059
2019-11-10 03:13:00,8770.9,8770.9,8767.7,8767.7,4.02148056
2019-11-10 03:12:00,8768.8,8770.4,8768.8,8770.4,0.07788707
2019-11-10 03:11:00,8767.9,8767.9,8767.8,8767.9,0.08354578
2019-11-10 03:10:00,8769.1,8771.4,8768,8768,4.50247996
2019-11-10 03:09:00,8768.8,8769.3,8768.8,8769.2,0.36785653
2019-11-10 03:08:00,8769.9,8770.8,8769.3,8769.3,2.73213925
2019-11-10 03:07:00,8768.3,8770.4,8768.2,8769.9,0.88056137
2019-11-10 03:06:00,8768.3,8769.2,8768.3,8769.2,0.6242986
2019-11-10 03:05:00,8770.9,8770.9,8767.5,8768.2,3.61047078
2019-11-10 03:04:00,8770.9,8771,8770.9,8771,0.00854397
2019-11-10 03:03:00,8771.9,8773.4,8770.9,8770.9,4.80205605
2019-11-10 03:02:00,8764.7,8771.8,8764.7,8771.8,7.84816684
2019-11-10 03:01:00,8763.3,8764.7,8762.8,8764.7,2.59990356
2019-11-10 03:00:00,8763.7,8763.7,8763.2,8763.3,2.11975178
2019-11-10 02:59:00,8763.7,8763.7,8763.7,8763.7,0.16247802
2019-11-10 02:58:00,8769.2,8769.2,8763.6,8763.6,9.9000747
2019-11-10 02:57:00,8769.2,8769.2,8769.2,8769.2,0.74852728
2019-11-10 02:56:00,8771.9,8771.9,8769.2,8769.2,0.40682371
2019-11-10 02:55:00,8773.8,8773.8,8772.4,8772.4,0.11897167
2019-11-10 02:54:00,8777.4,8777.4,8773.1,8773.2,0.65345751
2019-11-10 02:53:00,8779.1,8779.1,8774.6,8776.5,2.03685278
2019-11-10 02:52:00,8779.2,8779.2,8779.1,8779.2,0.39554616
2019-11-10 02:51:00,8780,8780,8779.5,8779.5,0.31172796
2019-11-10 02:50:00,8776,8781.5,8775.9,8780,1.48456534
2019-11-10 02:49:00,8775.5,8776,8773.4,8776,2.11585515
2019-11-10 02:48:00,8776,8776.7,8775.5,8775.5,1.13711851
2019-11-10 02:47:00,8773.4,8776,8773.4,8776,0.47545867
2019-11-10 02:46:00,8774.2,8774.2,8773.4,8773.5,1.80257528
2019-11-10 02:45:00,8777.6,8778.3,8773.3,8774.2,9.23826878
2019-11-10 02:44:00,8781.4,8781.4,8777.5,8777.6,1.57017387
2019-11-10 02:43:00,8782.6,8782.6,8781.3,8781.4,1.3564595
2019-11-10 02:42:00,8780.9,8782.6,8780.9,8782.6,0.67059388
2019-11-10 02:41:00,8784.5,8784.6,8780.6,8780.9,2.04059067
2019-11-10 02:40:00,8781.4,8785.2,8781.4,8784.6,11.87962553
2019-11-10 02:39:00,8781.1,8781.1,8781,8781.1,2.06188773
2019-11-10 02:38:00,8781.1,8781.1,8781,8781,2.68976731
2019-11-10 02:37:00,8781.9,8781.9,8781,8781.1,1.26868136
2019-11-10 02:36:00,8780,8782.1,8780,8781.9,3.80392323
2019-11-10 02:35:00,8779.3,8779.9,8779.3,8779.9,0.14598938
2019-11-10 02:34:00,8778.9,8783.1,8777.8,8779.3,6.9210582
2019-11-10 02:33:00,8776.5,8780,8776.4,8779,12.70761073
2019-11-10 02:32:00,8774.9,8776.4,8774.9,8776.4,0.19973665
2019-11-10 02:31:00,8775.5,8775.5,8772.5,8774.4,6.27846588
2019-11-10 02:30:00,8776.8,8776.8,8775.5,8775.5,0.29077298
2019-11-10 02:29:00,8775.4,8776.6,8775.4,8776.6,0.34215552
2019-11-10 02:28:00,8773.4,8775.3,8773.3,8775.3,1.77852416
2019-11-10 02:27:00,8771.2,8773.4,8771.1,8773.3,1.14790387
2019-11-10 02:26:00,8775,8776.2,8771.1,8771.2,6.86132382
2019-11-10 02:25:00,8774.4,8774.4,8774.4,8774.4,0.33074335
2019-11-10 02:24:00,8774.4,8774.4,8774.4,8774.4,0.07625978
2019-11-10 02:23:00,8773.4,8774.4,8773.4,8774.4,0.05964838
2019-11-10 02:22:00,8774,8774,8772.4,8773.4,0.31869083
2019-11-10 02:21:00,8773,8776.9,8773,8774.4,1.08475653
2019-11-10 02:20:00,8772.9,8773,8772.9,8773,0.37536566
2019-11-10 02:19:00,8773.8,8775.5,8772.5,8772.9,0.71423181
2019-11-10 02:18:00,8773.8,8775.2,8769.9,8773.8,4.72124761
2019-11-10 02:17:00,8773.1,8773.9,8773.1,8773.8,0.09359564
2019-11-10 02:16:00,8772.3,8774.1,8772.2,8773.5,1.21886958
2019-11-10 02:15:00,8779.2,8779.2,8772.2,8772.3,4.28094635
2019-11-10 02:14:00,8775.5,8779.5,8775.5,8779.3,0.84776088
2019-11-10 02:13:00,8770.4,8775,8769.3,8775,2.75291985
2019-11-10 02:12:00,8769,8771.9,8769,8770.5,1.18502066
2019-11-10 02:11:00,8769.5,8769.5,8769,8769,0.3543932
2019-11-10 02:10:00,8768.3,8773.3,8768.3,8769.5,4.5949036
2019-11-10 02:09:00,8767.5,8767.5,8767.5,8767.5,0.36930945
2019-11-10 02:08:00,8758.7,8767.8,8758.7,8767.7,3.98639022
2019-11-10 02:07:00,8762.2,8763.2,8758.6,8758.7,3.75324884
2019-11-10 02:06:00,8761.2,8763.1,8761.2,8763.1,0.30330768
2019-11-10 02:05:00,8763.2,8763.2,8761.2,8761.3,0.50062494
2019-11-10 02:04:00,8762.7,8763.2,8762.6,8763.2,0.39343461
2019-11-10 02:03:00,8762.2,8765.2,8761.8,8762.6,8.36114195
2019-11-10 02:02:00,8765.5,8766.3,8761.3,8762.2,12.1659517
2019-11-10 02:01:00,8769,8769,8765.4,8765.4,0.71342936
2019-11-10 02:00:00,8772.4,8772.4,8768.6,8768.9,1.35290996
2019-11-10 01:59:00,8774.9,8774.9,8772.1,8772.5,6.41339656
2019-11-10 01:58:00,8774.3,8774.4,8774.3,8774.4,1.02386474
2019-11-10 01:57:00,8772.3,8774.1,8772.3,8774.1,1.49745029
2019-11-10 01:56:00,8776.2,8776.2,8771,8772.4,8.12634615
2019-11-10 01:55:00,8766.2,8776.2,8766.2,8776.1,11.52957048
2019-11-10 01:54:00,8768.7,8768.7,8764.5,8766.2,0.37282481
2019-11-10 01:53:00,8772.9,8772.9,8767.9,8768,1.49609989
2019-11-10 01:52:00,8765.2,8773,8765.2,8772.9,2.88346975
2019-11-10 01:51:00,8774.4,8774.5,8763.4,8763.4,8.26896523
2019-11-10 01:50:00,8779.5,8779.5,8774.4,8775,3.534304
2019-11-10 01:49:00,8775.4,8779.5,8774.2,8779.5,2.96977641
2019-11-10 01:48:00,8782.3,8786.3,8773.3,8775.4,14.26026409
2019-11-10 01:47:00,8777,8787.4,8777,8782.3,9.74840237
2019-11-10 01:46:00,8773.6,8776.5,8770.6,8776.5,1.23340555
2019-11-10 01:45:00,8778.5,8778.5,8768.7,8773.6,6.01508661
2019-11-10 01:44:00,8775.3,8780.2,8774.2,8778.5,26.27181111
2019-11-10 01:43:00,8766.1,8780.5,8766.1,8775,13.56387382
2019-11-10 01:42:00,8767.7,8767.7,8763.4,8766.1,9.04604241
2019-11-10 01:41:00,8757.4,8767.8,8757.4,8767.8,17.60855434
2019-11-10 01:40:00,8757.4,8757.4,8757.3,8757.3,0.33133221
2019-11-10 01:39:00,8757.3,8757.4,8757.3,8757.4,0.58075363
2019-11-10 01:38:00,8757.2,8757.3,8757.2,8757.3,0.5489267
2019-11-10 01:37:00,8757.2,8757.6,8757.1,8757.5,5.97161617
2019-11-10 01:36:00,8755.8,8757.2,8755.2,8757.1,1.5718353
2019-11-10 01:35:00,8759.1,8759.1,8755.1,8755.8,2.26387419
2019-11-10 01:34:00,8753.4,8759,8753.4,8758.9,0.94022901
2019-11-10 01:33:00,8758.8,8758.8,8753.3,8753.3,1.63181193
2019-11-10 01:32:00,8759.1,8760.9,8759,8759,0.2999779
2019-11-10 01:31:00,8758,8759.1,8755.9,8759.1,1.18918302
2019-11-10 01:30:00,8755.7,8758.1,8755.7,8758,2.47664582
2019-11-10 01:29:00,8755.6,8759.4,8755.4,8755.6,1.45083792
2019-11-10 01:28:00,8759.9,8759.9,8750.6,8755.6,3.42010871
2019-11-10 01:27:00,8762.5,8762.6,8759.6,8760,1.12983021
2019-11-10 01:26:00,8758.1,8763.1,8756.1,8762.5,15.04443936
2019-11-10 01:25:00,8763.3,8763.4,8758.1,8758.2,3.99041368
2019-11-10 01:24:00,8762.7,8763.4,8761.5,8763.3,0.59245149
2019-11-10 01:23:00,8767.8,8767.8,8762.7,8762.7,3.26758186
2019-11-10 01:22:00,8767.3,8771.3,8767.3,8768.2,4.24481577
2019-11-10 01:21:00,8765.3,8769,8765.3,8767.3,21.43015427
2019-11-10 01:20:00,8763.2,8765.1,8763.2,8765.1,1.17703384
2019-11-10 01:19:00,8763.7,8763.7,8763.1,8763.1,2.65935508
2019-11-10 01:18:00,8759.7,8768.2,8759.7,8763.2,18.49369965
2019-11-10 01:17:00,8772.3,8773.4,8759.6,8759.6,8.32337297
2019-11-10 01:16:00,8771.6,8774.4,8770.4,8772.3,5.58647396
2019-11-10 01:15:00,8759.3,8771.7,8759.3,8771.7,15.0238407
2019-11-10 01:14:00,8764.1,8764.2,8759.3,8759.4,1.90114406
2019-11-10 01:13:00,8759.6,8764.2,8759.6,8764.2,2.81832104
2019-11-10 01:12:00,8754.5,8759.6,8754.5,8759.6,1.57280599
2019-11-10 01:11:00,8757.6,8757.6,8750.9,8753.6,5.21384273
2019-11-10 01:10:00,8757.8,8769.1,8757.8,8757.8,32.13011347
2019-11-10 01:09:00,8750.9,8761.7,8750.9,8757.8,6.43806973
2019-11-10 01:08:00,8747.9,8750.7,8746.1,8750.7,4.95220768
2019-11-10 01:07:00,8749.6,8749.6,8744.8,8747.9,28.32877003
2019-11-10 01:06:00,8751.4,8751.5,8744.7,8749.7,22.09785922
2019-11-10 01:05:00,8753.4,8760.6,8751.4,8751.4,44.2065758
2019-11-10 01:04:00,8757.1,8760,8753.4,8753.4,11.56864727
2019-11-10 01:03:00,8748.4,8757.1,8748.4,8757.1,6.55617807
2019-11-10 01:02:00,8747.4,8748.2,8744.8,8748.2,8.67843593
2019-11-10 01:01:00,8742.3,8748.3,8740.4,8747.4,12.64367572
2019-11-10 01:00:00,8749.1,8749.2,8742.2,8742.3,3.86057508
2019-11-10 00:59:00,8748.8,8751,8744.9,8749.1,7.43490456
2019-11-10 00:58:00,8751.1,8754.4,8746.7,8748.8,13.0644431
2019-11-10 00:57:00,8762.6,8762.6,8750,8751.1,11.96111057
2019-11-10 00:56:00,8761.1,8762.6,8761.1,8762.6,1.7128454
2019-11-10 00:55:00,8761.2,8761.2,8757.7,8761.1,2.46672627
2019-11-10 00:54:00,8755.1,8765.7,8754.5,8761.4,6.78341885
2019-11-10 00:53:00,8751,8762.5,8751,8755.6,17.7486493
2019-11-10 00:52:00,8748.8,8750.5,8745,8750.5,6.28083701
2019-11-10 00:51:00,8741.4,8748.9,8741.4,8748.9,1.09572009
2019-11-10 00:50:00,8739.9,8744.2,8739.8,8741.4,7.8335039
2019-11-10 00:49:00,8741.2,8742,8739.3,8739.8,4.3936271
2019-11-10 00:48:00,8750.3,8750.3,8733.6,8740.8,30.7156024
2019-11-10 00:47:00,8747.6,8751,8745.5,8750.3,5.75080558
2019-11-10 00:46:00,8741.5,8750,8741.5,8746,25.06414535
2019-11-10 00:45:00,8740.9,8742.8,8735.3,8741.6,23.81713365
2019-11-10 00:44:00,8747.1,8747.8,8740.1,8740.9,21.28703881
2019-11-10 00:43:00,8732.6,8748.4,8732.2,8747.1,7.64013692
2019-11-10 00:42:00,8738.6,8740.2,8723,8732.5,56.39540059
2019-11-10 00:41:00,8747.1,8748.6,8736.5,8738.6,25.84484589
2019-11-10 00:40:00,8753,8753,8738,8747.1,25.90664301
2019-11-10 00:39:00,8769.5,8770.4,8753,8754.2,10.18663886
2019-11-10 00:38:00,8763.2,8769.5,8762.6,8769.4,7.52509603
2019-11-10 00:37:00,8763.3,8769.7,8762.7,8763.2,15.81780325
2019-11-10 00:36:00,8772.4,8776.8,8763.2,8763.2,21.36524113
2019-11-10 00:35:00,8754.8,8772.4,8754.7,8772.4,13.13248848
2019-11-10 00:34:00,8734.9,8757,8732.6,8754.7,63.8044649
2019-11-10 00:33:00,8746.4,8747.5,8732.2,8734.9,63.54930666
2019-11-10 00:32:00,8751.2,8751.3,8746.4,8746.5,35.0300366
2019-11-10 00:31:00,8745.7,8753.6,8745.4,8752.1,27.32534062
2019-11-10 00:30:00,8757.8,8757.8,8743,8745.7,50.48197399
2019-11-10 00:29:00,8755.9,8761.2,8755.8,8757.9,52.54193018
2019-11-10 00:28:00,8767.2,8767.2,8755.5,8755.8,9.29553489
2019-11-10 00:27:00,8770.4,8771.2,8767.3,8767.3,4.92498886
2019-11-10 00:26:00,8754.9,8770.8,8754.9,8770.4,17.92892094
2019-11-10 00:25:00,8769.2,8769.2,8754.3,8755.4,45.97652703
2019-11-10 00:24:00,8772.6,8772.6,8766.3,8769.3,29.73853927
2019-11-10 00:23:00,8779.2,8780.6,8770,8772.6,28.56434221
2019-11-10 00:22:00,8769.8,8783.4,8769.6,8779.2,15.15993107
2019-11-10 00:21:00,8781.2,8781.2,8767.3,8769.8,55.79609656
2019-11-10 00:20:00,8787.8,8787.8,8780.6,8781.1,12.91073596
2019-11-10 00:19:00,8785.1,8789.7,8785.1,8787.8,13.00384713
2019-11-10 00:18:00,8780.1,8785.2,8780,8785.1,14.58709917
2019-11-10 00:17:00,8780.6,8785.7,8780,8780.6,16.1087688
2019-11-10 00:16:00,8784.2,8790.3,8780.7,8780.7,21.55079081
2019-11-10 00:15:00,8791.8,8791.8,8780,8784.1,25.66564477
2019-11-10 00:14:00,8799.4,8800,8791.8,8791.9,20.36225426
2019-11-10 00:13:00,8791.7,8799.4,8791.6,8799.3,30.83127413
2019-11-10 00:12:00,8791.7,8793.5,8791.6,8791.7,8.182571
2019-11-10 00:11:00,8796.9,8797.9,8790.2,8791.4,17.12638611
2019-11-10 00:10:00,8806.2,8806.2,8796,8796.5,9.8803632
2019-11-10 00:09:00,8815,8815,8806.1,8806.2,1.64673339
2019-11-10 00:08:00,8815.3,8815.3,8812.2,8815,6.21524172
2019-11-10 00:07:00,8819.1,8819.3,8815.3,8815.3,1.36708189
2019-11-10 00:06:00,8816.2,8825.6,8814.2,8819.3,9.15737664
2019-11-10 00:05:00,8811.9,8816.8,8811.9,8816.2,1.05525205
2019-11-10 00:04:00,8807.5,8816.3,8806.6,8812.5,5.55449311
2019-11-10 00:03:00,8807.1,8816.3,8807,8807.6,58.23151774
2019-11-10 00:02:00,8791,8806.6,8791,8806.6,7.10224004
2019-11-10 00:01:00,8783.1,8792.6,8781.3,8792,11.69601722
2019-11-10 00:00:00,8801.4,8801.4,8783.2,8783.2,21.69786785
