2019-12-11 23:59:00,7174.7,7177.4,7172.7,7174.4,8.23488875
2019-12-11 23:58:00,7178.2,7178.2,7170.3,7174.6,12.48563039
2019-12-11 23:57:00,7172.2,7177.4,7172.2,7177.4,5.59817714
2019-12-11 23:56:00,7165.8,7171.2,7165.8,7170.9,10.20032616
2019-12-11 23:55:00,7164.4,7165.7,7164.3,7165.7,1.76935354
2019-12-11 23:54:00,7165.6,7165.7,7162,7163,1.55096143
2019-12-11 23:53:00,7160.1,7165.7,7157.8,7165.6,10.56131826
2019-12-11 23:52:00,7162.2,7162.2,7159.9,7160.3,16.20264293
2019-12-11 23:51:00,7169.8,7169.8,7161.8,7162.7,12.8637043
2019-12-11 23:50:00,7172.5,7173.6,7165,7169.9,38.10788891
2019-12-11 23:49:00,7164,7173.2,7164,7172.5,37.16406048
2019-12-11 23:48:00,7159.5,7165.4,7159.5,7163.9,41.94639154
2019-12-11 23:47:00,7157.8,7159.5,7157,7159.5,29.98945521
2019-12-11 23:46:00,7153.9,7162.3,7151.1,7158.7,24.41119552
2019-12-11 23:45:00,7155.6,7157.9,7150.5,7154.7,10.00514248
2019-12-11 23:44:00,7148.3,7158.6,7146.8,7155,39.46583977
2019-12-11 23:43:00,7170,7170,7132.3,7148,342.93511137
2019-12-11 23:42:00,7173.1,7176,7168.3,7170.8,30.51766423
2019-12-11 23:41:00,7175.5,7176.3,7171.6,7171.7,4.96992303
2019-12-11 23:40:00,7169.5,7175.5,7169.5,7175.4,4.40365487
2019-12-11 23:39:00,7174,7177.6,7169.2,7169.5,12.61126215
2019-12-11 23:38:00,7163.2,7174.7,7163.2,7173.9,50.06607119
2019-12-11 23:37:00,7177.5,7178.5,7162.9,7163.1,117.18333873
2019-12-11 23:36:00,7186.1,7186.1,7177.6,7177.6,12.87357405
2019-12-11 23:35:00,7192.9,7192.9,7185.8,7187,17.18044992
2019-12-11 23:34:00,7191.2,7192.8,7191.1,7192.8,3.38685184
2019-12-11 23:33:00,7187.9,7196.7,7187.3,7191.2,99.17871055
2019-12-11 23:32:00,7192.5,7192.5,7185.6,7185.7,11.33290036
2019-12-11 23:31:00,7186.9,7192.6,7184.6,7192.4,20.25669828
2019-12-11 23:30:00,7178.6,7189.8,7175.6,7185.5,50.45839506
2019-12-11 23:29:00,7182.5,7182.6,7173.9,7177.8,15.28240469
2019-12-11 23:28:00,7178.1,7190.8,7178.1,7182.9,25.37187064
2019-12-11 23:27:00,7171.4,7184.3,7171.4,7176.9,61.11045517
2019-12-11 23:26:00,7184.4,7184.4,7152.2,7171,375.69987693
2019-12-11 23:25:00,7209.8,7209.8,7171.2,7184.1,263.28006069
2019-12-11 23:24:00,7200.5,7209.3,7200.4,7209.3,40.91925252
2019-12-11 23:23:00,7204.2,7209,7195,7200.5,185.4938954
2019-12-11 23:22:00,7212.1,7212.1,7201.8,7204.6,140.81914022
2019-12-11 23:21:00,7216.3,7216.3,7210.5,7212.1,14.74655163
2019-12-11 23:20:00,7216.8,7216.8,7216.2,7216.3,0.86070458
2019-12-11 23:19:00,7217.6,7218.1,7216.5,7216.9,0.23653539
2019-12-11 23:18:00,7219.8,7219.8,7217.3,7218.2,2.80789959
2019-12-11 23:17:00,7219.9,7220,7219.9,7219.9,1.04846278
2019-12-11 23:16:00,7216.3,7219.2,7216.3,7219.2,12.66397216
2019-12-11 23:15:00,7220.2,7220.2,7215.1,7216.3,3.96654575
2019-12-11 23:14:00,7222,7222,7220.8,7220.8,6.0452105
2019-12-11 23:13:00,7219.7,7222.1,7219.7,7222,3.59463228
2019-12-11 23:12:00,7222.7,7222.7,7216.9,7219.7,7.6313782
2019-12-11 23:11:00,7224.3,7225,7223.1,7223.4,1.05437248
2019-12-11 23:10:00,7228.8,7228.8,7224.3,7224.3,16.36350507
2019-12-11 23:09:00,7229.6,7229.6,7228.8,7228.9,2.90016942
2019-12-11 23:08:00,7233.2,7233.2,7229.6,7229.6,2.60201645
2019-12-11 23:07:00,7232.6,7233.3,7232.3,7233.2,3.1117466
2019-12-11 23:06:00,7231.9,7232.7,7231.9,7232.5,3.2169686
2019-12-11 23:05:00,7231.2,7232,7231.1,7232,4.51259199
2019-12-11 23:04:00,7231.6,7231.7,7231.1,7231.2,3.55815821
2019-12-11 23:03:00,7232.4,7232.4,7231.1,7231.6,0.93288891
2019-12-11 23:02:00,7233.2,7233.2,7232.3,7232.4,3.07575196
2019-12-11 23:01:00,7230.8,7233.2,7230.8,7233.2,2.9171556
2019-12-11 23:00:00,7230.6,7231.6,7230.6,7230.7,0.3663986
2019-12-11 22:59:00,7232,7232,7230.5,7230.6,13.68129397
2019-12-11 22:58:00,7234,7234,7231.6,7232,5.86260559
2019-12-11 22:57:00,7233.7,7234.1,7233,7234.1,0.92466407
2019-12-11 22:56:00,7233.4,7234.8,7233.4,7233.7,4.50113295
2019-12-11 22:55:00,7233.4,7233.4,7233.3,7233.4,0.6931244
2019-12-11 22:54:00,7233.4,7234.2,7233.3,7233.4,3.83622563
2019-12-11 22:53:00,7230.8,7233.9,7229.6,7233.9,22.16173281
2019-12-11 22:52:00,7233.2,7233.2,7229.7,7229.7,1.40206099
2019-12-11 22:51:00,7230.8,7233.2,7229.9,7232.7,11.23877992
2019-12-11 22:50:00,7226.2,7230.8,7226.2,7230.7,32.49988643
2019-12-11 22:49:00,7223.9,7226.2,7223.9,7226.1,0.29793455
2019-12-11 22:48:00,7225.2,7225.2,7222.9,7223.9,1.28874238
2019-12-11 22:47:00,7227.4,7227.4,7225.3,7225.3,0.8891569
2019-12-11 22:46:00,7228.6,7229,7227.4,7227.4,0.74309242
2019-12-11 22:45:00,7226.4,7227.4,7225.7,7227.4,1.22865862
2019-12-11 22:44:00,7230.8,7231.1,7226.8,7226.9,13.61693152
2019-12-11 22:43:00,7232.7,7232.7,7229.9,7230.8,2.84108748
2019-12-11 22:42:00,7233.8,7233.9,7232.7,7232.8,1.24120813
2019-12-11 22:41:00,7234.8,7234.8,7234.1,7234.1,3.03992475
2019-12-11 22:40:00,7233.6,7235.7,7233.6,7234.8,4.08265106
2019-12-11 22:39:00,7232.8,7233.4,7232.8,7233.4,2.81777074
2019-12-11 22:38:00,7237.4,7237.4,7232.7,7232.8,14.48533163
2019-12-11 22:37:00,7236.8,7237.4,7236.8,7237.4,1.01248009
2019-12-11 22:36:00,7234.4,7236.7,7234.4,7236.7,2.55026293
2019-12-11 22:35:00,7234.5,7236.3,7234.3,7234.3,1.55896869
2019-12-11 22:34:00,7233.7,7234.6,7233.2,7234.6,0.45881337
2019-12-11 22:33:00,7235,7235,7233.7,7233.7,0.5896197
2019-12-11 22:32:00,7235.1,7235.1,7235.1,7235.1,0.00844908
2019-12-11 22:31:00,7232.1,7234.1,7232.1,7234.1,0.3491277
2019-12-11 22:30:00,7231.4,7232.7,7231.2,7231.4,0.65010185
2019-12-11 22:29:00,7231.1,7231.1,7229.2,7230.9,4.31413462
2019-12-11 22:28:00,7234,7234,7231.1,7231.1,1.23726568
2019-12-11 22:27:00,7233.5,7235.2,7232.9,7234.1,1.26841139
2019-12-11 22:26:00,7232.5,7234,7232.4,7233.5,0.56324882
2019-12-11 22:25:00,7231,7232.5,7230.9,7232.5,4.51988292
2019-12-11 22:24:00,7231.9,7231.9,7228.4,7231.8,36.20146209
2019-12-11 22:23:00,7235.3,7235.3,7231.8,7232.1,2.3259016
2019-12-11 22:22:00,7237.3,7238,7235.1,7235.3,3.91948115
2019-12-11 22:21:00,7236.7,7237.3,7236.6,7237.3,5.86627773
2019-12-11 22:20:00,7237.7,7237.7,7236.6,7236.7,2.3461004
2019-12-11 22:19:00,7233.7,7237.9,7231.1,7237.8,15.12835124
2019-12-11 22:18:00,7237.6,7237.6,7232.9,7233,13.56543211
2019-12-11 22:17:00,7239.6,7239.6,7237.6,7237.6,3.94730895
2019-12-11 22:16:00,7242.6,7242.6,7237.5,7239.2,4.38368401
2019-12-11 22:15:00,7244.3,7245,7242.8,7242.8,2.56509088
2019-12-11 22:14:00,7247,7247,7243.5,7244.4,1.28226737
2019-12-11 22:13:00,7249,7249,7247,7247,1.08323704
2019-12-11 22:12:00,7248.4,7249.7,7248.4,7249,7.21411686
2019-12-11 22:11:00,7243.4,7248.4,7243.4,7248.4,3.79996553
2019-12-11 22:10:00,7240.7,7243.4,7240.7,7243.4,9.75784739
2019-12-11 22:09:00,7240.9,7241,7240.6,7240.7,0.72631021
2019-12-11 22:08:00,7243.7,7243.7,7240.9,7241,1.27332218
2019-12-11 22:07:00,7244.1,7244.1,7242.5,7243.7,3.90443169
2019-12-11 22:06:00,7244,7244.3,7243.9,7244.1,1.01467147
2019-12-11 22:05:00,7247.4,7247.4,7243.2,7243.2,2.74836862
2019-12-11 22:04:00,7249.8,7252.4,7247.7,7247.7,5.26589086
2019-12-11 22:03:00,7250,7250,7249,7249.8,1.29726731
2019-12-11 22:02:00,7248,7249.1,7246.5,7249.1,5.48435672
2019-12-11 22:01:00,7242.3,7249.1,7242.2,7248,28.69791271
2019-12-11 22:00:00,7240,7241.6,7239.6,7241.6,4.08301125
2019-12-11 21:59:00,7239.3,7240.1,7239.3,7240,4.33448417
2019-12-11 21:58:00,7239.3,7239.3,7239.2,7239.2,0.10913096
2019-12-11 21:57:00,7243.1,7243.1,7239.7,7239.7,1.67571847
2019-12-11 21:56:00,7245.4,7245.4,7242.5,7243.1,6.84995877
2019-12-11 21:55:00,7246.1,7247.9,7245.4,7245.4,4.47413498
2019-12-11 21:54:00,7243.9,7246,7243.9,7246,0.21212348
2019-12-11 21:53:00,7246.1,7247.3,7244,7244,8.30721677
2019-12-11 21:52:00,7243.4,7245.7,7243.4,7245.7,0.19438542
2019-12-11 21:51:00,7243,7243.4,7241.7,7243.4,3.15481313
2019-12-11 21:50:00,7241.7,7244.8,7240.9,7243,17.56979109
2019-12-11 21:49:00,7242.7,7242.7,7241.8,7241.8,0.22963824
2019-12-11 21:48:00,7240.7,7244.6,7240.7,7242.8,2.05431805
2019-12-11 21:47:00,7240.2,7240.8,7240.2,7240.7,0.20072485
2019-12-11 21:46:00,7237.4,7241.2,7237.4,7240.2,16.29771796
2019-12-11 21:45:00,7232,7238.2,7231.8,7237.3,34.35663292
2019-12-11 21:44:00,7235.2,7235.2,7232,7232,1.63765148
2019-12-11 21:43:00,7237.8,7237.8,7236.2,7236.2,1.7183475
2019-12-11 21:42:00,7238.2,7238.3,7237.1,7238.2,1.05099
2019-12-11 21:41:00,7238.8,7238.8,7234.8,7238.3,53.07813383
2019-12-11 21:40:00,7239.6,7239.7,7239.6,7239.6,0.04912488
2019-12-11 21:39:00,7240.4,7241,7239.5,7239.7,13.14119624
2019-12-11 21:38:00,7240.3,7242,7240,7240.4,10.64917878
2019-12-11 21:37:00,7236.9,7240,7236.9,7239.8,17.35649358
2019-12-11 21:36:00,7235.7,7236.7,7233.8,7236.7,1.68760217
2019-12-11 21:35:00,7232.6,7236.2,7232.5,7235.7,8.01427121
2019-12-11 21:34:00,7230.8,7232,7230.8,7232,0.48184311
2019-12-11 21:33:00,7233.5,7233.5,7230.8,7230.9,6.82471189
2019-12-11 21:32:00,7232.9,7233.6,7232.8,7233.5,0.656467
2019-12-11 21:31:00,7229.6,7232.9,7229.6,7232.9,3.89968852
2019-12-11 21:30:00,7222.6,7230.1,7222.6,7229.7,16.69575571
2019-12-11 21:29:00,7227.9,7227.9,7220.9,7222.6,19.1560125
2019-12-11 21:28:00,7230.6,7230.6,7220.8,7228.6,69.45560028
2019-12-11 21:27:00,7234.2,7234.3,7230.1,7230.6,4.22801164
2019-12-11 21:26:00,7235.6,7235.6,7234.2,7234.2,7.4022258
2019-12-11 21:25:00,7234.6,7235.9,7233.8,7235.7,5.48115359
2019-12-11 21:24:00,7233,7234.6,7232.4,7234.5,2.26659551
2019-12-11 21:23:00,7236.8,7236.9,7232.8,7233.1,10.74973824
2019-12-11 21:22:00,7228.5,7237,7228.5,7236.9,28.12473356
2019-12-11 21:21:00,7230.6,7230.7,7229,7229,5.16747974
2019-12-11 21:20:00,7233.9,7233.9,7230.6,7230.6,0.40142842
2019-12-11 21:19:00,7228.4,7235,7228.4,7233.9,10.37934766
2019-12-11 21:18:00,7227.7,7233.8,7227.7,7228.4,16.17324011
2019-12-11 21:17:00,7236.3,7236.3,7227.6,7227.7,38.03818982
2019-12-11 21:16:00,7241.8,7242,7235.5,7236.3,87.62652309
2019-12-11 21:15:00,7238.5,7241.9,7238.1,7241.9,5.41758018
2019-12-11 21:14:00,7241.5,7241.6,7238.4,7238.4,9.59611745
2019-12-11 21:13:00,7244,7244.7,7241.5,7241.5,4.60450241
2019-12-11 21:12:00,7243.3,7246.8,7241.8,7243.9,3.33780985
2019-12-11 21:11:00,7247.7,7247.7,7241.8,7243,6.42336731
2019-12-11 21:10:00,7250.6,7250.6,7247.7,7247.7,5.48491733
2019-12-11 21:09:00,7253.4,7254.6,7250.4,7250.4,4.10351912
2019-12-11 21:08:00,7254.5,7255,7253.3,7253.3,2.22693185
2019-12-11 21:07:00,7253.4,7254.1,7251.7,7254.1,14.84976019
2019-12-11 21:06:00,7252.9,7253.6,7252.7,7253.3,10.20159173
2019-12-11 21:05:00,7251.4,7254.1,7251.3,7252.4,7.58825041
2019-12-11 21:04:00,7252.8,7252.8,7248.9,7251.6,3.11188139
2019-12-11 21:03:00,7252.6,7254.4,7252.6,7253.4,3.47441774
2019-12-11 21:02:00,7253.3,7255.1,7251,7252.6,14.67052607
2019-12-11 21:01:00,7255.5,7255.5,7251.2,7253.3,5.5637511
2019-12-11 21:00:00,7255.4,7259.7,7255.1,7255.4,59.735675
2019-12-11 20:59:00,7260.6,7261.9,7255.4,7256.2,6.83762065
2019-12-11 20:58:00,7263,7263.1,7259,7260.6,23.41519729
2019-12-11 20:57:00,7258.7,7265.3,7257.6,7264.2,6.8627881
2019-12-11 20:56:00,7257.9,7261.6,7256.6,7258.8,20.91698831
2019-12-11 20:55:00,7259.1,7262.1,7254.8,7258,52.62564868
2019-12-11 20:54:00,7250.5,7258.6,7249.4,7258.6,44.19278452
2019-12-11 20:53:00,7247.2,7252.2,7246.9,7250.6,3.55282197
2019-12-11 20:52:00,7247.7,7248.2,7247.2,7247.2,2.41104483
2019-12-11 20:51:00,7249,7253.4,7247.7,7248.3,10.30385081
2019-12-11 20:50:00,7249,7249.1,7249,7249.1,0.38799422
2019-12-11 20:49:00,7251.2,7251.2,7248.7,7249,2.94358057
2019-12-11 20:48:00,7250.4,7251.2,7250.3,7251.2,13.6798137
2019-12-11 20:47:00,7248.4,7250.4,7248.4,7250.3,1.93909254
2019-12-11 20:46:00,7248.4,7248.4,7248.3,7248.4,0.45236519
2019-12-11 20:45:00,7246,7248.4,7245.9,7248.3,7.50682398
2019-12-11 20:44:00,7246.1,7247.6,7245.8,7246,25.64846333
2019-12-11 20:43:00,7246.3,7248.7,7246.2,7246.7,1.50493678
2019-12-11 20:42:00,7248.3,7248.3,7245.1,7246.3,2.12280693
2019-12-11 20:41:00,7246.8,7248.3,7246.8,7248.3,0.82388104
2019-12-11 20:40:00,7247.1,7247.1,7243.7,7246.7,14.02214054
2019-12-11 20:39:00,7242.8,7246.8,7242.7,7246.8,9.47667789
2019-12-11 20:38:00,7240.2,7241.4,7238.9,7241.4,0.62399599
2019-12-11 20:37:00,7238.9,7242.1,7238.9,7240.3,1.2599801
2019-12-11 20:36:00,7239.1,7239.1,7238.8,7238.9,3.44053658
2019-12-11 20:35:00,7240,7240,7238.4,7239.2,13.42271327
2019-12-11 20:34:00,7240,7240,7239.9,7240,4.85488589
2019-12-11 20:33:00,7239.5,7240.4,7239.5,7240,24.34708397
2019-12-11 20:32:00,7235.9,7239.4,7235.9,7239.4,0.64795962
2019-12-11 20:31:00,7240.5,7240.5,7235.9,7235.9,4.08485463
2019-12-11 20:30:00,7240.6,7243.2,7239.8,7240.5,3.71471149
2019-12-11 20:29:00,7241.3,7243.3,7239.5,7240.5,4.08965632
2019-12-11 20:28:00,7246.4,7246.4,7241.2,7241.3,1.87004488
2019-12-11 20:27:00,7245.3,7249.2,7245.3,7246.5,10.42483443
2019-12-11 20:26:00,7245.4,7245.4,7245.3,7245.3,0.48882375
2019-12-11 20:25:00,7241.4,7245.3,7241.4,7245.3,0.37751412
2019-12-11 20:24:00,7239.5,7243,7239.4,7241.7,10.7755294
2019-12-11 20:23:00,7235.2,7239.9,7235.2,7239.5,17.3138558
2019-12-11 20:22:00,7239.8,7240.4,7235.2,7235.2,109.42179342
2019-12-11 20:21:00,7244.4,7244.6,7239.1,7240.2,92.02353293
2019-12-11 20:20:00,7246.6,7248.4,7244.4,7244.4,26.42999593
2019-12-11 20:19:00,7249.3,7251.2,7246.1,7246.5,34.5607073
2019-12-11 20:18:00,7242.5,7252,7242,7249.2,90.04824144
2019-12-11 20:17:00,7240.4,7243.3,7240.4,7242.6,5.35366517
2019-12-11 20:16:00,7237.7,7240.1,7237.7,7240.1,4.56575593
2019-12-11 20:15:00,7236.1,7237,7236.1,7236.9,0.41614992
2019-12-11 20:14:00,7236,7236.1,7236,7236,1.75696831
2019-12-11 20:13:00,7238.7,7238.8,7236,7236,3.96735918
2019-12-11 20:12:00,7238.9,7239.9,7238.6,7238.6,4.10584366
2019-12-11 20:11:00,7238.5,7239.3,7238.5,7238.9,9.98526741
2019-12-11 20:10:00,7243.5,7245,7238.3,7238.4,2.33482633
2019-12-11 20:09:00,7241.6,7243.4,7241.6,7243.4,2.88766543
2019-12-11 20:08:00,7237.3,7241.6,7237.3,7241.6,3.51716062
2019-12-11 20:07:00,7236,7238.8,7236,7237.4,6.25570666
2019-12-11 20:06:00,7233.8,7236,7233.8,7235.9,4.25744622
2019-12-11 20:05:00,7233.8,7234.1,7233.7,7233.8,1.98718083
2019-12-11 20:04:00,7234,7234,7233,7233.2,0.78474481
2019-12-11 20:03:00,7235.5,7235.7,7233.7,7234.1,8.28169816
2019-12-11 20:02:00,7233.3,7235.4,7233.3,7235.4,0.4083142
2019-12-11 20:01:00,7233.2,7234.7,7233.1,7233.3,3.73577621
2019-12-11 20:00:00,7227,7233.2,7227,7233.2,1.63342786
2019-12-11 19:59:00,7228,7228,7226.2,7227,6.98905637
2019-12-11 19:58:00,7228,7229.4,7228,7228,0.87501895
2019-12-11 19:57:00,7232.9,7232.9,7227.9,7227.9,7.97469296
2019-12-11 19:56:00,7234.8,7234.8,7233,7233,13.03038479
2019-12-11 19:55:00,7236.4,7236.4,7235.7,7235.7,1.16894232
2019-12-11 19:54:00,7235.6,7236.4,7235.4,7236.4,2.22955833
2019-12-11 19:53:00,7235.4,7235.6,7235.4,7235.5,0.60880099
2019-12-11 19:52:00,7235.2,7235.4,7234.8,7235.4,0.31974611
2019-12-11 19:51:00,7234.5,7239,7234.2,7235.3,43.81529815
2019-12-11 19:50:00,7233,7235,7233,7234.8,2.05543567
2019-12-11 19:49:00,7230.5,7233.9,7230.5,7233,2.3704792
2019-12-11 19:48:00,7229.6,7230.5,7229.6,7230.5,3.21195748
2019-12-11 19:47:00,7227.5,7229.3,7227,7229.3,1.39960091
2019-12-11 19:46:00,7230.4,7230.4,7227.6,7227.6,2.81246994
2019-12-11 19:45:00,7230.4,7230.5,7229.7,7230.5,1.1022028
2019-12-11 19:44:00,7227.3,7230.4,7227.3,7230.4,0.44757251
2019-12-11 19:43:00,7222.9,7227.3,7222.9,7227.3,8.09195753
2019-12-11 19:42:00,7222.8,7222.9,7222.7,7222.9,0.53587566
2019-12-11 19:41:00,7223.9,7223.9,7222.8,7222.8,1.18449959
2019-12-11 19:40:00,7229.1,7229.1,7223.5,7223.9,21.87157838
2019-12-11 19:39:00,7229.8,7230.4,7229.7,7229.7,1.55152351
2019-12-11 19:38:00,7229.4,7229.8,7228.8,7229.8,1.10269719
2019-12-11 19:37:00,7231.8,7231.8,7229.4,7229.4,3.19536985
2019-12-11 19:36:00,7231.8,7231.9,7231.8,7231.9,0.17547118
2019-12-11 19:35:00,7230.3,7232,7229.7,7231.9,2.13158568
2019-12-11 19:34:00,7229.4,7230.5,7229.4,7230.4,1.04409149
2019-12-11 19:33:00,7228.9,7229.4,7228.8,7229.4,0.40791587
2019-12-11 19:32:00,7223.8,7228.9,7223.8,7228.9,7.03056639
2019-12-11 19:31:00,7224.4,7224.4,7222.8,7223.7,1.17369112
2019-12-11 19:30:00,7222,7223.9,7222,7223.9,11.0162488
2019-12-11 19:29:00,7218.6,7221.8,7218.6,7220.8,0.46799185
2019-12-11 19:28:00,7223,7223,7218.2,7218.6,8.73548733
2019-12-11 19:27:00,7225,7225,7223,7223,0.18337377
2019-12-11 19:26:00,7227.2,7227.2,7225,7225,1.91670198
2019-12-11 19:25:00,7228.7,7230.3,7227.4,7227.4,1.86101703
2019-12-11 19:24:00,7227.2,7230.3,7227.2,7228.8,11.80974839
2019-12-11 19:23:00,7227.9,7227.9,7227.3,7227.3,2.52326828
2019-12-11 19:22:00,7230.3,7230.3,7228,7228,1.58617793
2019-12-11 19:21:00,7235.9,7237,7230.2,7230.3,10.630783
2019-12-11 19:20:00,7233.5,7235.6,7233.5,7235.6,5.33231387
2019-12-11 19:19:00,7228.5,7233.5,7228.5,7233.5,4.83916905
2019-12-11 19:18:00,7227.8,7228.6,7227.8,7228.6,2.10762934
2019-12-11 19:17:00,7223.9,7228.7,7223.8,7227.8,54.6810393
2019-12-11 19:16:00,7224.9,7225,7223.8,7223.9,66.0052721
2019-12-11 19:15:00,7231.4,7231.5,7225,7225,109.17110438
2019-12-11 19:14:00,7232,7233,7231.6,7231.6,1.06100207
2019-12-11 19:13:00,7235.8,7236.4,7232,7232,7.83310833
2019-12-11 19:12:00,7239.7,7239.7,7235.7,7235.7,17.36802051
2019-12-11 19:11:00,7239.6,7242.4,7236.2,7239.7,41.7653836
2019-12-11 19:10:00,7231.9,7240.4,7231.9,7239.6,27.2514049
2019-12-11 19:09:00,7229.9,7232.5,7229.9,7231.8,36.71842006
2019-12-11 19:08:00,7228.6,7230,7228.6,7229.9,0.1779464
2019-12-11 19:07:00,7226,7228.5,7226,7228.5,8.41092218
2019-12-11 19:06:00,7227.2,7227.2,7225.2,7225.3,3.84854074
2019-12-11 19:05:00,7230.1,7230.3,7227.2,7227.2,4.00168593
2019-12-11 19:04:00,7228.6,7230.3,7228.6,7230.3,2.09506762
2019-12-11 19:03:00,7227,7228.7,7227,7227.8,0.9436839
2019-12-11 19:02:00,7228.5,7229.7,7227,7227,1.23893411
2019-12-11 19:01:00,7226.6,7229.2,7226.4,7228.5,16.71962897
2019-12-11 19:00:00,7220.8,7228.4,7220.8,7226.5,31.16029979
2019-12-11 18:59:00,7220,7220,7220,7220,0.02639102
2019-12-11 18:58:00,7219.2,7220,7219.2,7220,1.70326777
2019-12-11 18:57:00,7217.8,7218.1,7217.7,7218.1,1.15958359
2019-12-11 18:56:00,7219.5,7220.1,7217.8,7217.8,0.84652746
2019-12-11 18:55:00,7216.8,7219.5,7216.8,7219.5,0.16826418
2019-12-11 18:54:00,7215,7218.2,7215,7216.7,3.6539067
2019-12-11 18:53:00,7215.1,7215.1,7215,7215,0.25840596
2019-12-11 18:52:00,7212.5,7215.9,7212.5,7215.1,6.36969799
2019-12-11 18:51:00,7208.1,7212.4,7207.2,7212.4,13.07895409
2019-12-11 18:50:00,7211,7211,7208.1,7208.1,2.77624847
2019-12-11 18:49:00,7212.3,7212.3,7211.1,7211.1,0.7761818
2019-12-11 18:48:00,7214,7214.9,7211.8,7212.3,9.85759216
2019-12-11 18:47:00,7213,7214,7212.9,7213.9,0.43579851
2019-12-11 18:46:00,7210.4,7212.2,7210.4,7212.2,4.25466952
2019-12-11 18:45:00,7212.1,7212.1,7210.5,7210.5,1.07310953
2019-12-11 18:44:00,7209.7,7213.8,7209.7,7213,10.45594775
2019-12-11 18:43:00,7208.3,7209.7,7207.4,7209.7,0.7815237
2019-12-11 18:42:00,7205,7206.3,7204.9,7206.3,5.0458618
2019-12-11 18:41:00,7207.2,7207.2,7204.9,7204.9,3.34526134
2019-12-11 18:40:00,7209.8,7209.8,7206.8,7207.2,5.3447018
2019-12-11 18:39:00,7212.2,7213.1,7209.7,7209.7,2.47813545
2019-12-11 18:38:00,7213.7,7213.8,7212.3,7212.3,0.20768924
2019-12-11 18:37:00,7210.3,7213.8,7209.1,7213.8,13.00031477
2019-12-11 18:36:00,7207.8,7211.6,7207.8,7210.4,10.98156386
2019-12-11 18:35:00,7206.7,7211.5,7206.7,7207.9,13.18037769
2019-12-11 18:34:00,7210.7,7210.7,7206.6,7206.7,2.17819526
2019-12-11 18:33:00,7214.9,7214.9,7210,7210.7,3.94509388
2019-12-11 18:32:00,7212.4,7215,7212.4,7215,7.60426973
2019-12-11 18:31:00,7214.2,7214.2,7212.4,7212.4,37.49096958
2019-12-11 18:30:00,7218.3,7218.3,7214.2,7214.2,25.40546291
2019-12-11 18:29:00,7216.9,7218.2,7215.8,7218.2,0.24792853
2019-12-11 18:28:00,7217,7219.3,7216.9,7217,4.1711056
2019-12-11 18:27:00,7221.2,7221.2,7217,7217,2.96050349
2019-12-11 18:26:00,7221.3,7223,7218.7,7221.2,7.95710462
2019-12-11 18:25:00,7216.2,7220.4,7216.2,7220.4,28.82063322
2019-12-11 18:24:00,7212.8,7216.3,7212.8,7216.3,3.39758196
2019-12-11 18:23:00,7209.1,7216.1,7208,7212.9,18.37658942
2019-12-11 18:22:00,7210.1,7210.9,7208.1,7209.9,2.95041544
2019-12-11 18:21:00,7215.4,7215.5,7208.3,7210.1,2.87014016
2019-12-11 18:20:00,7214.8,7215.5,7213.6,7215.5,4.36849132
2019-12-11 18:19:00,7214.5,7215,7213.3,7214.8,1.03831556
2019-12-11 18:18:00,7212.5,7216.4,7212.5,7213.8,5.16666115
2019-12-11 18:17:00,7212.4,7214.6,7211.2,7212.6,4.05785194
2019-12-11 18:16:00,7211,7216.5,7209.3,7211.4,16.52669088
2019-12-11 18:15:00,7204.1,7211,7201.7,7211,30.81450155
2019-12-11 18:14:00,7214.3,7219.9,7200,7204.5,143.25427076
2019-12-11 18:13:00,7218,7221.6,7200,7214.9,104.64919628
2019-12-11 18:12:00,7233.3,7233.3,7217.8,7217.8,44.55239143
2019-12-11 18:11:00,7234.4,7234.4,7232.9,7233.5,0.79188917
2019-12-11 18:10:00,7232.7,7234.2,7232.7,7234.2,2.0439308
2019-12-11 18:09:00,7232.7,7232.8,7232.7,7232.8,2.14280967
2019-12-11 18:08:00,7233,7233,7232.7,7232.7,6.3537658
2019-12-11 18:07:00,7234.1,7234.1,7233.5,7233.5,2.43114013
2019-12-11 18:06:00,7235.1,7235.1,7234.2,7234.2,0.05547954
2019-12-11 18:05:00,7237.6,7237.7,7235,7235.1,1.10378556
2019-12-11 18:04:00,7237.5,7237.5,7236.5,7237.5,0.26529354
2019-12-11 18:03:00,7235.5,7237.6,7235.5,7237.5,0.53603134
2019-12-11 18:02:00,7238.3,7238.3,7235.4,7235.4,0.99704427
2019-12-11 18:01:00,7237.4,7239.8,7237.4,7238.3,47.1215913
2019-12-11 18:00:00,7236.4,7239.6,7236.4,7237.7,4.52443955
2019-12-11 17:59:00,7234,7236.4,7234,7236.4,2.08265376
2019-12-11 17:58:00,7233.9,7234,7233.9,7233.9,0.0977473
2019-12-11 17:57:00,7235.1,7235.4,7233.9,7234,5.42999971
2019-12-11 17:56:00,7236,7236,7235.1,7235.1,0.4328116
2019-12-11 17:55:00,7235.7,7236.5,7235.7,7236.2,0.31937128
2019-12-11 17:54:00,7235,7235.7,7234,7235.7,3.36668902
2019-12-11 17:53:00,7235.5,7236.4,7235,7235,1.0638482
2019-12-11 17:52:00,7239.9,7240,7235.6,7235.6,4.10151064
2019-12-11 17:51:00,7244.3,7244.3,7240,7240,2.28546182
2019-12-11 17:50:00,7245.7,7245.8,7244.2,7244.3,4.46827015
2019-12-11 17:49:00,7244.4,7245.7,7244.4,7245.7,2.02009706
2019-12-11 17:48:00,7245.4,7246.1,7245,7245,3.4520331
2019-12-11 17:47:00,7245.2,7245.9,7244.4,7245.8,5.07662744
2019-12-11 17:46:00,7244.8,7247.3,7244.8,7245.2,12.71336882
2019-12-11 17:45:00,7243.2,7244.8,7243.2,7244.8,0.41670372
2019-12-11 17:44:00,7242.7,7243.7,7242.7,7243.2,3.22265077
2019-12-11 17:43:00,7241.3,7244.8,7241.3,7242.7,17.20962652
2019-12-11 17:42:00,7239,7241.3,7239,7241.3,2.03852862
2019-12-11 17:41:00,7239.1,7239.1,7239,7239,1.79112373
2019-12-11 17:40:00,7239.1,7239.1,7239,7239.1,0.96438856
2019-12-11 17:39:00,7239,7239.1,7239,7239.1,3.82202624
2019-12-11 17:38:00,7238.8,7239.8,7238.8,7239,9.80452645
2019-12-11 17:37:00,7234.7,7238.8,7234.7,7238.7,10.07893997
2019-12-11 17:36:00,7234.6,7234.7,7234.6,7234.6,1.18610018
2019-12-11 17:35:00,7233.5,7235.7,7233.1,7235.1,6.00881109
2019-12-11 17:34:00,7234.7,7234.7,7233.5,7233.5,4.99959155
2019-12-11 17:33:00,7234.7,7235.1,7234.7,7234.7,2.34917192
2019-12-11 17:32:00,7239,7239,7234.7,7234.7,11.1494127
2019-12-11 17:31:00,7239.5,7239.6,7238.9,7238.9,3.49783934
2019-12-11 17:30:00,7238.8,7239.6,7238.8,7239.6,0.23931965
2019-12-11 17:29:00,7237.5,7238.7,7236.6,7238.7,1.17170956
2019-12-11 17:28:00,7236,7237.6,7236,7237.5,3.46150658
2019-12-11 17:27:00,7237.4,7237.4,7236,7236.1,1.84479828
2019-12-11 17:26:00,7241.1,7241.1,7237.4,7237.4,12.75569653
2019-12-11 17:25:00,7243.4,7243.5,7241.5,7241.8,4.8817554
2019-12-11 17:24:00,7245.2,7245.2,7242.7,7243.5,8.86996273
2019-12-11 17:23:00,7246.7,7246.7,7245.2,7245.3,4.04137099
2019-12-11 17:22:00,7243.1,7246.4,7243.1,7246.3,10.06875149
2019-12-11 17:21:00,7242.3,7243,7242.3,7243,6.13291322
2019-12-11 17:20:00,7241.6,7242.4,7241.6,7242.3,6.18169691
2019-12-11 17:19:00,7241.6,7241.7,7241.6,7241.6,11.5065115
2019-12-11 17:18:00,7240.3,7241.6,7240.2,7241.6,31.53427303
2019-12-11 17:17:00,7239,7240.3,7238.9,7240.2,4.22461727
2019-12-11 17:16:00,7236.8,7240.4,7236.8,7239.1,19.00924612
2019-12-11 17:15:00,7244.4,7244.4,7236,7236.8,13.06377015
2019-12-11 17:14:00,7238.3,7245.3,7237.4,7244.4,31.01088413
2019-12-11 17:13:00,7235.3,7238.6,7235.2,7238.3,8.08870128
2019-12-11 17:12:00,7233.8,7235.2,7233.8,7235.2,9.0817919
2019-12-11 17:11:00,7233.8,7233.8,7233.7,7233.7,3.39521514
2019-12-11 17:10:00,7233.1,7233.8,7233.1,7233.8,6.26389419
2019-12-11 17:09:00,7237.5,7237.5,7232,7233.1,8.03138591
2019-12-11 17:08:00,7235.1,7238.2,7235.1,7237.5,12.67209705
2019-12-11 17:07:00,7229.5,7235.2,7229.5,7235,10.33644693
2019-12-11 17:06:00,7230.9,7232,7228,7229.5,39.34847784
2019-12-11 17:05:00,7228.4,7231.7,7228,7230.9,10.51291352
2019-12-11 17:04:00,7226.4,7228.5,7226.4,7228.5,27.48084285
2019-12-11 17:03:00,7226.4,7226.6,7226,7226.5,11.56264525
2019-12-11 17:02:00,7226.4,7226.4,7226.3,7226.4,0.28035413
2019-12-11 17:01:00,7224.9,7226.4,7224.9,7226.3,12.17325052
2019-12-11 17:00:00,7221.7,7224.9,7221.7,7224.9,2.28046556
2019-12-11 16:59:00,7223.5,7223.5,7222,7222,14.27681719
2019-12-11 16:58:00,7226.8,7226.8,7223.5,7223.5,3.1599784
2019-12-11 16:57:00,7229.5,7229.5,7224.9,7225.4,13.56111486
2019-12-11 16:56:00,7227.8,7230.7,7227.8,7229.6,10.58878282
2019-12-11 16:55:00,7225.8,7227.9,7225.8,7227.8,18.70926106
2019-12-11 16:54:00,7225.5,7225.8,7225.5,7225.7,0.46298439
2019-12-11 16:53:00,7226.2,7226.3,7225.4,7225.4,0.38675223
2019-12-11 16:52:00,7226.3,7226.3,7226.2,7226.3,1.54693589
2019-12-11 16:51:00,7226.3,7226.3,7225.5,7226.2,3.39093654
2019-12-11 16:50:00,7223.4,7228.5,7223.4,7226.2,14.83687019
2019-12-11 16:49:00,7223.2,7223.4,7223.1,7223.3,0.92258949
2019-12-11 16:48:00,7222.2,7223.2,7222.2,7223.2,6.55794715
2019-12-11 16:47:00,7222.1,7222.2,7222.1,7222.2,1.89924079
2019-12-11 16:46:00,7219,7223,7219,7222,3.71046149
2019-12-11 16:45:00,7218.9,7219,7218.9,7219,0.68579267
2019-12-11 16:44:00,7218.4,7218.9,7218.3,7218.9,9.49346762
2019-12-11 16:43:00,7217.7,7218.4,7217.7,7218.4,0.4352353
2019-12-11 16:42:00,7216.3,7217.8,7216.3,7217.8,0.9262789
2019-12-11 16:41:00,7215.6,7216.8,7215.6,7216.3,19.73553093
2019-12-11 16:40:00,7215.5,7215.6,7215.4,7215.6,12.14874931
2019-12-11 16:39:00,7217.9,7219.3,7215.6,7215.6,8.2110364
2019-12-11 16:38:00,7217.1,7218,7217.1,7217.9,26.88549223
2019-12-11 16:37:00,7219,7219,7217,7217.1,5.88687612
2019-12-11 16:36:00,7216,7218.9,7215.1,7218.9,26.58870746
2019-12-11 16:35:00,7216.5,7216.5,7216,7216,4.34463174
2019-12-11 16:34:00,7220,7220,7216.4,7216.4,7.49941957
2019-12-11 16:33:00,7221.3,7221.3,7220,7220,2.4131652
2019-12-11 16:32:00,7221.2,7221.3,7219.6,7221.3,30.32045631
2019-12-11 16:31:00,7222.6,7222.6,7221.2,7221.2,7.46742684
2019-12-11 16:30:00,7222.6,7222.7,7222.6,7222.6,1.32411746
2019-12-11 16:29:00,7222.3,7223.1,7222.3,7222.8,2.85949873
2019-12-11 16:28:00,7224.7,7224.7,7222,7222.1,3.10984872
2019-12-11 16:27:00,7226.8,7226.8,7224.7,7224.7,6.39711743
2019-12-11 16:26:00,7228,7228,7226.9,7226.9,3.45264393
2019-12-11 16:25:00,7228.6,7230,7226,7228,88.42706073
2019-12-11 16:24:00,7228.2,7228.7,7228.2,7228.7,4.57717541
2019-12-11 16:23:00,7227.4,7228.3,7227.4,7228.3,1.23388027
2019-12-11 16:22:00,7228.1,7230.4,7227.3,7227.3,2.06126219
2019-12-11 16:21:00,7231.3,7233.8,7228,7228.1,5.56443905
2019-12-11 16:20:00,7231.8,7231.8,7231.2,7231.3,3.97484665
2019-12-11 16:19:00,7231.8,7231.8,7231.7,7231.8,1.28909813
2019-12-11 16:18:00,7232.3,7232.3,7231.2,7231.8,5.67040672
2019-12-11 16:17:00,7230,7232.4,7230,7232.4,3.10427804
2019-12-11 16:16:00,7230.5,7230.7,7230,7230,13.18219047
2019-12-11 16:15:00,7222.5,7231,7222.5,7230.5,57.62106213
2019-12-11 16:14:00,7222.5,7222.5,7222.5,7222.5,0.15478118
2019-12-11 16:13:00,7222.1,7223.7,7221.8,7222.4,49.08865495
2019-12-11 16:12:00,7221.4,7224,7221.1,7222.1,5.86610589
2019-12-11 16:11:00,7223.9,7223.9,7221.8,7221.8,6.20538683
2019-12-11 16:10:00,7230.3,7230.3,7223.7,7223.9,57.28756062
2019-12-11 16:09:00,7229.1,7230.3,7229.1,7230.3,1.50387344
2019-12-11 16:08:00,7229.7,7229.7,7228.3,7229.1,1.25424162
2019-12-11 16:07:00,7225.1,7228.4,7225.1,7228.4,1.01487402
2019-12-11 16:06:00,7224.9,7226.1,7224.9,7225.1,3.10958653
2019-12-11 16:05:00,7226.1,7226.1,7224.7,7224.9,14.24180664
2019-12-11 16:04:00,7231.2,7234,7226.1,7226.1,30.7291162
2019-12-11 16:03:00,7229,7231.4,7226.6,7231.3,12.36592494
2019-12-11 16:02:00,7226.8,7232,7226.8,7229.2,26.9558683
2019-12-11 16:01:00,7224,7226.7,7224,7226.7,2.29804995
2019-12-11 16:00:00,7220.4,7223.9,7220.4,7223.9,47.89230931
2019-12-11 15:59:00,7219,7221,7218.9,7220.3,3.29302991
2019-12-11 15:58:00,7218.6,7218.6,7218.5,7218.6,1.28814511
2019-12-11 15:57:00,7218.9,7218.9,7218.5,7218.5,7.51819357
2019-12-11 15:56:00,7216.8,7222,7216.2,7218.9,36.47865289
2019-12-11 15:55:00,7214.3,7216.8,7214.3,7216.8,1.75302084
2019-12-11 15:54:00,7216.4,7216.4,7214.9,7214.9,5.47063341
2019-12-11 15:53:00,7216.4,7216.4,7216.3,7216.4,1.59354167
2019-12-11 15:52:00,7215.6,7216.5,7215.6,7216.4,1.48901351
2019-12-11 15:51:00,7217,7217,7215.6,7215.6,7.44550359
2019-12-11 15:50:00,7216.8,7217,7216.8,7217,7.31754406
2019-12-11 15:49:00,7222.5,7222.5,7216.8,7216.8,14.5361697
2019-12-11 15:48:00,7222.2,7222.5,7222.2,7222.5,1.48267526
2019-12-11 15:47:00,7220.2,7222.2,7220.2,7222.1,2.31591209
2019-12-11 15:46:00,7219,7220,7218.9,7220,11.8156962
2019-12-11 15:45:00,7217.1,7218.5,7217.1,7218.5,13.90437808
2019-12-11 15:44:00,7214.3,7217.1,7214.3,7217.1,11.01885261
2019-12-11 15:43:00,7214.3,7216.4,7214.2,7216.4,7.78215979
2019-12-11 15:42:00,7213.4,7214.6,7213.4,7214.2,4.90228736
2019-12-11 15:41:00,7214.3,7214.3,7212.3,7213.3,3.04782367
2019-12-11 15:40:00,7215.6,7215.6,7214.2,7214.2,0.37298338
2019-12-11 15:39:00,7215.7,7215.7,7215.6,7215.6,0.32416974
2019-12-11 15:38:00,7213.5,7215.6,7212.2,7215.6,8.03456404
2019-12-11 15:37:00,7215.6,7215.6,7213.4,7213.5,0.70934763
2019-12-11 15:36:00,7214.1,7215.6,7213.3,7215.4,4.85592354
2019-12-11 15:35:00,7214.5,7214.5,7214,7214.1,13.87370104
2019-12-11 15:34:00,7212.4,7214.5,7211.4,7214.4,12.0619817
2019-12-11 15:33:00,7216.3,7216.3,7212.4,7212.4,9.58818541
2019-12-11 15:32:00,7219.3,7219.3,7216.3,7216.3,2.84474904
2019-12-11 15:31:00,7221.4,7221.4,7219.7,7219.7,1.49734871
2019-12-11 15:30:00,7223.6,7223.6,7221.4,7221.5,18.72082501
2019-12-11 15:29:00,7222.8,7223.6,7222.8,7223.6,3.69045076
2019-12-11 15:28:00,7222,7222.7,7221.8,7222.7,9.68648477
2019-12-11 15:27:00,7220,7221.8,7219.9,7221.8,3.24842182
2019-12-11 15:26:00,7219.3,7220.3,7219.2,7220,11.18915375
2019-12-11 15:25:00,7219.2,7219.3,7219.2,7219.2,0.69280808
2019-12-11 15:24:00,7219,7219.2,7219,7219.2,1.65473386
2019-12-11 15:23:00,7218.5,7219,7218.5,7219,1.154715
2019-12-11 15:22:00,7217.3,7218.4,7217.3,7218.4,0.65624099
2019-12-11 15:21:00,7217.9,7218.7,7216.1,7217.2,1.81814674
2019-12-11 15:20:00,7218.8,7218.8,7217.8,7217.9,4.19972425
2019-12-11 15:19:00,7218.8,7218.9,7218,7218.9,2.13150884
2019-12-11 15:18:00,7217.9,7220.8,7217.9,7218.8,5.17826176
2019-12-11 15:17:00,7211.4,7217.2,7211.4,7217.2,4.0358489
2019-12-11 15:16:00,7210.3,7211.3,7210.3,7211.3,0.53984939
2019-12-11 15:15:00,7213,7213,7210.2,7210.2,1.24990015
2019-12-11 15:14:00,7212,7212.2,7212,7212.2,4.3424444
2019-12-11 15:13:00,7209.4,7212.1,7209.4,7212.1,6.22453144
2019-12-11 15:12:00,7207.3,7209.5,7207.3,7209.5,4.31968675
2019-12-11 15:11:00,7210.1,7210.1,7207.5,7207.5,0.57194417
2019-12-11 15:10:00,7214.5,7214.5,7210,7210.1,12.80828922
2019-12-11 15:09:00,7215.4,7215.4,7213.1,7214.8,55.80319932
2019-12-11 15:08:00,7217.3,7217.3,7215,7215.3,24.59216401
2019-12-11 15:07:00,7216.5,7217.5,7216.5,7217.4,3.94435432
2019-12-11 15:06:00,7219.1,7220.7,7216.9,7216.9,65.03410178
2019-12-11 15:05:00,7219.6,7219.6,7218.3,7219.1,3.58940624
2019-12-11 15:04:00,7220.2,7220.7,7219,7219.6,12.80582759
2019-12-11 15:03:00,7219.6,7220.9,7219.6,7219.8,1.28081206
2019-12-11 15:02:00,7220.7,7220.7,7217.8,7219.6,3.72946714
2019-12-11 15:01:00,7216.3,7221,7216.3,7220.6,14.62908523
2019-12-11 15:00:00,7216.3,7216.9,7216.3,7216.3,2.33995337
2019-12-11 14:59:00,7213.6,7217.4,7213.6,7216.3,12.07901677
2019-12-11 14:58:00,7212.8,7213.6,7212.8,7213.5,1.99716456
2019-12-11 14:57:00,7209.8,7213.6,7209.8,7212.7,17.36663783
2019-12-11 14:56:00,7213.6,7213.6,7209.7,7210.7,8.58571072
2019-12-11 14:55:00,7211.9,7213.6,7211.9,7213.6,16.66564874
2019-12-11 14:54:00,7210.7,7211.8,7210.7,7211.8,40.02482695
2019-12-11 14:53:00,7209.9,7210.7,7209.9,7210.7,1.12576135
2019-12-11 14:52:00,7206.7,7209.6,7206.7,7209.6,0.48873914
2019-12-11 14:51:00,7210.8,7210.8,7205.7,7206.7,10.00769875
2019-12-11 14:50:00,7205.9,7212.9,7205.9,7210.8,4.40247244
2019-12-11 14:49:00,7205.8,7205.9,7205.8,7205.8,0.29003226
2019-12-11 14:48:00,7204.7,7205.9,7204.6,7205.9,1.18452556
2019-12-11 14:47:00,7206.6,7206.7,7204.6,7204.6,2.1679462
2019-12-11 14:46:00,7204,7206.7,7204,7206.7,0.51824983
2019-12-11 14:45:00,7202.5,7204,7201.7,7204,5.64388979
2019-12-11 14:44:00,7203.8,7203.8,7202.5,7202.5,24.80772875
2019-12-11 14:43:00,7203,7203.8,7203,7203.8,1.31952606
2019-12-11 14:42:00,7207.1,7208.4,7202.8,7202.9,25.50935906
2019-12-11 14:41:00,7206.3,7207.8,7206.2,7207.2,29.1186183
2019-12-11 14:40:00,7206.3,7206.3,7206.2,7206.3,0.131727
2019-12-11 14:39:00,7205.2,7208.2,7205.2,7206.3,1.51834491
2019-12-11 14:38:00,7203.4,7205.4,7202.8,7205.3,9.67316123
2019-12-11 14:37:00,7203.1,7203.5,7203.1,7203.4,3.74799327
2019-12-11 14:36:00,7201.5,7203.1,7201.3,7203.1,3.26308535
2019-12-11 14:35:00,7203.2,7203.6,7200.9,7201.5,6.4049513
2019-12-11 14:34:00,7200.1,7202.8,7200.1,7202.8,3.30540049
2019-12-11 14:33:00,7202.3,7202.3,7199.4,7200,6.21550713
2019-12-11 14:32:00,7202.8,7203.5,7202.3,7202.3,5.75125296
2019-12-11 14:31:00,7203.1,7205,7202.8,7202.8,4.12920661
2019-12-11 14:30:00,7200.9,7203.4,7200.8,7203.1,5.31949121
2019-12-11 14:29:00,7199.1,7200.5,7198.7,7200.5,7.83778929
2019-12-11 14:28:00,7198.8,7199.8,7197.9,7199.2,14.73906102
2019-12-11 14:27:00,7198.4,7199.5,7197.3,7198.8,1.20104708
2019-12-11 14:26:00,7202.6,7202.6,7198.9,7198.9,2.70034724
2019-12-11 14:25:00,7205.6,7205.6,7201.7,7201.7,25.24970414
2019-12-11 14:24:00,7205.5,7205.5,7205.5,7205.5,2.41842789
2019-12-11 14:23:00,7205.7,7205.7,7205.5,7205.5,2.90051155
2019-12-11 14:22:00,7207.5,7207.6,7205.6,7205.6,3.97690593
2019-12-11 14:21:00,7207.6,7207.6,7207.5,7207.5,0.49753764
2019-12-11 14:20:00,7209.4,7209.6,7207.5,7207.6,9.35780134
2019-12-11 14:19:00,7207.1,7209.5,7206.8,7209.5,16.30583929
2019-12-11 14:18:00,7210.8,7210.8,7207.1,7207.1,17.98591729
2019-12-11 14:17:00,7210.6,7210.9,7210.1,7210.9,7.78326086
2019-12-11 14:16:00,7209.4,7211,7209.4,7210.5,3.43513631
2019-12-11 14:15:00,7206.1,7210,7205.4,7210,49.21274128
2019-12-11 14:14:00,7211.2,7211.2,7205.1,7206.1,11.01900608
2019-12-11 14:13:00,7207.2,7211.3,7207.2,7211.2,1.08872451
2019-12-11 14:12:00,7206.5,7207.1,7205.6,7207.1,1.28566937
2019-12-11 14:11:00,7203.8,7207.3,7203.7,7207.3,11.90851788
2019-12-11 14:10:00,7206.4,7207.5,7204,7204,4.69885261
2019-12-11 14:09:00,7205.5,7208.4,7204.2,7205,8.29874343
2019-12-11 14:08:00,7201.8,7209,7201.8,7205.5,24.53435793
2019-12-11 14:07:00,7199.4,7202.8,7199.4,7201.8,92.58124641
2019-12-11 14:06:00,7201.4,7201.4,7198.9,7199.4,36.59913498
2019-12-11 14:05:00,7196.5,7201.5,7196.4,7201.4,75.38542292
2019-12-11 14:04:00,7191.9,7198,7191.9,7196.4,86.56103104
2019-12-11 14:03:00,7192.4,7192.4,7190.6,7191.9,40.88485911
2019-12-11 14:02:00,7188.2,7192.7,7188.2,7192,83.65283807
2019-12-11 14:01:00,7189.9,7190,7179.8,7188.3,127.55983936
2019-12-11 14:00:00,7194.4,7194.4,7186.9,7190,99.93057689
2019-12-11 13:59:00,7197.8,7198,7194.5,7194.5,16.73349054
2019-12-11 13:58:00,7196,7197.8,7195.9,7197.8,32.234481
2019-12-11 13:57:00,7197.7,7198.7,7195,7196,15.71511801
2019-12-11 13:56:00,7196.5,7198.6,7196,7198,71.91155967
2019-12-11 13:55:00,7198.8,7198.8,7195.5,7196.5,8.8489603
2019-12-11 13:54:00,7198.1,7199.7,7198,7198.9,3.60075758
2019-12-11 13:53:00,7197.1,7199,7195.7,7198.1,20.92840708
2019-12-11 13:52:00,7202,7202,7195.7,7197.1,34.09897298
2019-12-11 13:51:00,7205.7,7205.7,7201.8,7202,4.46970087
2019-12-11 13:50:00,7206.9,7207,7205.1,7205.4,3.7140729
2019-12-11 13:49:00,7207.9,7208,7207.2,7207.2,4.67621909
2019-12-11 13:48:00,7208.5,7208.5,7208,7208,0.20930967
2019-12-11 13:47:00,7211.4,7211.4,7208.4,7208.7,17.58399156
2019-12-11 13:46:00,7208.6,7211.4,7208.6,7211.3,5.23672511
2019-12-11 13:45:00,7207.7,7209.9,7207.7,7208.6,10.15209735
2019-12-11 13:44:00,7207.7,7207.8,7206,7207.7,2.90253296
2019-12-11 13:43:00,7207.7,7207.8,7207.7,7207.8,0.78288023
2019-12-11 13:42:00,7205.9,7207.8,7205.2,7207.8,1.32455144
2019-12-11 13:41:00,7207.1,7207.1,7205.8,7205.8,1.30245864
2019-12-11 13:40:00,7207,7207.8,7206,7207,1.54806
2019-12-11 13:39:00,7201.9,7209.9,7201.9,7205.8,24.81116125
2019-12-11 13:38:00,7200.1,7204.4,7198.3,7202,61.66225847
2019-12-11 13:37:00,7203.8,7203.8,7200.2,7200.3,41.5559919
2019-12-11 13:36:00,7204.3,7205.8,7203.6,7203.6,21.2123679
2019-12-11 13:35:00,7206.3,7206.3,7204.3,7204.3,8.42868859
2019-12-11 13:34:00,7209,7209,7206.4,7206.4,8.35033834
2019-12-11 13:33:00,7209.5,7209.9,7208.6,7209,6.2567839
2019-12-11 13:32:00,7209.5,7212,7207.7,7209.6,24.23776318
2019-12-11 13:31:00,7213.6,7213.6,7209.6,7209.7,8.39292035
2019-12-11 13:30:00,7214.8,7216.8,7213.9,7213.9,7.43200658
2019-12-11 13:29:00,7215.4,7215.4,7214.4,7214.9,1.88900311
2019-12-11 13:28:00,7216.8,7216.9,7215.4,7215.4,2.2201246
2019-12-11 13:27:00,7214,7217.8,7214,7216.8,16.03329081
2019-12-11 13:26:00,7217.1,7217.2,7213.9,7214.1,2.47205948
2019-12-11 13:25:00,7220,7220,7217,7217.1,0.52820245
2019-12-11 13:24:00,7220.3,7220.4,7219.7,7220.3,2.1896466
2019-12-11 13:23:00,7220.4,7220.4,7220.2,7220.3,0.63302672
2019-12-11 13:22:00,7220.8,7220.9,7220.5,7220.5,3.57435864
2019-12-11 13:21:00,7221.7,7221.7,7220.9,7220.9,0.2459023
2019-12-11 13:20:00,7222.7,7222.7,7221.7,7221.8,0.65150067
2019-12-11 13:19:00,7223.1,7223.2,7223.1,7223.1,0.09213315
2019-12-11 13:18:00,7226.2,7226.2,7221.8,7223.2,9.5980773
2019-12-11 13:17:00,7226.2,7226.2,7226.1,7226.1,3.45776871
2019-12-11 13:16:00,7227.3,7227.3,7226.1,7226.1,4.30280515
2019-12-11 13:15:00,7223.5,7227.3,7223.5,7227.2,2.62413113
2019-12-11 13:14:00,7221.7,7223.3,7221.7,7223.3,0.47186747
2019-12-11 13:13:00,7221.6,7221.7,7221.6,7221.7,0.32044015
2019-12-11 13:12:00,7221.6,7221.7,7221.6,7221.7,0.28158747
2019-12-11 13:11:00,7220.3,7221.7,7220.3,7221.7,6.40741913
2019-12-11 13:10:00,7220.8,7220.8,7220.2,7220.3,1.10314595
2019-12-11 13:09:00,7221.5,7222.7,7220.8,7220.9,8.29875735
2019-12-11 13:08:00,7220.1,7221.4,7220,7221.4,2.2803803
2019-12-11 13:07:00,7220.3,7220.3,7220,7220.1,2.97523809
2019-12-11 13:06:00,7220.3,7220.3,7220.2,7220.2,0.18974329
2019-12-11 13:05:00,7220.3,7220.3,7220.2,7220.3,0.19599328
2019-12-11 13:04:00,7220.3,7220.3,7220.3,7220.3,0.76617962
2019-12-11 13:03:00,7219.4,7220.2,7219.4,7220.2,0.17086385
2019-12-11 13:02:00,7218.2,7219.5,7218.2,7219.4,1.00487844
2019-12-11 13:01:00,7217.5,7218.2,7217.4,7218.2,3.49801005
2019-12-11 13:00:00,7217.4,7217.5,7216.6,7217.4,4.7449849
2019-12-11 12:59:00,7217.8,7217.8,7217.4,7217.4,0.80862692
2019-12-11 12:58:00,7222.5,7222.5,7217.3,7217.8,28.34335485
2019-12-11 12:57:00,7221.2,7222.5,7221.1,7222.4,1.6328212
2019-12-11 12:56:00,7222,7222,7221.1,7221.1,8.67507438
2019-12-11 12:55:00,7222.2,7222.2,7222,7222.1,0.21629628
2019-12-11 12:54:00,7222.1,7222.2,7222.1,7222.2,0.88517713
2019-12-11 12:53:00,7222,7222.2,7222,7222.2,0.84840968
2019-12-11 12:52:00,7220.4,7222,7220.4,7222,4.22790509
2019-12-11 12:51:00,7217.9,7220.3,7217.9,7220.3,3.03560101
2019-12-11 12:50:00,7217.9,7217.9,7217.8,7217.9,0.37382267
2019-12-11 12:49:00,7217.5,7217.9,7217.5,7217.8,0.99501163
2019-12-11 12:48:00,7216,7217.6,7215.9,7217.5,1.10583544
2019-12-11 12:47:00,7215,7215.9,7214.9,7215.6,13.99912018
2019-12-11 12:46:00,7213.6,7215,7213.6,7215,1.20535966
2019-12-11 12:45:00,7214.3,7214.3,7210.6,7213.6,16.24692595
2019-12-11 12:44:00,7214.2,7214.3,7214.2,7214.3,0.14622234
2019-12-11 12:43:00,7214.3,7214.3,7214.2,7214.2,2.29952764
2019-12-11 12:42:00,7214.3,7214.8,7214.2,7214.3,0.82482077
2019-12-11 12:41:00,7215.2,7215.3,7214.2,7214.2,4.31539866
2019-12-11 12:40:00,7215.3,7215.3,7215.3,7215.3,0.40634151
2019-12-11 12:39:00,7217,7217,7215.2,7215.2,20.80886423
2019-12-11 12:38:00,7217.2,7217.2,7216.4,7216.9,3.27619597
2019-12-11 12:37:00,7216.7,7218,7216.7,7217.4,0.42151278
2019-12-11 12:36:00,7216,7216.8,7215.4,7216.8,1.74459786
2019-12-11 12:35:00,7214,7216.1,7213.9,7216,19.71413082
2019-12-11 12:34:00,7214,7214,7213.9,7214,0.23597652
2019-12-11 12:33:00,7213.1,7216.4,7213.1,7213.9,9.63230366
2019-12-11 12:32:00,7220,7220,7213.1,7213.1,10.68551063
2019-12-11 12:31:00,7222,7222.3,7220,7220,8.21811373
2019-12-11 12:30:00,7221.6,7222.7,7221.6,7222,1.68988816
2019-12-11 12:29:00,7223.4,7223.4,7221.7,7221.7,1.22644163
2019-12-11 12:28:00,7223.4,7223.4,7223.4,7223.4,0.17384926
2019-12-11 12:27:00,7226.5,7226.6,7223.3,7223.4,13.63889809
2019-12-11 12:26:00,7226.2,7226.5,7226.2,7226.5,2.36416796
2019-12-11 12:25:00,7224.9,7226.3,7224.9,7226.3,1.3206492
2019-12-11 12:24:00,7225.7,7225.7,7223.2,7224.9,7.8493747
2019-12-11 12:23:00,7225.8,7226.6,7225.7,7225.8,2.73256709
2019-12-11 12:22:00,7228.6,7228.6,7225.7,7225.8,2.88492437
2019-12-11 12:21:00,7224.5,7229,7224.5,7227.9,45.45304107
2019-12-11 12:20:00,7220.8,7224.2,7220.8,7224.2,6.8248741
2019-12-11 12:19:00,7220.7,7220.7,7220.6,7220.7,2.3009216
2019-12-11 12:18:00,7220,7221.8,7219.3,7220.7,13.38322852
2019-12-11 12:17:00,7222.7,7222.7,7220.2,7220.2,11.6451112
2019-12-11 12:16:00,7220,7222.7,7218.2,7222.7,119.9549859
2019-12-11 12:15:00,7223.2,7223.2,7220,7220,3.3493223
2019-12-11 12:14:00,7222.5,7223.6,7220,7223.3,27.83695746
2019-12-11 12:13:00,7222.1,7223.6,7221.2,7221.3,3.11089147
2019-12-11 12:12:00,7224.6,7224.6,7220.6,7222.2,1.82105623
2019-12-11 12:11:00,7218.7,7227,7218.7,7224.7,24.04449411
2019-12-11 12:10:00,7220.2,7220.2,7216.5,7218.3,20.70132408
2019-12-11 12:09:00,7213.7,7220.6,7213.7,7220.4,16.87054887
2019-12-11 12:08:00,7213.8,7213.8,7213.7,7213.8,0.04672224
2019-12-11 12:07:00,7209.5,7213.8,7209.5,7213.7,4.9582699
2019-12-11 12:06:00,7213.7,7213.7,7209.5,7209.5,16.9628071
2019-12-11 12:05:00,7212.2,7214.2,7212.2,7213.7,2.87445862
2019-12-11 12:04:00,7208.9,7213.7,7208.9,7212.1,9.44865903
2019-12-11 12:03:00,7205.7,7209,7205.7,7209,0.56468157
2019-12-11 12:02:00,7204.3,7207,7200.4,7205.7,22.56801937
2019-12-11 12:01:00,7208.7,7208.7,7202.7,7204.3,12.11226044
2019-12-11 12:00:00,7212.1,7212.1,7208.1,7208.1,26.64776998
2019-12-11 11:59:00,7214.9,7214.9,7212,7212,9.19221702
2019-12-11 11:58:00,7212.1,7215.5,7212.1,7214.9,9.5408372
2019-12-11 11:57:00,7211.1,7211.4,7209.8,7211.4,7.47868527
2019-12-11 11:56:00,7210,7211.1,7209.9,7211.1,0.79866702
2019-12-11 11:55:00,7207.6,7210,7207.6,7210,14.76547435
2019-12-11 11:54:00,7205.4,7209,7205.4,7207.5,13.20478216
2019-12-11 11:53:00,7208.6,7208.7,7205.4,7205.4,3.24305232
2019-12-11 11:52:00,7208.1,7208.7,7206,7208.6,1.26002858
2019-12-11 11:51:00,7203.3,7209.3,7203.3,7207.8,14.3438009
2019-12-11 11:50:00,7197,7203.4,7189.9,7203.4,54.13238883
2019-12-11 11:49:00,7196.6,7200.5,7195.6,7197,9.46306201
2019-12-11 11:48:00,7209,7209,7195,7196.7,111.36136829
2019-12-11 11:47:00,7207.8,7209,7207.8,7209,0.74190996
2019-12-11 11:46:00,7205.7,7207.8,7205.4,7207.8,1.41229533
2019-12-11 11:45:00,7210.2,7210.3,7205.6,7205.7,2.93903821
2019-12-11 11:44:00,7210,7210.5,7210,7210.3,2.01901747
2019-12-11 11:43:00,7207.9,7209.9,7207.2,7209.9,5.91028411
2019-12-11 11:42:00,7209.4,7209.7,7208,7208,3.68364597
2019-12-11 11:41:00,7207.3,7209.4,7207.3,7209.4,3.31603471
2019-12-11 11:40:00,7206,7207.4,7205,7207.2,6.08263103
2019-12-11 11:39:00,7208.4,7208.4,7206,7206.1,2.85516387
2019-12-11 11:38:00,7212.4,7212.4,7206.9,7208.4,19.1336659
2019-12-11 11:37:00,7214.2,7214.2,7212.3,7212.3,1.85719067
2019-12-11 11:36:00,7215.9,7215.9,7214.1,7214.1,0.31988493
2019-12-11 11:35:00,7213.5,7215.9,7213,7215.8,3.85961932
2019-12-11 11:34:00,7216.9,7216.9,7213.6,7213.6,0.58274151
2019-12-11 11:33:00,7218,7218.1,7214.9,7216.9,1.86479611
2019-12-11 11:32:00,7213.4,7218.7,7213.4,7218.3,17.95475632
2019-12-11 11:31:00,7213,7213.5,7211.9,7213.5,5.45072509
2019-12-11 11:30:00,7215.3,7215.4,7213,7213.1,30.58060734
2019-12-11 11:29:00,7215.8,7218.5,7215.3,7215.3,5.8837087
2019-12-11 11:28:00,7218.7,7218.7,7214.2,7215.7,1.238509
2019-12-11 11:27:00,7218.3,7220.2,7218.3,7218.8,5.77831894
2019-12-11 11:26:00,7212.3,7219.4,7211.5,7218.9,12.81549622
2019-12-11 11:25:00,7220.6,7220.6,7212.2,7212.3,29.21942648
2019-12-11 11:24:00,7220.5,7222,7220,7220.6,26.93239807
2019-12-11 11:23:00,7221.5,7223.5,7220.4,7220.4,3.8491996
2019-12-11 11:22:00,7224,7224,7220.1,7220.9,18.05187666
2019-12-11 11:21:00,7225.7,7226.1,7223.2,7225.4,1.48989049
2019-12-11 11:20:00,7226.3,7227.1,7226.2,7226.2,7.31754043
2019-12-11 11:19:00,7224.5,7226.3,7224.5,7226.3,3.58735431
2019-12-11 11:18:00,7223.3,7224.2,7223.1,7224.2,4.17506537
2019-12-11 11:17:00,7224.5,7224.5,7221.2,7223.3,6.25022305
2019-12-11 11:16:00,7221,7225.5,7221,7224.6,10.1429546
2019-12-11 11:15:00,7221.4,7221.5,7220.9,7220.9,5.18508496
2019-12-11 11:14:00,7222.9,7222.9,7221.3,7221.4,2.84099372
2019-12-11 11:13:00,7222.8,7223,7222.7,7223,3.07076523
2019-12-11 11:12:00,7222.1,7225.7,7220.8,7222.8,6.15971342
2019-12-11 11:11:00,7218.5,7222.2,7218.5,7222.1,17.12140086
2019-12-11 11:10:00,7219.4,7221.1,7216.9,7218.5,6.53359136
2019-12-11 11:09:00,7220,7222.4,7215.4,7219.9,21.19438677
2019-12-11 11:08:00,7225.2,7227.4,7220,7220,61.78377512
2019-12-11 11:07:00,7228.9,7230.2,7221,7225.5,85.63092952
2019-12-11 11:06:00,7236.3,7236.3,7227.6,7228.9,14.9377541
2019-12-11 11:05:00,7232.3,7238,7232.3,7236.3,6.67525682
2019-12-11 11:04:00,7232.6,7233.7,7232.2,7232.2,14.81704922
2019-12-11 11:03:00,7240.8,7241.2,7230.4,7232.5,43.65643533
2019-12-11 11:02:00,7241.8,7241.8,7237.9,7240,17.02142775
2019-12-11 11:01:00,7245.7,7245.8,7241.9,7241.9,14.15236567
2019-12-11 11:00:00,7248.7,7248.8,7245.7,7245.7,4.81367404
2019-12-11 10:59:00,7249.7,7249.7,7247.4,7248.7,6.09962503
2019-12-11 10:58:00,7248.8,7249.8,7248.8,7249.7,10.67004715
2019-12-11 10:57:00,7249.8,7250.8,7248.7,7248.8,4.9112913
2019-12-11 10:56:00,7248.9,7249.8,7248.9,7249.8,2.19171502
2019-12-11 10:55:00,7248.2,7248.5,7248.2,7248.5,9.19098867
2019-12-11 10:54:00,7248.2,7248.2,7245.7,7248.2,31.45399881
2019-12-11 10:53:00,7249.7,7249.7,7248.1,7248.3,4.59095133
2019-12-11 10:52:00,7249.2,7249.4,7248.7,7249.4,21.56909726
2019-12-11 10:51:00,7251.5,7251.5,7249.1,7249.1,19.09271169
2019-12-11 10:50:00,7253.3,7253.3,7251.5,7251.5,8.42291498
2019-12-11 10:49:00,7255.2,7255.3,7252.6,7253.6,9.80916894
2019-12-11 10:48:00,7255.3,7258.3,7254.5,7255.3,15.49037716
2019-12-11 10:47:00,7255.9,7256.1,7253.3,7256,24.68651589
2019-12-11 10:46:00,7256.7,7256.7,7255.9,7255.9,5.54771829
2019-12-11 10:45:00,7259.7,7261,7256.6,7256.7,9.64357776
2019-12-11 10:44:00,7257.3,7261.2,7257.3,7259.6,22.30207766
2019-12-11 10:43:00,7258.9,7259.6,7256.7,7256.8,4.14191329
2019-12-11 10:42:00,7259.1,7259.1,7258.4,7258.8,1.41899261
2019-12-11 10:41:00,7259,7259.9,7259,7259.1,3.43917832
2019-12-11 10:40:00,7259.7,7260.3,7258.9,7258.9,10.22904754
2019-12-11 10:39:00,7258.7,7259.6,7258.7,7259.6,2.50504973
2019-12-11 10:38:00,7261.9,7261.9,7258.7,7258.7,1.79426998
2019-12-11 10:37:00,7261.7,7262.5,7261.7,7261.9,1.95127803
2019-12-11 10:36:00,7261.5,7261.6,7261.4,7261.6,0.35530787
2019-12-11 10:35:00,7261,7261.8,7261,7261.5,0.30317324
2019-12-11 10:34:00,7260.2,7261,7260.2,7260.9,2.08251391
2019-12-11 10:33:00,7260.8,7260.8,7259.3,7259.4,5.30741997
2019-12-11 10:32:00,7259.3,7260.1,7259.3,7259.6,1.6482343
2019-12-11 10:31:00,7262,7263,7254.9,7259.3,76.91067064
2019-12-11 10:30:00,7255.2,7262,7255.2,7262,42.30117921
2019-12-11 10:29:00,7255.2,7255.3,7255.2,7255.2,11.38523579
2019-12-11 10:28:00,7253.6,7258.6,7253.6,7255.2,27.8937958
2019-12-11 10:27:00,7253.4,7254.1,7252.5,7253.6,5.72743649
2019-12-11 10:26:00,7252.3,7253.3,7252.2,7253.3,0.21014056
2019-12-11 10:25:00,7250.1,7252.8,7250.1,7252.3,2.57522405
2019-12-11 10:24:00,7252.6,7252.6,7250,7250,6.95821949
2019-12-11 10:23:00,7256.2,7256.2,7252.6,7252.7,13.09996366
2019-12-11 10:22:00,7256.3,7256.3,7256.3,7256.3,1.92756695
2019-12-11 10:21:00,7256.4,7257.4,7254.9,7254.9,6.45334688
2019-12-11 10:20:00,7254.6,7256.3,7254.6,7256.3,0.79607244
2019-12-11 10:19:00,7259.2,7259.2,7253.8,7253.9,16.91239317
2019-12-11 10:18:00,7255.7,7259.3,7255.7,7259.3,0.85154199
2019-12-11 10:17:00,7255.3,7255.5,7255.3,7255.5,1.61324876
2019-12-11 10:16:00,7254.3,7255.3,7254,7255.3,7.80438399
2019-12-11 10:15:00,7253.1,7254.6,7253.1,7254.3,3.00971635
2019-12-11 10:14:00,7251.8,7253.2,7251.7,7253.1,3.85365149
2019-12-11 10:13:00,7253.7,7254.1,7251.6,7251.7,11.09931843
2019-12-11 10:12:00,7251.4,7253.8,7251.4,7253.8,3.15250785
2019-12-11 10:11:00,7251.6,7255.9,7249.9,7251.3,18.69491487
2019-12-11 10:10:00,7259,7259.1,7247.8,7251.5,42.85643193
2019-12-11 10:09:00,7261,7261.1,7258.9,7259,2.39557199
2019-12-11 10:08:00,7262.5,7262.5,7261,7261,2.61477388
2019-12-11 10:07:00,7262.4,7262.5,7262.4,7262.4,8.75319054
2019-12-11 10:06:00,7262.4,7262.5,7262.4,7262.4,1.03490436
2019-12-11 10:05:00,7262.4,7262.5,7262.4,7262.5,1.80231206
2019-12-11 10:04:00,7263.1,7263.2,7261.8,7262.4,2.23358923
2019-12-11 10:03:00,7269.2,7269.2,7263.1,7263.1,39.4857176
2019-12-11 10:02:00,7270.1,7270.1,7269.2,7269.3,9.25453651
2019-12-11 10:01:00,7270,7270.9,7270,7270.1,10.14171
2019-12-11 10:00:00,7268,7270.1,7268,7270,1.26617866
2019-12-11 09:59:00,7267.9,7268,7267.9,7267.9,0.23141992
2019-12-11 09:58:00,7266.7,7267.9,7266.7,7267.9,1.67481879
2019-12-11 09:57:00,7266.9,7267,7266.7,7266.8,3.05104853
2019-12-11 09:56:00,7267.5,7271,7266.9,7266.9,21.39976883
2019-12-11 09:55:00,7267.4,7267.5,7267.4,7267.5,0.85709659
2019-12-11 09:54:00,7268.4,7268.5,7267.3,7267.3,7.68034164
2019-12-11 09:53:00,7266.3,7268.5,7266.3,7268.4,4.52275526
2019-12-11 09:52:00,7266.6,7267.2,7265.8,7266.3,13.57468495
2019-12-11 09:51:00,7263.3,7269,7263.3,7266,20.30909579
2019-12-11 09:50:00,7260.1,7263.2,7260.1,7263.2,0.83132301
2019-12-11 09:49:00,7257.9,7260.1,7256.8,7260.1,2.33512565
2019-12-11 09:48:00,7256.4,7257.8,7256.4,7257.8,5.54126255
2019-12-11 09:47:00,7258,7258,7253.3,7256.3,25.79664776
2019-12-11 09:46:00,7259.3,7259.3,7256.1,7258,4.01996933
2019-12-11 09:45:00,7261,7261.4,7257.2,7259.2,27.67761696
2019-12-11 09:44:00,7260.6,7260.6,7257.1,7259.2,14.27350913
2019-12-11 09:43:00,7246.6,7265.2,7246.6,7260.6,215.73633665
2019-12-11 09:42:00,7247.4,7250.6,7246,7246.6,65.93104385
2019-12-11 09:41:00,7238.4,7259.5,7238.3,7247.6,187.01398627
2019-12-11 09:40:00,7237.4,7238.4,7237.4,7238.4,1.44144568
2019-12-11 09:39:00,7239.8,7239.8,7237.4,7237.4,2.61594741
2019-12-11 09:38:00,7239.5,7239.8,7239.5,7239.8,0.24245865
2019-12-11 09:37:00,7237.2,7239.3,7237.2,7239.3,5.91897058
2019-12-11 09:36:00,7239,7239,7237.9,7237.9,1.29585143
2019-12-11 09:35:00,7239.8,7239.8,7239.1,7239.1,3.1257148
2019-12-11 09:34:00,7241.8,7242.4,7238.4,7239.8,17.11782969
2019-12-11 09:33:00,7241.2,7241.7,7241.2,7241.7,0.16451846
2019-12-11 09:32:00,7240.7,7241.2,7240.7,7241.2,23.44686581
2019-12-11 09:31:00,7240.1,7240.6,7240.1,7240.6,1.31727273
2019-12-11 09:30:00,7240.2,7240.2,7240.1,7240.1,1.7150411
2019-12-11 09:29:00,7239.1,7240.2,7239.1,7240.2,0.31326221
2019-12-11 09:28:00,7240.7,7240.7,7240.1,7240.1,0.14971273
2019-12-11 09:27:00,7242.8,7242.9,7241.1,7241.1,1.95385429
2019-12-11 09:26:00,7240.8,7242.8,7240.8,7242.8,0.21911178
2019-12-11 09:25:00,7242.2,7242.3,7240.7,7240.7,7.85783984
2019-12-11 09:24:00,7241.1,7242.3,7239.5,7242.2,0.61733197
2019-12-11 09:23:00,7242.3,7243.1,7241.2,7241.2,3.24103105
2019-12-11 09:22:00,7239.6,7244.7,7239.6,7242.4,17.09434463
2019-12-11 09:21:00,7238,7241,7236.4,7239.6,46.87201387
2019-12-11 09:20:00,7235.3,7237.9,7234.9,7237.4,9.78241217
2019-12-11 09:19:00,7236.6,7236.6,7235.4,7235.4,1.54933345
2019-12-11 09:18:00,7235.6,7236.5,7235.6,7236.5,1.1718328
2019-12-11 09:17:00,7235.7,7235.7,7235.7,7235.7,0.12837226
2019-12-11 09:16:00,7235.9,7237.1,7235.7,7235.7,8.88426461
2019-12-11 09:15:00,7238.2,7238.2,7235.9,7235.9,2.93287737
2019-12-11 09:14:00,7234.7,7238.2,7234.7,7238.2,14.91661763
2019-12-11 09:13:00,7235.1,7235.1,7234.8,7234.8,4.88292347
2019-12-11 09:12:00,7234.2,7235.9,7231.1,7235.1,15.14462359
2019-12-11 09:11:00,7232.8,7234.3,7232.8,7234.3,4.93107805
2019-12-11 09:10:00,7235.2,7235.2,7232.9,7232.9,11.3738733
2019-12-11 09:09:00,7235,7236.2,7235,7235.3,0.35817644
2019-12-11 09:08:00,7234.8,7235.1,7234.8,7235.1,0.40810183
2019-12-11 09:07:00,7236.3,7236.3,7232.7,7234.1,2.95018608
2019-12-11 09:06:00,7235.9,7236.7,7235.8,7236.4,1.20183331
2019-12-11 09:05:00,7235,7236,7235,7236,8.67090785
2019-12-11 09:04:00,7236.2,7236.2,7235,7235,0.9208525
2019-12-11 09:03:00,7235.7,7240.5,7234.3,7236.3,6.40188314
2019-12-11 09:02:00,7236.3,7236.3,7236.2,7236.2,0.20081466
2019-12-11 09:01:00,7239.2,7239.2,7236.3,7236.4,4.43363067
2019-12-11 09:00:00,7239,7239.5,7237.9,7239.3,2.9364086
2019-12-11 08:59:00,7238.4,7239,7238.4,7239,0.86300227
2019-12-11 08:58:00,7238.5,7238.5,7238.5,7238.5,0.09406417
2019-12-11 08:57:00,7236.1,7238.5,7233.2,7238.4,12.47313679
2019-12-11 08:56:00,7235.9,7236.7,7235.8,7235.8,7.54161088
2019-12-11 08:55:00,7241.4,7241.4,7235.8,7235.8,4.12563275
2019-12-11 08:54:00,7240.5,7241.5,7240.5,7241.5,1.53017353
2019-12-11 08:53:00,7240.3,7240.4,7240.3,7240.4,0.620327
2019-12-11 08:52:00,7240.3,7240.3,7240.2,7240.2,0.19650638
2019-12-11 08:51:00,7240.9,7241,7240.2,7240.2,1.50231441
2019-12-11 08:50:00,7238.1,7241.3,7238.1,7240.9,11.50339702
2019-12-11 08:49:00,7236.7,7238.1,7236.7,7238.1,2.21531289
2019-12-11 08:48:00,7234.6,7236.7,7234.6,7236.7,1.09003718
2019-12-11 08:47:00,7238.5,7239.5,7234.5,7234.5,5.78920206
2019-12-11 08:46:00,7238.5,7240.2,7235.8,7238.6,5.26134351
2019-12-11 08:45:00,7242.8,7242.8,7238.9,7238.9,15.94770437
2019-12-11 08:44:00,7240.7,7242.9,7240.7,7242.9,0.99826454
2019-12-11 08:43:00,7242.5,7242.5,7240.7,7240.7,2.96501176
2019-12-11 08:42:00,7246.3,7246.3,7242.5,7242.6,16.76743842
2019-12-11 08:41:00,7242.9,7246.4,7242.9,7246.4,8.14803254
2019-12-11 08:40:00,7239.8,7242.9,7239.8,7242.9,10.30676217
2019-12-11 08:39:00,7239.8,7239.8,7239.7,7239.8,2.00585257
2019-12-11 08:38:00,7238.7,7239.8,7238.5,7239.8,0.96808462
2019-12-11 08:37:00,7239,7239,7238.8,7238.8,1.8490653
2019-12-11 08:36:00,7237.8,7238.9,7237.8,7238.9,5.49540247
2019-12-11 08:35:00,7236.2,7237.8,7236.2,7237.7,0.66527169
2019-12-11 08:34:00,7233.2,7237.3,7233.2,7236.2,11.7657969
2019-12-11 08:33:00,7235,7235.6,7232.2,7233.1,6.28227413
2019-12-11 08:32:00,7234,7234.9,7233.9,7234.9,5.15919088
2019-12-11 08:31:00,7234,7234,7234,7234,0
2019-12-11 08:30:00,7234,7234,7233.9,7234,0.03096624
2019-12-11 08:29:00,7233.7,7234,7233,7234,29.89064332
2019-12-11 08:28:00,7234.7,7234.9,7233.8,7233.8,1.091433
2019-12-11 08:27:00,7235.1,7235.1,7231.9,7233.7,3.71135751
2019-12-11 08:26:00,7235.4,7235.4,7233.3,7234.1,6.2782918
2019-12-11 08:25:00,7240.2,7240.3,7235.8,7235.8,18.63449007
2019-12-11 08:24:00,7240.5,7240.5,7240.2,7240.2,0.06965307
2019-12-11 08:23:00,7241.9,7241.9,7240.5,7240.5,0.2851488
2019-12-11 08:22:00,7242.2,7244,7242,7242,1.38716669
2019-12-11 08:21:00,7243.2,7243.9,7242.2,7242.5,7.7000615
2019-12-11 08:20:00,7242.5,7244.4,7242.2,7243.2,0.89339567
2019-12-11 08:19:00,7241.2,7241.6,7241.1,7241.6,1.52474903
2019-12-11 08:18:00,7239.6,7241.4,7236.1,7239.8,20.69287507
2019-12-11 08:17:00,7235.5,7240.1,7235.5,7239.7,4.4293684
2019-12-11 08:16:00,7235,7236,7233.9,7236,0.73357444
2019-12-11 08:15:00,7232.1,7236.4,7232.1,7234.9,2.55716625
2019-12-11 08:14:00,7233.6,7233.6,7231.1,7232,3.18683276
2019-12-11 08:13:00,7232.1,7233.6,7232.1,7233.6,0.3475173
2019-12-11 08:12:00,7233.6,7233.6,7231,7232,7.37499217
2019-12-11 08:11:00,7234.8,7234.8,7230.7,7233.5,13.32524807
2019-12-11 08:10:00,7234,7234.9,7234,7234.8,1.41313048
2019-12-11 08:09:00,7231.9,7233.8,7231.9,7233.8,0.67285407
2019-12-11 08:08:00,7233.2,7233.2,7228.8,7231.5,10.21774584
2019-12-11 08:07:00,7236.1,7236.1,7232.5,7233.3,2.27041869
2019-12-11 08:06:00,7237.4,7237.4,7236,7236,9.37300465
2019-12-11 08:05:00,7231.4,7236.3,7231.4,7236.3,2.81075836
2019-12-11 08:04:00,7232.7,7232.9,7231,7231.3,0.82885082
2019-12-11 08:03:00,7227.1,7232.7,7227.1,7232.7,1.52922475
2019-12-11 08:02:00,7224.3,7226,7224.3,7226,42.46690104
2019-12-11 08:01:00,7222.4,7224.8,7221.9,7224.2,18.58643362
2019-12-11 08:00:00,7224.5,7224.5,7222.5,7222.5,1.98554124
2019-12-11 07:59:00,7223.8,7224.5,7222.9,7224.5,1.52433666
2019-12-11 07:58:00,7223.5,7224,7220.3,7223.9,17.50545445
2019-12-11 07:57:00,7230.1,7231.4,7223.5,7223.5,31.17604673
2019-12-11 07:56:00,7230.8,7233.2,7230.8,7231,0.0836188
2019-12-11 07:55:00,7231.1,7233.7,7229.4,7230.7,17.77492749
2019-12-11 07:54:00,7233.3,7233.3,7232.1,7232.1,1.97576775
2019-12-11 07:53:00,7233.2,7233.3,7233.2,7233.2,0.0562341
2019-12-11 07:52:00,7231.7,7233.2,7231.7,7233.2,3.61105111
2019-12-11 07:51:00,7229.9,7231.5,7229.9,7231.5,1.08603911
2019-12-11 07:50:00,7228.8,7232,7228.8,7229.9,2.24363866
2019-12-11 07:49:00,7230.2,7230.2,7227.5,7228.8,3.99032066
2019-12-11 07:48:00,7230.2,7230.2,7230.2,7230.2,0.02353631
2019-12-11 07:47:00,7230.2,7230.2,7230.2,7230.2,0.01812435
2019-12-11 07:46:00,7232.6,7232.6,7230.8,7230.8,0.34858131
2019-12-11 07:45:00,7235.5,7235.5,7231.1,7232.5,21.39650533
2019-12-11 07:44:00,7234.2,7235.7,7234.1,7235.6,2.10841641
2019-12-11 07:43:00,7230.7,7235.7,7230.7,7234.5,21.21329556
2019-12-11 07:42:00,7230.6,7230.7,7230.5,7230.7,1.70282742
2019-12-11 07:41:00,7233.8,7233.8,7225.5,7230.3,23.83881291
2019-12-11 07:40:00,7232.9,7233.4,7232.8,7233.4,2.37316201
2019-12-11 07:39:00,7233.5,7233.5,7232.2,7232.8,2.1467224
2019-12-11 07:38:00,7234.3,7234.3,7233.4,7233.5,0.57882998
2019-12-11 07:37:00,7235.3,7235.3,7230.8,7233.1,4.58435651
2019-12-11 07:36:00,7238.5,7238.5,7234.8,7235.4,17.34307928
2019-12-11 07:35:00,7238.6,7238.6,7238.6,7238.6,0
2019-12-11 07:34:00,7240.9,7240.9,7238.1,7238.6,1.34507348
2019-12-11 07:33:00,7244.1,7244.1,7239.9,7240.9,2.09047044
2019-12-11 07:32:00,7246.1,7246.1,7241.1,7244.3,5.37061521
2019-12-11 07:31:00,7246.6,7246.6,7246.6,7246.6,0
2019-12-11 07:30:00,7248.6,7248.6,7246.6,7246.6,0.58351479
2019-12-11 07:29:00,7246.1,7248.1,7246.1,7248.1,0.66135847
2019-12-11 07:28:00,7248.7,7248.7,7247,7247,0.83032604
2019-12-11 07:27:00,7246.7,7248.7,7246.7,7248.7,0.97408022
2019-12-11 07:26:00,7249.3,7249.3,7244.7,7245.8,10.56152689
2019-12-11 07:25:00,7248.8,7251.1,7248.8,7249.3,3.25370079
2019-12-11 07:24:00,7250.5,7250.5,7249.2,7249.2,0.94398006
2019-12-11 07:23:00,7249.8,7250.6,7249.8,7250.5,0.34038603
2019-12-11 07:22:00,7248.8,7249.7,7248.8,7249.7,0.18185462
2019-12-11 07:21:00,7248.7,7248.8,7248.7,7248.8,0.33312124
2019-12-11 07:20:00,7249.6,7254.7,7248.7,7248.8,52.78745266
2019-12-11 07:19:00,7244.7,7248.8,7244.7,7248.8,6.89861598
2019-12-11 07:18:00,7242.2,7243.9,7242.2,7243.9,0.43428985
2019-12-11 07:17:00,7240.6,7242.2,7240.6,7242.1,5.52891721
2019-12-11 07:16:00,7241.5,7241.5,7239.4,7240.6,1.84302196
2019-12-11 07:15:00,7241.3,7241.5,7241.3,7241.5,0.24922926
2019-12-11 07:14:00,7242.4,7242.4,7241.3,7241.3,0.66351715
2019-12-11 07:13:00,7244.8,7244.8,7241.7,7242.3,7.1182838
2019-12-11 07:12:00,7246.3,7246.3,7244.8,7244.8,3.43818468
2019-12-11 07:11:00,7245.4,7246.5,7245.4,7246.3,0.99616165
2019-12-11 07:10:00,7245.3,7245.4,7245.3,7245.4,0.45628939
2019-12-11 07:09:00,7244.8,7245.6,7244.8,7245.4,1.38629387
2019-12-11 07:08:00,7242.8,7244.9,7242.8,7244.9,2.6554072
2019-12-11 07:07:00,7242.8,7242.8,7242.8,7242.8,0.81766804
2019-12-11 07:06:00,7242.9,7242.9,7242.8,7242.8,0.02501864
2019-12-11 07:05:00,7242,7242.9,7241.9,7242.9,0.29536657
2019-12-11 07:04:00,7240.4,7242,7240.3,7242,1.39892347
2019-12-11 07:03:00,7237.5,7240.6,7237.5,7240.4,8.44149434
2019-12-11 07:02:00,7237.9,7238,7236.9,7237.5,5.93113191
2019-12-11 07:01:00,7236.8,7238.1,7236.8,7238,1.15465415
2019-12-11 07:00:00,7237.4,7237.4,7236.8,7236.8,0.18965602
2019-12-11 06:59:00,7235.1,7237.5,7235.1,7237.5,0.32039074
2019-12-11 06:58:00,7232.6,7235.1,7232.6,7235.1,0.29778493
2019-12-11 06:57:00,7233.2,7233.8,7232.4,7232.6,0.47675172
2019-12-11 06:56:00,7242.1,7242.3,7232.8,7233.1,14.21001268
2019-12-11 06:55:00,7242.7,7242.8,7241.9,7241.9,22.3732955
2019-12-11 06:54:00,7242.5,7242.9,7242.1,7242.9,19.40938232
2019-12-11 06:53:00,7243.8,7243.8,7241.8,7242.5,24.6337239
2019-12-11 06:52:00,7245.3,7245.3,7243.8,7243.8,2.09585312
2019-12-11 06:51:00,7245,7246.5,7245,7245.3,0.90165486
2019-12-11 06:50:00,7244.9,7244.9,7244.3,7244.3,1.78646526
2019-12-11 06:49:00,7244.1,7245,7244.1,7245,0.65294573
2019-12-11 06:48:00,7243,7243.7,7242.8,7243.6,1.22562711
2019-12-11 06:47:00,7242.2,7243,7242.2,7243,3.1532488
2019-12-11 06:46:00,7242.7,7242.7,7240.8,7241.6,8.82857198
2019-12-11 06:45:00,7241,7243.3,7241,7243.1,5.67357822
2019-12-11 06:44:00,7238.2,7241.1,7238.2,7241.1,0.91735419
2019-12-11 06:43:00,7237.5,7239,7237.4,7238.2,3.73645152
2019-12-11 06:42:00,7234.8,7237.2,7234.8,7237.2,0.39168388
2019-12-11 06:41:00,7232.9,7234.8,7232.9,7234.8,0.76815244
2019-12-11 06:40:00,7233.1,7234.6,7232.4,7232.8,4.74366469
2019-12-11 06:39:00,7233.1,7233.1,7233.1,7233.1,0.03345124
2019-12-11 06:38:00,7232.8,7233.3,7232.8,7233,0.68346551
2019-12-11 06:37:00,7233.6,7233.6,7232.8,7232.8,3.30833891
2019-12-11 06:36:00,7233.5,7233.6,7233.3,7233.5,3.78133344
2019-12-11 06:35:00,7234.5,7234.5,7233.6,7233.6,0.35266373
2019-12-11 06:34:00,7234,7234,7234,7234,0
2019-12-11 06:33:00,7234.6,7234.6,7234.6,7234.6,0.01621029
2019-12-11 06:32:00,7233.8,7234,7233.6,7234,3.34726224
2019-12-11 06:31:00,7233.8,7233.8,7233.5,7233.5,0.913854
2019-12-11 06:30:00,7234.6,7234.6,7233.9,7233.9,0.70682277
2019-12-11 06:29:00,7235.5,7235.5,7234.6,7234.7,18.34961239
2019-12-11 06:28:00,7235.6,7235.6,7235.5,7235.5,1.4264099
2019-12-11 06:27:00,7234.6,7235.1,7234.5,7235.1,20.9870637
2019-12-11 06:26:00,7237.4,7237.4,7233.7,7234.6,4.50659943
2019-12-11 06:25:00,7238,7238,7237.7,7237.7,1.30568215
2019-12-11 06:24:00,7238,7238.4,7237.9,7237.9,0.37218883
2019-12-11 06:23:00,7239.8,7240.3,7237.8,7237.9,5.701923
2019-12-11 06:22:00,7239,7239.9,7239,7239.8,11.86123425
2019-12-11 06:21:00,7240.9,7240.9,7238.2,7239,4.79995216
2019-12-11 06:20:00,7239.3,7240.9,7239.3,7240.9,27.44171589
2019-12-11 06:19:00,7239.3,7239.3,7239.3,7239.3,0.35406948
2019-12-11 06:18:00,7238.2,7239.8,7238.2,7239.3,1.98565099
2019-12-11 06:17:00,7237.8,7238.1,7237.7,7238.1,0.12574253
2019-12-11 06:16:00,7237.3,7237.3,7237.3,7237.3,0.215
2019-12-11 06:15:00,7234.5,7236.4,7234.5,7236.4,2.63897987
2019-12-11 06:14:00,7235.8,7235.8,7234.3,7234.5,4.23456927
2019-12-11 06:13:00,7235.8,7235.8,7235.7,7235.7,0.14291577
2019-12-11 06:12:00,7236.7,7236.7,7235.7,7235.7,3.42214395
2019-12-11 06:11:00,7238.1,7238.1,7236.7,7236.7,7.49045083
2019-12-11 06:10:00,7237.5,7238.1,7237.5,7238.1,0.1310073
2019-12-11 06:09:00,7237.3,7237.3,7235.4,7236.3,13.85897363
2019-12-11 06:08:00,7231.3,7237.1,7231.3,7237.1,12.07430814
2019-12-11 06:07:00,7232.8,7233.5,7230.2,7231.4,16.82647676
2019-12-11 06:06:00,7228.2,7235.6,7226.2,7231.7,42.986623
2019-12-11 06:05:00,7223,7227.2,7223,7227.1,92.07129438
2019-12-11 06:04:00,7223,7223,7223,7223,0.19752441
2019-12-11 06:03:00,7222.5,7224.4,7222.5,7223.1,3.21254433
2019-12-11 06:02:00,7220.3,7221.7,7220.3,7221.6,0.05777313
2019-12-11 06:01:00,7220.2,7220.3,7220.2,7220.3,0.05850203
2019-12-11 06:00:00,7219.1,7219.5,7218.7,7219.5,13.63831831
2019-12-11 05:59:00,7219.1,7219.1,7219.1,7219.1,0.0010945
2019-12-11 05:58:00,7220.3,7220.3,7220.3,7220.3,1.8
2019-12-11 05:57:00,7223.2,7223.2,7218.8,7220.4,6.02799737
2019-12-11 05:56:00,7223.9,7224.5,7223.1,7223.1,0.40902503
2019-12-11 05:55:00,7223.9,7223.9,7223.9,7223.9,0.071781
2019-12-11 05:54:00,7223.8,7223.8,7222,7223.6,17.36353609
2019-12-11 05:53:00,7223.9,7224.3,7223.9,7224.3,6.08631819
2019-12-11 05:52:00,7223.8,7223.8,7223.8,7223.8,0.01326117
2019-12-11 05:51:00,7224.6,7224.7,7223.6,7223.7,22.09349545
2019-12-11 05:50:00,7225.9,7225.9,7225.1,7225.1,0.30391283
2019-12-11 05:49:00,7227.9,7227.9,7227.8,7227.8,0.11472412
2019-12-11 05:48:00,7229.3,7229.3,7228.4,7229.1,1.02124078
2019-12-11 05:47:00,7232.6,7232.7,7229.2,7229.3,9.33681263
2019-12-11 05:46:00,7231.4,7231.9,7231.4,7231.9,1.60922752
2019-12-11 05:45:00,7233.4,7234.6,7232.2,7232.2,0.83619246
2019-12-11 05:44:00,7230.9,7233.6,7230.8,7233.6,17.76291454
2019-12-11 05:43:00,7227.7,7230.7,7227.5,7230.7,13.43059448
2019-12-11 05:42:00,7226.6,7227.7,7225.7,7227.7,0.20192165
2019-12-11 05:41:00,7224.5,7227.7,7224.5,7227.7,1.32917893
2019-12-11 05:40:00,7224.5,7224.5,7223.7,7224.3,4.66886702
2019-12-11 05:39:00,7223.9,7224.6,7223.8,7224.6,0.03776708
2019-12-11 05:38:00,7226.1,7226.1,7221.7,7223,6.53652174
2019-12-11 05:37:00,7226.1,7226.2,7226.1,7226.2,0.0612204
2019-12-11 05:36:00,7227,7227,7226.2,7226.2,1.20585384
2019-12-11 05:35:00,7226.6,7227,7226.6,7226.9,11.43270912
2019-12-11 05:34:00,7226.3,7226.4,7224.5,7225.7,2.30924391
2019-12-11 05:33:00,7228.2,7228.2,7225.6,7226,2.86994661
2019-12-11 05:32:00,7226.2,7228.2,7224.7,7228.2,10.45743003
2019-12-11 05:31:00,7231.4,7232.6,7226,7226.8,1.95782511
2019-12-11 05:30:00,7230.7,7231.4,7229.8,7231.4,0.29703513
2019-12-11 05:29:00,7234.9,7234.9,7230.7,7230.7,3.22347131
2019-12-11 05:28:00,7236.2,7236.3,7230.5,7234.2,4.09988745
2019-12-11 05:27:00,7234.5,7237.1,7231.5,7232.8,7.1941165
2019-12-11 05:26:00,7233.1,7240.8,7232.2,7235,53.96601468
2019-12-11 05:25:00,7219.3,7233.6,7219.3,7233.2,58.81048138
2019-12-11 05:24:00,7219.4,7220.3,7219.4,7219.9,0.12552808
2019-12-11 05:23:00,7219.8,7222.9,7219.8,7219.8,2.17939784
2019-12-11 05:22:00,7220.5,7220.5,7218.6,7219.8,0.85979838
2019-12-11 05:21:00,7218.9,7220.6,7217.6,7220.6,1.19356973
2019-12-11 05:20:00,7223,7223,7218.9,7218.9,1.83434897
2019-12-11 05:19:00,7227.8,7230.5,7221.3,7224.2,15.19015481
2019-12-11 05:18:00,7231.6,7231.6,7224.7,7227.7,14.14366622
2019-12-11 05:17:00,7227.6,7232.1,7226.9,7232.1,23.36810884
2019-12-11 05:16:00,7226.3,7227.6,7225.5,7227.6,0.46526173
2019-12-11 05:15:00,7224.7,7227.5,7224.7,7226.2,8.33782857
2019-12-11 05:14:00,7226,7229.9,7224.8,7224.9,30.28138654
2019-12-11 05:13:00,7223.3,7227,7217.3,7225.9,27.8591079
2019-12-11 05:12:00,7221.2,7221.9,7218.2,7220.9,0.53241433
2019-12-11 05:11:00,7213.6,7224.7,7213.6,7221.1,24.89257443
2019-12-11 05:10:00,7214.9,7214.9,7212.5,7213.5,1.07131558
2019-12-11 05:09:00,7216.8,7217.7,7214.9,7214.9,2.10383314
2019-12-11 05:08:00,7219.2,7219.2,7215.8,7216.7,6.87977019
2019-12-11 05:07:00,7215.3,7218.5,7215.3,7218.5,4.66600813
2019-12-11 05:06:00,7215.8,7216.5,7213.9,7215.4,28.54867381
2019-12-11 05:05:00,7210.8,7215.9,7210,7215.8,6.67943901
2019-12-11 05:04:00,7210.3,7210.9,7208.2,7210.8,8.21640135
2019-12-11 05:03:00,7207.4,7209.8,7206.3,7209.5,2.9617575
2019-12-11 05:02:00,7205.8,7208.4,7205.8,7207.4,6.38430887
2019-12-11 05:01:00,7204.8,7209.9,7204.8,7207.2,8.63927321
2019-12-11 05:00:00,7209,7209.3,7205.1,7205.1,2.27788914
2019-12-11 04:59:00,7207,7208.3,7207,7208.2,5.72225228
2019-12-11 04:58:00,7203.5,7207.1,7203.5,7207.1,6.49144391
2019-12-11 04:57:00,7201,7203.1,7201,7203.1,3.08045659
2019-12-11 04:56:00,7198,7200.9,7197.9,7200.9,3.85740189
2019-12-11 04:55:00,7201.6,7202.1,7198.2,7198.2,12.91592094
2019-12-11 04:54:00,7203.1,7203.1,7201.9,7201.9,0.12304459
2019-12-11 04:53:00,7205.5,7205.5,7202.8,7203.9,2.48699031
2019-12-11 04:52:00,7205,7208.6,7204.1,7206.8,10.10999357
2019-12-11 04:51:00,7209.2,7210.1,7202.9,7204.8,14.20979622
2019-12-11 04:50:00,7213.3,7213.4,7208.6,7208.6,5.60175435
2019-12-11 04:49:00,7217.3,7217.3,7213.9,7213.9,5.89623782
2019-12-11 04:48:00,7212.1,7217.3,7211.3,7217.3,0.23633675
2019-12-11 04:47:00,7211.3,7217.9,7211.3,7214.8,31.72059379
2019-12-11 04:46:00,7202.8,7210.2,7202.8,7209.9,28.87686702
2019-12-11 04:45:00,7198.4,7203,7198.4,7203,2.4413174
2019-12-11 04:44:00,7197,7200,7197,7198.3,8.15539945
2019-12-11 04:43:00,7200.5,7200.5,7196.1,7197,8.71640917
2019-12-11 04:42:00,7199.6,7201.2,7199.6,7200.5,7.6869762
2019-12-11 04:41:00,7192.9,7202.7,7192.9,7200.8,33.82138195
2019-12-11 04:40:00,7185.7,7192.3,7185.7,7191.5,0.90404924
2019-12-11 04:39:00,7187.3,7187.6,7183.7,7185.7,8.1942332
2019-12-11 04:38:00,7187.3,7188.4,7186.6,7186.6,5.04636598
2019-12-11 04:37:00,7190,7190,7187.3,7187.3,1.71110159
2019-12-11 04:36:00,7191.5,7191.5,7187.3,7189.4,1.3653003
2019-12-11 04:35:00,7192.5,7195.1,7191,7191.9,2.38944002
2019-12-11 04:34:00,7197.7,7197.7,7193.5,7193.5,0.55794011
2019-12-11 04:33:00,7198.7,7198.7,7198.7,7198.7,0.013
2019-12-11 04:32:00,7197.9,7199.4,7197.9,7199.2,5.48639394
2019-12-11 04:31:00,7197.6,7197.6,7197.5,7197.6,0.45307472
2019-12-11 04:30:00,7201,7201,7197.6,7197.6,0.2246832
2019-12-11 04:29:00,7197.6,7201.7,7197.6,7201.7,1.37971926
2019-12-11 04:28:00,7198.6,7198.6,7198.5,7198.5,0.04864452
2019-12-11 04:27:00,7199.9,7199.9,7196.9,7198,18.19619118
2019-12-11 04:26:00,7203,7203,7199.8,7200,0.56837918
2019-12-11 04:25:00,7201,7203.9,7200.7,7202.2,1.11121138
2019-12-11 04:24:00,7199.3,7200.4,7199.2,7200.4,0.6304087
2019-12-11 04:23:00,7199.5,7199.6,7199.3,7199.3,7.21082271
2019-12-11 04:22:00,7198.7,7200.6,7198.5,7200.5,7.36999298
2019-12-11 04:21:00,7199,7200.1,7197.4,7199.2,18.99547105
2019-12-11 04:20:00,7199,7200.5,7199,7199,11.83335626
2019-12-11 04:19:00,7194.5,7199.2,7194.5,7199.2,12.22481094
2019-12-11 04:18:00,7194.5,7194.5,7191.7,7194.3,3.96684453
2019-12-11 04:17:00,7189.3,7194.6,7189.3,7194.6,9.87907845
2019-12-11 04:16:00,7196.5,7197.2,7190.6,7190.6,5.35118908
2019-12-11 04:15:00,7193.3,7196.5,7193.3,7196.4,5.10588028
2019-12-11 04:14:00,7203.2,7203.2,7191.9,7195.2,29.73931967
2019-12-11 04:13:00,7200.4,7203.4,7200.4,7202.6,11.76937813
2019-12-11 04:12:00,7202.1,7202.6,7197.9,7200.1,3.13787553
2019-12-11 04:11:00,7207.5,7210.2,7202.1,7202.1,4.71100581
2019-12-11 04:10:00,7204.4,7206.4,7202.2,7206.4,18.12117751
2019-12-11 04:09:00,7196.2,7206.3,7196.2,7204.7,34.73685724
2019-12-11 04:08:00,7201.5,7201.5,7193.4,7196.2,17.47851545
2019-12-11 04:07:00,7214.9,7214.9,7194,7201.5,129.75519669
2019-12-11 04:06:00,7219.1,7219.1,7209.9,7214.9,33.1373958
2019-12-11 04:05:00,7221.8,7221.8,7214.7,7218.8,7.21704937
2019-12-11 04:04:00,7222.6,7222.6,7222.3,7222.3,0.00529236
2019-12-11 04:03:00,7219.8,7222.4,7219,7222.4,2.40155604
2019-12-11 04:02:00,7226.1,7226.6,7220.5,7220.5,5.92483524
2019-12-11 04:01:00,7225.6,7226.1,7223.4,7226.1,5.40457348
2019-12-11 04:00:00,7230.6,7230.6,7226.5,7226.6,0.85151473
2019-12-11 03:59:00,7228.4,7232.2,7228.4,7230.5,9.97481533
2019-12-11 03:58:00,7223.7,7227.8,7223.7,7227.8,4.34319414
2019-12-11 03:57:00,7227.9,7227.9,7223.6,7223.6,3.66613692
2019-12-11 03:56:00,7225.1,7227.9,7225.1,7227.8,4.8443579
2019-12-11 03:55:00,7222.9,7225.1,7222.9,7225.1,0.20640825
2019-12-11 03:54:00,7222.9,7222.9,7222.3,7222.9,18.38752392
2019-12-11 03:53:00,7223.4,7223.4,7221.8,7222.6,9.42098424
2019-12-11 03:52:00,7223.7,7223.7,7223,7223.2,0.39196315
2019-12-11 03:51:00,7220.3,7223.9,7220.3,7223.8,2.53700614
2019-12-11 03:50:00,7219.5,7219.5,7219.5,7219.5,1.14297804
2019-12-11 03:49:00,7219.4,7219.4,7218.8,7218.8,0.18366069
2019-12-11 03:48:00,7221.6,7221.6,7219.5,7219.5,4.10897138
2019-12-11 03:47:00,7220.8,7221.9,7220.3,7221.6,8.54168401
2019-12-11 03:46:00,7219.1,7222.1,7218.7,7222.1,0.48124513
2019-12-11 03:45:00,7218.1,7220.2,7218.1,7220.2,0.54075579
2019-12-11 03:44:00,7216.7,7219.4,7216.7,7218.5,1.93524546
2019-12-11 03:43:00,7217.6,7218.2,7215.1,7216.2,9.4764828
2019-12-11 03:42:00,7219.5,7219.7,7216.1,7216.1,0.90417055
2019-12-11 03:41:00,7223.2,7224.3,7219.5,7219.5,17.91880679
2019-12-11 03:40:00,7222.4,7224.5,7221,7221.8,12.131873
2019-12-11 03:39:00,7226.5,7226.5,7222.4,7222.4,1.81881548
2019-12-11 03:38:00,7227.5,7227.5,7225.5,7226.7,3.37146914
2019-12-11 03:37:00,7225.9,7227.8,7224.4,7227.5,6.09141201
2019-12-11 03:36:00,7223.3,7228.4,7223.3,7225.6,10.96715154
2019-12-11 03:35:00,7220.5,7223.4,7220.4,7223.4,1.643305
2019-12-11 03:34:00,7219.1,7220.4,7219.1,7220.4,34.98238512
2019-12-11 03:33:00,7219.4,7220.5,7219.4,7219.7,1.5222385
2019-12-11 03:32:00,7217.8,7219.2,7217.8,7218.5,16.65062852
2019-12-11 03:31:00,7218.2,7218.2,7217.3,7217.9,0.85586884
2019-12-11 03:30:00,7216.1,7217.3,7213.9,7217.3,30.26215172
2019-12-11 03:29:00,7214,7218.2,7214,7215.9,3.33763199
2019-12-11 03:28:00,7214.7,7214.7,7214,7214,0.93795434
2019-12-11 03:27:00,7215.1,7215.1,7213.9,7214.7,0.50268698
2019-12-11 03:26:00,7214.8,7214.8,7208,7214.4,8.3594198
2019-12-11 03:25:00,7207.8,7215,7207.8,7215,3.11028965
2019-12-11 03:24:00,7207.5,7212.8,7207.5,7207.7,3.26307011
2019-12-11 03:23:00,7205.7,7210.5,7204.8,7207.5,12.13131142
2019-12-11 03:22:00,7212.3,7212.3,7203.5,7205.7,14.92453184
2019-12-11 03:21:00,7210.7,7213,7210.1,7212.3,2.6932446
2019-12-11 03:20:00,7212,7212,7210.8,7210.8,0.14135298
2019-12-11 03:19:00,7215.5,7215.5,7213.3,7213.3,1.28561527
2019-12-11 03:18:00,7217.9,7217.9,7216.2,7216.2,1.13469354
2019-12-11 03:17:00,7216.4,7220.2,7216.4,7218.1,8.6709074
2019-12-11 03:16:00,7212.7,7215.5,7209.7,7215.5,24.80508385
2019-12-11 03:15:00,7217.5,7217.5,7212.6,7212.8,1.72459868
2019-12-11 03:14:00,7216.7,7219.1,7216.7,7217.6,0.28188962
2019-12-11 03:13:00,7215.2,7216,7215.1,7216,0.63025765
2019-12-11 03:12:00,7220.7,7220.7,7215.2,7215.2,6.47049707
2019-12-11 03:11:00,7221.7,7221.7,7220,7220.6,1.90422114
2019-12-11 03:10:00,7218,7222.1,7218,7221.9,9.37812946
2019-12-11 03:09:00,7217.9,7218,7216.3,7218,2.62559758
2019-12-11 03:08:00,7214.6,7214.7,7214.6,7214.7,0.1731894
2019-12-11 03:07:00,7214.6,7214.7,7213.1,7214.7,16.63467016
2019-12-11 03:06:00,7217,7217,7214.6,7214.6,0.40124332
2019-12-11 03:05:00,7216.2,7217.6,7214.3,7217.6,3.24501955
2019-12-11 03:04:00,7216,7218.9,7215.4,7217.2,4.8065583
2019-12-11 03:03:00,7223.3,7223.3,7216,7216,7.85139084
2019-12-11 03:02:00,7219.9,7222.4,7219.6,7222,11.78843937
2019-12-11 03:01:00,7221.5,7221.5,7220,7220,3.41231075
2019-12-11 03:00:00,7224.6,7225.9,7222.3,7222.3,9.62295106
2019-12-11 02:59:00,7226.5,7227.1,7224.8,7224.8,18.09985454
2019-12-11 02:58:00,7222.2,7226.3,7222.2,7225.9,4.41291392
2019-12-11 02:57:00,7217.8,7222.2,7217.8,7222.1,1.12527855
2019-12-11 02:56:00,7219.4,7219.4,7217.3,7217.3,1.48977726
2019-12-11 02:55:00,7217.8,7224,7217.8,7220,4.94297199
2019-12-11 02:54:00,7215,7218.1,7214.3,7218.1,11.77173277
2019-12-11 02:53:00,7220,7220,7215.4,7215.4,4.03103609
2019-12-11 02:52:00,7223.1,7223.1,7220.4,7220.4,1.29582927
2019-12-11 02:51:00,7217.6,7229.1,7217.5,7223.3,43.24008083
2019-12-11 02:50:00,7213.5,7216.2,7213.5,7215.8,0.6385903
2019-12-11 02:49:00,7207.8,7212.9,7207.8,7212.9,17.82491568
2019-12-11 02:48:00,7211,7215,7206.4,7207.8,15.47789089
2019-12-11 02:47:00,7207.5,7210.5,7205.6,7210.3,11.25244169
2019-12-11 02:46:00,7200.7,7208.9,7200.7,7207.5,3.07375564
2019-12-11 02:45:00,7203.1,7203.1,7200.6,7200.7,2.36964254
2019-12-11 02:44:00,7199.2,7202.5,7199.1,7202.5,5.00682365
2019-12-11 02:43:00,7197.7,7199.2,7196.4,7197.4,12.07436056
2019-12-11 02:42:00,7198.2,7199.9,7197.3,7197.3,0.77685809
2019-12-11 02:41:00,7202.9,7202.9,7195.3,7197.7,18.27947954
2019-12-11 02:40:00,7204,7204,7202.1,7202.9,20.26081293
2019-12-11 02:39:00,7206.7,7206.7,7204.7,7204.7,5.85981029
2019-12-11 02:38:00,7208.5,7208.5,7206.8,7206.8,1.55333022
2019-12-11 02:37:00,7213,7213,7209.3,7209.3,9.34026621
2019-12-11 02:36:00,7211.5,7212,7211.5,7211.8,17.6561166
2019-12-11 02:35:00,7211.7,7211.7,7208.5,7211.4,2.23074067
2019-12-11 02:34:00,7208.4,7211.8,7208.4,7211.8,2.03659528
2019-12-11 02:33:00,7210.2,7210.6,7208.6,7208.9,11.19147186
2019-12-11 02:32:00,7211.4,7211.4,7209,7210.3,3.77711667
2019-12-11 02:31:00,7211.5,7211.5,7208.9,7210.1,1.35663528
2019-12-11 02:30:00,7214.8,7214.8,7212.2,7212.2,0.12376919
2019-12-11 02:29:00,7217.8,7222.1,7211.8,7213.1,19.16796376
2019-12-11 02:28:00,7210.7,7218.7,7210.7,7216.9,32.50609751
2019-12-11 02:27:00,7205,7210.4,7205,7210.4,15.01028544
2019-12-11 02:26:00,7201.4,7205.6,7201.4,7205,0.70066683
2019-12-11 02:25:00,7202.8,7202.8,7201.1,7201.4,0.78785105
2019-12-11 02:24:00,7203.4,7203.4,7195.7,7201,4.66911409
2019-12-11 02:23:00,7205.7,7205.7,7202.2,7204.3,8.52609919
2019-12-11 02:22:00,7209.2,7215.7,7203.9,7206.3,27.54455161
2019-12-11 02:21:00,7206.3,7212.8,7206.3,7210.7,13.62812224
2019-12-11 02:20:00,7213,7213,7203,7206.7,26.23185443
2019-12-11 02:19:00,7203.2,7213.9,7203.2,7212.3,42.52008647
2019-12-11 02:18:00,7195.1,7204.3,7195.1,7203.4,25.89549198
2019-12-11 02:17:00,7189,7197,7189,7195.1,36.09278162
2019-12-11 02:16:00,7182.8,7188.7,7181,7188.4,14.84229091
2019-12-11 02:15:00,7190.3,7190.3,7181.7,7182.7,8.94122066
2019-12-11 02:14:00,7192.6,7194.9,7190.3,7190.3,2.57742119
2019-12-11 02:13:00,7188.6,7192.6,7188.5,7192.5,2.28812746
2019-12-11 02:12:00,7195.2,7195.2,7188.6,7188.6,7.60967368
2019-12-11 02:11:00,7193.3,7194.4,7193.3,7194.3,3.85183167
2019-12-11 02:10:00,7194,7201.6,7190.8,7193,29.02954076
2019-12-11 02:09:00,7199.7,7202.7,7194,7194,14.30718844
2019-12-11 02:08:00,7202.2,7202.3,7197.2,7200.2,5.17569865
2019-12-11 02:07:00,7200,7203.1,7200,7202,18.68863193
2019-12-11 02:06:00,7203.3,7204.6,7200.4,7200.6,13.51800772
2019-12-11 02:05:00,7193.7,7206.6,7193.7,7205.9,8.64668682
2019-12-11 02:04:00,7187.5,7194.7,7187.5,7193.6,6.1169845
2019-12-11 02:03:00,7193,7196.6,7188.1,7188.6,33.52657289
2019-12-11 02:02:00,7195.5,7198.6,7189.5,7193.9,44.06557677
2019-12-11 02:01:00,7195.5,7211.6,7191.5,7195.9,130.78355745
2019-12-11 02:00:00,7183.8,7195.5,7160,7195.5,293.22917336
2019-12-11 01:59:00,7194.6,7196.5,7171,7183.7,390.97340615
2019-12-11 01:58:00,7201.3,7202.6,7194.8,7195.2,71.88223705
2019-12-11 01:57:00,7204.5,7204.8,7201.3,7201.3,14.60706281
2019-12-11 01:56:00,7205.8,7207.6,7202,7204.5,12.6519046
2019-12-11 01:55:00,7208.2,7211.9,7206.3,7206.3,13.11346538
2019-12-11 01:54:00,7209.5,7217.9,7208.4,7208.4,16.29263158
2019-12-11 01:53:00,7204.5,7217.1,7187.4,7209.4,286.90566114
2019-12-11 01:52:00,7220.7,7220.7,7200.2,7200.2,81.25586712
2019-12-11 01:51:00,7225,7225,7220.7,7220.7,2.60891265
2019-12-11 01:50:00,7224.8,7225,7223.9,7225,0.81614983
2019-12-11 01:49:00,7228.3,7228.6,7224.8,7224.8,1.04768509
2019-12-11 01:48:00,7229.5,7229.9,7228.3,7228.3,0.25505898
2019-12-11 01:47:00,7230.6,7230.9,7230.5,7230.5,1.02120461
2019-12-11 01:46:00,7231.7,7231.7,7230.6,7231,6.04484033
2019-12-11 01:45:00,7231.7,7232.3,7231.7,7231.9,1.05985143
2019-12-11 01:44:00,7233.6,7233.6,7231.1,7231.5,2.85200899
2019-12-11 01:43:00,7233.7,7235.6,7233.7,7233.8,2.67016571
2019-12-11 01:42:00,7232.6,7235.4,7232.6,7234.5,0.47384145
2019-12-11 01:41:00,7233.9,7233.9,7231.8,7232.6,8.09497494
2019-12-11 01:40:00,7234.8,7234.8,7231.8,7233.5,2.68162371
2019-12-11 01:39:00,7230.3,7234.9,7230.3,7234.9,1.343182
2019-12-11 01:38:00,7231.7,7231.7,7229,7229,13.89165496
2019-12-11 01:37:00,7235,7235,7231.6,7231.6,2.87543509
2019-12-11 01:36:00,7235.5,7235.5,7235,7235,0.37051543
2019-12-11 01:35:00,7237.2,7237.5,7235.8,7235.8,4.94737999
2019-12-11 01:34:00,7235.5,7237.1,7234.6,7237.1,0.74533106
2019-12-11 01:33:00,7230.9,7235,7230.9,7235,5.52135444
2019-12-11 01:32:00,7234,7234,7230.8,7230.9,1.31284544
2019-12-11 01:31:00,7231.7,7234.1,7231.7,7234,6.31579426
2019-12-11 01:30:00,7229.9,7235.6,7229.9,7231.7,10.36275222
2019-12-11 01:29:00,7228.2,7229.8,7227.4,7229.7,2.07889293
2019-12-11 01:28:00,7230.1,7232.7,7228.7,7228.7,0.99102108
2019-12-11 01:27:00,7234,7236.3,7227.3,7229.7,5.84746402
2019-12-11 01:26:00,7239.8,7239.8,7233.1,7234,2.80564487
2019-12-11 01:25:00,7245.5,7245.5,7238.8,7239.9,13.46861091
2019-12-11 01:24:00,7243.3,7246.3,7243.3,7245.5,3.52051061
2019-12-11 01:23:00,7245.4,7245.4,7243.2,7243.3,1.29249549
2019-12-11 01:22:00,7243.3,7245.5,7243.3,7245.4,16.49906306
2019-12-11 01:21:00,7240.2,7243.1,7240.2,7243.1,2.09094405
2019-12-11 01:20:00,7240,7240.2,7240,7240.2,0.45793202
2019-12-11 01:19:00,7242.7,7242.7,7237.8,7240.3,21.56314427
2019-12-11 01:18:00,7244.5,7244.5,7242.8,7242.8,0.25248883
2019-12-11 01:17:00,7245.5,7245.5,7244.4,7244.4,0.39169923
2019-12-11 01:16:00,7242.8,7244.5,7242.8,7244.5,0.80109168
2019-12-11 01:15:00,7242.9,7242.9,7242.7,7242.7,0.60400388
2019-12-11 01:14:00,7239.4,7243,7236.6,7243,2.19641711
2019-12-11 01:13:00,7244.1,7244.1,7240,7240,1.6413787
2019-12-11 01:12:00,7244.1,7244.1,7244.1,7244.1,0.74751198
2019-12-11 01:11:00,7242.4,7243.2,7242,7243.2,0.80198633
2019-12-11 01:10:00,7240,7246.5,7239.9,7243.6,48.1848389
2019-12-11 01:09:00,7238,7240,7237.3,7239.9,2.78304361
2019-12-11 01:08:00,7240.9,7240.9,7237.9,7238.2,3.58242981
2019-12-11 01:07:00,7243.5,7243.5,7240.9,7241.8,4.88868858
2019-12-11 01:06:00,7241.4,7244.2,7240.8,7244.2,0.43275022
2019-12-11 01:05:00,7240.2,7240.9,7240.2,7240.8,0.03935761
2019-12-11 01:04:00,7237.1,7241.9,7237.1,7240.6,5.34929119
2019-12-11 01:03:00,7234,7238.7,7234,7237.2,22.27822233
2019-12-11 01:02:00,7234.9,7235.7,7234,7234,2.44026807
2019-12-11 01:01:00,7234.7,7235.4,7233.5,7234,0.67700632
2019-12-11 01:00:00,7232.7,7234.1,7231.3,7233.7,5.58902753
2019-12-11 00:59:00,7236.3,7237.9,7232.6,7232.6,1.79736008
2019-12-11 00:58:00,7237.3,7240.6,7236.4,7236.4,12.28702354
2019-12-11 00:57:00,7243.5,7244,7237.2,7237.3,25.7061089
2019-12-11 00:56:00,7233.9,7245.3,7233.9,7242.8,17.76381909
2019-12-11 00:55:00,7233.6,7234.6,7230.2,7233.8,11.49460119
2019-12-11 00:54:00,7220.8,7236.7,7220.8,7233.6,28.70254636
2019-12-11 00:53:00,7221.5,7221.5,7220.8,7220.8,0.41659161
2019-12-11 00:52:00,7221.4,7222.5,7219.8,7221.6,1.07180593
2019-12-11 00:51:00,7220.5,7221.8,7219.8,7221.5,11.69264639
2019-12-11 00:50:00,7225.4,7225.4,7217,7219.1,22.75300553
2019-12-11 00:49:00,7223.4,7229.6,7223.4,7225.4,13.59524282
2019-12-11 00:48:00,7222.4,7223.8,7219.1,7223.3,2.54901729
2019-12-11 00:47:00,7219,7224.8,7219,7222.5,11.659495
2019-12-11 00:46:00,7221.4,7221.4,7214.6,7218.2,10.74971931
2019-12-11 00:45:00,7223.8,7223.8,7216.3,7221.4,25.62060214
2019-12-11 00:44:00,7227.5,7227.5,7215.7,7223.1,43.91465362
2019-12-11 00:43:00,7229.9,7232.5,7227.3,7228.9,20.87944797
2019-12-11 00:42:00,7227.9,7231.2,7225.2,7230.2,5.48496866
2019-12-11 00:41:00,7221.9,7230.9,7220.3,7227.3,18.88538992
2019-12-11 00:40:00,7226.3,7226.3,7220.1,7221.8,17.38668025
2019-12-11 00:39:00,7229.3,7229.3,7226.2,7226.3,4.01271047
2019-12-11 00:38:00,7233.9,7233.9,7228.9,7228.9,4.70368107
2019-12-11 00:37:00,7235.2,7235.5,7232.7,7235.3,6.73020746
2019-12-11 00:36:00,7233.9,7234.3,7233.8,7234.2,5.15255484
2019-12-11 00:35:00,7231.5,7234.5,7231.5,7233.8,2.37896094
2019-12-11 00:34:00,7235.1,7235.3,7231.4,7231.9,1.91085815
2019-12-11 00:33:00,7237.4,7238.2,7230.1,7235,60.81832826
2019-12-11 00:32:00,7245.2,7245.2,7234.8,7236.3,8.58363525
2019-12-11 00:31:00,7244.8,7245.1,7244.8,7245.1,19.7366825
2019-12-11 00:30:00,7240.3,7244.8,7240.3,7244.8,6.8973516
2019-12-11 00:29:00,7239.8,7240.4,7237.9,7240.4,1.64543725
2019-12-11 00:28:00,7236.2,7239.8,7236.2,7239.8,5.20247582
2019-12-11 00:27:00,7236.3,7236.7,7236.2,7236.2,3.13258611
2019-12-11 00:26:00,7234.4,7240.8,7234.4,7236.3,35.17722068
2019-12-11 00:25:00,7232.4,7234.4,7231.3,7234.3,0.90649113
2019-12-11 00:24:00,7231.5,7232.9,7230,7231.1,1.61190088
2019-12-11 00:23:00,7222.1,7231.7,7222.1,7231.6,6.53557129
2019-12-11 00:22:00,7234.4,7234.4,7222,7222,18.23057362
2019-12-11 00:21:00,7232.7,7236.6,7230.2,7234.4,8.1801594
2019-12-11 00:20:00,7219.8,7232.1,7219.8,7232.1,24.49416773
2019-12-11 00:19:00,7228.2,7228.2,7212.4,7219.7,94.08077822
2019-12-11 00:18:00,7227.8,7233.5,7227.8,7228.2,24.02333969
2019-12-11 00:17:00,7235,7235,7227.7,7227.7,17.485444
2019-12-11 00:16:00,7242.4,7242.6,7233.3,7236.6,29.99832084
2019-12-11 00:15:00,7246.2,7246.2,7242.3,7242.4,3.64904195
2019-12-11 00:14:00,7246.8,7246.9,7246.2,7246.2,0.37529158
2019-12-11 00:13:00,7243.9,7249,7243.9,7246.9,5.38121741
2019-12-11 00:12:00,7246,7246,7243.8,7243.9,2.98813704
2019-12-11 00:11:00,7243,7247.2,7237,7246.8,54.19761506
2019-12-11 00:10:00,7249.8,7249.8,7243,7243,20.73031833
2019-12-11 00:09:00,7255.4,7255.5,7249.8,7249.9,3.73940224
2019-12-11 00:08:00,7255.4,7260.9,7251.4,7255.4,25.79314197
2019-12-11 00:07:00,7253.9,7256,7253.9,7255.4,2.72304227
2019-12-11 00:06:00,7250.5,7254,7250.4,7253.9,8.34869368
2019-12-11 00:05:00,7251.6,7251.6,7245.8,7250.5,17.65224549
2019-12-11 00:04:00,7253.9,7257.2,7251.6,7251.6,9.9896328
2019-12-11 00:03:00,7250.5,7257.7,7248.1,7254.3,56.31019687
2019-12-11 00:02:00,7246.7,7250.6,7245.3,7250.6,32.75367758
2019-12-11 00:01:00,7231.9,7247.8,7230,7246.7,41.97885789
2019-12-11 00:00:00,7237.2,7237.2,7229,7230.7,30.90130993
