2019-12-04 23:59:00,7473.4,7474,7464.7,7464.7,8.68376051
2019-12-04 23:58:00,7467.6,7476,7461.9,7472.9,15.9130879
2019-12-04 23:57:00,7465.6,7476.4,7464.4,7467.2,41.54876424
2019-12-04 23:56:00,7479.6,7480.6,7462.1,7465.7,40.15753206
2019-12-04 23:55:00,7478.9,7483.9,7478.7,7479.5,12.79661728
2019-12-04 23:54:00,7486.9,7488.9,7479.5,7479.5,24.66025915
2019-12-04 23:53:00,7482.1,7486.9,7477.3,7486.8,3.35140052
2019-12-04 23:52:00,7479.2,7482.9,7475.2,7480.7,11.91210139
2019-12-04 23:51:00,7480,7480.5,7473.3,7479.1,20.82072594
2019-12-04 23:50:00,7479.5,7482.3,7476.3,7480,12.40908521
2019-12-04 23:49:00,7476.9,7484.4,7476.5,7479.4,18.66575728
2019-12-04 23:48:00,7481.5,7485.2,7477.2,7477.2,12.12448576
2019-12-04 23:47:00,7486.9,7489.9,7474.7,7483.6,39.1780313
2019-12-04 23:46:00,7480.7,7486.9,7478.1,7486.9,91.72090054
2019-12-04 23:45:00,7458.1,7484.4,7458.1,7482.6,118.03544134
2019-12-04 23:44:00,7444.9,7459.9,7444.9,7458,40.66559274
2019-12-04 23:43:00,7450,7450.5,7445,7445,10.50508076
2019-12-04 23:42:00,7453.9,7455.7,7450,7450,10.09093513
2019-12-04 23:41:00,7453.3,7455.8,7453.3,7454,14.71113372
2019-12-04 23:40:00,7452.3,7455.7,7448.8,7452,1.68897211
2019-12-04 23:39:00,7457.2,7457.2,7446.5,7451.1,23.99708472
2019-12-04 23:38:00,7452.2,7457.3,7442.6,7457.3,49.35127542
2019-12-04 23:37:00,7456.3,7460,7452.2,7452.2,10.63208923
2019-12-04 23:36:00,7458.1,7459.1,7452.3,7456.3,8.12203019
2019-12-04 23:35:00,7461,7461.5,7457.5,7458,10.71284105
2019-12-04 23:34:00,7457.1,7462.8,7454.6,7461.3,6.05270001
2019-12-04 23:33:00,7451.5,7464.7,7450.7,7457.1,17.79784103
2019-12-04 23:32:00,7460.9,7462.1,7446.3,7452.6,37.3162623
2019-12-04 23:31:00,7445.3,7462,7441.8,7460.6,34.84260549
2019-12-04 23:30:00,7436.9,7445.6,7436,7444,14.71304774
2019-12-04 23:29:00,7437.7,7448.5,7434.7,7436.9,77.36832899
2019-12-04 23:28:00,7438.7,7439.4,7428.4,7437.6,202.72008431
2019-12-04 23:27:00,7450.5,7450.5,7436.8,7436.9,77.71102417
2019-12-04 23:26:00,7455.2,7456.1,7450.1,7450.6,23.30474288
2019-12-04 23:25:00,7446.2,7455.1,7442,7455.1,50.61769839
2019-12-04 23:24:00,7461.7,7461.7,7445.8,7446.1,27.06344078
2019-12-04 23:23:00,7463.1,7463.1,7455,7461.8,16.0871666
2019-12-04 23:22:00,7461.5,7463.2,7457.1,7463.2,22.54487097
2019-12-04 23:21:00,7455.4,7461.5,7455.4,7461.5,14.02494281
2019-12-04 23:20:00,7454.4,7462.7,7454.4,7455.4,5.80288638
2019-12-04 23:19:00,7459.2,7459.2,7451.5,7454.3,8.99559835
2019-12-04 23:18:00,7458.8,7461.7,7454.8,7459.3,7.63368963
2019-12-04 23:17:00,7465.3,7471,7453.4,7457.9,78.11368694
2019-12-04 23:16:00,7455.5,7466.2,7453.1,7465.4,34.76997598
2019-12-04 23:15:00,7451.7,7459.6,7446.5,7455.5,21.38109324
2019-12-04 23:14:00,7445.7,7456.5,7443.7,7452.2,15.4400076
2019-12-04 23:13:00,7450.7,7458.4,7446.1,7446.1,43.57014548
2019-12-04 23:12:00,7450.5,7459.8,7448.5,7450.4,20.01144212
2019-12-04 23:11:00,7464.4,7464.4,7441.4,7450.7,123.79234114
2019-12-04 23:10:00,7472.3,7472.9,7464.4,7464.4,15.89259246
2019-12-04 23:09:00,7473,7474,7470.8,7472.3,8.72648217
2019-12-04 23:08:00,7476.4,7478.7,7473.1,7473.1,4.3299725
2019-12-04 23:07:00,7485.7,7486.5,7475.9,7477.4,74.40896215
2019-12-04 23:06:00,7485.1,7489.6,7485.1,7485.7,32.44403153
2019-12-04 23:05:00,7481.2,7487.2,7479.1,7485.2,26.21823937
2019-12-04 23:04:00,7489.5,7489.6,7480.1,7480.9,6.93435186
2019-12-04 23:03:00,7493.5,7493.5,7479,7489.5,51.152625
2019-12-04 23:02:00,7478.9,7494.1,7478.9,7493.5,41.70501716
2019-12-04 23:01:00,7477.4,7480.6,7477.4,7479,24.61863139
2019-12-04 23:00:00,7467.4,7477.4,7467.4,7477.4,2.60691375
2019-12-04 22:59:00,7464.2,7468.5,7464.2,7467.3,3.97609472
2019-12-04 22:58:00,7466.5,7470,7465.4,7465.8,6.57454551
2019-12-04 22:57:00,7469.6,7469.7,7462.1,7465.4,7.09452577
2019-12-04 22:56:00,7476.1,7476.1,7470,7470,1.10478928
2019-12-04 22:55:00,7471.9,7477.1,7471.9,7476.9,20.40826034
2019-12-04 22:54:00,7474,7481,7468.1,7471,55.04813231
2019-12-04 22:53:00,7468.2,7475,7465.5,7474.6,3.37793801
2019-12-04 22:52:00,7465.2,7470.9,7462,7468.3,33.54727066
2019-12-04 22:51:00,7470.1,7470.1,7465.1,7465.2,6.48087609
2019-12-04 22:50:00,7470.8,7476.1,7469.2,7470.1,20.17820888
2019-12-04 22:49:00,7472.9,7478.1,7465.3,7471,62.65381269
2019-12-04 22:48:00,7472,7484.5,7468.4,7472.8,63.06613135
2019-12-04 22:47:00,7472,7476.6,7469,7471.9,30.81515874
2019-12-04 22:46:00,7455.7,7472,7455.7,7472,26.4756896
2019-12-04 22:45:00,7451.3,7456.3,7449.4,7456.3,12.06493423
2019-12-04 22:44:00,7448,7454.8,7448,7452.8,13.42709228
2019-12-04 22:43:00,7455.3,7456.6,7446.2,7448.7,38.57725581
2019-12-04 22:42:00,7456.6,7460.2,7446.5,7455.2,32.59868362
2019-12-04 22:41:00,7446.6,7466.4,7446.5,7456.5,21.45316638
2019-12-04 22:40:00,7460.8,7461.7,7446.6,7446.6,26.91066822
2019-12-04 22:39:00,7460.7,7462.9,7452.5,7460.8,64.89853976
2019-12-04 22:38:00,7460.4,7465.7,7451.8,7460.6,39.21064004
2019-12-04 22:37:00,7449.8,7463.1,7444.1,7463.1,76.74841127
2019-12-04 22:36:00,7443.8,7458.2,7443.4,7448.7,98.7982274
2019-12-04 22:35:00,7411.8,7460.2,7410.4,7443.8,278.82141396
2019-12-04 22:34:00,7437.1,7447.3,7407.1,7409.6,185.07512349
2019-12-04 22:33:00,7476.7,7476.7,7429.1,7437.1,285.74391683
2019-12-04 22:32:00,7466.9,7485.1,7466.2,7477.1,108.45439843
2019-12-04 22:31:00,7483.3,7484.6,7466.7,7466.9,41.86851377
2019-12-04 22:30:00,7491,7491.1,7482,7483.9,45.2334366
2019-12-04 22:29:00,7496.5,7498.6,7491,7491,19.41455164
2019-12-04 22:28:00,7494.5,7501.9,7494.4,7497.3,10.93635627
2019-12-04 22:27:00,7490.6,7500.5,7490.6,7495.2,70.37296384
2019-12-04 22:26:00,7505.5,7505.5,7489,7492.2,26.75378714
2019-12-04 22:25:00,7501.3,7507.4,7499.5,7506.4,27.59049258
2019-12-04 22:24:00,7504.1,7511.2,7498.5,7501,66.7387965
2019-12-04 22:23:00,7503.7,7503.7,7496.5,7503.4,73.49049966
2019-12-04 22:22:00,7506.9,7513.1,7503.9,7504,30.36253374
2019-12-04 22:21:00,7520.8,7521,7502,7506.6,30.65336427
2019-12-04 22:20:00,7523,7529,7518.9,7520.7,69.64242632
2019-12-04 22:19:00,7526.5,7526.6,7520,7523.5,54.66917601
2019-12-04 22:18:00,7524.2,7527.6,7517,7525.8,116.58163941
2019-12-04 22:17:00,7520.3,7529,7520.3,7522.8,76.22505622
2019-12-04 22:16:00,7507.5,7520.3,7507.2,7520.3,42.6890048
2019-12-04 22:15:00,7518.1,7521.8,7506.7,7507.6,25.91936715
2019-12-04 22:14:00,7521.9,7523.8,7513.7,7518.2,30.66992336
2019-12-04 22:13:00,7528.1,7528.6,7513.8,7522.2,36.1377949
2019-12-04 22:12:00,7513.8,7530.7,7506.7,7528,49.40994429
2019-12-04 22:11:00,7510.6,7526.1,7510.6,7512.1,86.30201109
2019-12-04 22:10:00,7517.2,7534.7,7506.7,7509.5,72.56948531
2019-12-04 22:09:00,7504,7521,7499.6,7517.2,109.26586237
2019-12-04 22:08:00,7494.8,7504.1,7494.8,7504.1,156.62722603
2019-12-04 22:07:00,7496.9,7504.1,7493.9,7493.9,111.72461636
2019-12-04 22:06:00,7489.7,7509,7489.7,7496.8,37.97768756
2019-12-04 22:05:00,7490.2,7498.4,7488.9,7489.6,29.39109009
2019-12-04 22:04:00,7493.4,7503.1,7486.4,7490.1,45.50136395
2019-12-04 22:03:00,7505.2,7512.7,7488.7,7493.5,63.21732112
2019-12-04 22:02:00,7522.5,7522.5,7500,7505.2,66.04398669
2019-12-04 22:01:00,7517.1,7528.4,7510,7522.5,69.68755978
2019-12-04 22:00:00,7498.1,7517.6,7491.2,7517.6,67.56688508
2019-12-04 21:59:00,7498.6,7501.1,7486.3,7498,30.55810021
2019-12-04 21:58:00,7487,7503.9,7487,7498.6,51.63458964
2019-12-04 21:57:00,7496.2,7501.8,7486.9,7486.9,51.66125811
2019-12-04 21:56:00,7489.6,7504.4,7482.4,7496.6,86.08695837
2019-12-04 21:55:00,7500.4,7501.5,7483.2,7489.7,38.48660112
2019-12-04 21:54:00,7508,7508.1,7492.4,7497.7,63.51003893
2019-12-04 21:53:00,7507,7514.2,7489.2,7508.1,129.07774998
2019-12-04 21:52:00,7506.2,7514.7,7498.5,7507,168.39271426
2019-12-04 21:51:00,7498.8,7508.1,7489.2,7506.9,131.90425729
2019-12-04 21:50:00,7473.3,7499.5,7470.8,7498.7,131.33240515
2019-12-04 21:49:00,7487.9,7496.5,7473.3,7474.7,205.59417481
2019-12-04 21:48:00,7484,7509.7,7481.7,7487.9,182.92548102
2019-12-04 21:47:00,7488.1,7523,7480,7484.3,204.99021287
2019-12-04 21:46:00,7546.6,7548.5,7488,7488,152.23302633
2019-12-04 21:45:00,7544.6,7565,7540.8,7546.5,81.72233219
2019-12-04 21:44:00,7528.1,7553,7523.7,7544.5,166.39196978
2019-12-04 21:43:00,7533.2,7562.2,7528,7528,472.8286677
2019-12-04 21:42:00,7535.9,7544.1,7523.7,7533.1,176.03802741
2019-12-04 21:41:00,7564.9,7564.9,7532.3,7535.9,315.91068208
2019-12-04 21:40:00,7560.2,7576.4,7557.4,7562.2,221.5431715
2019-12-04 21:39:00,7585,7588.6,7560,7560,200.28175725
2019-12-04 21:38:00,7556.1,7585.1,7549.5,7585.1,166.06191965
2019-12-04 21:37:00,7581.6,7584.8,7556.7,7556.7,636.5525424
2019-12-04 21:36:00,7559.6,7587.2,7550,7581.6,610.23034237
2019-12-04 21:35:00,7559.4,7569.2,7536.2,7556.5,316.86186578
2019-12-04 21:34:00,7542.9,7600.5,7542.9,7558.8,253.63014354
2019-12-04 21:33:00,7535.7,7574.4,7529.2,7542.8,354.74980693
2019-12-04 21:32:00,7572.4,7580,7511.1,7535.8,452.5130039
2019-12-04 21:31:00,7600.9,7610.8,7563.2,7571.6,651.19450084
2019-12-04 21:30:00,7594.9,7626.3,7573.3,7600.6,905.23006006
2019-12-04 21:29:00,7569.3,7612.1,7555.8,7599.5,746.23295592
2019-12-04 21:28:00,7602.2,7609.1,7531,7569.2,1012.916277
2019-12-04 21:27:00,7605.1,7639.1,7560.8,7602.3,704.4894963
2019-12-04 21:26:00,7615.8,7657.9,7529.9,7605.1,1187.86530334
2019-12-04 21:25:00,7787.8,7805.2,7586.4,7615.8,1176.54824777
2019-12-04 21:24:00,7492.6,7788.5,7491.1,7788.5,1403.82422924
2019-12-04 21:23:00,7465.2,7520,7289.8,7491.6,1283.00043491
2019-12-04 21:22:00,7292.8,7481.1,7292.8,7457.9,1084.70265232
2019-12-04 21:21:00,7257.8,7295,7257.7,7293,270.09530909
2019-12-04 21:20:00,7261.6,7266.8,7257,7257.8,54.98453287
2019-12-04 21:19:00,7246.1,7268.1,7243.8,7261.7,107.2101716
2019-12-04 21:18:00,7248.8,7252,7241.8,7246.3,148.03926748
2019-12-04 21:17:00,7228.9,7253.7,7228.9,7248.8,362.81929682
2019-12-04 21:16:00,7228.2,7228.9,7223,7228.8,10.13341434
2019-12-04 21:15:00,7225.7,7228.2,7220.6,7228.2,9.59010762
2019-12-04 21:14:00,7218.1,7224.6,7218,7224.6,5.27270649
2019-12-04 21:13:00,7210.3,7220.5,7206.8,7218.1,75.92104113
2019-12-04 21:12:00,7209.8,7210.4,7208.3,7210.3,3.20008728
2019-12-04 21:11:00,7209.8,7212.4,7209.8,7211.3,2.32329769
2019-12-04 21:10:00,7213.2,7213.2,7207.7,7207.7,19.45644116
2019-12-04 21:09:00,7208.6,7212,7206.6,7212,4.02466652
2019-12-04 21:08:00,7202.6,7208.5,7202.6,7208.5,12.65650168
2019-12-04 21:07:00,7207.8,7209.5,7202.5,7202.5,2.78032019
2019-12-04 21:06:00,7204.6,7210.2,7204.5,7209,7.8832123
2019-12-04 21:05:00,7207.5,7210.1,7204.5,7204.6,1.43213469
2019-12-04 21:04:00,7207,7208.6,7205.7,7207.4,3.57240778
2019-12-04 21:03:00,7211.8,7212.3,7205,7207,26.58097783
2019-12-04 21:02:00,7225.5,7226.6,7212.4,7212.8,65.28484682
2019-12-04 21:01:00,7219.1,7230,7219.1,7224.4,38.41677549
2019-12-04 21:00:00,7218.3,7218.3,7215.4,7217.8,20.36775996
2019-12-04 20:59:00,7220,7220.1,7217.7,7218.3,7.14275406
2019-12-04 20:58:00,7215.5,7220.1,7215.5,7220.1,33.24640115
2019-12-04 20:57:00,7218,7219.4,7215.5,7215.5,12.88095924
2019-12-04 20:56:00,7216.7,7218,7216.7,7218,4.05185638
2019-12-04 20:55:00,7212.4,7216.7,7212.4,7216.7,8.6462073
2019-12-04 20:54:00,7212.4,7212.4,7212.3,7212.3,0.33541023
2019-12-04 20:53:00,7215.7,7218,7213.1,7213.9,5.45149419
2019-12-04 20:52:00,7211.9,7215.6,7211.8,7215.6,0.55965203
2019-12-04 20:51:00,7212.3,7214.8,7212.2,7212.2,12.25265335
2019-12-04 20:50:00,7206.8,7210.1,7206.8,7210.1,5.25219743
2019-12-04 20:49:00,7203,7207.2,7203,7206.8,3.55734051
2019-12-04 20:48:00,7201.1,7206.4,7201.1,7203.5,7.55076487
2019-12-04 20:47:00,7203.4,7203.5,7201.1,7201.1,0.76712055
2019-12-04 20:46:00,7205.3,7205.7,7201,7202.1,5.69102384
2019-12-04 20:45:00,7207.2,7207.2,7205.1,7205.2,1.99797108
2019-12-04 20:44:00,7205.2,7208,7205.2,7207.3,4.72973445
2019-12-04 20:43:00,7200.8,7205.1,7200.3,7205.1,6.70906966
2019-12-04 20:42:00,7203.8,7204.4,7201,7201,1.41150061
2019-12-04 20:41:00,7209.2,7209.2,7203.3,7203.3,8.26903482
2019-12-04 20:40:00,7203.6,7210.2,7202.4,7210.2,6.4618713
2019-12-04 20:39:00,7204.4,7204.4,7202.7,7203.2,0.76421757
2019-12-04 20:38:00,7207.1,7207.1,7202.4,7205.1,4.61422462
2019-12-04 20:37:00,7202.5,7210.7,7202.5,7207.1,7.86149064
2019-12-04 20:36:00,7201.8,7202.9,7200.2,7201,4.12962555
2019-12-04 20:35:00,7205,7205,7200,7202.9,23.64512211
2019-12-04 20:34:00,7207.5,7207.5,7205,7205,4.37823696
2019-12-04 20:33:00,7209.9,7214.6,7207.4,7207.5,30.68584328
2019-12-04 20:32:00,7212.6,7212.6,7206.6,7209.7,44.25181303
2019-12-04 20:31:00,7217.9,7217.9,7212.6,7212.6,3.17619984
2019-12-04 20:30:00,7215.4,7218.6,7214.5,7217.2,9.1543099
2019-12-04 20:29:00,7215.7,7215.7,7212.6,7214.8,11.39194842
2019-12-04 20:28:00,7214.8,7220.3,7214.8,7215.7,10.16236959
2019-12-04 20:27:00,7222.4,7222.4,7214.9,7214.9,12.59059841
2019-12-04 20:26:00,7225.4,7226.2,7222.5,7222.5,25.18986204
2019-12-04 20:25:00,7223.6,7225.4,7223.6,7225.4,4.45754603
2019-12-04 20:24:00,7218.2,7226.9,7218.2,7223.6,43.88299786
2019-12-04 20:23:00,7218.7,7218.7,7218.1,7218.1,0.99578071
2019-12-04 20:22:00,7219.3,7219.4,7218.7,7218.7,7.58211147
2019-12-04 20:21:00,7219.4,7219.4,7219.3,7219.3,11.28638111
2019-12-04 20:20:00,7219.4,7219.4,7219.3,7219.4,1.48268257
2019-12-04 20:19:00,7217.8,7220.1,7216.3,7219.4,4.13977264
2019-12-04 20:18:00,7217.1,7219.2,7216,7216.1,2.39349489
2019-12-04 20:17:00,7216,7218.9,7216,7217.6,4.85265736
2019-12-04 20:16:00,7214,7217.2,7214,7217,2.91798751
2019-12-04 20:15:00,7209.5,7214,7209.5,7214,126.93153386
2019-12-04 20:14:00,7209.8,7209.9,7209.2,7209.2,3.65330662
2019-12-04 20:13:00,7208.7,7210,7207.8,7209.9,3.58067729
2019-12-04 20:12:00,7210,7210,7208.7,7208.7,10.4420888
2019-12-04 20:11:00,7208.4,7210,7206.8,7209.6,35.34083475
2019-12-04 20:10:00,7209,7209,7206,7206.8,3.424629
2019-12-04 20:09:00,7209.9,7209.9,7207.2,7208,0.43942837
2019-12-04 20:08:00,7209.5,7210,7208.9,7210,10.4815344
2019-12-04 20:07:00,7211.1,7211.1,7210.2,7210.2,1.45206056
2019-12-04 20:06:00,7213.5,7213.5,7212,7212,2.17447406
2019-12-04 20:05:00,7217,7217,7213.5,7213.5,1.29506627
2019-12-04 20:04:00,7216.5,7220.2,7215.1,7216.2,4.19653609
2019-12-04 20:03:00,7209,7216.6,7209,7216.2,14.96009047
2019-12-04 20:02:00,7208.1,7211.5,7207.2,7209,18.13950686
2019-12-04 20:01:00,7205.7,7208.6,7205.7,7208.1,1.70624715
2019-12-04 20:00:00,7200.1,7205.7,7200.1,7205.7,3.05136657
2019-12-04 19:59:00,7203.8,7203.8,7199,7200.1,3.46005122
2019-12-04 19:58:00,7197.4,7204.7,7197.3,7203.7,11.09714658
2019-12-04 19:57:00,7203.6,7204.1,7197.3,7197.3,7.97641482
2019-12-04 19:56:00,7201.5,7205.2,7201.5,7203.5,0.72689327
2019-12-04 19:55:00,7196.9,7203.3,7196.9,7201,16.83708995
2019-12-04 19:54:00,7198,7198,7196.2,7196.9,1.60563104
2019-12-04 19:53:00,7194.3,7198.1,7194.3,7198.1,2.1495733
2019-12-04 19:52:00,7192,7194.3,7192,7194.3,0.46695676
2019-12-04 19:51:00,7192.4,7192.5,7192,7192,8.65276421
2019-12-04 19:50:00,7196.2,7196.2,7191.3,7192.4,5.82761662
2019-12-04 19:49:00,7195.6,7196.2,7194.1,7196.2,0.47847006
2019-12-04 19:48:00,7192.8,7195.5,7191.7,7195.1,9.80681015
2019-12-04 19:47:00,7197,7199,7192.7,7192.7,6.05131141
2019-12-04 19:46:00,7197.8,7198.1,7196.9,7196.9,4.29090048
2019-12-04 19:45:00,7199.1,7199.9,7197.3,7197.3,7.64232195
2019-12-04 19:44:00,7198.4,7199.1,7196.2,7199.1,1.36464555
2019-12-04 19:43:00,7191,7198.8,7191,7198,4.34632601
2019-12-04 19:42:00,7193.9,7193.9,7190.4,7191.6,4.18963993
2019-12-04 19:41:00,7191.6,7194.3,7191.6,7193.6,1.55968137
2019-12-04 19:40:00,7189.3,7191.6,7189.3,7191.6,1.38871813
2019-12-04 19:39:00,7195,7195,7189,7190.1,26.02814933
2019-12-04 19:38:00,7192.5,7195.3,7192.5,7195.1,9.10217686
2019-12-04 19:37:00,7192.3,7192.3,7188,7191.6,30.15063295
2019-12-04 19:36:00,7196,7196.8,7192.3,7192.3,5.08891214
2019-12-04 19:35:00,7196.5,7196.8,7195.4,7196.4,10.73646634
2019-12-04 19:34:00,7198.6,7198.6,7196.5,7196.5,0.49507591
2019-12-04 19:33:00,7202.3,7202.3,7198.6,7198.6,4.09885264
2019-12-04 19:32:00,7198.1,7202.9,7197.6,7202.8,24.53772939
2019-12-04 19:31:00,7202.6,7204.2,7199,7199,9.54357171
2019-12-04 19:30:00,7208.9,7210.2,7202.5,7202.5,5.82962095
2019-12-04 19:29:00,7209.5,7213.7,7207.2,7209,16.95434008
2019-12-04 19:28:00,7204.4,7209.7,7204.4,7209.7,4.60971608
2019-12-04 19:27:00,7205.8,7206.5,7203.3,7203.3,12.49021108
2019-12-04 19:26:00,7203,7206.1,7203,7205.9,9.2283629
2019-12-04 19:25:00,7202,7203.8,7200.6,7203.5,6.38412443
2019-12-04 19:24:00,7199.1,7202.1,7197.7,7201.9,1.74614739
2019-12-04 19:23:00,7193.9,7200.2,7192.5,7200.2,46.66936844
2019-12-04 19:22:00,7193,7193.3,7191.6,7193.3,7.23911472
2019-12-04 19:21:00,7194.7,7194.7,7191.6,7193.1,6.42929593
2019-12-04 19:20:00,7195.3,7196.2,7193.7,7195.7,15.28820479
2019-12-04 19:19:00,7200,7200.1,7190.4,7195.2,62.01036276
2019-12-04 19:18:00,7209.3,7209.3,7200,7200,8.103398
2019-12-04 19:17:00,7217.2,7217.2,7208,7209.4,4.38150815
2019-12-04 19:16:00,7207,7217.3,7207,7217.3,20.93697958
2019-12-04 19:15:00,7206.1,7210.8,7205.1,7207.1,11.47382164
2019-12-04 19:14:00,7208.7,7214.2,7206.1,7206.1,24.05090534
2019-12-04 19:13:00,7210,7211.5,7208.8,7208.8,11.70907583
2019-12-04 19:12:00,7212.5,7212.5,7210,7210.1,24.44354952
2019-12-04 19:11:00,7210.4,7211.8,7210,7211.8,39.26653546
2019-12-04 19:10:00,7211,7213.3,7210,7210.4,23.24232044
2019-12-04 19:09:00,7219.5,7219.5,7211,7211.4,5.57257832
2019-12-04 19:08:00,7220.2,7225.7,7219.1,7219.5,16.82988794
2019-12-04 19:07:00,7220.2,7221.9,7218.9,7220.2,0.85927018
2019-12-04 19:06:00,7220.3,7221.1,7217.5,7220.2,10.99407569
2019-12-04 19:05:00,7224.6,7225.7,7218.6,7220.3,10.6805279
2019-12-04 19:04:00,7224.9,7225.7,7222.2,7224.5,11.93839875
2019-12-04 19:03:00,7230.1,7230.2,7223.3,7225.2,3.96159939
2019-12-04 19:02:00,7230.2,7233.4,7228.4,7231.8,34.16239142
2019-12-04 19:01:00,7230.9,7232.5,7222.8,7230.1,45.20601498
2019-12-04 19:00:00,7224.1,7232.7,7222.6,7231,44.71205383
2019-12-04 18:59:00,7222.1,7227,7222.1,7224.1,21.31439831
2019-12-04 18:58:00,7224.2,7228.5,7221.6,7222.1,20.25102372
2019-12-04 18:57:00,7224.9,7230,7221.3,7224.1,127.23259987
2019-12-04 18:56:00,7218.1,7224.8,7218.1,7224.8,26.81673503
2019-12-04 18:55:00,7214.6,7218.4,7214.6,7218,162.19038968
2019-12-04 18:54:00,7207.5,7214.5,7207.5,7214.5,9.92231578
2019-12-04 18:53:00,7206.4,7207.9,7203.8,7207.5,15.50164633
2019-12-04 18:52:00,7203.7,7206.4,7203.7,7206.4,1.33153859
2019-12-04 18:51:00,7206.4,7206.5,7202.8,7203.6,0.61871921
2019-12-04 18:50:00,7201.2,7206.2,7201.2,7206,10.31624323
2019-12-04 18:49:00,7205.8,7205.8,7201.1,7201.1,7.59264433
2019-12-04 18:48:00,7203.8,7206,7203.7,7205.7,16.8506726
2019-12-04 18:47:00,7205.9,7207.8,7203.7,7203.7,7.95648553
2019-12-04 18:46:00,7205.6,7207.9,7203.3,7205.9,4.99668157
2019-12-04 18:45:00,7211.4,7211.4,7204,7206,6.72020524
2019-12-04 18:44:00,7210,7215,7209.6,7211.5,13.1603792
2019-12-04 18:43:00,7216.8,7216.8,7209.9,7210,14.78849297
2019-12-04 18:42:00,7224.7,7225.4,7216.8,7216.9,4.53717943
2019-12-04 18:41:00,7220,7224.3,7219.3,7224.3,27.36852949
2019-12-04 18:40:00,7221.1,7221.8,7216.1,7220,7.66307288
2019-12-04 18:39:00,7220.4,7224.3,7220.4,7222,2.97430453
2019-12-04 18:38:00,7225.3,7229.2,7220.9,7220.9,39.14297932
2019-12-04 18:37:00,7221.8,7229.3,7221.2,7225.2,28.47131755
2019-12-04 18:36:00,7215.1,7227.1,7215.1,7221.8,69.59070504
2019-12-04 18:35:00,7212.8,7215.2,7212.8,7215,0.33635507
2019-12-04 18:34:00,7215.5,7215.6,7212,7212.8,19.12962073
2019-12-04 18:33:00,7212.8,7216.5,7211.8,7216,8.22069892
2019-12-04 18:32:00,7211.9,7212.8,7204.5,7212.8,25.52698132
2019-12-04 18:31:00,7213.7,7213.7,7210.8,7212,4.11444478
2019-12-04 18:30:00,7217.3,7217.3,7208.9,7213.8,26.89218232
2019-12-04 18:29:00,7212.3,7222.5,7212.3,7217.3,32.76532887
2019-12-04 18:28:00,7211.8,7214.4,7209.6,7212.2,34.83977091
2019-12-04 18:27:00,7203.5,7212.3,7203.5,7211.3,21.95926835
2019-12-04 18:26:00,7208.7,7208.7,7203.5,7203.6,9.40473211
2019-12-04 18:25:00,7204.7,7209.6,7204.7,7208.7,22.19317811
2019-12-04 18:24:00,7199.3,7206.7,7199.3,7203.2,12.14347792
2019-12-04 18:23:00,7196.7,7199.8,7196.7,7199.3,5.37934773
2019-12-04 18:22:00,7191.9,7196.2,7191.9,7196.1,10.13512985
2019-12-04 18:21:00,7188.7,7192,7188.4,7192,3.4152162
2019-12-04 18:20:00,7189.6,7189.6,7188.1,7188.7,1.58178642
2019-12-04 18:19:00,7187.4,7189.5,7187.4,7188.8,3.86627442
2019-12-04 18:18:00,7184.5,7189.1,7184.4,7186.5,5.08742714
2019-12-04 18:17:00,7180.2,7183,7180.2,7183,0.74455926
2019-12-04 18:16:00,7181.7,7183.3,7181,7181,9.77755785
2019-12-04 18:15:00,7182.5,7183.4,7181.6,7181.6,4.8515007
2019-12-04 18:14:00,7186.5,7186.8,7182.5,7182.5,11.23709701
2019-12-04 18:13:00,7188.9,7190,7186.5,7186.5,6.19756061
2019-12-04 18:12:00,7190.3,7191,7187.3,7188.9,7.19939979
2019-12-04 18:11:00,7186.1,7190.4,7186.1,7190.4,14.36614459
2019-12-04 18:10:00,7188.1,7188.1,7185.2,7186.1,1.29006535
2019-12-04 18:09:00,7184,7188.8,7181.8,7188.8,2.91734333
2019-12-04 18:08:00,7182.9,7186.9,7182.7,7184,5.03081675
2019-12-04 18:07:00,7181.2,7184.3,7179.9,7181.9,15.267013
2019-12-04 18:06:00,7188.3,7188.8,7180.7,7181.2,19.38737502
2019-12-04 18:05:00,7190.8,7190.8,7187,7188.2,7.80740818
2019-12-04 18:04:00,7192,7193.3,7190.6,7190.8,5.55380381
2019-12-04 18:03:00,7196.4,7197,7192,7192,10.83327596
2019-12-04 18:02:00,7191.8,7197.7,7191.8,7196.3,22.26964026
2019-12-04 18:01:00,7191.2,7192.7,7190,7191.8,5.98513845
2019-12-04 18:00:00,7193,7193,7191.1,7191.1,26.10880473
2019-12-04 17:59:00,7195.3,7195.3,7192.7,7193,15.86471651
2019-12-04 17:58:00,7194.8,7195.3,7194.8,7195,0.97068935
2019-12-04 17:57:00,7194.7,7194.8,7191.1,7194.7,6.57233969
2019-12-04 17:56:00,7194.9,7194.9,7191.3,7194.8,13.30069722
2019-12-04 17:55:00,7197.7,7197.7,7194,7194.8,12.73914458
2019-12-04 17:54:00,7195.6,7199.7,7194,7198.2,17.4393773
2019-12-04 17:53:00,7196.3,7197.6,7195.5,7195.9,3.70026927
2019-12-04 17:52:00,7202,7202,7196.5,7197.4,30.06616905
2019-12-04 17:51:00,7203.8,7209.2,7200,7202.6,28.5540572
2019-12-04 17:50:00,7197.3,7203.6,7196.2,7203.6,11.70067711
2019-12-04 17:49:00,7196.4,7198,7192.1,7197.3,14.83429874
2019-12-04 17:48:00,7194.7,7197.8,7194.7,7197,9.46721464
2019-12-04 17:47:00,7194.8,7195.8,7193.9,7194.7,5.57743795
2019-12-04 17:46:00,7190.4,7194.9,7188,7194.8,13.41422063
2019-12-04 17:45:00,7190.7,7191.8,7186,7191.1,2.47672158
2019-12-04 17:44:00,7192,7192,7185.5,7190.4,18.67309559
2019-12-04 17:43:00,7194,7195.1,7193.7,7193.7,0.58363266
2019-12-04 17:42:00,7190.1,7194.4,7190.1,7194,8.32004524
2019-12-04 17:41:00,7189.2,7190.2,7189.1,7190.1,16.19547734
2019-12-04 17:40:00,7190.2,7190.2,7189.3,7189.3,0.3327139
2019-12-04 17:39:00,7188.9,7191,7188.2,7190.2,27.11357366
2019-12-04 17:38:00,7187,7189.9,7184,7188.9,3.79567617
2019-12-04 17:37:00,7189.5,7189.7,7186.8,7187,6.29022358
2019-12-04 17:36:00,7190.1,7191.5,7187.3,7189.6,14.46364443
2019-12-04 17:35:00,7185.4,7191,7185.4,7190.3,8.27948302
2019-12-04 17:34:00,7194.8,7195.1,7183.3,7184.4,34.86367008
2019-12-04 17:33:00,7191.9,7200,7191.9,7194.8,20.77904251
2019-12-04 17:32:00,7183.3,7194.1,7183.3,7191.2,20.75659597
2019-12-04 17:31:00,7178.9,7183.4,7178.9,7183.4,10.32666493
2019-12-04 17:30:00,7180.2,7180.2,7178.9,7178.9,0.31259272
2019-12-04 17:29:00,7182,7182,7178.1,7179.3,1.53873231
2019-12-04 17:28:00,7182.6,7182.9,7181.1,7182.1,5.10898419
2019-12-04 17:27:00,7178,7182.6,7178,7182.6,5.44956391
2019-12-04 17:26:00,7177,7178,7176.4,7177.9,4.53629452
2019-12-04 17:25:00,7174.1,7177.8,7174.1,7177.5,9.25660397
2019-12-04 17:24:00,7178.9,7178.9,7172.8,7174.1,7.35285936
2019-12-04 17:23:00,7184.7,7184.7,7177.3,7179,15.51331343
2019-12-04 17:22:00,7178.9,7184.8,7178.9,7184,6.59424269
2019-12-04 17:21:00,7181.2,7182.1,7177.5,7178.9,3.23158289
2019-12-04 17:20:00,7178.9,7181.4,7178.8,7181.2,3.45450772
2019-12-04 17:19:00,7176.5,7178.8,7174.2,7178.8,2.80735011
2019-12-04 17:18:00,7169.9,7177.6,7169.8,7176.2,17.48234237
2019-12-04 17:17:00,7171.8,7171.8,7169.8,7169.8,14.01990683
2019-12-04 17:16:00,7171.6,7171.9,7170.3,7171.9,10.14438777
2019-12-04 17:15:00,7173.4,7173.4,7171.5,7171.6,3.04810081
2019-12-04 17:14:00,7174.3,7174.3,7170.9,7173.3,0.5254035
2019-12-04 17:13:00,7174.7,7177.4,7173.7,7174.3,9.67987151
2019-12-04 17:12:00,7173.6,7176.7,7173.6,7174.7,11.51670819
2019-12-04 17:11:00,7169.1,7174.5,7169,7173.6,23.29574122
2019-12-04 17:10:00,7169.8,7175.2,7169.7,7170.2,12.61585191
2019-12-04 17:09:00,7175.7,7176,7168.6,7169.8,20.20691041
2019-12-04 17:08:00,7186.9,7186.9,7175,7175.8,14.43591791
2019-12-04 17:07:00,7187.8,7189.2,7187.1,7187.1,7.85676971
2019-12-04 17:06:00,7181.1,7188.3,7181.1,7187.9,16.23853206
2019-12-04 17:05:00,7186.7,7186.7,7180.4,7180.4,11.20065559
2019-12-04 17:04:00,7188.8,7190,7185.2,7187.8,4.26868842
2019-12-04 17:03:00,7194.8,7194.8,7186.4,7189.2,9.76692262
2019-12-04 17:02:00,7189.7,7196.6,7189.7,7195.2,15.3396974
2019-12-04 17:01:00,7182.6,7189.7,7180.8,7189.7,17.39168436
2019-12-04 17:00:00,7182.8,7188.8,7182.6,7183,24.81200447
2019-12-04 16:59:00,7184.3,7184.6,7182.7,7182.8,2.37305267
2019-12-04 16:58:00,7186.5,7186.5,7183.2,7184.4,9.24143662
2019-12-04 16:57:00,7183.1,7189.2,7183.1,7186.4,13.59707944
2019-12-04 16:56:00,7197.2,7197.2,7183.1,7183.1,92.07558769
2019-12-04 16:55:00,7190.7,7200,7188,7197.2,39.43615405
2019-12-04 16:54:00,7197,7199.4,7191,7191,62.39314075
2019-12-04 16:53:00,7193.3,7200,7193.2,7196.4,83.83854921
2019-12-04 16:52:00,7170.2,7198.3,7169.3,7192.4,152.39598255
2019-12-04 16:51:00,7162.5,7174,7162.5,7170.2,46.53576692
2019-12-04 16:50:00,7158.3,7161.5,7158.3,7161.4,29.05264827
2019-12-04 16:49:00,7155.5,7157.3,7154.4,7157.3,11.90153225
2019-12-04 16:48:00,7155.7,7156.8,7154.3,7154.4,4.18102553
2019-12-04 16:47:00,7158.5,7158.5,7155.5,7155.6,5.57407148
2019-12-04 16:46:00,7157.8,7158.5,7155.1,7157.5,25.41171481
2019-12-04 16:45:00,7162,7162,7156.6,7157.8,30.23253263
2019-12-04 16:44:00,7164.8,7166.7,7161.6,7162,10.66876409
2019-12-04 16:43:00,7160,7170,7160,7164.8,71.51136029
2019-12-04 16:42:00,7155,7160,7152.9,7160,29.64885309
2019-12-04 16:41:00,7155.4,7155.4,7149.9,7155.1,19.63332067
2019-12-04 16:40:00,7154.9,7157.3,7154.9,7155.4,2.32698945
2019-12-04 16:39:00,7151.9,7156.2,7150,7155,35.95564663
2019-12-04 16:38:00,7153.2,7154,7149.9,7152.1,25.27633756
2019-12-04 16:37:00,7153.2,7157,7151.7,7153.8,16.47249725
2019-12-04 16:36:00,7143,7153.2,7143,7153,48.67378477
2019-12-04 16:35:00,7142.2,7144,7142.2,7143,6.7942258
2019-12-04 16:34:00,7142.9,7143.4,7140.4,7142.5,6.83695044
2019-12-04 16:33:00,7147.3,7147.3,7140.3,7142.8,22.59176841
2019-12-04 16:32:00,7149.1,7149.2,7147,7147.7,2.91364409
2019-12-04 16:31:00,7151,7154.3,7148.4,7149,23.84687609
2019-12-04 16:30:00,7144.2,7157,7144.2,7151.2,46.41956009
2019-12-04 16:29:00,7144.7,7148.6,7141.9,7144.1,25.99579962
2019-12-04 16:28:00,7137.9,7145.5,7137.1,7145.5,71.65082668
2019-12-04 16:27:00,7138.1,7139,7132,7137.8,33.78745526
2019-12-04 16:26:00,7138.9,7142.4,7137.1,7138.1,38.12855121
2019-12-04 16:25:00,7127.1,7139.3,7127.1,7138.7,28.08587766
2019-12-04 16:24:00,7129,7134.5,7127.1,7127.1,79.84441812
2019-12-04 16:23:00,7122.8,7129.9,7122.8,7129,28.97813234
2019-12-04 16:22:00,7120,7122.8,7116.1,7122.8,13.94046109
2019-12-04 16:21:00,7111,7120,7111,7120,27.46665525
2019-12-04 16:20:00,7118.9,7121.5,7111.2,7111.2,24.48848994
2019-12-04 16:19:00,7115.3,7118.9,7112.4,7117.9,7.58188698
2019-12-04 16:18:00,7112.1,7115.3,7109,7115.3,71.49797338
2019-12-04 16:17:00,7117.9,7117.9,7108.7,7112.5,71.51155998
2019-12-04 16:16:00,7113.9,7121.5,7111.4,7118.2,55.62432822
2019-12-04 16:15:00,7103.5,7115.8,7102.4,7115.8,84.59502524
2019-12-04 16:14:00,7106.3,7107.4,7099.1,7104.3,37.48509091
2019-12-04 16:13:00,7111.5,7111.5,7102.1,7105.3,106.32008627
2019-12-04 16:12:00,7094.3,7121.2,7092.6,7111.5,184.34749258
2019-12-04 16:11:00,7122.5,7122.5,7080,7093.7,246.59899
2019-12-04 16:10:00,7124.6,7129.2,7119.1,7122.6,15.68387001
2019-12-04 16:09:00,7128.2,7128.2,7123.2,7123.9,43.85064245
2019-12-04 16:08:00,7132.8,7132.8,7126.5,7127.8,12.20813357
2019-12-04 16:07:00,7131.3,7133.8,7131.3,7132.8,7.55656365
2019-12-04 16:06:00,7132.8,7137.2,7131.5,7131.5,9.02056737
2019-12-04 16:05:00,7135.2,7135.2,7133.5,7133.5,3.43803688
2019-12-04 16:04:00,7133,7134.7,7131.5,7134.7,0.6429924
2019-12-04 16:03:00,7133.9,7135.5,7133.2,7133.2,3.09367676
2019-12-04 16:02:00,7134,7134,7133.8,7133.8,0.87169312
2019-12-04 16:01:00,7130.2,7133.6,7130.1,7133.6,5.74113622
2019-12-04 16:00:00,7129.1,7131,7129.1,7130.8,5.9133702
2019-12-04 15:59:00,7129.7,7131.1,7128.4,7129.1,0.99730884
2019-12-04 15:58:00,7131.4,7132,7128.2,7129.7,7.89425636
2019-12-04 15:57:00,7130.7,7133.9,7130.7,7131.8,9.03629159
2019-12-04 15:56:00,7130.2,7130.6,7129.1,7130.1,6.23436176
2019-12-04 15:55:00,7124.4,7133.9,7124.4,7128.7,38.55996971
2019-12-04 15:54:00,7127.2,7127.2,7123.8,7124.3,3.07433958
2019-12-04 15:53:00,7133.6,7133.6,7122,7127.2,62.878894
2019-12-04 15:52:00,7133.7,7133.7,7133.6,7133.7,0.38010624
2019-12-04 15:51:00,7135.2,7135.2,7132.4,7132.9,4.73386718
2019-12-04 15:50:00,7133.8,7133.8,7132.2,7133,1.56520213
2019-12-04 15:49:00,7134.8,7136.1,7133.3,7135,1.5575711
2019-12-04 15:48:00,7136,7136.4,7134,7134.9,2.32461133
2019-12-04 15:47:00,7136.3,7136.3,7132,7134.9,5.08466486
2019-12-04 15:46:00,7137.5,7138.3,7136.3,7136.3,7.35043041
2019-12-04 15:45:00,7132.4,7139,7131.5,7137.4,7.40469038
2019-12-04 15:44:00,7130.6,7133.4,7130.6,7131.8,5.74911241
2019-12-04 15:43:00,7130.4,7131,7129.2,7129.8,3.57277639
2019-12-04 15:42:00,7130.3,7131.9,7130.2,7130.6,6.762922
2019-12-04 15:41:00,7136,7136,7131.6,7131.6,2.88297064
2019-12-04 15:40:00,7130.9,7135.9,7130.9,7135.9,12.50992482
2019-12-04 15:39:00,7130.6,7131.5,7129,7130.8,14.40123366
2019-12-04 15:38:00,7131.1,7131.1,7128.4,7130.1,14.5465328
2019-12-04 15:37:00,7128.8,7130.9,7127.9,7130.9,8.39398375
2019-12-04 15:36:00,7124.9,7128.8,7124.1,7128.5,5.62111467
2019-12-04 15:35:00,7127.7,7127.7,7125,7125,13.97319178
2019-12-04 15:34:00,7131.2,7131.2,7128.6,7128.6,3.64343015
2019-12-04 15:33:00,7132.8,7132.8,7130.6,7131.2,23.259177
2019-12-04 15:32:00,7133.2,7134.2,7132.9,7132.9,15.22259647
2019-12-04 15:31:00,7130.4,7133.6,7130.4,7133.1,3.20565383
2019-12-04 15:30:00,7133.5,7133.5,7129.5,7129.7,2.50290903
2019-12-04 15:29:00,7132,7133.6,7132,7133.5,1.09164394
2019-12-04 15:28:00,7129.1,7132.2,7129.1,7131.4,3.86106654
2019-12-04 15:27:00,7131.8,7133,7128.5,7129.1,11.00492069
2019-12-04 15:26:00,7130.7,7132.8,7127.7,7131.8,6.52186207
2019-12-04 15:25:00,7135.8,7136.1,7127.9,7130.8,41.61092359
2019-12-04 15:24:00,7136.8,7138.4,7135.8,7135.8,8.4779737
2019-12-04 15:23:00,7141.1,7141.7,7136.4,7137.1,8.63849743
2019-12-04 15:22:00,7136,7142.1,7136,7141.1,29.64098362
2019-12-04 15:21:00,7140.3,7140.3,7135.9,7135.9,8.83227128
2019-12-04 15:20:00,7143.1,7143.1,7139.6,7140.3,13.32537943
2019-12-04 15:19:00,7144.5,7144.5,7142.2,7142.2,0.42790017
2019-12-04 15:18:00,7144.7,7144.7,7143.3,7144.5,6.92369385
2019-12-04 15:17:00,7143.2,7144.7,7142.6,7144.7,1.86001513
2019-12-04 15:16:00,7141.4,7144,7139.7,7143.2,11.74065751
2019-12-04 15:15:00,7140.4,7142.8,7140.4,7141.4,2.24747798
2019-12-04 15:14:00,7142.6,7142.8,7140.7,7140.7,8.169984
2019-12-04 15:13:00,7143.3,7143.3,7140.4,7142.5,3.1927158
2019-12-04 15:12:00,7144.1,7145,7143.7,7143.7,1.2389056
2019-12-04 15:11:00,7148.3,7148.3,7143.1,7144.1,11.41544176
2019-12-04 15:10:00,7144.6,7148.3,7144.6,7148.2,8.4286417
2019-12-04 15:09:00,7144.4,7144.4,7143.8,7144.4,10.07228511
2019-12-04 15:08:00,7142.1,7144.5,7142.1,7144.4,18.09309003
2019-12-04 15:07:00,7142.1,7142.1,7139.4,7142,28.69258898
2019-12-04 15:06:00,7144.3,7144.3,7141.4,7142.5,2.15387367
2019-12-04 15:05:00,7146.7,7147.5,7143.4,7144.3,10.8879077
2019-12-04 15:04:00,7140.8,7148,7140.8,7146.8,12.523811
2019-12-04 15:03:00,7140.1,7141.3,7140.1,7141,3.01837078
2019-12-04 15:02:00,7139.4,7140.1,7139.4,7140.1,0.6674927
2019-12-04 15:01:00,7143.2,7143.2,7137.2,7139.5,6.17573678
2019-12-04 15:00:00,7136.7,7145,7136.7,7143.3,15.00163882
2019-12-04 14:59:00,7144.1,7144.1,7133.4,7136.7,22.10722943
2019-12-04 14:58:00,7144.5,7144.5,7142.6,7144.2,1.0471772
2019-12-04 14:57:00,7146.5,7146.5,7144.8,7144.8,0.19589693
2019-12-04 14:56:00,7145.2,7146.2,7142.7,7146.2,10.10469051
2019-12-04 14:55:00,7147.2,7149.2,7145.2,7145.2,1.43959087
2019-12-04 14:54:00,7151.5,7151.5,7146.7,7146.7,2.36474269
2019-12-04 14:53:00,7152.4,7152.4,7147.1,7151.6,2.54978643
2019-12-04 14:52:00,7154.2,7154.2,7152.5,7152.5,2.52287478
2019-12-04 14:51:00,7152.2,7154.6,7152.2,7154.5,1.14743605
2019-12-04 14:50:00,7158.6,7159.1,7152.2,7152.2,10.12390417
2019-12-04 14:49:00,7158.6,7160.3,7155,7158.6,11.75531568
2019-12-04 14:48:00,7154.2,7159,7153.7,7158.5,6.23736945
2019-12-04 14:47:00,7151,7161.6,7151,7154.1,18.18399038
2019-12-04 14:46:00,7150.4,7151.3,7149.5,7150.9,3.1053103
2019-12-04 14:45:00,7148.8,7154.4,7147.9,7150.5,15.73908119
2019-12-04 14:44:00,7140.6,7148.4,7140.6,7148.4,17.30905044
2019-12-04 14:43:00,7141,7141.1,7140.7,7140.7,1.48827856
2019-12-04 14:42:00,7140.4,7141.1,7140.3,7141.1,1.792847
2019-12-04 14:41:00,7140.7,7142.3,7140.4,7140.4,3.05753319
2019-12-04 14:40:00,7142.5,7142.5,7139,7140.7,4.56461377
2019-12-04 14:39:00,7140.7,7142.6,7139.9,7142.6,7.0497862
2019-12-04 14:38:00,7139.8,7141.4,7139.5,7140.7,2.77375421
2019-12-04 14:37:00,7139.7,7141.1,7138.1,7139.8,2.3937334
2019-12-04 14:36:00,7143.5,7143.5,7140,7140,2.1296083
2019-12-04 14:35:00,7146.4,7146.4,7141.4,7143.3,2.33095598
2019-12-04 14:34:00,7138.2,7146.4,7138.2,7146.4,6.04135
2019-12-04 14:33:00,7136,7138.9,7136,7138,1.26164225
2019-12-04 14:32:00,7137.1,7138.4,7135.2,7136,9.24473046
2019-12-04 14:31:00,7138.3,7138.8,7137.4,7137.4,0.36170545
2019-12-04 14:30:00,7138.7,7140,7137.1,7138.9,4.87885047
2019-12-04 14:29:00,7136.2,7139.5,7136.2,7138.7,0.40370757
2019-12-04 14:28:00,7139.2,7139.3,7136.3,7136.3,2.71781813
2019-12-04 14:27:00,7138.2,7139.1,7137.7,7139.1,1.61673804
2019-12-04 14:26:00,7141.1,7141.3,7138.4,7138.5,2.38374916
2019-12-04 14:25:00,7144.1,7144.1,7140.5,7141.4,4.71186129
2019-12-04 14:24:00,7143.7,7147.3,7143,7144.2,31.9573879
2019-12-04 14:23:00,7136,7143.6,7135.1,7143.4,6.57610564
2019-12-04 14:22:00,7135.5,7138.3,7135.5,7136.3,1.08179355
2019-12-04 14:21:00,7142.8,7142.8,7133.6,7135.4,6.70232587
2019-12-04 14:20:00,7140.3,7143.6,7140.3,7142.8,1.01430278
2019-12-04 14:19:00,7142.6,7143.1,7140.2,7140.2,1.08018716
2019-12-04 14:18:00,7140.6,7142.2,7138.3,7142.2,1.49850626
2019-12-04 14:17:00,7144.4,7144.4,7139.4,7140.4,16.6968368
2019-12-04 14:16:00,7142.5,7145.6,7142.5,7144.5,1.77465984
2019-12-04 14:15:00,7141.7,7142.2,7141.7,7142.2,0.88913416
2019-12-04 14:14:00,7135.6,7141.8,7135.6,7141.7,1.29941228
2019-12-04 14:13:00,7143.3,7143.3,7135.5,7135.5,79.48988147
2019-12-04 14:12:00,7141.2,7143.7,7141.2,7143.4,0.69211387
2019-12-04 14:11:00,7144.8,7144.8,7140.4,7141.1,13.64140685
2019-12-04 14:10:00,7147.5,7147.6,7144.8,7144.8,4.12990509
2019-12-04 14:09:00,7142.1,7149.1,7141.9,7147.5,6.56361244
2019-12-04 14:08:00,7140.4,7148.4,7138.3,7142.1,48.34895637
2019-12-04 14:07:00,7134.1,7141.8,7134.1,7140.6,3.90103008
2019-12-04 14:06:00,7133.5,7136.9,7133.5,7134.1,0.60262792
2019-12-04 14:05:00,7132.6,7136.9,7132.6,7133.4,9.21195697
2019-12-04 14:04:00,7132.7,7134.2,7131,7132.6,1.98770168
2019-12-04 14:03:00,7125,7133.8,7123.1,7132.7,150.7931368
2019-12-04 14:02:00,7122.1,7127.6,7122,7125.6,25.19585414
2019-12-04 14:01:00,7127.4,7127.4,7115,7121.8,41.84233837
2019-12-04 14:00:00,7127.4,7133.3,7127,7127.4,19.42231722
2019-12-04 13:59:00,7130.7,7130.7,7127.4,7127.4,3.2411192
2019-12-04 13:58:00,7130.7,7133.7,7130.7,7130.7,1.22410785
2019-12-04 13:57:00,7129.9,7135.3,7129.9,7132,11.84926844
2019-12-04 13:56:00,7131.7,7131.7,7129.5,7129.8,6.53000625
2019-12-04 13:55:00,7131.8,7134.5,7131.8,7132.3,0.42938877
2019-12-04 13:54:00,7132.5,7134,7130.5,7132.8,3.54712532
2019-12-04 13:53:00,7135.7,7136.3,7131.2,7133.8,6.57888227
2019-12-04 13:52:00,7136.3,7136.7,7134.1,7136,3.85697359
2019-12-04 13:51:00,7140.7,7140.7,7136.1,7136.3,19.6799179
2019-12-04 13:50:00,7144.3,7144.3,7140.8,7140.8,1.02862655
2019-12-04 13:49:00,7145,7145,7142.5,7143.7,0.54705263
2019-12-04 13:48:00,7141.9,7145.1,7141.3,7145.1,7.68632012
2019-12-04 13:47:00,7141.1,7143,7141.1,7141.9,2.17004142
2019-12-04 13:46:00,7134.9,7140.9,7134.7,7140.7,2.36695718
2019-12-04 13:45:00,7141.3,7142.1,7133.1,7135.7,4.73762119
2019-12-04 13:44:00,7142.9,7142.9,7139.1,7141.3,24.03608127
2019-12-04 13:43:00,7142.9,7142.9,7141.2,7142.9,3.14378367
2019-12-04 13:42:00,7140.2,7144.1,7140.2,7142.6,6.96777062
2019-12-04 13:41:00,7145.8,7145.8,7140.2,7141.1,19.11688305
2019-12-04 13:40:00,7148.7,7151.2,7145.9,7145.9,6.03298461
2019-12-04 13:39:00,7147.1,7148.4,7147.1,7148.4,7.88094435
2019-12-04 13:38:00,7146.1,7146.8,7144.4,7146.2,1.06188824
2019-12-04 13:37:00,7144.8,7146.8,7144.3,7145.1,1.54829556
2019-12-04 13:36:00,7141.5,7144.3,7140.2,7144.2,8.29596856
2019-12-04 13:35:00,7145.2,7148.2,7142.1,7142.1,6.19086981
2019-12-04 13:34:00,7141.6,7147.1,7141.6,7144.3,22.84988802
2019-12-04 13:33:00,7136.5,7143,7134.3,7141.6,10.06553922
2019-12-04 13:32:00,7135,7136.5,7128.6,7134.5,23.43765339
2019-12-04 13:31:00,7140.1,7140.1,7135.1,7135.1,4.23253164
2019-12-04 13:30:00,7138.7,7141.4,7137.1,7140.2,2.09741459
2019-12-04 13:29:00,7133.2,7142.7,7133.2,7138.8,20.55716433
2019-12-04 13:28:00,7128,7136,7128,7133.2,6.09893139
2019-12-04 13:27:00,7133.5,7135,7128,7128.1,10.47214987
2019-12-04 13:26:00,7125.9,7133.2,7125.9,7133.2,2.2223877
2019-12-04 13:25:00,7127.5,7129.1,7122.6,7126,9.24963217
2019-12-04 13:24:00,7131.9,7136.2,7124.6,7127.5,17.81427057
2019-12-04 13:23:00,7124.7,7135,7124.7,7130.9,23.23873543
2019-12-04 13:22:00,7124.3,7128.9,7118.9,7124.6,23.62282598
2019-12-04 13:21:00,7133.3,7133.3,7115,7122.9,62.19534541
2019-12-04 13:20:00,7129.9,7137.9,7129.9,7134.3,11.19930066
2019-12-04 13:19:00,7137.2,7137.9,7128.1,7130.1,13.21673819
2019-12-04 13:18:00,7141.2,7141.2,7134.7,7137.2,2.77267427
2019-12-04 13:17:00,7143.8,7144.1,7140.2,7141.2,0.47667002
2019-12-04 13:16:00,7141.4,7143.8,7140.1,7143.8,17.82940167
2019-12-04 13:15:00,7138.4,7141.2,7138.4,7141.2,10.93350587
2019-12-04 13:14:00,7139.7,7139.7,7135.8,7138.4,3.08278801
2019-12-04 13:13:00,7135.3,7139.8,7135.3,7139.8,2.10614615
2019-12-04 13:12:00,7138.1,7138.1,7132.9,7136.2,4.23439001
2019-12-04 13:11:00,7135.2,7138.3,7135.1,7138.1,5.40448168
2019-12-04 13:10:00,7137.9,7138,7133,7135.1,6.63306767
2019-12-04 13:09:00,7132.1,7137,7130,7137,1.82600152
2019-12-04 13:08:00,7137.1,7137.1,7130.6,7131.9,39.42257069
2019-12-04 13:07:00,7140.7,7140.7,7137,7137,3.95565276
2019-12-04 13:06:00,7139.3,7140.9,7139.3,7140.8,5.18445307
2019-12-04 13:05:00,7148.3,7148.3,7138.9,7139.3,16.11074715
2019-12-04 13:04:00,7147.9,7148.4,7147.9,7148.4,0.72325557
2019-12-04 13:03:00,7147.7,7147.9,7147.6,7147.9,0.61534899
2019-12-04 13:02:00,7148.9,7148.9,7147.7,7147.7,2.48594139
2019-12-04 13:01:00,7150.2,7150.2,7148.8,7148.9,0.49429337
2019-12-04 13:00:00,7148.3,7150.3,7148.3,7150.2,1.42958147
2019-12-04 12:59:00,7148.3,7148.3,7148.3,7148.3,0.940944
2019-12-04 12:58:00,7146,7148.2,7146,7148.2,12.89211021
2019-12-04 12:57:00,7149.1,7149.1,7146,7146.1,4.25703098
2019-12-04 12:56:00,7148.3,7149.2,7148.2,7149.2,2.52686501
2019-12-04 12:55:00,7146.5,7148.3,7145.7,7148.3,0.84124476
2019-12-04 12:54:00,7148.2,7148.2,7145.3,7147.4,1.2844919
2019-12-04 12:53:00,7147.7,7148.3,7145.3,7148.3,6.35694454
2019-12-04 12:52:00,7153,7153.1,7147.7,7148.3,20.64541453
2019-12-04 12:51:00,7156.1,7156.1,7152.6,7153.1,3.65244907
2019-12-04 12:50:00,7151.7,7156.2,7151.7,7156.2,1.29345265
2019-12-04 12:49:00,7155,7155,7151.7,7151.7,8.66188084
2019-12-04 12:48:00,7151.6,7155.1,7151.6,7155,7.22201887
2019-12-04 12:47:00,7151.4,7152.8,7151.4,7151.8,3.31205513
2019-12-04 12:46:00,7151.1,7153.2,7147.5,7151.3,25.21717546
2019-12-04 12:45:00,7147.4,7151.6,7145.9,7151.1,32.4999797
2019-12-04 12:44:00,7147,7149.9,7146.7,7147.3,24.71652091
2019-12-04 12:43:00,7143.6,7148.2,7143.6,7147,16.48575629
2019-12-04 12:42:00,7150.5,7150.5,7144.1,7144.1,24.26200385
2019-12-04 12:41:00,7142.3,7150.5,7142.3,7150.5,19.85118406
2019-12-04 12:40:00,7144.3,7145.2,7140.9,7141.6,7.61644407
2019-12-04 12:39:00,7147.5,7148.8,7144.2,7144.3,8.35818528
2019-12-04 12:38:00,7144.5,7149.2,7144.5,7147.5,2.88601505
2019-12-04 12:37:00,7149.1,7149.5,7144.4,7144.4,3.45359119
2019-12-04 12:36:00,7152.1,7152.1,7148.4,7149,3.7757599
2019-12-04 12:35:00,7147.8,7152.1,7147.8,7152,4.01190014
2019-12-04 12:34:00,7152.4,7153,7147.7,7147.7,3.09684493
2019-12-04 12:33:00,7154.5,7155.3,7152.5,7152.5,0.37623665
2019-12-04 12:32:00,7156,7157,7154.5,7154.5,8.3639616
2019-12-04 12:31:00,7154,7157.9,7153.4,7155.9,11.73524819
2019-12-04 12:30:00,7153,7154.2,7152.5,7152.6,1.5251718
2019-12-04 12:29:00,7155,7155,7152.8,7153.1,12.8043102
2019-12-04 12:28:00,7151.4,7155.1,7150.4,7154.5,5.05161451
2019-12-04 12:27:00,7155,7155.1,7152,7152,5.61489905
2019-12-04 12:26:00,7154.2,7155.1,7150.4,7155.1,3.00952867
2019-12-04 12:25:00,7153.7,7154.3,7153.7,7154.3,0.85346856
2019-12-04 12:24:00,7155.5,7157.4,7153.7,7153.7,8.15532268
2019-12-04 12:23:00,7154.2,7155.5,7154.2,7155,5.34452904
2019-12-04 12:22:00,7155.5,7156,7151.7,7154.1,4.55842389
2019-12-04 12:21:00,7154.6,7155.5,7152.8,7155.5,8.52535195
2019-12-04 12:20:00,7158.9,7158.9,7154.6,7154.6,3.13841131
2019-12-04 12:19:00,7157.5,7160.8,7157.5,7159.7,1.63206179
2019-12-04 12:18:00,7160.6,7161,7157.8,7157.8,7.24011336
2019-12-04 12:17:00,7160.2,7161.1,7155.9,7161.1,7.72589992
2019-12-04 12:16:00,7163.4,7165.2,7160.2,7160.3,6.25890045
2019-12-04 12:15:00,7159.5,7163.3,7156.4,7163.3,38.29685072
2019-12-04 12:14:00,7155.4,7159.5,7153.5,7159.5,18.18583856
2019-12-04 12:13:00,7143.8,7156.8,7143.8,7155.1,28.26989267
2019-12-04 12:12:00,7137.6,7143.9,7137.5,7143.9,9.40572464
2019-12-04 12:11:00,7139.9,7139.9,7136.4,7136.5,4.42885471
2019-12-04 12:10:00,7144.1,7144.1,7138,7139.8,7.85095552
2019-12-04 12:09:00,7143.5,7143.5,7140.4,7143.1,1.09648846
2019-12-04 12:08:00,7140.3,7143.5,7140.2,7143.5,24.19953927
2019-12-04 12:07:00,7143.2,7143.2,7137.4,7140.3,3.37461458
2019-12-04 12:06:00,7135.9,7145.1,7135.9,7143.1,7.68201852
2019-12-04 12:05:00,7139,7140,7134.2,7135.1,2.7441813
2019-12-04 12:04:00,7138.8,7148.2,7136.4,7138.3,24.09256586
2019-12-04 12:03:00,7130.4,7138.9,7129.4,7138.9,24.75789449
2019-12-04 12:02:00,7130.9,7141,7125.3,7129.5,70.23784672
2019-12-04 12:01:00,7145.1,7148.2,7120.3,7130.7,94.58600084
2019-12-04 12:00:00,7149.3,7149.4,7144.1,7145.4,7.37907856
2019-12-04 11:59:00,7149.6,7149.6,7149.3,7149.3,0.45376737
2019-12-04 11:58:00,7147.2,7151.3,7147.2,7149.6,27.0823652
2019-12-04 11:57:00,7146.2,7146.7,7146.2,7146.7,0.8267496
2019-12-04 11:56:00,7145.7,7146.3,7145.7,7146.2,2.63858242
2019-12-04 11:55:00,7146.4,7146.4,7144.5,7145.5,4.8148478
2019-12-04 11:54:00,7149.3,7149.4,7146.4,7146.5,14.82848954
2019-12-04 11:53:00,7151.2,7152.1,7143,7149.3,31.15548002
2019-12-04 11:52:00,7155.3,7155.3,7151.1,7151.2,8.9301838
2019-12-04 11:51:00,7150.4,7155.4,7150.4,7155.4,3.43513407
2019-12-04 11:50:00,7149.3,7150.3,7149.2,7150.3,4.776002
2019-12-04 11:49:00,7149,7149.9,7149,7149.2,0.56494117
2019-12-04 11:48:00,7148,7149,7146.5,7149,1.5700517
2019-12-04 11:47:00,7150.8,7150.8,7147.2,7148,18.65902205
2019-12-04 11:46:00,7151.7,7152.5,7150.4,7150.9,17.38547182
2019-12-04 11:45:00,7155.8,7155.8,7150.8,7150.9,22.91314307
2019-12-04 11:44:00,7154.5,7155.9,7152.6,7155.8,1.81279693
2019-12-04 11:43:00,7155.3,7156.1,7155.2,7155.2,0.92030254
2019-12-04 11:42:00,7154.3,7155.8,7154.3,7155.3,13.04712432
2019-12-04 11:41:00,7155.5,7155.7,7153.3,7154.3,24.8247107
2019-12-04 11:40:00,7153.7,7155.8,7153.5,7155.8,16.29623054
2019-12-04 11:39:00,7156.5,7158.7,7153.5,7153.5,7.61183586
2019-12-04 11:38:00,7158.3,7158.3,7155.6,7156.5,12.83911848
2019-12-04 11:37:00,7162.7,7163.3,7158.3,7158.3,7.3527357
2019-12-04 11:36:00,7165.1,7165.1,7161.1,7162.1,3.29384763
2019-12-04 11:35:00,7163.8,7166.6,7163.8,7165.2,0.83345166
2019-12-04 11:34:00,7165.8,7166.1,7163.7,7163.7,5.40862504
2019-12-04 11:33:00,7161.8,7165.8,7161.8,7165.8,14.61208105
2019-12-04 11:32:00,7161.9,7162,7161.7,7161.9,1.5515857
2019-12-04 11:31:00,7162,7163.5,7162,7162.5,0.74639603
2019-12-04 11:30:00,7160.1,7161.8,7160,7161.8,21.86240149
2019-12-04 11:29:00,7160.6,7160.6,7160,7160,0.40678586
2019-12-04 11:28:00,7161.7,7161.8,7160.6,7160.7,2.57680114
2019-12-04 11:27:00,7162.8,7162.8,7161.7,7161.7,1.47704246
2019-12-04 11:26:00,7163.7,7163.7,7161.8,7162.8,8.77021871
2019-12-04 11:25:00,7166.8,7166.8,7163.8,7163.8,1.32915891
2019-12-04 11:24:00,7164.9,7166.9,7164.9,7166.8,2.15239575
2019-12-04 11:23:00,7164.7,7165.6,7163.8,7165.6,7.31454877
2019-12-04 11:22:00,7167.9,7167.9,7165,7165,0.34688418
2019-12-04 11:21:00,7167.1,7167.9,7167.1,7167.9,2.10551283
2019-12-04 11:20:00,7163.8,7167.3,7163.8,7167.2,3.84496568
2019-12-04 11:19:00,7165.9,7165.9,7163.8,7163.8,4.07752452
2019-12-04 11:18:00,7161.3,7170.4,7161.3,7165.8,130.5583833
2019-12-04 11:17:00,7158.5,7161.3,7156.6,7161.3,9.90214459
2019-12-04 11:16:00,7156.3,7158.6,7156.3,7158.4,1.37692765
2019-12-04 11:15:00,7154.2,7155.8,7151.8,7155.8,1.83745617
2019-12-04 11:14:00,7152.4,7154.4,7150.5,7154.3,7.86925962
2019-12-04 11:13:00,7150.9,7152.4,7149.7,7152.3,2.01387191
2019-12-04 11:12:00,7150.2,7155.4,7150.2,7151.4,3.96904323
2019-12-04 11:11:00,7150.3,7150.3,7150.2,7150.2,17.68065942
2019-12-04 11:10:00,7150.2,7150.3,7150.2,7150.2,0.2674849
2019-12-04 11:09:00,7152.4,7152.4,7150.3,7150.3,0.58028686
2019-12-04 11:08:00,7147.3,7152.2,7146.5,7152.2,7.16441999
2019-12-04 11:07:00,7148,7153.4,7146.6,7148.3,24.46893513
2019-12-04 11:06:00,7152.3,7155.8,7147.5,7148,31.10076039
2019-12-04 11:05:00,7154.1,7161.1,7152.3,7152.3,90.01089096
2019-12-04 11:04:00,7153.8,7154.1,7153.8,7154,0.77107614
2019-12-04 11:03:00,7149.6,7155.8,7149.6,7153.6,86.77147144
2019-12-04 11:02:00,7150.6,7151.3,7150.5,7150.5,2.93634715
2019-12-04 11:01:00,7150.3,7151.2,7148,7150.6,24.33316127
2019-12-04 11:00:00,7147.8,7150.2,7147.8,7150.2,6.23071786
2019-12-04 10:59:00,7149.3,7150.6,7147.5,7147.7,2.32550349
2019-12-04 10:58:00,7147.7,7151.2,7146.6,7149.4,1.66920182
2019-12-04 10:57:00,7153.2,7153.2,7145.9,7147.7,25.03794798
2019-12-04 10:56:00,7151.4,7157.3,7151.4,7153.2,6.66018695
2019-12-04 10:55:00,7150.4,7151.3,7149,7151.3,2.42184337
2019-12-04 10:54:00,7147.4,7152.3,7147.4,7151.2,9.7389234
2019-12-04 10:53:00,7146.1,7148.5,7146.1,7147.3,7.40081294
2019-12-04 10:52:00,7142.9,7148.2,7142.9,7146.1,3.41287164
2019-12-04 10:51:00,7138.9,7143.9,7138.8,7143.1,35.03465252
2019-12-04 10:50:00,7139.5,7139.5,7136.1,7138.9,10.57008045
2019-12-04 10:49:00,7137.8,7139.5,7137.8,7139.5,6.41544653
2019-12-04 10:48:00,7136,7138,7133.1,7137.9,24.16663492
2019-12-04 10:47:00,7133.2,7137.9,7133.2,7136.4,0.53644792
2019-12-04 10:46:00,7132.6,7133.3,7127.2,7133.3,55.41633086
2019-12-04 10:45:00,7135.4,7135.4,7131.4,7132.6,45.40912213
2019-12-04 10:44:00,7138,7138.1,7135.4,7135.4,5.96110202
2019-12-04 10:43:00,7139.4,7139.4,7135.4,7137.6,7.68671773
2019-12-04 10:42:00,7137.9,7139.5,7137.9,7139.4,7.98550448
2019-12-04 10:41:00,7137.9,7137.9,7134.6,7137.9,21.69196701
2019-12-04 10:40:00,7134.3,7139.3,7133.3,7137.9,1.86122855
2019-12-04 10:39:00,7134.2,7136.5,7130,7134.4,44.40815735
2019-12-04 10:38:00,7138.8,7139.6,7130.1,7134.5,24.1509402
2019-12-04 10:37:00,7140.4,7143,7138.5,7138.5,33.45083854
2019-12-04 10:36:00,7141.6,7142,7137.4,7140.2,24.36489743
2019-12-04 10:35:00,7138.6,7141.8,7138.6,7141.5,1.00050814
2019-12-04 10:34:00,7142.1,7144.2,7136.1,7138.7,2.93446787
2019-12-04 10:33:00,7137,7145.2,7136.5,7141.9,22.8838888
2019-12-04 10:32:00,7142.1,7142.1,7136.6,7138.1,7.31539543
2019-12-04 10:31:00,7142.8,7148.5,7142.2,7142.2,25.59745959
2019-12-04 10:30:00,7137.4,7145.3,7133.4,7142.5,19.6311795
2019-12-04 10:29:00,7141.4,7143,7135.6,7137.3,5.92306864
2019-12-04 10:28:00,7131.4,7141.3,7131.4,7141.3,19.71893142
2019-12-04 10:27:00,7137.1,7139.9,7129.3,7130.4,25.98024882
2019-12-04 10:26:00,7130.9,7141.3,7127,7137.1,51.19307502
2019-12-04 10:25:00,7138.1,7141.3,7131.7,7131.7,29.81219259
2019-12-04 10:24:00,7145.1,7145.9,7138.1,7138.4,59.20605857
2019-12-04 10:23:00,7150,7150.4,7145.4,7145.4,7.27028127
2019-12-04 10:22:00,7149.7,7152.2,7146.8,7149.6,13.9759269
2019-12-04 10:21:00,7144.2,7147.1,7136,7147.1,115.29219608
2019-12-04 10:20:00,7155.7,7155.7,7143.1,7144.1,50.64038845
2019-12-04 10:19:00,7157.8,7162.4,7150,7154.5,93.88026489
2019-12-04 10:18:00,7154,7157.8,7152.8,7157.8,15.92791637
2019-12-04 10:17:00,7159.1,7163.7,7152.2,7155.1,32.18892747
2019-12-04 10:16:00,7164.2,7164.2,7159.2,7159.3,2.00598399
2019-12-04 10:15:00,7162.4,7166.5,7162.4,7165.1,19.57062583
2019-12-04 10:14:00,7163.7,7163.7,7160.4,7162,11.84145971
2019-12-04 10:13:00,7167,7169.6,7163,7164.7,5.38677247
2019-12-04 10:12:00,7172.8,7172.8,7166.1,7167,19.08767239
2019-12-04 10:11:00,7167.1,7173.9,7164.8,7172.9,38.60628246
2019-12-04 10:10:00,7164.2,7169.5,7161.3,7168,6.60488022
2019-12-04 10:09:00,7170,7170,7164,7164.2,21.6024278
2019-12-04 10:08:00,7161.8,7170,7158.4,7169.9,26.67198288
2019-12-04 10:07:00,7148.6,7162,7148.6,7161.9,102.40433501
2019-12-04 10:06:00,7146.3,7153.2,7146.3,7148.6,11.04799708
2019-12-04 10:05:00,7151.4,7151.4,7147.3,7147.3,7.52855247
2019-12-04 10:04:00,7154.9,7154.9,7152,7152,6.07864802
2019-12-04 10:03:00,7156.2,7157.1,7153.7,7156.4,2.4041793
2019-12-04 10:02:00,7153.6,7157.7,7152.4,7157.5,39.87866647
2019-12-04 10:01:00,7155.3,7156.3,7152.4,7152.4,29.96401107
2019-12-04 10:00:00,7159.4,7159.4,7154.7,7155.3,2.45402891
2019-12-04 09:59:00,7158.5,7164.8,7157.4,7161.5,4.18132338
2019-12-04 09:58:00,7160.1,7163.6,7157.3,7158.5,39.37023909
2019-12-04 09:57:00,7166.2,7166.2,7160.7,7160.7,9.56779484
2019-12-04 09:56:00,7164.9,7168.1,7163.8,7167.5,12.09584678
2019-12-04 09:55:00,7167.8,7168.9,7164.4,7165.2,2.22745079
2019-12-04 09:54:00,7173.6,7174.9,7167.5,7169.1,5.37938675
2019-12-04 09:53:00,7168.8,7172.9,7167.4,7172.9,6.70963824
2019-12-04 09:52:00,7169.2,7172.9,7166.6,7169.5,9.29980376
2019-12-04 09:51:00,7163.6,7170.4,7163.6,7169.9,13.22155706
2019-12-04 09:50:00,7170.6,7172.5,7162.7,7162.8,13.59531838
2019-12-04 09:49:00,7165.7,7170.5,7165.5,7170.5,2.75896901
2019-12-04 09:48:00,7170.2,7172,7165.6,7165.6,14.62653166
2019-12-04 09:47:00,7173.9,7173.9,7166.8,7169.4,11.841625
2019-12-04 09:46:00,7173.4,7175.4,7173.3,7173.9,1.06921486
2019-12-04 09:45:00,7169.8,7174.6,7169.8,7173.5,6.05830302
2019-12-04 09:44:00,7169.8,7173.8,7169.8,7171.2,8.82706674
2019-12-04 09:43:00,7168.1,7173.6,7167.2,7171.9,2.12065743
2019-12-04 09:42:00,7170.1,7172.9,7168.1,7168.2,12.77397247
2019-12-04 09:41:00,7169.1,7171,7166.9,7170.9,2.98495314
2019-12-04 09:40:00,7165.3,7171.9,7163.8,7169.2,8.83196809
2019-12-04 09:39:00,7164.1,7166.9,7162.1,7165.4,11.32584944
2019-12-04 09:38:00,7164.1,7166.4,7163.1,7165.1,58.18232009
2019-12-04 09:37:00,7162.9,7170,7162.9,7164.2,25.27569182
2019-12-04 09:36:00,7163.4,7163.4,7158.2,7162.8,3.34874337
2019-12-04 09:35:00,7163.7,7166.6,7160,7165.2,2.2068816
2019-12-04 09:34:00,7164.9,7164.9,7159.2,7163.8,5.46854078
2019-12-04 09:33:00,7165.2,7166.4,7158,7164.9,10.53772041
2019-12-04 09:32:00,7158.6,7165,7157.3,7165,5.69027806
2019-12-04 09:31:00,7164.3,7164.4,7157.3,7158.5,20.51837956
2019-12-04 09:30:00,7169.3,7170.3,7162.3,7164.3,30.37544163
2019-12-04 09:29:00,7164.5,7170.5,7161.3,7169.3,21.5584661
2019-12-04 09:28:00,7163,7164.6,7161.2,7164.6,3.57184247
2019-12-04 09:27:00,7168.9,7169,7161.8,7164.2,10.82881407
2019-12-04 09:26:00,7175,7175,7162.3,7168.6,69.50598557
2019-12-04 09:25:00,7172.3,7175,7170.2,7175,4.12754339
2019-12-04 09:24:00,7178.1,7178.1,7172.9,7172.9,4.51645233
2019-12-04 09:23:00,7174.9,7178.2,7174,7178.2,14.53855596
2019-12-04 09:22:00,7177,7180.7,7172.8,7175.8,8.00018639
2019-12-04 09:21:00,7170.8,7181.3,7170.8,7177.5,35.18413239
2019-12-04 09:20:00,7166.7,7170.5,7165.2,7170.5,7.17074533
2019-12-04 09:19:00,7170.3,7170.3,7166.1,7166.6,5.89438519
2019-12-04 09:18:00,7173.6,7175.3,7168.8,7170.5,19.93210308
2019-12-04 09:17:00,7175.9,7180,7172.9,7174.1,9.58816339
2019-12-04 09:16:00,7180.3,7181.2,7174.6,7175.9,30.61940935
2019-12-04 09:15:00,7172.8,7180,7172.8,7180,29.56381868
2019-12-04 09:14:00,7171.9,7173.5,7171,7172.5,13.15611228
2019-12-04 09:13:00,7176.3,7176.3,7164,7169.8,13.21534026
2019-12-04 09:12:00,7171.4,7176.7,7171.4,7176.3,4.27985944
2019-12-04 09:11:00,7168,7173,7163.6,7172.1,104.0797654
2019-12-04 09:10:00,7172.3,7172.3,7160.2,7167.9,29.95272994
2019-12-04 09:09:00,7173.1,7180.6,7171.8,7172.3,48.43964582
2019-12-04 09:08:00,7164.1,7178.2,7164.1,7173.1,48.04421688
2019-12-04 09:07:00,7164.7,7164.7,7155.2,7163.6,11.09171832
2019-12-04 09:06:00,7169.7,7169.8,7159,7164.7,60.05614238
2019-12-04 09:05:00,7147.9,7169.8,7147.9,7169.8,25.24725527
2019-12-04 09:04:00,7143.7,7160.2,7143.7,7146.9,98.05595148
2019-12-04 09:03:00,7131.3,7145.2,7131.3,7142.3,35.09579193
2019-12-04 09:02:00,7124.7,7136.6,7122.7,7130.9,59.26536083
2019-12-04 09:01:00,7129.6,7129.6,7101,7124.8,217.63497223
2019-12-04 09:00:00,7142.6,7142.8,7125.1,7129.7,90.09746242
2019-12-04 08:59:00,7140.2,7146,7140.2,7142.9,13.4712478
2019-12-04 08:58:00,7135,7140.3,7129.3,7140.1,93.4529322
2019-12-04 08:57:00,7133.7,7139.6,7124.4,7134.6,74.08319902
2019-12-04 08:56:00,7145.9,7145.9,7133.1,7135,119.28186867
2019-12-04 08:55:00,7151.6,7152.6,7143.7,7145.9,31.47536022
2019-12-04 08:54:00,7155.4,7156.5,7142,7150.5,48.98803675
2019-12-04 08:53:00,7149.8,7156.4,7147.2,7155.2,39.98009953
2019-12-04 08:52:00,7153.5,7160.6,7145.4,7149.8,59.58328003
2019-12-04 08:51:00,7144.9,7155.2,7144.6,7153.4,101.46954022
2019-12-04 08:50:00,7158.6,7158.6,7140.9,7145,137.09361493
2019-12-04 08:49:00,7165.3,7170.7,7156.7,7159.1,61.24717462
2019-12-04 08:48:00,7175.9,7175.9,7161.8,7165.3,44.26925891
2019-12-04 08:47:00,7166.8,7175.3,7163.2,7174.8,41.87982964
2019-12-04 08:46:00,7162.1,7167.4,7159.3,7166.8,34.77558985
2019-12-04 08:45:00,7148.4,7165,7146.5,7161.1,76.6660398
2019-12-04 08:44:00,7159.3,7165,7149,7149,102.57163699
2019-12-04 08:43:00,7163.6,7173.4,7155.8,7159.2,110.65502189
2019-12-04 08:42:00,7163.4,7172.5,7158.2,7164.1,114.45134916
2019-12-04 08:41:00,7162.8,7174.8,7157.7,7163.3,118.1682889
2019-12-04 08:40:00,7163.3,7174.2,7154.9,7163.1,122.07212279
2019-12-04 08:39:00,7151.7,7179.4,7146.2,7164.1,269.47450224
2019-12-04 08:38:00,7178.1,7184.8,7146.9,7151.6,280.82846583
2019-12-04 08:37:00,7159,7184.5,7120,7178.1,556.27868312
2019-12-04 08:36:00,7217.9,7224.5,7155.5,7159,512.40573248
2019-12-04 08:35:00,7235.5,7235.5,7216.7,7218,23.70027982
2019-12-04 08:34:00,7230,7235.9,7226.5,7235.5,26.11877623
2019-12-04 08:33:00,7231,7236.8,7230,7230.1,23.19767299
2019-12-04 08:32:00,7230,7237.8,7228.9,7230.9,24.24614543
2019-12-04 08:31:00,7235.7,7239,7222.1,7230.1,93.81715761
2019-12-04 08:30:00,7224.9,7242.6,7219.9,7235.7,70.63841765
2019-12-04 08:29:00,7229.6,7232.9,7214.2,7222.9,135.1941973
2019-12-04 08:28:00,7255.2,7255.2,7200.2,7228.6,189.05597465
2019-12-04 08:27:00,7254.5,7258,7253.2,7255.1,11.86644834
2019-12-04 08:26:00,7251.9,7255.5,7249.5,7254.5,84.20449932
2019-12-04 08:25:00,7258.7,7258.8,7251.4,7252.3,27.43494498
2019-12-04 08:24:00,7262.1,7262.9,7257.8,7258.7,11.55924454
2019-12-04 08:23:00,7261.5,7263.8,7260.8,7262.1,2.48305439
2019-12-04 08:22:00,7258.5,7262.1,7258.5,7259.4,6.76946094
2019-12-04 08:21:00,7256.7,7258.5,7256.6,7258.5,0.95231465
2019-12-04 08:20:00,7265.4,7265.4,7256.7,7256.7,32.23381863
2019-12-04 08:19:00,7267.7,7267.9,7265.7,7266.1,3.97618351
2019-12-04 08:18:00,7270.5,7270.9,7263.4,7267.4,39.42025808
2019-12-04 08:17:00,7272.6,7273.8,7270.5,7270.5,20.25143532
2019-12-04 08:16:00,7270,7274.1,7267.5,7272.6,6.82246561
2019-12-04 08:15:00,7264.7,7270.7,7261.1,7270.7,27.24856379
2019-12-04 08:14:00,7267.3,7267.3,7261,7266,14.11926607
2019-12-04 08:13:00,7265.1,7271.3,7264,7267.5,8.73405196
2019-12-04 08:12:00,7262.9,7265.3,7260.6,7264,40.54013815
2019-12-04 08:11:00,7264.1,7264.1,7258.3,7262.6,11.90473325
2019-12-04 08:10:00,7268.2,7268.2,7256.7,7264.7,21.91476306
2019-12-04 08:09:00,7266.1,7269.6,7265.2,7268.1,18.20231941
2019-12-04 08:08:00,7261.1,7267.4,7260.6,7264.7,25.65018346
2019-12-04 08:07:00,7258.3,7264.3,7256,7260.9,25.96570462
2019-12-04 08:06:00,7266.4,7266.5,7253.1,7257.3,106.52436208
2019-12-04 08:05:00,7274.3,7274.3,7265,7266.8,38.88577682
2019-12-04 08:04:00,7283.7,7283.7,7268.3,7274.4,65.78389134
2019-12-04 08:03:00,7285.4,7285.4,7278.9,7283.8,21.58228464
2019-12-04 08:02:00,7288.7,7289.2,7285.3,7285.3,10.10485135
2019-12-04 08:01:00,7286.3,7289.3,7286.2,7287.9,0.96153108
2019-12-04 08:00:00,7292.3,7292.3,7285.8,7286.8,27.4635301
2019-12-04 07:59:00,7286.7,7292.4,7286.7,7292.4,2.29160426
2019-12-04 07:58:00,7284.8,7288.1,7284.8,7286.7,5.61976132
2019-12-04 07:57:00,7284.7,7286.8,7284.4,7286,3.04873605
2019-12-04 07:56:00,7287.8,7287.8,7283.3,7284.6,13.21703116
2019-12-04 07:55:00,7288.9,7289.2,7285.8,7287.8,4.01202505
2019-12-04 07:54:00,7289.2,7290.7,7285.9,7289.2,24.62735897
2019-12-04 07:53:00,7291,7291,7289.6,7289.9,3.22177702
2019-12-04 07:52:00,7293.5,7293.5,7289.8,7291.7,8.97821589
2019-12-04 07:51:00,7295.7,7295.7,7293.7,7293.7,1.17756907
2019-12-04 07:50:00,7293.8,7297.2,7293.8,7295.8,0.64022749
2019-12-04 07:49:00,7295.4,7295.4,7293.8,7293.8,0.3851762
2019-12-04 07:48:00,7294.7,7297,7294.7,7295.5,1.59233974
2019-12-04 07:47:00,7300.2,7300.2,7294.7,7294.7,2.27224923
2019-12-04 07:46:00,7294.2,7300.3,7293.2,7300.3,10.87823952
2019-12-04 07:45:00,7296.9,7296.9,7294.1,7294.1,14.58815099
2019-12-04 07:44:00,7298.5,7298.5,7295.2,7296.8,5.18007641
2019-12-04 07:43:00,7300.6,7301.3,7298.5,7298.5,0.93130917
2019-12-04 07:42:00,7302.7,7302.7,7298.9,7300.2,0.7083315
2019-12-04 07:41:00,7299.2,7302.4,7299.2,7302.4,3.30453668
2019-12-04 07:40:00,7296.7,7301,7296.5,7299.2,2.66959448
2019-12-04 07:39:00,7298.8,7298.8,7296.7,7296.7,0.56443406
2019-12-04 07:38:00,7301.3,7301.3,7299.1,7299.5,0.2620953
2019-12-04 07:37:00,7301.1,7304.4,7300.4,7301.9,3.4649879
2019-12-04 07:36:00,7297.9,7301.8,7297.9,7301.1,3.26132231
2019-12-04 07:35:00,7302.2,7302.2,7298.5,7298.5,0.56106574
2019-12-04 07:34:00,7300.1,7301.9,7300,7301.3,2.68294588
2019-12-04 07:33:00,7302.1,7302.2,7299.8,7300.1,25.90741901
2019-12-04 07:32:00,7301.5,7302.1,7299.4,7302.1,2.93207817
2019-12-04 07:31:00,7302.3,7303.6,7301,7301.6,2.42643947
2019-12-04 07:30:00,7302.8,7303.3,7302.3,7302.3,2.08603099
2019-12-04 07:29:00,7303.8,7303.8,7299.1,7302.7,4.50886277
2019-12-04 07:28:00,7305,7305,7300.3,7302.1,9.33922267
2019-12-04 07:27:00,7300.7,7305,7299.8,7305,1.78549769
2019-12-04 07:26:00,7296.3,7302,7296.3,7301.2,3.20140974
2019-12-04 07:25:00,7294.4,7296.7,7294.4,7296.6,0.48739424
2019-12-04 07:24:00,7296,7298,7294.4,7294.4,2.41551955
2019-12-04 07:23:00,7296.1,7296.1,7296.1,7296.1,0.65743078
2019-12-04 07:22:00,7294.4,7297,7294.4,7296.1,0.22253716
2019-12-04 07:21:00,7294.6,7298,7294.1,7294.8,5.11114816
2019-12-04 07:20:00,7291.6,7297.7,7291.6,7295.1,6.38919613
2019-12-04 07:19:00,7292.3,7292.3,7289.8,7291.2,1.32793925
2019-12-04 07:18:00,7292.1,7292.7,7290.3,7292.7,1.91302139
2019-12-04 07:17:00,7294.3,7294.4,7292.5,7292.5,2.67603192
2019-12-04 07:16:00,7291.1,7295.7,7288.7,7294.6,9.73786268
2019-12-04 07:15:00,7293.3,7293.4,7290.6,7291.2,4.72961751
2019-12-04 07:14:00,7295.5,7295.5,7290.3,7293,6.00771221
2019-12-04 07:13:00,7297.4,7298.9,7296.1,7296.1,2.60421425
2019-12-04 07:12:00,7299.3,7300.9,7294,7300.8,60.15896669
2019-12-04 07:11:00,7303.5,7303.5,7296,7299.9,24.97030139
2019-12-04 07:10:00,7305.8,7305.8,7303.4,7303.5,1.09074821
2019-12-04 07:09:00,7305.8,7305.8,7305.7,7305.7,2.03393612
2019-12-04 07:08:00,7304.2,7307.5,7303,7305.9,13.7096215
2019-12-04 07:07:00,7310.3,7310.3,7304.2,7304.2,14.38407992
2019-12-04 07:06:00,7304.9,7311.5,7304.9,7310.3,4.6277084
2019-12-04 07:05:00,7304,7304.9,7304,7304.8,2.51906826
2019-12-04 07:04:00,7304,7304,7303.9,7303.9,5.49057209
2019-12-04 07:03:00,7303.8,7304,7303.8,7304,19.88450151
2019-12-04 07:02:00,7303.9,7303.9,7303.9,7303.9,0.13319251
2019-12-04 07:01:00,7303.6,7303.9,7302.9,7303.9,1.04273399
2019-12-04 07:00:00,7302.1,7303.7,7301.7,7303.7,0.77940554
2019-12-04 06:59:00,7302,7304.3,7302,7302.3,5.54993934
2019-12-04 06:58:00,7303,7303.4,7302.3,7302.3,9.47611912
2019-12-04 06:57:00,7302.1,7303,7302.1,7303,1.79426379
2019-12-04 06:56:00,7305.7,7305.7,7302.3,7302.3,0.79824874
2019-12-04 06:55:00,7304.9,7305.7,7304.8,7305.7,4.61715029
2019-12-04 06:54:00,7305.6,7305.9,7304.8,7304.9,0.82960647
2019-12-04 06:53:00,7310.9,7310.9,7306,7306,4.23765959
2019-12-04 06:52:00,7311.5,7311.6,7311,7311,0.76561955
2019-12-04 06:51:00,7311.6,7311.6,7311.6,7311.6,0.00813677
2019-12-04 06:50:00,7313.6,7314.6,7311.5,7311.5,5.82276351
2019-12-04 06:49:00,7313.2,7313.2,7313.2,7313.2,0
2019-12-04 06:48:00,7308.5,7313.2,7308.5,7313.2,8.75064059
2019-12-04 06:47:00,7307.1,7308.6,7307.1,7308.6,4.50462103
2019-12-04 06:46:00,7304.7,7307.2,7304.7,7307.2,1.10687945
2019-12-04 06:45:00,7306.1,7306.1,7303.9,7303.9,11.51460626
2019-12-04 06:44:00,7308.4,7308.8,7307,7307,1.62013437
2019-12-04 06:43:00,7306.2,7308.5,7306.2,7308.5,1.74801411
2019-12-04 06:42:00,7303.7,7306.6,7303.7,7306.1,0.3950829
2019-12-04 06:41:00,7300.6,7303.1,7300.5,7303.1,0.75063048
2019-12-04 06:40:00,7301.2,7301.2,7300.7,7300.7,0.45621825
2019-12-04 06:39:00,7301.1,7302,7301.1,7301.3,1.29183794
2019-12-04 06:38:00,7300.9,7301.4,7300.9,7301.3,0.19069884
2019-12-04 06:37:00,7301.7,7301.7,7300.2,7300.9,1.83887578
2019-12-04 06:36:00,7301.6,7303,7301.6,7301.8,8.42239385
2019-12-04 06:35:00,7302.4,7302.4,7301.7,7301.7,0.15712707
2019-12-04 06:34:00,7305.2,7305.2,7302.3,7302.4,1.20429083
2019-12-04 06:33:00,7304.3,7305.2,7304.3,7305.2,0.30171453
2019-12-04 06:32:00,7304.3,7304.3,7304.3,7304.3,0.31494203
2019-12-04 06:31:00,7302.2,7304.7,7302.2,7304.3,0.60214544
2019-12-04 06:30:00,7300.6,7300.6,7300.1,7300.1,1.17893452
2019-12-04 06:29:00,7297.5,7300.8,7295,7300.8,8.50770097
2019-12-04 06:28:00,7304.2,7304.2,7297.6,7297.6,5.53969714
2019-12-04 06:27:00,7306.9,7306.9,7304.5,7304.5,0.36596531
2019-12-04 06:26:00,7305.6,7307.8,7305.5,7306.6,4.58178478
2019-12-04 06:25:00,7306.8,7306.8,7305.6,7305.6,0.34176418
2019-12-04 06:24:00,7307.2,7308.5,7306.7,7306.8,2.14386313
2019-12-04 06:23:00,7315.3,7315.3,7307.1,7307.2,7.79349414
2019-12-04 06:22:00,7316.3,7317,7315.3,7315.3,18.11350972
2019-12-04 06:21:00,7317,7317,7316.7,7316.7,3.67955008
2019-12-04 06:20:00,7314.4,7317.7,7314.4,7317,16.29583956
2019-12-04 06:19:00,7314.4,7314.4,7314.3,7314.4,0.43360931
2019-12-04 06:18:00,7316.1,7316.3,7314.5,7314.5,4.57020909
2019-12-04 06:17:00,7318.2,7318.2,7316.4,7316.4,9.05557237
2019-12-04 06:16:00,7318,7318.2,7317.7,7318.2,1.11309157
2019-12-04 06:15:00,7319.4,7319.4,7318,7318.2,0.27855779
2019-12-04 06:14:00,7323.7,7323.7,7319.3,7319.3,0.4974611
2019-12-04 06:13:00,7321.5,7323.7,7320.6,7323.4,1.77114515
2019-12-04 06:12:00,7326.1,7326.1,7321.6,7321.6,6.44399306
2019-12-04 06:11:00,7328.8,7328.8,7326.2,7326.6,0.77189879
2019-12-04 06:10:00,7330.2,7330.2,7328.8,7328.8,0.46604673
2019-12-04 06:09:00,7337.5,7339,7329.3,7329.6,7.03883835
2019-12-04 06:08:00,7321,7337.2,7321,7336.4,24.69119684
2019-12-04 06:07:00,7320.6,7321,7320.6,7321,2.57763281
2019-12-04 06:06:00,7315.6,7319.8,7315.6,7319.8,0.52993518
2019-12-04 06:05:00,7316.1,7316.1,7310.7,7315.4,3.10757804
2019-12-04 06:04:00,7316.7,7316.7,7316.2,7316.2,0.15102907
2019-12-04 06:03:00,7317.5,7317.5,7316.7,7316.7,0.04302135
2019-12-04 06:02:00,7318.3,7318.3,7318.3,7318.3,0
2019-12-04 06:01:00,7319.2,7319.2,7318.3,7318.3,2.09930106
2019-12-04 06:00:00,7321,7321,7318.2,7319.4,8.81594666
2019-12-04 05:59:00,7320.7,7320.9,7320.7,7320.9,0.04025217
2019-12-04 05:58:00,7316,7320.3,7316,7320.1,14.56505289
2019-12-04 05:57:00,7315.9,7315.9,7315.9,7315.9,0.08115351
2019-12-04 05:56:00,7317.4,7317.4,7315.9,7315.9,0.56800241
2019-12-04 05:55:00,7323,7323,7317.7,7317.7,3.09790613
2019-12-04 05:54:00,7323.3,7326.1,7323.3,7324,6.64534897
2019-12-04 05:53:00,7323.6,7324.1,7323.3,7323.3,3.16346823
2019-12-04 05:52:00,7324.8,7324.8,7323.1,7323.1,1.7663271
2019-12-04 05:51:00,7325.9,7325.9,7324.7,7324.7,4.50089915
2019-12-04 05:50:00,7328.1,7328.1,7323.9,7324.8,3.38657722
2019-12-04 05:49:00,7324.6,7330,7324.6,7327.9,30.19350358
2019-12-04 05:48:00,7323.2,7325.1,7321.8,7324.5,0.8397068
2019-12-04 05:47:00,7315,7328.3,7315,7323.5,57.36697555
2019-12-04 05:46:00,7312.4,7315.5,7312.4,7315.1,2.3943033
2019-12-04 05:45:00,7311,7312.3,7310.9,7312.3,0.17382391
2019-12-04 05:44:00,7309.5,7309.5,7309.5,7309.5,0.32638017
2019-12-04 05:43:00,7309.5,7309.5,7309.4,7309.5,0.02468939
2019-12-04 05:42:00,7310.8,7310.8,7309.8,7309.8,4.9378523
2019-12-04 05:41:00,7311.5,7311.5,7307.7,7310.9,9.82704758
2019-12-04 05:40:00,7311.2,7311.2,7309.8,7310.6,0.8656424
2019-12-04 05:39:00,7304.5,7312.8,7304.5,7311.9,10.80032188
2019-12-04 05:38:00,7305.2,7305.2,7303.2,7304.5,0.22969731
2019-12-04 05:37:00,7300.9,7306.6,7300.9,7305.2,16.68764534
2019-12-04 05:36:00,7297.7,7301,7297.7,7301,3.1543328
2019-12-04 05:35:00,7297.7,7297.7,7297.7,7297.7,0
2019-12-04 05:34:00,7299.3,7299.3,7296.9,7297.7,3.85450234
2019-12-04 05:33:00,7299.3,7299.4,7299.3,7299.4,0.02833543
2019-12-04 05:32:00,7301.2,7301.2,7299.4,7299.4,2.00887374
2019-12-04 05:31:00,7297.3,7300.3,7296.4,7300.3,12.96046793
2019-12-04 05:30:00,7294.2,7298,7294.2,7297.4,28.9904962
2019-12-04 05:29:00,7289,7294.2,7286.8,7294.2,13.6100377
2019-12-04 05:28:00,7287.1,7288,7286.1,7288,3.26270877
2019-12-04 05:27:00,7284.9,7289.4,7283.4,7287.4,12.64801322
2019-12-04 05:26:00,7286,7286,7285.1,7285.1,7.17161898
2019-12-04 05:25:00,7286,7286,7284.8,7285.8,1.11934396
2019-12-04 05:24:00,7288.6,7288.6,7284.4,7284.6,11.43394176
2019-12-04 05:23:00,7285.8,7288.7,7283.3,7288.7,8.25850382
2019-12-04 05:22:00,7287.7,7291.4,7286,7286.3,11.85631598
2019-12-04 05:21:00,7289.7,7289.7,7287.7,7287.7,1.10258561
2019-12-04 05:20:00,7292.9,7293.4,7290.7,7290.7,1.48130346
2019-12-04 05:19:00,7288.3,7292.2,7288.3,7292.1,2.43011624
2019-12-04 05:18:00,7292.8,7292.8,7288.3,7288.3,0.82331746
2019-12-04 05:17:00,7295,7295,7293.6,7293.6,1.7841534
2019-12-04 05:16:00,7297.1,7297.1,7292.8,7294.9,7.42550003
2019-12-04 05:15:00,7297,7297.1,7294.3,7297.1,9.60393153
2019-12-04 05:14:00,7293.4,7297.5,7293.4,7297,2.62625156
2019-12-04 05:13:00,7297.4,7297.4,7292.8,7293.5,8.76256251
2019-12-04 05:12:00,7296.1,7299.4,7296.1,7297.7,0.34802983
2019-12-04 05:11:00,7297.9,7297.9,7296,7296,3.54054791
2019-12-04 05:10:00,7299,7299.7,7297.9,7297.9,13.13497136
2019-12-04 05:09:00,7299,7299,7299,7299,0.00100302
2019-12-04 05:08:00,7297.2,7300.6,7297.2,7299.1,1.02765071
2019-12-04 05:07:00,7297.8,7297.8,7297.8,7297.8,0
2019-12-04 05:06:00,7299.9,7299.9,7297.8,7297.8,1.47844042
2019-12-04 05:05:00,7297.6,7299.9,7297.6,7299.9,2.20839392
2019-12-04 05:04:00,7295.8,7298.5,7295.8,7298.5,3.88159289
2019-12-04 05:03:00,7296.8,7296.8,7295.1,7295.3,0.27828004
2019-12-04 05:02:00,7299.5,7299.5,7297.3,7297.3,1.56366502
2019-12-04 05:01:00,7298.1,7300,7298.1,7299.5,0.63264637
2019-12-04 05:00:00,7301.5,7303.3,7299.2,7299.2,10.57882179
2019-12-04 04:59:00,7299.7,7302.2,7299.7,7301.6,0.27238752
2019-12-04 04:58:00,7299.1,7301.6,7299.1,7300.1,11.75388627
2019-12-04 04:57:00,7299.1,7299.1,7299.1,7299.1,0.42368761
2019-12-04 04:56:00,7297.3,7298.4,7297.3,7298.4,0.06825312
2019-12-04 04:55:00,7293.2,7296.4,7293.2,7296.4,3.99697987
2019-12-04 04:54:00,7293.2,7295.2,7293.2,7293.2,0.49003845
2019-12-04 04:53:00,7292.4,7293.8,7290.1,7293.7,6.08212317
2019-12-04 04:52:00,7293.7,7294.6,7292,7293.2,3.63052473
2019-12-04 04:51:00,7292.8,7295.8,7291.2,7293.7,12.5786011
2019-12-04 04:50:00,7299.8,7299.8,7293.7,7293.7,9.19956872
2019-12-04 04:49:00,7300.5,7300.5,7300.5,7300.5,0.00558428
2019-12-04 04:48:00,7305.8,7305.8,7302.4,7302.4,10.04439138
2019-12-04 04:47:00,7303.6,7305.4,7303.6,7305.4,4.17133616
2019-12-04 04:46:00,7303.9,7303.9,7299.8,7302.8,2.99350249
2019-12-04 04:45:00,7299,7303.9,7299,7303.9,12.12642117
2019-12-04 04:44:00,7298.6,7303.4,7298.6,7303,24.80607254
2019-12-04 04:43:00,7298.5,7301.1,7297.8,7300,2.01693955
2019-12-04 04:42:00,7300.6,7300.6,7299.3,7299.3,2.35123256
2019-12-04 04:41:00,7299.8,7300.6,7299.8,7300.6,0.31166576
2019-12-04 04:40:00,7301.5,7301.5,7297.1,7299,2.64668367
2019-12-04 04:39:00,7299.2,7299.5,7296.4,7299.5,2.88233933
2019-12-04 04:38:00,7304.2,7304.2,7297.4,7300.5,6.91929771
2019-12-04 04:37:00,7299.2,7304.2,7297.9,7304.2,3.26425951
2019-12-04 04:36:00,7303.2,7303.2,7295.1,7298.9,3.85052625
2019-12-04 04:35:00,7299,7302.7,7297.3,7302.7,0.6607063
2019-12-04 04:34:00,7306.6,7306.6,7300.4,7300.4,1.7012412
2019-12-04 04:33:00,7309.5,7309.5,7304.9,7307.3,16.81309336
2019-12-04 04:32:00,7302.1,7309.9,7302.1,7309.5,5.904788
2019-12-04 04:31:00,7296.5,7301.6,7295.7,7301.6,6.57787903
2019-12-04 04:30:00,7297.1,7297.4,7294.9,7296.6,3.57583103
2019-12-04 04:29:00,7289.8,7297.2,7289.8,7297.2,7.52314543
2019-12-04 04:28:00,7290.5,7290.5,7289.7,7289.7,1.33973356
2019-12-04 04:27:00,7290.8,7294.7,7290.8,7294,1.7028907
2019-12-04 04:26:00,7293.9,7295.2,7290.9,7290.9,0.96351385
2019-12-04 04:25:00,7296.2,7296.2,7293.2,7293.9,2.80990547
2019-12-04 04:24:00,7286.7,7295.2,7286.7,7295.2,6.8749467
2019-12-04 04:23:00,7291.1,7291.1,7286.6,7286.6,1.10813488
2019-12-04 04:22:00,7287.2,7291.2,7287.2,7291,0.39999625
2019-12-04 04:21:00,7292.8,7292.8,7287,7287,12.23509782
2019-12-04 04:20:00,7295.2,7295.2,7284.1,7292.8,31.84181816
2019-12-04 04:19:00,7295.1,7301.4,7295.1,7295.3,5.19973827
2019-12-04 04:18:00,7296.4,7296.4,7290.6,7294.7,49.67892318
2019-12-04 04:17:00,7306.6,7306.6,7296.7,7296.7,15.69259768
2019-12-04 04:16:00,7308.2,7308.7,7306.6,7306.6,0.76518813
2019-12-04 04:15:00,7305.4,7307.9,7304.6,7307.9,3.82462249
2019-12-04 04:14:00,7307,7307.1,7301.7,7304.6,4.14825513
2019-12-04 04:13:00,7309.9,7309.9,7305.4,7307.1,1.29722442
2019-12-04 04:12:00,7311.4,7311.4,7306.2,7308.4,0.14098545
2019-12-04 04:11:00,7312.7,7312.7,7306.6,7309.5,2.79735872
2019-12-04 04:10:00,7315.1,7315.1,7312.8,7312.8,0.13976417
2019-12-04 04:09:00,7318.3,7318.3,7316.4,7316.4,0.071
2019-12-04 04:08:00,7318.9,7320.5,7318,7319.4,0.20390255
2019-12-04 04:07:00,7316.4,7319,7316,7316.7,21.88483413
2019-12-04 04:06:00,7313,7317.8,7311.3,7316.4,19.86736199
2019-12-04 04:05:00,7314,7316.7,7312.9,7313,15.52366037
2019-12-04 04:04:00,7305.8,7315.6,7305.8,7312.9,13.54714778
2019-12-04 04:03:00,7310.3,7311.2,7303.3,7305.8,41.47673098
2019-12-04 04:02:00,7315.4,7315.4,7309.3,7310.2,1.71230246
2019-12-04 04:01:00,7310.6,7315.3,7310.6,7315.2,12.6896908
2019-12-04 04:00:00,7320.6,7321.8,7310.6,7310.6,16.21620239
2019-12-04 03:59:00,7321.5,7322.6,7320.5,7320.5,1.4219962
2019-12-04 03:58:00,7323.2,7325.6,7322.7,7322.7,1.15325314
2019-12-04 03:57:00,7320.3,7323.9,7320.3,7323.8,0.63632237
2019-12-04 03:56:00,7320.3,7320.3,7319.2,7319.2,2.04454233
2019-12-04 03:55:00,7318.5,7323.3,7318.5,7322.7,1.33696696
2019-12-04 03:54:00,7324,7324.4,7320.6,7320.6,3.94840532
2019-12-04 03:53:00,7320.8,7322.4,7320.3,7322.4,0.58041068
2019-12-04 03:52:00,7322.2,7323.4,7316.7,7323.2,14.05342754
2019-12-04 03:51:00,7322.8,7324.1,7322.2,7322.2,0.48657848
2019-12-04 03:50:00,7322,7325.1,7322,7323.8,1.34608073
2019-12-04 03:49:00,7319.8,7321.4,7319.8,7321.3,4.62730996
2019-12-04 03:48:00,7316.9,7320.6,7316.6,7316.8,3.62673374
2019-12-04 03:47:00,7322.5,7322.5,7313.7,7315.8,28.25327022
2019-12-04 03:46:00,7322.6,7325.3,7321.6,7322.3,9.34443113
2019-12-04 03:45:00,7316.8,7324.6,7316.8,7321.8,10.39005306
2019-12-04 03:44:00,7319.6,7324.5,7318.1,7318.1,7.91498353
2019-12-04 03:43:00,7317,7326.7,7315.1,7318.3,27.77909463
2019-12-04 03:42:00,7335.7,7335.7,7306.7,7316,84.42088633
2019-12-04 03:41:00,7342.3,7343,7335.9,7336.1,11.16042397
2019-12-04 03:40:00,7342.7,7342.7,7342.2,7342.2,0.57086844
2019-12-04 03:39:00,7344.4,7344.4,7343.4,7343.4,1.48626056
2019-12-04 03:38:00,7340.6,7344.5,7340.6,7344.5,2.92029216
2019-12-04 03:37:00,7341.1,7341.5,7341,7341,0.98641558
2019-12-04 03:36:00,7347.2,7348.7,7341.1,7341.1,34.82791663
2019-12-04 03:35:00,7347.1,7347.4,7347.1,7347.1,0.09828694
2019-12-04 03:34:00,7344.6,7346.2,7344.6,7346.2,0.61961039
2019-12-04 03:33:00,7347.1,7347.1,7342.7,7344.6,7.16056052
2019-12-04 03:32:00,7347.1,7347.7,7347.1,7347.2,0.24913295
2019-12-04 03:31:00,7345.8,7347.4,7345.8,7347.1,1.6012602
2019-12-04 03:30:00,7342.5,7345.2,7342.5,7345.2,0.56613818
2019-12-04 03:29:00,7341.2,7344.9,7341.2,7342.2,4.22448484
2019-12-04 03:28:00,7340.5,7341.1,7340.4,7341.1,1.18284529
2019-12-04 03:27:00,7341,7341,7340.5,7340.5,0.04292553
2019-12-04 03:26:00,7343.3,7343.3,7341,7341,4.81403714
2019-12-04 03:25:00,7341.9,7343.3,7341.9,7343.3,0.06838135
2019-12-04 03:24:00,7345,7345,7340.6,7341.2,0.54334048
2019-12-04 03:23:00,7344.6,7345.4,7344.2,7345,2.19130441
2019-12-04 03:22:00,7343.3,7345.9,7342.6,7344.1,1.63420583
2019-12-04 03:21:00,7343.8,7343.8,7340.4,7343.3,2.00907912
2019-12-04 03:20:00,7332.9,7342.8,7332.9,7342.8,17.69012186
2019-12-04 03:19:00,7332.6,7332.9,7332.4,7332.9,3.29327646
2019-12-04 03:18:00,7332,7332.6,7331.3,7332.6,36.99460709
2019-12-04 03:17:00,7334.7,7334.7,7333.2,7333.2,2.31450407
2019-12-04 03:16:00,7333.1,7334,7333.1,7334,0.41685565
2019-12-04 03:15:00,7335.3,7336.3,7334.4,7334.4,0.07076449
2019-12-04 03:14:00,7336.4,7336.4,7331.9,7333.4,4.92039696
2019-12-04 03:13:00,7336.3,7336.4,7336.3,7336.3,0.81834733
2019-12-04 03:12:00,7336.4,7336.4,7332.6,7335.5,0.50796686
2019-12-04 03:11:00,7333.4,7336.2,7333.4,7336.2,2.7452132
2019-12-04 03:10:00,7334.6,7334.6,7332.7,7332.9,2.2485288
2019-12-04 03:09:00,7336.5,7336.6,7334.7,7334.7,2.48530669
2019-12-04 03:08:00,7334.5,7336.4,7334.5,7336.4,2.5375601
2019-12-04 03:07:00,7335.5,7336.4,7334.5,7334.5,0.26133465
2019-12-04 03:06:00,7334.6,7338.4,7334.6,7337,1.49141882
2019-12-04 03:05:00,7335.1,7335.1,7331.8,7332.9,0.08603296
2019-12-04 03:04:00,7334,7336.3,7332.3,7336.2,6.15225577
2019-12-04 03:03:00,7336.4,7336.4,7331.8,7331.8,6.11279466
2019-12-04 03:02:00,7339.9,7339.9,7336.4,7336.4,22.88074686
2019-12-04 03:01:00,7340.8,7344,7339.9,7340,3.03110835
2019-12-04 03:00:00,7341.7,7344.6,7340.4,7341.3,6.58473079
2019-12-04 02:59:00,7342.1,7344.9,7340.4,7341.7,2.25072232
2019-12-04 02:58:00,7346.4,7346.4,7342.2,7342.2,0.74837035
2019-12-04 02:57:00,7345.9,7348.1,7345.9,7346.5,2.11560826
2019-12-04 02:56:00,7350,7350,7345.3,7345.8,10.47939388
2019-12-04 02:55:00,7348.3,7350.1,7345.2,7350.1,0.86872933
2019-12-04 02:54:00,7351,7351,7348.1,7348.8,2.594052
2019-12-04 02:53:00,7350.9,7354.1,7350.9,7351.5,0.66913511
2019-12-04 02:52:00,7345.1,7351,7345.1,7351,0.17268935
2019-12-04 02:51:00,7345.4,7346.5,7343.5,7345.5,0.84958985
2019-12-04 02:50:00,7346.3,7347.4,7343.4,7344.9,2.55022982
2019-12-04 02:49:00,7350.7,7351,7346.8,7346.9,7.90158521
2019-12-04 02:48:00,7351.7,7351.7,7347.7,7348.9,8.09688293
2019-12-04 02:47:00,7346.7,7351.9,7346.7,7351.8,0.88926658
2019-12-04 02:46:00,7349.2,7350.2,7346.5,7346.5,9.66281645
2019-12-04 02:45:00,7347.6,7348.4,7345.5,7347.7,12.02423455
2019-12-04 02:44:00,7341.7,7345.5,7341.7,7345.5,0.49097127
2019-12-04 02:43:00,7340.6,7345.1,7340.6,7341.8,1.53163332
2019-12-04 02:42:00,7346.2,7346.2,7340.6,7340.6,8.67440637
2019-12-04 02:41:00,7341.7,7345.7,7339.4,7345.7,4.07577682
2019-12-04 02:40:00,7343.8,7343.8,7341.7,7341.7,0.77411929
2019-12-04 02:39:00,7342.9,7344.8,7338.6,7344.8,50.311282
2019-12-04 02:38:00,7346.3,7346.3,7343,7343,5.09280525
2019-12-04 02:37:00,7348.1,7349.3,7344.6,7347.3,3.37153656
2019-12-04 02:36:00,7347.2,7348.1,7345,7348.1,6.84122274
2019-12-04 02:35:00,7345.1,7347.1,7342.5,7347.1,3.2485146
2019-12-04 02:34:00,7347.9,7348.5,7342,7344.6,7.39868009
2019-12-04 02:33:00,7352.6,7354.2,7345.3,7347.1,44.46406338
2019-12-04 02:32:00,7350,7351.5,7350,7351.5,2.87697872
2019-12-04 02:31:00,7347.2,7349.6,7345.4,7349.6,5.26007921
2019-12-04 02:30:00,7345.1,7352.5,7345.1,7347.2,11.71719993
2019-12-04 02:29:00,7342.1,7345,7342.1,7345,15.34480853
2019-12-04 02:28:00,7342,7342.1,7338.3,7342.1,0.78823952
2019-12-04 02:27:00,7342.6,7342.6,7342.6,7342.6,0.00977751
2019-12-04 02:26:00,7343.2,7343.2,7338.8,7342.1,4.59292836
2019-12-04 02:25:00,7343.2,7343.3,7343.2,7343.2,2.03118563
2019-12-04 02:24:00,7339.4,7343.3,7339.4,7343.3,2.43444223
2019-12-04 02:23:00,7341,7341,7336.4,7338.7,0.69343137
2019-12-04 02:22:00,7339.6,7341.2,7339.6,7341.2,8.18300793
2019-12-04 02:21:00,7339.2,7339.6,7336.7,7339.6,9.38456036
2019-12-04 02:20:00,7335.1,7339.2,7335.1,7338.9,4.14499821
2019-12-04 02:19:00,7340.7,7341.9,7336.3,7336.3,14.26882114
2019-12-04 02:18:00,7337.9,7340.6,7337.9,7340.6,0.72774184
2019-12-04 02:17:00,7331.5,7337.8,7331.5,7337.8,7.78826684
2019-12-04 02:16:00,7334.4,7334.5,7332.7,7332.7,0.1189208
2019-12-04 02:15:00,7336.4,7336.4,7334.4,7334.4,3.19638665
2019-12-04 02:14:00,7337.9,7337.9,7334.9,7335.5,2.01129114
2019-12-04 02:13:00,7335.4,7337.7,7335.2,7337.7,0.74513402
2019-12-04 02:12:00,7337.2,7337.2,7335.4,7335.5,0.39960025
2019-12-04 02:11:00,7333.7,7336.8,7333.7,7336.8,2.33420341
2019-12-04 02:10:00,7333.8,7336.3,7333.6,7333.6,0.30040127
2019-12-04 02:09:00,7334.6,7334.6,7333.8,7333.8,1.87595358
2019-12-04 02:08:00,7336.7,7336.7,7332.8,7334,2.64167214
2019-12-04 02:07:00,7338.4,7340.6,7336.9,7336.9,3.79396536
2019-12-04 02:06:00,7336.1,7337.8,7334.5,7337.8,8.73771826
2019-12-04 02:05:00,7331.3,7335.4,7331.3,7334.4,5.72628014
2019-12-04 02:04:00,7333.8,7334.7,7331.7,7331.7,4.03629478
2019-12-04 02:03:00,7331.3,7332.3,7331.3,7332,0.42736961
2019-12-04 02:02:00,7331.3,7336.1,7331.3,7331.7,2.52816367
2019-12-04 02:01:00,7327.2,7333.7,7327.2,7331.2,15.45213518
2019-12-04 02:00:00,7325.9,7326.7,7325.9,7326.7,0.22427524
2019-12-04 01:59:00,7325.9,7325.9,7325.9,7325.9,0
2019-12-04 01:58:00,7323.9,7325.9,7323.9,7325.9,0.7081265
2019-12-04 01:57:00,7321.6,7323.9,7321.6,7323.9,0.137564
2019-12-04 01:56:00,7323.9,7324.5,7323.6,7323.6,0.51584935
2019-12-04 01:55:00,7321.9,7323.1,7321.6,7323.1,0.17913022
2019-12-04 01:54:00,7326.5,7326.5,7322.6,7322.7,1.71790715
2019-12-04 01:53:00,7326,7326.5,7326,7326.5,2.03518523
2019-12-04 01:52:00,7327.9,7327.9,7325.9,7326,0.30522704
2019-12-04 01:51:00,7324.9,7328.3,7324.9,7328.2,0.67088292
2019-12-04 01:50:00,7327.8,7327.8,7324.8,7324.8,0.64634749
2019-12-04 01:49:00,7329.5,7329.5,7325.6,7326.6,2.33517711
2019-12-04 01:48:00,7329.4,7329.4,7325.5,7328.9,3.96939051
2019-12-04 01:47:00,7327.2,7328.9,7327.2,7328.9,1.14304396
2019-12-04 01:46:00,7324.1,7326.8,7321.9,7326.8,1.03258511
2019-12-04 01:45:00,7322.9,7327.2,7322.9,7325.3,2.59692339
2019-12-04 01:44:00,7325.1,7325.1,7322.9,7322.9,0.51900901
2019-12-04 01:43:00,7326.9,7327.6,7325.1,7325.1,0.75950518
2019-12-04 01:42:00,7328.7,7329.9,7325.7,7326.8,6.19823209
2019-12-04 01:41:00,7329.1,7329.1,7325.1,7328.7,3.47880597
2019-12-04 01:40:00,7327.8,7330.7,7327.8,7329.8,0.05851871
2019-12-04 01:39:00,7332.8,7332.8,7326.1,7327.5,16.01751656
2019-12-04 01:38:00,7330.9,7332.9,7330,7332.7,12.89745759
2019-12-04 01:37:00,7330.8,7330.9,7330.8,7330.9,10.41194331
2019-12-04 01:36:00,7329,7332.1,7327.1,7331.2,12.73345336
2019-12-04 01:35:00,7327.5,7329.1,7327.5,7329,0.87407552
2019-12-04 01:34:00,7329.4,7329.8,7325.1,7327.1,4.14837727
2019-12-04 01:33:00,7330,7330,7329.5,7329.5,11.22679551
2019-12-04 01:32:00,7335.1,7335.1,7329.3,7330.3,15.55204874
2019-12-04 01:31:00,7332.3,7334.6,7332.3,7334.6,3.0207328
2019-12-04 01:30:00,7331.3,7332.3,7331.3,7332.3,1.73066709
2019-12-04 01:29:00,7331.5,7332.7,7331.3,7331.3,2.92128128
2019-12-04 01:28:00,7331.5,7333.2,7331.5,7331.5,8.30491574
2019-12-04 01:27:00,7330.6,7331.5,7330.5,7331.4,5.16527837
2019-12-04 01:26:00,7331.6,7333.1,7331.5,7331.5,2.02777189
2019-12-04 01:25:00,7334.1,7334.6,7329.4,7331.6,11.25179771
2019-12-04 01:24:00,7330.5,7335.1,7330.5,7333.7,1.64102578
2019-12-04 01:23:00,7326.7,7330.5,7326.7,7330.5,9.84236882
2019-12-04 01:22:00,7329.3,7329.4,7327.7,7327.7,0.62365543
2019-12-04 01:21:00,7328.5,7330.6,7328.5,7329.1,1.05815264
2019-12-04 01:20:00,7331.7,7331.7,7328.8,7328.8,1.04805132
2019-12-04 01:19:00,7334.2,7334.2,7327.6,7331.7,21.45350327
2019-12-04 01:18:00,7338,7338,7334.2,7334.2,4.40301948
2019-12-04 01:17:00,7338.5,7338.5,7337.2,7338.5,9.12216494
2019-12-04 01:16:00,7336.9,7338.7,7336.9,7338.5,19.5096615
2019-12-04 01:15:00,7332.9,7337.9,7332.9,7335.4,28.93362685
2019-12-04 01:14:00,7330.5,7332.5,7330.5,7331.9,1.93939463
2019-12-04 01:13:00,7329.7,7331.4,7329.3,7331.3,2.15687985
2019-12-04 01:12:00,7326.6,7329.4,7326.6,7329.4,10.32140402
2019-12-04 01:11:00,7327.1,7329.3,7324.7,7324.7,6.49861944
2019-12-04 01:10:00,7326.2,7331.2,7326.2,7327.9,11.31065632
2019-12-04 01:09:00,7327.5,7328.4,7326.4,7326.4,1.52896893
2019-12-04 01:08:00,7327.1,7327.1,7323.7,7326.6,3.17373033
2019-12-04 01:07:00,7326.6,7327.6,7326.6,7327.1,0.24637341
2019-12-04 01:06:00,7328,7328,7322.4,7326.6,5.16262
2019-12-04 01:05:00,7321,7328,7321,7328,6.79959841
2019-12-04 01:04:00,7326.5,7327.5,7321.1,7321.1,1.47175284
2019-12-04 01:03:00,7322.7,7326.4,7322.7,7326.4,4.50505638
2019-12-04 01:02:00,7323.2,7323.2,7322.3,7322.3,0.29901208
2019-12-04 01:01:00,7321.3,7323.7,7321.3,7323.7,0.21709517
2019-12-04 01:00:00,7318.9,7321.3,7316.2,7321.2,2.80421192
2019-12-04 00:59:00,7321.4,7324.4,7319.1,7319.1,17.91250952
2019-12-04 00:58:00,7317,7321.4,7317,7321.4,6.60076776
2019-12-04 00:57:00,7322.2,7322.2,7317.8,7317.8,3.7987935
2019-12-04 00:56:00,7323.1,7326.2,7322.2,7322.2,3.20760209
2019-12-04 00:55:00,7328.8,7328.8,7323,7323,1.26481489
2019-12-04 00:54:00,7329.5,7329.5,7328.9,7328.9,1.11680126
2019-12-04 00:53:00,7320.9,7330,7320.9,7330,23.90896037
2019-12-04 00:52:00,7320.1,7320.8,7320.1,7320.6,0.45708655
2019-12-04 00:51:00,7319.3,7320.1,7319.3,7320.1,0.3283062
2019-12-04 00:50:00,7316.8,7317.6,7316.3,7317.6,2.72274064
2019-12-04 00:49:00,7318.5,7320.2,7318.1,7318.1,0.87446968
2019-12-04 00:48:00,7315.8,7321.4,7315.8,7318.4,17.96130454
2019-12-04 00:47:00,7316.7,7317.3,7315.8,7315.8,0.52273384
2019-12-04 00:46:00,7321.5,7321.6,7317.6,7317.6,8.75532013
2019-12-04 00:45:00,7319.3,7321.6,7319.3,7321.6,0.15193791
2019-12-04 00:44:00,7323.3,7323.3,7318.1,7319.4,9.92362253
2019-12-04 00:43:00,7320.5,7323.4,7320.1,7323.3,1.33496279
2019-12-04 00:42:00,7322,7325.4,7320.6,7320.6,2.98289819
2019-12-04 00:41:00,7322.6,7322.6,7319.7,7320.8,10.13597134
2019-12-04 00:40:00,7318.5,7323.1,7318.4,7322.8,3.02381343
2019-12-04 00:39:00,7322,7324.1,7318.6,7318.6,2.37009699
2019-12-04 00:38:00,7315.6,7322,7315.6,7321.9,6.51763641
2019-12-04 00:37:00,7318,7318.5,7314,7314.7,2.71348338
2019-12-04 00:36:00,7316.2,7316.6,7316.1,7316.6,1.44354168
2019-12-04 00:35:00,7319.1,7322.1,7317.1,7317.1,19.04019589
2019-12-04 00:34:00,7309.3,7319.1,7309.3,7319.1,54.91775551
2019-12-04 00:33:00,7312.2,7312.2,7303.3,7309.2,56.47340051
2019-12-04 00:32:00,7315.5,7315.5,7312.1,7312.2,1.4078263
2019-12-04 00:31:00,7315.4,7315.8,7314.1,7315.5,3.55864625
2019-12-04 00:30:00,7313.4,7318.5,7313.4,7315.4,18.56393334
2019-12-04 00:29:00,7316,7316,7312.7,7313.4,2.57795145
2019-12-04 00:28:00,7318,7318,7316.1,7316.1,1.85364094
2019-12-04 00:27:00,7320.9,7320.9,7319,7319,9.06465777
2019-12-04 00:26:00,7324.7,7327,7321.2,7321.2,8.09299968
2019-12-04 00:25:00,7320.1,7324.8,7320.1,7324.8,4.03951801
2019-12-04 00:24:00,7322.8,7322.8,7320,7320.1,0.37895652
2019-12-04 00:23:00,7319,7321.5,7317.7,7321.5,2.18679275
2019-12-04 00:22:00,7319.1,7321.5,7319.1,7320.6,1.65669978
2019-12-04 00:21:00,7321.6,7324.7,7320.1,7320.1,2.39612001
2019-12-04 00:20:00,7316,7320,7316,7320,0.18483617
2019-12-04 00:19:00,7317.4,7319.4,7316.8,7316.8,5.39447746
2019-12-04 00:18:00,7318.6,7318.6,7313.4,7315.8,14.86888369
2019-12-04 00:17:00,7310.6,7319.1,7310,7316.7,18.29339933
2019-12-04 00:16:00,7311.7,7313.4,7310,7310.6,5.95727638
2019-12-04 00:15:00,7318.3,7318.3,7311.7,7311.7,5.41616469
2019-12-04 00:14:00,7315.3,7319.3,7315.3,7319.2,5.42220412
2019-12-04 00:13:00,7318.5,7320.5,7316.2,7316.2,3.78915222
2019-12-04 00:12:00,7316.6,7318.1,7316.6,7318.1,11.61719388
2019-12-04 00:11:00,7319.9,7320.2,7315.3,7316.7,11.98609135
2019-12-04 00:10:00,7316.5,7321,7316.5,7321,20.04865878
2019-12-04 00:09:00,7319.8,7320.8,7315.4,7316.9,1.61702159
2019-12-04 00:08:00,7322.2,7322.2,7318,7319.8,5.58030129
2019-12-04 00:07:00,7324.3,7324.3,7322.2,7322.2,10.69018304
2019-12-04 00:06:00,7320,7323.7,7320,7323.7,1.09507994
2019-12-04 00:05:00,7314.8,7322.5,7314.8,7319.9,16.56184034
2019-12-04 00:04:00,7321.7,7324.6,7313,7314.8,15.0671859
2019-12-04 00:03:00,7321.6,7324.4,7321.1,7322.3,1.91262859
2019-12-04 00:02:00,7326.9,7328.3,7319.8,7321.9,12.00032571
2019-12-04 00:01:00,7334.2,7334.3,7327,7327,50.15759714
2019-12-04 00:00:00,7334.8,7335.4,7332.5,7334.3,3.05208774
