2019-11-21 23:59:00,7618.1,7630,7614,7628.9,32.72738782
2019-11-21 23:58:00,7612,7622.4,7612,7618.3,20.39716557
2019-11-21 23:57:00,7601.9,7614.8,7601.9,7612,114.27967691
2019-11-21 23:56:00,7595.9,7605,7593.2,7601.7,52.06390486
2019-11-21 23:55:00,7606,7607.9,7584.3,7595.1,46.43941052
2019-11-21 23:54:00,7581.5,7605.9,7574.1,7605.9,95.66808209
2019-11-21 23:53:00,7603.1,7603.1,7581.4,7581.4,133.09780676
2019-11-21 23:52:00,7622.4,7622.4,7600.7,7603.1,174.92997489
2019-11-21 23:51:00,7617.1,7624.4,7616.4,7622.8,32.24612522
2019-11-21 23:50:00,7626.4,7626.4,7617.1,7617.1,39.28583515
2019-11-21 23:49:00,7633,7633,7622.6,7626,42.69660656
2019-11-21 23:48:00,7625,7633.6,7624.9,7632.9,48.30074887
2019-11-21 23:47:00,7631.9,7634.6,7625,7625,40.45583781
2019-11-21 23:46:00,7627,7632,7627,7631.8,13.35734064
2019-11-21 23:45:00,7619.1,7628.2,7619,7626.9,119.81421333
2019-11-21 23:44:00,7627.9,7627.9,7617.2,7619.1,139.29114996
2019-11-21 23:43:00,7626.1,7636.7,7624.5,7627,25.30383372
2019-11-21 23:42:00,7633.6,7633.6,7623.3,7624.8,17.33405422
2019-11-21 23:41:00,7618.9,7637,7616.9,7634,53.33136453
2019-11-21 23:40:00,7623.4,7623.4,7614.5,7618.9,17.93317206
2019-11-21 23:39:00,7629.7,7630,7621.1,7623.4,64.4080122
2019-11-21 23:38:00,7646.3,7652.6,7629.7,7629.7,44.22850691
2019-11-21 23:37:00,7626.2,7648.4,7624.6,7646.1,140.90131587
2019-11-21 23:36:00,7656.2,7656.2,7623.6,7627.4,122.94475473
2019-11-21 23:35:00,7640.2,7657.1,7640.1,7656.2,78.9456155
2019-11-21 23:34:00,7633.5,7643.4,7631.7,7640.2,85.74179163
2019-11-21 23:33:00,7620.5,7634,7616.3,7633.5,52.7096326
2019-11-21 23:32:00,7627.1,7627.1,7606.7,7620.5,156.38423317
2019-11-21 23:31:00,7623.5,7634.8,7620.1,7627.2,184.8120888
2019-11-21 23:30:00,7651.3,7651.3,7623.4,7623.7,100.07123689
2019-11-21 23:29:00,7651.5,7657,7643.3,7651.4,121.90168895
2019-11-21 23:28:00,7659.1,7661,7643.1,7652.7,225.09574434
2019-11-21 23:27:00,7683.1,7691,7658.3,7659.2,263.88580131
2019-11-21 23:26:00,7656.2,7694,7645.1,7683,267.24661215
2019-11-21 23:25:00,7635.1,7657.1,7632.6,7656.2,295.75489926
2019-11-21 23:24:00,7645.9,7653.2,7629.5,7636.5,486.88492373
2019-11-21 23:23:00,7619.5,7656,7612.8,7647,253.78205576
2019-11-21 23:22:00,7588.8,7619.7,7588.8,7619.7,172.31463656
2019-11-21 23:21:00,7596.6,7605.4,7580,7588.7,183.46689349
2019-11-21 23:20:00,7568.2,7596.7,7566.6,7596.7,146.93656675
2019-11-21 23:19:00,7562.7,7570,7561.4,7568.7,62.68638418
2019-11-21 23:18:00,7571.8,7574,7559.6,7562.7,245.56272392
2019-11-21 23:17:00,7560.1,7572.4,7555,7571.9,188.99106666
2019-11-21 23:16:00,7563.6,7568.2,7555.2,7560.2,154.26487415
2019-11-21 23:15:00,7581.2,7581.2,7560.3,7563.5,145.86271321
2019-11-21 23:14:00,7581.1,7585.7,7572.7,7580.4,125.44213544
2019-11-21 23:13:00,7587.7,7593.2,7571,7581.2,200.58035851
2019-11-21 23:12:00,7580.8,7593,7575.8,7585.7,111.09189139
2019-11-21 23:11:00,7570,7583.5,7562.1,7580.8,195.80317258
2019-11-21 23:10:00,7592.3,7592.7,7560.7,7570,180.18516578
2019-11-21 23:09:00,7579.3,7595.1,7578.7,7592,176.91585617
2019-11-21 23:08:00,7583.5,7583.5,7563.8,7578.7,321.53759124
2019-11-21 23:07:00,7561.8,7591.9,7559.9,7583,311.98916575
2019-11-21 23:06:00,7563.6,7611.5,7559,7560.2,533.4619682
2019-11-21 23:05:00,7470.3,7566.5,7459.5,7563.6,728.49254113
2019-11-21 23:04:00,7560,7563.2,7429,7465.3,987.40066177
2019-11-21 23:03:00,7562.3,7591.7,7560,7560,931.88431827
2019-11-21 23:02:00,7600,7624.7,7560,7562.3,880.13473973
2019-11-21 23:01:00,7740.2,7751,7600,7600,1516.46659456
2019-11-21 23:00:00,7797.5,7797.5,7735.8,7739.8,448.23631255
2019-11-21 22:59:00,7790.3,7808.9,7790.3,7799.9,151.17813179
2019-11-21 22:58:00,7825,7827.1,7785,7790,413.17847794
2019-11-21 22:57:00,7828.9,7828.9,7819.8,7824.9,39.60987459
2019-11-21 22:56:00,7821.5,7830,7818.1,7828.8,156.20815856
2019-11-21 22:55:00,7833.1,7833.1,7820.7,7821.5,101.59290272
2019-11-21 22:54:00,7843.5,7843.5,7833.1,7833.2,23.42047643
2019-11-21 22:53:00,7838.5,7847.3,7836.3,7844.6,39.67897652
2019-11-21 22:52:00,7842.8,7843.2,7837.9,7838.5,7.13825987
2019-11-21 22:51:00,7849.4,7849.5,7838.1,7842.8,19.79509023
2019-11-21 22:50:00,7848.5,7850.9,7847.8,7849.4,8.19668435
2019-11-21 22:49:00,7843.7,7848.8,7843.6,7848.4,6.06219095
2019-11-21 22:48:00,7848.1,7848.2,7842.4,7843.8,84.71079376
2019-11-21 22:47:00,7845,7848.2,7839.7,7848.2,5.03999597
2019-11-21 22:46:00,7851.3,7851.8,7839.6,7844.9,29.83536925
2019-11-21 22:45:00,7838.3,7851.3,7835.7,7851.3,15.39027337
2019-11-21 22:44:00,7845.7,7845.7,7833,7838.2,20.57684486
2019-11-21 22:43:00,7827.6,7845.9,7825.1,7845.4,214.3100623
2019-11-21 22:42:00,7828,7829.8,7820,7827.5,203.17560359
2019-11-21 22:41:00,7830.2,7835,7823.1,7828,119.62914431
2019-11-21 22:40:00,7846.6,7850,7830,7830,25.46006371
2019-11-21 22:39:00,7842.1,7848,7835.7,7844.9,30.95255525
2019-11-21 22:38:00,7850.1,7850.1,7831.4,7842.1,63.9364179
2019-11-21 22:37:00,7858.6,7858.6,7850,7850.1,21.0610906
2019-11-21 22:36:00,7860,7864.1,7858.3,7858.6,45.83108038
2019-11-21 22:35:00,7854.4,7859.9,7854.3,7859.9,22.94578493
2019-11-21 22:34:00,7848.7,7858.2,7848.5,7853.3,45.41393315
2019-11-21 22:33:00,7844.8,7856.9,7839.3,7848.7,108.4127885
2019-11-21 22:32:00,7859.7,7859.9,7842.4,7844.8,110.32062751
2019-11-21 22:31:00,7862.8,7862.9,7853.8,7859,132.31139666
2019-11-21 22:30:00,7867.3,7867.3,7862.4,7862.5,3.93936177
2019-11-21 22:29:00,7868.3,7868.3,7867.3,7867.8,2.07797386
2019-11-21 22:28:00,7872.2,7875,7868.3,7868.3,23.36835431
2019-11-21 22:27:00,7866.7,7871.5,7865.5,7871.4,15.61298752
2019-11-21 22:26:00,7861.7,7869,7861.5,7866.7,13.72449701
2019-11-21 22:25:00,7873.1,7873.1,7861.2,7861.7,19.50400692
2019-11-21 22:24:00,7875.7,7875.7,7866,7873,59.10987019
2019-11-21 22:23:00,7876.7,7880.6,7874.1,7875.7,42.5404629
2019-11-21 22:22:00,7881.8,7881.8,7872.2,7876.7,92.54108436
2019-11-21 22:21:00,7884.6,7884.7,7882,7882,12.87541362
2019-11-21 22:20:00,7887.9,7888,7884.6,7884.6,15.82244812
2019-11-21 22:19:00,7885.5,7888,7885.3,7888,16.15351409
2019-11-21 22:18:00,7884.2,7885.5,7880.3,7885.4,39.31198324
2019-11-21 22:17:00,7886.5,7886.5,7883.4,7884.3,12.46292914
2019-11-21 22:16:00,7883,7886.7,7880.4,7886.5,27.34253203
2019-11-21 22:15:00,7882.3,7884.5,7882.3,7883,10.42396202
2019-11-21 22:14:00,7886.3,7886.4,7881.9,7882.3,14.18834801
2019-11-21 22:13:00,7887.7,7887.9,7886.3,7886.3,5.17624012
2019-11-21 22:12:00,7886.9,7888.8,7880.6,7887.6,41.03322828
2019-11-21 22:11:00,7888.6,7889.7,7881.3,7886.9,88.49282457
2019-11-21 22:10:00,7889.4,7889.5,7888.6,7888.6,0.52430532
2019-11-21 22:09:00,7892.5,7892.5,7889.4,7889.4,7.17085812
2019-11-21 22:08:00,7891.7,7896.8,7891.1,7892.4,29.15307948
2019-11-21 22:07:00,7887.9,7891.7,7887.9,7891.7,6.8112973
2019-11-21 22:06:00,7887.9,7888,7887.9,7888,0.95285143
2019-11-21 22:05:00,7887.5,7888.2,7887.5,7887.9,7.52078504
2019-11-21 22:04:00,7886,7887.5,7886,7887.5,3.20237186
2019-11-21 22:03:00,7886,7886,7885.9,7886,2.40153488
2019-11-21 22:02:00,7886.9,7886.9,7885.4,7886,2.28855865
2019-11-21 22:01:00,7887.8,7887.8,7886.8,7886.9,4.09933536
2019-11-21 22:00:00,7885.2,7887,7885.2,7887,1.67119073
2019-11-21 21:59:00,7885.2,7885.3,7885.2,7885.2,0.04436425
2019-11-21 21:58:00,7882.6,7885.3,7882.6,7885.3,0.41579976
2019-11-21 21:57:00,7885.2,7885.2,7882.5,7882.5,2.30834537
2019-11-21 21:56:00,7882.6,7885.2,7882.6,7885.2,1.1229684
2019-11-21 21:55:00,7884.1,7884.1,7881.5,7882.5,6.1675601
2019-11-21 21:54:00,7886.2,7886.2,7883.7,7884.1,8.38368292
2019-11-21 21:53:00,7888.6,7888.6,7886.2,7886.2,4.23389808
2019-11-21 21:52:00,7888.5,7888.6,7888.5,7888.5,0.62367206
2019-11-21 21:51:00,7886.1,7888.6,7886.1,7888.5,5.06062259
2019-11-21 21:50:00,7888.5,7888.5,7886.6,7886.7,29.86163112
2019-11-21 21:49:00,7889.2,7889.2,7888.4,7888.4,4.31815951
2019-11-21 21:48:00,7889.8,7889.8,7889.1,7889.1,2.99464886
2019-11-21 21:47:00,7892.1,7893.8,7889.8,7889.8,18.69178669
2019-11-21 21:46:00,7892,7892.1,7892,7892,1.75950483
2019-11-21 21:45:00,7888.5,7893,7888.5,7892.1,10.40441111
2019-11-21 21:44:00,7889.6,7891.4,7888.4,7888.5,28.66857317
2019-11-21 21:43:00,7889.6,7889.7,7889.6,7889.6,1.51012432
2019-11-21 21:42:00,7888.9,7892.8,7888.2,7889.2,26.48726425
2019-11-21 21:41:00,7892.9,7894.5,7887.6,7888.9,14.34814987
2019-11-21 21:40:00,7896.7,7896.8,7890.9,7892.9,56.23959326
2019-11-21 21:39:00,7896.8,7896.8,7896.7,7896.8,1.28639669
2019-11-21 21:38:00,7897.7,7897.7,7896.7,7896.7,8.5156424
2019-11-21 21:37:00,7897.7,7897.7,7897.6,7897.7,1.05727034
2019-11-21 21:36:00,7895,7897.7,7895,7897.7,1.00198745
2019-11-21 21:35:00,7898,7898,7895,7895.1,7.97553777
2019-11-21 21:34:00,7899.7,7899.7,7896.5,7898,3.55009497
2019-11-21 21:33:00,7900,7903.4,7899.7,7899.8,46.46046977
2019-11-21 21:32:00,7896.6,7899.8,7896.4,7899.7,35.42543692
2019-11-21 21:31:00,7893.2,7897.7,7893.2,7896.5,8.92660526
2019-11-21 21:30:00,7891.7,7893.2,7891.6,7893.2,2.23652303
2019-11-21 21:29:00,7893.8,7893.8,7891.6,7891.7,3.3932056
2019-11-21 21:28:00,7890.6,7893.8,7890.5,7893.8,4.32697591
2019-11-21 21:27:00,7886.8,7890.2,7885.8,7890.2,31.09858396
2019-11-21 21:26:00,7886.3,7886.9,7886.3,7886.8,0.46551228
2019-11-21 21:25:00,7883.6,7886.3,7883.6,7886.3,2.51036976
2019-11-21 21:24:00,7886.5,7886.5,7883.5,7883.6,2.804432
2019-11-21 21:23:00,7888.2,7888.3,7884.7,7886.4,82.41125308
2019-11-21 21:22:00,7884.6,7888.3,7884.6,7888.3,10.81207094
2019-11-21 21:21:00,7887.5,7888.6,7884.6,7884.7,5.95101109
2019-11-21 21:20:00,7889.8,7889.8,7886.2,7887.5,1.96568967
2019-11-21 21:19:00,7889.9,7890,7889.7,7889.8,2.93825904
2019-11-21 21:18:00,7897.9,7897.9,7889.9,7889.9,21.76260514
2019-11-21 21:17:00,7902.1,7903.1,7898.6,7898.6,33.27070866
2019-11-21 21:16:00,7895.9,7902.1,7895.9,7902.1,3.53622373
2019-11-21 21:15:00,7896.4,7896.9,7895.8,7895.8,3.56043053
2019-11-21 21:14:00,7892,7895.8,7892,7895.8,3.07747062
2019-11-21 21:13:00,7893.4,7893.4,7892,7892.6,1.14139004
2019-11-21 21:12:00,7886.9,7893.5,7886.9,7893.5,0.51672
2019-11-21 21:11:00,7891.6,7891.6,7886.9,7886.9,1.27622136
2019-11-21 21:10:00,7893.1,7893.1,7891.7,7891.8,22.3052054
2019-11-21 21:09:00,7896.1,7896.7,7893.1,7893.2,1.43488395
2019-11-21 21:08:00,7890.5,7896.1,7890,7896.1,6.27941024
2019-11-21 21:07:00,7894.6,7895,7891.7,7891.7,1.4590936
2019-11-21 21:06:00,7891.5,7893.8,7891.5,7893.8,0.51022825
2019-11-21 21:05:00,7891,7891,7890.3,7890.4,2.13545533
2019-11-21 21:04:00,7889.1,7891,7889,7891,5.10723358
2019-11-21 21:03:00,7895.1,7895.5,7888.8,7889,15.68198601
2019-11-21 21:02:00,7890,7899.6,7890,7896.5,10.42020703
2019-11-21 21:01:00,7893.9,7893.9,7888,7890,25.59012412
2019-11-21 21:00:00,7902.8,7902.8,7893.9,7893.9,14.16607562
2019-11-21 20:59:00,7899.7,7910.6,7899.7,7902.7,93.39505373
2019-11-21 20:58:00,7893,7899.7,7893,7899.6,16.88446057
2019-11-21 20:57:00,7897.5,7897.7,7890.7,7893.1,16.49710681
2019-11-21 20:56:00,7889.8,7897.4,7889.8,7897.4,17.88028004
2019-11-21 20:55:00,7883.6,7889.8,7883.5,7889.8,26.11580042
2019-11-21 20:54:00,7881.2,7883.6,7881.2,7883.6,10.53703065
2019-11-21 20:53:00,7878.1,7881.3,7878.1,7880.6,4.64578198
2019-11-21 20:52:00,7877.2,7878,7876.6,7878,8.40989207
2019-11-21 20:51:00,7877.3,7877.3,7877.2,7877.2,0.84088349
2019-11-21 20:50:00,7876.5,7876.6,7876.5,7876.6,0.21135952
2019-11-21 20:49:00,7873.4,7876.6,7873.4,7876.5,2.85064321
2019-11-21 20:48:00,7869.3,7874.7,7867.2,7873.5,10.3541672
2019-11-21 20:47:00,7877.4,7877.4,7869.3,7869.3,40.30212334
2019-11-21 20:46:00,7875,7878.4,7875,7877.4,51.08988014
2019-11-21 20:45:00,7874.4,7875,7874.4,7875,4.750103
2019-11-21 20:44:00,7875,7875,7874.4,7874.4,5.43576122
2019-11-21 20:43:00,7871.6,7874.4,7871.5,7874.4,10.43665456
2019-11-21 20:42:00,7873,7873,7871.7,7871.7,3.89493068
2019-11-21 20:41:00,7872.2,7876.7,7872.2,7872.9,2.23880366
2019-11-21 20:40:00,7877.5,7879.1,7871.5,7872.2,8.00337608
2019-11-21 20:39:00,7878.3,7880.3,7877.5,7877.5,2.99316972
2019-11-21 20:38:00,7877.9,7879.2,7876.6,7877.5,11.51842142
2019-11-21 20:37:00,7875.1,7880.1,7874.5,7877.9,48.3309178
2019-11-21 20:36:00,7872,7877.4,7872,7875.8,3.06665138
2019-11-21 20:35:00,7868.4,7872.7,7864.1,7872.6,12.14599558
2019-11-21 20:34:00,7868.4,7871.5,7868.1,7868.7,11.8149552
2019-11-21 20:33:00,7870.8,7872.4,7865.7,7868,49.20657639
2019-11-21 20:32:00,7862.4,7872.3,7862.4,7870.9,25.7018562
2019-11-21 20:31:00,7872.8,7873.1,7861.4,7862.9,76.03080886
2019-11-21 20:30:00,7857.1,7877.6,7857,7874.4,58.11686649
2019-11-21 20:29:00,7859.4,7859.9,7850.5,7857.1,50.98684136
2019-11-21 20:28:00,7857.5,7868.9,7853.2,7859.5,35.10543981
2019-11-21 20:27:00,7860.4,7867.6,7848.1,7857.1,138.6160274
2019-11-21 20:26:00,7880,7880,7820,7860.4,710.19803973
2019-11-21 20:25:00,7882,7882,7880.1,7880.1,0.43643019
2019-11-21 20:24:00,7881.9,7882,7881.9,7882,0.64941294
2019-11-21 20:23:00,7880.2,7882,7880.1,7882,1.55339459
2019-11-21 20:22:00,7884.8,7884.8,7880.1,7880.2,3.36146512
2019-11-21 20:21:00,7884.3,7886.9,7884.3,7884.7,3.84499531
2019-11-21 20:20:00,7882.2,7884.3,7881,7884.3,5.69831366
2019-11-21 20:19:00,7881.5,7888.5,7881.5,7882.1,67.46768198
2019-11-21 20:18:00,7885,7885,7879.2,7880.1,2.69120341
2019-11-21 20:17:00,7886,7886,7885.1,7885.1,1.58149506
2019-11-21 20:16:00,7891.8,7892.4,7886,7886,13.41290014
2019-11-21 20:15:00,7890.6,7891.3,7890.6,7890.7,25.60837611
2019-11-21 20:14:00,7888.3,7891.4,7888.3,7890.5,11.98852441
2019-11-21 20:13:00,7886.8,7889.6,7886.8,7888.2,1.6105714
2019-11-21 20:12:00,7877.6,7887.3,7877.6,7886.9,11.96584661
2019-11-21 20:11:00,7882.3,7882.3,7877.5,7877.5,2.69959401
2019-11-21 20:10:00,7886.8,7886.9,7881.4,7882.3,1.10148765
2019-11-21 20:09:00,7885.9,7886.9,7883.5,7886.8,10.83191285
2019-11-21 20:08:00,7888.6,7888.6,7885.9,7885.9,6.87130327
2019-11-21 20:07:00,7894.2,7894.2,7886.5,7888.6,5.73913017
2019-11-21 20:06:00,7891.7,7895.6,7891.7,7895.3,31.12141222
2019-11-21 20:05:00,7886.4,7893.5,7886.4,7891.7,7.64342
2019-11-21 20:04:00,7889.6,7892.5,7885,7886.4,12.79151151
2019-11-21 20:03:00,7883.9,7890,7883.3,7889.6,22.17663572
2019-11-21 20:02:00,7875.9,7884,7875.9,7883.9,1.48724014
2019-11-21 20:01:00,7882.2,7883,7875.2,7876.3,24.03867225
2019-11-21 20:00:00,7871.5,7884,7871.5,7882.3,31.72946062
2019-11-21 19:59:00,7871,7871.2,7865.5,7871.2,7.96558127
2019-11-21 19:58:00,7876,7876.1,7871.3,7871.3,13.23233276
2019-11-21 19:57:00,7881.3,7881.3,7876.3,7876.3,1.5280818
2019-11-21 19:56:00,7878.6,7883.3,7878.6,7881.2,6.62955011
2019-11-21 19:55:00,7876.5,7878.7,7872.8,7878.7,15.61997632
2019-11-21 19:54:00,7878.5,7878.6,7871,7876.5,28.32629149
2019-11-21 19:53:00,7883.9,7883.9,7875.6,7878.5,7.52100225
2019-11-21 19:52:00,7887.7,7887.7,7881.8,7883.7,16.60980069
2019-11-21 19:51:00,7879.9,7886.8,7879.9,7886.8,44.43053883
2019-11-21 19:50:00,7891.2,7891.2,7880,7880,112.51880558
2019-11-21 19:49:00,7890.7,7892.4,7890.7,7891.3,0.88162561
2019-11-21 19:48:00,7890.7,7890.7,7890.6,7890.6,2.27066238
2019-11-21 19:47:00,7897,7897,7890.8,7891.2,2.79980444
2019-11-21 19:46:00,7897.2,7897.2,7897,7897,6.39395186
2019-11-21 19:45:00,7897.2,7898.3,7897.1,7897.1,5.31070379
2019-11-21 19:44:00,7903.8,7904.9,7897,7897.1,21.19994684
2019-11-21 19:43:00,7900.6,7911.7,7900.6,7903.8,41.85096981
2019-11-21 19:42:00,7894.9,7901.2,7894.9,7900.6,15.75814693
2019-11-21 19:41:00,7893.7,7895,7892.4,7895,8.76115263
2019-11-21 19:40:00,7893,7893.7,7892,7893.7,8.26832254
2019-11-21 19:39:00,7887.8,7893.1,7887.8,7893,5.15513651
2019-11-21 19:38:00,7885.6,7887.9,7885.6,7887.9,1.92996804
2019-11-21 19:37:00,7885.6,7887.6,7881.6,7885.5,13.93690576
2019-11-21 19:36:00,7885,7888.4,7885,7885.6,4.47082736
2019-11-21 19:35:00,7884.6,7884.9,7881.4,7884.9,11.96188683
2019-11-21 19:34:00,7880.1,7885,7880,7884.6,4.82393488
2019-11-21 19:33:00,7886.7,7886.7,7879.6,7880,5.24583571
2019-11-21 19:32:00,7876.7,7888,7876,7886.7,37.05422248
2019-11-21 19:31:00,7881.9,7883.1,7876.6,7876.6,7.07152475
2019-11-21 19:30:00,7892.5,7893.1,7880.5,7881.9,27.57157237
2019-11-21 19:29:00,7891.4,7895.5,7890.2,7892.5,10.10217211
2019-11-21 19:28:00,7896,7903.7,7888.4,7889.5,69.89483318
2019-11-21 19:27:00,7884.8,7898.9,7884.7,7896,21.1908911
2019-11-21 19:26:00,7885.8,7892.8,7880.1,7884.8,40.19933343
2019-11-21 19:25:00,7878.2,7887.3,7878.2,7885.8,32.61108232
2019-11-21 19:24:00,7875.2,7879.7,7873.7,7878.2,21.16826541
2019-11-21 19:23:00,7882.3,7882.4,7875.1,7875.1,46.36747719
2019-11-21 19:22:00,7877.1,7883.4,7877,7882.4,22.25074149
2019-11-21 19:21:00,7881.5,7881.6,7870,7876.8,80.21323755
2019-11-21 19:20:00,7871.6,7883.1,7871.6,7880.8,25.2656787
2019-11-21 19:19:00,7876.9,7876.9,7870.5,7871.6,13.90465709
2019-11-21 19:18:00,7877.5,7886.6,7873.3,7878,41.24311801
2019-11-21 19:17:00,7870.3,7883.8,7861.9,7876.6,63.04291877
2019-11-21 19:16:00,7881.6,7881.6,7866.3,7870.3,25.65913356
2019-11-21 19:15:00,7870.1,7891,7867.5,7881.2,150.41618465
2019-11-21 19:14:00,7883.2,7883.2,7854.3,7870.1,217.42500486
2019-11-21 19:13:00,7874.5,7886.9,7873.9,7883.2,36.72202211
2019-11-21 19:12:00,7885.5,7892.5,7874.4,7874.5,135.66080891
2019-11-21 19:11:00,7896.4,7897.9,7885.4,7885.4,97.19695612
2019-11-21 19:10:00,7901.8,7908.4,7897.9,7897.9,7.94258281
2019-11-21 19:09:00,7913.5,7913.5,7901.7,7901.8,16.53266984
2019-11-21 19:08:00,7906.1,7917.4,7906.1,7913.5,22.77601022
2019-11-21 19:07:00,7893.1,7905.5,7889,7905.5,55.78268789
2019-11-21 19:06:00,7903.9,7903.9,7886.9,7893,314.62024582
2019-11-21 19:05:00,7914.2,7914.2,7902.2,7903.7,45.00314375
2019-11-21 19:04:00,7914.8,7914.8,7913.4,7914.1,0.18623429
2019-11-21 19:03:00,7922,7922,7913.4,7914.8,25.25890317
2019-11-21 19:02:00,7918.8,7922.1,7918.8,7922.1,1.62241748
2019-11-21 19:01:00,7921,7921,7916.7,7918.9,6.83571473
2019-11-21 19:00:00,7922.7,7922.7,7921,7921,0.20216561
2019-11-21 18:59:00,7926.8,7926.8,7922.7,7922.8,3.93367932
2019-11-21 18:58:00,7923.8,7926.9,7923.6,7926.9,49.01852864
2019-11-21 18:57:00,7922.4,7924,7922.4,7923.8,1.98195312
2019-11-21 18:56:00,7921.9,7922.3,7920,7922.3,13.71977163
2019-11-21 18:55:00,7925.4,7926.8,7921.4,7921.8,4.66304379
2019-11-21 18:54:00,7928.3,7928.3,7923,7923.6,5.61283548
2019-11-21 18:53:00,7934.9,7934.9,7927.9,7928.3,23.41926525
2019-11-21 18:52:00,7936.4,7937.7,7934.9,7934.9,2.44687965
2019-11-21 18:51:00,7933.8,7936.5,7933.8,7936.4,10.046754
2019-11-21 18:50:00,7932.8,7933.7,7932.8,7933.7,1.25148443
2019-11-21 18:49:00,7931.6,7933.1,7931.6,7932.7,0.6348327
2019-11-21 18:48:00,7932,7932,7931.5,7931.6,0.70591805
2019-11-21 18:47:00,7932.1,7933.6,7932,7932.1,15.42025741
2019-11-21 18:46:00,7932,7932,7932,7932,0.01347165
2019-11-21 18:45:00,7932.4,7932.4,7928.7,7932.1,17.08264538
2019-11-21 18:44:00,7928.5,7934.4,7928.5,7932.3,9.51843678
2019-11-21 18:43:00,7929.1,7929.2,7928.5,7929.2,12.20358068
2019-11-21 18:42:00,7929,7929.1,7929,7929.1,8.59457885
2019-11-21 18:41:00,7926.7,7929.9,7926.1,7929,6.71732464
2019-11-21 18:40:00,7926.6,7926.7,7926.6,7926.6,32.75350129
2019-11-21 18:39:00,7925.1,7926.7,7925.1,7926.7,7.34083369
2019-11-21 18:38:00,7924.1,7925.7,7924.1,7925.1,1.28322845
2019-11-21 18:37:00,7930,7930,7924,7924,1.80395055
2019-11-21 18:36:00,7923.9,7930,7923.9,7929.9,5.77842963
2019-11-21 18:35:00,7928.5,7928.5,7923.9,7923.9,6.06513336
2019-11-21 18:34:00,7926.9,7928.6,7926.9,7928.5,13.74305392
2019-11-21 18:33:00,7925.8,7927.2,7922.4,7926.9,1.90193208
2019-11-21 18:32:00,7918,7925,7918,7925,5.32733735
2019-11-21 18:31:00,7921.6,7921.6,7915.1,7917.4,14.49693795
2019-11-21 18:30:00,7925.1,7928.5,7921.6,7921.6,5.65691244
2019-11-21 18:29:00,7922.9,7925.1,7920.8,7925.1,9.04354324
2019-11-21 18:28:00,7918.6,7926.6,7917,7922.9,14.43497955
2019-11-21 18:27:00,7923,7923.1,7917.7,7917.7,2.57276102
2019-11-21 18:26:00,7924.6,7924.6,7923.9,7923.9,1.58559258
2019-11-21 18:25:00,7923.1,7924.6,7923.1,7924.6,2.66345609
2019-11-21 18:24:00,7927.8,7927.8,7922.7,7923.1,21.91591413
2019-11-21 18:23:00,7927.3,7928.1,7926.5,7927.9,9.72306819
2019-11-21 18:22:00,7931.3,7931.4,7928.7,7928.7,11.64839252
2019-11-21 18:21:00,7939.1,7940.3,7931.3,7931.3,11.36574842
2019-11-21 18:20:00,7934.6,7939.2,7934.6,7939,16.77707404
2019-11-21 18:19:00,7932.3,7933.9,7931.3,7932.8,23.59371711
2019-11-21 18:18:00,7930,7933.1,7930,7932.2,15.47561726
2019-11-21 18:17:00,7929.7,7930.8,7929.6,7930,4.79437289
2019-11-21 18:16:00,7924.5,7933.4,7924.3,7929.6,55.62090866
2019-11-21 18:15:00,7917,7924,7917,7923.6,11.36131164
2019-11-21 18:14:00,7917,7917,7916.9,7917,4.85909475
2019-11-21 18:13:00,7917.4,7917.4,7916.7,7917,8.89353147
2019-11-21 18:12:00,7909.3,7917.4,7909.3,7917.4,12.62986226
2019-11-21 18:11:00,7914.2,7917,7909.1,7909.1,14.81265272
2019-11-21 18:10:00,7911.9,7920.9,7910.4,7914.3,19.82726263
2019-11-21 18:09:00,7924.1,7924.1,7911.9,7911.9,12.17729289
2019-11-21 18:08:00,7920,7927,7919.9,7924.1,17.65135599
2019-11-21 18:07:00,7919.9,7920,7904.2,7920,96.12207146
2019-11-21 18:06:00,7927.3,7927.3,7915.9,7919.9,40.13213278
2019-11-21 18:05:00,7927.4,7928.7,7927.3,7927.4,6.74223478
2019-11-21 18:04:00,7934.9,7934.9,7925.4,7928.6,39.65658376
2019-11-21 18:03:00,7931.7,7935,7929.7,7935,53.23906793
2019-11-21 18:02:00,7939.6,7940,7931.9,7931.9,8.43849601
2019-11-21 18:01:00,7931.7,7939,7931.7,7939,10.50824715
2019-11-21 18:00:00,7934.8,7934.9,7926.8,7931.7,73.29197108
2019-11-21 17:59:00,7930.9,7938.7,7930.7,7934.9,17.81953142
2019-11-21 17:58:00,7937.3,7940.8,7930.9,7930.9,21.06179256
2019-11-21 17:57:00,7942.3,7942.4,7925.9,7937.2,67.41352325
2019-11-21 17:56:00,7940.6,7942.5,7940.6,7942.3,2.07217824
2019-11-21 17:55:00,7947.3,7949.5,7940.4,7941.3,38.82003634
2019-11-21 17:54:00,7944.7,7947.4,7944.6,7947.4,7.7089126
2019-11-21 17:53:00,7948.6,7948.6,7944.6,7944.7,6.81192469
2019-11-21 17:52:00,7945.7,7949.1,7944.6,7949,12.40521544
2019-11-21 17:51:00,7948.4,7948.4,7945.6,7945.7,5.47261306
2019-11-21 17:50:00,7950.5,7952.4,7948.8,7948.9,6.21474413
2019-11-21 17:49:00,7953.8,7953.8,7950.6,7951.1,3.1442713
2019-11-21 17:48:00,7945.7,7953.9,7945.7,7953.8,23.34530927
2019-11-21 17:47:00,7944.9,7945.7,7944.9,7945.7,21.64399864
2019-11-21 17:46:00,7943.3,7945,7943.3,7944.9,3.79569918
2019-11-21 17:45:00,7938.7,7943.6,7938.7,7942.6,1.78551826
2019-11-21 17:44:00,7934.2,7938.7,7933.1,7938.7,52.29347932
2019-11-21 17:43:00,7943.6,7943.6,7934.1,7935,37.25498235
2019-11-21 17:42:00,7947.4,7947.4,7943.5,7943.5,0.93704402
2019-11-21 17:41:00,7946.1,7947.4,7946,7946.9,2.72485302
2019-11-21 17:40:00,7939.1,7945.2,7934,7945.2,11.21268693
2019-11-21 17:39:00,7941.7,7941.7,7939.1,7939.1,23.67049864
2019-11-21 17:38:00,7947.6,7947.6,7941.6,7941.6,13.22150213
2019-11-21 17:37:00,7951.5,7951.5,7947.6,7947.6,6.36906944
2019-11-21 17:36:00,7946,7951.5,7946,7951.5,10.66155979
2019-11-21 17:35:00,7953,7953,7945.2,7946,14.53117218
2019-11-21 17:34:00,7955.7,7955.7,7953,7953,15.73266183
2019-11-21 17:33:00,7950.1,7956,7950.1,7955.8,6.03106274
2019-11-21 17:32:00,7955,7955.8,7950.1,7950.2,15.48095749
2019-11-21 17:31:00,7945.5,7955,7945.5,7955,15.08949418
2019-11-21 17:30:00,7943.6,7946.2,7943.5,7945.5,8.5192143
2019-11-21 17:29:00,7940,7943.7,7939.9,7943.7,84.20766659
2019-11-21 17:28:00,7941.5,7944.7,7938.1,7940,32.12916608
2019-11-21 17:27:00,7947.5,7947.9,7941.3,7941.5,27.83391573
2019-11-21 17:26:00,7945.7,7947.6,7942.9,7947.6,4.53025102
2019-11-21 17:25:00,7934.9,7945.7,7932.2,7945.7,19.01110995
2019-11-21 17:24:00,7943,7945.1,7934.8,7934.8,23.30300908
2019-11-21 17:23:00,7947.9,7947.9,7940,7943,55.48225882
2019-11-21 17:22:00,7928.8,7951.8,7928.7,7948,27.59806432
2019-11-21 17:21:00,7933.7,7933.7,7928.5,7928.8,33.84159226
2019-11-21 17:20:00,7935.7,7935.8,7933.7,7933.8,5.47986132
2019-11-21 17:19:00,7941.7,7941.8,7932.1,7935.8,21.54980212
2019-11-21 17:18:00,7947.4,7947.4,7941.8,7941.8,6.60474458
2019-11-21 17:17:00,7941.7,7948.6,7941.2,7947.4,19.69382689
2019-11-21 17:16:00,7946.8,7946.9,7941.5,7941.8,7.78074257
2019-11-21 17:15:00,7952.2,7952.2,7946.4,7947,17.72342676
2019-11-21 17:14:00,7947,7952.3,7946.3,7952.3,25.25856415
2019-11-21 17:13:00,7955.9,7955.9,7946.4,7947.1,23.0239492
2019-11-21 17:12:00,7955.1,7956.7,7955,7955.8,4.44700449
2019-11-21 17:11:00,7956.9,7962.3,7955,7955.1,8.63436068
2019-11-21 17:10:00,7946.7,7957.1,7946.7,7956.9,19.4068829
2019-11-21 17:09:00,7943.2,7952.6,7943.2,7946.8,33.09264634
2019-11-21 17:08:00,7956.5,7956.5,7943.1,7943.1,34.01034622
2019-11-21 17:07:00,7960.4,7960.5,7956.3,7956.6,26.60802338
2019-11-21 17:06:00,7959.1,7960.4,7959,7960.4,13.88165684
2019-11-21 17:05:00,7955,7959.1,7952,7959.1,15.06557927
2019-11-21 17:04:00,7964.3,7964.7,7955,7955.1,24.60681765
2019-11-21 17:03:00,7959,7967.8,7959,7964.3,89.80999907
2019-11-21 17:02:00,7943.3,7959.1,7943.1,7959,58.99024507
2019-11-21 17:01:00,7924,7943.6,7923.9,7943.3,68.10205508
2019-11-21 17:00:00,7936.8,7937.9,7918.1,7923.5,39.25409205
2019-11-21 16:59:00,7932.9,7945,7932.6,7936.8,32.11697629
2019-11-21 16:58:00,7940.1,7941.1,7929,7934,88.39764428
2019-11-21 16:57:00,7951.9,7952,7934.6,7940,53.17824741
2019-11-21 16:56:00,7949.9,7952,7947.9,7952,57.12895683
2019-11-21 16:55:00,7942.4,7956.5,7942.4,7950,118.68194326
2019-11-21 16:54:00,7923.6,7942.1,7923.6,7942.1,122.61851254
2019-11-21 16:53:00,7931.6,7942.8,7922.9,7923.6,216.6236766
2019-11-21 16:52:00,7915,7941.9,7913.9,7931.6,174.03903105
2019-11-21 16:51:00,7953.1,7953.1,7915.2,7916.2,203.3404788
2019-11-21 16:50:00,7961.1,7964.7,7950.1,7953.1,201.4258814
2019-11-21 16:49:00,7966.9,7968.1,7942.9,7961,194.02352486
2019-11-21 16:48:00,7964.8,7966.9,7953.4,7966.8,217.23037308
2019-11-21 16:47:00,7949.9,7975.3,7949.1,7964.9,277.25142968
2019-11-21 16:46:00,7955.7,7964,7918.9,7950,809.52036808
2019-11-21 16:45:00,8027,8027,7950,7955.7,600.71516717
2019-11-21 16:44:00,8032.5,8033.3,8027,8027.1,8.37441208
2019-11-21 16:43:00,8021.8,8032.5,8021.7,8032.5,84.25458023
2019-11-21 16:42:00,8032.8,8033.8,8021.7,8021.8,59.26438909
2019-11-21 16:41:00,8040.6,8040.6,8021.7,8032.7,127.00205345
2019-11-21 16:40:00,8045.7,8046.4,8040.5,8040.5,20.79462859
2019-11-21 16:39:00,8048.5,8048.6,8045.8,8045.8,2.2690631
2019-11-21 16:38:00,8047.9,8048,8046.7,8048,13.45566605
2019-11-21 16:37:00,8045.4,8048.6,8045.1,8047.9,14.77343479
2019-11-21 16:36:00,8047.8,8048.6,8043.9,8045.4,9.13507589
2019-11-21 16:35:00,8050.5,8050.5,8046.2,8047.8,29.56829293
2019-11-21 16:34:00,8053,8054.5,8050.4,8050.5,9.3550406
2019-11-21 16:33:00,8062.6,8062.6,8049.8,8051.8,33.79069734
2019-11-21 16:32:00,8042.3,8062.7,8041.8,8062.7,42.26171756
2019-11-21 16:31:00,8039.1,8048.1,8035,8042.3,95.43019946
2019-11-21 16:30:00,8049.1,8049.9,8038.8,8039.2,130.12773274
2019-11-21 16:29:00,8059.3,8059.9,8049,8049.1,144.62656873
2019-11-21 16:28:00,8063.3,8063.9,8059.3,8059.3,29.33761375
2019-11-21 16:27:00,8064.4,8066.7,8063.1,8063.3,12.701646
2019-11-21 16:26:00,8069.4,8069.4,8064.2,8064.4,4.88477504
2019-11-21 16:25:00,8064.7,8074.2,8064.7,8069.4,12.01766813
2019-11-21 16:24:00,8070.4,8070.5,8061.8,8064.8,10.42560723
2019-11-21 16:23:00,8077.5,8077.5,8060.4,8070.4,141.28978358
2019-11-21 16:22:00,8080.6,8081.5,8077.5,8077.5,18.18564848
2019-11-21 16:21:00,8081.9,8081.9,8078.9,8080.6,19.66592212
2019-11-21 16:20:00,8083.9,8083.9,8081.8,8081.8,7.36293946
2019-11-21 16:19:00,8083.7,8085.2,8083.6,8084,2.42552998
2019-11-21 16:18:00,8080.4,8083.7,8080.4,8083.6,23.86112629
2019-11-21 16:17:00,8082.3,8082.3,8080.5,8080.5,10.59068356
2019-11-21 16:16:00,8084.1,8084.1,8082.6,8082.6,4.06861737
2019-11-21 16:15:00,8083.1,8084.1,8082.7,8084.1,8.79069348
2019-11-21 16:14:00,8087.1,8087.1,8083,8083,42.9669042
2019-11-21 16:13:00,8087.1,8087.2,8087.1,8087.1,0.40270343
2019-11-21 16:12:00,8087.8,8087.8,8087.2,8087.2,0.35443242
2019-11-21 16:11:00,8089.3,8089.3,8087.8,8087.8,2.19556168
2019-11-21 16:10:00,8089.2,8089.3,8089.2,8089.3,0.03078726
2019-11-21 16:09:00,8089.7,8089.7,8089.2,8089.3,2.06330894
2019-11-21 16:08:00,8090.6,8090.6,8089.6,8089.6,0.81737168
2019-11-21 16:07:00,8090.5,8090.6,8090.5,8090.6,0.31503431
2019-11-21 16:06:00,8090.3,8090.6,8090.3,8090.6,4.04186933
2019-11-21 16:05:00,8090.3,8090.3,8090.2,8090.3,0.29562482
2019-11-21 16:04:00,8090.3,8090.4,8090.2,8090.2,8.5779953
2019-11-21 16:03:00,8089.3,8090.4,8089.3,8090.4,0.11343259
2019-11-21 16:02:00,8089,8089.3,8088.8,8089.3,0.33725518
2019-11-21 16:01:00,8090.2,8091.9,8090.2,8090.2,1.56241025
2019-11-21 16:00:00,8088.8,8090.2,8088.5,8090.2,5.41578685
2019-11-21 15:59:00,8089.9,8090.8,8089.8,8089.8,1.30182255
2019-11-21 15:58:00,8087.4,8090,8087.4,8089.9,6.19683775
2019-11-21 15:57:00,8086.8,8087.6,8086.8,8087.4,7.10971704
2019-11-21 15:56:00,8084.2,8086.4,8084.2,8086.4,11.95886578
2019-11-21 15:55:00,8085,8085.1,8084.3,8084.3,20.29746761
2019-11-21 15:54:00,8085.1,8085.2,8085.1,8085.1,0.08805085
2019-11-21 15:53:00,8083.1,8084.9,8083,8084.9,8.68555703
2019-11-21 15:52:00,8084.8,8084.9,8082.4,8083.1,1.02741669
2019-11-21 15:51:00,8081.8,8087.2,8081.8,8084.8,22.85316667
2019-11-21 15:50:00,8081.2,8083.3,8081.2,8082.8,13.24037321
2019-11-21 15:49:00,8081.2,8082.1,8081.2,8081.2,1.08411962
2019-11-21 15:48:00,8083.9,8083.9,8080.1,8081.7,5.00343254
2019-11-21 15:47:00,8084.3,8084.3,8081.9,8081.9,24.67920368
2019-11-21 15:46:00,8084.2,8084.3,8084.2,8084.3,2.36692277
2019-11-21 15:45:00,8090,8090,8080.4,8080.4,32.61846394
2019-11-21 15:44:00,8091.6,8093,8090.7,8090.7,8.14813852
2019-11-21 15:43:00,8097.4,8097.5,8091.6,8091.6,23.61112658
2019-11-21 15:42:00,8098.7,8098.7,8097.3,8097.3,1.18717616
2019-11-21 15:41:00,8097.1,8098.7,8097.1,8098.7,2.9973022
2019-11-21 15:40:00,8100,8101.3,8097,8097,9.14877088
2019-11-21 15:39:00,8095.1,8100,8095.1,8100,1.68942327
2019-11-21 15:38:00,8096.3,8096.5,8094,8095.1,0.75102202
2019-11-21 15:37:00,8093.8,8097.8,8093,8096.3,23.93037249
2019-11-21 15:36:00,8099.9,8099.9,8093.8,8093.8,5.54200097
2019-11-21 15:35:00,8091.6,8100,8091.6,8099.9,7.92834506
2019-11-21 15:34:00,8095,8095,8091.6,8091.6,1.08716125
2019-11-21 15:33:00,8092.6,8094.7,8090.7,8094.7,2.61761114
2019-11-21 15:32:00,8087,8092.9,8086.6,8092.6,17.36045298
2019-11-21 15:31:00,8090,8090.1,8087,8087,2.36064814
2019-11-21 15:30:00,8079.8,8090.1,8079.7,8090,47.38393849
2019-11-21 15:29:00,8079.7,8079.8,8079.7,8079.8,0.3573971
2019-11-21 15:28:00,8080.2,8081,8079.7,8079.8,3.98926566
2019-11-21 15:27:00,8082.9,8085,8080.1,8080.1,7.33018532
2019-11-21 15:26:00,8083.3,8085,8082.8,8082.9,5.50187144
2019-11-21 15:25:00,8076.1,8083.3,8075.1,8083.3,6.83113707
2019-11-21 15:24:00,8077.9,8077.9,8076,8076,17.96164384
2019-11-21 15:23:00,8078.5,8078.5,8078,8078,0.37094752
2019-11-21 15:22:00,8078.7,8078.8,8078.4,8078.4,2.19428856
2019-11-21 15:21:00,8079.7,8079.7,8078.8,8078.8,2.90869772
2019-11-21 15:20:00,8077.7,8079.7,8077.7,8079.7,14.7257555
2019-11-21 15:19:00,8078.3,8078.4,8078.3,8078.3,1.03844527
2019-11-21 15:18:00,8079.9,8079.9,8078.3,8078.4,2.34361507
2019-11-21 15:17:00,8080.4,8080.9,8079.7,8079.9,16.96065912
2019-11-21 15:16:00,8086.9,8086.9,8080,8080.4,29.95100133
2019-11-21 15:15:00,8088.4,8088.5,8087.2,8087.2,2.69005643
2019-11-21 15:14:00,8086.7,8088.5,8086.6,8088.5,3.58134279
2019-11-21 15:13:00,8085,8086.7,8084.9,8086.7,15.4687255
2019-11-21 15:12:00,8088.3,8088.3,8085,8085,1.6639486
2019-11-21 15:11:00,8088,8088.6,8088,8088.3,2.8277081
2019-11-21 15:10:00,8083.2,8087.4,8083.2,8087.4,2.37451703
2019-11-21 15:09:00,8090.5,8090.5,8081.6,8082.5,15.7340658
2019-11-21 15:08:00,8085.5,8090.6,8083.9,8090.5,14.32183961
2019-11-21 15:07:00,8077.7,8085.6,8077.7,8085.6,15.42234341
2019-11-21 15:06:00,8080.7,8080.7,8076.6,8077.7,9.65590805
2019-11-21 15:05:00,8080.7,8080.7,8080.6,8080.7,1.79259001
2019-11-21 15:04:00,8083.1,8083.2,8076.3,8080.7,29.27585376
2019-11-21 15:03:00,8086.5,8086.5,8082.8,8083.2,2.70637048
2019-11-21 15:02:00,8087.8,8087.8,8086.5,8086.6,1.21261407
2019-11-21 15:01:00,8093.5,8093.5,8087.8,8087.8,6.25884435
2019-11-21 15:00:00,8093.7,8093.7,8093.6,8093.6,2.28834303
2019-11-21 14:59:00,8090,8093.8,8089.5,8093.6,13.02241262
2019-11-21 14:58:00,8087.7,8089.5,8087.6,8089.5,29.44215037
2019-11-21 14:57:00,8092.2,8092.2,8088.3,8088.3,40.40372527
2019-11-21 14:56:00,8094,8094,8091.3,8091.3,45.66600388
2019-11-21 14:55:00,8095,8095.1,8093.9,8093.9,0.72588747
2019-11-21 14:54:00,8096.4,8096.4,8095,8095,0.39694494
2019-11-21 14:53:00,8096.4,8096.4,8096.4,8096.4,0.0266388
2019-11-21 14:52:00,8096.4,8096.5,8096.4,8096.4,0.25500278
2019-11-21 14:51:00,8099.7,8099.7,8096.4,8096.4,6.30518667
2019-11-21 14:50:00,8094.3,8099.7,8094.3,8099.7,1.01353325
2019-11-21 14:49:00,8091.6,8094.4,8091.6,8094.4,3.08019082
2019-11-21 14:48:00,8087.5,8094.9,8087.5,8091.7,15.88711584
2019-11-21 14:47:00,8087.7,8087.7,8087.4,8087.4,0.27591913
2019-11-21 14:46:00,8085.8,8088.3,8085.8,8087.7,3.73553985
2019-11-21 14:45:00,8085.8,8085.8,8085.7,8085.8,4.56489825
2019-11-21 14:44:00,8085.8,8085.8,8085.7,8085.8,1.29436323
2019-11-21 14:43:00,8088,8088,8085.7,8085.7,1.79733762
2019-11-21 14:42:00,8090.2,8090.2,8087.9,8087.9,5.03354298
2019-11-21 14:41:00,8089,8090.2,8087,8090.2,8.76364977
2019-11-21 14:40:00,8096,8096,8089,8089,6.5933797
2019-11-21 14:39:00,8093.9,8096.3,8093.9,8096,3.232183
2019-11-21 14:38:00,8098.4,8098.4,8093.9,8093.9,4.04037257
2019-11-21 14:37:00,8100.1,8100.1,8098.4,8098.4,5.30975779
2019-11-21 14:36:00,8101.2,8101.2,8099.6,8100.6,1.48255185
2019-11-21 14:35:00,8099.6,8101.4,8099.6,8101.3,3.30095508
2019-11-21 14:34:00,8096.6,8099.6,8096.5,8099.6,21.95756357
2019-11-21 14:33:00,8097,8097.1,8095.7,8096.6,19.06512322
2019-11-21 14:32:00,8095.8,8097.2,8095.8,8097.1,16.81955245
2019-11-21 14:31:00,8097.3,8097.3,8095.2,8095.6,7.7149006
2019-11-21 14:30:00,8093,8097.5,8093,8097.3,11.08095545
2019-11-21 14:29:00,8093,8093,8092.3,8092.8,12.59442699
2019-11-21 14:28:00,8095.5,8095.5,8093,8093,19.13387562
2019-11-21 14:27:00,8095.2,8096.6,8094.7,8094.8,9.42270929
2019-11-21 14:26:00,8092.5,8097,8092.3,8095.2,11.12233539
2019-11-21 14:25:00,8093.9,8094.6,8090.4,8092.6,12.73428828
2019-11-21 14:24:00,8097.4,8097.4,8093.8,8093.9,8.13196013
2019-11-21 14:23:00,8100.3,8100.3,8092.4,8097.3,10.18701351
2019-11-21 14:22:00,8102.9,8103,8100.3,8100.3,6.62382167
2019-11-21 14:21:00,8103,8103,8103,8103,0.13204822
2019-11-21 14:20:00,8105.5,8105.5,8102.9,8102.9,3.23352369
2019-11-21 14:19:00,8106.9,8106.9,8104.8,8104.8,2.35342668
2019-11-21 14:18:00,8107.9,8107.9,8106.1,8106.9,6.55116342
2019-11-21 14:17:00,8108.1,8108.1,8107.9,8108,5.70933617
2019-11-21 14:16:00,8107,8108.1,8107,8108.1,2.4474742
2019-11-21 14:15:00,8102.2,8107,8102.1,8107,22.3486979
2019-11-21 14:14:00,8107.2,8107.2,8102.1,8102.1,2.2793877
2019-11-21 14:13:00,8108.8,8108.9,8105.6,8106.1,7.96089309
2019-11-21 14:12:00,8110.1,8110.1,8108.3,8108.9,17.21052867
2019-11-21 14:11:00,8113,8113,8110.1,8110.2,3.56802159
2019-11-21 14:10:00,8112.3,8114.6,8112.3,8114.5,6.58972925
2019-11-21 14:09:00,8114.5,8114.5,8112.3,8112.4,1.2083722
2019-11-21 14:08:00,8115.9,8115.9,8114.1,8114.4,1.22795436
2019-11-21 14:07:00,8118.4,8118.4,8116.2,8116.2,5.27538551
2019-11-21 14:06:00,8118.5,8118.5,8117.3,8118.4,2.61236858
2019-11-21 14:05:00,8120.9,8120.9,8118.4,8118.4,3.10506184
2019-11-21 14:04:00,8123.2,8123.2,8119.3,8120.9,5.139509
2019-11-21 14:03:00,8117.2,8123.2,8117.2,8123.2,6.19694527
2019-11-21 14:02:00,8121.3,8121.3,8117.2,8117.2,5.64767876
2019-11-21 14:01:00,8124.8,8124.8,8121.3,8121.3,4.7767403
2019-11-21 14:00:00,8124.4,8125.6,8124.4,8124.8,7.20431979
2019-11-21 13:59:00,8121.4,8124.1,8121.4,8124.1,1.82952719
2019-11-21 13:58:00,8122.3,8122.3,8121.3,8121.3,0.19353816
2019-11-21 13:57:00,8120.1,8122,8120.1,8122,0.7936713
2019-11-21 13:56:00,8119,8120.5,8119,8119.8,2.40467812
2019-11-21 13:55:00,8121.1,8121.1,8119.9,8119.9,0.52815983
2019-11-21 13:54:00,8119.1,8121.1,8119.1,8121,4.36758885
2019-11-21 13:53:00,8119,8119.1,8119,8119,0.05310962
2019-11-21 13:52:00,8120.8,8120.8,8118.6,8119.1,1.21344599
2019-11-21 13:51:00,8120.8,8120.9,8120.8,8120.8,0.87775215
2019-11-21 13:50:00,8119.7,8123.6,8119.7,8120.7,14.17250608
2019-11-21 13:49:00,8118.1,8119.7,8118.1,8119.7,0.58358203
2019-11-21 13:48:00,8115.2,8117.5,8115.2,8117.5,3.77787432
2019-11-21 13:47:00,8110.9,8115.3,8110.9,8115.3,1.26246941
2019-11-21 13:46:00,8112.9,8112.9,8110.5,8110.9,14.58126054
2019-11-21 13:45:00,8112.9,8113,8112.9,8112.9,0.21691287
2019-11-21 13:44:00,8114.8,8114.8,8113.6,8113.6,1.1898829
2019-11-21 13:43:00,8114.9,8114.9,8114.8,8114.8,5.8299943
2019-11-21 13:42:00,8114.2,8115.9,8114.2,8115.7,6.10852132
2019-11-21 13:41:00,8112.9,8114.2,8112.9,8114.2,3.45211984
2019-11-21 13:40:00,8112.9,8112.9,8112.8,8112.8,0.03420439
2019-11-21 13:39:00,8112.9,8112.9,8112.8,8112.8,0.68557693
2019-11-21 13:38:00,8111.6,8112.1,8111.6,8112.1,1.28042687
2019-11-21 13:37:00,8111,8111.1,8111,8111.1,0.77897895
2019-11-21 13:36:00,8111,8111,8111,8111,0.01256458
2019-11-21 13:35:00,8110.7,8111.1,8110.6,8111.1,0.4164688
2019-11-21 13:34:00,8110.5,8110.9,8110.4,8110.6,5.206726
2019-11-21 13:33:00,8110.6,8110.6,8110.4,8110.5,0.27677599
2019-11-21 13:32:00,8110.4,8111.9,8110.4,8110.7,2.98145694
2019-11-21 13:31:00,8108.7,8111.2,8108.7,8110.4,16.87444169
2019-11-21 13:30:00,8108.6,8108.6,8108.6,8108.6,1.69988196
2019-11-21 13:29:00,8109.4,8109.4,8108.6,8108.6,0.72793106
2019-11-21 13:28:00,8110.8,8110.8,8109.4,8109.4,0.46715025
2019-11-21 13:27:00,8110.9,8110.9,8110.8,8110.9,2.67399288
2019-11-21 13:26:00,8111.6,8111.6,8110.8,8110.8,0.51556708
2019-11-21 13:25:00,8113.8,8113.8,8111.6,8111.6,1.07010323
2019-11-21 13:24:00,8114.9,8114.9,8113.8,8113.9,16.75624014
2019-11-21 13:23:00,8116.1,8116.1,8114.9,8115,0.93066177
2019-11-21 13:22:00,8116,8116.1,8116,8116.1,0.5814777
2019-11-21 13:21:00,8113.3,8116,8113.3,8116,17.2590079
2019-11-21 13:20:00,8114.8,8114.9,8113.2,8113.3,4.34002015
2019-11-21 13:19:00,8114.9,8115,8114.8,8114.9,2.99928422
2019-11-21 13:18:00,8114.4,8114.8,8114.4,8114.8,1.74122422
2019-11-21 13:17:00,8111.2,8114.4,8111.2,8114.3,5.40096187
2019-11-21 13:16:00,8111.4,8111.4,8111.2,8111.3,3.76245411
2019-11-21 13:15:00,8110.7,8111.4,8110.7,8111.3,5.45238782
2019-11-21 13:14:00,8111.6,8111.6,8110.4,8110.8,4.28613812
2019-11-21 13:13:00,8111.7,8111.7,8111.6,8111.6,3.5460617
2019-11-21 13:12:00,8112.3,8112.3,8111.9,8112.2,3.05090448
2019-11-21 13:11:00,8112.3,8112.3,8112.2,8112.3,0.86306491
2019-11-21 13:10:00,8114.2,8115,8112.4,8112.4,5.70670054
2019-11-21 13:09:00,8111.9,8114.2,8111.8,8114.2,3.87068896
2019-11-21 13:08:00,8110.4,8111.6,8110.4,8111.6,2.80413902
2019-11-21 13:07:00,8111.5,8111.5,8109.4,8109.8,3.3596427
2019-11-21 13:06:00,8111.8,8111.8,8110.5,8111.4,10.0044708
2019-11-21 13:05:00,8110.4,8111.8,8110.4,8111.8,7.85486453
2019-11-21 13:04:00,8111.9,8111.9,8110.4,8110.4,6.69611821
2019-11-21 13:03:00,8111.1,8112.4,8109.9,8112,6.75157197
2019-11-21 13:02:00,8111.4,8111.5,8111.1,8111.1,1.01396381
2019-11-21 13:01:00,8107.7,8111.1,8107.7,8111.1,0.69029033
2019-11-21 13:00:00,8112.3,8112.3,8108.4,8108.4,0.41016666
2019-11-21 12:59:00,8109.4,8112.4,8109.4,8112.4,3.15677715
2019-11-21 12:58:00,8111.5,8112,8109.5,8109.9,3.03588819
2019-11-21 12:57:00,8112.2,8112.2,8107.8,8111.6,21.66896861
2019-11-21 12:56:00,8112.2,8112.2,8110.3,8112.2,2.22202825
2019-11-21 12:55:00,8113.4,8113.5,8113.4,8113.4,0.0724249
2019-11-21 12:54:00,8114.1,8114.1,8113.4,8113.5,4.30979785
2019-11-21 12:53:00,8115.2,8116,8114.5,8114.5,4.48028307
2019-11-21 12:52:00,8113.5,8115.3,8113.4,8115.3,7.56244303
2019-11-21 12:51:00,8117.6,8117.6,8112.7,8113.7,53.27758233
2019-11-21 12:50:00,8120.8,8120.8,8117.7,8117.7,1.94233291
2019-11-21 12:49:00,8117.3,8120.8,8117.2,8120.7,5.61735882
2019-11-21 12:48:00,8117.3,8117.3,8117.2,8117.3,4.37304912
2019-11-21 12:47:00,8116.4,8117.3,8116.3,8117.2,3.16589741
2019-11-21 12:46:00,8114.7,8115.5,8114.6,8115.5,3.91335832
2019-11-21 12:45:00,8116.7,8116.8,8114.6,8114.6,22.97594098
2019-11-21 12:44:00,8116.7,8116.8,8116.7,8116.8,4.82912543
2019-11-21 12:43:00,8116.2,8116.8,8114.4,8116.8,5.46806692
2019-11-21 12:42:00,8114.4,8116.4,8114.4,8116.3,2.66822181
2019-11-21 12:41:00,8116.4,8116.4,8112.4,8113.6,2.72825354
2019-11-21 12:40:00,8112.3,8116.4,8112.3,8116.4,69.91697384
2019-11-21 12:39:00,8111.6,8112.4,8111.5,8112.4,0.26114691
2019-11-21 12:38:00,8113,8113.1,8112.3,8112.3,2.8115159
2019-11-21 12:37:00,8114,8114,8113,8113.1,7.08834878
2019-11-21 12:36:00,8113.9,8113.9,8113.9,8113.9,0.01720282
2019-11-21 12:35:00,8114,8114,8114,8114,0.22958165
2019-11-21 12:34:00,8116.4,8116.4,8114.2,8114.2,6.80308954
2019-11-21 12:33:00,8113.6,8116.3,8113.6,8116.3,3.35902634
2019-11-21 12:32:00,8113.7,8113.7,8113.6,8113.6,2.89433948
2019-11-21 12:31:00,8110.4,8113.6,8110.4,8113.6,9.99057592
2019-11-21 12:30:00,8106.1,8110.4,8106.1,8110.3,3.49323614
2019-11-21 12:29:00,8110.3,8110.3,8105.5,8106.1,36.7785825
2019-11-21 12:28:00,8105.5,8110.4,8105.5,8110.4,5.30428329
2019-11-21 12:27:00,8105.4,8105.5,8105.4,8105.5,0.42165411
2019-11-21 12:26:00,8106.3,8106.4,8103.5,8104.4,11.61371567
2019-11-21 12:25:00,8101.9,8107.1,8080,8106.4,518.00083172
2019-11-21 12:24:00,8111.6,8111.6,8101.8,8101.8,29.28501367
2019-11-21 12:23:00,8111.7,8111.7,8111.6,8111.7,0.05549264
2019-11-21 12:22:00,8112.3,8112.3,8111.7,8111.7,0.26679686
2019-11-21 12:21:00,8113,8113,8112.2,8112.2,2.14914886
2019-11-21 12:20:00,8116.3,8116.3,8112.9,8113,7.46901204
2019-11-21 12:19:00,8116.3,8116.4,8114.8,8116.3,36.49265188
2019-11-21 12:18:00,8118.2,8118.2,8116.1,8116.1,4.25085418
2019-11-21 12:17:00,8115.9,8117.7,8115.9,8117.7,1.03076361
2019-11-21 12:16:00,8117.4,8117.4,8115.8,8115.8,1.73530718
2019-11-21 12:15:00,8115.6,8117.6,8115.6,8117.5,2.45056948
2019-11-21 12:14:00,8113.4,8115.3,8113.4,8115.3,0.8704635
2019-11-21 12:13:00,8114.3,8114.3,8113.4,8113.4,2.44591125
2019-11-21 12:12:00,8111.6,8114.4,8111.6,8114.4,2.29680889
2019-11-21 12:11:00,8113.5,8113.5,8110.3,8111.6,10.38693076
2019-11-21 12:10:00,8115.5,8115.5,8113.5,8113.6,1.83340204
2019-11-21 12:09:00,8115.1,8115.5,8115.1,8115.4,1.92196459
2019-11-21 12:08:00,8115.8,8115.8,8115.1,8115.2,4.54628745
2019-11-21 12:07:00,8120.4,8120.4,8115.1,8115.7,23.99578015
2019-11-21 12:06:00,8120.3,8120.4,8120.3,8120.4,0.78062553
2019-11-21 12:05:00,8120.1,8121.3,8120,8120.8,7.16542818
2019-11-21 12:04:00,8121.6,8121.7,8120.1,8120.1,3.9073787
2019-11-21 12:03:00,8126.6,8126.6,8121.5,8121.6,9.43551933
2019-11-21 12:02:00,8128.1,8128.1,8126.5,8126.5,7.14468113
2019-11-21 12:01:00,8126.5,8128.1,8126.5,8128,3.94459916
2019-11-21 12:00:00,8125.5,8127.1,8125.5,8126.5,5.39336246
2019-11-21 11:59:00,8123.4,8125.4,8122.3,8125.4,4.32355518
2019-11-21 11:58:00,8120.2,8123.5,8120.2,8123.4,4.82791851
2019-11-21 11:57:00,8124.5,8124.5,8120.1,8120.2,2.25554174
2019-11-21 11:56:00,8123.8,8147.8,8123.8,8124.5,211.21113489
2019-11-21 11:55:00,8124.4,8126.4,8123.8,8123.9,10.01036936
2019-11-21 11:54:00,8130.6,8133.2,8124.4,8124.5,22.53362445
2019-11-21 11:53:00,8122.3,8130.4,8122.3,8130.4,25.0835696
2019-11-21 11:52:00,8123.9,8124,8118.4,8122.3,18.19389026
2019-11-21 11:51:00,8115.3,8124,8115.3,8124,17.75283303
2019-11-21 11:50:00,8111.9,8115,8111.9,8115,13.96654818
2019-11-21 11:49:00,8110.9,8111.9,8110.8,8111.8,6.62498856
2019-11-21 11:48:00,8111.5,8111.5,8110.8,8110.8,4.7556742
2019-11-21 11:47:00,8111.4,8111.5,8111.4,8111.5,5.58063435
2019-11-21 11:46:00,8113.2,8113.2,8111.4,8111.4,15.09656794
2019-11-21 11:45:00,8110,8112.4,8110,8112.4,6.54782135
2019-11-21 11:44:00,8107.1,8109.9,8107,8109.9,14.20166561
2019-11-21 11:43:00,8107.5,8107.9,8107,8107,2.00637487
2019-11-21 11:42:00,8107,8107.4,8106.6,8107.4,3.86867955
2019-11-21 11:41:00,8105.5,8107.1,8105.5,8107,4.30063483
2019-11-21 11:40:00,8105.4,8105.5,8105.4,8105.4,1.75515613
2019-11-21 11:39:00,8105,8105,8104.5,8104.6,1.45303961
2019-11-21 11:38:00,8105.6,8105.6,8104.9,8104.9,1.67939828
2019-11-21 11:37:00,8105.7,8105.7,8105.6,8105.6,1.31225438
2019-11-21 11:36:00,8104.2,8105.8,8104.2,8105.8,6.45554649
2019-11-21 11:35:00,8101.9,8103.5,8101.9,8103.5,9.65816477
2019-11-21 11:34:00,8101.9,8102,8101.9,8101.9,0.36571851
2019-11-21 11:33:00,8101.9,8101.9,8101.8,8101.9,0.20023459
2019-11-21 11:32:00,8100.1,8101.8,8099.4,8100.4,3.29681254
2019-11-21 11:31:00,8104.2,8104.2,8100.4,8100.4,18.87236055
2019-11-21 11:30:00,8107.9,8107.9,8104.6,8104.6,1.7833226
2019-11-21 11:29:00,8110.3,8110.3,8107.9,8108,9.3789478
2019-11-21 11:28:00,8112.2,8112.2,8110.3,8110.3,1.76393279
2019-11-21 11:27:00,8112.4,8112.4,8112.3,8112.3,0.28317685
2019-11-21 11:26:00,8110.5,8111.5,8110.4,8111.5,0.95598867
2019-11-21 11:25:00,8111.6,8111.7,8110.4,8110.4,3.15060019
2019-11-21 11:24:00,8111.9,8112.3,8111.6,8111.6,1.27045797
2019-11-21 11:23:00,8106.2,8111.8,8106.2,8111.8,4.7488433
2019-11-21 11:22:00,8106.2,8107,8106.1,8106.1,0.87310811
2019-11-21 11:21:00,8106.3,8106.3,8104.3,8106.2,8.84576591
2019-11-21 11:20:00,8107.1,8107.2,8106.3,8106.3,0.29716097
2019-11-21 11:19:00,8105.5,8107.2,8105.5,8107.1,5.48217042
2019-11-21 11:18:00,8103.8,8105.5,8103.8,8105.5,2.84284606
2019-11-21 11:17:00,8102.4,8103.8,8102.4,8103.8,1.31315267
2019-11-21 11:16:00,8104.3,8104.4,8103.1,8103.1,2.15977713
2019-11-21 11:15:00,8102.1,8104.4,8102.1,8104.4,2.70115712
2019-11-21 11:14:00,8105.4,8105.5,8101.8,8102,14.47449935
2019-11-21 11:13:00,8105.4,8105.5,8103.7,8105.5,5.18233719
2019-11-21 11:12:00,8107.9,8107.9,8105.4,8105.5,3.64969939
2019-11-21 11:11:00,8110.6,8110.6,8107.8,8107.9,6.58945469
2019-11-21 11:10:00,8111.5,8111.5,8110.5,8110.5,4.58877684
2019-11-21 11:09:00,8112.3,8112.3,8111.4,8111.4,1.0537514
2019-11-21 11:08:00,8114.2,8114.2,8112.1,8112.3,3.22743789
2019-11-21 11:07:00,8114.5,8115.5,8114.2,8114.2,1.02747804
2019-11-21 11:06:00,8116.2,8116.2,8114.4,8114.5,20.67883364
2019-11-21 11:05:00,8115.5,8117.3,8115.5,8116.1,3.10936242
2019-11-21 11:04:00,8116.3,8116.4,8115.5,8115.5,11.60161507
2019-11-21 11:03:00,8116.4,8116.4,8116.3,8116.3,0.57912662
2019-11-21 11:02:00,8119.5,8119.5,8116.4,8116.4,2.4664849
2019-11-21 11:01:00,8119.5,8119.6,8119.5,8119.5,1.50157358
2019-11-21 11:00:00,8119.6,8119.6,8119.5,8119.6,6.3056182
2019-11-21 10:59:00,8117,8119.6,8117,8119.5,3.4010765
2019-11-21 10:58:00,8116.3,8117.1,8116.3,8117.1,7.61193925
2019-11-21 10:57:00,8116.4,8116.4,8116.4,8116.4,0
2019-11-21 10:56:00,8116.3,8117.2,8116.3,8116.4,1.00905101
2019-11-21 10:55:00,8116.1,8116.3,8115.3,8116.2,9.17976813
2019-11-21 10:54:00,8115.5,8116.4,8115.5,8116.1,1.30305495
2019-11-21 10:53:00,8114.3,8118.2,8114.3,8115.5,6.43158136
2019-11-21 10:52:00,8113.9,8114.3,8113.9,8114.3,1.60059964
2019-11-21 10:51:00,8113.4,8114.8,8111.9,8114.3,3.7593
2019-11-21 10:50:00,8109.5,8113.4,8109.5,8113.4,4.53844649
2019-11-21 10:49:00,8109.1,8109.5,8107.9,8109.5,9.78194169
2019-11-21 10:48:00,8107.2,8109.2,8107.2,8109.2,6.44151676
2019-11-21 10:47:00,8107.3,8107.3,8106.6,8107.3,5.38850713
2019-11-21 10:46:00,8106.7,8107.3,8106.7,8106.8,3.41647869
2019-11-21 10:45:00,8105.9,8106.7,8105.9,8106.6,3.32489776
2019-11-21 10:44:00,8104.4,8105.9,8104.4,8105.9,1.85000078
2019-11-21 10:43:00,8104.4,8104.4,8104.3,8104.3,0.74245084
2019-11-21 10:42:00,8104.4,8104.4,8104.3,8104.4,0.69362556
2019-11-21 10:41:00,8108,8108,8104.3,8104.3,5.49399023
2019-11-21 10:40:00,8109.8,8109.8,8108.2,8108.2,1.55479789
2019-11-21 10:39:00,8110.2,8110.2,8110.1,8110.1,0.6219113
2019-11-21 10:38:00,8110.2,8110.3,8110.2,8110.2,0.02006253
2019-11-21 10:37:00,8109.5,8109.5,8108.3,8109.3,0.98138423
2019-11-21 10:36:00,8111.7,8111.7,8110.1,8110.3,0.57074638
2019-11-21 10:35:00,8110.4,8111.1,8110.4,8111.1,2.07723866
2019-11-21 10:34:00,8110.3,8111.2,8110.3,8110.4,3.49054
2019-11-21 10:33:00,8108.3,8110.4,8108.3,8110.4,0.60769152
2019-11-21 10:32:00,8110.6,8110.6,8108.2,8108.3,6.77566256
2019-11-21 10:31:00,8110.9,8111.6,8109.1,8110.6,21.3416687
2019-11-21 10:30:00,8110,8112.8,8110,8110.9,4.59501035
2019-11-21 10:29:00,8109.1,8110,8109.1,8110,0.87605152
2019-11-21 10:28:00,8108.1,8109.2,8107.4,8109.2,4.5196264
2019-11-21 10:27:00,8110.4,8110.4,8108.8,8108.8,16.47395275
2019-11-21 10:26:00,8109.4,8111.2,8109.4,8110.1,5.42489463
2019-11-21 10:25:00,8112,8112,8109.4,8109.5,4.62090541
2019-11-21 10:24:00,8115.8,8115.8,8112,8112,2.1139392
2019-11-21 10:23:00,8116.9,8118.1,8115.8,8115.8,3.58641181
2019-11-21 10:22:00,8118.4,8118.4,8116.7,8116.8,2.11818033
2019-11-21 10:21:00,8117.7,8118.4,8117.4,8118.4,1.62777842
2019-11-21 10:20:00,8117.6,8119.2,8117.5,8117.8,3.72645976
2019-11-21 10:19:00,8112.5,8117.6,8112.5,8117.6,1.80900246
2019-11-21 10:18:00,8113.5,8113.6,8112.6,8112.6,5.0347207
2019-11-21 10:17:00,8116.2,8116.2,8113.6,8113.6,15.40777447
2019-11-21 10:16:00,8117.4,8118.3,8116.2,8116.3,0.88891782
2019-11-21 10:15:00,8121.5,8121.5,8117.4,8117.5,9.03510481
2019-11-21 10:14:00,8122.3,8122.3,8121.4,8121.5,1.16751731
2019-11-21 10:13:00,8124.5,8127.5,8121.9,8121.9,11.33898448
2019-11-21 10:12:00,8120.2,8124.5,8120.2,8124.5,2.36353249
2019-11-21 10:11:00,8124,8124,8121.1,8121.1,2.71787627
2019-11-21 10:10:00,8118.1,8124,8118.1,8124,30.88263921
2019-11-21 10:09:00,8118.2,8118.3,8118.2,8118.2,1.64242654
2019-11-21 10:08:00,8118.1,8118.2,8115.4,8118.2,2.61408658
2019-11-21 10:07:00,8113.7,8118.1,8113.7,8118.1,1.87540716
2019-11-21 10:06:00,8114.3,8114.4,8113.7,8113.7,0.5306846
2019-11-21 10:05:00,8115.7,8115.7,8114.2,8114.2,2.36989547
2019-11-21 10:04:00,8116.2,8116.3,8116.2,8116.2,0.48803656
2019-11-21 10:03:00,8119.8,8120,8116.9,8116.9,6.51147468
2019-11-21 10:02:00,8117.1,8119.9,8114.6,8119.8,33.18111666
2019-11-21 10:01:00,8125.4,8125.4,8117.2,8117.2,18.65110478
2019-11-21 10:00:00,8124.4,8127.4,8124.4,8126.3,3.10113386
2019-11-21 09:59:00,8121.5,8127.5,8121.5,8125.4,7.0801825
2019-11-21 09:58:00,8122.7,8126.4,8121.6,8121.6,4.68872229
2019-11-21 09:57:00,8121.4,8130.3,8120.4,8122.7,44.06147661
2019-11-21 09:56:00,8122.9,8122.9,8118.5,8121.4,12.63108936
2019-11-21 09:55:00,8112.7,8123,8112.7,8122.8,32.3549693
2019-11-21 09:54:00,8112.4,8112.4,8111.1,8112.4,7.97506713
2019-11-21 09:53:00,8111.6,8113,8111.6,8112.4,3.45329093
2019-11-21 09:52:00,8113.9,8113.9,8110.2,8111.4,14.12013123
2019-11-21 09:51:00,8106.4,8113.9,8106.4,8113.8,14.64851708
2019-11-21 09:50:00,8108.5,8108.5,8106.3,8106.4,3.88603179
2019-11-21 09:49:00,8105.8,8108.9,8105.8,8108.4,21.20646129
2019-11-21 09:48:00,8106.5,8107.3,8105.8,8105.8,5.46944804
2019-11-21 09:47:00,8104.1,8106.5,8104.1,8106.4,9.90231293
2019-11-21 09:46:00,8103.9,8104.9,8103.4,8104.1,5.60776384
2019-11-21 09:45:00,8099.1,8103.9,8099,8103.9,10.65163331
2019-11-21 09:44:00,8099,8099.1,8098.2,8099.1,14.30087486
2019-11-21 09:43:00,8098.1,8099.1,8096,8099.1,22.66478624
2019-11-21 09:42:00,8099.1,8099.1,8098.1,8098.2,2.97919593
2019-11-21 09:41:00,8099.9,8099.9,8099,8099,8.67822485
2019-11-21 09:40:00,8099.8,8100,8098.3,8100,12.80145247
2019-11-21 09:39:00,8095.3,8100,8090.8,8099.9,48.74107158
2019-11-21 09:38:00,8098.6,8098.6,8095.3,8095.4,68.57660163
2019-11-21 09:37:00,8099.2,8099.2,8098.5,8098.5,8.21075543
2019-11-21 09:36:00,8099.1,8099.2,8099.1,8099.2,18.09352119
2019-11-21 09:35:00,8099.2,8099.3,8099,8099.2,48.79821816
2019-11-21 09:34:00,8099.1,8099.2,8098.3,8099.2,10.33931818
2019-11-21 09:33:00,8102.5,8102.8,8099.1,8099.1,30.88177345
2019-11-21 09:32:00,8103.4,8103.4,8102.4,8102.5,11.02920398
2019-11-21 09:31:00,8100.2,8104.5,8100.2,8103.4,18.48831378
2019-11-21 09:30:00,8098.2,8100.2,8098.1,8100.2,8.53506099
2019-11-21 09:29:00,8100.6,8101.4,8097.4,8098.2,10.78316178
2019-11-21 09:28:00,8099.9,8100.6,8099.9,8100.6,12.48265403
2019-11-21 09:27:00,8097.6,8100,8097.6,8100,24.74700328
2019-11-21 09:26:00,8096,8097.7,8095.9,8097.7,5.72383062
2019-11-21 09:25:00,8096.3,8098.4,8094.8,8095.9,45.68555721
2019-11-21 09:24:00,8096.2,8096.2,8096.2,8096.2,2.67539255
2019-11-21 09:23:00,8096.7,8096.8,8095.5,8096.3,2.2806884
2019-11-21 09:22:00,8099.5,8099.5,8096.7,8096.7,20.57946649
2019-11-21 09:21:00,8097.7,8099.5,8097.7,8099.5,11.65994813
2019-11-21 09:20:00,8101.4,8101.4,8098.4,8098.4,10.14359684
2019-11-21 09:19:00,8100,8101.4,8100,8101.3,7.52932441
2019-11-21 09:18:00,8097.6,8100,8097.6,8099.3,7.1197861
2019-11-21 09:17:00,8096.4,8097.6,8095.5,8097.6,1.23881381
2019-11-21 09:16:00,8099.5,8099.5,8095.4,8095.5,14.18453469
2019-11-21 09:15:00,8104.1,8104.1,8099.4,8099.5,1.27523622
2019-11-21 09:14:00,8104.1,8104.2,8104.1,8104.2,0.08785554
2019-11-21 09:13:00,8104.1,8104.2,8104.1,8104.1,0.06424731
2019-11-21 09:12:00,8104.4,8104.7,8104.1,8104.1,4.51014063
2019-11-21 09:11:00,8103.9,8104.5,8103.9,8104.4,8.62392101
2019-11-21 09:10:00,8103.9,8103.9,8103.8,8103.9,0.42329731
2019-11-21 09:09:00,8104.3,8105.4,8099.8,8103.9,52.26296061
2019-11-21 09:08:00,8105.9,8106.1,8104.3,8104.3,17.24400027
2019-11-21 09:07:00,8102.4,8105.9,8102.3,8105.9,22.99260859
2019-11-21 09:06:00,8104.9,8104.9,8100.6,8102.3,3.28551861
2019-11-21 09:05:00,8104.5,8105.1,8102.1,8103.4,7.15331632
2019-11-21 09:04:00,8099.5,8104.5,8099.5,8104.5,5.65018797
2019-11-21 09:03:00,8099.4,8099.4,8099.4,8099.4,1.20202107
2019-11-21 09:02:00,8099.5,8099.5,8099.4,8099.4,1.38829879
2019-11-21 09:01:00,8099.5,8099.5,8099.4,8099.4,0.01746623
2019-11-21 09:00:00,8099.9,8100.3,8099.4,8099.5,5.9041134
2019-11-21 08:59:00,8095.7,8099.9,8095.7,8099.8,7.08817632
2019-11-21 08:58:00,8095.4,8097.9,8094.7,8095.7,33.3579855
2019-11-21 08:57:00,8095.7,8095.8,8095.4,8095.7,0.07135402
2019-11-21 08:56:00,8096,8097.5,8095.8,8095.8,6.10326883
2019-11-21 08:55:00,8097.1,8097.1,8096.4,8096.4,2.78416624
2019-11-21 08:54:00,8096.4,8097.1,8096.4,8097,3.91035886
2019-11-21 08:53:00,8094.4,8096.2,8094.4,8095.7,1.16083485
2019-11-21 08:52:00,8093.4,8094.4,8093.3,8094.4,0.42257668
2019-11-21 08:51:00,8092.6,8093.4,8092.5,8093.3,3.61679377
2019-11-21 08:50:00,8091.6,8093.2,8091.6,8092.5,6.16277068
2019-11-21 08:49:00,8091.5,8091.6,8091.5,8091.6,0.22024044
2019-11-21 08:48:00,8089.6,8092.2,8089.6,8092,18.54225599
2019-11-21 08:47:00,8089.1,8089.2,8089,8089.2,2.13102816
2019-11-21 08:46:00,8089.5,8089.5,8085.6,8089,35.61519167
2019-11-21 08:45:00,8089.4,8091.3,8089.1,8089.5,8.30892421
2019-11-21 08:44:00,8089.5,8089.5,8089.4,8089.4,0.21743907
2019-11-21 08:43:00,8089.7,8089.7,8089.4,8089.4,0.11486835
2019-11-21 08:42:00,8088.3,8089.5,8088.3,8089.5,0.22870447
2019-11-21 08:41:00,8088.3,8088.3,8088.3,8088.3,0.0939
2019-11-21 08:40:00,8088.4,8088.4,8088.4,8088.4,0.20011462
2019-11-21 08:39:00,8087.5,8088.3,8087.5,8088.3,0.10270382
2019-11-21 08:38:00,8090.4,8090.5,8088.3,8088.3,9.49262011
2019-11-21 08:37:00,8092,8092,8090.4,8090.4,1.84303686
2019-11-21 08:36:00,8090.4,8092,8090.4,8092,0.22519207
2019-11-21 08:35:00,8090.1,8090.1,8089.4,8089.5,1.01353928
2019-11-21 08:34:00,8088.7,8090.2,8088.7,8090.1,8.58555466
2019-11-21 08:33:00,8090.3,8090.3,8088.6,8088.6,1.3601158
2019-11-21 08:32:00,8090.3,8090.4,8090.3,8090.4,1.05481216
2019-11-21 08:31:00,8087.5,8090.4,8087.4,8090.4,8.05444675
2019-11-21 08:30:00,8087.5,8087.5,8087.5,8087.5,0.102
2019-11-21 08:29:00,8087.5,8087.5,8087.5,8087.5,0.14416251
2019-11-21 08:28:00,8085.5,8087.5,8085.5,8087.5,6.99665385
2019-11-21 08:27:00,8083.4,8085.4,8083.4,8085.4,34.83650341
2019-11-21 08:26:00,8083.5,8083.5,8083.5,8083.5,0.00689929
2019-11-21 08:25:00,8085.4,8085.4,8083.4,8083.4,0.16917787
2019-11-21 08:24:00,8087.5,8087.5,8086.1,8086.1,1.56791921
2019-11-21 08:23:00,8087.5,8087.5,8087.4,8087.5,9.27837557
2019-11-21 08:22:00,8087.7,8087.7,8087.5,8087.5,5.48742072
2019-11-21 08:21:00,8087.8,8087.8,8087.7,8087.8,0.42790184
2019-11-21 08:20:00,8085.8,8087.8,8085.8,8087.7,0.77351873
2019-11-21 08:19:00,8084.7,8085.8,8084.6,8085.7,6.79175128
2019-11-21 08:18:00,8083.5,8084.7,8083.5,8084.6,4.5176902
2019-11-21 08:17:00,8085.4,8085.4,8084.9,8084.9,4.65413743
2019-11-21 08:16:00,8085.7,8085.7,8085.4,8085.5,0.12540699
2019-11-21 08:15:00,8088,8088.1,8085.7,8085.7,0.29982293
2019-11-21 08:14:00,8089.4,8089.4,8088,8088,0.17763871
2019-11-21 08:13:00,8093.3,8093.4,8089.4,8089.4,4.41850395
2019-11-21 08:12:00,8093.8,8093.8,8093.3,8093.3,7.59839038
2019-11-21 08:11:00,8093.4,8093.5,8093.3,8093.5,1.2449851
2019-11-21 08:10:00,8093.8,8093.8,8093.8,8093.8,0.01045661
2019-11-21 08:09:00,8094.6,8094.9,8093.8,8093.8,1.02278669
2019-11-21 08:08:00,8095.5,8095.5,8094.5,8094.5,0.60967852
2019-11-21 08:07:00,8097.6,8097.6,8095.4,8095.5,0.55018764
2019-11-21 08:06:00,8099.4,8099.4,8097.7,8097.7,1.33338994
2019-11-21 08:05:00,8097.4,8099.4,8097.4,8099.4,1.94323561
2019-11-21 08:04:00,8093.5,8097.7,8093.5,8097.4,1.89168549
2019-11-21 08:03:00,8095.4,8095.4,8093.4,8093.4,1.19009074
2019-11-21 08:02:00,8099.5,8099.5,8096,8096,14.60277286
2019-11-21 08:01:00,8099.5,8099.5,8099.5,8099.5,9.89519889
2019-11-21 08:00:00,8099.5,8099.6,8099.5,8099.5,2.26006609
2019-11-21 07:59:00,8098.7,8099.5,8098.7,8099.5,2.74389681
2019-11-21 07:58:00,8097.4,8098.7,8097.4,8098.6,4.71156355
2019-11-21 07:57:00,8097.3,8098.6,8097.3,8097.4,19.72493644
2019-11-21 07:56:00,8097.2,8097.4,8096,8096.4,42.29669244
2019-11-21 07:55:00,8095.8,8097.3,8095.8,8097.3,1.38477186
2019-11-21 07:54:00,8097.7,8097.7,8095.5,8095.8,0.58947572
2019-11-21 07:53:00,8095,8097.7,8095,8097.7,3.17920454
2019-11-21 07:52:00,8093.4,8095,8092.4,8094.9,3.03201857
2019-11-21 07:51:00,8095.5,8097.5,8093.5,8094.3,2.60911816
2019-11-21 07:50:00,8092.2,8094.4,8092.2,8094.4,6.24242027
2019-11-21 07:49:00,8092.1,8092.1,8092.1,8092.1,0.12125547
2019-11-21 07:48:00,8098.2,8098.2,8091.5,8093.1,66.01177611
2019-11-21 07:47:00,8096.5,8098.2,8096.5,8098.2,7.46197222
2019-11-21 07:46:00,8096.5,8097.4,8096.5,8096.5,8.51380446
2019-11-21 07:45:00,8094,8096.6,8094,8096.5,21.57151687
2019-11-21 07:44:00,8097.5,8097.5,8094,8094,15.66841496
2019-11-21 07:43:00,8094.1,8100.7,8094,8099.3,12.46264845
2019-11-21 07:42:00,8095.6,8095.6,8091.7,8094.1,0.76617182
2019-11-21 07:41:00,8087.5,8095.6,8087.5,8095.6,2.9564658
2019-11-21 07:40:00,8082.4,8087.4,8082.4,8087.4,4.14596445
2019-11-21 07:39:00,8079.4,8082.3,8079.4,8082.3,2.84287158
2019-11-21 07:38:00,8079.5,8079.5,8079.4,8079.5,1.06947939
2019-11-21 07:37:00,8078.4,8079.6,8078.4,8079.5,9.49746633
2019-11-21 07:36:00,8079.5,8079.6,8078.7,8078.7,4.70123308
2019-11-21 07:35:00,8080.4,8081.4,8079.5,8079.5,8.51022505
2019-11-21 07:34:00,8081.1,8081.1,8079.6,8080.3,22.00386503
2019-11-21 07:33:00,8082.3,8082.3,8081.1,8081.2,4.03112105
2019-11-21 07:32:00,8087.1,8087.2,8082.3,8082.3,11.59061473
2019-11-21 07:31:00,8088.1,8088.1,8087.1,8087.2,3.81056651
2019-11-21 07:30:00,8088,8091.4,8087.5,8088.1,7.21088993
2019-11-21 07:29:00,8086.5,8088.3,8086.5,8088,0.49458518
2019-11-21 07:28:00,8089.5,8089.5,8086.4,8086.4,3.74441754
2019-11-21 07:27:00,8089.5,8089.6,8089.4,8089.6,1.23422235
2019-11-21 07:26:00,8089.7,8089.7,8089.7,8089.7,0.54928083
2019-11-21 07:25:00,8087.4,8090.3,8087.4,8090.3,0.29611163
2019-11-21 07:24:00,8088.3,8088.3,8087.7,8087.7,0.81632363
2019-11-21 07:23:00,8088.4,8090.4,8088.3,8088.3,9.88157426
2019-11-21 07:22:00,8086.1,8088.3,8086.1,8088.3,0.956891
2019-11-21 07:21:00,8090.4,8093.6,8085.7,8085.7,8.56918569
2019-11-21 07:20:00,8090.1,8091.4,8089.5,8090.1,19.42219191
2019-11-21 07:19:00,8097.9,8098.3,8090.5,8090.5,6.42322188
2019-11-21 07:18:00,8091.7,8097.7,8091.7,8097.7,4.74512275
2019-11-21 07:17:00,8090.3,8093.1,8090.3,8091.8,6.39246123
2019-11-21 07:16:00,8087.4,8090.4,8085.8,8090.4,3.86196593
2019-11-21 07:15:00,8089.5,8089.5,8089.3,8089.3,0.47929359
2019-11-21 07:14:00,8085.6,8090.3,8085.6,8089.6,6.80521476
2019-11-21 07:13:00,8081.8,8085.7,8081.7,8085.7,1.32516897
2019-11-21 07:12:00,8079.8,8083,8079.8,8081.8,2.28740451
2019-11-21 07:11:00,8078.1,8079.8,8078.1,8079.7,0.5693843
2019-11-21 07:10:00,8078.7,8078.7,8077,8078.1,7.83055484
2019-11-21 07:09:00,8080,8080,8078.7,8078.8,4.08046369
2019-11-21 07:08:00,8081.6,8081.6,8080,8080,0.85052248
2019-11-21 07:07:00,8087.7,8087.7,8081.7,8081.7,2.23914416
2019-11-21 07:06:00,8085.1,8087.8,8085.1,8087.7,3.56458915
2019-11-21 07:05:00,8082.1,8085,8082.1,8085,3.22710785
2019-11-21 07:04:00,8081.1,8082.4,8080,8081.5,3.00056126
2019-11-21 07:03:00,8088.1,8088.8,8081,8081,13.84259174
2019-11-21 07:02:00,8088,8088,8088,8088,0.61107889
2019-11-21 07:01:00,8088.2,8088.2,8088,8088,1.20065143
2019-11-21 07:00:00,8090.3,8090.3,8088.2,8088.2,2.81685584
2019-11-21 06:59:00,8090.2,8090.3,8090.2,8090.3,0.77254399
2019-11-21 06:58:00,8090.3,8090.4,8090.2,8090.2,0.42428494
2019-11-21 06:57:00,8090.4,8090.4,8090.4,8090.4,0.06228333
2019-11-21 06:56:00,8089.7,8090.4,8089.5,8090.4,7.43273168
2019-11-21 06:55:00,8089.8,8090,8089.8,8089.8,1.02679485
2019-11-21 06:54:00,8090,8090,8089.8,8089.8,0.81594788
2019-11-21 06:53:00,8092.8,8093.4,8090.2,8090.2,1.4430106
2019-11-21 06:52:00,8094,8094,8091.7,8092.7,6.43999095
2019-11-21 06:51:00,8095.5,8095.5,8094,8094,0.88619104
2019-11-21 06:50:00,8100.2,8100.2,8095.4,8095.4,1.40785155
2019-11-21 06:49:00,8101.9,8101.9,8100.2,8100.2,1.97858673
2019-11-21 06:48:00,8099,8101.9,8099,8101.9,4.00646921
2019-11-21 06:47:00,8098.2,8099.2,8098.2,8099.2,2.3139723
2019-11-21 06:46:00,8097.7,8099.5,8097.7,8098.5,1.33592783
2019-11-21 06:45:00,8097.3,8097.3,8097.3,8097.3,0
2019-11-21 06:44:00,8096.4,8097.3,8096.4,8097.3,3.25712425
2019-11-21 06:43:00,8096.5,8096.6,8096.1,8096.4,2.21080926
2019-11-21 06:42:00,8100.8,8100.8,8096.5,8096.5,3.17921611
2019-11-21 06:41:00,8105.8,8105.8,8100.7,8100.7,3.31858502
2019-11-21 06:40:00,8104.4,8105.8,8104.4,8105.8,1.47691705
2019-11-21 06:39:00,8102,8103.8,8102,8103.3,3.12804624
2019-11-21 06:38:00,8100.4,8100.4,8100.4,8100.4,0.02618986
2019-11-21 06:37:00,8100.4,8100.4,8100.4,8100.4,0.12488946
2019-11-21 06:36:00,8097.6,8100.3,8097.6,8100.3,2.0663845
2019-11-21 06:35:00,8091.5,8097.6,8091.5,8097.6,4.73125096
2019-11-21 06:34:00,8090.5,8091.5,8090.5,8091.5,1.91812689
2019-11-21 06:33:00,8090.4,8090.8,8090.4,8090.5,1.14072199
2019-11-21 06:32:00,8090.4,8090.4,8090.3,8090.4,0.22676936
2019-11-21 06:31:00,8091.5,8091.5,8090.3,8090.3,1.32394303
2019-11-21 06:30:00,8091.5,8091.5,8091.5,8091.5,0.32100736
2019-11-21 06:29:00,8087.5,8091.4,8087.5,8091.4,7.2429047
2019-11-21 06:28:00,8092.7,8092.7,8087.5,8087.5,2.75650437
2019-11-21 06:27:00,8096.3,8096.3,8092.6,8092.6,2.51140495
2019-11-21 06:26:00,8095.7,8096,8095.7,8096,1.4087038
2019-11-21 06:25:00,8095.6,8095.8,8095.6,8095.8,0.57663118
2019-11-21 06:24:00,8094.4,8094.4,8093.5,8094.4,1.20955404
2019-11-21 06:23:00,8095.4,8095.4,8093.4,8094.4,1.60112838
2019-11-21 06:22:00,8099.5,8099.5,8095.8,8095.8,1.38077379
2019-11-21 06:21:00,8100.4,8101.5,8099.8,8100.3,8.06313105
2019-11-21 06:20:00,8097.4,8099.9,8096,8099.9,9.4313454
2019-11-21 06:19:00,8097.4,8097.4,8097.4,8097.4,0.01525852
2019-11-21 06:18:00,8106.3,8106.3,8097.4,8097.4,3.69592078
2019-11-21 06:17:00,8111.4,8111.4,8106.5,8107.1,4.72618113
2019-11-21 06:16:00,8111.6,8111.6,8111.6,8111.6,0
2019-11-21 06:15:00,8113.5,8113.5,8111.6,8111.6,2.17924774
2019-11-21 06:14:00,8115.3,8115.4,8113.4,8113.4,1.40532436
2019-11-21 06:13:00,8116.3,8116.3,8115.3,8115.4,4.38964096
2019-11-21 06:12:00,8116.3,8116.3,8116.3,8116.3,0.03599238
2019-11-21 06:11:00,8114.4,8117.2,8114.4,8116.3,2.76280503
2019-11-21 06:10:00,8114.4,8114.4,8114.3,8114.3,0.07430106
2019-11-21 06:09:00,8114.3,8114.3,8113.5,8113.6,1.14803006
2019-11-21 06:08:00,8106.4,8114.4,8106.4,8114.3,1.50693148
2019-11-21 06:07:00,8114.9,8114.9,8106.2,8106.4,9.44006214
2019-11-21 06:06:00,8115.8,8115.9,8115.2,8115.2,4.76277177
2019-11-21 06:05:00,8112.2,8115.4,8111.5,8115.4,5.1219817
2019-11-21 06:04:00,8107.8,8112.4,8107.8,8112.2,7.00310459
2019-11-21 06:03:00,8108,8108,8107.8,8107.8,1.54304165
2019-11-21 06:02:00,8102.4,8109.1,8102.3,8108.7,10.53987038
2019-11-21 06:01:00,8098.4,8102.3,8098.4,8102.3,23.01900869
2019-11-21 06:00:00,8098.4,8098.4,8098.3,8098.4,0.42012176
2019-11-21 05:59:00,8097.9,8098.4,8097.9,8098.3,0.07626597
2019-11-21 05:58:00,8105.6,8105.6,8093.8,8097.7,22.13007769
2019-11-21 05:57:00,8109.9,8109.9,8106.3,8106.3,1.91646042
2019-11-21 05:56:00,8108.4,8109.5,8108.4,8109.5,0.07960812
2019-11-21 05:55:00,8098.9,8108.4,8098.9,8107.9,18.27945397
2019-11-21 05:54:00,8097.8,8099,8097.8,8099,6.73469052
2019-11-21 05:53:00,8089.8,8097.5,8089.8,8097.5,4.9378387
2019-11-21 05:52:00,8089.4,8089.4,8088.2,8089.3,1.32676046
2019-11-21 05:51:00,8084.2,8090.8,8084.2,8089.4,7.42144503
2019-11-21 05:50:00,8081.6,8084.2,8081.6,8083.4,1.99859969
2019-11-21 05:49:00,8079.5,8081.4,8079.5,8081.4,2.50747337
2019-11-21 05:48:00,8079.4,8079.4,8077.6,8079.4,2.98101059
2019-11-21 05:47:00,8079.4,8079.5,8079.4,8079.4,0.23059595
2019-11-21 05:46:00,8080,8080,8079.4,8079.4,0.0246355
2019-11-21 05:45:00,8081.4,8081.4,8080,8080,0.13708287
2019-11-21 05:44:00,8082.2,8082.2,8081.4,8081.4,0.21773515
2019-11-21 05:43:00,8084.2,8084.2,8082.2,8082.2,2.54761104
2019-11-21 05:42:00,8084.6,8084.6,8084.2,8084.2,0.18557271
2019-11-21 05:41:00,8085.8,8085.8,8084.5,8084.5,1.83318922
2019-11-21 05:40:00,8088.3,8088.3,8085.8,8085.9,5.41392748
2019-11-21 05:39:00,8090,8090,8088,8088.4,4.20923725
2019-11-21 05:38:00,8090.3,8091.2,8090.3,8091.2,0.55804868
2019-11-21 05:37:00,8091.6,8091.6,8091.4,8091.4,0.1703578
2019-11-21 05:36:00,8091.6,8091.7,8091.6,8091.7,0.02726523
2019-11-21 05:35:00,8091.6,8091.7,8091.6,8091.6,0.88726723
2019-11-21 05:34:00,8091.6,8091.6,8091.6,8091.6,0.00455304
2019-11-21 05:33:00,8091.7,8091.7,8091.7,8091.7,0
2019-11-21 05:32:00,8091.7,8091.7,8091.7,8091.7,0.02448772
2019-11-21 05:31:00,8091.6,8091.6,8091.6,8091.6,0.0028
2019-11-21 05:30:00,8090.6,8091.7,8090.5,8091.7,3.60957658
2019-11-21 05:29:00,8091.4,8091.4,8090.5,8090.5,1.90873635
2019-11-21 05:28:00,8091.4,8091.4,8091.4,8091.4,0
2019-11-21 05:27:00,8091.4,8091.4,8091.4,8091.4,0
2019-11-21 05:26:00,8091.4,8091.4,8091.4,8091.4,0.1037
2019-11-21 05:25:00,8092.2,8092.2,8091.4,8091.4,0.04723906
2019-11-21 05:24:00,8093.5,8093.5,8093.1,8093.1,0.41913392
2019-11-21 05:23:00,8089.2,8093.4,8088,8093.4,1.53957052
2019-11-21 05:22:00,8093.5,8093.5,8089.2,8089.3,3.28734645
2019-11-21 05:21:00,8092.4,8093.6,8092.4,8093.5,0.56764591
2019-11-21 05:20:00,8090.6,8091.5,8090.6,8091.5,0.94620532
2019-11-21 05:19:00,8087.5,8090.7,8087.5,8090.6,6.98233858
2019-11-21 05:18:00,8087.4,8087.5,8087.4,8087.5,0.0562173
2019-11-21 05:17:00,8087.4,8087.4,8087.4,8087.4,0.11326032
2019-11-21 05:16:00,8088.3,8088.3,8088.3,8088.3,0.02564336
2019-11-21 05:15:00,8088.4,8088.4,8088.4,8088.4,0.23000625
2019-11-21 05:14:00,8089.4,8089.4,8088.1,8088.4,0.40610865
2019-11-21 05:13:00,8089.4,8089.5,8089.4,8089.5,0.0159714
2019-11-21 05:12:00,8089.2,8089.2,8089.2,8089.2,0.06648307
2019-11-21 05:11:00,8087.4,8089.2,8087.4,8089.1,2.2538224
2019-11-21 05:10:00,8090,8090,8087.4,8087.4,10.07066061
2019-11-21 05:09:00,8090,8090,8090,8090,0.00743777
2019-11-21 05:08:00,8090.1,8090.2,8090,8090,0.62490965
2019-11-21 05:07:00,8091,8091,8091,8091,0
2019-11-21 05:06:00,8092.3,8092.3,8091,8091,0.57626012
2019-11-21 05:05:00,8090.1,8092.3,8090.1,8092.3,1.49767182
2019-11-21 05:04:00,8093.4,8093.4,8090,8090,3.45349872
2019-11-21 05:03:00,8095.4,8095.4,8093.4,8093.4,1.71001246
2019-11-21 05:02:00,8095.4,8095.4,8095.4,8095.4,0.2687
2019-11-21 05:01:00,8095.4,8095.4,8095.4,8095.4,0.0308
2019-11-21 05:00:00,8099.4,8099.4,8095.4,8095.4,1.60934051
2019-11-21 04:59:00,8095.5,8099.3,8095.5,8099.3,0.87940656
2019-11-21 04:58:00,8096.1,8096.1,8095.4,8095.4,3.37346436
2019-11-21 04:57:00,8092.4,8096.2,8092.4,8096.2,6.76007012
2019-11-21 04:56:00,8091.9,8092.4,8091.9,8092.3,0.25836438
2019-11-21 04:55:00,8093.6,8093.6,8091.8,8091.8,0.45221882
2019-11-21 04:54:00,8093.7,8093.8,8093.6,8093.7,0.7326398
2019-11-21 04:53:00,8090.3,8093.6,8090.3,8093.6,4.80665546
2019-11-21 04:52:00,8089.7,8090.4,8089.7,8090.3,3.68276146
2019-11-21 04:51:00,8084.3,8089.5,8084.3,8089.5,3.16774363
2019-11-21 04:50:00,8084.3,8084.3,8083.1,8084.3,2.40843847
2019-11-21 04:49:00,8084.3,8084.3,8084.3,8084.3,0.05
2019-11-21 04:48:00,8082.3,8084.4,8082.3,8084.3,0.54322759
2019-11-21 04:47:00,8081.5,8083.3,8081.4,8081.5,2.61270777
2019-11-21 04:46:00,8081.6,8081.6,8078.7,8081.2,12.8535383
2019-11-21 04:45:00,8084.3,8084.3,8081.4,8081.7,1.01587083
2019-11-21 04:44:00,8085.3,8085.3,8084.8,8084.9,1.94896986
2019-11-21 04:43:00,8086.3,8086.3,8084.4,8085.3,3.61719678
2019-11-21 04:42:00,8087.4,8087.4,8086,8086.1,5.35560275
2019-11-21 04:41:00,8089.4,8089.4,8087.4,8087.4,29.06999069
2019-11-21 04:40:00,8089.4,8089.4,8089.4,8089.4,0
2019-11-21 04:39:00,8088,8089.4,8087.5,8089.4,1.01827951
2019-11-21 04:38:00,8088.5,8089.2,8088,8088,3.36906687
2019-11-21 04:37:00,8090.7,8090.7,8088.4,8088.4,4.34722727
2019-11-21 04:36:00,8088.4,8092.6,8088.4,8091.3,2.16793428
2019-11-21 04:35:00,8081.5,8088.4,8081.5,8088.4,7.81505642
2019-11-21 04:34:00,8083.8,8083.8,8074.6,8081.5,28.32922146
2019-11-21 04:33:00,8083.8,8083.9,8080.8,8083.9,9.56491227
2019-11-21 04:32:00,8085,8085,8083.9,8083.9,6.61530566
2019-11-21 04:31:00,8087.4,8087.4,8084.8,8085,32.3332303
2019-11-21 04:30:00,8089.4,8089.4,8088,8088,0.11320052
2019-11-21 04:29:00,8090,8090,8089.4,8089.4,3.64792935
2019-11-21 04:28:00,8089.9,8090,8089.9,8090,3.06550484
2019-11-21 04:27:00,8094.4,8094.4,8089.9,8089.9,14.85267482
2019-11-21 04:26:00,8099.4,8099.4,8094.5,8094.5,7.71743601
2019-11-21 04:25:00,8099.5,8099.5,8099.5,8099.5,0.05389559
2019-11-21 04:24:00,8105.1,8105.1,8100,8100,17.33460611
2019-11-21 04:23:00,8102.4,8108.4,8102.4,8105.4,19.14918757
2019-11-21 04:22:00,8102.4,8102.4,8100.3,8101.4,1.3984729
2019-11-21 04:21:00,8096.4,8102.4,8096.4,8102.4,2.33847144
2019-11-21 04:20:00,8095.8,8096.4,8095.8,8096.4,2.90192016
2019-11-21 04:19:00,8095.6,8095.7,8095.6,8095.7,0.95827954
2019-11-21 04:18:00,8093.6,8095.8,8093.5,8095.6,10.33533809
2019-11-21 04:17:00,8091,8093.8,8091,8093.7,0.47428907
2019-11-21 04:16:00,8087.5,8091,8087.5,8091,1.37400298
2019-11-21 04:15:00,8088,8090.2,8087.8,8087.8,2.86431579
2019-11-21 04:14:00,8090.4,8092.3,8088,8088,3.01546176
2019-11-21 04:13:00,8087.7,8092,8087.7,8090.5,3.86656519
2019-11-21 04:12:00,8085.7,8086.4,8084.3,8086.4,0.74736311
2019-11-21 04:11:00,8085.7,8088.2,8085.4,8085.8,1.35684845
2019-11-21 04:10:00,8093.4,8093.4,8086,8086,10.07589439
2019-11-21 04:09:00,8091.1,8092.4,8089.8,8092.4,2.27385341
2019-11-21 04:08:00,8083.3,8091.2,8083.2,8091.2,5.73488097
2019-11-21 04:07:00,8081.5,8082.4,8079.4,8082.4,9.80307287
2019-11-21 04:06:00,8073,8081.1,8073,8081.1,11.4942363
2019-11-21 04:05:00,8077.9,8077.9,8072.2,8072.9,3.21610332
2019-11-21 04:04:00,8074,8077.6,8074,8077.5,2.60310361
2019-11-21 04:03:00,8074.9,8076,8070.6,8072.9,2.09850374
2019-11-21 04:02:00,8071.7,8074,8071.7,8074,2.58227447
2019-11-21 04:01:00,8071.5,8081.1,8071.5,8073.5,16.54794773
2019-11-21 04:00:00,8087.5,8087.6,8066.1,8071.4,53.44932339
2019-11-21 03:59:00,8085.6,8087.6,8085.6,8087.6,4.11261295
2019-11-21 03:58:00,8086.7,8086.7,8085.6,8085.7,0.71710124
2019-11-21 03:57:00,8090.9,8090.9,8086.7,8086.7,2.02859414
2019-11-21 03:56:00,8091.6,8091.6,8088.2,8089.6,2.2468054
2019-11-21 03:55:00,8091.6,8091.6,8091.6,8091.6,0.09278328
2019-11-21 03:54:00,8090.6,8092.1,8090.2,8091.6,1.56673376
2019-11-21 03:53:00,8093.4,8095,8091.7,8091.7,3.81232969
2019-11-21 03:52:00,8092.7,8092.7,8092.7,8092.7,0.47977532
2019-11-21 03:51:00,8092.6,8092.7,8092.6,8092.7,0.06605515
2019-11-21 03:50:00,8093.6,8093.6,8092.6,8092.6,4.39605255
2019-11-21 03:49:00,8089.3,8093.6,8085.4,8093.6,9.91946569
2019-11-21 03:48:00,8089.9,8090.8,8089.4,8089.4,0.460079
2019-11-21 03:47:00,8091,8091,8089.8,8089.8,1.22286779
2019-11-21 03:46:00,8094.6,8094.6,8089.8,8091.1,3.22377586
2019-11-21 03:45:00,8096.7,8096.7,8094.6,8094.6,1.09800138
2019-11-21 03:44:00,8096.8,8096.8,8096.8,8096.8,0.07308285
2019-11-21 03:43:00,8097.6,8098.8,8096.7,8096.7,1.2335621
2019-11-21 03:42:00,8093.6,8097.3,8093.6,8097.3,1.64600112
2019-11-21 03:41:00,8092.6,8093.6,8092.6,8093.5,4.30217329
2019-11-21 03:40:00,8095.6,8095.6,8092.7,8092.7,1.15401172
2019-11-21 03:39:00,8093.3,8095.6,8093.3,8095.6,0.97510066
2019-11-21 03:38:00,8097.5,8097.5,8091.4,8093.3,2.08302793
2019-11-21 03:37:00,8095.5,8096.5,8089.7,8096.5,3.0749911
2019-11-21 03:36:00,8102.6,8102.6,8095.1,8095.2,0.8831111
2019-11-21 03:35:00,8093.1,8103.5,8093.1,8102.6,11.86622441
2019-11-21 03:34:00,8091.5,8093.5,8091.5,8093.1,1.49878056
2019-11-21 03:33:00,8084.9,8091.6,8084.9,8091.6,3.07473512
2019-11-21 03:32:00,8080.5,8083.6,8079.4,8083.6,1.73563529
2019-11-21 03:31:00,8081.1,8081.1,8079.4,8080.5,1.54808283
2019-11-21 03:30:00,8084,8084.1,8081.1,8081.1,2.00355808
2019-11-21 03:29:00,8083.1,8084,8081.7,8084,0.81051085
2019-11-21 03:28:00,8081.1,8083.2,8081.1,8083.2,1.07506575
2019-11-21 03:27:00,8085.5,8086.5,8081.1,8081.1,3.39361022
2019-11-21 03:26:00,8077.8,8088.5,8077.8,8086.2,6.32977975
2019-11-21 03:25:00,8081.2,8081.2,8078,8078,0.60016357
2019-11-21 03:24:00,8078.8,8084.1,8078.8,8082.7,5.99866138
2019-11-21 03:23:00,8079.8,8079.9,8074.1,8078.7,35.75569703
2019-11-21 03:22:00,8080.7,8084.7,8079.3,8079.8,27.62337824
2019-11-21 03:21:00,8086.1,8086.1,8080.6,8080.7,2.12993872
2019-11-21 03:20:00,8083.2,8089.4,8080,8086.3,13.6807853
2019-11-21 03:19:00,8087.6,8090.6,8082.2,8083.2,7.7706824
2019-11-21 03:18:00,8091.6,8091.6,8080,8087.2,50.39628663
2019-11-21 03:17:00,8093.6,8093.6,8091.6,8091.6,1.53243766
2019-11-21 03:16:00,8098.1,8098.1,8093.5,8093.6,18.03035757
2019-11-21 03:15:00,8098.2,8098.2,8098.1,8098.1,3.3276186
2019-11-21 03:14:00,8101.5,8101.5,8095,8097.6,8.64385194
2019-11-21 03:13:00,8102.9,8102.9,8098.4,8101.8,2.53398423
2019-11-21 03:12:00,8107,8107.1,8102.1,8102.1,0.81334067
2019-11-21 03:11:00,8108.8,8108.8,8106.2,8107,12.19039882
2019-11-21 03:10:00,8108.3,8112.2,8108.3,8108.8,6.56154832
2019-11-21 03:09:00,8108.9,8109,8107,8108.3,0.75046194
2019-11-21 03:08:00,8105.5,8108.1,8103.7,8108.1,2.82191017
2019-11-21 03:07:00,8103.8,8105.6,8103.8,8105.5,0.66321378
2019-11-21 03:06:00,8103.4,8104.5,8102,8103.6,1.22224405
2019-11-21 03:05:00,8106,8107.4,8104.8,8104.8,1.19735211
2019-11-21 03:04:00,8103,8106.6,8102,8106,5.14063932
2019-11-21 03:03:00,8095.3,8103,8094.2,8102.9,8.75968748
2019-11-21 03:02:00,8098.8,8098.8,8093.8,8095.3,18.39466384
2019-11-21 03:01:00,8101.4,8101.4,8094.9,8098.5,6.79144922
2019-11-21 03:00:00,8105,8105,8098.8,8100.6,6.31492843
2019-11-21 02:59:00,8104.7,8105.1,8102,8105,4.13224461
2019-11-21 02:58:00,8101.2,8108.3,8099.8,8105.2,6.51662847
2019-11-21 02:57:00,8102.1,8103.5,8098.2,8101,18.86173324
2019-11-21 02:56:00,8113.9,8113.9,8098.4,8101.6,23.53547907
2019-11-21 02:55:00,8110.4,8116.3,8110.4,8115.2,5.70420716
2019-11-21 02:54:00,8111.4,8111.4,8105.1,8110.4,3.98972016
2019-11-21 02:53:00,8099.9,8111.7,8097.5,8111.4,9.02699452
2019-11-21 02:52:00,8099,8099.1,8095.3,8098.9,11.02218912
2019-11-21 02:51:00,8102.9,8102.9,8087.9,8098.9,168.87068086
2019-11-21 02:50:00,8105,8106.4,8102.9,8102.9,26.90867547
2019-11-21 02:49:00,8106.8,8106.8,8102.1,8105,14.55450163
2019-11-21 02:48:00,8109.9,8109.9,8103.4,8106.8,13.90180451
2019-11-21 02:47:00,8107.3,8110,8107.2,8109.9,2.62069305
2019-11-21 02:46:00,8094.3,8107.3,8092.8,8107.2,14.88962509
2019-11-21 02:45:00,8107,8107,8094.3,8094.3,25.31987923
2019-11-21 02:44:00,8110,8110,8097.6,8106.9,102.64099504
2019-11-21 02:43:00,8115.9,8117.3,8110,8110,5.04209309
2019-11-21 02:42:00,8115,8119,8112.1,8116,6.57614809
2019-11-21 02:41:00,8121.1,8122.4,8115,8115,12.78571269
2019-11-21 02:40:00,8119.9,8123,8115.2,8121.1,8.31325504
2019-11-21 02:39:00,8110.2,8122.4,8104,8120.3,64.62870304
2019-11-21 02:38:00,8117.3,8124.8,8104,8110.2,81.46762917
2019-11-21 02:37:00,8130.7,8131.3,8114.8,8116.8,61.86612619
2019-11-21 02:36:00,8129.4,8142.9,8129.4,8130.7,23.0324664
2019-11-21 02:35:00,8124.8,8141.4,8120.1,8129.4,152.61353808
2019-11-21 02:34:00,8162.4,8162.4,8122.5,8124.8,72.99273278
2019-11-21 02:33:00,8158.5,8164,8158.5,8162.4,21.47918377
2019-11-21 02:32:00,8165.4,8165.4,8158,8158.1,3.45186795
2019-11-21 02:31:00,8165.2,8167.4,8165.2,8165.6,10.19320856
2019-11-21 02:30:00,8169.9,8170,8164.1,8164.9,18.13487085
2019-11-21 02:29:00,8170.5,8170.5,8169.6,8169.9,5.27000075
2019-11-21 02:28:00,8179.3,8179.3,8169.5,8170.8,26.80787837
2019-11-21 02:27:00,8178.7,8178.7,8178.6,8178.7,0.07575534
2019-11-21 02:26:00,8174.5,8179.4,8174.5,8178.6,5.34300713
2019-11-21 02:25:00,8173.3,8175.3,8173.3,8174.4,0.41340215
2019-11-21 02:24:00,8177.9,8177.9,8172.4,8173.3,11.63395629
2019-11-21 02:23:00,8171.4,8181.4,8171.4,8178.4,18.23631459
2019-11-21 02:22:00,8169.7,8173.4,8169.1,8171.4,6.25250599
2019-11-21 02:21:00,8174.4,8175.4,8169.7,8169.7,10.09095357
2019-11-21 02:20:00,8172.4,8174.4,8170.6,8174.4,9.45442411
2019-11-21 02:19:00,8179.4,8179.4,8172.4,8172.4,11.86142942
2019-11-21 02:18:00,8180.8,8180.8,8171.5,8179.4,109.67310091
2019-11-21 02:17:00,8178.5,8183.4,8178.5,8180.9,6.95316665
2019-11-21 02:16:00,8192.4,8192.4,8178.4,8178.5,105.07504693
2019-11-21 02:15:00,8182.7,8193.1,8181.9,8192.5,18.45965635
2019-11-21 02:14:00,8181.4,8183.6,8179.5,8183.2,5.11780797
2019-11-21 02:13:00,8187.4,8187.7,8176.8,8181.4,18.39731535
2019-11-21 02:12:00,8185,8187,8181.8,8186.6,11.56843495
2019-11-21 02:11:00,8169.1,8193.6,8169.1,8185,35.67067727
2019-11-21 02:10:00,8182.8,8183.2,8170,8171.1,38.13197387
2019-11-21 02:09:00,8197.5,8197.5,8183.2,8183.2,21.2960847
2019-11-21 02:08:00,8189.2,8198.9,8189.2,8197.6,17.03420563
2019-11-21 02:07:00,8182,8197.7,8181.9,8189.2,42.6308617
2019-11-21 02:06:00,8206.8,8206.9,8182.4,8182.4,124.09766819
2019-11-21 02:05:00,8185.7,8231.8,8185.7,8206.8,472.8904267
2019-11-21 02:04:00,8168.7,8195,8168.6,8185.3,316.78865919
2019-11-21 02:03:00,8153.2,8170,8152,8168.7,81.2868971
2019-11-21 02:02:00,8148.5,8153.4,8148.4,8153.4,3.3439895
2019-11-21 02:01:00,8150.9,8156,8148.4,8148.4,65.18479042
2019-11-21 02:00:00,8145.9,8151.2,8145.9,8150.9,12.0315109
2019-11-21 01:59:00,8145.9,8145.9,8145.9,8145.9,0.56656635
2019-11-21 01:58:00,8145.8,8145.8,8145.8,8145.8,2.21163051
2019-11-21 01:57:00,8149.9,8150.1,8145.8,8145.8,16.70478132
2019-11-21 01:56:00,8146,8150,8146,8149.8,12.51537919
2019-11-21 01:55:00,8150.1,8150.1,8146.4,8146.4,2.83643501
2019-11-21 01:54:00,8145,8150.1,8145,8150.1,28.74117979
2019-11-21 01:53:00,8144.5,8145.1,8142.9,8145,2.75307713
2019-11-21 01:52:00,8143,8146.2,8143,8145,5.8999383
2019-11-21 01:51:00,8142.7,8143,8142.7,8143,0.67267987
2019-11-21 01:50:00,8141.1,8142.7,8141.1,8142.6,0.88523665
2019-11-21 01:49:00,8140.7,8141.1,8140.7,8141,0.17406054
2019-11-21 01:48:00,8138.2,8140.4,8138.1,8140.4,10.94742796
2019-11-21 01:47:00,8142.1,8142.1,8138.1,8138.1,0.76934318
2019-11-21 01:46:00,8144.1,8144.1,8141.1,8142.2,1.5387512
2019-11-21 01:45:00,8148.1,8148.2,8144.6,8144.6,3.95226854
2019-11-21 01:44:00,8144.6,8148.5,8144.6,8148.1,5.5071388
2019-11-21 01:43:00,8143,8144.7,8143,8144.6,5.78980035
2019-11-21 01:42:00,8146.1,8146.1,8143,8143,29.86489505
2019-11-21 01:41:00,8142.2,8146.1,8142.2,8146,11.42682596
2019-11-21 01:40:00,8142.8,8143,8142.1,8142.1,10.19286213
2019-11-21 01:39:00,8140.6,8142.8,8140.6,8142.8,0.78616509
2019-11-21 01:38:00,8140.1,8140.6,8139.7,8140.6,0.47807585
2019-11-21 01:37:00,8136.9,8140.1,8136.9,8140.1,3.03004134
2019-11-21 01:36:00,8139.9,8139.9,8138,8138,0.94605896
2019-11-21 01:35:00,8136.6,8140,8136.6,8140,39.58541817
2019-11-21 01:34:00,8132.9,8136.6,8132.9,8136.6,1.55928167
2019-11-21 01:33:00,8134.2,8134.2,8134.1,8134.1,8.19381688
2019-11-21 01:32:00,8134.2,8134.2,8134.2,8134.2,0.0033467
2019-11-21 01:31:00,8134.2,8134.2,8134.2,8134.2,0.18573879
2019-11-21 01:30:00,8138.2,8138.2,8134.2,8134.2,1.14817963
2019-11-21 01:29:00,8136.7,8138.2,8136.7,8138.2,2.28635878
2019-11-21 01:28:00,8139.2,8139.3,8136.9,8136.9,2.89910628
2019-11-21 01:27:00,8139,8139.3,8139,8139.2,1.84947927
2019-11-21 01:26:00,8137.8,8139,8137.8,8139,4.95400181
2019-11-21 01:25:00,8136.1,8137.9,8135.3,8137.9,11.12076808
2019-11-21 01:24:00,8136.9,8136.9,8136.2,8136.2,1.79335505
2019-11-21 01:23:00,8135.1,8137,8135.1,8137,1.19070408
2019-11-21 01:22:00,8136.4,8136.4,8135.1,8135.1,0.74154446
2019-11-21 01:21:00,8139.1,8139.1,8134.3,8136.4,18.16462202
2019-11-21 01:20:00,8138.6,8139.1,8138.2,8139,37.6639768
2019-11-21 01:19:00,8136.1,8137.8,8136.1,8137.8,1.00929194
2019-11-21 01:18:00,8132.6,8136.1,8132.6,8136.1,5.15428852
2019-11-21 01:17:00,8130.1,8132.5,8130.1,8132.5,5.3960297
2019-11-21 01:16:00,8128.6,8130.1,8128.6,8130.1,1.95789525
2019-11-21 01:15:00,8128.2,8130.2,8127,8128.2,2.56623553
2019-11-21 01:14:00,8128.9,8128.9,8128.1,8128.2,0.12082932
2019-11-21 01:13:00,8132.1,8132.2,8129.5,8129.5,2.08850107
2019-11-21 01:12:00,8133.1,8133.1,8133,8133,0.4168486
2019-11-21 01:11:00,8133.6,8133.6,8133,8133.1,1.49740055
2019-11-21 01:10:00,8134.1,8134.2,8133.5,8133.5,15.37905161
2019-11-21 01:09:00,8132.7,8135.1,8132.7,8134.2,18.33768486
2019-11-21 01:08:00,8133.1,8133.1,8132.7,8132.7,1.44774286
2019-11-21 01:07:00,8132.2,8132.7,8132.1,8132.7,1.42358097
2019-11-21 01:06:00,8126.5,8131.6,8126.5,8131.6,7.06143979
2019-11-21 01:05:00,8125,8126.5,8125,8126.5,0.21102802
2019-11-21 01:04:00,8124.1,8124.9,8124.1,8124.9,0.26772631
2019-11-21 01:03:00,8122.3,8124.1,8122.3,8124,3.24408322
2019-11-21 01:02:00,8123,8123,8122.2,8122.3,0.82140173
2019-11-21 01:01:00,8123.1,8123.1,8123,8123.1,0.06209438
2019-11-21 01:00:00,8121.5,8123.1,8121.5,8123.1,0.67299804
2019-11-21 00:59:00,8122.3,8122.3,8121.4,8121.5,3.42542164
2019-11-21 00:58:00,8122.2,8122.3,8122.2,8122.3,0.07976488
2019-11-21 00:57:00,8122.3,8122.3,8122.3,8122.3,0.0049
2019-11-21 00:56:00,8123,8123.1,8122.2,8122.2,21.862002
2019-11-21 00:55:00,8121.1,8123.1,8121.1,8123.1,1.62010916
2019-11-21 00:54:00,8122.1,8122.1,8120.6,8121.1,0.92073466
2019-11-21 00:53:00,8122.8,8122.9,8122.1,8122.1,1.45599763
2019-11-21 00:52:00,8122.2,8122.8,8122.2,8122.8,0.01040911
2019-11-21 00:51:00,8123.7,8123.7,8121.2,8122.1,3.99411264
2019-11-21 00:50:00,8123.1,8123.7,8123.1,8123.6,3.43227436
2019-11-21 00:49:00,8122,8123.1,8122,8123.1,0.72583297
2019-11-21 00:48:00,8119.1,8122,8119.1,8121.9,3.99475137
2019-11-21 00:47:00,8118,8118.3,8115.8,8118.3,9.64609268
2019-11-21 00:46:00,8119.1,8119.1,8118.1,8118.1,1.16342198
2019-11-21 00:45:00,8122.4,8122.4,8119.7,8119.7,3.60170969
2019-11-21 00:44:00,8120.9,8123.7,8120.9,8123.7,3.22327636
2019-11-21 00:43:00,8120.9,8121,8120.8,8120.8,2.10938164
2019-11-21 00:42:00,8121.1,8121.1,8117.9,8120.9,7.06220906
2019-11-21 00:41:00,8119.1,8121,8119.1,8121,1.27087633
2019-11-21 00:40:00,8118.6,8118.6,8117.4,8118.2,3.51833915
2019-11-21 00:39:00,8123,8123,8118.6,8118.7,1.69599049
2019-11-21 00:38:00,8119,8123.1,8119,8123.1,1.34352779
2019-11-21 00:37:00,8126.6,8126.6,8119.3,8119.3,18.02371855
2019-11-21 00:36:00,8128.1,8128.1,8126.5,8126.6,0.60993578
2019-11-21 00:35:00,8128.9,8128.9,8128.1,8128.1,4.85590557
2019-11-21 00:34:00,8132.1,8133.7,8128.8,8128.8,3.13341674
2019-11-21 00:33:00,8131.1,8132.5,8130.1,8132,5.13859312
2019-11-21 00:32:00,8134.9,8134.9,8127,8131.1,4.68337339
2019-11-21 00:31:00,8131.1,8135.1,8131.1,8135,3.6435957
2019-11-21 00:30:00,8124.5,8130.8,8124.5,8130.8,1.14562473
2019-11-21 00:29:00,8129.1,8129.1,8124.5,8124.5,15.86730011
2019-11-21 00:28:00,8129.1,8129.1,8129.1,8129.1,0.77221461
2019-11-21 00:27:00,8125.1,8129.1,8125.1,8129.1,1.49656265
2019-11-21 00:26:00,8125,8126.1,8125,8125.1,0.88540518
2019-11-21 00:25:00,8121,8124.4,8121,8124.4,1.53373326
2019-11-21 00:24:00,8118.2,8121,8118.2,8120.3,0.61762072
2019-11-21 00:23:00,8116.2,8118.1,8116.2,8118.1,2.27474839
2019-11-21 00:22:00,8114.4,8117.6,8114.2,8117.1,8.01898791
2019-11-21 00:21:00,8116.3,8116.4,8113.7,8114.4,7.73215484
2019-11-21 00:20:00,8117.1,8118.7,8116.2,8116.2,3.90770338
2019-11-21 00:19:00,8119,8119,8116.8,8117.1,10.37556284
2019-11-21 00:18:00,8120,8120,8118.9,8119,4.16973668
2019-11-21 00:17:00,8119.2,8120,8119.1,8120,4.52642319
2019-11-21 00:16:00,8120.7,8120.7,8119.1,8119.1,10.07092214
2019-11-21 00:15:00,8122.2,8123.1,8120.7,8120.7,4.66707491
2019-11-21 00:14:00,8125.6,8125.6,8122.1,8122.1,9.20180523
2019-11-21 00:13:00,8121.1,8125.8,8121.1,8125.5,24.36175834
2019-11-21 00:12:00,8125,8125,8121.1,8121.1,5.49883986
2019-11-21 00:11:00,8126.4,8127.1,8125,8125,44.66919928
2019-11-21 00:10:00,8122,8126.5,8121,8126.4,5.42432295
2019-11-21 00:09:00,8121.1,8123.1,8121.1,8122,9.16196992
2019-11-21 00:08:00,8117,8121.1,8117,8121.1,9.60991732
2019-11-21 00:07:00,8122.7,8125.1,8116.8,8116.9,14.73846207
2019-11-21 00:06:00,8123.1,8128.1,8122.6,8122.7,6.05287893
2019-11-21 00:05:00,8132.4,8132.4,8123,8123.1,10.65464637
2019-11-21 00:04:00,8141.3,8143.1,8132.4,8132.4,20.66851833
2019-11-21 00:03:00,8136.9,8142.6,8136.9,8142.1,16.56657577
2019-11-21 00:02:00,8132.2,8138.6,8132.2,8136.9,8.22082211
2019-11-21 00:01:00,8128.2,8132.1,8128.2,8132.1,34.1752839
2019-11-21 00:00:00,8125,8128.2,8124.9,8128.2,17.00709794
