2019-11-02 23:59:00,9311.6,9319.9,9311.6,9319.9,2.15457244
2019-11-02 23:58:00,9311,9311.2,9309,9311.2,0.9951457
2019-11-02 23:57:00,9312,9312,9310.4,9311.1,2.15268342
2019-11-02 23:56:00,9315,9315,9312.3,9312.3,4.4801916
2019-11-02 23:55:00,9313.6,9319.2,9313.6,9315,10.3780773
2019-11-02 23:54:00,9310.3,9313.5,9310.3,9313.5,2.9342455
2019-11-02 23:53:00,9307.8,9311,9307.8,9309.5,14.79145788
2019-11-02 23:52:00,9304,9312.1,9304,9307.7,4.75282825
2019-11-02 23:51:00,9300.4,9304.1,9300.4,9304.1,3.07259048
2019-11-02 23:50:00,9297.6,9300.3,9297.5,9300.3,102.22734985
2019-11-02 23:49:00,9295.8,9297.7,9295.8,9297.7,1.75560992
2019-11-02 23:48:00,9297.3,9297.3,9294.7,9295.9,2.68911736
2019-11-02 23:47:00,9292.8,9297.5,9292.7,9297.3,8.37278537
2019-11-02 23:46:00,9290.7,9291.7,9290.7,9291.7,1.06897971
2019-11-02 23:45:00,9289.4,9290.8,9289.4,9290.7,1.71693743
2019-11-02 23:44:00,9289.4,9289.4,9289.3,9289.3,1.57097015
2019-11-02 23:43:00,9290.3,9290.4,9289.3,9289.3,4.5781235
2019-11-02 23:42:00,9290.6,9290.6,9290.2,9290.3,2.50674948
2019-11-02 23:41:00,9291.5,9291.5,9290,9290.6,0.41634111
2019-11-02 23:40:00,9295.2,9295.2,9291.4,9291.5,12.11240019
2019-11-02 23:39:00,9296,9296,9295.1,9295.1,2.53341415
2019-11-02 23:38:00,9296,9296,9295.9,9296,0.81442829
2019-11-02 23:37:00,9294.4,9296,9293.1,9296,6.4563318
2019-11-02 23:36:00,9294.5,9294.5,9291.8,9294.4,11.53349667
2019-11-02 23:35:00,9291.8,9297,9291.8,9294.5,1.63633647
2019-11-02 23:34:00,9297.9,9297.9,9291.7,9291.8,2.82018114
2019-11-02 23:33:00,9293.9,9299.5,9293.7,9298.7,12.03488136
2019-11-02 23:32:00,9294,9295.7,9291.7,9295.7,3.3802435
2019-11-02 23:31:00,9290.6,9294.6,9290.6,9293.4,2.39891432
2019-11-02 23:30:00,9286.7,9290.5,9286.7,9290.5,16.46539273
2019-11-02 23:29:00,9290.2,9290.7,9286.6,9286.6,8.6091542
2019-11-02 23:28:00,9284.1,9290.7,9281.9,9290.2,5.99438698
2019-11-02 23:27:00,9286.8,9289.3,9283.3,9283.3,3.83327549
2019-11-02 23:26:00,9300,9300,9283.3,9286.7,25.1309427
2019-11-02 23:25:00,9298.4,9300,9298.4,9300,10.49197953
2019-11-02 23:24:00,9304.5,9304.6,9298.5,9298.5,8.86960493
2019-11-02 23:23:00,9304.1,9305.2,9304.1,9304.6,1.53971079
2019-11-02 23:22:00,9302.1,9304.1,9302.1,9304.1,1.19048858
2019-11-02 23:21:00,9304.5,9304.5,9302.6,9302.6,2.08645489
2019-11-02 23:20:00,9297.5,9305.1,9297.5,9305.1,2.01258385
2019-11-02 23:19:00,9297.2,9297.5,9296.4,9297.4,1.61718947
2019-11-02 23:18:00,9298.1,9298.1,9296.9,9296.9,2.35581009
2019-11-02 23:17:00,9300,9301,9297.3,9298.1,13.29715219
2019-11-02 23:16:00,9296.2,9300,9295.8,9300,4.98739688
2019-11-02 23:15:00,9297.9,9299.9,9288.9,9294.6,21.99172807
2019-11-02 23:14:00,9295.5,9300,9295.5,9297.9,6.59626656
2019-11-02 23:13:00,9291.4,9295.5,9291.4,9295.5,1.20142358
2019-11-02 23:12:00,9288,9297.2,9285.3,9291.3,18.24005722
2019-11-02 23:11:00,9291.5,9293.2,9273.5,9288,128.0701849
2019-11-02 23:10:00,9305.9,9305.9,9291,9293.9,26.324803
2019-11-02 23:09:00,9310.3,9312.5,9305.9,9305.9,31.17985488
2019-11-02 23:08:00,9313.6,9313.6,9310,9310.3,5.2627455
2019-11-02 23:07:00,9315.7,9315.7,9313,9313.6,11.69395456
2019-11-02 23:06:00,9314.5,9319,9314.4,9315.6,40.16017355
2019-11-02 23:05:00,9315.2,9315.3,9311.1,9314.4,1.06295318
2019-11-02 23:04:00,9315.4,9315.4,9314.8,9315.3,1.76564143
2019-11-02 23:03:00,9321.2,9321.3,9313.8,9315.4,8.15062882
2019-11-02 23:02:00,9314.8,9322.4,9314.8,9321,3.05074386
2019-11-02 23:01:00,9314.2,9314.8,9313.7,9314.7,3.50873301
2019-11-02 23:00:00,9310.3,9314.2,9310.3,9314.2,8.05695297
2019-11-02 22:59:00,9314.8,9314.8,9310.3,9310.3,2.35347122
2019-11-02 22:58:00,9317.8,9317.8,9314.7,9314.7,1.32270748
2019-11-02 22:57:00,9325.1,9325.1,9314.8,9317.8,70.72166214
2019-11-02 22:56:00,9326.9,9327.8,9325.5,9325.5,5.03137938
2019-11-02 22:55:00,9327.4,9327.5,9326.2,9326.8,4.1066886
2019-11-02 22:54:00,9330.7,9331.6,9327.3,9327.5,3.15486416
2019-11-02 22:53:00,9326,9330.4,9326,9330.2,4.44057025
2019-11-02 22:52:00,9326.6,9328,9326,9326,8.94070405
2019-11-02 22:51:00,9329.4,9329.4,9326,9326.6,1.31908597
2019-11-02 22:50:00,9327.7,9329.5,9327.7,9329.4,5.38654515
2019-11-02 22:49:00,9325.4,9328.4,9325,9327.8,0.93278021
2019-11-02 22:48:00,9326.7,9329.2,9325,9325,8.71483248
2019-11-02 22:47:00,9330.5,9331.1,9326.7,9326.7,5.47793217
2019-11-02 22:46:00,9329.6,9330.6,9329.6,9330.6,1.21531849
2019-11-02 22:45:00,9322.7,9329.5,9322.7,9328.6,4.14896134
2019-11-02 22:44:00,9325.4,9327.2,9322.1,9322.3,13.03805733
2019-11-02 22:43:00,9331.1,9332,9324.1,9325.4,18.46008837
2019-11-02 22:42:00,9329.8,9331,9328.1,9331,1.73614398
2019-11-02 22:41:00,9328.3,9331.1,9328,9329.8,1.07477092
2019-11-02 22:40:00,9333.8,9334,9328.2,9328.2,26.25864323
2019-11-02 22:39:00,9329,9333.8,9328.6,9333.8,3.94872156
2019-11-02 22:38:00,9337.1,9337.1,9328.5,9329.3,15.53658109
2019-11-02 22:37:00,9337,9337.1,9337,9337,1.30955904
2019-11-02 22:36:00,9335.6,9337,9332.8,9337,8.79377563
2019-11-02 22:35:00,9334,9336.1,9333.4,9336.1,3.57608093
2019-11-02 22:34:00,9335.9,9336.5,9334,9335.6,1.98539094
2019-11-02 22:33:00,9337.8,9337.9,9336.5,9336.5,0.2973479
2019-11-02 22:32:00,9341.2,9341.2,9335.8,9337.5,7.61455929
2019-11-02 22:31:00,9342.2,9344,9340.4,9340.5,8.52572222
2019-11-02 22:30:00,9339.9,9343.8,9339.4,9341,5.23379529
2019-11-02 22:29:00,9337.7,9340,9337.7,9340,0.43517785
2019-11-02 22:28:00,9338.5,9338.5,9337,9337.7,3.74872889
2019-11-02 22:27:00,9335.9,9338.6,9333.3,9338.6,1.90387351
2019-11-02 22:26:00,9342.1,9342.1,9335.9,9335.9,9.66469343
2019-11-02 22:25:00,9335.3,9342.1,9333.6,9340.9,5.65281094
2019-11-02 22:24:00,9337.4,9338.1,9335.3,9335.3,0.52137053
2019-11-02 22:23:00,9341,9341.3,9336.7,9338.3,2.22959481
2019-11-02 22:22:00,9336.8,9343.2,9336.8,9341,2.30776964
2019-11-02 22:21:00,9331.6,9340,9331.6,9336.7,13.76281431
2019-11-02 22:20:00,9330.8,9331.6,9330.7,9331.5,2.86578095
2019-11-02 22:19:00,9322,9330.8,9321.9,9330.7,1.69734887
2019-11-02 22:18:00,9323.2,9323.2,9323.2,9323.2,0.00520018
2019-11-02 22:17:00,9327.9,9330.5,9326,9326,1.84727499
2019-11-02 22:16:00,9332,9332.8,9326.2,9326.2,6.07610459
2019-11-02 22:15:00,9323.7,9334.8,9323.7,9331.6,3.79078676
2019-11-02 22:14:00,9328.7,9328.7,9323.6,9323.6,2.65344684
2019-11-02 22:13:00,9332.1,9332.1,9328.7,9329.3,1.90372138
2019-11-02 22:12:00,9334.6,9335.9,9330.9,9332.1,2.36285083
2019-11-02 22:11:00,9332.4,9335.9,9330.8,9334.7,3.6991738
2019-11-02 22:10:00,9320,9334.6,9320,9332.5,42.34925169
2019-11-02 22:09:00,9322.6,9322.7,9314.2,9319.9,8.14012185
2019-11-02 22:08:00,9325,9325.2,9323,9323,14.45547048
2019-11-02 22:07:00,9325.9,9328.1,9325.5,9325.5,16.21376789
2019-11-02 22:06:00,9327.5,9328,9323.6,9325.8,54.28408334
2019-11-02 22:05:00,9328.8,9328.8,9326,9327.2,8.94303699
2019-11-02 22:04:00,9330.2,9331.9,9328.8,9328.9,3.95238362
2019-11-02 22:03:00,9329.9,9338.6,9329.1,9331,81.74467374
2019-11-02 22:02:00,9334.8,9334.8,9329.2,9329.9,8.3734894
2019-11-02 22:01:00,9341.4,9341.4,9334.7,9335.2,5.54545137
2019-11-02 22:00:00,9347.9,9351.2,9341.3,9341.3,51.47696002
2019-11-02 21:59:00,9341.7,9355.1,9341.7,9347.9,10.53154696
2019-11-02 21:58:00,9342.1,9342.1,9341.1,9341.1,1.77659117
2019-11-02 21:57:00,9344.8,9344.8,9342,9342.1,1.4769478
2019-11-02 21:56:00,9346,9348.8,9342.8,9344.3,12.24772973
2019-11-02 21:55:00,9338.2,9345.9,9334.7,9345.9,23.4846834
2019-11-02 21:54:00,9336.4,9339.7,9336.4,9338.3,0.61138457
2019-11-02 21:53:00,9340.1,9344.5,9336.3,9336.3,1.76941174
2019-11-02 21:52:00,9340.6,9346.7,9340.5,9340.7,7.12681411
2019-11-02 21:51:00,9337.8,9346.1,9336.1,9341.2,9.05457955
2019-11-02 21:50:00,9334.5,9338,9331.9,9338,9.25536579
2019-11-02 21:49:00,9331.7,9335,9331.7,9333.7,9.57483897
2019-11-02 21:48:00,9334,9334,9330.3,9331.7,2.66891156
2019-11-02 21:47:00,9326.5,9333.7,9326.5,9333.7,2.42312897
2019-11-02 21:46:00,9329.9,9329.9,9324.6,9326.5,13.73122083
2019-11-02 21:45:00,9326.3,9329.9,9325.9,9329.9,0.81110186
2019-11-02 21:44:00,9330.9,9333.3,9325.4,9325.4,3.33912665
2019-11-02 21:43:00,9327,9331.1,9322.9,9330.8,5.23421809
2019-11-02 21:42:00,9333.6,9333.6,9327,9327,1.81328438
2019-11-02 21:41:00,9337.2,9337.2,9331.2,9334.1,0.30233151
2019-11-02 21:40:00,9333.8,9343,9333.8,9337.2,18.8057792
2019-11-02 21:39:00,9330.8,9333.9,9329.6,9333.9,14.21285014
2019-11-02 21:38:00,9331.6,9333.5,9325.1,9332.2,1.71580136
2019-11-02 21:37:00,9335.9,9337.6,9329.3,9331.6,11.91136827
2019-11-02 21:36:00,9317.3,9343.4,9317.3,9336,49.93744354
2019-11-02 21:35:00,9310.6,9317.5,9310.6,9317.3,1.82871196
2019-11-02 21:34:00,9328,9328,9310.6,9310.7,10.10503792
2019-11-02 21:33:00,9333.8,9333.8,9327.7,9328.1,1.49576562
2019-11-02 21:32:00,9336.1,9336.2,9330.4,9333.6,10.97189348
2019-11-02 21:31:00,9331.9,9346.6,9331.9,9336.6,13.35408694
2019-11-02 21:30:00,9322.9,9334,9322.9,9332.4,13.35788643
2019-11-02 21:29:00,9315.2,9322.9,9315.2,9322.8,6.30219298
2019-11-02 21:28:00,9312.9,9315.9,9312.9,9314.6,1.29518195
2019-11-02 21:27:00,9313.8,9315.8,9309.7,9312.8,23.37714019
2019-11-02 21:26:00,9309.4,9316.8,9309.4,9314.3,7.11912128
2019-11-02 21:25:00,9300,9309.5,9300,9309.5,5.10710831
2019-11-02 21:24:00,9298.5,9304.6,9297,9301.2,9.80986393
2019-11-02 21:23:00,9306,9306,9298.5,9298.5,3.59304273
2019-11-02 21:22:00,9307.7,9307.8,9306,9306,1.30318483
2019-11-02 21:21:00,9308.9,9310.2,9305.3,9307.7,7.13523078
2019-11-02 21:20:00,9305,9309.9,9304.9,9308.8,4.29993042
2019-11-02 21:19:00,9312,9313.2,9305,9305,3.10383483
2019-11-02 21:18:00,9308,9314.1,9305,9312.8,4.31275386
2019-11-02 21:17:00,9312.7,9314.2,9308.1,9308.1,3.59177875
2019-11-02 21:16:00,9316.9,9319.7,9312.7,9312.8,3.51618406
2019-11-02 21:15:00,9308,9323.4,9308,9316.9,6.82711854
2019-11-02 21:14:00,9303,9310.9,9301.2,9307.9,17.81561789
2019-11-02 21:13:00,9316.8,9316.8,9298.7,9303,33.81493825
2019-11-02 21:12:00,9315.4,9323.9,9315.4,9316.3,17.83748716
2019-11-02 21:11:00,9334.5,9334.5,9312.1,9314.6,24.46170697
2019-11-02 21:10:00,9345.6,9345.6,9334.3,9334.4,9.11531994
2019-11-02 21:09:00,9338,9345.7,9337.5,9345.5,23.24386948
2019-11-02 21:08:00,9345.4,9345.4,9338,9338,3.09682606
2019-11-02 21:07:00,9350.2,9359.1,9344.1,9344.7,18.96705708
2019-11-02 21:06:00,9341,9350.8,9331.9,9350.7,46.21608106
2019-11-02 21:05:00,9344.2,9348.9,9336.5,9343.3,13.48647267
2019-11-02 21:04:00,9364.2,9364.2,9341.5,9344.3,16.34955007
2019-11-02 21:03:00,9357,9373.9,9357,9362,64.11018157
2019-11-02 21:02:00,9335.6,9357.8,9331.6,9356.9,92.63973015
2019-11-02 21:01:00,9340.9,9344.6,9332.8,9335.3,38.46075639
2019-11-02 21:00:00,9323.9,9343.7,9320,9340.9,16.84350206
2019-11-02 20:59:00,9348.3,9348.4,9314.3,9323.6,106.48334064
2019-11-02 20:58:00,9308.2,9353.4,9308.2,9348.4,209.61093049
2019-11-02 20:57:00,9305.1,9308.9,9301.1,9308.9,14.85150547
2019-11-02 20:56:00,9308.6,9309.9,9305.1,9305.9,11.93981021
2019-11-02 20:55:00,9298.4,9315.8,9298.4,9307.2,32.92593257
2019-11-02 20:54:00,9288.2,9298.3,9288.2,9298.3,6.50221492
2019-11-02 20:53:00,9296.1,9296.1,9285.5,9288.2,3.52693604
2019-11-02 20:52:00,9292.4,9299,9289.1,9297.9,17.70268526
2019-11-02 20:51:00,9287.3,9291.4,9285.7,9291.4,24.76172477
2019-11-02 20:50:00,9300.8,9300.8,9286.6,9286.7,27.20698628
2019-11-02 20:49:00,9306.1,9312.1,9292.4,9300.7,39.94468709
2019-11-02 20:48:00,9292.3,9310.9,9292.3,9305.6,84.15279623
2019-11-02 20:47:00,9281.9,9300,9281.9,9292.2,80.26782169
2019-11-02 20:46:00,9283.1,9283.1,9278.2,9281.9,2.35353223
2019-11-02 20:45:00,9280.4,9298.9,9278.6,9282.8,81.74631788
2019-11-02 20:44:00,9279.7,9283,9278.9,9283,1.78213082
2019-11-02 20:43:00,9272.3,9279.8,9272.3,9279.6,8.20510607
2019-11-02 20:42:00,9270.9,9274.5,9270.6,9272.2,75.94140985
2019-11-02 20:41:00,9276.7,9276.7,9268.7,9270.9,14.8005629
2019-11-02 20:40:00,9279.5,9279.5,9275.6,9276.8,9.18651265
2019-11-02 20:39:00,9279.7,9279.7,9274.6,9279.5,2.12560453
2019-11-02 20:38:00,9278.1,9281,9277.6,9279.7,13.4308113
2019-11-02 20:37:00,9277.2,9286.7,9269,9276.7,30.67623908
2019-11-02 20:36:00,9271,9280.1,9271,9277.1,3.42194661
2019-11-02 20:35:00,9270.8,9279.1,9270.2,9270.9,14.26898864
2019-11-02 20:34:00,9274.5,9285.1,9270.7,9270.9,30.45334307
2019-11-02 20:33:00,9257.8,9284.6,9257.8,9274.6,64.68745713
2019-11-02 20:32:00,9256.1,9257.8,9256.1,9257.8,0.20555947
2019-11-02 20:31:00,9261.9,9261.9,9256,9256,7.49864755
2019-11-02 20:30:00,9261.9,9263.5,9261.8,9261.9,11.55160053
2019-11-02 20:29:00,9264.1,9265,9261.9,9261.9,1.74340666
2019-11-02 20:28:00,9261.9,9264.9,9261.7,9264.9,3.28369054
2019-11-02 20:27:00,9260.9,9262.4,9258,9262.4,8.39665716
2019-11-02 20:26:00,9253.3,9263.3,9253.3,9261,22.45042011
2019-11-02 20:25:00,9252.9,9253.6,9251.6,9253.2,2.64090549
2019-11-02 20:24:00,9250.5,9253,9249.7,9253,4.64686125
2019-11-02 20:23:00,9249.7,9251.1,9249.7,9250.5,1.75704735
2019-11-02 20:22:00,9253.6,9253.7,9248.6,9249.8,5.46260413
2019-11-02 20:21:00,9249.4,9258,9248.4,9253.5,6.94239145
2019-11-02 20:20:00,9249.6,9257.4,9245,9249.6,9.40359521
2019-11-02 20:19:00,9248.1,9250,9245.5,9250,17.14357998
2019-11-02 20:18:00,9253.4,9253.6,9248.1,9248.1,15.5997987
2019-11-02 20:17:00,9254.9,9258.8,9251,9253.3,5.52916512
2019-11-02 20:16:00,9254.1,9255.3,9254.1,9254.9,7.17095053
2019-11-02 20:15:00,9257.6,9265.3,9254,9254,8.30810412
2019-11-02 20:14:00,9252.6,9262,9252.6,9257.6,9.81492616
2019-11-02 20:13:00,9253.5,9259,9250.8,9252.6,14.67486959
2019-11-02 20:12:00,9258.1,9262.9,9251,9253.8,23.11440982
2019-11-02 20:11:00,9248.5,9258,9248.5,9258,5.20934926
2019-11-02 20:10:00,9262.5,9262.5,9248.1,9248.4,15.34085991
2019-11-02 20:09:00,9250.1,9262.5,9247.4,9262.5,22.0544028
2019-11-02 20:08:00,9239.2,9264.5,9239.2,9250.1,32.69840063
2019-11-02 20:07:00,9249.2,9255.1,9236.9,9239.3,52.2826935
2019-11-02 20:06:00,9238.3,9272,9230.2,9249.1,127.1766828
2019-11-02 20:05:00,9230.6,9249.2,9198.6,9238.4,326.67723865
2019-11-02 20:04:00,9302.4,9311.9,9228,9230.6,181.75000544
2019-11-02 20:03:00,9292.3,9313.6,9286,9303.5,257.92272157
2019-11-02 20:02:00,9249.1,9298.9,9249.1,9292.3,111.028125
2019-11-02 20:01:00,9244.9,9249.1,9244.7,9249.1,28.06113052
2019-11-02 20:00:00,9239.6,9245,9239.6,9245,4.04987578
2019-11-02 19:59:00,9241.4,9243,9238,9239,4.35693468
2019-11-02 19:58:00,9241.8,9241.9,9241.1,9241.4,7.73364195
2019-11-02 19:57:00,9238.6,9242.2,9238.6,9241.9,1.82175397
2019-11-02 19:56:00,9237.8,9240.5,9237.7,9238.5,2.35160201
2019-11-02 19:55:00,9240.5,9240.5,9237.7,9237.7,7.40287426
2019-11-02 19:54:00,9232.3,9237.8,9232.2,9237.8,3.15463818
2019-11-02 19:53:00,9235.2,9235.2,9232.2,9232.3,1.74274778
2019-11-02 19:52:00,9242.7,9242.7,9235.1,9235.1,5.96780748
2019-11-02 19:51:00,9241.7,9244.6,9241.7,9242.7,7.35793528
2019-11-02 19:50:00,9242.6,9242.7,9241.2,9241.7,3.18758613
2019-11-02 19:49:00,9244.3,9244.4,9242.6,9242.6,3.4976639
2019-11-02 19:48:00,9244.9,9245,9244.4,9244.4,1.61716872
2019-11-02 19:47:00,9244.7,9245,9243.8,9244.8,1.67309312
2019-11-02 19:46:00,9237.6,9246.1,9237.6,9244.8,2.57757065
2019-11-02 19:45:00,9237.8,9240.5,9235.4,9237.6,4.59194303
2019-11-02 19:44:00,9243.8,9243.8,9237.9,9237.9,10.23520082
2019-11-02 19:43:00,9240.3,9246.4,9240.3,9244,5.88409527
2019-11-02 19:42:00,9238.8,9242.4,9238.8,9240.4,4.76718514
2019-11-02 19:41:00,9239.6,9239.6,9239.1,9239.1,1.34568625
2019-11-02 19:40:00,9237,9239.6,9237,9239.6,1.76662469
2019-11-02 19:39:00,9239.4,9241.4,9238.3,9238.3,12.09953444
2019-11-02 19:38:00,9232.6,9240.1,9232.6,9239.4,7.14519936
2019-11-02 19:37:00,9231.3,9238.6,9231.3,9231.6,3.65327562
2019-11-02 19:36:00,9227.4,9231.3,9227.3,9231.1,4.63272198
2019-11-02 19:35:00,9230,9230,9227.3,9227.4,6.22866971
2019-11-02 19:34:00,9230.1,9232.3,9230.1,9231.1,1.50525909
2019-11-02 19:33:00,9238.8,9238.8,9230.2,9230.2,24.34322604
2019-11-02 19:32:00,9234.8,9238.9,9234.8,9238.8,0.83579135
2019-11-02 19:31:00,9233.8,9235.4,9233.3,9234.3,25.91426472
2019-11-02 19:30:00,9239.7,9239.7,9233.3,9233.3,4.25774651
2019-11-02 19:29:00,9233.3,9239.4,9233.3,9239.4,6.51921954
2019-11-02 19:28:00,9233.3,9233.4,9233.3,9233.4,30.04544624
2019-11-02 19:27:00,9239.9,9239.9,9233.3,9233.3,3.64759853
2019-11-02 19:26:00,9241.1,9242.3,9239.8,9239.8,16.15096202
2019-11-02 19:25:00,9238.4,9242.3,9238.4,9242,1.94289513
2019-11-02 19:24:00,9237.6,9238.4,9237.5,9238.4,1.22871889
2019-11-02 19:23:00,9236.9,9237.6,9236.9,9237.6,0.94263971
2019-11-02 19:22:00,9242.3,9244.3,9236.9,9237.2,7.07799601
2019-11-02 19:21:00,9233.4,9242.3,9233.4,9242.3,6.14492058
2019-11-02 19:20:00,9235.8,9238.5,9233.1,9233.4,4.05678086
2019-11-02 19:19:00,9248.8,9248.8,9234.4,9235.9,27.65110593
2019-11-02 19:18:00,9242.3,9250.2,9242.3,9250.2,7.87832713
2019-11-02 19:17:00,9238.5,9245,9238.4,9242.3,66.92355809
2019-11-02 19:16:00,9241.4,9242.7,9236.7,9237.6,7.62827345
2019-11-02 19:15:00,9234.6,9246.9,9234.5,9241.3,9.30069603
2019-11-02 19:14:00,9233.6,9235.9,9231.3,9234.6,6.14301103
2019-11-02 19:13:00,9225.1,9233.6,9225.1,9233.5,8.24430749
2019-11-02 19:12:00,9231.1,9231.9,9225,9225.1,10.30139738
2019-11-02 19:11:00,9232.2,9237.9,9230.7,9230.7,3.4094098
2019-11-02 19:10:00,9225.7,9235.6,9225.7,9232.1,4.67923021
2019-11-02 19:09:00,9226.8,9226.8,9218.7,9225.7,4.79636706
2019-11-02 19:08:00,9233.7,9234.8,9228.6,9228.6,9.99065248
2019-11-02 19:07:00,9236.5,9236.5,9227.2,9233.7,46.35819259
2019-11-02 19:06:00,9246.6,9246.7,9235.8,9236.3,24.44540663
2019-11-02 19:05:00,9234.1,9261.1,9234.1,9248.6,240.03837966
2019-11-02 19:04:00,9228.3,9234.9,9228.2,9234.1,28.5065088
2019-11-02 19:03:00,9222.8,9227.8,9222.7,9227.8,4.66260209
2019-11-02 19:02:00,9221,9222.8,9221,9222.8,3.52525288
2019-11-02 19:01:00,9219.4,9221,9218.2,9220.9,15.4728115
2019-11-02 19:00:00,9216.6,9220.7,9216.5,9219.5,14.1610294
2019-11-02 18:59:00,9216.6,9216.6,9216.5,9216.5,3.40342864
2019-11-02 18:58:00,9214.8,9216.6,9214.5,9216.6,5.79613931
2019-11-02 18:57:00,9212,9214.9,9210,9214.9,5.42478822
2019-11-02 18:56:00,9212.1,9212.1,9212,9212,0.17824383
2019-11-02 18:55:00,9212.1,9212.2,9212.1,9212.1,0.19335422
2019-11-02 18:54:00,9213.1,9213.1,9212.1,9212.1,7.75830406
2019-11-02 18:53:00,9217.7,9217.7,9213.1,9213.1,13.09593716
2019-11-02 18:52:00,9217.7,9217.8,9217.7,9217.7,0.51515441
2019-11-02 18:51:00,9218.1,9218.2,9217.7,9217.7,2.8581594
2019-11-02 18:50:00,9218.1,9218.2,9218.1,9218.1,2.40373501
2019-11-02 18:49:00,9218.2,9218.3,9218.1,9218.1,5.06217963
2019-11-02 18:48:00,9218.2,9218.2,9218.2,9218.2,0.25019184
2019-11-02 18:47:00,9218.3,9218.4,9218.2,9218.2,1.5067493
2019-11-02 18:46:00,9220,9220,9218.2,9218.4,10.63550896
2019-11-02 18:45:00,9220.5,9220.6,9220.2,9220.2,11.76294232
2019-11-02 18:44:00,9218.6,9220.7,9218.6,9220.5,5.15632805
2019-11-02 18:43:00,9213.5,9218.7,9213.5,9218.6,1.51467502
2019-11-02 18:42:00,9214.5,9214.5,9213.5,9213.5,0.45283904
2019-11-02 18:41:00,9215.4,9215.4,9214.4,9214.4,4.59570925
2019-11-02 18:40:00,9214.9,9216.2,9214.9,9216.1,2.73806388
2019-11-02 18:39:00,9214.6,9214.9,9214.6,9214.8,2.36561556
2019-11-02 18:38:00,9217.8,9217.8,9214.5,9214.5,1.04214762
2019-11-02 18:37:00,9217.2,9219.2,9214.9,9217.7,9.89517991
2019-11-02 18:36:00,9211.1,9220.8,9211.1,9217.2,11.49368536
2019-11-02 18:35:00,9208.3,9210.6,9208.2,9210.6,2.65171736
2019-11-02 18:34:00,9208.3,9208.3,9208.3,9208.3,0.45300878
2019-11-02 18:33:00,9208.3,9208.3,9208.2,9208.3,0.12674436
2019-11-02 18:32:00,9208.8,9208.8,9207.1,9208.2,1.16181954
2019-11-02 18:31:00,9211.1,9211.2,9208.8,9208.9,0.22246454
2019-11-02 18:30:00,9214,9214,9209.7,9210.7,1.80324138
2019-11-02 18:29:00,9214.5,9214.5,9214,9214,5.41249822
2019-11-02 18:28:00,9214.3,9214.9,9214,9214.1,9.36199397
2019-11-02 18:27:00,9209.6,9213.8,9209.6,9213.8,2.16433679
2019-11-02 18:26:00,9213.2,9213.3,9209.6,9209.6,5.80662238
2019-11-02 18:25:00,9213.2,9213.3,9213.2,9213.3,3.02708809
2019-11-02 18:24:00,9213.3,9213.3,9213.2,9213.3,2.18123568
2019-11-02 18:23:00,9216.5,9216.8,9213.2,9213.3,12.41046527
2019-11-02 18:22:00,9213.6,9216.4,9213.6,9216.4,3.04901468
2019-11-02 18:21:00,9213.1,9213.1,9213,9213.1,1.2436161
2019-11-02 18:20:00,9214.4,9214.5,9213.6,9213.6,0.86679024
2019-11-02 18:19:00,9215.3,9215.3,9214.4,9214.5,0.13377124
2019-11-02 18:18:00,9216.7,9216.7,9215.3,9215.3,4.93758583
2019-11-02 18:17:00,9214.3,9216.8,9214.3,9216.7,3.8986162
2019-11-02 18:16:00,9214.3,9214.3,9214.2,9214.2,0.18182547
2019-11-02 18:15:00,9210.5,9214.3,9210.5,9214.3,0.25307859
2019-11-02 18:14:00,9207.2,9210,9207.1,9209.6,14.59949117
2019-11-02 18:13:00,9207.2,9207.2,9207.1,9207.2,1.43845744
2019-11-02 18:12:00,9207.1,9207.2,9207.1,9207.2,2.79657742
2019-11-02 18:11:00,9207.2,9207.2,9207.1,9207.1,0.73237327
2019-11-02 18:10:00,9207.1,9207.2,9207,9207.2,3.04121296
2019-11-02 18:09:00,9207,9207.1,9207,9207.1,0.77168512
2019-11-02 18:08:00,9205.6,9207.2,9205.6,9207.1,3.26970652
2019-11-02 18:07:00,9204.8,9205.6,9204.8,9205.6,1.42282729
2019-11-02 18:06:00,9203.2,9205.4,9203.2,9205.4,6.92238682
2019-11-02 18:05:00,9205.8,9205.8,9203,9203.1,0.45324651
2019-11-02 18:04:00,9206.5,9206.5,9203.8,9205.8,1.01681417
2019-11-02 18:03:00,9206.5,9206.5,9206.5,9206.5,0.23242073
2019-11-02 18:02:00,9206.4,9206.5,9206.4,9206.5,1.7600153
2019-11-02 18:01:00,9206.8,9206.8,9206.1,9206.4,0.58927411
2019-11-02 18:00:00,9208.3,9208.3,9203.3,9206.8,0.97707204
2019-11-02 17:59:00,9208.3,9208.3,9208.2,9208.3,0.34033202
2019-11-02 17:58:00,9209.2,9209.9,9208.6,9209.9,0.6028449
2019-11-02 17:57:00,9209.5,9211,9207.4,9209.1,43.06980479
2019-11-02 17:56:00,9207.2,9208.8,9207.1,9208.4,3.75392258
2019-11-02 17:55:00,9207.7,9207.7,9203.2,9206.7,1.80215323
2019-11-02 17:54:00,9210.3,9211.4,9207.7,9207.8,6.67289876
2019-11-02 17:53:00,9208.3,9209.4,9207.3,9209.4,0.67949899
2019-11-02 17:52:00,9207.3,9208.4,9207.3,9208.3,1.17736419
2019-11-02 17:51:00,9209.3,9209.3,9207.2,9207.3,0.14944035
2019-11-02 17:50:00,9210.7,9210.7,9207.2,9209.9,2.15809571
2019-11-02 17:49:00,9211.7,9211.7,9210.6,9210.8,1.19206925
2019-11-02 17:48:00,9215.7,9215.7,9209.1,9212,9.36289976
2019-11-02 17:47:00,9215.8,9215.8,9215.7,9215.8,0.92537018
2019-11-02 17:46:00,9213.7,9215.8,9213.6,9215.7,0.64075664
2019-11-02 17:45:00,9213.7,9213.7,9213.6,9213.6,0.07916015
2019-11-02 17:44:00,9215,9215,9213.7,9213.7,2.65340876
2019-11-02 17:43:00,9214.9,9215.8,9214.9,9214.9,1.0010683
2019-11-02 17:42:00,9217.8,9217.8,9214.8,9214.9,6.16563867
2019-11-02 17:41:00,9217.6,9220.5,9216.5,9217.9,15.64251216
2019-11-02 17:40:00,9216.9,9217.6,9216.8,9217.6,0.15430944
2019-11-02 17:39:00,9220.4,9220.4,9214.6,9216.8,1.12642377
2019-11-02 17:38:00,9213.9,9220.8,9213.8,9220.4,2.94459397
2019-11-02 17:37:00,9215.4,9215.4,9212.8,9213.8,1.3840574
2019-11-02 17:36:00,9213.6,9215.3,9213.6,9215.3,0.41775124
2019-11-02 17:35:00,9216.5,9216.5,9213.5,9213.5,0.74795414
2019-11-02 17:34:00,9211.5,9216.6,9211.5,9216.6,1.04639028
2019-11-02 17:33:00,9211.4,9212.8,9211.4,9211.4,0.90810435
2019-11-02 17:32:00,9212.7,9213.4,9211.4,9211.4,0.95461345
2019-11-02 17:31:00,9218,9218,9208.5,9214.6,5.1948136
2019-11-02 17:30:00,9220,9220,9217.9,9218,1.86491643
2019-11-02 17:29:00,9216.4,9220,9216.4,9220,5.68623233
2019-11-02 17:28:00,9208.5,9216.5,9208.4,9216.5,0.53942928
2019-11-02 17:27:00,9211.8,9211.8,9208,9208.5,0.21219418
2019-11-02 17:26:00,9215.2,9215.7,9211.8,9211.8,2.54735594
2019-11-02 17:25:00,9220.1,9220.1,9215.8,9215.8,0.19212541
2019-11-02 17:24:00,9218.5,9220.7,9218.4,9220.2,2.58751949
2019-11-02 17:23:00,9217.9,9218.4,9217.9,9218.2,1.38415095
2019-11-02 17:22:00,9216.8,9217.9,9214.6,9217.9,2.49543189
2019-11-02 17:21:00,9218.4,9218.4,9216.9,9216.9,0.20869683
2019-11-02 17:20:00,9219.7,9222.5,9218.5,9218.5,4.57422374
2019-11-02 17:19:00,9214.5,9218.7,9212.6,9218.2,5.87898865
2019-11-02 17:18:00,9217.8,9219.7,9213.6,9214.5,7.84212319
2019-11-02 17:17:00,9213.3,9217.8,9213.3,9217.8,8.76442621
2019-11-02 17:16:00,9208.4,9215.8,9208.4,9213.3,1.4681594
2019-11-02 17:15:00,9207.8,9208.5,9207.7,9208.4,0.31331541
2019-11-02 17:14:00,9204.1,9208.5,9204.1,9208.4,12.33372908
2019-11-02 17:13:00,9207.1,9207.1,9204.1,9204.2,1.75758708
2019-11-02 17:12:00,9214.9,9214.9,9207,9207.1,2.97519652
2019-11-02 17:11:00,9213.6,9215.1,9212.5,9215,7.23495155
2019-11-02 17:10:00,9210,9213.6,9210,9213.5,1.06798177
2019-11-02 17:09:00,9213.4,9213.4,9210,9210,1.14321662
2019-11-02 17:08:00,9208.9,9214,9208.9,9213.3,1.62944311
2019-11-02 17:07:00,9210.3,9214,9210.1,9210.4,3.80182847
2019-11-02 17:06:00,9206.4,9210.3,9206.4,9210.3,4.18854796
2019-11-02 17:05:00,9208.3,9208.3,9206.4,9206.4,1.45507688
2019-11-02 17:04:00,9211.2,9211.2,9208.4,9208.4,2.4681042
2019-11-02 17:03:00,9211.1,9211.2,9210.8,9211.2,0.58877981
2019-11-02 17:02:00,9207.4,9209.5,9207.3,9209.5,0.39824573
2019-11-02 17:01:00,9205.5,9208,9205.5,9207.4,1.28860338
2019-11-02 17:00:00,9200.3,9207,9200.3,9205.4,4.40696924
2019-11-02 16:59:00,9205.6,9205.7,9200,9200.9,6.35281995
2019-11-02 16:58:00,9204.8,9205.7,9204.8,9205.6,0.29453179
2019-11-02 16:57:00,9205.9,9206,9204.8,9204.8,2.9689281
2019-11-02 16:56:00,9207.3,9209.3,9206,9206,1.37021365
2019-11-02 16:55:00,9209.3,9209.3,9207.4,9207.4,1.13993971
2019-11-02 16:54:00,9208.1,9209.2,9206.5,9209.2,6.29020369
2019-11-02 16:53:00,9208,9208.1,9204.7,9208.1,1.51169143
2019-11-02 16:52:00,9208.1,9208.1,9206.2,9207.5,0.99338179
2019-11-02 16:51:00,9203,9208.1,9201.4,9208,1.41047404
2019-11-02 16:50:00,9208.9,9208.9,9203,9203,1.69810563
2019-11-02 16:49:00,9211.3,9211.3,9209.1,9209.1,0.22833505
2019-11-02 16:48:00,9214.8,9214.8,9211.4,9211.4,3.34430039
2019-11-02 16:47:00,9216.5,9217.4,9214.8,9214.9,4.46167338
2019-11-02 16:46:00,9217.3,9218.4,9212.3,9216.6,5.25891367
2019-11-02 16:45:00,9205.3,9217.3,9205.3,9217.3,19.98854647
2019-11-02 16:44:00,9204.1,9206,9204.1,9204.6,1.93282849
2019-11-02 16:43:00,9210.5,9210.5,9204.2,9204.2,1.53753944
2019-11-02 16:42:00,9212.8,9212.8,9208.6,9211.8,6.15808871
2019-11-02 16:41:00,9209.6,9225.4,9207,9212.9,24.05322015
2019-11-02 16:40:00,9201.3,9210.1,9200,9210.1,1.30557257
2019-11-02 16:39:00,9206.6,9206.6,9203.5,9203.5,1.29345735
2019-11-02 16:38:00,9195.6,9204.2,9195.5,9204.2,3.68411766
2019-11-02 16:37:00,9199.9,9200,9195.6,9195.6,3.76772751
2019-11-02 16:36:00,9195.8,9199.9,9195.8,9199.8,1.72844772
2019-11-02 16:35:00,9202.2,9202.2,9195.7,9195.7,4.64743702
2019-11-02 16:34:00,9207.7,9207.7,9202.5,9202.5,0.20689002
2019-11-02 16:33:00,9203.4,9207.7,9202.2,9207.7,1.28053198
2019-11-02 16:32:00,9198.5,9203.4,9196.6,9203.4,24.85146583
2019-11-02 16:31:00,9211.5,9211.6,9194.7,9198.5,11.29190274
2019-11-02 16:30:00,9203.7,9214.2,9203.7,9213.3,15.97359073
2019-11-02 16:29:00,9206.5,9207.3,9199.3,9203.1,12.27272326
2019-11-02 16:28:00,9217.8,9217.8,9203.9,9204.3,18.31574836
2019-11-02 16:27:00,9223,9224.4,9217.8,9217.9,3.25569243
2019-11-02 16:26:00,9225.7,9225.7,9221.9,9222.7,0.27992452
2019-11-02 16:25:00,9222.1,9225.8,9222.1,9225.7,3.36856846
2019-11-02 16:24:00,9221.6,9222.1,9219.2,9220.9,58.81918157
2019-11-02 16:23:00,9228.2,9228.2,9219.4,9221.6,7.97905484
2019-11-02 16:22:00,9228.5,9228.5,9227.7,9228.2,0.31246087
2019-11-02 16:21:00,9236.4,9236.4,9230.5,9230.5,5.00312712
2019-11-02 16:20:00,9236.9,9238,9236.3,9236.3,6.26152086
2019-11-02 16:19:00,9233.8,9237.2,9233.8,9237,1.85357849
2019-11-02 16:18:00,9231,9234.3,9231,9233.8,27.62532191
2019-11-02 16:17:00,9228.4,9231.5,9228.4,9230.9,1.25636456
2019-11-02 16:16:00,9229.1,9229.1,9227.5,9228.4,0.19506298
2019-11-02 16:15:00,9228.8,9230.7,9227.8,9229.2,2.66584125
2019-11-02 16:14:00,9227.1,9230.9,9226.5,9228.7,4.64093126
2019-11-02 16:13:00,9232.5,9232.5,9227,9227,3.39202494
2019-11-02 16:12:00,9225.1,9232.5,9225.1,9232.5,17.92894815
2019-11-02 16:11:00,9217.8,9225.1,9217.8,9225.1,4.93374272
2019-11-02 16:10:00,9217.8,9217.9,9217.8,9217.8,0.18427289
2019-11-02 16:09:00,9214.9,9217.9,9214.9,9217.9,0.42335148
2019-11-02 16:08:00,9214,9215,9213.5,9215,1.48048785
2019-11-02 16:07:00,9214.8,9214.9,9214.1,9214.1,1.32276292
2019-11-02 16:06:00,9214.8,9214.9,9214.8,9214.8,0.45225621
2019-11-02 16:05:00,9214.2,9214.8,9213,9214.7,5.00593785
2019-11-02 16:04:00,9214.9,9214.9,9214.1,9214.3,49.33574937
2019-11-02 16:03:00,9215.3,9215.3,9214.3,9214.9,1.44693081
2019-11-02 16:02:00,9213.7,9217,9213.7,9215.3,0.36185225
2019-11-02 16:01:00,9213.6,9213.7,9213.6,9213.7,0.59083203
2019-11-02 16:00:00,9214.5,9214.5,9213.6,9213.6,0.03318817
2019-11-02 15:59:00,9210.8,9215.6,9210.8,9214.9,0.71919111
2019-11-02 15:58:00,9210.9,9210.9,9210.9,9210.9,0.50580341
2019-11-02 15:57:00,9213.7,9213.9,9212.1,9212.1,3.68997906
2019-11-02 15:56:00,9214.9,9214.9,9214,9214,3.28765279
2019-11-02 15:55:00,9216.4,9216.6,9214.8,9215.2,8.86849206
2019-11-02 15:54:00,9219.9,9220,9215.8,9216.4,9.18281688
2019-11-02 15:53:00,9218.9,9219.6,9218.9,9219.6,1.14115164
2019-11-02 15:52:00,9212,9217.8,9212,9217.8,15.97024974
2019-11-02 15:51:00,9210.2,9212.1,9209,9212.1,0.93712908
2019-11-02 15:50:00,9209.3,9210.1,9208.9,9210.1,0.2477775
2019-11-02 15:49:00,9205.9,9209.3,9205.9,9209.3,0.40583323
2019-11-02 15:48:00,9205.9,9205.9,9205.8,9205.8,0.21328201
2019-11-02 15:47:00,9208.3,9210.1,9205.8,9207.3,0.32272032
2019-11-02 15:46:00,9207.7,9208.1,9207.6,9207.7,3.23094024
2019-11-02 15:45:00,9207.7,9207.7,9207.6,9207.6,0.94114493
2019-11-02 15:44:00,9209.3,9209.3,9206.8,9207.7,3.45284227
2019-11-02 15:43:00,9212.7,9215,9209.2,9209.3,3.90307786
2019-11-02 15:42:00,9209.3,9212.6,9209.3,9212.6,9.27021653
2019-11-02 15:41:00,9207.6,9209.3,9207.6,9209.3,1.18865514
2019-11-02 15:40:00,9207.6,9207.7,9207.6,9207.6,0.4551477
2019-11-02 15:39:00,9209.3,9209.3,9207.7,9207.7,0.30782796
2019-11-02 15:38:00,9210.8,9210.8,9209.2,9209.3,0.35386059
2019-11-02 15:37:00,9213.1,9213.1,9210.8,9210.9,7.25592557
2019-11-02 15:36:00,9216,9216.6,9213.1,9213.1,2.10628477
2019-11-02 15:35:00,9215,9217.8,9215,9216,7.96810528
2019-11-02 15:34:00,9213.3,9215.1,9213.3,9215.1,5.23708992
2019-11-02 15:33:00,9207.3,9212,9207.2,9212,7.56314818
2019-11-02 15:32:00,9207.4,9207.4,9206.9,9207.3,4.62957017
2019-11-02 15:31:00,9208,9209.9,9207.4,9207.4,2.97471679
2019-11-02 15:30:00,9205.9,9208,9205.9,9208,3.87238113
2019-11-02 15:29:00,9206.4,9206.5,9205.9,9205.9,1.76217904
2019-11-02 15:28:00,9204,9207.7,9203,9206.5,17.65664025
2019-11-02 15:27:00,9199.7,9204,9199.7,9204,2.59352425
2019-11-02 15:26:00,9200.4,9200.5,9199.1,9199.7,7.08784512
2019-11-02 15:25:00,9201.5,9201.6,9200.4,9200.5,0.15612177
2019-11-02 15:24:00,9201.9,9201.9,9201.6,9201.6,0.26440721
2019-11-02 15:23:00,9201.6,9203.2,9201.5,9201.9,0.92128974
2019-11-02 15:22:00,9204,9204,9201.5,9201.5,1.11214395
2019-11-02 15:21:00,9204.9,9205,9204,9204,2.99923413
2019-11-02 15:20:00,9205,9205,9203.5,9205,1.40587732
2019-11-02 15:19:00,9200,9208,9200,9205,104.14385779
2019-11-02 15:18:00,9204.3,9204.7,9200,9200,21.55025195
2019-11-02 15:17:00,9204.3,9204.3,9204.2,9204.3,1.69363671
2019-11-02 15:16:00,9205,9205.4,9204.3,9204.3,3.66122086
2019-11-02 15:15:00,9202.1,9206.7,9202.1,9206.3,1.51893672
2019-11-02 15:14:00,9202.2,9202.2,9202.1,9202.2,0.23347734
2019-11-02 15:13:00,9201.2,9201.2,9201.2,9201.2,0.08204929
2019-11-02 15:12:00,9199.9,9201.2,9197.9,9201.2,1.64350175
2019-11-02 15:11:00,9199.4,9203,9198.2,9199.8,4.07989585
2019-11-02 15:10:00,9195,9199.4,9195,9199.4,0.3711657
2019-11-02 15:09:00,9195.9,9196,9195,9195.1,0.29718036
2019-11-02 15:08:00,9192.5,9195.5,9192.5,9195.5,0.37463326
2019-11-02 15:07:00,9195.2,9195.2,9192.4,9192.5,6.60831552
2019-11-02 15:06:00,9199.2,9199.3,9194.3,9194.3,0.78947626
2019-11-02 15:05:00,9196.2,9203.1,9196.2,9199.3,0.72266732
2019-11-02 15:04:00,9197.4,9197.4,9196.1,9196.2,0.61650421
2019-11-02 15:03:00,9200.1,9200.1,9197.3,9197.4,1.19124483
2019-11-02 15:02:00,9198.4,9200.2,9196.1,9200.2,0.89239621
2019-11-02 15:01:00,9197.3,9198.5,9197.3,9198.4,1.80966913
2019-11-02 15:00:00,9203.5,9203.6,9198.5,9198.5,0.49913114
2019-11-02 14:59:00,9206.3,9207.4,9203.5,9203.6,0.6946314
2019-11-02 14:58:00,9206.5,9206.5,9206.5,9206.5,0
2019-11-02 14:57:00,9207.3,9208.8,9206.5,9206.5,3.47906793
2019-11-02 14:56:00,9208.5,9213.3,9207.1,9207.1,16.84016755
2019-11-02 14:55:00,9205.2,9209.3,9205.2,9208.5,3.79071773
2019-11-02 14:54:00,9206.7,9206.7,9203.5,9205.2,0.6992159
2019-11-02 14:53:00,9202.9,9207.3,9202.3,9205.7,2.18967149
2019-11-02 14:52:00,9207.6,9207.6,9201.9,9203.8,2.82954736
2019-11-02 14:51:00,9210.9,9214.9,9208.3,9208.3,1.47908697
2019-11-02 14:50:00,9197.2,9216.7,9197.2,9210.9,25.94978323
2019-11-02 14:49:00,9192.3,9197.3,9192.2,9197.2,1.51242645
2019-11-02 14:48:00,9196.5,9196.5,9192.3,9192.3,2.09847027
2019-11-02 14:47:00,9196.2,9196.5,9196.2,9196.5,25.41234001
2019-11-02 14:46:00,9191.1,9196.6,9191.1,9196.2,13.7559818
2019-11-02 14:45:00,9191.2,9191.8,9189.1,9191.1,2.97151051
2019-11-02 14:44:00,9191.8,9194.5,9191.3,9191.3,0.96901182
2019-11-02 14:43:00,9195.2,9195.9,9190.9,9191,32.46443455
2019-11-02 14:42:00,9197.7,9197.7,9195,9195.2,9.88156623
2019-11-02 14:41:00,9200.8,9200.8,9197.6,9197.8,0.61189279
2019-11-02 14:40:00,9200.8,9200.9,9200.8,9200.9,0.44000648
2019-11-02 14:39:00,9202.4,9202.4,9200.8,9200.8,6.01807031
2019-11-02 14:38:00,9195.2,9202.5,9195.1,9200.6,1.23767181
2019-11-02 14:37:00,9199.1,9199.1,9194.7,9194.7,3.31952956
2019-11-02 14:36:00,9203.7,9203.7,9196.7,9199,5.54908417
2019-11-02 14:35:00,9204.3,9204.4,9203.1,9203.7,0.6008231
2019-11-02 14:34:00,9206.1,9206.6,9204.4,9204.4,0.91347953
2019-11-02 14:33:00,9204.6,9205.6,9204.5,9205.6,0.2656407
2019-11-02 14:32:00,9206.3,9206.6,9204.5,9204.5,8.32369498
2019-11-02 14:31:00,9206.2,9206.3,9206.1,9206.3,0.15785222
2019-11-02 14:30:00,9203.9,9206.1,9202.7,9206.1,1.27059567
2019-11-02 14:29:00,9206.2,9206.3,9204,9204,0.95124676
2019-11-02 14:28:00,9201.1,9207.1,9201.1,9206.2,2.83493614
2019-11-02 14:27:00,9210,9210.1,9201,9201.1,146.76397572
2019-11-02 14:26:00,9213,9213,9210,9210,0.88517566
2019-11-02 14:25:00,9217.2,9217.2,9210,9213,7.0258376
2019-11-02 14:24:00,9221.9,9221.9,9216.3,9218.4,1.68566587
2019-11-02 14:23:00,9219.3,9222,9219.2,9222,4.32870219
2019-11-02 14:22:00,9215.5,9219.3,9215.5,9219.3,0.26593724
2019-11-02 14:21:00,9215.7,9216.2,9215.4,9215.5,4.04037215
2019-11-02 14:20:00,9219.2,9219.2,9215.7,9215.7,1.46898411
2019-11-02 14:19:00,9216.8,9220.9,9216.8,9219.2,0.92275347
2019-11-02 14:18:00,9220,9222.7,9214.2,9216.8,6.12255467
2019-11-02 14:17:00,9211.7,9219,9211.7,9219,4.95207908
2019-11-02 14:16:00,9207.7,9212.6,9207.7,9212.6,2.44379157
2019-11-02 14:15:00,9209.4,9209.4,9206.6,9207.2,8.79780186
2019-11-02 14:14:00,9211.3,9211.3,9209.4,9209.5,1.5484843
2019-11-02 14:13:00,9208.9,9214.6,9208.3,9211.3,5.75982742
2019-11-02 14:12:00,9209,9209,9208.9,9209,0.23094095
2019-11-02 14:11:00,9208.2,9209.4,9208.2,9209,1.42540994
2019-11-02 14:10:00,9209.7,9209.8,9207.3,9208.2,0.27646741
2019-11-02 14:09:00,9206.4,9209.1,9206.4,9209.1,1.61913322
2019-11-02 14:08:00,9210.7,9210.7,9206.3,9206.3,2.77958604
2019-11-02 14:07:00,9209.2,9213.7,9209.2,9210.8,5.36870372
2019-11-02 14:06:00,9214.1,9214.1,9204,9209.2,27.36088422
2019-11-02 14:05:00,9215.7,9215.8,9212.3,9214.1,5.25671528
2019-11-02 14:04:00,9215.1,9215.8,9215,9215.8,2.61349117
2019-11-02 14:03:00,9216.7,9216.7,9215,9215.1,0.60862578
2019-11-02 14:02:00,9214.2,9216.7,9214.2,9216.6,0.53419616
2019-11-02 14:01:00,9216.6,9217,9214.1,9214.1,5.75114018
2019-11-02 14:00:00,9215.7,9216.7,9211,9216.7,2.27517117
2019-11-02 13:59:00,9214.9,9216.4,9213.4,9215.7,0.51636654
2019-11-02 13:58:00,9216.9,9218.1,9213.7,9214.9,16.56385134
2019-11-02 13:57:00,9217.2,9219.3,9216.8,9216.8,2.1966193
2019-11-02 13:56:00,9218.7,9219.4,9217.2,9217.2,1.92733248
2019-11-02 13:55:00,9212.9,9219.6,9212.9,9219.6,24.29183651
2019-11-02 13:54:00,9219.1,9219.1,9214.1,9214.1,1.76061622
2019-11-02 13:53:00,9220.9,9223.6,9220.9,9221.3,2.97387139
2019-11-02 13:52:00,9222.9,9222.9,9220.8,9220.9,0.47980404
2019-11-02 13:51:00,9221.5,9225.2,9221.5,9222.9,3.35889459
2019-11-02 13:50:00,9221.8,9221.8,9218.3,9221.6,1.55193927
2019-11-02 13:49:00,9220.7,9221.8,9219.4,9221.8,1.41273284
2019-11-02 13:48:00,9218,9220.8,9218,9220.7,0.78535634
2019-11-02 13:47:00,9224,9224,9218,9218,4.50513294
2019-11-02 13:46:00,9225.6,9226.4,9224,9224.1,1.7579734
2019-11-02 13:45:00,9224.9,9225.5,9224.6,9225.5,1.62158428
2019-11-02 13:44:00,9223.9,9225,9223.9,9224.9,0.89769326
2019-11-02 13:43:00,9223.3,9224,9223.2,9224,2.60321398
2019-11-02 13:42:00,9223.8,9224.7,9223.2,9223.3,3.93083659
2019-11-02 13:41:00,9223,9225.6,9223,9223.8,3.19518055
2019-11-02 13:40:00,9217,9223,9217,9223,3.94329352
2019-11-02 13:39:00,9216,9217,9216,9217,2.163568
2019-11-02 13:38:00,9214.2,9218.3,9214.2,9216,2.7179464
2019-11-02 13:37:00,9211.7,9213.6,9211.7,9213.6,35.10616095
2019-11-02 13:36:00,9213.3,9214.6,9209.2,9211.6,29.12293995
2019-11-02 13:35:00,9209.2,9213.2,9209.2,9213.2,1.89362826
2019-11-02 13:34:00,9210.9,9211,9208.7,9209.2,2.22540947
2019-11-02 13:33:00,9211.3,9211.3,9210.9,9210.9,10.87406881
2019-11-02 13:32:00,9213.8,9213.8,9211.2,9211.2,7.54022745
2019-11-02 13:31:00,9213.8,9213.8,9213.7,9213.7,2.22804018
2019-11-02 13:30:00,9218,9218,9213.7,9213.8,2.33195173
2019-11-02 13:29:00,9216.3,9218.4,9216.3,9218,2.66668873
2019-11-02 13:28:00,9217.8,9217.9,9216.2,9216.2,2.08598546
2019-11-02 13:27:00,9215,9217.9,9214.9,9217.9,0.62133796
2019-11-02 13:26:00,9215,9215,9213,9213.9,0.50257353
2019-11-02 13:25:00,9212.8,9214.2,9210.2,9213.3,5.94797726
2019-11-02 13:24:00,9213.1,9214.7,9213,9213.3,3.85421557
2019-11-02 13:23:00,9208,9213.5,9208,9213.1,3.57523875
2019-11-02 13:22:00,9212.9,9212.9,9207.8,9208,1.81415071
2019-11-02 13:21:00,9201.6,9212.9,9201.5,9212.9,0.89487875
2019-11-02 13:20:00,9209.3,9209.3,9201.8,9203.6,11.43895274
2019-11-02 13:19:00,9212.9,9212.9,9209.2,9209.2,7.10624468
2019-11-02 13:18:00,9212.9,9213.5,9212.8,9212.9,1.33541373
2019-11-02 13:17:00,9211.7,9215.4,9211.7,9212.9,2.85568342
2019-11-02 13:16:00,9213,9218.8,9211.7,9211.7,5.56001832
2019-11-02 13:15:00,9206.2,9212.5,9206.2,9212.5,1.26326041
2019-11-02 13:14:00,9211.8,9211.8,9206,9206.2,2.72238831
2019-11-02 13:13:00,9210,9211.8,9210,9211.8,1.83691175
2019-11-02 13:12:00,9206.6,9210,9205.6,9209.4,1.984357
2019-11-02 13:11:00,9205.7,9209.2,9205.7,9206.6,1.27375778
2019-11-02 13:10:00,9207.6,9207.6,9201.3,9205.6,9.13222677
2019-11-02 13:09:00,9207.4,9210,9207.4,9208,4.1781667
2019-11-02 13:08:00,9205.1,9207.9,9202.8,9207.5,7.45913655
2019-11-02 13:07:00,9199.2,9207.7,9199.2,9203.9,8.29714398
2019-11-02 13:06:00,9194.7,9200.5,9193.4,9199.1,14.12945741
2019-11-02 13:05:00,9194.8,9194.8,9194.7,9194.7,0.23499861
2019-11-02 13:04:00,9195.6,9195.6,9193.3,9194.8,0.49953657
2019-11-02 13:03:00,9195.4,9197.5,9195.4,9196.7,1.02914739
2019-11-02 13:02:00,9200.6,9200.6,9194.9,9195.4,1.65203744
2019-11-02 13:01:00,9200,9200.6,9194.6,9200.6,15.02069473
2019-11-02 13:00:00,9201.5,9201.5,9200,9200,3.08235001
2019-11-02 12:59:00,9204.9,9204.9,9201.4,9201.4,1.28901747
2019-11-02 12:58:00,9206.2,9206.2,9205,9205,1.25281031
2019-11-02 12:57:00,9205.1,9206.2,9205.1,9206.2,0.50634694
2019-11-02 12:56:00,9205.1,9205.2,9205.1,9205.2,0.04766005
2019-11-02 12:55:00,9204.6,9205.4,9204.6,9205.2,0.21727775
2019-11-02 12:54:00,9204,9205.2,9203.9,9204.6,0.28951873
2019-11-02 12:53:00,9204.7,9204.7,9201.4,9203.9,2.02321164
2019-11-02 12:52:00,9201.5,9207,9201.4,9204.7,1.93718274
2019-11-02 12:51:00,9203.8,9205.6,9201.4,9201.4,2.13627744
2019-11-02 12:50:00,9199,9203.1,9199,9203.1,3.31966069
2019-11-02 12:49:00,9200.7,9200.7,9199,9199,19.18151396
2019-11-02 12:48:00,9203.1,9203.1,9200,9201.6,15.85951753
2019-11-02 12:47:00,9203,9206.5,9203,9203,2.48315364
2019-11-02 12:46:00,9210.1,9210.1,9203.1,9203.1,7.57157502
2019-11-02 12:45:00,9211.9,9211.9,9210.1,9210.1,1.37266937
2019-11-02 12:44:00,9213.9,9213.9,9211.9,9211.9,1.2241585
2019-11-02 12:43:00,9216.6,9217.7,9214.3,9214.3,2.83027841
2019-11-02 12:42:00,9219,9219.8,9216.6,9216.6,2.1958158
2019-11-02 12:41:00,9218,9218,9217.9,9217.9,1.12200122
2019-11-02 12:40:00,9218,9218,9218,9218,0.24743372
2019-11-02 12:39:00,9217.4,9218,9217.3,9218,0.14625696
2019-11-02 12:38:00,9215.9,9217.9,9215.4,9217.4,6.39111569
2019-11-02 12:37:00,9215.9,9216,9215.8,9216,0.24704332
2019-11-02 12:36:00,9218.3,9219.8,9215.8,9215.8,2.59268394
2019-11-02 12:35:00,9217.1,9220.7,9217,9218.2,3.69271672
2019-11-02 12:34:00,9221.9,9222,9216.4,9217,2.7308298
2019-11-02 12:33:00,9219.2,9222,9219.2,9222,3.29144235
2019-11-02 12:32:00,9217.8,9219.2,9217.8,9219.1,1.38082471
2019-11-02 12:31:00,9218.5,9220.2,9217.8,9218.8,1.16322856
2019-11-02 12:30:00,9216.3,9218.5,9216.3,9218.5,0.76115446
2019-11-02 12:29:00,9214,9221,9214,9216.4,9.47703487
2019-11-02 12:28:00,9211.7,9214,9211.6,9213.9,3.11732075
2019-11-02 12:27:00,9213.9,9213.9,9210.8,9211.6,0.62066331
2019-11-02 12:26:00,9213.7,9215.8,9213.1,9214,49.97470007
2019-11-02 12:25:00,9212.2,9213.7,9212.2,9213.7,7.1880694
2019-11-02 12:24:00,9215,9215,9210.6,9212.2,11.94212581
2019-11-02 12:23:00,9217.9,9217.9,9215,9215,21.25423622
2019-11-02 12:22:00,9221.9,9222,9218,9218.6,3.53451594
2019-11-02 12:21:00,9223.8,9223.8,9220.8,9221.9,1.74453715
2019-11-02 12:20:00,9223.7,9224,9223.7,9223.8,1.0260975
2019-11-02 12:19:00,9223.8,9223.8,9223.6,9223.6,3.19325371
2019-11-02 12:18:00,9227.5,9227.5,9223.7,9223.8,1.02005936
2019-11-02 12:17:00,9225.1,9227.6,9225.1,9227.6,0.71989205
2019-11-02 12:16:00,9220,9223.8,9220,9223.8,11.11609044
2019-11-02 12:15:00,9219.8,9220,9219.2,9220,90.76650424
2019-11-02 12:14:00,9220.9,9221,9219.7,9219.7,1.1383313
2019-11-02 12:13:00,9220.1,9221,9220.1,9221,2.22148117
2019-11-02 12:12:00,9221,9221,9220.1,9220.1,7.34045726
2019-11-02 12:11:00,9223.4,9223.5,9218,9221,27.92632448
2019-11-02 12:10:00,9219.2,9223.5,9215.7,9223.4,7.21318727
2019-11-02 12:09:00,9223.6,9224.9,9220.8,9220.8,0.30868314
2019-11-02 12:08:00,9219.8,9225.9,9219.8,9223.6,4.36278658
2019-11-02 12:07:00,9230.5,9230.5,9219.7,9219.7,9.55571884
2019-11-02 12:06:00,9225.9,9230.5,9225.8,9230.5,5.02361294
2019-11-02 12:05:00,9226.8,9226.9,9225.8,9225.8,5.67715015
2019-11-02 12:04:00,9235.9,9235.9,9226.8,9226.8,26.12227766
2019-11-02 12:03:00,9238,9241.6,9235.9,9235.9,10.68597212
2019-11-02 12:02:00,9244.9,9244.9,9238,9238,2.95487041
2019-11-02 12:01:00,9241.3,9244.4,9241.3,9244.4,0.91376583
2019-11-02 12:00:00,9239.8,9241.7,9238.8,9241.3,1.52336898
2019-11-02 11:59:00,9241.4,9241.7,9239.3,9239.7,6.05316379
2019-11-02 11:58:00,9241.4,9241.5,9241.4,9241.5,0.0304359
2019-11-02 11:57:00,9242.7,9244.7,9241.3,9241.5,1.02834098
2019-11-02 11:56:00,9238.1,9242.7,9238.1,9242.7,3.91045158
2019-11-02 11:55:00,9242.7,9245,9238.1,9238.1,6.92837355
2019-11-02 11:54:00,9240.1,9243.5,9240,9242.6,0.41670488
2019-11-02 11:53:00,9242.5,9242.5,9240,9240.1,1.2939263
2019-11-02 11:52:00,9240.8,9242.6,9240.8,9242.5,0.55041806
2019-11-02 11:51:00,9234.6,9242.5,9234.5,9240.8,99.62247876
2019-11-02 11:50:00,9238.7,9238.7,9234.5,9234.5,1.61837197
2019-11-02 11:49:00,9237.5,9238.7,9237.2,9238.7,0.97646965
2019-11-02 11:48:00,9240.9,9240.9,9237.4,9237.4,1.40849202
2019-11-02 11:47:00,9236.2,9241.1,9235.8,9240.8,9.52198181
2019-11-02 11:46:00,9236.4,9240.4,9235.2,9236.1,2.16574637
2019-11-02 11:45:00,9233.3,9237.7,9230.6,9236.3,3.35881535
2019-11-02 11:44:00,9237.4,9237.5,9233.3,9233.3,38.45311493
2019-11-02 11:43:00,9237.5,9237.6,9237.4,9237.4,8.62638256
2019-11-02 11:42:00,9241.4,9241.4,9237.4,9237.5,4.54979278
2019-11-02 11:41:00,9240.2,9244.5,9240.1,9241.4,10.52892996
2019-11-02 11:40:00,9247.1,9247.1,9240.1,9240.1,9.61296277
2019-11-02 11:39:00,9244.8,9247.6,9244.8,9247.1,8.06010348
2019-11-02 11:38:00,9246.9,9246.9,9244.8,9244.8,6.95825438
2019-11-02 11:37:00,9250.4,9250.5,9246.8,9246.8,1.32358383
2019-11-02 11:36:00,9254.3,9257.1,9250.4,9250.4,16.14226842
2019-11-02 11:35:00,9254.2,9254.2,9251.6,9254.2,0.81065191
2019-11-02 11:34:00,9251.8,9254.2,9251.8,9254.1,5.87862774
2019-11-02 11:33:00,9247.7,9252.2,9247.6,9251.9,2.2725036
2019-11-02 11:32:00,9247.3,9247.7,9247.2,9247.6,1.95354661
2019-11-02 11:31:00,9241.9,9247.7,9241.9,9247.2,15.30464536
2019-11-02 11:30:00,9240.9,9242,9240.8,9242,5.81518479
2019-11-02 11:29:00,9242.2,9242.2,9240.8,9240.8,2.50609997
2019-11-02 11:28:00,9243.9,9247,9241.4,9242.2,3.43139316
2019-11-02 11:27:00,9247.7,9252.2,9243.6,9243.8,4.00534283
2019-11-02 11:26:00,9248.6,9248.6,9246.6,9247.7,1.77931455
2019-11-02 11:25:00,9248.5,9248.6,9248.5,9248.5,0.56346909
2019-11-02 11:24:00,9244.7,9248.6,9244.7,9248.5,8.96342104
2019-11-02 11:23:00,9246.1,9246.2,9243.3,9244.8,5.96874115
2019-11-02 11:22:00,9242.5,9246.2,9242.5,9246.2,3.61918622
2019-11-02 11:21:00,9242.6,9244.1,9241.9,9242.6,3.47369169
2019-11-02 11:20:00,9242.3,9244.3,9240.5,9244,5.46858289
2019-11-02 11:19:00,9239.2,9244.4,9239.1,9242.3,5.21078307
2019-11-02 11:18:00,9241.2,9245.2,9239.1,9239.6,4.97555265
2019-11-02 11:17:00,9253.5,9253.6,9241.2,9241.2,24.26615748
2019-11-02 11:16:00,9252.4,9254.9,9252.4,9253.6,9.3101631
2019-11-02 11:15:00,9248.5,9253.5,9248.3,9251.8,6.30982006
2019-11-02 11:14:00,9246.7,9248.5,9243.9,9248.5,11.15931167
2019-11-02 11:13:00,9243.9,9246.8,9243.9,9246.8,7.21366171
2019-11-02 11:12:00,9242.3,9244.8,9242.3,9243.9,8.85219515
2019-11-02 11:11:00,9242.5,9243.8,9239.6,9242.3,12.58610641
2019-11-02 11:10:00,9240.1,9244,9240,9242.6,3.71186847
2019-11-02 11:09:00,9239.7,9240.1,9236.4,9240,5.35951977
2019-11-02 11:08:00,9235.7,9239.8,9235.6,9239.8,10.35771868
2019-11-02 11:07:00,9235.7,9239.4,9234.7,9235.6,3.46062323
2019-11-02 11:06:00,9236.6,9238.8,9232.4,9235.7,2.11300883
2019-11-02 11:05:00,9242,9245,9233.7,9235.4,39.30181617
2019-11-02 11:04:00,9232,9242.1,9230,9242,16.91506912
2019-11-02 11:03:00,9238.5,9238.5,9231.2,9232,24.18099092
2019-11-02 11:02:00,9241.3,9241.3,9238,9238.5,32.09945129
2019-11-02 11:01:00,9240.2,9244.2,9240.2,9241.2,17.13250781
2019-11-02 11:00:00,9252,9252,9240,9240.1,5.55575553
2019-11-02 10:59:00,9246.1,9252,9244,9252,31.56818386
2019-11-02 10:58:00,9241.7,9246.1,9241.7,9246.1,9.81745303
2019-11-02 10:57:00,9237.2,9244.5,9237.1,9241.8,5.62802227
2019-11-02 10:56:00,9241.6,9241.6,9235.9,9237.2,9.39251684
2019-11-02 10:55:00,9244.4,9244.5,9241.5,9241.6,1.1530748
2019-11-02 10:54:00,9235.6,9244.6,9235.6,9244.6,6.75689084
2019-11-02 10:53:00,9235.5,9235.8,9235.5,9235.7,1.28133506
2019-11-02 10:52:00,9232.9,9235.8,9230.6,9235.7,3.13233538
2019-11-02 10:51:00,9235.8,9235.8,9230.6,9232.9,6.3697927
2019-11-02 10:50:00,9240.1,9240.1,9234,9235.8,3.59767307
2019-11-02 10:49:00,9241.6,9248,9238.7,9240.1,5.66776533
2019-11-02 10:48:00,9234.7,9241.9,9233.1,9241.5,14.07694725
2019-11-02 10:47:00,9233.9,9234.8,9230,9234.8,3.5241895
2019-11-02 10:46:00,9234.5,9237.6,9232.4,9234,14.73831916
2019-11-02 10:45:00,9232.4,9250,9232.4,9234.5,30.76422121
2019-11-02 10:44:00,9228.7,9232.2,9225.8,9231.1,3.81269633
2019-11-02 10:43:00,9222.1,9229,9222.1,9228.8,6.77365109
2019-11-02 10:42:00,9223.1,9223.1,9220.8,9222.1,3.96540875
2019-11-02 10:41:00,9222.1,9224,9222,9223.2,1.65352721
2019-11-02 10:40:00,9220,9222.1,9220,9222.1,0.50516794
2019-11-02 10:39:00,9218.3,9220,9218.3,9220,1.04614455
2019-11-02 10:38:00,9220.9,9221.9,9216.5,9218.7,9.91990555
2019-11-02 10:37:00,9223,9223,9220.9,9220.9,3.89368232
2019-11-02 10:36:00,9221.1,9222.4,9218.1,9222.4,1.64594105
2019-11-02 10:35:00,9222.1,9225.1,9219.2,9221.2,5.09712229
2019-11-02 10:34:00,9223.7,9224.9,9222.2,9222.2,2.06577392
2019-11-02 10:33:00,9221,9223.8,9221,9223.8,1.5357583
2019-11-02 10:32:00,9220,9221.8,9219.2,9221.1,1.60217758
2019-11-02 10:31:00,9217.6,9220.6,9217.5,9220.5,0.85688518
2019-11-02 10:30:00,9214,9217.6,9213.4,9217.5,1.42667238
2019-11-02 10:29:00,9214.6,9214.6,9212.2,9214,2.34755233
2019-11-02 10:28:00,9217.4,9218.5,9213.5,9214.6,3.76639396
2019-11-02 10:27:00,9218.5,9218.5,9215.3,9217.3,1.53065742
2019-11-02 10:26:00,9211.9,9219.4,9211.8,9218.6,3.90757981
2019-11-02 10:25:00,9217.8,9217.8,9210,9211.9,7.98574494
2019-11-02 10:24:00,9222.3,9222.3,9216.8,9216.8,3.82327016
2019-11-02 10:23:00,9223.1,9223.4,9218.6,9223.4,0.83144187
2019-11-02 10:22:00,9222.7,9224.2,9219.5,9223.1,5.50098154
2019-11-02 10:21:00,9222.6,9225,9222.6,9222.7,3.73998564
2019-11-02 10:20:00,9222.6,9222.7,9218,9222.6,6.1925117
2019-11-02 10:19:00,9223.6,9223.7,9222.6,9222.7,1.77104412
2019-11-02 10:18:00,9225.7,9225.7,9223.7,9223.7,0.58092484
2019-11-02 10:17:00,9230.2,9230.2,9223.6,9225.7,7.82780484
2019-11-02 10:16:00,9234.5,9235.8,9230.2,9230.2,0.88242824
2019-11-02 10:15:00,9229.5,9233.1,9229.5,9233.1,0.29472556
2019-11-02 10:14:00,9226.6,9235.3,9226.3,9229.5,2.3701091
2019-11-02 10:13:00,9223.6,9226.5,9221.2,9226.5,0.85907925
2019-11-02 10:12:00,9224.2,9224.2,9223.6,9223.6,3.45697323
2019-11-02 10:11:00,9229.3,9229.3,9224.1,9224.1,6.14015688
2019-11-02 10:10:00,9225.8,9229.4,9225.8,9229.3,1.05176172
2019-11-02 10:09:00,9231.3,9231.3,9225.4,9225.5,6.63606084
2019-11-02 10:08:00,9236.8,9236.8,9231.3,9231.3,2.6840137
2019-11-02 10:07:00,9236.8,9236.9,9236.8,9236.8,0.16221925
2019-11-02 10:06:00,9236.8,9236.9,9236.2,9236.3,10.67953611
2019-11-02 10:05:00,9239.1,9239.1,9236.6,9236.8,0.70946304
2019-11-02 10:04:00,9236.7,9240,9236.7,9239.1,1.2667057
2019-11-02 10:03:00,9235.9,9236.8,9234.9,9236.7,4.43190992
2019-11-02 10:02:00,9239.2,9239.2,9236.7,9236.7,3.81007663
2019-11-02 10:01:00,9239.6,9240,9239.2,9239.2,4.13867861
2019-11-02 10:00:00,9234.7,9242.8,9234.7,9239.5,3.69996962
2019-11-02 09:59:00,9238.3,9238.3,9234.7,9234.7,7.42317796
2019-11-02 09:58:00,9237,9238.4,9237,9238.3,1.06782146
2019-11-02 09:57:00,9234.4,9238.7,9234.3,9237.1,18.90812379
2019-11-02 09:56:00,9233.5,9234.5,9230.2,9234.5,40.28778064
2019-11-02 09:55:00,9234.1,9234.1,9227.7,9233.6,1.99253276
2019-11-02 09:54:00,9239,9239,9233.9,9234.1,0.98808337
2019-11-02 09:53:00,9234.6,9241.7,9234.6,9239.1,0.44982676
2019-11-02 09:52:00,9227.2,9235.2,9227.2,9234.6,2.50202738
2019-11-02 09:51:00,9227.8,9228,9224.9,9227.2,19.41504788
2019-11-02 09:50:00,9231.8,9236.9,9226.9,9227.9,4.24143315
2019-11-02 09:49:00,9235.3,9236.5,9231.8,9231.8,4.89369568
2019-11-02 09:48:00,9237.9,9242.8,9234.9,9235.2,5.3354274
2019-11-02 09:47:00,9227.9,9242.4,9227.9,9237.9,18.64792971
2019-11-02 09:46:00,9237.4,9237.4,9226.2,9227.9,11.26909285
2019-11-02 09:45:00,9246,9246,9237.4,9237.4,5.33612673
2019-11-02 09:44:00,9253,9253,9244.4,9245.9,16.64377145
2019-11-02 09:43:00,9256.2,9257.9,9252.5,9252.9,3.29322859
2019-11-02 09:42:00,9253,9258.3,9252,9256.1,5.33680348
2019-11-02 09:41:00,9248.7,9260.3,9248.7,9255.2,136.06104259
2019-11-02 09:40:00,9250.2,9250.6,9247.9,9248.7,2.513971
2019-11-02 09:39:00,9246.8,9251.1,9246.8,9250.2,0.12307791
2019-11-02 09:38:00,9248.1,9248.1,9244,9246.8,3.38651634
2019-11-02 09:37:00,9250.1,9251.3,9247.9,9248,0.23980765
2019-11-02 09:36:00,9250.7,9251.5,9247.7,9250.1,2.75518402
2019-11-02 09:35:00,9258,9258.1,9247.8,9250.6,2.02110907
2019-11-02 09:34:00,9259,9260.9,9258,9258.1,1.50858599
2019-11-02 09:33:00,9252.8,9259,9252.8,9259,1.05419432
2019-11-02 09:32:00,9259.2,9259.3,9249.2,9252.7,3.38437993
2019-11-02 09:31:00,9263.9,9270.8,9256.9,9259.5,4.30164969
2019-11-02 09:30:00,9259.2,9267.3,9259.2,9265.3,12.17982665
2019-11-02 09:29:00,9253.4,9259.2,9253.3,9259.1,1.26616741
2019-11-02 09:28:00,9260.9,9260.9,9252.5,9252.5,0.82089857
2019-11-02 09:27:00,9254.9,9261.7,9254.9,9260.9,5.67603758
2019-11-02 09:26:00,9247.6,9254.9,9247.6,9254.9,3.05351222
2019-11-02 09:25:00,9241.4,9247.5,9241.4,9247.5,2.77944705
2019-11-02 09:24:00,9239.7,9244.9,9239,9241.5,4.47420837
2019-11-02 09:23:00,9240.3,9242.1,9237.8,9240.7,3.18162151
2019-11-02 09:22:00,9245.8,9245.8,9239.4,9239.4,10.57195518
2019-11-02 09:21:00,9251.7,9251.8,9240.3,9245.5,3.22397284
2019-11-02 09:20:00,9243.2,9252.3,9243.2,9251.8,0.25274367
2019-11-02 09:19:00,9240.8,9245.7,9234.2,9243,18.9876763
2019-11-02 09:18:00,9252.6,9253.7,9240.3,9241.4,21.15182214
2019-11-02 09:17:00,9260.2,9260.2,9249.4,9252.6,11.92121088
2019-11-02 09:16:00,9267.7,9269.6,9260.1,9260.1,9.02569575
2019-11-02 09:15:00,9262.8,9267.7,9262.8,9267.7,13.79516974
2019-11-02 09:14:00,9262.1,9263.2,9262.1,9262.8,0.71327112
2019-11-02 09:13:00,9257.9,9262.5,9257.9,9261.7,0.6155224
2019-11-02 09:12:00,9259.5,9259.6,9256.6,9257.9,3.25970284
2019-11-02 09:11:00,9254.6,9260,9254.6,9259.6,45.66962215
2019-11-02 09:10:00,9260,9262.4,9251,9255.1,11.96387886
2019-11-02 09:09:00,9262.7,9267.1,9257.5,9260.7,28.93119384
2019-11-02 09:08:00,9259,9262.7,9259,9262.7,6.91962656
2019-11-02 09:07:00,9255.1,9263.2,9255.1,9258.9,32.0404298
2019-11-02 09:06:00,9250.7,9256.7,9250.7,9254.2,6.74993022
2019-11-02 09:05:00,9246.6,9250.7,9246.6,9250.6,3.43887123
2019-11-02 09:04:00,9247.8,9247.8,9244.8,9247.2,2.92353108
2019-11-02 09:03:00,9244.8,9249.9,9244.8,9247.7,9.73324792
2019-11-02 09:02:00,9244.8,9244.9,9244.8,9244.8,1.72023705
2019-11-02 09:01:00,9244.2,9247.2,9244.2,9244.8,2.99440887
2019-11-02 09:00:00,9242.1,9246.5,9242,9244.3,9.67908747
2019-11-02 08:59:00,9242,9242.2,9242,9242.1,0.25178018
2019-11-02 08:58:00,9246,9247.3,9241,9242.1,6.64672099
2019-11-02 08:57:00,9238.9,9246,9238.9,9246,0.32786744
2019-11-02 08:56:00,9243.3,9243.3,9237.4,9238.9,2.1137806
2019-11-02 08:55:00,9244.6,9250,9243.2,9243.2,12.13923042
2019-11-02 08:54:00,9238,9244.6,9237.9,9244.6,8.97974938
2019-11-02 08:53:00,9237.4,9239.6,9233.6,9238,1.9212763
2019-11-02 08:52:00,9240,9240,9230.4,9237.5,22.85269593
2019-11-02 08:51:00,9232,9240.1,9232,9240.1,4.10506293
2019-11-02 08:50:00,9226.8,9232,9226.8,9232,3.0871408
2019-11-02 08:49:00,9225.1,9226.8,9225.1,9226.7,0.71915996
2019-11-02 08:48:00,9226.1,9228.1,9225,9225,1.84536808
2019-11-02 08:47:00,9224.3,9227.9,9224.3,9226,2.5774342
2019-11-02 08:46:00,9229.2,9229.2,9224.3,9224.3,9.55442922
2019-11-02 08:45:00,9226,9229.7,9225.9,9229.1,2.6568365
2019-11-02 08:44:00,9225.2,9226,9223.6,9226,2.77546776
2019-11-02 08:43:00,9235.1,9235.2,9225,9225.2,7.79434177
2019-11-02 08:42:00,9235.5,9235.5,9235.1,9235.1,3.3297129
2019-11-02 08:41:00,9235.9,9236.6,9235.1,9235.2,9.8316761
2019-11-02 08:40:00,9236.6,9237.2,9235.8,9235.8,1.00633585
2019-11-02 08:39:00,9235.9,9237.2,9234.9,9236.5,5.63940881
2019-11-02 08:38:00,9234.9,9236.2,9232.9,9235.9,1.04823996
2019-11-02 08:37:00,9232.3,9236.2,9232.3,9234.9,4.55898641
2019-11-02 08:36:00,9232.8,9235.9,9232.2,9232.3,2.48417528
2019-11-02 08:35:00,9235.6,9242.5,9233.4,9233.4,16.630865
2019-11-02 08:34:00,9225.3,9235.6,9225.3,9235.5,4.86543558
2019-11-02 08:33:00,9222.2,9225,9222.2,9225,1.89136563
2019-11-02 08:32:00,9217.9,9222.5,9217.8,9222.1,2.47921924
2019-11-02 08:31:00,9225.1,9225.1,9212,9217.6,42.2010144
2019-11-02 08:30:00,9230,9230,9225,9225.1,6.76753788
2019-11-02 08:29:00,9228.6,9230,9228.5,9230,2.3742853
2019-11-02 08:28:00,9227.5,9229,9227.2,9228.6,2.75406628
2019-11-02 08:27:00,9227.6,9227.6,9225,9227.4,3.07346513
2019-11-02 08:26:00,9225.2,9227.7,9224.1,9227.7,0.91277814
2019-11-02 08:25:00,9228.5,9228.6,9225.2,9225.2,3.84758607
2019-11-02 08:24:00,9229.4,9230.3,9227,9229.7,1.38863037
2019-11-02 08:23:00,9225,9239.1,9223.9,9228.7,11.12119752
2019-11-02 08:22:00,9220,9233.1,9220,9225.3,18.8890511
2019-11-02 08:21:00,9236.4,9238.7,9220.8,9220.8,17.4298543
2019-11-02 08:20:00,9244.6,9244.6,9232.7,9235.9,14.11156377
2019-11-02 08:19:00,9246.7,9248.4,9244.6,9244.6,7.48064884
2019-11-02 08:18:00,9257,9258.7,9247.7,9247.7,6.6485784
2019-11-02 08:17:00,9257,9261.3,9255.7,9256.6,5.06061172
2019-11-02 08:16:00,9265.6,9265.8,9257,9257,50.46175986
2019-11-02 08:15:00,9253.2,9266.1,9253.1,9265.6,6.89478056
2019-11-02 08:14:00,9250,9253.3,9246.2,9253.1,16.07095349
2019-11-02 08:13:00,9244.6,9250,9244.6,9250,10.65565554
2019-11-02 08:12:00,9243.3,9248.3,9241.7,9244.6,0.92179028
2019-11-02 08:11:00,9255.7,9255.7,9244.2,9244.2,54.20960723
2019-11-02 08:10:00,9261.2,9265,9255.6,9257.2,3.91449101
2019-11-02 08:09:00,9253.9,9273,9253.8,9263.1,30.46160039
2019-11-02 08:08:00,9254.7,9258,9253.9,9254.7,2.88573147
2019-11-02 08:07:00,9246.3,9254.7,9244.2,9254.7,3.51848501
2019-11-02 08:06:00,9244.8,9246.1,9244.7,9246.1,1.17120061
2019-11-02 08:05:00,9248.8,9251.5,9242.5,9244.7,20.78361754
2019-11-02 08:04:00,9244.8,9251.7,9244.8,9248.8,2.87031039
2019-11-02 08:03:00,9249.8,9249.8,9240.2,9244.8,1.24545452
2019-11-02 08:02:00,9250.3,9256,9247.3,9250,66.58759496
2019-11-02 08:01:00,9243.5,9253,9243.5,9250.2,17.12261346
2019-11-02 08:00:00,9227.9,9243.4,9227.9,9243.4,4.2313354
2019-11-02 07:59:00,9227.8,9227.9,9227.8,9227.9,0.32412613
2019-11-02 07:58:00,9230.9,9230.9,9224.3,9228.5,3.51884412
2019-11-02 07:57:00,9232.5,9232.9,9230.8,9230.8,0.7315735
2019-11-02 07:56:00,9224.8,9233.4,9224.8,9232.5,14.08813347
2019-11-02 07:55:00,9224.8,9224.8,9222.1,9224.1,7.05137505
2019-11-02 07:54:00,9224.2,9225,9224.1,9224.7,3.35832394
2019-11-02 07:53:00,9223.3,9224.1,9223.3,9224.1,0.13074966
2019-11-02 07:52:00,9219.3,9222.2,9219.3,9222,3.52698522
2019-11-02 07:51:00,9217.7,9219.9,9215,9219.4,6.30175956
2019-11-02 07:50:00,9219.5,9220.8,9217.8,9217.8,1.62991205
2019-11-02 07:49:00,9221.7,9221.8,9217.6,9219.1,4.85867703
2019-11-02 07:48:00,9221.1,9224.5,9221,9221.8,10.97067165
2019-11-02 07:47:00,9217.2,9221.5,9212.8,9221.1,2.47939799
2019-11-02 07:46:00,9221.2,9221.3,9216.2,9217.2,4.30691032
2019-11-02 07:45:00,9215.6,9223.6,9215.6,9221.3,2.96340233
2019-11-02 07:44:00,9218.8,9219.2,9214.2,9216.3,3.21328501
2019-11-02 07:43:00,9225.3,9225.3,9218.7,9218.8,6.39314735
2019-11-02 07:42:00,9232.8,9233.6,9221.1,9224.3,23.33417051
2019-11-02 07:41:00,9237.7,9237.8,9232.7,9232.8,1.7910974
2019-11-02 07:40:00,9239.8,9241,9238,9238,8.6608208
2019-11-02 07:39:00,9240.2,9243.4,9239.7,9239.7,21.60529052
2019-11-02 07:38:00,9240,9243.7,9235.7,9243.1,9.29476264
2019-11-02 07:37:00,9236.9,9241.6,9236.9,9240.1,3.32012171
2019-11-02 07:36:00,9231.2,9236.3,9231.2,9236.3,2.30472096
2019-11-02 07:35:00,9232.4,9233.1,9229.2,9231.4,0.80798226
2019-11-02 07:34:00,9229.5,9237.2,9229.5,9233.2,4.46438023
2019-11-02 07:33:00,9235.8,9235.8,9228.3,9229.4,1.83449887
2019-11-02 07:32:00,9239.6,9241.9,9235.9,9236.1,20.90689081
2019-11-02 07:31:00,9234.8,9242.6,9233.2,9239.7,9.76072662
2019-11-02 07:30:00,9231.8,9235.1,9229.8,9234.9,0.9125079
2019-11-02 07:29:00,9237.6,9237.6,9231.7,9232.1,1.51245671
2019-11-02 07:28:00,9233.6,9237.8,9233.5,9237.6,26.9101656
2019-11-02 07:27:00,9237.7,9243.6,9230.7,9233.6,5.14372914
2019-11-02 07:26:00,9227.7,9237.7,9225.4,9237.7,14.84547829
2019-11-02 07:25:00,9227.7,9227.8,9221.3,9226.1,2.72317108
2019-11-02 07:24:00,9228.1,9232.1,9225.7,9227.7,13.87634114
2019-11-02 07:23:00,9238.4,9240.7,9223,9228.1,47.27026971
2019-11-02 07:22:00,9237.3,9245,9232.8,9238.4,11.49907395
2019-11-02 07:21:00,9229.4,9242.9,9229.4,9236.7,19.52853943
2019-11-02 07:20:00,9209.5,9236.3,9209.5,9229.4,65.8828697
2019-11-02 07:19:00,9208.5,9211.3,9208.5,9209.9,0.77732825
2019-11-02 07:18:00,9206.7,9209.2,9206.7,9208.5,1.2791918
2019-11-02 07:17:00,9214.1,9214.1,9205.9,9206.6,17.41947272
2019-11-02 07:16:00,9216.5,9217.6,9212.4,9212.7,19.17087915
2019-11-02 07:15:00,9215.4,9217.2,9214,9216.6,8.28200089
2019-11-02 07:14:00,9222.7,9225,9215.4,9215.4,31.10597502
2019-11-02 07:13:00,9221.6,9225,9219.7,9221.7,10.9216821
2019-11-02 07:12:00,9207.9,9221.5,9207.9,9221.5,11.54790659
2019-11-02 07:11:00,9208.9,9209,9207.8,9207.8,1.12233287
2019-11-02 07:10:00,9214.1,9214.1,9209,9209,34.41389367
2019-11-02 07:09:00,9219.9,9219.9,9214.1,9214.1,34.38737191
2019-11-02 07:08:00,9213.6,9223.5,9213.6,9218.3,5.59817205
2019-11-02 07:07:00,9210.2,9216.1,9210.2,9214.8,0.79258573
2019-11-02 07:06:00,9211.7,9213.1,9210.1,9211.7,5.89329472
2019-11-02 07:05:00,9198.7,9209.8,9198.7,9209.8,2.30901255
2019-11-02 07:04:00,9196,9198,9191.3,9198,0.89451428
2019-11-02 07:03:00,9194.3,9201.9,9194.3,9196,5.03239047
2019-11-02 07:02:00,9202.5,9202.5,9185.6,9195.1,27.91776861
2019-11-02 07:01:00,9200.2,9204.5,9200.2,9202.5,7.77415525
2019-11-02 07:00:00,9190,9206.7,9187.8,9200.2,27.2006397
2019-11-02 06:59:00,9202.5,9202.5,9180.1,9189.8,12.76462271
2019-11-02 06:58:00,9212.3,9212.3,9203.3,9203.3,3.97482119
2019-11-02 06:57:00,9209.9,9213.5,9209.9,9213.3,8.70157983
2019-11-02 06:56:00,9206.2,9210.9,9206.2,9209.8,2.9496349
2019-11-02 06:55:00,9205.1,9206,9205,9206,4.994911
2019-11-02 06:54:00,9205.3,9208.1,9205.1,9205.1,5.09229216
2019-11-02 06:53:00,9207.8,9208.6,9205,9205.1,2.29716149
2019-11-02 06:52:00,9210.4,9210.4,9208.5,9208.5,0.0746571
2019-11-02 06:51:00,9214,9214,9209.4,9210.5,4.03936042
2019-11-02 06:50:00,9214.1,9218.5,9214.1,9215,0.12311108
2019-11-02 06:49:00,9206.2,9213.8,9204.5,9213.8,4.83701364
2019-11-02 06:48:00,9215.4,9215.4,9206.3,9206.3,0.31612787
2019-11-02 06:47:00,9216.8,9217.6,9213.1,9215.5,0.84242552
2019-11-02 06:46:00,9216,9222.5,9216,9216.8,1.04577009
2019-11-02 06:45:00,9212.4,9213.6,9208.9,9213.6,2.25595259
2019-11-02 06:44:00,9213.6,9214.9,9206.1,9211.1,13.22312959
2019-11-02 06:43:00,9213.1,9220.2,9213.1,9213.7,4.59078243
2019-11-02 06:42:00,9211.1,9214,9209.8,9212.7,10.68972969
2019-11-02 06:41:00,9205.2,9217.2,9205.2,9211.6,2.60362419
2019-11-02 06:40:00,9200,9205.1,9199.8,9205.1,1.83034482
2019-11-02 06:39:00,9201.4,9205.3,9200.2,9201,1.478789
2019-11-02 06:38:00,9207.8,9208.1,9200.7,9202,5.21487373
2019-11-02 06:37:00,9206.6,9209.9,9206.6,9207.2,1.13164147
2019-11-02 06:36:00,9206.8,9211.6,9206.6,9206.6,11.45356157
2019-11-02 06:35:00,9220.6,9221.6,9208.2,9208.2,9.32114657
2019-11-02 06:34:00,9219.7,9221.6,9217.5,9220.6,2.12219459
2019-11-02 06:33:00,9216.7,9220.9,9216.7,9220.9,3.60107296
2019-11-02 06:32:00,9229.3,9231.7,9211.8,9214.3,36.5860013
2019-11-02 06:31:00,9234.5,9246.3,9229.3,9229.3,46.81991967
2019-11-02 06:30:00,9224.6,9234.5,9224.6,9234.5,19.66579416
2019-11-02 06:29:00,9213.8,9224,9213.8,9224,8.07073383
2019-11-02 06:28:00,9207.2,9216.3,9207.2,9213.8,11.09783678
2019-11-02 06:27:00,9206.9,9208.6,9206.5,9206.5,1.49596155
2019-11-02 06:26:00,9206.6,9206.6,9204.5,9206.5,6.72074575
2019-11-02 06:25:00,9201,9206.8,9196.6,9206.7,5.8966016
2019-11-02 06:24:00,9203.1,9205.3,9199.7,9201,5.78018037
2019-11-02 06:23:00,9208.6,9211.1,9201.2,9203.2,11.24612409
2019-11-02 06:22:00,9197.8,9210.8,9197.8,9208.5,11.55038572
2019-11-02 06:21:00,9208.4,9209.2,9194.1,9197.8,5.49232099
2019-11-02 06:20:00,9221.9,9221.9,9197.5,9208.9,33.63070776
2019-11-02 06:19:00,9221.9,9222.7,9221.9,9221.9,0.25762081
2019-11-02 06:18:00,9217.7,9228.7,9217.7,9221.7,3.48563844
2019-11-02 06:17:00,9220.1,9220.1,9211.2,9215.9,4.9415103
2019-11-02 06:16:00,9223.2,9223.2,9214.3,9220.1,20.13220581
2019-11-02 06:15:00,9236.8,9239,9214.3,9221.4,75.02325257
2019-11-02 06:14:00,9246.1,9246.1,9236.4,9236.8,3.39067403
2019-11-02 06:13:00,9254.2,9254.2,9240.2,9245.2,6.01114495
2019-11-02 06:12:00,9241.9,9259.3,9241.6,9254.2,8.15597542
2019-11-02 06:11:00,9259.5,9259.5,9236.4,9241.9,36.86127126
2019-11-02 06:10:00,9273.4,9277,9259.1,9259.5,46.15299704
2019-11-02 06:09:00,9263,9273.3,9263,9273.3,11.52113513
2019-11-02 06:08:00,9266,9267.9,9259,9263.1,33.39027601
2019-11-02 06:07:00,9260,9268.1,9260,9268.1,9.86317585
2019-11-02 06:06:00,9251.5,9260,9250.4,9260,9.28587332
2019-11-02 06:05:00,9252.5,9253.9,9250.3,9251.5,4.84738464
2019-11-02 06:04:00,9239.2,9255.7,9239.2,9252.5,12.62073732
2019-11-02 06:03:00,9247.7,9249.2,9239.2,9239.2,7.53223542
2019-11-02 06:02:00,9236.4,9249.3,9233.8,9249.3,7.71399394
2019-11-02 06:01:00,9247.2,9247.2,9236.4,9236.4,10.79084756
2019-11-02 06:00:00,9257.7,9259.1,9246,9247.8,27.33715972
2019-11-02 05:59:00,9244.2,9257.7,9244.2,9257.7,16.01730519
2019-11-02 05:58:00,9238.8,9243.3,9238.7,9243.3,3.54642473
2019-11-02 05:57:00,9236.4,9243.7,9236.4,9238.8,2.69733732
2019-11-02 05:56:00,9234.3,9235.6,9229.1,9235.6,2.37437797
2019-11-02 05:55:00,9238.9,9239.5,9234.4,9234.5,3.22555154
2019-11-02 05:54:00,9240.2,9245,9236.8,9238.2,37.67100384
2019-11-02 05:53:00,9240.1,9240.5,9236.4,9239.4,15.81582185
2019-11-02 05:52:00,9243.1,9245,9237.5,9241.5,6.59826051
2019-11-02 05:51:00,9262.8,9262.8,9236.3,9243.1,51.5083903
2019-11-02 05:50:00,9238.9,9276,9238.8,9263.4,110.92303447
2019-11-02 05:49:00,9222.4,9238.9,9222.3,9238.8,17.61835524
2019-11-02 05:48:00,9215.8,9230.7,9215.8,9222.4,11.62201255
2019-11-02 05:47:00,9211.5,9218.2,9209.4,9215.8,8.28565315
2019-11-02 05:46:00,9222,9222,9206,9211.5,22.65950261
2019-11-02 05:45:00,9235.9,9235.9,9220.2,9222.2,9.23031315
2019-11-02 05:44:00,9250,9251.1,9224,9236,60.84056647
2019-11-02 05:43:00,9224.3,9250,9224.3,9249.9,75.05475113
2019-11-02 05:42:00,9205.6,9224.3,9205.6,9224.1,8.14039745
2019-11-02 05:41:00,9201.7,9205.9,9201.6,9205.6,0.12900157
2019-11-02 05:40:00,9199.4,9201.7,9199.4,9201.7,0.13569756
2019-11-02 05:39:00,9200.5,9200.5,9198.6,9199.4,1.30451804
2019-11-02 05:38:00,9204.1,9204.1,9198.3,9200.4,22.20188998
2019-11-02 05:37:00,9204.2,9204.2,9204.1,9204.2,0.25853276
2019-11-02 05:36:00,9204.8,9204.8,9203.3,9203.3,0.65665149
2019-11-02 05:35:00,9205.3,9205.4,9203.4,9204.8,0.48761995
2019-11-02 05:34:00,9205.6,9205.6,9205.5,9205.5,0.09604416
2019-11-02 05:33:00,9206.4,9206.4,9205.5,9205.6,0.40677647
2019-11-02 05:32:00,9209.4,9211,9206.9,9206.9,4.27532084
2019-11-02 05:31:00,9211,9215,9210.2,9210.2,2.44269686
2019-11-02 05:30:00,9213.4,9215.1,9213.3,9213.3,1.48743595
2019-11-02 05:29:00,9207.1,9214.5,9202.5,9213.4,15.27547514
2019-11-02 05:28:00,9196,9208.6,9196,9207.7,13.33069946
2019-11-02 05:27:00,9196,9196,9195.9,9195.9,0.18874507
2019-11-02 05:26:00,9195.9,9196,9195.9,9195.9,1.08882415
2019-11-02 05:25:00,9191.4,9195.5,9191.4,9195.5,0.45827368
2019-11-02 05:24:00,9188.4,9191.3,9188.3,9191.3,11.78840676
2019-11-02 05:23:00,9188.7,9188.7,9188.3,9188.4,0.35285041
2019-11-02 05:22:00,9189.8,9189.8,9187.2,9188.8,2.49251773
2019-11-02 05:21:00,9189.8,9189.8,9189.8,9189.8,0.47285683
2019-11-02 05:20:00,9186.3,9190.4,9186.3,9189.9,1.68462036
2019-11-02 05:19:00,9186.2,9186.3,9186.2,9186.3,0.35400706
2019-11-02 05:18:00,9186.1,9186.1,9186.1,9186.1,0.14875821
2019-11-02 05:17:00,9185.3,9186.2,9185.3,9186.2,1.40052079
2019-11-02 05:16:00,9185.3,9185.3,9185.2,9185.3,0.477588
2019-11-02 05:15:00,9182,9182.7,9182,9182.7,0.2896466
2019-11-02 05:14:00,9183.4,9183.4,9180.8,9182,2.18027013
2019-11-02 05:13:00,9200,9200,9183.4,9183.5,30.37555633
2019-11-02 05:12:00,9200.1,9200.9,9200,9200.1,2.2717217
2019-11-02 05:11:00,9201.5,9201.5,9200,9200,2.55054609
2019-11-02 05:10:00,9197.9,9202.4,9197.9,9201.6,8.55266584
2019-11-02 05:09:00,9200.2,9200.2,9197.9,9197.9,4.03537702
2019-11-02 05:08:00,9200.5,9202.8,9198.2,9200.2,4.47479061
2019-11-02 05:07:00,9202.9,9202.9,9199.6,9200,3.47353916
2019-11-02 05:06:00,9212.2,9212.2,9204.4,9204.4,4.6458165
2019-11-02 05:05:00,9212.8,9216,9210.9,9212.3,5.23259736
2019-11-02 05:04:00,9206,9219,9206,9212.9,61.07857146
2019-11-02 05:03:00,9204.6,9207.5,9204.5,9205.9,2.32951634
2019-11-02 05:02:00,9197.8,9207.9,9197.8,9204.5,19.10084712
2019-11-02 05:01:00,9192.9,9198.1,9192.9,9197.8,5.38730998
2019-11-02 05:00:00,9190.6,9198.3,9190.6,9192.7,4.74955155
2019-11-02 04:59:00,9191.9,9193.8,9189.4,9190.8,6.26498466
2019-11-02 04:58:00,9190,9195.9,9188.9,9191.9,6.26407664
2019-11-02 04:57:00,9194.2,9194.4,9188.9,9189.4,12.97966965
2019-11-02 04:56:00,9192.6,9200.7,9192.5,9194,1.1043546
2019-11-02 04:55:00,9193.2,9196.2,9190.5,9192.6,35.71377155
2019-11-02 04:54:00,9190.3,9193.3,9189.1,9193.2,18.31699214
2019-11-02 04:53:00,9193.2,9195.1,9189.7,9189.7,11.6907302
2019-11-02 04:52:00,9196.6,9196.6,9192.5,9193.2,14.21064878
2019-11-02 04:51:00,9197.7,9201.9,9195.1,9196.5,14.55766337
2019-11-02 04:50:00,9197.9,9197.9,9197.2,9197.4,2.53715335
2019-11-02 04:49:00,9194.8,9199,9194.8,9198.6,5.96860431
2019-11-02 04:48:00,9191.8,9196.8,9191.7,9194.2,2.89828682
2019-11-02 04:47:00,9184.9,9191.8,9183.9,9191.7,6.09117573
2019-11-02 04:46:00,9185.5,9185.5,9183.8,9184.9,12.34034139
2019-11-02 04:45:00,9184.5,9185.8,9184.4,9185.6,0.2989928
2019-11-02 04:44:00,9182.9,9184.5,9182.9,9184.5,0.63408881
2019-11-02 04:43:00,9183.8,9183.8,9182.9,9183,0.33997234
2019-11-02 04:42:00,9186.7,9186.7,9182.9,9183.8,0.16143993
2019-11-02 04:41:00,9185.4,9189.1,9183,9188.8,1.47345576
2019-11-02 04:40:00,9185.4,9185.4,9185.4,9185.4,0.1667766
2019-11-02 04:39:00,9181.6,9185.2,9181.6,9185.2,0.5025953
2019-11-02 04:38:00,9179.1,9185.6,9179.1,9182.2,5.00873343
2019-11-02 04:37:00,9178.8,9178.8,9178.1,9178.1,0.69091913
2019-11-02 04:36:00,9179.1,9179.1,9178.7,9178.7,0.16574362
2019-11-02 04:35:00,9182.8,9182.8,9178.7,9179.2,0.33700914
2019-11-02 04:34:00,9186.2,9187.7,9182.9,9182.9,2.0558399
2019-11-02 04:33:00,9191.9,9193,9186.3,9186.3,2.11557312
2019-11-02 04:32:00,9192.2,9198.7,9190.4,9192,8.35827191
2019-11-02 04:31:00,9192.7,9193.2,9191.4,9192.4,29.64031366
2019-11-02 04:30:00,9195.7,9195.7,9186.7,9193.1,11.68899602
2019-11-02 04:29:00,9190.8,9195.7,9190.8,9195.7,1.06641838
2019-11-02 04:28:00,9185.3,9190.7,9185.3,9190.7,8.93088797
2019-11-02 04:27:00,9192.4,9192.7,9188.3,9188.3,1.33850961
2019-11-02 04:26:00,9188.3,9192.5,9183.4,9192.5,25.5099401
2019-11-02 04:25:00,9183.6,9195,9181,9190.3,39.04045558
2019-11-02 04:24:00,9171.8,9187.3,9171.8,9183.1,17.76102791
2019-11-02 04:23:00,9174,9176.4,9168.1,9172.3,0.59311006
2019-11-02 04:22:00,9183.6,9183.6,9173.2,9173.2,0.57927241
2019-11-02 04:21:00,9188.8,9188.9,9177.7,9179,0.62865613
2019-11-02 04:20:00,9190.7,9190.7,9187.9,9188.1,7.34246339
2019-11-02 04:19:00,9197.3,9197.3,9189.2,9191.6,0.34568673
2019-11-02 04:18:00,9184.7,9194.6,9184.7,9194.6,9.57732013
2019-11-02 04:17:00,9186.8,9189.7,9185.1,9186.9,9.62363351
2019-11-02 04:16:00,9190.1,9190.1,9186,9188.8,15.68160574
2019-11-02 04:15:00,9201.5,9201.5,9188.1,9189.7,4.95346003
2019-11-02 04:14:00,9202.7,9202.7,9198.3,9199.8,6.86154781
2019-11-02 04:13:00,9201.2,9209.5,9200.1,9202.8,23.72858237
2019-11-02 04:12:00,9199,9206.4,9199,9202.2,7.83502625
2019-11-02 04:11:00,9196,9199,9191.5,9199,10.25256064
2019-11-02 04:10:00,9190.1,9198.4,9190.1,9196.1,2.84933653
2019-11-02 04:09:00,9192.7,9193.7,9190.2,9190.2,3.23855272
2019-11-02 04:08:00,9192.5,9192.5,9186.9,9192.2,5.47103099
2019-11-02 04:07:00,9193.7,9196.1,9193.5,9193.5,7.77485754
2019-11-02 04:06:00,9193.2,9194.9,9186.9,9194.9,13.10217637
2019-11-02 04:05:00,9186.9,9194.6,9186.9,9193.2,2.29311613
2019-11-02 04:04:00,9185,9194.7,9185,9186.9,0.94194021
2019-11-02 04:03:00,9182.7,9189.8,9182.7,9186.1,3.6892161
2019-11-02 04:02:00,9179.9,9185,9179.8,9183.8,0.66843859
2019-11-02 04:01:00,9178.6,9181.7,9175.8,9178.2,12.41000972
2019-11-02 04:00:00,9167.3,9182.6,9167.3,9178.6,12.51690425
2019-11-02 03:59:00,9167.1,9170.5,9167.1,9168.1,2.2419507
2019-11-02 03:58:00,9167.1,9167.1,9167.1,9167.1,0.08147848
2019-11-02 03:57:00,9167.7,9169,9166.3,9167,0.73268594
2019-11-02 03:56:00,9168.6,9168.6,9168.6,9168.6,0.012
2019-11-02 03:55:00,9168,9172.1,9165.6,9166.4,1.79499719
2019-11-02 03:54:00,9165.1,9172.2,9165.1,9167.9,5.84746094
2019-11-02 03:53:00,9163.7,9166.1,9163.7,9165,0.42177453
2019-11-02 03:52:00,9164.1,9165.5,9161.6,9164,7.18953472
2019-11-02 03:51:00,9164.2,9164.2,9163.5,9164.1,0.08092035
2019-11-02 03:50:00,9160.4,9166.5,9160.4,9164.1,0.67607413
2019-11-02 03:49:00,9162.3,9164.9,9161.1,9164.9,4.42552072
2019-11-02 03:48:00,9158,9162.3,9158,9162.3,4.06669011
2019-11-02 03:47:00,9168.2,9168.2,9158,9158,6.96881093
2019-11-02 03:46:00,9168.2,9170.3,9168.2,9169.4,0.04736917
2019-11-02 03:45:00,9168.8,9170.4,9168.1,9168.1,0.28457838
2019-11-02 03:44:00,9171.1,9175.2,9168.7,9168.7,0.17421929
2019-11-02 03:43:00,9166.5,9172.8,9166.5,9171.1,6.79113682
2019-11-02 03:42:00,9166.4,9166.4,9166.4,9166.4,0.04629865
2019-11-02 03:41:00,9164.7,9167.9,9163,9166.6,6.19331325
2019-11-02 03:40:00,9164.2,9164.7,9164.2,9164.7,0.21155329
2019-11-02 03:39:00,9165.7,9168,9162,9162.6,0.57301081
2019-11-02 03:38:00,9166.1,9166.1,9160.9,9164.2,1.74001917
2019-11-02 03:37:00,9165.9,9170.4,9165.8,9166,14.42803609
2019-11-02 03:36:00,9174.3,9174.3,9165.8,9165.9,6.43369998
2019-11-02 03:35:00,9180.5,9180.5,9172.9,9174.2,0.99798979
2019-11-02 03:34:00,9180.6,9180.7,9180.5,9180.6,0.23680525
2019-11-02 03:33:00,9175.4,9181.1,9175.4,9181.1,1.39263317
2019-11-02 03:32:00,9176.1,9177,9175.3,9175.4,0.59034581
2019-11-02 03:31:00,9175.2,9177,9175.1,9176,1.00151843
2019-11-02 03:30:00,9174.9,9178.5,9174.7,9175.2,2.49645736
2019-11-02 03:29:00,9182.3,9182.3,9170.4,9174.9,11.69433478
2019-11-02 03:28:00,9178.2,9182.4,9178.1,9182.4,0.82037493
2019-11-02 03:27:00,9178.3,9179,9178.2,9178.3,0.12486352
2019-11-02 03:26:00,9177.9,9183.5,9177.9,9178.3,7.94829049
2019-11-02 03:25:00,9184.1,9184.1,9176.9,9177.9,10.04838354
2019-11-02 03:24:00,9180.3,9184.7,9180.3,9184.1,2.13990301
2019-11-02 03:23:00,9182,9186,9176.7,9180.4,1.33009802
2019-11-02 03:22:00,9177.3,9181.6,9174.3,9181.6,0.29631717
2019-11-02 03:21:00,9173.9,9179.5,9173.9,9176.1,3.44312321
2019-11-02 03:20:00,9180.1,9181.5,9175.2,9175.2,6.87157567
2019-11-02 03:19:00,9189.6,9189.6,9181.1,9181.1,3.57995768
2019-11-02 03:18:00,9186.4,9188.8,9186.4,9188.8,1.73161623
2019-11-02 03:17:00,9183.3,9184.2,9182,9184.2,14.14067227
2019-11-02 03:16:00,9192.4,9192.4,9187.1,9187.1,0.3893015
2019-11-02 03:15:00,9199,9199.4,9192.4,9192.4,2.11812302
2019-11-02 03:14:00,9189.7,9198.7,9189.6,9197.7,17.78262237
2019-11-02 03:13:00,9184.6,9190.1,9181.7,9189.6,3.14991279
2019-11-02 03:12:00,9196.6,9196.6,9186.7,9186.7,4.41842006
2019-11-02 03:11:00,9191.7,9196.6,9191.7,9196.6,6.47688297
2019-11-02 03:10:00,9193.2,9194.1,9190.6,9190.6,0.90062659
2019-11-02 03:09:00,9200.8,9200.8,9189.2,9194.5,9.58427173
2019-11-02 03:08:00,9207.9,9213.1,9200.8,9200.8,2.35428284
2019-11-02 03:07:00,9199.6,9210.1,9199.6,9208.6,10.53742233
2019-11-02 03:06:00,9201.8,9201.8,9198.4,9199.6,0.22651151
2019-11-02 03:05:00,9194.7,9202.5,9193.1,9202.4,9.64174888
2019-11-02 03:04:00,9188,9204.4,9188,9194.6,75.04265963
2019-11-02 03:03:00,9188.8,9188.8,9187.9,9187.9,2.90279864
2019-11-02 03:02:00,9183.2,9189.8,9183.1,9189,1.80744925
2019-11-02 03:01:00,9195.6,9196.9,9183.9,9184.8,2.88701775
2019-11-02 03:00:00,9184.1,9196.2,9184.1,9196.2,3.22127851
2019-11-02 02:59:00,9178.1,9184.1,9178.1,9183.4,1.29436324
2019-11-02 02:58:00,9177.5,9177.5,9174.7,9176.5,8.90536741
2019-11-02 02:57:00,9178.7,9186,9176.5,9177.4,3.76036931
2019-11-02 02:56:00,9180.2,9182,9178.7,9178.7,0.35690704
2019-11-02 02:55:00,9186.8,9186.8,9181.8,9181.8,1.62874839
2019-11-02 02:54:00,9181.8,9186.9,9181.8,9186.9,0.70437119
2019-11-02 02:53:00,9187.2,9187.2,9179.9,9181.9,14.96466671
2019-11-02 02:52:00,9186.9,9186.9,9183.8,9186.5,0.37573328
2019-11-02 02:51:00,9187.3,9191.1,9187.2,9188.3,0.72205604
2019-11-02 02:50:00,9189.6,9193.1,9187.3,9187.3,0.41195546
2019-11-02 02:49:00,9193.9,9196.1,9188.4,9190.7,0.78875573
2019-11-02 02:48:00,9190.7,9197.8,9190.2,9194.7,1.04724217
2019-11-02 02:47:00,9192.9,9196.3,9190.6,9190.6,29.91915521
2019-11-02 02:46:00,9190.7,9198.4,9190.7,9194.6,3.28251879
2019-11-02 02:45:00,9195.8,9199.8,9191.2,9191.2,7.86076476
2019-11-02 02:44:00,9184.9,9197.2,9184.9,9195.9,19.71568411
2019-11-02 02:43:00,9179.1,9185.4,9179.1,9184.8,0.47805177
2019-11-02 02:42:00,9184.4,9185.8,9179.1,9179.1,6.58199766
2019-11-02 02:41:00,9191,9192.1,9184.4,9184.4,1.7197509
2019-11-02 02:40:00,9182.3,9191.8,9182.3,9189.3,16.50372079
2019-11-02 02:39:00,9188.4,9190.1,9179.9,9183.5,8.67981914
2019-11-02 02:38:00,9191,9198.9,9189.7,9189.7,9.39430825
2019-11-02 02:37:00,9185.3,9204,9182.5,9190.9,22.11736223
2019-11-02 02:36:00,9188.1,9193.2,9185.1,9185.8,10.95660164
2019-11-02 02:35:00,9164.1,9192.9,9164.1,9188.1,56.56505071
2019-11-02 02:34:00,9162.2,9167.3,9162.2,9164.1,0.44081956
2019-11-02 02:33:00,9169.7,9171.1,9162.2,9162.2,0.68782433
2019-11-02 02:32:00,9165.8,9167.8,9165.8,9167.8,0.18515853
2019-11-02 02:31:00,9167.3,9168.9,9165.8,9165.8,1.1493841
2019-11-02 02:30:00,9171.1,9171.1,9167.4,9167.4,4.80793171
2019-11-02 02:29:00,9159.6,9173.1,9159.6,9171,2.75885271
2019-11-02 02:28:00,9162.8,9166.4,9160.7,9161,1.77134188
2019-11-02 02:27:00,9163.5,9163.5,9159.6,9163.4,2.26579515
2019-11-02 02:26:00,9172.4,9172.4,9161.1,9163.5,19.61427764
2019-11-02 02:25:00,9181.5,9185.1,9173.8,9173.8,7.12234009
2019-11-02 02:24:00,9174.4,9181.7,9174.4,9181.7,1.61885981
2019-11-02 02:23:00,9178.1,9178.1,9175.7,9175.7,0.23044344
2019-11-02 02:22:00,9165.4,9179,9165.4,9178.1,9.19068812
2019-11-02 02:21:00,9162.1,9163.2,9160.6,9163.2,0.32789454
2019-11-02 02:20:00,9153.7,9162.3,9153.6,9162.2,4.43470782
2019-11-02 02:19:00,9150.1,9153.8,9150.1,9153.6,0.23446563
2019-11-02 02:18:00,9150.1,9150.2,9150.1,9150.2,0.15499555
2019-11-02 02:17:00,9150,9150.2,9150,9150.2,0.50276552
2019-11-02 02:16:00,9150.1,9150.2,9150,9150,1.50494514
2019-11-02 02:15:00,9153.9,9153.9,9150.1,9150.1,6.70848556
2019-11-02 02:14:00,9156.8,9156.9,9153.9,9153.9,22.05434976
2019-11-02 02:13:00,9154.9,9158.6,9154.9,9156.9,0.61884052
2019-11-02 02:12:00,9154.6,9157.7,9154.6,9156,9.74860591
2019-11-02 02:11:00,9156.7,9156.8,9154.6,9154.6,0.417404
2019-11-02 02:10:00,9156.8,9156.8,9156.7,9156.7,0.20904638
2019-11-02 02:09:00,9153.1,9155.7,9153.1,9155.7,1.45378357
2019-11-02 02:08:00,9155.7,9155.7,9152.1,9153.1,0.6894209
2019-11-02 02:07:00,9154.4,9155.6,9154.4,9155.6,1.98146254
2019-11-02 02:06:00,9158.5,9160.5,9152.3,9155,2.8899474
2019-11-02 02:05:00,9166.1,9166.2,9157.8,9157.8,14.06304218
2019-11-02 02:04:00,9167.4,9167.4,9165.5,9166.2,0.46463697
2019-11-02 02:03:00,9176.2,9176.2,9166.4,9169.3,1.16336493
2019-11-02 02:02:00,9174,9179.5,9174,9176.2,13.12121599
2019-11-02 02:01:00,9168.6,9173.7,9165.4,9173.7,27.85904771
2019-11-02 02:00:00,9160.6,9171.2,9160.5,9168.5,7.44517629
2019-11-02 01:59:00,9167.1,9167.1,9158.1,9159.3,7.53537965
2019-11-02 01:58:00,9167.3,9167.4,9167.2,9167.2,0.90017745
2019-11-02 01:57:00,9166.7,9169.1,9166.7,9169.1,0.4631672
2019-11-02 01:56:00,9165.5,9168.6,9165.5,9166.8,19.70450867
2019-11-02 01:55:00,9168.6,9168.6,9167.3,9167.3,28.5412452
2019-11-02 01:54:00,9169.3,9169.3,9167.9,9168.6,0.05796823
2019-11-02 01:53:00,9165.5,9166.9,9165.5,9166.9,0.4686627
2019-11-02 01:52:00,9167.5,9167.6,9165.5,9165.5,0.47155784
2019-11-02 01:51:00,9167.2,9168.3,9165.2,9167.5,9.17843126
2019-11-02 01:50:00,9168.5,9170,9164.5,9168.1,10.3681958
2019-11-02 01:49:00,9167.5,9168.5,9167.5,9168.5,1.00947828
2019-11-02 01:48:00,9167,9168.4,9165.3,9167.7,8.77615385
2019-11-02 01:47:00,9165.5,9167.1,9164.8,9167.1,0.75052241
2019-11-02 01:46:00,9160.6,9164,9157.8,9164,17.32245402
2019-11-02 01:45:00,9160.1,9165.1,9160.1,9160.5,8.67240054
2019-11-02 01:44:00,9168.2,9168.2,9160.2,9160.2,22.32714754
2019-11-02 01:43:00,9163.7,9168.1,9162.5,9168.1,1.5258577
2019-11-02 01:42:00,9163.3,9164.4,9162.7,9163.4,0.46184837
2019-11-02 01:41:00,9161.2,9162.6,9160.7,9162.6,2.47855528
2019-11-02 01:40:00,9157.8,9162.2,9157.6,9161.1,3.97695148
2019-11-02 01:39:00,9162,9164.6,9156,9157.3,2.81036441
2019-11-02 01:38:00,9163.2,9167.1,9162,9162,13.37993185
2019-11-02 01:37:00,9170.1,9170.1,9163.2,9163.2,1.26903953
2019-11-02 01:36:00,9168.2,9173.9,9161.2,9170.2,2.13977868
2019-11-02 01:35:00,9176.9,9177.6,9166,9172.9,7.80700478
2019-11-02 01:34:00,9181.2,9206,9175.3,9175.3,123.54965417
2019-11-02 01:33:00,9177,9181.8,9173.9,9181.2,4.45318337
2019-11-02 01:32:00,9170.4,9182.7,9170.4,9177.1,7.01612324
2019-11-02 01:31:00,9168.9,9169.4,9166,9169.4,4.31928082
2019-11-02 01:30:00,9166.5,9172.3,9166.5,9168.9,13.50780094
2019-11-02 01:29:00,9179.2,9179.2,9167.1,9168.8,7.01761088
2019-11-02 01:28:00,9171.5,9184,9168.7,9177.1,16.68598727
2019-11-02 01:27:00,9171.3,9173.9,9167.1,9171.6,21.02116527
2019-11-02 01:26:00,9183.6,9187.9,9172.6,9172.6,9.14702589
2019-11-02 01:25:00,9152.9,9182.8,9152.9,9182.8,24.75538288
2019-11-02 01:24:00,9148,9152.9,9148,9152.9,0.57029104
2019-11-02 01:23:00,9151.3,9153.1,9146.9,9147.5,0.45944663
2019-11-02 01:22:00,9149.9,9153.1,9149.2,9151.2,8.24076506
2019-11-02 01:21:00,9148.9,9156.4,9148.9,9149.9,2.28618842
2019-11-02 01:20:00,9160.7,9162.5,9148.8,9148.8,7.90766531
2019-11-02 01:19:00,9158.6,9163.9,9158.6,9160.6,16.67323366
2019-11-02 01:18:00,9166.7,9168.3,9154.8,9158.7,53.68533442
2019-11-02 01:17:00,9160.8,9168.1,9156.7,9164.6,8.29923099
2019-11-02 01:16:00,9160.1,9168.5,9157.5,9160.6,8.62201538
2019-11-02 01:15:00,9171.5,9171.8,9162.2,9162.3,8.70614033
2019-11-02 01:14:00,9177.5,9177.5,9170.9,9171.5,1.07933852
2019-11-02 01:13:00,9169.9,9177.4,9169.9,9177.4,1.76471462
2019-11-02 01:12:00,9160.6,9167.8,9160.6,9167.8,9.13298518
2019-11-02 01:11:00,9162.8,9163.2,9158.9,9161.6,1.0945576
2019-11-02 01:10:00,9180,9180,9161.4,9161.4,8.38614715
2019-11-02 01:09:00,9164.3,9180,9164.3,9179.9,3.77894141
2019-11-02 01:08:00,9157.5,9166.9,9156.9,9164,13.10475586
2019-11-02 01:07:00,9154.9,9159.8,9154.8,9157.3,7.93934738
2019-11-02 01:06:00,9152.4,9158.1,9152.4,9154.9,2.75820189
2019-11-02 01:05:00,9145.7,9157.1,9145.6,9152.3,41.6956342
2019-11-02 01:04:00,9154.9,9161,9146.5,9146.5,9.59169681
2019-11-02 01:03:00,9148.3,9152.8,9138.9,9152.8,6.13228572
2019-11-02 01:02:00,9151.2,9151.2,9143.2,9148.1,6.94795369
2019-11-02 01:01:00,9155.8,9155.8,9149.3,9151.3,6.42608112
2019-11-02 01:00:00,9151.6,9165,9151.1,9155.8,55.83527485
2019-11-02 00:59:00,9162,9177.3,9154,9154,65.34271578
2019-11-02 00:58:00,9132.8,9197,9132.8,9159.8,115.35144628
2019-11-02 00:57:00,9135.7,9136.5,9132.8,9132.8,1.80593932
2019-11-02 00:56:00,9131.8,9136.1,9131.8,9135.6,7.716903
2019-11-02 00:55:00,9132,9137.1,9131.6,9131.6,4.78814745
2019-11-02 00:54:00,9141.1,9141.2,9132,9133.3,5.34204181
2019-11-02 00:53:00,9127.3,9141.2,9127.3,9141.2,17.0607195
2019-11-02 00:52:00,9130,9130.1,9127.3,9127.3,3.72906218
2019-11-02 00:51:00,9130.1,9130.1,9130,9130,2.35671371
2019-11-02 00:50:00,9130,9130.1,9130,9130,1.7597601
2019-11-02 00:49:00,9131,9132.5,9130,9130.1,1.11182766
2019-11-02 00:48:00,9132.2,9132.2,9130,9131,24.11505928
2019-11-02 00:47:00,9131.2,9133.2,9131.1,9132.2,2.26746807
2019-11-02 00:46:00,9134.1,9134.1,9131.1,9131.2,6.71888722
2019-11-02 00:45:00,9133.9,9134.3,9133.9,9134,2.139746
2019-11-02 00:44:00,9136.2,9136.2,9133.8,9134,0.69725317
2019-11-02 00:43:00,9134.6,9139,9134.6,9134.9,3.4102522
2019-11-02 00:42:00,9135.3,9135.3,9131.5,9134.2,4.2224329
2019-11-02 00:41:00,9130,9137.2,9130,9135.3,7.3421802
2019-11-02 00:40:00,9135.8,9136,9130,9130,8.25759382
2019-11-02 00:39:00,9132.6,9137.5,9130.2,9135.9,8.26636037
2019-11-02 00:38:00,9136.9,9136.9,9132.6,9132.7,3.54405994
2019-11-02 00:37:00,9137.3,9137.3,9132.6,9136.9,18.12851663
2019-11-02 00:36:00,9145.2,9145.5,9133.5,9137.3,19.94489124
2019-11-02 00:35:00,9127.2,9147.7,9127.2,9146.2,16.2499156
2019-11-02 00:34:00,9130.1,9130.1,9126.3,9127.1,14.42766862
2019-11-02 00:33:00,9124.7,9133,9121.9,9132,9.8059836
2019-11-02 00:32:00,9133.4,9134.7,9125.3,9125.3,7.28104033
2019-11-02 00:31:00,9130.2,9132.6,9123.7,9132.6,10.13659572
2019-11-02 00:30:00,9143.7,9143.7,9126,9129.8,29.42015555
2019-11-02 00:29:00,9130.9,9148.4,9127.5,9142.7,43.69677989
2019-11-02 00:28:00,9134.9,9136.9,9128.5,9130.9,12.9931592
2019-11-02 00:27:00,9128.8,9139,9128.8,9134.9,15.18429996
2019-11-02 00:26:00,9126.1,9130.7,9126.1,9128.9,12.27714325
2019-11-02 00:25:00,9124.6,9126.2,9120.3,9126.1,4.4175906
2019-11-02 00:24:00,9124.2,9127.8,9123.7,9125.5,30.90812757
2019-11-02 00:23:00,9132.5,9132.9,9124.3,9124.3,19.06707969
2019-11-02 00:22:00,9131.2,9135,9127.4,9131.8,7.69387872
2019-11-02 00:21:00,9130.1,9132.4,9124.8,9130.7,39.10574313
2019-11-02 00:20:00,9134.5,9139.9,9132.1,9132.6,31.04632971
2019-11-02 00:19:00,9127.7,9141.5,9127.7,9134.5,140.76085153
2019-11-02 00:18:00,9116.9,9151,9115.7,9127.7,283.4881887
2019-11-02 00:17:00,9115.1,9118.6,9111.1,9115.6,19.00191768
2019-11-02 00:16:00,9117.4,9124,9112.7,9114.9,33.71891802
2019-11-02 00:15:00,9110.4,9117.3,9110.4,9117.3,11.18732962
2019-11-02 00:14:00,9103.5,9113.9,9103.5,9110.5,21.62467898
2019-11-02 00:13:00,9092.5,9110.4,9092.5,9103.1,12.43244606
2019-11-02 00:12:00,9112.5,9112.5,9092.4,9092.4,57.40029911
2019-11-02 00:11:00,9100.5,9116.3,9100.5,9112.6,30.75982585
2019-11-02 00:10:00,9119.2,9119.2,9097.4,9097.4,9.0266123
2019-11-02 00:09:00,9114.1,9118,9106.4,9118,6.58553545
2019-11-02 00:08:00,9099.9,9115.3,9097.7,9114.2,54.87568868
2019-11-02 00:07:00,9092.8,9107.1,9090.4,9100.4,63.81695671
2019-11-02 00:06:00,9100.2,9100.2,9089.6,9093.8,17.17916636
2019-11-02 00:05:00,9103.8,9108.9,9091.5,9100.2,46.15485293
2019-11-02 00:04:00,9079,9107.7,9072.3,9104.9,96.48250352
2019-11-02 00:03:00,9100.7,9120.2,9064,9079.9,133.03619451
2019-11-02 00:02:00,9113.6,9121.7,9088.3,9100.5,133.33569683
2019-11-02 00:01:00,9123.2,9127.8,9094.4,9112.9,165.8918501
2019-11-02 00:00:00,9081.3,9132,9057.5,9123.2,380.50212022