2019-11-19 23:59:00,8100.6,8103.9,8100.3,8100.3,2.15520455
2019-11-19 23:58:00,8100.2,8100.5,8099.4,8100.5,0.60194968
2019-11-19 23:57:00,8104.9,8104.9,8101.9,8103.1,1.18065235
2019-11-19 23:56:00,8105.7,8105.7,8104.8,8104.9,2.46044227
2019-11-19 23:55:00,8104.6,8105.7,8104.5,8105.7,1.31964941
2019-11-19 23:54:00,8105.4,8105.5,8104.5,8104.6,0.3540109
2019-11-19 23:53:00,8102.5,8105.5,8102.5,8105.5,3.54178592
2019-11-19 23:52:00,8100.4,8102.5,8100.4,8102.4,0.66177164
2019-11-19 23:51:00,8105.3,8105.3,8101.9,8101.9,11.7779597
2019-11-19 23:50:00,8103.4,8105.8,8103.4,8105.3,14.66432321
2019-11-19 23:49:00,8108,8108,8100,8101.6,7.21922332
2019-11-19 23:48:00,8108.1,8108.1,8108,8108,0.72896068
2019-11-19 23:47:00,8107.8,8108.9,8105.9,8108.1,6.34686273
2019-11-19 23:46:00,8100.1,8108.3,8100.1,8107.5,2.05164513
2019-11-19 23:45:00,8096,8101.4,8096,8100.1,2.66989186
2019-11-19 23:44:00,8093.5,8096,8093.5,8096,3.06884469
2019-11-19 23:43:00,8101.9,8101.9,8093.4,8093.4,4.41683091
2019-11-19 23:42:00,8100.1,8102,8100.1,8102,0.26873808
2019-11-19 23:41:00,8100.1,8100.2,8100.1,8100.1,0.4342755
2019-11-19 23:40:00,8100.8,8100.9,8100.1,8100.1,0.63608415
2019-11-19 23:39:00,8098.2,8100.2,8098.2,8100.2,0.40353644
2019-11-19 23:38:00,8096,8097.9,8095.9,8097.9,2.27847835
2019-11-19 23:37:00,8097.9,8097.9,8095,8096,4.43131524
2019-11-19 23:36:00,8103.6,8103.6,8098.7,8098.7,11.12376202
2019-11-19 23:35:00,8104.8,8104.8,8104.7,8104.7,1.18015181
2019-11-19 23:34:00,8105.8,8105.8,8103.9,8104,0.21762053
2019-11-19 23:33:00,8103.5,8105.4,8102.9,8105.4,21.48175209
2019-11-19 23:32:00,8106.7,8106.7,8103.9,8103.9,0.86780878
2019-11-19 23:31:00,8110.2,8110.3,8106.7,8106.8,1.37807563
2019-11-19 23:30:00,8107.9,8110.8,8107.9,8110.3,5.56538459
2019-11-19 23:29:00,8110.2,8111.2,8104.8,8107.8,5.6884579
2019-11-19 23:28:00,8104,8110.1,8104,8110.1,6.29610156
2019-11-19 23:27:00,8097.7,8104,8097,8104,12.29131093
2019-11-19 23:26:00,8093.7,8099.7,8093.6,8097.7,10.65879886
2019-11-19 23:25:00,8091.9,8094.3,8091.9,8092.7,0.62292803
2019-11-19 23:24:00,8085.2,8091.9,8085.2,8091.8,2.83800628
2019-11-19 23:23:00,8085.8,8085.8,8085.1,8085.1,1.01578792
2019-11-19 23:22:00,8086.2,8087.9,8085.8,8085.8,0.9603897
2019-11-19 23:21:00,8087.6,8089.8,8086.1,8086.2,3.49342845
2019-11-19 23:20:00,8083.2,8090.6,8083.1,8087.6,6.39271147
2019-11-19 23:19:00,8080.2,8083.2,8080.2,8083.2,5.60198186
2019-11-19 23:18:00,8080,8080.1,8080,8080.1,5.6538503
2019-11-19 23:17:00,8079.8,8085.7,8079.8,8080.2,27.60812482
2019-11-19 23:16:00,8084.6,8084.6,8079.5,8079.7,37.94160278
2019-11-19 23:15:00,8083,8084.9,8082.2,8084.6,2.69036077
2019-11-19 23:14:00,8089.9,8090,8079.6,8083,11.14258763
2019-11-19 23:13:00,8088.1,8089.9,8088.1,8089.8,3.67880848
2019-11-19 23:12:00,8081,8089.2,8081,8086.4,22.55497828
2019-11-19 23:11:00,8082.7,8084.3,8079.8,8080.8,2.68705489
2019-11-19 23:10:00,8075.3,8082.7,8075.3,8082.6,1.60114064
2019-11-19 23:09:00,8074.5,8076.6,8073,8074.3,6.69212042
2019-11-19 23:08:00,8076.1,8078.8,8075,8075,1.30524758
2019-11-19 23:07:00,8083.9,8083.9,8074.2,8076.1,30.93380674
2019-11-19 23:06:00,8086.4,8086.4,8083.8,8083.8,0.47630621
2019-11-19 23:05:00,8087.8,8090,8086.3,8086.4,3.00106489
2019-11-19 23:04:00,8091.6,8091.6,8087.7,8087.8,2.77335656
2019-11-19 23:03:00,8088.8,8092.6,8087.2,8091.6,8.57300348
2019-11-19 23:02:00,8091.4,8091.4,8088.8,8088.9,6.38826503
2019-11-19 23:01:00,8094.9,8095,8091,8091.5,7.05920696
2019-11-19 23:00:00,8097.2,8097.8,8094.8,8094.9,3.15821618
2019-11-19 22:59:00,8091.6,8097.5,8091.5,8097.3,2.34517162
2019-11-19 22:58:00,8091.7,8093.7,8088.8,8090.5,2.75176143
2019-11-19 22:57:00,8092.8,8093.5,8088.2,8091,8.91102378
2019-11-19 22:56:00,8089.7,8092.8,8089.6,8092.8,2.21994094
2019-11-19 22:55:00,8085.8,8089.6,8085.8,8089.6,2.93179041
2019-11-19 22:54:00,8091.2,8091.2,8085,8085,17.65363127
2019-11-19 22:53:00,8085.1,8091.6,8082.9,8091.1,1.7499154
2019-11-19 22:52:00,8091.7,8091.7,8081.2,8085.1,7.43200584
2019-11-19 22:51:00,8084,8094.9,8084,8091.7,14.61323931
2019-11-19 22:50:00,8095,8095,8084,8084,36.08006109
2019-11-19 22:49:00,8099.3,8099.3,8094.9,8094.9,1.57967617
2019-11-19 22:48:00,8106.8,8106.8,8099.3,8099.3,13.95798696
2019-11-19 22:47:00,8108,8108,8106.6,8106.7,0.71861722
2019-11-19 22:46:00,8110,8111,8109.1,8109.1,1.56922528
2019-11-19 22:45:00,8113.8,8113.9,8109.9,8109.9,24.10904584
2019-11-19 22:44:00,8108.7,8115,8107.6,8115,6.61830529
2019-11-19 22:43:00,8112.4,8112.4,8106.1,8108.2,6.93208977
2019-11-19 22:42:00,8112,8115.9,8111.7,8112.3,2.5399022
2019-11-19 22:41:00,8114.9,8116.8,8111.9,8112,3.20302365
2019-11-19 22:40:00,8108.8,8116.8,8108.7,8115,6.02077363
2019-11-19 22:39:00,8118,8118.5,8107.2,8108.3,11.59377848
2019-11-19 22:38:00,8110.3,8118.5,8110.3,8118,15.16408887
2019-11-19 22:37:00,8117.3,8118.5,8110.2,8111.1,10.34273779
2019-11-19 22:36:00,8112.1,8117.7,8112.1,8117.7,11.12308593
2019-11-19 22:35:00,8113,8113,8107.9,8112,10.65794291
2019-11-19 22:34:00,8115,8116.1,8113,8113.2,12.56897251
2019-11-19 22:33:00,8123.5,8125.4,8108.2,8114.5,118.18136004
2019-11-19 22:32:00,8102.3,8124.7,8099.1,8122.8,42.10319329
2019-11-19 22:31:00,8095.5,8105.9,8094.7,8102.3,18.37841225
2019-11-19 22:30:00,8090.5,8097.6,8090.5,8094,11.38112291
2019-11-19 22:29:00,8087.1,8090.2,8087.1,8090.2,5.88527997
2019-11-19 22:28:00,8085.8,8086.9,8082.5,8086.9,9.57635951
2019-11-19 22:27:00,8091,8091,8085.8,8085.8,5.04285609
2019-11-19 22:26:00,8094.9,8095,8086.2,8091,13.88279145
2019-11-19 22:25:00,8092.8,8095.3,8092.7,8095,4.23057042
2019-11-19 22:24:00,8089.3,8092.8,8089.2,8092.8,0.86353903
2019-11-19 22:23:00,8096.1,8096.1,8084.7,8089.3,19.28973657
2019-11-19 22:22:00,8089.8,8097.5,8089.8,8096.2,18.09829466
2019-11-19 22:21:00,8082.7,8091.5,8079.8,8090.1,49.09648504
2019-11-19 22:20:00,8089.7,8089.7,8082.6,8082.7,2.23879504
2019-11-19 22:19:00,8089.7,8090.4,8089.5,8089.7,2.37760613
2019-11-19 22:18:00,8092.6,8092.6,8088.4,8089.7,17.82133353
2019-11-19 22:17:00,8106.6,8108,8092.9,8092.9,24.69014962
2019-11-19 22:16:00,8095.9,8107.6,8095.9,8107.2,26.50875847
2019-11-19 22:15:00,8093.3,8096,8093.3,8095.8,1.93979515
2019-11-19 22:14:00,8088.1,8093.3,8088.1,8093.1,3.76698846
2019-11-19 22:13:00,8080.2,8088.1,8080.2,8088.1,6.45889397
2019-11-19 22:12:00,8077.8,8080.6,8075.7,8080.2,5.99391442
2019-11-19 22:11:00,8071,8078,8070.9,8077.8,19.61351471
2019-11-19 22:10:00,8075.3,8075.3,8070.2,8071,18.64448661
2019-11-19 22:09:00,8082.7,8082.7,8071.4,8075.3,22.03936263
2019-11-19 22:08:00,8082.5,8083.1,8082.4,8082.7,6.6882435
2019-11-19 22:07:00,8080.5,8083.3,8080,8082.5,6.48035389
2019-11-19 22:06:00,8083.6,8083.6,8079.9,8080.6,7.23215077
2019-11-19 22:05:00,8083.3,8084,8082.3,8083.5,8.1388888
2019-11-19 22:04:00,8086.2,8088,8080.5,8083.3,20.38862748
2019-11-19 22:03:00,8077.8,8093,8073.4,8086.6,114.02434637
2019-11-19 22:02:00,8068.2,8081,8061.9,8078.6,67.25475351
2019-11-19 22:01:00,8061.6,8067.6,8059.8,8067.6,23.50959222
2019-11-19 22:00:00,8055.4,8061.6,8055.4,8061.5,3.99255388
2019-11-19 21:59:00,8051.2,8055.4,8051.2,8055.4,6.0903488
2019-11-19 21:58:00,8051.7,8051.7,8051.1,8051.2,8.69655465
2019-11-19 21:57:00,8055.9,8055.9,8052.7,8052.7,3.19055783
2019-11-19 21:56:00,8060.9,8060.9,8055,8055.9,9.18555463
2019-11-19 21:55:00,8061.9,8062,8060.9,8060.9,14.07418009
2019-11-19 21:54:00,8066.8,8066.8,8062.7,8062.7,9.42407545
2019-11-19 21:53:00,8065.7,8066.9,8065.7,8066.7,0.59832993
2019-11-19 21:52:00,8064.7,8065.8,8063.9,8065.7,0.54872406
2019-11-19 21:51:00,8069.7,8069.8,8061.5,8065.1,5.04771374
2019-11-19 21:50:00,8060,8070,8060,8069.8,13.87300795
2019-11-19 21:49:00,8056.1,8061.3,8056,8061,13.03690808
2019-11-19 21:48:00,8059.3,8059.3,8054.9,8056.1,15.46635286
2019-11-19 21:47:00,8061,8064.5,8059.2,8059.2,5.40931136
2019-11-19 21:46:00,8055.6,8061,8055.6,8061,5.33648225
2019-11-19 21:45:00,8053,8055.6,8052.2,8055.6,6.15465339
2019-11-19 21:44:00,8049.9,8052.2,8049,8052.1,8.99103681
2019-11-19 21:43:00,8050.4,8051.2,8046.9,8049.5,6.05609096
2019-11-19 21:42:00,8046.5,8056.2,8046.5,8050.4,9.86372745
2019-11-19 21:41:00,8044.8,8045.5,8042.4,8045.5,7.19584781
2019-11-19 21:40:00,8038.6,8048.1,8037.8,8044.8,45.17706484
2019-11-19 21:39:00,8035.5,8040.1,8034.2,8037.6,10.98017047
2019-11-19 21:38:00,8039.9,8039.9,8033.8,8035.5,3.04233296
2019-11-19 21:37:00,8035.3,8039.5,8030.2,8039.5,11.19119151
2019-11-19 21:36:00,8040.2,8040.2,8035.3,8035.4,18.99087508
2019-11-19 21:35:00,8045.7,8045.7,8039.4,8040.2,13.47956444
2019-11-19 21:34:00,8047.4,8049.4,8045.7,8045.7,20.30037994
2019-11-19 21:33:00,8044.6,8047.4,8044.5,8047.4,4.62973787
2019-11-19 21:32:00,8042.3,8046.2,8041.5,8044.7,26.75847779
2019-11-19 21:31:00,8043.5,8043.5,8037.9,8041.5,4.30294599
2019-11-19 21:30:00,8035.6,8045.5,8035.6,8043.5,6.23814076
2019-11-19 21:29:00,8029,8035.6,8025.3,8035.5,9.0718399
2019-11-19 21:28:00,8032.1,8032.1,8025.5,8029,46.81428683
2019-11-19 21:27:00,8038.9,8040,8031,8032.1,41.92700567
2019-11-19 21:26:00,8026.9,8039,8026.9,8039,24.98255916
2019-11-19 21:25:00,8033.1,8033.1,8025.5,8026.8,9.85268478
2019-11-19 21:24:00,8036.8,8036.8,8033,8033,6.85595196
2019-11-19 21:23:00,8043.8,8044.1,8036.8,8036.8,20.02486448
2019-11-19 21:22:00,8046.2,8046.2,8044.1,8044.1,0.49119278
2019-11-19 21:21:00,8042.2,8047.3,8042,8046.2,10.73312114
2019-11-19 21:20:00,8045,8045,8037.6,8041.1,5.58118158
2019-11-19 21:19:00,8048.8,8048.8,8045,8045,2.9046985
2019-11-19 21:18:00,8057.1,8057.1,8045.1,8048.7,47.36153625
2019-11-19 21:17:00,8061.3,8063.8,8057.1,8057.1,5.04129856
2019-11-19 21:16:00,8063.8,8063.8,8057.7,8061.3,14.31529512
2019-11-19 21:15:00,8060.6,8069,8060.6,8063.9,62.6015033
2019-11-19 21:14:00,8053.1,8060.9,8053.1,8060.6,8.08597927
2019-11-19 21:13:00,8050.4,8054.3,8048.1,8052,7.44833286
2019-11-19 21:12:00,8053.5,8055.8,8050.4,8050.4,6.64582459
2019-11-19 21:11:00,8048.1,8058.5,8048.1,8053.4,8.61352969
2019-11-19 21:10:00,8058.5,8061.7,8045.9,8048.1,11.33027451
2019-11-19 21:09:00,8061.2,8061.7,8056.3,8057.4,5.40774297
2019-11-19 21:08:00,8059.7,8060,8053.1,8060,6.10143658
2019-11-19 21:07:00,8053.3,8061.3,8053.3,8059.6,40.04415303
2019-11-19 21:06:00,8044.9,8055.5,8044.9,8053.3,27.39880663
2019-11-19 21:05:00,8040,8056.5,8040,8044.8,55.58374044
2019-11-19 21:04:00,8023.8,8040,8019.7,8040,44.23357461
2019-11-19 21:03:00,8030.2,8036.6,8023.8,8023.8,23.76029044
2019-11-19 21:02:00,8032.7,8032.7,8016.6,8031.1,56.97078596
2019-11-19 21:01:00,8035,8041.6,8032.6,8032.6,21.62478873
2019-11-19 21:00:00,8041.3,8041.3,8000,8035,207.5331236
2019-11-19 20:59:00,8035.5,8047,8035.5,8041.3,19.13141402
2019-11-19 20:58:00,8042,8042,8023.4,8035.4,167.89094565
2019-11-19 20:57:00,8053.5,8053.5,8042.2,8042.2,17.78389287
2019-11-19 20:56:00,8050,8053.7,8047.1,8053.5,44.47583914
2019-11-19 20:55:00,8052.9,8053.7,8049.9,8049.9,49.72958629
2019-11-19 20:54:00,8049.1,8053.7,8048.9,8052.8,45.46003056
2019-11-19 20:53:00,8047.1,8054.6,8047.1,8050.4,23.40236817
2019-11-19 20:52:00,8047.7,8054,8038,8046.8,43.62018561
2019-11-19 20:51:00,8062.2,8062.2,8047.7,8047.7,45.95266497
2019-11-19 20:50:00,8057.1,8064.4,8057.1,8062.1,8.73593855
2019-11-19 20:49:00,8064.4,8065.7,8056.3,8056.8,14.78350069
2019-11-19 20:48:00,8069.6,8069.6,8064.2,8064.5,19.16731831
2019-11-19 20:47:00,8080,8080,8070,8070,8.96833161
2019-11-19 20:46:00,8074.3,8081.3,8074.3,8080,27.26369796
2019-11-19 20:45:00,8073.1,8077,8073,8074.3,4.33076096
2019-11-19 20:44:00,8075.5,8075.5,8073.1,8073.1,1.43285328
2019-11-19 20:43:00,8073,8074.9,8071.9,8074.9,5.51963446
2019-11-19 20:42:00,8079.7,8079.7,8073,8073,91.83619301
2019-11-19 20:41:00,8081.4,8081.4,8079.7,8079.7,2.49509431
2019-11-19 20:40:00,8076.9,8081.6,8076.8,8081.4,10.10797111
2019-11-19 20:39:00,8075.2,8076.9,8075.2,8076.9,2.14472826
2019-11-19 20:38:00,8077.2,8077.2,8075.5,8075.5,1.87945133
2019-11-19 20:37:00,8082.3,8082.3,8075.6,8077.1,6.89040527
2019-11-19 20:36:00,8085.1,8088.2,8083,8083,13.84016859
2019-11-19 20:35:00,8084,8085.8,8083.4,8085.2,2.7065158
2019-11-19 20:34:00,8084.2,8084.5,8084,8084.1,5.56269547
2019-11-19 20:33:00,8074.5,8086.4,8074.5,8084.2,17.8349113
2019-11-19 20:32:00,8071.6,8074.4,8071.6,8074.4,39.74756036
2019-11-19 20:31:00,8063.7,8071.7,8061.7,8071.6,45.82982353
2019-11-19 20:30:00,8072.4,8074.7,8060,8063.6,44.05533705
2019-11-19 20:29:00,8058.2,8080,8055.3,8073.1,81.51635593
2019-11-19 20:28:00,8090,8090.6,8058.4,8058.8,246.74289063
2019-11-19 20:27:00,8090,8090,8089.9,8090,6.4677503
2019-11-19 20:26:00,8091.2,8091.2,8090,8090,15.03300214
2019-11-19 20:25:00,8090.7,8091.2,8087.8,8091.2,2.9524499
2019-11-19 20:24:00,8096.2,8096.2,8090,8090.7,21.93470368
2019-11-19 20:23:00,8100.8,8102.3,8095.3,8096.6,73.27398711
2019-11-19 20:22:00,8102.1,8102.4,8099.8,8100.7,17.98790386
2019-11-19 20:21:00,8106.1,8106.1,8099.4,8102.3,8.34622946
2019-11-19 20:20:00,8109.9,8110.7,8105.8,8105.8,10.59907859
2019-11-19 20:19:00,8108.3,8112.2,8107.1,8109.8,3.21828661
2019-11-19 20:18:00,8113.5,8113.5,8107.3,8108.3,3.59768753
2019-11-19 20:17:00,8106,8113.6,8102.5,8113.6,14.39567001
2019-11-19 20:16:00,8100.7,8106.1,8100.6,8106.1,0.58274043
2019-11-19 20:15:00,8105.5,8109.8,8100.6,8100.6,5.51177214
2019-11-19 20:14:00,8095.6,8105.5,8095.5,8105.5,12.73140091
2019-11-19 20:13:00,8104.1,8104.9,8095.5,8095.5,5.20165611
2019-11-19 20:12:00,8095.8,8104.1,8095.8,8104.1,5.31256218
2019-11-19 20:11:00,8103.1,8103.1,8095.6,8095.9,29.47167954
2019-11-19 20:10:00,8106.6,8114.9,8103.1,8103.1,16.03764827
2019-11-19 20:09:00,8099.8,8107.2,8099.8,8106.2,36.93596347
2019-11-19 20:08:00,8099.4,8102.2,8098,8100.2,13.49914536
2019-11-19 20:07:00,8093.7,8099.1,8093.3,8099.1,18.43671907
2019-11-19 20:06:00,8096.1,8096.1,8087.1,8093.7,56.95654668
2019-11-19 20:05:00,8096.4,8100.8,8096.2,8096.2,7.16340174
2019-11-19 20:04:00,8099,8099,8091.6,8096.5,8.29718936
2019-11-19 20:03:00,8105.7,8106.7,8092.7,8099.1,19.64552802
2019-11-19 20:02:00,8094.1,8109.2,8094.1,8105.5,38.49122944
2019-11-19 20:01:00,8080,8099.9,8080,8094.2,33.63060624
2019-11-19 20:00:00,8075.8,8080,8073.5,8080,15.76322112
2019-11-19 19:59:00,8072.2,8078.9,8072.2,8075.8,21.65540327
2019-11-19 19:58:00,8071.2,8072.7,8068.7,8071.4,25.7242488
2019-11-19 19:57:00,8070.2,8075.2,8070.2,8071.3,9.3180211
2019-11-19 19:56:00,8075.9,8075.9,8068.3,8070,38.86646465
2019-11-19 19:55:00,8074.7,8082.2,8074.7,8075.8,49.48237206
2019-11-19 19:54:00,8079,8081.5,8071.5,8073.6,13.90391073
2019-11-19 19:53:00,8063.8,8085,8063.8,8079.5,42.12769451
2019-11-19 19:52:00,8064.3,8065.8,8057.1,8063.8,24.84035921
2019-11-19 19:51:00,8051.8,8077.3,8051.8,8064.5,79.23060116
2019-11-19 19:50:00,8032.3,8059.6,8007,8051.2,423.34366042
2019-11-19 19:49:00,8054.4,8054.4,8032.6,8033.2,74.80643228
2019-11-19 19:48:00,8058.8,8061.9,8051.4,8055.2,46.20753188
2019-11-19 19:47:00,8066.5,8068,8050,8057.8,34.72908158
2019-11-19 19:46:00,8073.5,8073.5,8065.1,8067.1,24.91100967
2019-11-19 19:45:00,8070.1,8079.8,8070.1,8073.5,13.55095228
2019-11-19 19:44:00,8077.9,8077.9,8064.3,8071.5,54.31236022
2019-11-19 19:43:00,8074.3,8079.5,8074.3,8077.9,17.2489878
2019-11-19 19:42:00,8075,8075.1,8070.1,8074.3,26.96143042
2019-11-19 19:41:00,8083.5,8083.5,8077.5,8077.5,6.89159805
2019-11-19 19:40:00,8087,8087,8078.7,8082.1,63.15488399
2019-11-19 19:39:00,8085.1,8089.2,8080.6,8087,20.56710671
2019-11-19 19:38:00,8080.9,8088.8,8080.8,8085,59.83832615
2019-11-19 19:37:00,8064.3,8080.9,8064.2,8080.9,70.4009826
2019-11-19 19:36:00,8073,8073,8040,8064.3,226.89990045
2019-11-19 19:35:00,8078.9,8084.1,8073.4,8073.4,30.80809352
2019-11-19 19:34:00,8090.4,8090.4,8078.9,8079.3,71.52706383
2019-11-19 19:33:00,8092.5,8092.5,8087.1,8090.4,13.53134243
2019-11-19 19:32:00,8085.6,8094.8,8085.6,8091.5,16.35352567
2019-11-19 19:31:00,8091,8091,8084.2,8085.6,7.10377749
2019-11-19 19:30:00,8092.8,8092.8,8087,8091.1,32.33002897
2019-11-19 19:29:00,8092.7,8095.5,8088.9,8092.7,15.62912206
2019-11-19 19:28:00,8099,8099,8093.4,8093.4,9.43171366
2019-11-19 19:27:00,8101.9,8102,8094.6,8098.9,31.09012407
2019-11-19 19:26:00,8104.7,8105.5,8097.9,8102,20.71303516
2019-11-19 19:25:00,8093.2,8106.1,8093.2,8104.3,23.60028799
2019-11-19 19:24:00,8095.3,8095.4,8090.7,8093.3,3.78441659
2019-11-19 19:23:00,8099.5,8099.5,8095.2,8095.3,3.35293351
2019-11-19 19:22:00,8088.9,8099.6,8087.7,8099.5,33.8749209
2019-11-19 19:21:00,8071.4,8097.5,8063.4,8089.3,244.17261204
2019-11-19 19:20:00,8086.3,8086.3,8068.7,8071.4,63.69903632
2019-11-19 19:19:00,8089.4,8094.9,8086.8,8086.8,40.95767784
2019-11-19 19:18:00,8083.2,8089.5,8078.1,8089.5,15.43796757
2019-11-19 19:17:00,8096.6,8096.6,8081.4,8083.9,12.57789544
2019-11-19 19:16:00,8090.1,8097.9,8089.7,8096.9,24.02283467
2019-11-19 19:15:00,8076.3,8093.8,8076.2,8090.1,30.73675862
2019-11-19 19:14:00,8088.1,8088.1,8076.2,8076.3,20.60259022
2019-11-19 19:13:00,8093.8,8093.8,8075.8,8088.2,78.95848933
2019-11-19 19:12:00,8100.4,8101.3,8093.8,8093.8,26.69332815
2019-11-19 19:11:00,8096.5,8101.9,8096.5,8100.9,23.10749982
2019-11-19 19:10:00,8108.7,8108.7,8097,8097,63.42421114
2019-11-19 19:09:00,8115.4,8115.4,8108.6,8108.6,9.14901036
2019-11-19 19:08:00,8114.9,8115.8,8114.9,8115.4,14.4697995
2019-11-19 19:07:00,8113.8,8114.7,8112.8,8114.7,5.79302549
2019-11-19 19:06:00,8115,8115.5,8113.8,8113.8,2.68374318
2019-11-19 19:05:00,8118.3,8118.9,8115,8115,7.30335832
2019-11-19 19:04:00,8121.2,8122.2,8116.5,8118.3,4.57847007
2019-11-19 19:03:00,8124.4,8127.8,8121.1,8121.3,15.77898749
2019-11-19 19:02:00,8123.3,8123.5,8121.1,8121.6,2.871908
2019-11-19 19:01:00,8115.4,8122.7,8115.3,8122.7,17.55168325
2019-11-19 19:00:00,8110.6,8115,8110.6,8115,16.91629697
2019-11-19 18:59:00,8107.4,8114.2,8105.4,8110.6,9.61259838
2019-11-19 18:58:00,8107.3,8112.1,8101,8107.4,33.20311486
2019-11-19 18:57:00,8113.5,8113.5,8096.2,8107.6,70.23071583
2019-11-19 18:56:00,8105.3,8119.2,8103.8,8113.8,27.34424813
2019-11-19 18:55:00,8102.9,8107.3,8081,8103.8,133.39081023
2019-11-19 18:54:00,8108,8110,8099.9,8102.9,128.73377331
2019-11-19 18:53:00,8119.1,8119.1,8108.1,8108.1,22.83352419
2019-11-19 18:52:00,8123.9,8123.9,8120,8120,2.94900333
2019-11-19 18:51:00,8126.8,8126.8,8123.9,8124,5.88470743
2019-11-19 18:50:00,8126.1,8126.9,8125.9,8126.8,1.17882911
2019-11-19 18:49:00,8127.7,8127.7,8124.4,8126.1,2.7783774
2019-11-19 18:48:00,8122.8,8128.5,8122.8,8128.4,26.33672419
2019-11-19 18:47:00,8127.2,8127.2,8122.8,8122.9,2.42570413
2019-11-19 18:46:00,8121.4,8128.1,8121.4,8127.3,47.63429504
2019-11-19 18:45:00,8110.5,8121.5,8110.5,8121.5,16.93090466
2019-11-19 18:44:00,8116.7,8116.7,8110.1,8110.4,5.81082437
2019-11-19 18:43:00,8120.5,8120.6,8109.5,8116.6,53.89226836
2019-11-19 18:42:00,8125,8125,8115.9,8119.6,53.64751562
2019-11-19 18:41:00,8127.2,8128.2,8125,8125,19.35969374
2019-11-19 18:40:00,8127.1,8127.2,8127.1,8127.1,3.83716106
2019-11-19 18:39:00,8129.3,8129.3,8127.1,8127.1,1.97272437
2019-11-19 18:38:00,8131,8131,8126.3,8129.2,4.82638427
2019-11-19 18:37:00,8132.8,8133.1,8130.7,8131.5,4.97297326
2019-11-19 18:36:00,8136.9,8136.9,8131,8132.7,2.56143058
2019-11-19 18:35:00,8136.8,8136.8,8136.7,8136.8,0.2068448
2019-11-19 18:34:00,8140.1,8140.1,8136.8,8136.8,41.43383882
2019-11-19 18:33:00,8145.4,8145.4,8140,8140,1.73670172
2019-11-19 18:32:00,8141,8145.9,8141,8145.5,9.75100323
2019-11-19 18:31:00,8138.6,8141,8138.6,8141,9.84444461
2019-11-19 18:30:00,8138.7,8138.7,8138.6,8138.7,0.11791845
2019-11-19 18:29:00,8137.2,8138.7,8137.2,8138.6,1.98253971
2019-11-19 18:28:00,8138.1,8138.7,8136.8,8137.2,0.54593109
2019-11-19 18:27:00,8142.1,8142.1,8129.2,8138.1,13.32457057
2019-11-19 18:26:00,8144.5,8144.5,8142.1,8142.1,3.1897406
2019-11-19 18:25:00,8144.5,8144.5,8144.5,8144.5,0.66920789
2019-11-19 18:24:00,8149.1,8149.1,8143.1,8144.2,3.97230727
2019-11-19 18:23:00,8149,8149.1,8149,8149.1,0.54243909
2019-11-19 18:22:00,8150.6,8150.6,8149,8149,1.65972237
2019-11-19 18:21:00,8150.8,8150.9,8150.5,8150.6,4.37545789
2019-11-19 18:20:00,8151.5,8151.6,8150.8,8150.8,6.13686097
2019-11-19 18:19:00,8150.9,8151.6,8150.8,8151.6,0.15426778
2019-11-19 18:18:00,8150.8,8150.9,8150.8,8150.9,0.16238885
2019-11-19 18:17:00,8150.1,8150.9,8150.1,8150.9,0.34756085
2019-11-19 18:16:00,8149.1,8150.1,8148.4,8150.1,1.58457067
2019-11-19 18:15:00,8152,8152,8148.9,8149.1,21.05342732
2019-11-19 18:14:00,8151.9,8152,8151.9,8152,0.07722846
2019-11-19 18:13:00,8149.7,8152.6,8149.7,8151.9,2.39575558
2019-11-19 18:12:00,8149.7,8149.7,8149.7,8149.7,0.18767749
2019-11-19 18:11:00,8147.1,8149.7,8147.1,8149.6,1.16271532
2019-11-19 18:10:00,8149.7,8149.7,8146.2,8147.1,10.31884789
2019-11-19 18:09:00,8149.8,8149.8,8149.7,8149.8,4.82627595
2019-11-19 18:08:00,8151.8,8152.5,8149,8149.7,26.36564559
2019-11-19 18:07:00,8151.7,8152.8,8151,8151.7,2.37801253
2019-11-19 18:06:00,8152.4,8153.7,8151.2,8151.6,15.46415775
2019-11-19 18:05:00,8151.9,8154.4,8151.9,8153.1,3.86719127
2019-11-19 18:04:00,8153,8153.1,8151.4,8152,9.92497346
2019-11-19 18:03:00,8155.2,8155.2,8153,8153,1.97230779
2019-11-19 18:02:00,8155.2,8155.2,8155.1,8155.1,5.45484878
2019-11-19 18:01:00,8155.2,8155.2,8155.1,8155.1,4.38037015
2019-11-19 18:00:00,8153.8,8155.3,8152.1,8155.3,4.17697623
2019-11-19 17:59:00,8153.9,8153.9,8153.7,8153.7,0.30724248
2019-11-19 17:58:00,8148.6,8155.2,8148.6,8153.9,1.81922857
2019-11-19 17:57:00,8144,8148.6,8144,8148.6,1.76428163
2019-11-19 17:56:00,8146,8146,8144,8144.1,12.66756236
2019-11-19 17:55:00,8147,8147,8146,8146,4.70735251
2019-11-19 17:54:00,8147,8147.1,8146.6,8146.6,0.98040167
2019-11-19 17:53:00,8148.1,8148.1,8147,8147,0.35634556
2019-11-19 17:52:00,8150.1,8150.1,8148.1,8148.2,1.93243228
2019-11-19 17:51:00,8150.6,8150.6,8150.1,8150.6,3.33244263
2019-11-19 17:50:00,8152.9,8152.9,8151,8151,5.21070595
2019-11-19 17:49:00,8154.5,8154.6,8153,8153,1.08037702
2019-11-19 17:48:00,8153.5,8154.6,8153.5,8154.5,0.31550574
2019-11-19 17:47:00,8155.2,8155.2,8153.4,8153.6,4.07191377
2019-11-19 17:46:00,8154.1,8155.2,8154.1,8155.2,0.27174136
2019-11-19 17:45:00,8154,8154.1,8154,8154.1,6.8327314
2019-11-19 17:44:00,8155.2,8155.2,8151.6,8154.1,4.79699851
2019-11-19 17:43:00,8155.2,8155.3,8155,8155.3,0.65481183
2019-11-19 17:42:00,8152.2,8155.8,8152.2,8155.5,11.46607141
2019-11-19 17:41:00,8153.2,8153.2,8152.2,8152.3,3.97211856
2019-11-19 17:40:00,8147.6,8153.6,8147.6,8153.6,6.58197755
2019-11-19 17:39:00,8146.9,8147.6,8146.9,8147.6,0.60866037
2019-11-19 17:38:00,8144.7,8146.9,8144.7,8146.9,4.20808533
2019-11-19 17:37:00,8144.1,8144.8,8143.6,8144.1,2.05434519
2019-11-19 17:36:00,8143.6,8146.7,8143.6,8144.1,17.98996061
2019-11-19 17:35:00,8139.2,8143.7,8138.7,8143.7,33.29607062
2019-11-19 17:34:00,8143.1,8143.1,8139.2,8139.2,51.2907086
2019-11-19 17:33:00,8143.4,8143.4,8143.1,8143.1,0.47331195
2019-11-19 17:32:00,8147.4,8147.5,8143.4,8143.5,46.19763717
2019-11-19 17:31:00,8147.3,8147.5,8146.4,8147.4,28.42312764
2019-11-19 17:30:00,8148.2,8148.3,8147.3,8147.3,16.99894687
2019-11-19 17:29:00,8149,8149,8148.2,8148.2,2.26817673
2019-11-19 17:28:00,8147.6,8149,8147.5,8148.9,3.69736464
2019-11-19 17:27:00,8150.2,8150.2,8146.7,8146.8,64.53172875
2019-11-19 17:26:00,8150.1,8151.7,8150.1,8150.3,2.89293839
2019-11-19 17:25:00,8155.9,8155.9,8150,8150,10.06715152
2019-11-19 17:24:00,8155.9,8155.9,8155.8,8155.8,0.33642359
2019-11-19 17:23:00,8155.7,8155.8,8155.7,8155.8,0.08070172
2019-11-19 17:22:00,8155.8,8155.8,8155.8,8155.8,0.04217055
2019-11-19 17:21:00,8155.8,8155.8,8155.7,8155.7,1.0578002
2019-11-19 17:20:00,8157.1,8159.5,8155.7,8155.7,17.35939931
2019-11-19 17:19:00,8157.9,8157.9,8157,8157,3.6483788
2019-11-19 17:18:00,8158.8,8158.8,8157.9,8157.9,4.3502523
2019-11-19 17:17:00,8164.9,8165,8158.7,8158.8,36.92956534
2019-11-19 17:16:00,8162.2,8164.9,8162.2,8164.9,1.14120389
2019-11-19 17:15:00,8160,8162.2,8159.9,8162.2,19.90580758
2019-11-19 17:14:00,8158.1,8160,8158.1,8160,4.15894398
2019-11-19 17:13:00,8158.1,8158.2,8158.1,8158.1,0.30814129
2019-11-19 17:12:00,8158.2,8158.6,8158.1,8158.1,1.18992622
2019-11-19 17:11:00,8156.6,8159.4,8155.8,8158.2,2.68724848
2019-11-19 17:10:00,8161.1,8161.1,8156.6,8156.6,4.80208192
2019-11-19 17:09:00,8161,8161.1,8161,8161.1,0.07742439
2019-11-19 17:08:00,8162.2,8162.2,8162,8162,1.50741637
2019-11-19 17:07:00,8161.7,8162.2,8160.1,8162.2,3.66395658
2019-11-19 17:06:00,8161.1,8161.7,8161,8161.6,1.78082233
2019-11-19 17:05:00,8161.9,8163.6,8161,8161,14.43282876
2019-11-19 17:04:00,8163.8,8163.8,8161.8,8163.1,4.41820377
2019-11-19 17:03:00,8164.2,8164.2,8163.3,8163.8,3.44409031
2019-11-19 17:02:00,8164,8166.9,8163.7,8164.2,3.86389821
2019-11-19 17:01:00,8163.3,8163.9,8162.4,8163.9,4.72048815
2019-11-19 17:00:00,8169.5,8169.5,8163.5,8163.5,9.10860552
2019-11-19 16:59:00,8168.8,8169.6,8168.8,8169.5,0.2597953
2019-11-19 16:58:00,8166.1,8172.2,8165.1,8169,14.00656041
2019-11-19 16:57:00,8166.1,8170.3,8166,8166.1,37.9321479
2019-11-19 16:56:00,8162.9,8165.8,8162.9,8165.3,0.91378458
2019-11-19 16:55:00,8159.3,8162.9,8159.3,8162.9,0.68013538
2019-11-19 16:54:00,8159.3,8159.3,8159.2,8159.3,0.13305091
2019-11-19 16:53:00,8164.1,8164.1,8157,8159.2,8.12310579
2019-11-19 16:52:00,8165,8165,8159.2,8164,6.72215706
2019-11-19 16:51:00,8172.3,8172.3,8165.2,8165.2,3.67553239
2019-11-19 16:50:00,8168.7,8173.6,8168.7,8172.3,9.85298844
2019-11-19 16:49:00,8164,8169.2,8164,8168.6,20.4466956
2019-11-19 16:48:00,8162.1,8164.9,8162.1,8164.9,5.0252821
2019-11-19 16:47:00,8165,8165,8162,8162,1.92593566
2019-11-19 16:46:00,8164.7,8165,8164.7,8165,0.58705422
2019-11-19 16:45:00,8155.3,8165,8155.3,8164.7,9.83648723
2019-11-19 16:44:00,8161.5,8161.5,8155.1,8155.2,4.47964461
2019-11-19 16:43:00,8159.3,8163.3,8159.3,8161.5,9.78988182
2019-11-19 16:42:00,8159.6,8161.6,8154.9,8159.9,8.04292741
2019-11-19 16:41:00,8150.3,8160,8150.3,8159.6,14.26400834
2019-11-19 16:40:00,8150.4,8150.4,8149.5,8150.3,7.17284545
2019-11-19 16:39:00,8155.2,8155.2,8151,8151,0.95420286
2019-11-19 16:38:00,8158.7,8158.8,8155.6,8155.6,6.20781341
2019-11-19 16:37:00,8152,8162,8151.9,8158.8,30.10115038
2019-11-19 16:36:00,8146,8152,8146,8152,6.52283485
2019-11-19 16:35:00,8145,8146,8145,8145.9,1.42954518
2019-11-19 16:34:00,8147.5,8147.5,8144.9,8144.9,6.15112202
2019-11-19 16:33:00,8144,8147.6,8143.9,8147.6,24.3919226
2019-11-19 16:32:00,8144.8,8144.9,8143.4,8143.9,8.83793854
2019-11-19 16:31:00,8145.4,8145.4,8144.8,8144.8,5.66726412
2019-11-19 16:30:00,8150.1,8150.1,8145.3,8145.4,7.29056379
2019-11-19 16:29:00,8150.1,8150.1,8150,8150,1.02137615
2019-11-19 16:28:00,8154.9,8154.9,8150,8150,4.68321599
2019-11-19 16:27:00,8152.8,8155,8152.8,8155,0.16345586
2019-11-19 16:26:00,8150.3,8152.8,8150.3,8152.7,0.87632954
2019-11-19 16:25:00,8150.7,8150.9,8147.3,8150.2,18.92283716
2019-11-19 16:24:00,8145.7,8154.1,8145.7,8150.7,10.03954132
2019-11-19 16:23:00,8145.2,8145.6,8145.1,8145.6,1.33303325
2019-11-19 16:22:00,8151.5,8151.5,8145.2,8145.2,37.38725378
2019-11-19 16:21:00,8151.1,8151.4,8147.6,8151.4,7.96729153
2019-11-19 16:20:00,8156.1,8159.1,8151.7,8151.7,40.45322143
2019-11-19 16:19:00,8150.1,8156.1,8150.1,8156.1,13.43224148
2019-11-19 16:18:00,8149.4,8150,8148.7,8150,26.19047963
2019-11-19 16:17:00,8152.9,8153,8149.4,8149.5,7.60217734
2019-11-19 16:16:00,8150.1,8153,8149.2,8152.9,20.29660195
2019-11-19 16:15:00,8146.1,8150.1,8146.1,8150.1,21.41899869
2019-11-19 16:14:00,8142.1,8146.1,8142.1,8146.1,11.89219941
2019-11-19 16:13:00,8139.3,8142.1,8139.3,8142,22.90149722
2019-11-19 16:12:00,8140,8140,8138.8,8139.2,24.39335781
2019-11-19 16:11:00,8141.3,8141.4,8140,8140,6.90661671
2019-11-19 16:10:00,8142.9,8142.9,8140.8,8141.4,7.94248443
2019-11-19 16:09:00,8146,8149.1,8142.8,8142.9,44.09618284
2019-11-19 16:08:00,8141.3,8146,8141.3,8145.9,14.76083289
2019-11-19 16:07:00,8144.3,8144.3,8140.3,8141.3,1.86950827
2019-11-19 16:06:00,8145.8,8146,8139.9,8144.3,44.82484071
2019-11-19 16:05:00,8147,8149.6,8145.8,8145.8,39.29905624
2019-11-19 16:04:00,8142.8,8146.9,8142.3,8146.9,18.02362874
2019-11-19 16:03:00,8145.4,8145.4,8135,8143.3,29.36522262
2019-11-19 16:02:00,8135.8,8146,8135.1,8145.5,14.0704808
2019-11-19 16:01:00,8127.6,8143.2,8127.6,8135.7,66.15218445
2019-11-19 16:00:00,8128,8128,8126.2,8127.8,16.5062592
2019-11-19 15:59:00,8127,8129.6,8126.1,8128,5.89277016
2019-11-19 15:58:00,8118.7,8129.7,8118.7,8127,7.66812704
2019-11-19 15:57:00,8119.1,8121.2,8112.2,8118.3,26.32510827
2019-11-19 15:56:00,8114.6,8120.9,8114.6,8119.8,35.95633528
2019-11-19 15:55:00,8117.1,8117.1,8106.6,8114.9,16.47954722
2019-11-19 15:54:00,8108.8,8117.6,8108.5,8117.1,8.16040466
2019-11-19 15:53:00,8101.3,8109.9,8100.2,8109.9,21.88482966
2019-11-19 15:52:00,8102.9,8104.4,8094.7,8101.4,56.90644518
2019-11-19 15:51:00,8107.4,8109,8101.3,8103.5,12.11600595
2019-11-19 15:50:00,8113.4,8113.8,8106,8107.4,11.71202674
2019-11-19 15:49:00,8120,8120,8113.1,8114.2,9.37614018
2019-11-19 15:48:00,8116.6,8122.4,8116.6,8120,3.0038339
2019-11-19 15:47:00,8110.2,8118,8110.2,8116.5,6.68579726
2019-11-19 15:46:00,8113.5,8113.5,8106.1,8110.2,36.45318304
2019-11-19 15:45:00,8126.5,8126.6,8106,8113.6,131.77457847
2019-11-19 15:44:00,8131.4,8131.5,8124,8126.6,6.28894835
2019-11-19 15:43:00,8122.4,8130.9,8122.4,8130.9,3.28015363
2019-11-19 15:42:00,8130.6,8130.6,8122.4,8122.4,15.95669912
2019-11-19 15:41:00,8135.5,8135.8,8120,8130.5,109.42530758
2019-11-19 15:40:00,8130.7,8135.9,8126.6,8135.4,30.31343207
2019-11-19 15:39:00,8138.7,8140.4,8131.1,8131.1,126.01818944
2019-11-19 15:38:00,8141.5,8141.5,8138.6,8138.7,4.82373926
2019-11-19 15:37:00,8142.9,8142.9,8141.5,8141.6,6.8761646
2019-11-19 15:36:00,8140.9,8144.3,8140.9,8142.9,0.56068473
2019-11-19 15:35:00,8142.7,8142.7,8140.2,8140.9,0.75815241
2019-11-19 15:34:00,8144.3,8144.3,8142.7,8142.7,2.26959537
2019-11-19 15:33:00,8144.1,8144.4,8141.3,8144.3,10.58018562
2019-11-19 15:32:00,8140.3,8144.5,8140.3,8144.3,14.44462663
2019-11-19 15:31:00,8137.7,8140.6,8137.6,8140.4,1.29428994
2019-11-19 15:30:00,8145.1,8145.1,8137.6,8137.7,6.29517654
2019-11-19 15:29:00,8140.9,8145.1,8140.9,8145.1,1.1873927
2019-11-19 15:28:00,8142.1,8142.1,8140.8,8140.8,1.54006818
2019-11-19 15:27:00,8145.2,8145.2,8142,8142.1,2.001444
2019-11-19 15:26:00,8143.9,8145.2,8143.8,8145.2,3.64671415
2019-11-19 15:25:00,8138,8142.8,8138,8142.8,19.56446564
2019-11-19 15:24:00,8136.6,8137.6,8135.8,8137.6,57.95752025
2019-11-19 15:23:00,8133.2,8136.6,8133.2,8136.6,0.95155463
2019-11-19 15:22:00,8134.7,8134.7,8132.1,8133.1,22.16349314
2019-11-19 15:21:00,8138.7,8138.7,8134.7,8134.7,4.40504912
2019-11-19 15:20:00,8138.8,8138.8,8138.7,8138.8,0.34370352
2019-11-19 15:19:00,8142.5,8142.5,8137.8,8138.8,8.35694581
2019-11-19 15:18:00,8143.9,8143.9,8142.5,8142.5,7.06943731
2019-11-19 15:17:00,8144.9,8144.9,8143.8,8143.9,1.98573745
2019-11-19 15:16:00,8150.4,8150.4,8144.1,8144.1,10.82758527
2019-11-19 15:15:00,8150.5,8150.5,8150.5,8150.5,14.52383859
2019-11-19 15:14:00,8150.4,8150.6,8150.3,8150.4,19.74668608
2019-11-19 15:13:00,8146.8,8150.4,8146.8,8150.4,1.76768029
2019-11-19 15:12:00,8146.6,8146.7,8145.7,8146.7,1.47537658
2019-11-19 15:11:00,8145.5,8146.7,8145,8146.6,34.14384131
2019-11-19 15:10:00,8147.9,8147.9,8145.5,8145.5,13.58026202
2019-11-19 15:09:00,8149.8,8149.8,8147.8,8147.9,1.52012583
2019-11-19 15:08:00,8145.8,8149.9,8145.8,8149.9,2.71836188
2019-11-19 15:07:00,8142.5,8145.9,8142.5,8145.8,1.87872466
2019-11-19 15:06:00,8145.3,8145.3,8142.4,8142.5,4.31470303
2019-11-19 15:05:00,8145.3,8145.3,8145.2,8145.3,1.33309829
2019-11-19 15:04:00,8145.6,8147.7,8145.3,8145.3,6.25201637
2019-11-19 15:03:00,8148,8148,8145.5,8145.6,13.01810027
2019-11-19 15:02:00,8147.9,8148,8147.9,8147.9,7.17748042
2019-11-19 15:01:00,8152.1,8152.1,8148,8148,6.62189054
2019-11-19 15:00:00,8156.1,8156.1,8151.7,8152,6.22397194
2019-11-19 14:59:00,8154,8156.5,8153.9,8156.1,5.82706536
2019-11-19 14:58:00,8155.2,8155.2,8153.9,8153.9,6.26972762
2019-11-19 14:57:00,8156.6,8156.7,8155.2,8155.2,0.28445914
2019-11-19 14:56:00,8154,8159.2,8153.9,8156.6,17.40531842
2019-11-19 14:55:00,8151.6,8154.5,8151.6,8154.5,3.22455834
2019-11-19 14:54:00,8156.1,8156.1,8151.6,8151.6,13.45381905
2019-11-19 14:53:00,8153.1,8157.1,8153.1,8156.1,3.83233079
2019-11-19 14:52:00,8151.4,8153.2,8151.2,8153.1,2.13583688
2019-11-19 14:51:00,8151.4,8151.5,8151.4,8151.4,1.42429966
2019-11-19 14:50:00,8149.4,8151.5,8149.3,8151.5,1.06148607
2019-11-19 14:49:00,8152.1,8152.1,8149.3,8149.3,0.89336135
2019-11-19 14:48:00,8150.9,8152,8148.3,8152,11.92057192
2019-11-19 14:47:00,8150,8151.4,8150,8150.8,4.51170153
2019-11-19 14:46:00,8147.9,8150,8147.9,8149.9,3.13462513
2019-11-19 14:45:00,8144.2,8147.9,8144.2,8147.9,2.44707913
2019-11-19 14:44:00,8151,8151,8140.8,8144.2,16.12135864
2019-11-19 14:43:00,8144.2,8151,8144.2,8151,51.62928127
2019-11-19 14:42:00,8138.7,8144.2,8138.7,8144.2,11.27423984
2019-11-19 14:41:00,8145.2,8145.2,8138.6,8138.7,21.9194547
2019-11-19 14:40:00,8139.2,8145.2,8139.2,8145.2,40.98396317
2019-11-19 14:39:00,8140.3,8141.2,8139.2,8139.2,16.2198416
2019-11-19 14:38:00,8140.1,8140.3,8140,8140.3,8.92662158
2019-11-19 14:37:00,8142.9,8142.9,8140,8140.1,11.54812737
2019-11-19 14:36:00,8138.6,8142.9,8138.6,8142.9,51.73729162
2019-11-19 14:35:00,8129.2,8138.8,8129.2,8138.6,129.83695387
2019-11-19 14:34:00,8131.1,8131.1,8129.1,8129.1,13.20679548
2019-11-19 14:33:00,8131.7,8131.8,8131.1,8131.1,1.84895723
2019-11-19 14:32:00,8132.2,8132.2,8131.7,8131.8,2.39014619
2019-11-19 14:31:00,8134,8134,8132.5,8132.5,2.65415378
2019-11-19 14:30:00,8131.3,8134,8130,8134,32.28102001
2019-11-19 14:29:00,8127.2,8133.9,8127.1,8132,2.21207119
2019-11-19 14:28:00,8133.9,8134.5,8127.2,8127.2,41.86711977
2019-11-19 14:27:00,8125.8,8134.6,8125.8,8134.6,28.6920808
2019-11-19 14:26:00,8127.2,8127.3,8123.7,8125.9,20.65268359
2019-11-19 14:25:00,8129.8,8129.8,8124.9,8127.3,2.42789703
2019-11-19 14:24:00,8124.4,8130.5,8120.1,8129.7,17.78359736
2019-11-19 14:23:00,8128.3,8130.6,8124.6,8124.6,28.91343031
2019-11-19 14:22:00,8128.4,8128.4,8124.6,8128.4,20.00457759
2019-11-19 14:21:00,8134.6,8134.6,8128.3,8128.3,10.95571816
2019-11-19 14:20:00,8130,8135.6,8127.9,8134.6,38.16649469
2019-11-19 14:19:00,8138.8,8138.8,8130.1,8130.1,16.61844121
2019-11-19 14:18:00,8127.6,8138.8,8127.6,8138.8,100.43535751
2019-11-19 14:17:00,8130.8,8131.1,8127.7,8127.7,13.007312
2019-11-19 14:16:00,8131.4,8131.4,8130.7,8130.8,12.92154076
2019-11-19 14:15:00,8135.8,8135.8,8131.3,8131.4,16.87278893
2019-11-19 14:14:00,8139.2,8139.2,8135.8,8135.8,0.4655504
2019-11-19 14:13:00,8140,8140,8139.4,8139.4,1.32475146
2019-11-19 14:12:00,8140.4,8140.5,8138.8,8140,0.93307603
2019-11-19 14:11:00,8142.1,8142.1,8140.4,8140.5,2.79404729
2019-11-19 14:10:00,8142.1,8142.1,8142,8142.1,5.9217085
2019-11-19 14:09:00,8142.1,8142.1,8142,8142,1.50195699
2019-11-19 14:08:00,8142,8142.1,8142,8142.1,2.73614986
2019-11-19 14:07:00,8135.7,8142.9,8135.7,8142.7,65.56821001
2019-11-19 14:06:00,8137.6,8137.7,8131.5,8135.2,21.90863597
2019-11-19 14:05:00,8142.7,8142.7,8137.6,8137.6,39.43465813
2019-11-19 14:04:00,8142.8,8142.8,8142.7,8142.7,6.85087325
2019-11-19 14:03:00,8142.9,8142.9,8142.8,8142.8,2.29204837
2019-11-19 14:02:00,8144.8,8144.8,8142.8,8142.9,17.92741226
2019-11-19 14:01:00,8146.9,8147.4,8144.7,8144.7,16.40609471
2019-11-19 14:00:00,8145.1,8146.7,8145.1,8146.7,7.43749615
2019-11-19 13:59:00,8139.3,8145.5,8139.3,8145.1,44.75501512
2019-11-19 13:58:00,8139.2,8139.3,8139.2,8139.2,0.53955246
2019-11-19 13:57:00,8140,8140.1,8139.3,8139.3,1.05814307
2019-11-19 13:56:00,8140.4,8140.4,8139.8,8140.1,1.01471871
2019-11-19 13:55:00,8143.1,8143.2,8138.7,8140.5,20.9967413
2019-11-19 13:54:00,8144.1,8144.1,8143.1,8143.1,7.59276282
2019-11-19 13:53:00,8141.8,8144.1,8140.2,8144.1,4.8118073
2019-11-19 13:52:00,8140.7,8141.8,8140.7,8141.8,1.14913876
2019-11-19 13:51:00,8142.7,8143.7,8140,8140.8,10.61272151
2019-11-19 13:50:00,8140.4,8144.6,8140,8142.7,11.0269129
2019-11-19 13:49:00,8146.4,8146.4,8140,8140.4,12.53490393
2019-11-19 13:48:00,8146.9,8147.5,8143.7,8146.4,20.6629276
2019-11-19 13:47:00,8148.4,8148.4,8145.5,8146.9,13.34123683
2019-11-19 13:46:00,8150.9,8150.9,8148.1,8148.4,8.4501701
2019-11-19 13:45:00,8153.6,8154.7,8150.7,8150.9,7.26492503
2019-11-19 13:44:00,8152.5,8155.3,8152.5,8155.3,14.58145192
2019-11-19 13:43:00,8152.6,8152.6,8152.5,8152.5,14.09393898
2019-11-19 13:42:00,8154.8,8154.9,8152.6,8152.6,12.65239548
2019-11-19 13:41:00,8155.6,8155.6,8153.1,8154.9,34.23731367
2019-11-19 13:40:00,8157.7,8157.8,8153.5,8154.7,29.60801628
2019-11-19 13:39:00,8157.4,8157.9,8157.3,8157.8,13.74092547
2019-11-19 13:38:00,8157.4,8157.4,8156.9,8157,32.76828306
2019-11-19 13:37:00,8158,8159.2,8154.2,8157.4,30.86677716
2019-11-19 13:36:00,8158.5,8158.5,8157.9,8158.1,7.14029462
2019-11-19 13:35:00,8159,8159.1,8158.4,8158.5,10.17111875
2019-11-19 13:34:00,8159.2,8159.2,8159,8159.1,2.6337322
2019-11-19 13:33:00,8159.2,8159.2,8157.9,8159.2,2.94717987
2019-11-19 13:32:00,8157.6,8159.3,8157.5,8159.2,5.41088781
2019-11-19 13:31:00,8157.2,8158.3,8157.2,8157.6,3.52449944
2019-11-19 13:30:00,8152.3,8157.2,8152.3,8157.2,4.93591283
2019-11-19 13:29:00,8154.9,8154.9,8152.3,8152.3,2.16916944
2019-11-19 13:28:00,8156.5,8156.5,8152.3,8154.9,40.24968786
2019-11-19 13:27:00,8156,8158,8156,8156.5,3.69741121
2019-11-19 13:26:00,8158.7,8158.7,8153.1,8156.1,58.35468203
2019-11-19 13:25:00,8160.5,8160.6,8155.2,8158.6,10.538544
2019-11-19 13:24:00,8162.5,8162.5,8160.8,8160.8,1.74189892
2019-11-19 13:23:00,8161,8162.5,8161,8162.5,0.21727907
2019-11-19 13:22:00,8160.2,8161.9,8160.2,8160.9,1.13932653
2019-11-19 13:21:00,8160.4,8160.4,8160.1,8160.2,1.68791528
2019-11-19 13:20:00,8159.4,8162.1,8159.4,8160.4,17.90965994
2019-11-19 13:19:00,8163.2,8163.2,8159.3,8159.3,2.45407829
2019-11-19 13:18:00,8156.2,8163.1,8156.2,8163.1,1.27114534
2019-11-19 13:17:00,8164.6,8164.6,8156.2,8156.2,15.28855926
2019-11-19 13:16:00,8167.6,8167.6,8165.2,8165.2,17.43114773
2019-11-19 13:15:00,8166.4,8167.7,8166.4,8167.6,1.84292154
2019-11-19 13:14:00,8168.8,8169.9,8166.4,8166.4,6.77976049
2019-11-19 13:13:00,8165.9,8168.3,8165.9,8168.3,2.88523046
2019-11-19 13:12:00,8163.7,8165.8,8163.1,8165.8,1.6604017
2019-11-19 13:11:00,8163.1,8163.8,8163.1,8163.7,0.53054899
2019-11-19 13:10:00,8160.8,8165,8160.8,8163,21.3967428
2019-11-19 13:09:00,8162.9,8162.9,8160.8,8160.8,0.77288886
2019-11-19 13:08:00,8162,8163,8161.9,8163,3.87454405
2019-11-19 13:07:00,8160.8,8162,8157.9,8162,9.6013323
2019-11-19 13:06:00,8166.8,8166.8,8160.6,8160.8,54.99409909
2019-11-19 13:05:00,8164.7,8166.9,8164.7,8165.3,24.66648738
2019-11-19 13:04:00,8161.9,8164.7,8161.9,8164.7,6.42551469
2019-11-19 13:03:00,8156.1,8162,8156.1,8162,21.32980092
2019-11-19 13:02:00,8156.2,8156.2,8156,8156.2,1.91851583
2019-11-19 13:01:00,8154.9,8156.3,8154.5,8156.2,12.2957981
2019-11-19 13:00:00,8154.5,8155,8154.5,8154.9,1.05982926
2019-11-19 12:59:00,8154.4,8154.5,8154.4,8154.4,4.57477625
2019-11-19 12:58:00,8150,8154.6,8147.4,8154.5,16.00478347
2019-11-19 12:57:00,8151.7,8151.8,8150.1,8150.1,0.63616802
2019-11-19 12:56:00,8151.4,8151.8,8151.3,8151.8,0.25702832
2019-11-19 12:55:00,8155.7,8156,8151,8151.4,10.15944119
2019-11-19 12:54:00,8156,8156.1,8155.6,8155.7,1.88260171
2019-11-19 12:53:00,8155.6,8156.1,8155.6,8156.1,3.38089103
2019-11-19 12:52:00,8156.8,8156.8,8156.7,8156.7,21.55575377
2019-11-19 12:51:00,8159.7,8159.7,8156.4,8156.7,1.90541438
2019-11-19 12:50:00,8159,8159.7,8159,8159.7,0.34816515
2019-11-19 12:49:00,8156.8,8158.7,8156.8,8158.6,3.10092163
2019-11-19 12:48:00,8158.7,8158.7,8155.4,8156.7,6.31963179
2019-11-19 12:47:00,8159.1,8159.1,8158.7,8158.8,2.24436505
2019-11-19 12:46:00,8154,8159.1,8154,8159.1,19.90391757
2019-11-19 12:45:00,8156.5,8156.5,8154,8154,10.41119925
2019-11-19 12:44:00,8159.9,8160,8156.4,8156.4,4.80124568
2019-11-19 12:43:00,8154,8160,8154,8159.1,18.90776326
2019-11-19 12:42:00,8151.2,8154.1,8151.2,8154.1,1.88874291
2019-11-19 12:41:00,8153.1,8153.1,8151.1,8151.2,2.58418251
2019-11-19 12:40:00,8151,8155.9,8151,8153.9,5.61196068
2019-11-19 12:39:00,8150.2,8152.3,8147.5,8152,3.40914734
2019-11-19 12:38:00,8149.5,8151.1,8149.5,8150.2,3.40507619
2019-11-19 12:37:00,8149.5,8151.2,8149.5,8149.5,3.40935309
2019-11-19 12:36:00,8156.6,8156.6,8149.5,8149.5,72.93823199
2019-11-19 12:35:00,8147.6,8157.1,8147.6,8156.7,24.41996943
2019-11-19 12:34:00,8136.6,8150,8136.6,8146.3,115.58074878
2019-11-19 12:33:00,8144.9,8144.9,8133.8,8136.5,45.63628436
2019-11-19 12:32:00,8130.7,8145,8130.7,8145,62.65835692
2019-11-19 12:31:00,8141.1,8141.1,8116.7,8130.7,146.5702204
2019-11-19 12:30:00,8142,8142,8141.2,8141.2,16.48165293
2019-11-19 12:29:00,8147.6,8147.6,8142.3,8142.3,34.76150734
2019-11-19 12:28:00,8150.8,8150.8,8147.7,8147.7,3.96242412
2019-11-19 12:27:00,8149.7,8154,8149.7,8150.9,19.34388348
2019-11-19 12:26:00,8150.1,8150.2,8149,8149.6,5.35250583
2019-11-19 12:25:00,8151.6,8151.6,8150.1,8150.1,0.80675283
2019-11-19 12:24:00,8152.3,8155,8151.6,8151.6,55.25717237
2019-11-19 12:23:00,8152,8152.3,8150.2,8152.3,1.8812569
2019-11-19 12:22:00,8148.6,8152.2,8148.6,8152.1,2.67856083
2019-11-19 12:21:00,8148.5,8148.7,8148.5,8148.6,0.57515499
2019-11-19 12:20:00,8149.3,8149.4,8148.5,8148.6,3.41430559
2019-11-19 12:19:00,8149.7,8149.7,8147.6,8149.4,3.03510552
2019-11-19 12:18:00,8151.9,8151.9,8147.7,8149.8,1.96670215
2019-11-19 12:17:00,8149,8152.5,8149,8151.7,8.55911649
2019-11-19 12:16:00,8153,8153.3,8149.9,8149.9,5.06457107
2019-11-19 12:15:00,8157.8,8157.8,8152.9,8153,3.36314409
2019-11-19 12:14:00,8158.4,8159.4,8157.2,8157.8,10.21437057
2019-11-19 12:13:00,8160.9,8160.9,8157.9,8158.3,5.75082542
2019-11-19 12:12:00,8162.9,8162.9,8160,8160.8,11.73028451
2019-11-19 12:11:00,8164.7,8165.9,8163,8163,15.35782551
2019-11-19 12:10:00,8165.5,8165.6,8164.7,8164.7,2.77917818
2019-11-19 12:09:00,8167.5,8167.5,8166,8166,3.02474159
2019-11-19 12:08:00,8167.5,8167.5,8167.4,8167.5,1.2713844
2019-11-19 12:07:00,8165,8168.2,8164,8167.5,3.6379408
2019-11-19 12:06:00,8170.8,8170.9,8165,8165,7.66185813
2019-11-19 12:05:00,8165.5,8170.9,8165.5,8170.8,7.4172428
2019-11-19 12:04:00,8157.9,8165.5,8157.9,8165.5,27.72473839
2019-11-19 12:03:00,8158,8158,8156.8,8157.9,6.60554309
2019-11-19 12:02:00,8149.6,8157.9,8147.7,8157.9,4.78203577
2019-11-19 12:01:00,8146.4,8148.7,8146.4,8148.7,4.45854809
2019-11-19 12:00:00,8154,8154.1,8145.9,8146.5,10.53994687
2019-11-19 11:59:00,8149.1,8155.8,8146.7,8154.1,25.82268782
2019-11-19 11:58:00,8148.4,8149.9,8146.2,8149.4,2.31817624
2019-11-19 11:57:00,8149.5,8149.5,8148.4,8148.4,3.5150801
2019-11-19 11:56:00,8149,8153.3,8149,8150.7,26.75708111
2019-11-19 11:55:00,8147.4,8150.5,8146.3,8149,26.25539933
2019-11-19 11:54:00,8153.2,8153.2,8146,8147.5,46.42441888
2019-11-19 11:53:00,8147.6,8154.6,8147.6,8153.2,15.10178
2019-11-19 11:52:00,8149.1,8150.1,8145,8147.6,7.13421242
2019-11-19 11:51:00,8160,8160.6,8149,8149.1,16.79838707
2019-11-19 11:50:00,8151.5,8160,8145,8160,103.4394661
2019-11-19 11:49:00,8169.5,8169.5,8151.9,8151.9,26.13244074
2019-11-19 11:48:00,8169.4,8171.5,8169.4,8169.6,7.64699497
2019-11-19 11:47:00,8174.4,8174.4,8169.9,8169.9,6.51625167
2019-11-19 11:46:00,8174.4,8174.4,8173.1,8174.4,19.11592979
2019-11-19 11:45:00,8171.1,8175.7,8171,8175.3,7.45844128
2019-11-19 11:44:00,8172.2,8172.2,8171.1,8171.1,2.09080707
2019-11-19 11:43:00,8172.2,8172.2,8172.1,8172.2,1.84311473
2019-11-19 11:42:00,8174.3,8174.3,8170.1,8170.3,8.48083987
2019-11-19 11:41:00,8177.7,8177.8,8174.4,8174.4,5.41762462
2019-11-19 11:40:00,8175.3,8177.8,8175.3,8177.8,2.80189962
2019-11-19 11:39:00,8174,8175.4,8174,8175.4,0.49981554
2019-11-19 11:38:00,8177,8177,8173.9,8174,18.15694636
2019-11-19 11:37:00,8177.8,8177.8,8177.1,8177.1,2.43119614
2019-11-19 11:36:00,8176.8,8177.8,8176.4,8177.8,10.57737775
2019-11-19 11:35:00,8176,8177,8176,8176.8,3.97645811
2019-11-19 11:34:00,8170.2,8176.1,8169.3,8176.1,13.72083057
2019-11-19 11:33:00,8176.5,8176.5,8170,8170,3.03799261
2019-11-19 11:32:00,8172.5,8177,8172.5,8176.5,21.77199653
2019-11-19 11:31:00,8163.4,8172.6,8163.4,8172.6,14.20728457
2019-11-19 11:30:00,8175.4,8175.4,8163.5,8163.5,37.17290555
2019-11-19 11:29:00,8168.6,8175.5,8167.9,8175.5,20.33223547
2019-11-19 11:28:00,8177.1,8177.1,8166.8,8168.6,10.45183324
2019-11-19 11:27:00,8180,8180,8177.2,8177.2,3.32155216
2019-11-19 11:26:00,8183.7,8183.7,8180,8180,15.80022049
2019-11-19 11:25:00,8184.1,8184.2,8183.7,8183.7,0.6184847
2019-11-19 11:24:00,8184.5,8184.5,8184.1,8184.1,3.25228458
2019-11-19 11:23:00,8186.7,8186.8,8184.4,8184.5,4.55129037
2019-11-19 11:22:00,8186.8,8186.8,8186.7,8186.7,0.1910941
2019-11-19 11:21:00,8188.3,8188.3,8186.7,8186.7,3.26884747
2019-11-19 11:20:00,8188.5,8188.5,8188.4,8188.4,0.78853075
2019-11-19 11:19:00,8191.5,8191.5,8188.4,8188.4,2.53149078
2019-11-19 11:18:00,8190,8191.6,8190,8191.6,2.61044846
2019-11-19 11:17:00,8189.9,8190,8189.8,8189.9,3.44399923
2019-11-19 11:16:00,8187,8189.9,8186.9,8189.9,7.08824584
2019-11-19 11:15:00,8186.9,8187,8186.9,8186.9,0.04045195
2019-11-19 11:14:00,8186.9,8187.1,8186.9,8186.9,3.01055778
2019-11-19 11:13:00,8187.4,8187.4,8186.9,8186.9,0.62695153
2019-11-19 11:12:00,8189.4,8189.5,8186.8,8187.3,12.82269362
2019-11-19 11:11:00,8188.8,8189.5,8188.8,8189.4,6.70586954
2019-11-19 11:10:00,8189.1,8189.1,8188,8188.8,3.18363342
2019-11-19 11:09:00,8189.6,8190.3,8189.1,8189.1,5.35837022
2019-11-19 11:08:00,8189.3,8189.7,8189.2,8189.7,4.121585
2019-11-19 11:07:00,8192,8192,8189.2,8189.3,2.37790018
2019-11-19 11:06:00,8192.4,8192.4,8192,8192.3,6.98866437
2019-11-19 11:05:00,8194.4,8194.4,8192.3,8192.3,1.59707962
2019-11-19 11:04:00,8195.1,8196,8192.7,8194.4,8.70232514
2019-11-19 11:03:00,8200.5,8200.6,8195.1,8195.1,19.3573088
2019-11-19 11:02:00,8200.5,8200.6,8200.5,8200.6,0.07260994
2019-11-19 11:01:00,8200.6,8200.6,8200.5,8200.5,0.22467908
2019-11-19 11:00:00,8200.5,8200.6,8200.5,8200.6,0.08116914
2019-11-19 10:59:00,8200.5,8200.6,8200.5,8200.6,1.37449335
2019-11-19 10:58:00,8200.5,8200.6,8200.5,8200.5,0.81051927
2019-11-19 10:57:00,8200.5,8200.6,8200.5,8200.6,1.01323804
2019-11-19 10:56:00,8200.5,8200.6,8200.5,8200.6,3.79129472
2019-11-19 10:55:00,8200.5,8200.6,8200.5,8200.5,2.2051976
2019-11-19 10:54:00,8200.5,8200.6,8200,8200.6,23.44618709
2019-11-19 10:53:00,8200.5,8200.5,8200.5,8200.5,0.25397564
2019-11-19 10:52:00,8199.6,8200.6,8198.5,8200.5,2.41115279
2019-11-19 10:51:00,8201,8201,8198.6,8199.6,2.97985394
2019-11-19 10:50:00,8200.6,8201,8200.6,8201,0.76519722
2019-11-19 10:49:00,8199.2,8200.5,8199.1,8200.5,7.04419331
2019-11-19 10:48:00,8199.1,8199.2,8199.1,8199.1,1.2027858
2019-11-19 10:47:00,8199.1,8199.2,8199.1,8199.2,4.56423564
2019-11-19 10:46:00,8199.2,8199.2,8198.4,8199.2,7.23809784
2019-11-19 10:45:00,8195.2,8199.2,8195.2,8199.2,16.88860914
2019-11-19 10:44:00,8198,8198,8195.2,8195.2,0.90855913
2019-11-19 10:43:00,8201.2,8201.2,8198.7,8198.7,1.85141225
2019-11-19 10:42:00,8201.5,8201.5,8201.1,8201.2,1.17930144
2019-11-19 10:41:00,8203.6,8203.6,8201,8201.5,2.32595542
2019-11-19 10:40:00,8202.2,8203.5,8202.2,8203.5,1.01940943
2019-11-19 10:39:00,8201.8,8202.2,8201.7,8202.2,0.41356701
2019-11-19 10:38:00,8201.8,8201.8,8201.7,8201.7,1.0637821
2019-11-19 10:37:00,8199.2,8202,8199.2,8201.8,12.66475886
2019-11-19 10:36:00,8199,8199.1,8198.9,8199.1,4.19889577
2019-11-19 10:35:00,8198.6,8199,8198.6,8198.9,0.77805773
2019-11-19 10:34:00,8198.7,8199.1,8198.7,8198.7,90.4747408
2019-11-19 10:33:00,8198.7,8198.7,8198.6,8198.7,0.69858051
2019-11-19 10:32:00,8198.7,8198.7,8198.6,8198.6,0.17658027
2019-11-19 10:31:00,8195.3,8198.1,8192.4,8198.1,9.36679219
2019-11-19 10:30:00,8196.4,8196.4,8195.3,8195.3,0.3221246
2019-11-19 10:29:00,8197.2,8197.3,8196.4,8196.4,1.71939163
2019-11-19 10:28:00,8198.3,8198.4,8197.2,8197.3,0.66487323
2019-11-19 10:27:00,8198.8,8198.8,8198.3,8198.3,5.94786242
2019-11-19 10:26:00,8199.9,8200,8198.8,8198.8,7.98738023
2019-11-19 10:25:00,8199.3,8200,8199.3,8200,1.74331246
2019-11-19 10:24:00,8197.4,8199.9,8197.4,8199.4,33.46613664
2019-11-19 10:23:00,8200.3,8203.1,8197.3,8197.3,4.08241396
2019-11-19 10:22:00,8204.9,8204.9,8197.2,8200.3,8.70034814
2019-11-19 10:21:00,8206.4,8206.4,8204.9,8204.9,2.66336776
2019-11-19 10:20:00,8209.2,8209.2,8206.4,8206.4,6.82519913
2019-11-19 10:19:00,8209.7,8209.7,8209.2,8209.2,10.66739793
2019-11-19 10:18:00,8209.7,8209.7,8209.6,8209.6,0.23285377
2019-11-19 10:17:00,8209.1,8209.7,8209.1,8209.6,0.80088305
2019-11-19 10:16:00,8209.1,8209.1,8206,8208.6,3.33776458
2019-11-19 10:15:00,8209,8209.1,8209,8209.1,1.45499312
2019-11-19 10:14:00,8208.7,8210,8208.6,8209.1,0.95306408
2019-11-19 10:13:00,8207.2,8208.7,8207.2,8208.7,1.87460277
2019-11-19 10:12:00,8207.2,8207.2,8207.1,8207.2,0.56359381
2019-11-19 10:11:00,8207.2,8207.2,8207.1,8207.1,1.53463265
2019-11-19 10:10:00,8206.2,8207.2,8206.1,8207.2,2.14452614
2019-11-19 10:09:00,8208.6,8208.6,8206.2,8206.2,1.11297974
2019-11-19 10:08:00,8204.8,8230,8204.8,8208.7,96.60217837
2019-11-19 10:07:00,8199.1,8204.8,8199.1,8204.3,15.1903086
2019-11-19 10:06:00,8198.3,8199.1,8198.3,8199,3.38265751
2019-11-19 10:05:00,8197.9,8198,8197.9,8198,0.64127084
2019-11-19 10:04:00,8197.9,8198,8197.9,8198,1.73588334
2019-11-19 10:03:00,8197.9,8198,8197.9,8197.9,1.44823491
2019-11-19 10:02:00,8198,8198,8197.9,8197.9,1.41142903
2019-11-19 10:01:00,8198,8198,8197.9,8198,0.46644879
2019-11-19 10:00:00,8198,8198,8197.9,8197.9,0.54094184
2019-11-19 09:59:00,8200.8,8200.8,8197.9,8197.9,5.88908007
2019-11-19 09:58:00,8200.2,8200.9,8200.1,8200.9,0.20073483
2019-11-19 09:57:00,8199,8200.2,8199,8200.2,0.34135457
2019-11-19 09:56:00,8195.7,8200,8195.6,8199.1,6.68995178
2019-11-19 09:55:00,8199,8199.5,8195.6,8195.6,1.90682235
2019-11-19 09:54:00,8195.4,8200,8195.4,8199.1,25.79581809
2019-11-19 09:53:00,8192.8,8195.4,8191.9,8195.4,5.78026756
2019-11-19 09:52:00,8194.5,8194.5,8193.1,8193.1,31.90413924
2019-11-19 09:51:00,8195.9,8195.9,8194.5,8194.5,10.7203458
2019-11-19 09:50:00,8194.5,8195.9,8194.4,8195.9,0.38321087
2019-11-19 09:49:00,8191.9,8194.5,8191.9,8194.5,0.5965145
2019-11-19 09:48:00,8193.2,8194.2,8190.7,8190.8,10.89223049
2019-11-19 09:47:00,8189.3,8193.2,8189.2,8193.2,2.45920478
2019-11-19 09:46:00,8191.2,8191.2,8189.2,8189.3,5.38648599
2019-11-19 09:45:00,8191.5,8191.5,8191.2,8191.2,0.83434007
2019-11-19 09:44:00,8195,8195,8191.6,8191.6,3.68409285
2019-11-19 09:43:00,8191,8195.2,8191,8195,2.43196142
2019-11-19 09:42:00,8199.9,8200,8191.1,8191.1,19.44558764
2019-11-19 09:41:00,8202.4,8203.3,8198.2,8200.7,11.72637667
2019-11-19 09:40:00,8200.3,8205.4,8200.3,8202.4,18.43610073
2019-11-19 09:39:00,8197.2,8200,8197.2,8200,1.4689067
2019-11-19 09:38:00,8193.7,8201.5,8193.7,8197.2,21.54937065
2019-11-19 09:37:00,8193,8193.1,8193,8193.1,0.27908257
2019-11-19 09:36:00,8192.6,8193.1,8192.6,8193.1,13.0308284
2019-11-19 09:35:00,8190.4,8192.7,8190.4,8192.7,2.97396355
2019-11-19 09:34:00,8190,8190.9,8189.4,8190.5,0.67256302
2019-11-19 09:33:00,8188.8,8190.1,8188.7,8190.1,3.61688939
2019-11-19 09:32:00,8190.7,8190.7,8187.4,8188.4,2.40866826
2019-11-19 09:31:00,8186.2,8190.7,8185,8190.7,5.28399169
2019-11-19 09:30:00,8188.6,8188.6,8186.2,8186.2,1.5032262
2019-11-19 09:29:00,8185.1,8189.3,8185,8189.3,2.50777697
2019-11-19 09:28:00,8185.3,8185.3,8185.1,8185.1,4.50343316
2019-11-19 09:27:00,8186.8,8187.8,8185.7,8185.7,7.89321667
2019-11-19 09:26:00,8188.1,8188.2,8186.7,8186.7,6.41315982
2019-11-19 09:25:00,8188.1,8189.4,8188.1,8188.2,2.85185561
2019-11-19 09:24:00,8186.3,8188.1,8186.2,8188.1,9.96476768
2019-11-19 09:23:00,8185,8187.9,8185,8186.2,1.49470719
2019-11-19 09:22:00,8185.8,8187.6,8184.5,8185,1.01968782
2019-11-19 09:21:00,8190,8190,8185.8,8185.8,3.30002149
2019-11-19 09:20:00,8184.7,8190.9,8184.7,8190,3.96634784
2019-11-19 09:19:00,8179.2,8184.1,8179.2,8184.1,1.76985158
2019-11-19 09:18:00,8181.7,8182.6,8179.2,8179.2,8.79052398
2019-11-19 09:17:00,8184,8184,8179.8,8181.8,11.94243964
2019-11-19 09:16:00,8185.4,8185.4,8184.1,8184.1,2.35279859
2019-11-19 09:15:00,8188.3,8188.3,8185.4,8185.4,3.40948788
2019-11-19 09:14:00,8189.3,8189.3,8188.4,8188.4,6.82366329
2019-11-19 09:13:00,8189,8189.4,8188.9,8189.3,8.37305804
2019-11-19 09:12:00,8189,8189,8188.9,8189,1.25319319
2019-11-19 09:11:00,8192.7,8192.8,8187.4,8189,5.41546711
2019-11-19 09:10:00,8194,8194.5,8193,8193,1.63226967
2019-11-19 09:09:00,8192.2,8192.7,8189.6,8192.7,9.58447071
2019-11-19 09:08:00,8196.3,8197.1,8192.1,8192.1,6.6410974
2019-11-19 09:07:00,8199.9,8204.9,8193.3,8196.3,42.44512101
2019-11-19 09:06:00,8186.3,8199.9,8186.3,8199.9,40.83057685
2019-11-19 09:05:00,8190.9,8190.9,8186.2,8186.3,0.61116753
2019-11-19 09:04:00,8192.3,8194.1,8191.9,8191.9,2.44903365
2019-11-19 09:03:00,8185.3,8191.8,8185.3,8191.8,17.8746446
2019-11-19 09:02:00,8184.2,8185.1,8184.2,8185.1,8.27767037
2019-11-19 09:01:00,8184.5,8185.4,8183.4,8184.1,9.92350592
2019-11-19 09:00:00,8181.5,8184.7,8181.5,8184.6,4.58481905
2019-11-19 08:59:00,8179.3,8182,8179.3,8181.5,8.92211215
2019-11-19 08:58:00,8176.3,8180.3,8176.3,8179.2,6.20368433
2019-11-19 08:57:00,8179.1,8179.1,8175.5,8176.3,10.94906163
2019-11-19 08:56:00,8177.8,8179.1,8177,8179.1,7.67757249
2019-11-19 08:55:00,8181.9,8181.9,8177.8,8177.8,4.04686925
2019-11-19 08:54:00,8181.9,8181.9,8181.8,8181.8,15.02903116
2019-11-19 08:53:00,8181,8181.9,8180.9,8181.9,7.04774628
2019-11-19 08:52:00,8178.2,8181.6,8178.2,8181,7.01039533
2019-11-19 08:51:00,8178.3,8178.3,8178.2,8178.2,3.7236642
2019-11-19 08:50:00,8179.1,8180.3,8178.9,8178.9,2.53402306
2019-11-19 08:49:00,8178.5,8181.7,8178.5,8179.1,9.66769948
2019-11-19 08:48:00,8185.5,8185.5,8178.5,8178.5,3.07895849
2019-11-19 08:47:00,8185.5,8185.5,8185.4,8185.4,0.1655483
2019-11-19 08:46:00,8185,8185.5,8183.6,8185.5,2.50126804
2019-11-19 08:45:00,8185.6,8185.6,8184.5,8185.1,0.80004334
2019-11-19 08:44:00,8185.6,8185.7,8184.8,8185.6,1.9098134
2019-11-19 08:43:00,8188.1,8188.1,8184.1,8184.1,26.45983097
2019-11-19 08:42:00,8187.7,8188.9,8187.7,8188.1,1.48553206
2019-11-19 08:41:00,8188.1,8188.1,8187.7,8187.8,0.51275528
2019-11-19 08:40:00,8194.2,8195.1,8188.2,8188.5,18.502011
2019-11-19 08:39:00,8194.3,8194.3,8194.1,8194.1,0.65307428
2019-11-19 08:38:00,8189.1,8194.3,8188.1,8194.3,11.71403302
2019-11-19 08:37:00,8191.8,8191.8,8189.1,8189.1,0.37687349
2019-11-19 08:36:00,8191.9,8193.3,8191.8,8191.8,0.82111615
2019-11-19 08:35:00,8188,8193.2,8188,8191.8,4.79315093
2019-11-19 08:34:00,8187.7,8188,8185.3,8188,20.59758098
2019-11-19 08:33:00,8192,8192.1,8187.7,8187.8,9.09281154
2019-11-19 08:32:00,8192.9,8192.9,8192.1,8192.1,1.97511626
2019-11-19 08:31:00,8195.8,8195.8,8192.3,8192.9,19.58503575
2019-11-19 08:30:00,8195.9,8195.9,8195.7,8195.7,0.13970303
2019-11-19 08:29:00,8197.5,8197.6,8194.1,8195.8,11.17575159
2019-11-19 08:28:00,8194.2,8197.6,8194.2,8197.6,0.69320492
2019-11-19 08:27:00,8197.1,8197.1,8193.1,8193.7,14.01029503
2019-11-19 08:26:00,8193.6,8197.1,8193.6,8197.1,7.89367329
2019-11-19 08:25:00,8197.8,8198.4,8193.5,8193.5,3.76229937
2019-11-19 08:24:00,8195.9,8198.4,8194.8,8197.7,4.29929236
2019-11-19 08:23:00,8199,8199,8196.6,8196.6,2.36231265
2019-11-19 08:22:00,8201.4,8201.4,8199.4,8199.4,0.40148454
2019-11-19 08:21:00,8201.4,8202.3,8201.2,8201.4,0.60990164
2019-11-19 08:20:00,8198.1,8201.3,8198.1,8201.3,0.52860359
2019-11-19 08:19:00,8199.6,8200.1,8197,8197.6,9.05946196
2019-11-19 08:18:00,8196.4,8198.1,8196.4,8198.1,3.28125115
2019-11-19 08:17:00,8197.1,8197.2,8194.2,8196.2,3.92545163
2019-11-19 08:16:00,8203.2,8203.3,8197.1,8197.1,9.41634858
2019-11-19 08:15:00,8203.3,8205.1,8202.2,8203.3,2.3565447
2019-11-19 08:14:00,8209.8,8209.9,8204,8204,2.69617863
2019-11-19 08:13:00,8206.9,8209.9,8206.8,8209.9,1.41268563
2019-11-19 08:12:00,8209.3,8211.3,8202.5,8207.6,22.35445146
2019-11-19 08:11:00,8204,8210,8204,8209.3,2.84218522
2019-11-19 08:10:00,8213.4,8213.4,8204,8204,26.309884
2019-11-19 08:09:00,8203.2,8216.5,8203.2,8215.6,14.47655088
2019-11-19 08:08:00,8202.8,8202.8,8199.1,8202,8.91068818
2019-11-19 08:07:00,8194.1,8203.9,8194,8202.8,27.93113214
2019-11-19 08:06:00,8193.8,8195,8191.8,8194.1,11.86115271
2019-11-19 08:05:00,8183.5,8194.3,8183.4,8193.4,32.85364123
2019-11-19 08:04:00,8176.3,8183,8176.3,8182.9,5.34981255
2019-11-19 08:03:00,8179.1,8179.1,8176.4,8176.6,5.11393266
2019-11-19 08:02:00,8183.1,8183.1,8179.1,8179.1,14.9820099
2019-11-19 08:01:00,8179.4,8182.4,8179.4,8182.4,3.78489658
2019-11-19 08:00:00,8183.7,8183.8,8171.5,8179.4,124.20942906
2019-11-19 07:59:00,8191.7,8191.7,8183.4,8183.5,44.83892392
2019-11-19 07:58:00,8198.7,8198.7,8191.8,8191.8,11.02234625
2019-11-19 07:57:00,8199.5,8199.5,8198.7,8198.7,4.41858212
2019-11-19 07:56:00,8199.4,8199.5,8199.4,8199.5,0.17150247
2019-11-19 07:55:00,8199.5,8199.5,8199.5,8199.5,0.163265
2019-11-19 07:54:00,8199.5,8199.6,8199.2,8199.5,1.02646249
2019-11-19 07:53:00,8198.2,8199.5,8198.1,8199.5,2.87345764
2019-11-19 07:52:00,8198.2,8198.2,8198.1,8198.2,2.86493507
2019-11-19 07:51:00,8198.2,8198.2,8198.1,8198.2,1.47901138
2019-11-19 07:50:00,8197.9,8198.2,8197.8,8198.2,1.06364941
2019-11-19 07:49:00,8196.3,8197.9,8195.5,8197,16.80596029
2019-11-19 07:48:00,8197,8197.1,8196.3,8196.4,0.38181589
2019-11-19 07:47:00,8198.2,8198.2,8196.7,8197,1.47915007
2019-11-19 07:46:00,8198.1,8198.2,8198.1,8198.1,0.42821501
2019-11-19 07:45:00,8198.2,8198.2,8198.1,8198.2,0.02962406
2019-11-19 07:44:00,8193.1,8199.9,8193.1,8198.1,16.1618591
2019-11-19 07:43:00,8190.3,8192.4,8190.3,8192.4,1.66763873
2019-11-19 07:42:00,8192.3,8192.3,8190.4,8190.4,1.12984039
2019-11-19 07:41:00,8196.4,8196.4,8192.3,8192.3,1.21571705
2019-11-19 07:40:00,8199.6,8199.7,8196.5,8196.5,0.32213916
2019-11-19 07:39:00,8200.3,8200.3,8199.6,8199.6,3.02857723
2019-11-19 07:38:00,8203.2,8203.2,8200.3,8200.3,10.88950766
2019-11-19 07:37:00,8204.1,8204.1,8203.1,8203.2,0.74927876
2019-11-19 07:36:00,8205.2,8205.2,8204.1,8204.2,0.05158391
2019-11-19 07:35:00,8206.2,8206.2,8205.5,8205.5,0.84397063
2019-11-19 07:34:00,8210,8210,8206.1,8206.1,2.10158166
2019-11-19 07:33:00,8209.2,8210,8209.2,8209.9,0.01401917
2019-11-19 07:32:00,8208,8209,8207.7,8209,2.78242707
2019-11-19 07:31:00,8206.4,8207.6,8206.4,8206.5,0.32840197
2019-11-19 07:30:00,8206.5,8206.5,8206.3,8206.5,1.31475696
2019-11-19 07:29:00,8203.8,8207.7,8203.8,8206.5,3.90505475
2019-11-19 07:28:00,8203.7,8203.8,8203.7,8203.7,0.23383581
2019-11-19 07:27:00,8203.4,8203.8,8203.4,8203.7,1.81687374
2019-11-19 07:26:00,8203.8,8203.9,8203.4,8203.4,0.5545518
2019-11-19 07:25:00,8206.1,8206.1,8203.1,8203.8,7.68517091
2019-11-19 07:24:00,8211.1,8211.1,8206.1,8206.1,6.64126849
2019-11-19 07:23:00,8207.8,8211.1,8207.8,8211,5.42435936
2019-11-19 07:22:00,8205.7,8207.9,8205,8207.9,6.15181038
2019-11-19 07:21:00,8205.9,8205.9,8205.7,8205.7,1.46829605
2019-11-19 07:20:00,8209.9,8210,8205.9,8206,3.95075607
2019-11-19 07:19:00,8208.4,8210,8208.3,8209.9,27.42854969
2019-11-19 07:18:00,8205.6,8209,8205.6,8209,3.97853824
2019-11-19 07:17:00,8205.1,8206.8,8205.1,8205.6,0.22894785
2019-11-19 07:16:00,8203.3,8205,8203.3,8203.9,1.23605547
2019-11-19 07:15:00,8204.1,8205.2,8203.3,8203.3,1.45974802
2019-11-19 07:14:00,8208.7,8208.7,8204,8204,5.42055557
2019-11-19 07:13:00,8211,8211.1,8208.6,8208.7,5.02901799
2019-11-19 07:12:00,8211.3,8211.3,8211,8211,2.07477151
2019-11-19 07:11:00,8211.2,8211.3,8211.2,8211.3,1.08678438
2019-11-19 07:10:00,8211.3,8211.3,8211.2,8211.3,0.67365801
2019-11-19 07:09:00,8214.8,8214.8,8211.2,8211.2,1.4780094
2019-11-19 07:08:00,8216,8216.1,8214.8,8214.8,2.17687778
2019-11-19 07:07:00,8215,8216.1,8215,8216,1.35920188
2019-11-19 07:06:00,8212.2,8214.9,8212.2,8214.9,3.97165245
2019-11-19 07:05:00,8201.6,8212.2,8201.6,8212.2,3.15728414
2019-11-19 07:04:00,8203.8,8203.8,8201.5,8201.5,3.37718206
2019-11-19 07:03:00,8208.1,8208.1,8203.9,8203.9,3.44180361
2019-11-19 07:02:00,8212.3,8212.3,8208.8,8208.8,5.30745639
2019-11-19 07:01:00,8214.6,8214.6,8212.8,8213.9,11.94774227
2019-11-19 07:00:00,8211.6,8216.9,8211.6,8214.6,116.0279044
2019-11-19 06:59:00,8217.9,8217.9,8212.2,8212.2,7.67756801
2019-11-19 06:58:00,8218,8218,8218,8218,0.10894177
2019-11-19 06:57:00,8218,8218,8217.9,8217.9,1.10044639
2019-11-19 06:56:00,8221.9,8221.9,8217.9,8217.9,6.02718775
2019-11-19 06:55:00,8223.1,8223.8,8222.2,8222.2,11.7007573
2019-11-19 06:54:00,8224.1,8224.1,8224,8224,1.86816613
2019-11-19 06:53:00,8227.9,8227.9,8224.4,8224.4,1.22273975
2019-11-19 06:52:00,8228.5,8228.5,8228,8228,0.34528304
2019-11-19 06:51:00,8227.8,8228.5,8227.8,8228.4,0.14582092
2019-11-19 06:50:00,8227.3,8227.3,8227.3,8227.3,5.35971212
2019-11-19 06:49:00,8227.3,8227.3,8227.2,8227.2,0.37620993
2019-11-19 06:48:00,8227.3,8227.3,8225.9,8227.2,3.22388636
2019-11-19 06:47:00,8226.2,8228.3,8226.2,8228.1,1.28957515
2019-11-19 06:46:00,8223.8,8226.1,8223.8,8226.1,1.0929723
2019-11-19 06:45:00,8221.6,8223.8,8221.6,8223.8,1.49482513
2019-11-19 06:44:00,8219.8,8220.9,8219.7,8220.9,3.99548051
2019-11-19 06:43:00,8219.8,8219.8,8219.7,8219.8,4.16507422
2019-11-19 06:42:00,8219.2,8219.2,8219.2,8219.2,0.00695763
2019-11-19 06:41:00,8216.2,8217.9,8216.2,8217.9,0.42448552
2019-11-19 06:40:00,8216.1,8216.2,8216.1,8216.2,4.66559544
2019-11-19 06:39:00,8216.3,8216.3,8216.1,8216.2,0.89832888
2019-11-19 06:38:00,8213.2,8216.3,8213.1,8216.3,7.0207345
2019-11-19 06:37:00,8213.1,8213.2,8213.1,8213.2,6.60329446
2019-11-19 06:36:00,8213.2,8213.2,8213.1,8213.2,3.0827392
2019-11-19 06:35:00,8211,8212.8,8211,8212.3,1.98076819
2019-11-19 06:34:00,8206.4,8211.7,8206.4,8211,5.92049098
2019-11-19 06:33:00,8205.6,8207.1,8205.6,8206.7,5.17164742
2019-11-19 06:32:00,8205.5,8205.6,8204.6,8205.5,1.34923447
2019-11-19 06:31:00,8206,8206,8205.5,8205.6,0.61292339
2019-11-19 06:30:00,8206.2,8206.2,8206,8206.1,0.04214132
2019-11-19 06:29:00,8205.4,8205.7,8200.9,8205.7,7.82358159
2019-11-19 06:28:00,8205.2,8205.5,8205.1,8205.5,0.76456
2019-11-19 06:27:00,8202.3,8206.9,8198,8203.8,57.45520323
2019-11-19 06:26:00,8198.7,8201.8,8198.7,8201.7,1.54587532
2019-11-19 06:25:00,8198.7,8198.7,8198.7,8198.7,0.18029165
2019-11-19 06:24:00,8200.1,8200.1,8198.7,8198.7,4.55791537
2019-11-19 06:23:00,8206.6,8206.6,8201,8201,2.72665044
2019-11-19 06:22:00,8207.6,8207.7,8206.7,8206.7,3.72922273
2019-11-19 06:21:00,8207.5,8207.7,8207.4,8207.7,0.66339555
2019-11-19 06:20:00,8196.3,8206.7,8196.3,8206.6,6.74572957
2019-11-19 06:19:00,8196,8196.3,8196,8196.3,3.0658707
2019-11-19 06:18:00,8204.2,8204.2,8195.9,8195.9,12.14948937
2019-11-19 06:17:00,8208.1,8208.2,8204.2,8204.2,0.90503877
2019-11-19 06:16:00,8211.3,8212.6,8208.1,8208.2,3.17682171
2019-11-19 06:15:00,8213.9,8214,8210.7,8211,2.79877335
2019-11-19 06:14:00,8225.7,8225.7,8215,8215,3.64428628
2019-11-19 06:13:00,8225.8,8226.8,8225.8,8225.8,4.92220843
2019-11-19 06:12:00,8227.1,8229.5,8225.7,8225.8,4.00013151
2019-11-19 06:11:00,8228.1,8228.1,8227,8227,13.60441198
2019-11-19 06:10:00,8228.6,8228.6,8228,8228.1,6.82653515
2019-11-19 06:09:00,8233.2,8233.2,8230,8230,16.10035968
2019-11-19 06:08:00,8233.4,8233.4,8233.3,8233.3,0.78518884
2019-11-19 06:07:00,8233.4,8233.5,8233.4,8233.4,0.34281796
2019-11-19 06:06:00,8232.9,8233.9,8232.9,8233.5,1.21274376
2019-11-19 06:05:00,8233.7,8234.1,8232.9,8233,1.52114254
2019-11-19 06:04:00,8234.9,8234.9,8233.2,8234.9,2.41376939
2019-11-19 06:03:00,8234.9,8234.9,8234.8,8234.9,0.42213689
2019-11-19 06:02:00,8236.7,8236.7,8234.9,8234.9,0.30664577
2019-11-19 06:01:00,8234.6,8237.6,8234.6,8237.5,2.73797903
2019-11-19 06:00:00,8239.2,8239.2,8234.5,8234.5,9.34160068
2019-11-19 05:59:00,8230.7,8239.2,8230.7,8239.1,11.26385272
2019-11-19 05:58:00,8230.6,8230.7,8230.6,8230.7,0.50256047
2019-11-19 05:57:00,8230,8232.7,8230,8232.7,2.82538155
2019-11-19 05:56:00,8230,8230,8230,8230,0
2019-11-19 05:55:00,8230,8230,8230,8230,0.01250574
2019-11-19 05:54:00,8230.1,8230.1,8230.1,8230.1,0.10869531
2019-11-19 05:53:00,8232.6,8232.6,8230,8230,0.83983584
2019-11-19 05:52:00,8234.9,8237.6,8234.1,8235.6,5.042008
2019-11-19 05:51:00,8228.5,8234.5,8228.5,8234.5,1.42627755
2019-11-19 05:50:00,8224.3,8227.7,8224.3,8227.7,0.46515941
2019-11-19 05:49:00,8224.2,8224.3,8224.2,8224.3,0.02477924
2019-11-19 05:48:00,8222.2,8224.3,8222.2,8223.7,1.6723201
2019-11-19 05:47:00,8223.9,8224.4,8223.8,8224.1,2.10757176
2019-11-19 05:46:00,8215.4,8223.8,8215.4,8223.8,5.77680656
2019-11-19 05:45:00,8222.4,8222.4,8215.3,8215.3,2.02075148
2019-11-19 05:44:00,8224.7,8224.7,8222.6,8222.6,0.43869337
2019-11-19 05:43:00,8228.5,8228.6,8221.9,8224.7,7.07954558
2019-11-19 05:42:00,8231.3,8231.3,8228.7,8228.7,0.36099501
2019-11-19 05:41:00,8235.6,8236.2,8232,8232,0.58052287
2019-11-19 05:40:00,8233.3,8239.5,8233.3,8235.6,12.30780749
2019-11-19 05:39:00,8231.3,8249.4,8231.3,8233.3,163.83747274
2019-11-19 05:38:00,8228.3,8231.4,8228.3,8231.3,10.60749675
2019-11-19 05:37:00,8228.3,8228.4,8228.3,8228.4,1.73469414
2019-11-19 05:36:00,8226.4,8230,8226.4,8229.5,8.59317152
2019-11-19 05:35:00,8223.7,8226.5,8223.7,8226.4,1.42530345
2019-11-19 05:34:00,8221.3,8223.7,8221.3,8223.6,0.91319815
2019-11-19 05:33:00,8220.2,8221.4,8220.1,8221.3,2.16626884
2019-11-19 05:32:00,8222.1,8222.1,8220.2,8220.2,1.14270824
2019-11-19 05:31:00,8217.5,8222.3,8217.5,8222.3,9.55132877
2019-11-19 05:30:00,8215.9,8218.6,8215.9,8217,2.15882458
2019-11-19 05:29:00,8216.3,8216.3,8214.5,8216.1,2.16865685
2019-11-19 05:28:00,8216.2,8216.3,8212.7,8216.3,2.23665862
2019-11-19 05:27:00,8214.6,8216.2,8213.3,8216,1.0840518
2019-11-19 05:26:00,8210.6,8215,8210.6,8214.7,1.54348123
2019-11-19 05:25:00,8209.7,8213.2,8209.7,8210.5,1.84461441
2019-11-19 05:24:00,8217.9,8217.9,8209.6,8209.6,4.53441535
2019-11-19 05:23:00,8216.7,8218.7,8213.7,8217.5,2.73561152
2019-11-19 05:22:00,8215.5,8219.4,8214.9,8216.7,11.5761476
2019-11-19 05:21:00,8215,8217.2,8214.9,8215.5,1.10452784
2019-11-19 05:20:00,8210.1,8214.5,8210.1,8214.5,0.31235508
2019-11-19 05:19:00,8215.2,8215.4,8210.9,8210.9,1.45636498
2019-11-19 05:18:00,8210.7,8215.4,8206.1,8215.3,11.37063484
2019-11-19 05:17:00,8206.5,8210.9,8205.7,8210.7,1.84257702
2019-11-19 05:16:00,8208.2,8211.8,8207.1,8207.1,4.45560161
2019-11-19 05:15:00,8210,8213.2,8208.1,8208.1,2.91474403
2019-11-19 05:14:00,8205.1,8210,8203.2,8210,4.32985304
2019-11-19 05:13:00,8210.2,8213,8205.1,8205.1,1.23869713
2019-11-19 05:12:00,8204.4,8210.2,8204.4,8210.2,0.75042893
2019-11-19 05:11:00,8206.1,8206.1,8204.4,8204.4,2.52522033
2019-11-19 05:10:00,8213.2,8214.4,8205.1,8206.2,3.29575464
2019-11-19 05:09:00,8212.3,8214.4,8212.3,8213.2,0.6412425
2019-11-19 05:08:00,8215.7,8219.1,8213.3,8213.3,5.15915366
2019-11-19 05:07:00,8211.8,8215.7,8211.8,8215.7,0.75665089
2019-11-19 05:06:00,8209.7,8214.8,8209,8211.7,16.9112086
2019-11-19 05:05:00,8216.3,8216.3,8208.9,8210.7,2.56483201
2019-11-19 05:04:00,8221.2,8222.8,8216.3,8216.3,7.69429553
2019-11-19 05:03:00,8211.8,8223.6,8211.8,8220.9,14.86845831
2019-11-19 05:02:00,8216,8216.1,8210,8210.6,12.7318055
2019-11-19 05:01:00,8207.9,8224.4,8207.9,8216.7,21.02831812
2019-11-19 05:00:00,8217.7,8217.7,8205,8207,6.94382233
2019-11-19 04:59:00,8211.6,8220,8210.3,8217.7,2.7872293
2019-11-19 04:58:00,8204.4,8212.1,8201.8,8212.1,5.6523807
2019-11-19 04:57:00,8205,8209.9,8204.3,8204.3,4.28881087
2019-11-19 04:56:00,8199.7,8204,8199.7,8204,1.14352656
2019-11-19 04:55:00,8195.3,8202.6,8195.3,8200.6,15.52780016
2019-11-19 04:54:00,8197,8198.4,8195.3,8195.5,8.86977095
2019-11-19 04:53:00,8194.3,8197,8194.3,8196.9,1.43337783
2019-11-19 04:52:00,8192.5,8192.8,8192.5,8192.7,0.11033425
2019-11-19 04:51:00,8187.8,8192.5,8187.8,8192.5,0.96959963
2019-11-19 04:50:00,8189.7,8189.7,8188.9,8188.9,0.0733377
2019-11-19 04:49:00,8190.9,8192.6,8190.8,8190.8,0.49921173
2019-11-19 04:48:00,8193,8193,8190.9,8190.9,0.16891201
2019-11-19 04:47:00,8186.6,8192.3,8186.6,8192.1,1.5944304
2019-11-19 04:46:00,8188.2,8188.2,8187.7,8187.8,0.16509422
2019-11-19 04:45:00,8188.1,8193.3,8188.1,8190.4,2.71812212
2019-11-19 04:44:00,8189.9,8189.9,8183.9,8188.1,3.19080816
2019-11-19 04:43:00,8185,8189.9,8183.6,8189.9,1.20932306
2019-11-19 04:42:00,8188.6,8188.6,8185,8185.1,5.23760535
2019-11-19 04:41:00,8196.4,8196.4,8189.1,8189.1,0.65402304
2019-11-19 04:40:00,8192.1,8196.5,8192.1,8196.4,0.79724196
2019-11-19 04:39:00,8196.5,8196.5,8192.1,8192.1,4.30138563
2019-11-19 04:38:00,8192.9,8196.7,8192.8,8196.5,0.86355919
2019-11-19 04:37:00,8194.5,8195,8192.9,8192.9,1.87551167
2019-11-19 04:36:00,8188.6,8194.5,8188.6,8194.4,11.28360639
2019-11-19 04:35:00,8193.3,8193.3,8184,8188.5,4.95777592
2019-11-19 04:34:00,8186.7,8193.3,8186.7,8193.3,4.03850161
2019-11-19 04:33:00,8181.8,8186.8,8181.8,8186.8,12.58324071
2019-11-19 04:32:00,8182,8185.2,8180.4,8181.8,3.05307616
2019-11-19 04:31:00,8177,8185.4,8177,8182,9.48833189
2019-11-19 04:30:00,8175.5,8177,8171.6,8177,42.82135696
2019-11-19 04:29:00,8180.6,8180.6,8177.8,8177.8,2.30540563
2019-11-19 04:28:00,8185.3,8186.4,8180,8180,1.59602872
2019-11-19 04:27:00,8178.9,8185.3,8178.9,8184,14.4145237
2019-11-19 04:26:00,8176.6,8179,8174.9,8178.9,4.35960224
2019-11-19 04:25:00,8181.2,8181.3,8176.7,8176.7,2.99749312
2019-11-19 04:24:00,8181,8181.3,8178.6,8181.2,1.68597252
2019-11-19 04:23:00,8187.4,8189.8,8177.1,8181.1,34.6763231
2019-11-19 04:22:00,8189.5,8189.5,8183.3,8187.4,26.33244433
2019-11-19 04:21:00,8191.8,8191.8,8189.4,8189.5,1.49417502
2019-11-19 04:20:00,8190.9,8192.6,8190.9,8192,0.82271466
2019-11-19 04:19:00,8193.7,8194.5,8190.9,8190.9,2.24358317
2019-11-19 04:18:00,8193.7,8193.8,8193.7,8193.8,1.90263902
2019-11-19 04:17:00,8191.6,8193.8,8191.1,8193.7,3.82429021
2019-11-19 04:16:00,8192.9,8192.9,8189,8191.6,3.86646173
2019-11-19 04:15:00,8195.7,8195.8,8192.6,8192.9,0.8206258
2019-11-19 04:14:00,8195.9,8199.5,8195.9,8196.8,0.63016207
2019-11-19 04:13:00,8200.4,8200.4,8191.9,8195.3,15.03346434
2019-11-19 04:12:00,8196.8,8203,8196.8,8200.5,14.08688095
2019-11-19 04:11:00,8190.1,8196.8,8188.5,8196.8,19.42811757
2019-11-19 04:10:00,8196.7,8196.7,8190,8190.1,0.50091912
2019-11-19 04:09:00,8196.7,8200.6,8195,8197,10.17499562
2019-11-19 04:08:00,8198.2,8198.2,8196.4,8196.7,5.3103147
2019-11-19 04:07:00,8202.4,8202.4,8198.2,8198.3,8.53157964
2019-11-19 04:06:00,8204.8,8204.8,8201.8,8201.8,3.48519062
2019-11-19 04:05:00,8206.4,8206.4,8204.8,8204.8,4.09080685
2019-11-19 04:04:00,8205.6,8206.9,8201,8206.4,3.07314766
2019-11-19 04:03:00,8207.6,8207.6,8205,8205.6,0.11829462
2019-11-19 04:02:00,8208.1,8210.1,8207.6,8207.6,9.78721588
2019-11-19 04:01:00,8213.6,8213.6,8208.1,8208.1,10.13988575
2019-11-19 04:00:00,8213.7,8215.7,8210.8,8213.6,11.52580397
2019-11-19 03:59:00,8217,8218.4,8213.7,8213.7,14.83968405
2019-11-19 03:58:00,8213,8218.8,8212.8,8216.9,14.25012979
2019-11-19 03:57:00,8210.8,8213.1,8210.8,8213.1,4.80325504
2019-11-19 03:56:00,8206.6,8214.9,8206.6,8210.7,3.17532704
2019-11-19 03:55:00,8217.5,8217.5,8205.1,8206.6,18.59748178
2019-11-19 03:54:00,8217.5,8217.6,8217.5,8217.5,2.53076808
2019-11-19 03:53:00,8219.9,8219.9,8216.5,8217.6,0.94171452
2019-11-19 03:52:00,8219.9,8219.9,8219.8,8219.9,4.15124082
2019-11-19 03:51:00,8219.1,8219.9,8217.7,8219.9,1.18731319
2019-11-19 03:50:00,8211.8,8219.5,8211.8,8219.1,5.31107496
2019-11-19 03:49:00,8214.7,8216,8208.9,8212.7,15.33290105
2019-11-19 03:48:00,8219.1,8219.1,8212.2,8214.7,4.43849729
2019-11-19 03:47:00,8228.7,8229.2,8214.8,8219.1,38.54188281
2019-11-19 03:46:00,8231.6,8231.6,8228.1,8228.7,1.31737605
2019-11-19 03:45:00,8232.1,8232.6,8231.6,8231.6,14.07493372
2019-11-19 03:44:00,8232.6,8235,8227.3,8232.1,6.92554117
2019-11-19 03:43:00,8235.8,8236.8,8233.1,8233.1,3.96536611
2019-11-19 03:42:00,8236.3,8236.4,8230,8235.7,13.86124277
2019-11-19 03:41:00,8224.8,8236.6,8224.8,8236.3,19.91390312
2019-11-19 03:40:00,8226,8226,8223.4,8224.7,0.93560967
2019-11-19 03:39:00,8221.4,8226.1,8220,8226,13.04914408
2019-11-19 03:38:00,8229.2,8229.3,8221.7,8221.8,3.29770089
2019-11-19 03:37:00,8231.2,8231.2,8228.5,8229.3,1.26852211
2019-11-19 03:36:00,8232.6,8244.8,8229.3,8231.2,25.75518748
2019-11-19 03:35:00,8217.4,8232.5,8217.3,8232.5,5.93188583
2019-11-19 03:34:00,8220.9,8220.9,8215.5,8217.3,7.12252286
2019-11-19 03:33:00,8216.6,8221,8211.6,8220.9,11.36892973
2019-11-19 03:32:00,8218.3,8221.7,8216.6,8216.7,13.88559215
2019-11-19 03:31:00,8211.5,8220.8,8211.4,8218.4,23.31697564
2019-11-19 03:30:00,8204.3,8214.9,8204,8211.4,11.22131017
2019-11-19 03:29:00,8209.2,8210.2,8204.4,8204.4,28.52613395
2019-11-19 03:28:00,8206.7,8211.3,8206.7,8209.2,18.936327
2019-11-19 03:27:00,8201.9,8210,8201.9,8206.7,10.1138898
2019-11-19 03:26:00,8198.7,8203.1,8198.7,8200.6,26.6575729
2019-11-19 03:25:00,8196.4,8200.2,8195,8198.7,55.92064519
2019-11-19 03:24:00,8194,8197.8,8194,8196.6,17.78356588
2019-11-19 03:23:00,8190.1,8195,8188,8194,21.07139086
2019-11-19 03:22:00,8197.2,8197.2,8190,8190.1,4.40804036
2019-11-19 03:21:00,8191.3,8197.2,8191.2,8197.2,2.22321917
2019-11-19 03:20:00,8195.1,8195.1,8191.8,8191.8,2.59680389
2019-11-19 03:19:00,8200.1,8201.9,8195.9,8195.9,1.99278335
2019-11-19 03:18:00,8195.9,8204,8188.1,8200.1,17.88473145
2019-11-19 03:17:00,8201.2,8204.1,8196.6,8197.5,3.26469695
2019-11-19 03:16:00,8209.8,8211.8,8200.5,8201.2,30.06012513
2019-11-19 03:15:00,8207.7,8209.8,8206.5,8209.8,5.89801418
2019-11-19 03:14:00,8203,8207.7,8200.1,8207.7,3.51450867
2019-11-19 03:13:00,8205.6,8207.6,8202,8203,8.26503943
2019-11-19 03:12:00,8200.9,8206,8200.5,8205.7,47.06880366
2019-11-19 03:11:00,8191.4,8201,8190.3,8200.9,9.00196043
2019-11-19 03:10:00,8200.8,8200.8,8190.1,8191.3,20.28892662
2019-11-19 03:09:00,8191.7,8202.6,8191.7,8200.9,26.38478971
2019-11-19 03:08:00,8181.1,8192.9,8181.1,8191.7,9.70198402
2019-11-19 03:07:00,8186.7,8186.7,8180.7,8180.7,15.11881262
2019-11-19 03:06:00,8191.8,8192.7,8186.8,8186.8,7.96932622
2019-11-19 03:05:00,8192.2,8192.2,8186.7,8191.8,8.55931696
2019-11-19 03:04:00,8191.1,8199.2,8191.1,8193.4,11.28032546
2019-11-19 03:03:00,8189.4,8198.1,8188.3,8191.2,17.35652836
2019-11-19 03:02:00,8198,8198,8188.9,8189.6,7.95059484
2019-11-19 03:01:00,8194.6,8202.9,8187.8,8198.2,37.33904973
2019-11-19 03:00:00,8213.2,8213.2,8194.7,8194.7,65.18039152
2019-11-19 02:59:00,8209,8215.1,8205.6,8213.2,12.65121891
2019-11-19 02:58:00,8209,8223.8,8205.3,8209,78.20403433
2019-11-19 02:57:00,8206.1,8217,8206,8208.9,41.03436604
2019-11-19 02:56:00,8201.6,8212.6,8201.6,8206.1,47.46716929
2019-11-19 02:55:00,8196.3,8213.6,8190.7,8204,110.1192867
2019-11-19 02:54:00,8189.8,8197,8185.1,8196.3,22.23916702
2019-11-19 02:53:00,8193.7,8199,8188.4,8190,50.25830777
2019-11-19 02:52:00,8195,8197.2,8184.3,8194.7,95.50856234
2019-11-19 02:51:00,8187.1,8195,8185.1,8194.4,81.24188126
2019-11-19 02:50:00,8202.6,8204.1,8187.4,8187.4,92.94044705
2019-11-19 02:49:00,8206.7,8210.6,8189.3,8203.8,87.99406959
2019-11-19 02:48:00,8185.4,8214.3,8182.2,8206.7,180.13494217
2019-11-19 02:47:00,8180.2,8193.2,8179.9,8185.7,69.15737532
2019-11-19 02:46:00,8188.3,8188.9,8176.3,8180.2,169.26021482
2019-11-19 02:45:00,8157.3,8190,8154.3,8187.9,142.01506285
2019-11-19 02:44:00,8156.7,8159.6,8151,8157.3,67.58702479
2019-11-19 02:43:00,8149.7,8159.2,8143.4,8156.7,53.04489051
2019-11-19 02:42:00,8158.9,8160,8148.4,8149.7,52.67111596
2019-11-19 02:41:00,8159.1,8161.2,8146.9,8158.9,50.8924093
2019-11-19 02:40:00,8155,8169.8,8154.9,8159.3,61.68476695
2019-11-19 02:39:00,8159,8161.8,8144.7,8155.1,70.43090601
2019-11-19 02:38:00,8150.1,8165.6,8143.8,8159,80.78270678
2019-11-19 02:37:00,8150.2,8174.2,8146.4,8150.1,278.62260159
2019-11-19 02:36:00,8127.7,8160.1,8118.2,8150.2,194.33653667
2019-11-19 02:35:00,8156.7,8165.9,8125.1,8127.7,251.59061165
2019-11-19 02:34:00,8098.8,8156.7,8094.8,8156.7,282.87132629
2019-11-19 02:33:00,8106.3,8188.1,8057,8098.2,631.44153045
2019-11-19 02:32:00,8154.1,8169.5,8088,8106.3,502.90418001
2019-11-19 02:31:00,8154.1,8163.4,8118.9,8153.8,312.6295506
2019-11-19 02:30:00,8174.1,8179.6,8153.4,8156.5,222.29742236
2019-11-19 02:29:00,8151.1,8202,8138.7,8172.3,358.64573713
2019-11-19 02:28:00,8223.7,8227.9,8150,8150.1,623.01969649
2019-11-19 02:27:00,8264.3,8265.3,8221.1,8221.1,212.23751854
2019-11-19 02:26:00,8272,8272,8258.4,8264.4,50.40757694
2019-11-19 02:25:00,8267.1,8281.1,8265.4,8272,69.46594588
2019-11-19 02:24:00,8274.1,8282.4,8262,8266.1,65.48091467
2019-11-19 02:23:00,8283.6,8285.7,8274.1,8274.1,49.71523297
2019-11-19 02:22:00,8286.9,8289.3,8277.6,8283.6,41.36831701
2019-11-19 02:21:00,8276.1,8287,8273.9,8286.9,78.27615497
2019-11-19 02:20:00,8288.2,8288.3,8270.3,8276.1,98.28648047
2019-11-19 02:19:00,8265.8,8300,8263,8288.3,303.90699811
2019-11-19 02:18:00,8288.3,8292.6,8237.3,8264,407.02416975
2019-11-19 02:17:00,8301.5,8301.5,8285.5,8288.3,56.62135941
2019-11-19 02:16:00,8288.8,8306.1,8288.8,8301.5,246.10973828
2019-11-19 02:15:00,8312.8,8316.1,8288.8,8289,102.2016758
2019-11-19 02:14:00,8328.6,8328.6,8300,8312.3,234.52890782
2019-11-19 02:13:00,8327.9,8328.7,8327.4,8328.6,4.1950538
2019-11-19 02:12:00,8336.4,8336.4,8328,8328,5.85258548
2019-11-19 02:11:00,8341.7,8341.7,8336.1,8336.4,3.91250813
2019-11-19 02:10:00,8328.1,8342.3,8326.5,8341.7,9.01467146
2019-11-19 02:09:00,8334.2,8334.2,8328.1,8328.1,0.84185723
2019-11-19 02:08:00,8333.4,8334.3,8333.4,8334.2,6.83606532
2019-11-19 02:07:00,8338.6,8338.6,8333.4,8333.5,15.61968115
2019-11-19 02:06:00,8337.4,8338.6,8337.3,8338.6,0.09230001
2019-11-19 02:05:00,8340.2,8340.8,8336.3,8338.3,6.82498096
2019-11-19 02:04:00,8340.3,8340.4,8336.4,8339.6,9.15925369
2019-11-19 02:03:00,8337.9,8339.7,8335.5,8339.7,11.15301681
2019-11-19 02:02:00,8341.4,8344.9,8338.7,8338.7,9.67886278
2019-11-19 02:01:00,8331.1,8341.4,8327.9,8341.4,33.16056143
2019-11-19 02:00:00,8340.7,8340.7,8331.1,8331.1,10.86439981
2019-11-19 01:59:00,8338.6,8341.6,8338.6,8340.7,5.91488007
2019-11-19 01:58:00,8334.1,8338.5,8333.3,8338.5,19.33077259
2019-11-19 01:57:00,8340.8,8340.8,8331.5,8334.1,27.98263276
2019-11-19 01:56:00,8345.5,8346,8338,8341.9,11.44711905
2019-11-19 01:55:00,8349.4,8350,8340.8,8342.9,30.45389607
2019-11-19 01:54:00,8346.5,8349.9,8346,8349.5,20.92476875
2019-11-19 01:53:00,8350.2,8350.3,8344.5,8346.5,9.87472802
2019-11-19 01:52:00,8350.2,8351.5,8350.2,8350.2,7.11439261
2019-11-19 01:51:00,8342.8,8350.9,8342.8,8350.2,11.61910009
2019-11-19 01:50:00,8335.7,8342.7,8335.7,8342.4,17.96206329
2019-11-19 01:49:00,8337,8337,8332.4,8337,30.93831783
2019-11-19 01:48:00,8336.8,8337.1,8335.5,8337,10.66822202
2019-11-19 01:47:00,8339.4,8340.5,8336.8,8336.8,6.71738956
2019-11-19 01:46:00,8337.5,8340,8332.6,8339.3,33.5795213
2019-11-19 01:45:00,8350.9,8350.9,8338.2,8338.2,35.43115428
2019-11-19 01:44:00,8332.1,8351,8332.1,8351,51.33929413
2019-11-19 01:43:00,8332,8332.2,8324.7,8332.1,55.40975924
2019-11-19 01:42:00,8338.1,8338.6,8332,8332,19.50244779
2019-11-19 01:41:00,8341.3,8341.3,8332.9,8338,20.18281613
2019-11-19 01:40:00,8343.5,8344.1,8334.5,8341.3,24.06586766
2019-11-19 01:39:00,8349.5,8349.5,8343.5,8343.5,10.49052383
2019-11-19 01:38:00,8353.2,8353.3,8349.5,8349.5,7.06561381
2019-11-19 01:37:00,8358.4,8358.4,8352.6,8353.2,9.08960294
2019-11-19 01:36:00,8353.1,8360.6,8353.1,8358.4,10.55664282
2019-11-19 01:35:00,8350.7,8353.5,8350.7,8353.4,2.72310149
2019-11-19 01:34:00,8360.6,8360.7,8351,8351,10.7409438
2019-11-19 01:33:00,8355,8362.4,8349.2,8360.2,34.32181039
2019-11-19 01:32:00,8351.5,8360.7,8351.5,8355,14.46681047
2019-11-19 01:31:00,8348.5,8354,8343.4,8352.2,24.9346071
2019-11-19 01:30:00,8346.9,8356.8,8341.3,8348.5,43.64529241
2019-11-19 01:29:00,8357.8,8360.3,8340,8346.9,37.23069169
2019-11-19 01:28:00,8345,8362.3,8342.9,8356.6,43.64423699
2019-11-19 01:27:00,8352.8,8356,8340,8346,128.93350526
2019-11-19 01:26:00,8349.2,8362.2,8340,8351,223.77376986
2019-11-19 01:25:00,8372.3,8372.4,8302,8347.5,882.19735607
2019-11-19 01:24:00,8382.8,8382.8,8368,8372.3,148.79369129
2019-11-19 01:23:00,8382.8,8382.9,8382.8,8382.8,0.72136851
2019-11-19 01:22:00,8390.1,8390.1,8382.8,8382.8,13.25246415
2019-11-19 01:21:00,8392.2,8392.2,8389.6,8390.1,0.95780702
2019-11-19 01:20:00,8387.8,8392.7,8387.8,8392.3,6.26491245
2019-11-19 01:19:00,8388.5,8388.6,8384,8386.2,18.65203317
2019-11-19 01:18:00,8385.5,8388.5,8382.2,8388.5,9.26942785
2019-11-19 01:17:00,8378.5,8385.6,8372.9,8385.1,15.37730367
2019-11-19 01:16:00,8389.3,8393.5,8377.8,8379.6,113.27888859
2019-11-19 01:15:00,8389.4,8391.6,8388,8389,6.20354335
2019-11-19 01:14:00,8383.5,8389.4,8380,8389.4,9.18133228
2019-11-19 01:13:00,8393,8393.2,8375,8383.1,76.59808248
2019-11-19 01:12:00,8396.7,8396.7,8383.7,8393,26.87351954
2019-11-19 01:11:00,8399.9,8405.1,8397.2,8397.2,7.6365315
2019-11-19 01:10:00,8396.6,8400,8393.5,8400,13.89942052
2019-11-19 01:09:00,8405,8406.3,8374.6,8396.6,160.65816103
2019-11-19 01:08:00,8410.6,8410.6,8400,8404.2,18.01255232
2019-11-19 01:07:00,8410.6,8410.7,8410.6,8410.6,0.88775994
2019-11-19 01:06:00,8411.8,8414.3,8410.6,8410.6,1.43821291
2019-11-19 01:05:00,8404.4,8414.3,8404.4,8411.8,9.71713186
2019-11-19 01:04:00,8410,8410,8403.7,8404.4,9.19030674
2019-11-19 01:03:00,8412.3,8412.3,8410,8410,4.91289021
2019-11-19 01:02:00,8412,8417.1,8412,8412.3,13.92539664
2019-11-19 01:01:00,8412.1,8413,8411.3,8412,6.15726637
2019-11-19 01:00:00,8415,8415,8412,8412,3.97125669
2019-11-19 00:59:00,8416.5,8416.6,8415.1,8415.1,1.03791759
2019-11-19 00:58:00,8416.7,8416.7,8416.5,8416.6,1.36227837
2019-11-19 00:57:00,8418.1,8418.1,8416.7,8416.7,0.95899431
2019-11-19 00:56:00,8418.1,8418.1,8418,8418,0.06718471
2019-11-19 00:55:00,8420.4,8420.4,8416.4,8417.8,5.26629432
2019-11-19 00:54:00,8422.6,8422.7,8420.6,8420.6,1.38785664
2019-11-19 00:53:00,8424.4,8424.4,8423.1,8423.1,1.54002563
2019-11-19 00:52:00,8424.6,8424.7,8424.4,8424.6,0.06530081
2019-11-19 00:51:00,8424.7,8424.7,8424.6,8424.6,0.10176492
2019-11-19 00:50:00,8424.6,8424.7,8424.6,8424.6,0.41565333
2019-11-19 00:49:00,8425,8425,8424.9,8424.9,0.84343912
2019-11-19 00:48:00,8425,8425,8424.9,8424.9,0.59960877
2019-11-19 00:47:00,8428.6,8428.6,8424.7,8425,1.00028778
2019-11-19 00:46:00,8431.7,8431.7,8428.6,8428.6,0.79920243
2019-11-19 00:45:00,8429.7,8430.6,8429.6,8430.6,0.72949744
2019-11-19 00:44:00,8428.6,8429.7,8428.5,8429.7,0.473818
2019-11-19 00:43:00,8432.5,8432.5,8428.6,8428.6,0.48062637
2019-11-19 00:42:00,8432.5,8432.6,8432.5,8432.5,0.7837308
2019-11-19 00:41:00,8430,8432.6,8430,8432.6,5.91141096
2019-11-19 00:40:00,8430,8430,8429.9,8430,0.24033231
2019-11-19 00:39:00,8429.8,8430,8429.8,8430,1.14804417
2019-11-19 00:38:00,8428.2,8429.9,8428.2,8429.8,1.0536225
2019-11-19 00:37:00,8428.2,8428.2,8428.1,8428.2,3.51736177
2019-11-19 00:36:00,8428.2,8428.5,8428.1,8428.2,0.34690857
2019-11-19 00:35:00,8425.3,8428.2,8425.3,8428.2,0.95624649
2019-11-19 00:34:00,8424.2,8426.6,8424.2,8425.3,0.60117345
2019-11-19 00:33:00,8422.5,8428,8422.5,8424.2,6.07784684
2019-11-19 00:32:00,8423.2,8423.2,8422.4,8422.5,2.10729435
2019-11-19 00:31:00,8424.9,8424.9,8423,8423.1,2.23909158
2019-11-19 00:30:00,8427.4,8427.4,8424.7,8424.8,1.79853569
2019-11-19 00:29:00,8420.6,8428.3,8420.6,8427.4,7.71435
2019-11-19 00:28:00,8423.4,8423.4,8420.5,8420.6,2.09983745
2019-11-19 00:27:00,8424.6,8424.6,8423.3,8423.4,0.48480149
2019-11-19 00:26:00,8425,8425,8424.7,8424.7,0.50454031
2019-11-19 00:25:00,8425,8425.1,8425,8425.1,0.18568719
2019-11-19 00:24:00,8425.1,8425.1,8425,8425.1,0.55526511
2019-11-19 00:23:00,8425.1,8425.1,8425,8425,0.83264229
2019-11-19 00:22:00,8426.5,8426.6,8425,8425,2.10689236
2019-11-19 00:21:00,8429.8,8429.8,8426.5,8426.5,1.9397602
2019-11-19 00:20:00,8428.1,8429.8,8428,8429.7,2.34092259
2019-11-19 00:19:00,8426.7,8428.4,8425.7,8428,6.36399234
2019-11-19 00:18:00,8425.9,8427,8425.9,8426.7,2.73351
2019-11-19 00:17:00,8420.8,8425.8,8420.8,8425.8,2.50820199
2019-11-19 00:16:00,8414.3,8421.4,8413.7,8420.9,3.87574076
2019-11-19 00:15:00,8416.4,8416.4,8414.3,8414.3,0.82919319
2019-11-19 00:14:00,8416,8417,8416,8416.4,1.51149878
2019-11-19 00:13:00,8414.1,8416,8414,8416,5.59115812
2019-11-19 00:12:00,8409.4,8414.1,8409.3,8414.1,18.19891692
2019-11-19 00:11:00,8413.6,8413.7,8409.3,8409.3,1.48773325
2019-11-19 00:10:00,8408.5,8413.8,8408.5,8413.6,14.93510367
2019-11-19 00:09:00,8408.5,8408.5,8408.4,8408.5,5.19755105
2019-11-19 00:08:00,8411.9,8411.9,8408.4,8408.5,2.85396716
2019-11-19 00:07:00,8410.8,8411.9,8410.8,8411.9,3.08754783
2019-11-19 00:06:00,8410.7,8413.3,8410.6,8410.9,35.70850696
2019-11-19 00:05:00,8410.4,8411,8410,8410.6,1.89064318
2019-11-19 00:04:00,8414.4,8414.4,8410.5,8410.5,1.39472092
2019-11-19 00:03:00,8415.3,8415.3,8414.3,8414.3,6.85213476
2019-11-19 00:02:00,8412.5,8415.4,8411.7,8415.4,2.8456053
2019-11-19 00:01:00,8420.1,8420.1,8410.4,8412.6,13.81310761
2019-11-19 00:00:00,8409.3,8420.2,8406.3,8420,10.93102137
