2019-11-16 23:59:00,8488.7,8488.7,8488.6,8488.7,0.4547792
2019-11-16 23:58:00,8489.2,8490.9,8489,8489,0.80739737
2019-11-16 23:57:00,8488,8489.1,8486.8,8489.1,0.5505564
2019-11-16 23:56:00,8488.4,8488.4,8488,8488,3.00368291
2019-11-16 23:55:00,8489.1,8489.1,8488.4,8488.4,0.70728542
2019-11-16 23:54:00,8484.2,8489,8484.1,8489,0.74891473
2019-11-16 23:53:00,8490,8490,8484.2,8484.2,2.53632896
2019-11-16 23:52:00,8491.2,8491.3,8488.5,8490,0.51472881
2019-11-16 23:51:00,8491.3,8492.8,8491.2,8491.3,0.84523554
2019-11-16 23:50:00,8488.5,8491.3,8488.5,8491.3,0.16725796
2019-11-16 23:49:00,8489.7,8489.8,8489.6,8489.6,0.99731717
2019-11-16 23:48:00,8489.1,8491.2,8487.2,8489.6,18.82828275
2019-11-16 23:47:00,8501.1,8501.2,8489.1,8489.1,5.56220747
2019-11-16 23:46:00,8498.3,8501.2,8498.3,8501.2,19.11489666
2019-11-16 23:45:00,8495.5,8498.4,8495.5,8498.4,1.23855704
2019-11-16 23:44:00,8496.3,8496.3,8494.7,8495.6,1.40485393
2019-11-16 23:43:00,8494.7,8496.5,8494.7,8496.3,0.29391348
2019-11-16 23:42:00,8494.5,8495.7,8494.4,8494.8,0.51320727
2019-11-16 23:41:00,8498.2,8498.2,8494.4,8494.5,2.67332318
2019-11-16 23:40:00,8495.8,8498.3,8495.8,8498.3,0.38058598
2019-11-16 23:39:00,8497,8498.7,8495.8,8495.9,0.79630474
2019-11-16 23:38:00,8497.1,8497.1,8497,8497,0.19161111
2019-11-16 23:37:00,8493.3,8497.1,8493.2,8497.1,6.08799245
2019-11-16 23:36:00,8493.1,8493.3,8493,8493.3,44.76805087
2019-11-16 23:35:00,8493.2,8493.2,8493,8493,0.81242081
2019-11-16 23:34:00,8491.5,8493.2,8491.5,8493.1,0.56111915
2019-11-16 23:33:00,8490.8,8490.8,8489.1,8490.4,6.30502245
2019-11-16 23:32:00,8489.9,8490.9,8489.9,8490.9,2.56025424
2019-11-16 23:31:00,8488.9,8489.9,8488.8,8489.9,9.13497752
2019-11-16 23:30:00,8489.6,8489.6,8488.7,8488.9,2.60380952
2019-11-16 23:29:00,8489.5,8489.5,8489.4,8489.5,0.46874301
2019-11-16 23:28:00,8493.4,8494.3,8489.3,8489.5,3.53399833
2019-11-16 23:27:00,8488.9,8493.4,8488,8493.4,2.19648538
2019-11-16 23:26:00,8487.4,8489.4,8487.4,8488.9,0.68123573
2019-11-16 23:25:00,8488.1,8488.1,8487.2,8487.3,0.79059325
2019-11-16 23:24:00,8483.4,8488.1,8477.6,8488.1,15.49695363
2019-11-16 23:23:00,8486.7,8486.8,8481.9,8483.5,9.74033285
2019-11-16 23:22:00,8490.1,8490.1,8486.6,8486.7,7.12538565
2019-11-16 23:21:00,8489.6,8491.1,8488.9,8490,0.8168009
2019-11-16 23:20:00,8488.5,8490.1,8488.4,8489.4,10.35905101
2019-11-16 23:19:00,8487.2,8488.6,8486.3,8488.5,6.28844851
2019-11-16 23:18:00,8487.2,8488.2,8487.1,8487.1,2.85957476
2019-11-16 23:17:00,8487.7,8487.7,8487.3,8487.3,2.07124436
2019-11-16 23:16:00,8486,8487.7,8486,8487.7,1.5452307
2019-11-16 23:15:00,8484.6,8486.1,8484.6,8486.1,2.97577324
2019-11-16 23:14:00,8482.6,8485,8481.6,8484.6,4.46854211
2019-11-16 23:13:00,8483.1,8484.4,8481.4,8482.7,7.07567269
2019-11-16 23:12:00,8478.7,8483.1,8478.6,8483,2.35179599
2019-11-16 23:11:00,8481.6,8481.6,8478.6,8478.6,3.448718
2019-11-16 23:10:00,8484.2,8484.3,8480.2,8481.7,7.75093579
2019-11-16 23:09:00,8485.4,8487,8483.8,8484.3,8.39885846
2019-11-16 23:08:00,8487.7,8489.4,8485.6,8486.3,43.99951213
2019-11-16 23:07:00,8490.9,8490.9,8487.7,8487.7,4.54116858
2019-11-16 23:06:00,8490,8495.5,8489.9,8490.9,4.57653721
2019-11-16 23:05:00,8489,8490.1,8488.9,8490,5.78250177
2019-11-16 23:04:00,8486.5,8489.1,8486.5,8489,1.76668869
2019-11-16 23:03:00,8483.2,8488.7,8482.3,8486.5,16.36865311
2019-11-16 23:02:00,8484.5,8484.5,8482.6,8483.2,14.12407815
2019-11-16 23:01:00,8485,8485.7,8485,8485.6,0.83790651
2019-11-16 23:00:00,8482.9,8485,8482.9,8484.9,2.1142157
2019-11-16 22:59:00,8483.1,8483.2,8482.8,8482.8,0.76421172
2019-11-16 22:58:00,8484.9,8484.9,8483.4,8483.4,0.34000618
2019-11-16 22:57:00,8481.6,8482.8,8481.6,8482.8,0.03706507
2019-11-16 22:56:00,8477.9,8482.8,8477.9,8481.6,0.80297449
2019-11-16 22:55:00,8484,8484,8478.4,8478.4,14.40674082
2019-11-16 22:54:00,8487.2,8487.2,8484.1,8484.1,0.2013373
2019-11-16 22:53:00,8487.8,8487.9,8487.3,8487.3,0.58722352
2019-11-16 22:52:00,8484.2,8487.8,8484.2,8487.8,0.14426234
2019-11-16 22:51:00,8487.7,8487.7,8484.1,8484.1,0.34323962
2019-11-16 22:50:00,8488.2,8492.6,8486.4,8487.8,3.60896464
2019-11-16 22:49:00,8486.3,8488.2,8486.3,8488.2,0.04924065
2019-11-16 22:48:00,8486.2,8486.3,8486.2,8486.3,0.01328399
2019-11-16 22:47:00,8488.1,8489.7,8486.3,8486.3,0.95327609
2019-11-16 22:46:00,8487.3,8489.1,8487.3,8488,2.12798864
2019-11-16 22:45:00,8488.1,8488.2,8482.6,8487.2,13.71777236
2019-11-16 22:44:00,8490.8,8490.8,8485.9,8488.1,3.14704974
2019-11-16 22:43:00,8488.6,8493.7,8488,8490.4,14.53280484
2019-11-16 22:42:00,8482.7,8488.8,8482.7,8488.8,8.73856157
2019-11-16 22:41:00,8479.7,8482.7,8479.7,8482.7,3.95037003
2019-11-16 22:40:00,8474.9,8478.5,8474.9,8478.5,2.13387613
2019-11-16 22:39:00,8478,8478,8474.8,8474.8,2.14405524
2019-11-16 22:38:00,8476.5,8479.1,8476.5,8478.1,0.93090995
2019-11-16 22:37:00,8474.9,8475,8474.9,8475,0.42180361
2019-11-16 22:36:00,8477.8,8477.8,8474.8,8474.8,0.91505207
2019-11-16 22:35:00,8480.1,8480.2,8477.6,8477.8,5.08151728
2019-11-16 22:34:00,8484.7,8486.3,8477,8480.1,4.85489374
2019-11-16 22:33:00,8477.5,8485.8,8477.5,8484.7,12.24600538
2019-11-16 22:32:00,8476,8477.4,8476,8477.4,0.33992863
2019-11-16 22:31:00,8476,8476,8475.1,8476,2.53375718
2019-11-16 22:30:00,8476.2,8477.6,8475.9,8475.9,1.44562969
2019-11-16 22:29:00,8476.2,8478.8,8476.1,8476.1,3.1489688
2019-11-16 22:28:00,8475,8476.2,8474.2,8476.2,6.85653713
2019-11-16 22:27:00,8471.7,8475,8471.6,8475,1.21297418
2019-11-16 22:26:00,8470.9,8472.1,8470.9,8471.3,0.21618379
2019-11-16 22:25:00,8468.3,8470.9,8468.3,8470.9,1.43133228
2019-11-16 22:24:00,8470.7,8470.7,8466.3,8468.3,83.99821056
2019-11-16 22:23:00,8474.9,8474.9,8470.6,8470.7,1.73941529
2019-11-16 22:22:00,8475.5,8475.9,8472.6,8475,3.46467073
2019-11-16 22:21:00,8468.1,8475.7,8468.1,8475.6,59.93593565
2019-11-16 22:20:00,8469.4,8470.4,8467,8468.1,25.65362584
2019-11-16 22:19:00,8471.4,8472.2,8464.2,8468.2,12.89213746
2019-11-16 22:18:00,8470.5,8474.8,8470.5,8471.5,7.93109821
2019-11-16 22:17:00,8473.6,8473.7,8464.3,8470.5,9.16380926
2019-11-16 22:16:00,8470.1,8476.4,8470,8473.6,7.32256015
2019-11-16 22:15:00,8472.7,8475.5,8461.3,8470,36.48168634
2019-11-16 22:14:00,8460.6,8474.3,8458.8,8472.6,25.71466572
2019-11-16 22:13:00,8488.4,8488.4,8451.8,8460.7,188.33677682
2019-11-16 22:12:00,8481.5,8491.7,8481.4,8488.5,6.40773616
2019-11-16 22:11:00,8491.5,8496.1,8478.5,8483,48.31416453
2019-11-16 22:10:00,8509.5,8509.5,8491.8,8491.8,22.01824601
2019-11-16 22:09:00,8503.1,8510,8501.7,8509.6,8.93899002
2019-11-16 22:08:00,8495.7,8508.1,8495.1,8503.6,33.90553014
2019-11-16 22:07:00,8495.7,8495.8,8487.7,8495.6,28.09102136
2019-11-16 22:06:00,8498.9,8500.4,8495.4,8496,12.76152039
2019-11-16 22:05:00,8503.3,8503.4,8498.8,8498.8,20.7744425
2019-11-16 22:04:00,8505.7,8505.7,8498.6,8504.8,7.5077232
2019-11-16 22:03:00,8512.9,8514.8,8504.4,8505.7,21.96997335
2019-11-16 22:02:00,8501.4,8512.9,8500,8512.9,37.05134436
2019-11-16 22:01:00,8497.6,8526.8,8497.6,8501.9,94.89742689
2019-11-16 22:00:00,8488.2,8495,8488.2,8495,4.37409173
2019-11-16 21:59:00,8490.1,8490.1,8488.1,8488.1,0.47257261
2019-11-16 21:58:00,8491.8,8491.8,8490,8490,0.70635502
2019-11-16 21:57:00,8489.2,8495,8489.2,8492.7,4.74120536
2019-11-16 21:56:00,8490.4,8490.4,8489.1,8489.2,3.91468813
2019-11-16 21:55:00,8495.2,8495.3,8490.8,8490.8,3.26727525
2019-11-16 21:54:00,8497.1,8502.8,8495.3,8495.3,17.79228299
2019-11-16 21:53:00,8492.5,8497.2,8492.5,8497.1,7.56078966
2019-11-16 21:52:00,8490.2,8492.4,8486.1,8492.4,12.06586205
2019-11-16 21:51:00,8479.7,8490.3,8479.7,8490.3,6.82776804
2019-11-16 21:50:00,8477.4,8480.2,8477.4,8480.2,6.68600419
2019-11-16 21:49:00,8477.4,8477.5,8477.4,8477.4,0.95616497
2019-11-16 21:48:00,8477.4,8477.5,8477.4,8477.5,10.14793075
2019-11-16 21:47:00,8474,8477.5,8473.9,8477.5,2.54870332
2019-11-16 21:46:00,8473.9,8474,8473.9,8474,1.34084549
2019-11-16 21:45:00,8477.5,8477.5,8473.9,8473.9,10.70820881
2019-11-16 21:44:00,8474.5,8477,8474.4,8477,20.79394614
2019-11-16 21:43:00,8474.5,8474.5,8474.5,8474.5,0.65615276
2019-11-16 21:42:00,8474.5,8474.5,8474.4,8474.5,0.11113817
2019-11-16 21:41:00,8474.4,8474.5,8474.4,8474.5,0.10128266
2019-11-16 21:40:00,8472.3,8474.5,8472.3,8474.4,6.15299422
2019-11-16 21:39:00,8472.2,8472.2,8472.2,8472.2,0
2019-11-16 21:38:00,8472.2,8472.3,8472.2,8472.2,0.02413724
2019-11-16 21:37:00,8470.6,8470.6,8470,8470,3.12723065
2019-11-16 21:36:00,8470.6,8470.8,8470.6,8470.7,6.44635978
2019-11-16 21:35:00,8470.7,8470.7,8470.6,8470.6,2.9799797
2019-11-16 21:34:00,8472.3,8472.3,8470.7,8470.8,1.87487275
2019-11-16 21:33:00,8472.7,8472.8,8472.2,8472.2,0.31616826
2019-11-16 21:32:00,8472.8,8472.8,8471.2,8471.3,2.54491119
2019-11-16 21:31:00,8472.8,8473.8,8472.7,8473.8,0.92549871
2019-11-16 21:30:00,8475.5,8476.3,8473.1,8473.1,1.9312969
2019-11-16 21:29:00,8478,8478.1,8478,8478,6.31843549
2019-11-16 21:28:00,8477.4,8478.4,8475.3,8478,2.50940848
2019-11-16 21:27:00,8477.4,8477.4,8477.4,8477.4,0.08434148
2019-11-16 21:26:00,8477.2,8477.3,8475.9,8477.3,0.36185257
2019-11-16 21:25:00,8475.4,8477.3,8475.4,8477.3,1.41909016
2019-11-16 21:24:00,8472.9,8475.3,8470.2,8475.3,6.42820784
2019-11-16 21:23:00,8474,8474,8472.8,8472.9,1.26064092
2019-11-16 21:22:00,8476.5,8476.5,8473.7,8474,0.88217362
2019-11-16 21:21:00,8476.7,8476.7,8473.3,8476.5,13.82201621
2019-11-16 21:20:00,8473.6,8476.7,8471.4,8476.6,2.40233146
2019-11-16 21:19:00,8475.4,8475.4,8474,8474,3.01838907
2019-11-16 21:18:00,8474.1,8476.2,8474.1,8475.4,2.46130611
2019-11-16 21:17:00,8478.1,8478.1,8474,8474.1,2.1589929
2019-11-16 21:16:00,8479.4,8481.1,8478,8478,6.24542561
2019-11-16 21:15:00,8479.9,8479.9,8479.4,8479.4,10.10202262
2019-11-16 21:14:00,8479.3,8480.3,8479.3,8479.9,6.86475974
2019-11-16 21:13:00,8481,8482,8479.3,8479.3,3.37041746
2019-11-16 21:12:00,8480.6,8482.7,8478.7,8482.6,7.49251753
2019-11-16 21:11:00,8484.5,8484.5,8480.5,8480.6,3.70743988
2019-11-16 21:10:00,8485.9,8485.9,8484.5,8484.6,2.82641956
2019-11-16 21:09:00,8483.2,8486.1,8483.1,8486,8.64500716
2019-11-16 21:08:00,8482.3,8485.5,8482.3,8483.3,23.8594266
2019-11-16 21:07:00,8478.4,8482.4,8478.4,8482.3,4.62488301
2019-11-16 21:06:00,8479.2,8479.2,8476.9,8478.5,4.12336157
2019-11-16 21:05:00,8478.2,8479.6,8478.2,8479.2,1.91637087
2019-11-16 21:04:00,8479.1,8479.1,8477.6,8478.2,4.9461053
2019-11-16 21:03:00,8479.4,8481.1,8479,8479.1,0.62720754
2019-11-16 21:02:00,8481,8486.9,8479.3,8479.4,11.07444573
2019-11-16 21:01:00,8479.2,8481.1,8478.6,8481,2.10596176
2019-11-16 21:00:00,8473.3,8478.8,8473.3,8478.8,15.28142282
2019-11-16 20:59:00,8473.4,8473.4,8472.9,8473.3,1.28710395
2019-11-16 20:58:00,8471.1,8473.4,8471.1,8473.4,3.56018763
2019-11-16 20:57:00,8471.2,8471.2,8471.1,8471.2,0.22232955
2019-11-16 20:56:00,8467.2,8471.2,8467.2,8471.2,0.68375689
2019-11-16 20:55:00,8464,8467.2,8464,8467.1,0.21217193
2019-11-16 20:54:00,8467.5,8468.8,8464.7,8464.7,8.44013496
2019-11-16 20:53:00,8467.5,8467.5,8467.4,8467.4,0.4773569
2019-11-16 20:52:00,8467.4,8467.5,8467.4,8467.5,11.51260001
2019-11-16 20:51:00,8467.2,8467.5,8467.2,8467.5,1.07915532
2019-11-16 20:50:00,8466.6,8467.5,8466.6,8467.2,0.51147391
2019-11-16 20:49:00,8464.7,8465.9,8464.7,8465.9,0.24308301
2019-11-16 20:48:00,8458.1,8464.8,8458.1,8464.8,8.16548656
2019-11-16 20:47:00,8461.2,8461.2,8458,8458,4.3638295
2019-11-16 20:46:00,8461.8,8462.5,8461.6,8461.6,3.4585287
2019-11-16 20:45:00,8466.5,8466.5,8461.7,8461.8,6.98861897
2019-11-16 20:44:00,8469.4,8469.4,8466.5,8466.6,1.35481175
2019-11-16 20:43:00,8468.8,8471,8468.8,8469.5,0.88750014
2019-11-16 20:42:00,8468.6,8468.6,8464.7,8467.7,3.62686161
2019-11-16 20:41:00,8471.5,8472.7,8468.6,8468.6,2.68928013
2019-11-16 20:40:00,8468.1,8471.5,8467.4,8471.5,4.34639273
2019-11-16 20:39:00,8470.4,8471.6,8468.3,8468.3,4.32124381
2019-11-16 20:38:00,8469.4,8470.4,8469.4,8470.3,1.61349865
2019-11-16 20:37:00,8468.9,8469.3,8468.9,8469.3,0.02756146
2019-11-16 20:36:00,8468,8469.3,8468,8469.3,1.08642167
2019-11-16 20:35:00,8465.3,8468.1,8465.3,8468.1,0.21171793
2019-11-16 20:34:00,8468.8,8468.8,8465.4,8465.4,4.16514888
2019-11-16 20:33:00,8468.9,8468.9,8468.8,8468.9,0.12039105
2019-11-16 20:32:00,8468.1,8472.9,8468.1,8470.1,3.91829906
2019-11-16 20:31:00,8467.3,8468.1,8467.3,8468.1,0.16752425
2019-11-16 20:30:00,8472,8472.9,8466.4,8468.1,6.19153542
2019-11-16 20:29:00,8472.2,8473,8471.5,8472,3.56093601
2019-11-16 20:28:00,8467.4,8471.6,8467.4,8471.6,3.84740751
2019-11-16 20:27:00,8465.1,8467.4,8464.4,8467.4,0.56880344
2019-11-16 20:26:00,8464.4,8466.4,8464.4,8465.2,2.90344088
2019-11-16 20:25:00,8466.8,8466.8,8464.3,8464.3,2.19340331
2019-11-16 20:24:00,8467.5,8467.5,8460,8466.7,33.65262606
2019-11-16 20:23:00,8468.8,8468.8,8467.4,8467.6,3.13282142
2019-11-16 20:22:00,8468.1,8468.8,8468.1,8468.8,2.29690799
2019-11-16 20:21:00,8468.2,8468.2,8468.2,8468.2,0.95200051
2019-11-16 20:20:00,8468.2,8468.2,8468.1,8468.1,0.42316544
2019-11-16 20:19:00,8468.2,8468.2,8468.1,8468.2,1.28478787
2019-11-16 20:18:00,8470.8,8473.1,8468.2,8468.2,5.02667205
2019-11-16 20:17:00,8469.3,8473.8,8469.3,8470.8,3.99025509
2019-11-16 20:16:00,8475.4,8475.4,8469.4,8469.4,4.17811332
2019-11-16 20:15:00,8475.1,8476.4,8473.4,8475.5,0.84740171
2019-11-16 20:14:00,8481.3,8481.3,8475,8475.1,6.16331658
2019-11-16 20:13:00,8482,8482,8481.3,8481.3,0.20806453
2019-11-16 20:12:00,8481.9,8482,8481.9,8481.9,0.13964034
2019-11-16 20:11:00,8485,8485,8482,8482,6.32244844
2019-11-16 20:10:00,8481.1,8485,8481.1,8485,0.70821519
2019-11-16 20:09:00,8480.8,8481.1,8480,8481.1,1.37930575
2019-11-16 20:08:00,8483.5,8483.5,8480.8,8480.8,2.88440497
2019-11-16 20:07:00,8486.4,8486.4,8483.4,8483.4,5.2166708
2019-11-16 20:06:00,8486.7,8486.8,8486.6,8486.6,0.38104878
2019-11-16 20:05:00,8484.5,8486.9,8484.5,8486.7,0.51438533
2019-11-16 20:04:00,8483.4,8484.4,8483.4,8484.4,1.16745172
2019-11-16 20:03:00,8481.2,8483.4,8481.2,8483.4,0.23508171
2019-11-16 20:02:00,8486.8,8486.8,8480,8480.8,2.73677049
2019-11-16 20:01:00,8484.9,8487.8,8484.9,8487.6,13.31018948
2019-11-16 20:00:00,8477.5,8483.9,8477.5,8482.7,17.61270629
2019-11-16 19:59:00,8476.2,8477.1,8476.2,8477.1,0.12946416
2019-11-16 19:58:00,8476.2,8476.2,8476.1,8476.1,0.02010172
2019-11-16 19:57:00,8476.1,8476.2,8476.1,8476.2,0.72656433
2019-11-16 19:56:00,8476.2,8476.2,8476.2,8476.2,0
2019-11-16 19:55:00,8473.2,8476.2,8473.1,8476.2,3.35510108
2019-11-16 19:54:00,8472.1,8473.2,8470.8,8473.2,0.6109578
2019-11-16 19:53:00,8471.6,8472.2,8471.6,8472.2,1.60099388
2019-11-16 19:52:00,8471.6,8471.6,8471.5,8471.5,0.48914023
2019-11-16 19:51:00,8471.5,8471.6,8471.5,8471.6,2.11927034
2019-11-16 19:50:00,8471.2,8471.6,8471.2,8471.6,0.01171381
2019-11-16 19:49:00,8473.2,8473.2,8470.6,8471.2,0.50989053
2019-11-16 19:48:00,8471.8,8473.2,8471.8,8473.2,2.1355956
2019-11-16 19:47:00,8467.2,8471.8,8467.2,8471.8,2.98629264
2019-11-16 19:46:00,8469.7,8469.7,8467.2,8467.2,3.3689386
2019-11-16 19:45:00,8475,8475.3,8469.3,8469.7,36.51128153
2019-11-16 19:44:00,8475,8475,8474.9,8475,0.03164668
2019-11-16 19:43:00,8475,8475,8474.9,8475,0.18075449
2019-11-16 19:42:00,8469.9,8475.5,8469.9,8474.9,5.7331391
2019-11-16 19:41:00,8467.5,8468.6,8467.5,8468.5,0.7100315
2019-11-16 19:40:00,8468.3,8471.4,8467.4,8467.5,4.81069847
2019-11-16 19:39:00,8466.3,8469.5,8466.2,8468.2,22.23468502
2019-11-16 19:38:00,8466.2,8466.3,8466.2,8466.3,0.10657068
2019-11-16 19:37:00,8466.2,8466.3,8466.2,8466.3,2.10669305
2019-11-16 19:36:00,8471.3,8472,8466.2,8466.3,6.9047414
2019-11-16 19:35:00,8471.3,8471.3,8471.2,8471.2,0.05119088
2019-11-16 19:34:00,8470.5,8471.3,8468.8,8471.3,0.92771241
2019-11-16 19:33:00,8471.2,8471.3,8470,8470.5,0.30554133
2019-11-16 19:32:00,8475.8,8475.8,8471.3,8471.3,0.89803555
2019-11-16 19:31:00,8473,8477,8473,8475.9,6.84416915
2019-11-16 19:30:00,8467.3,8472.2,8467.3,8472.2,0.08297685
2019-11-16 19:29:00,8469.3,8469.3,8466.3,8468.2,2.24696742
2019-11-16 19:28:00,8471.1,8471.2,8468.5,8469.3,3.74052122
2019-11-16 19:27:00,8462.8,8471.2,8462.8,8471.2,16.0701325
2019-11-16 19:26:00,8459,8462.9,8458.9,8462.8,0.75082021
2019-11-16 19:25:00,8463.7,8463.8,8459,8459,0.80737989
2019-11-16 19:24:00,8461.1,8464.9,8461.1,8463.7,4.10443258
2019-11-16 19:23:00,8453.9,8461,8453,8461,31.16272137
2019-11-16 19:22:00,8457.8,8457.8,8453.4,8454.6,1.88666084
2019-11-16 19:21:00,8461.5,8461.5,8458.3,8458.3,1.6628405
2019-11-16 19:20:00,8460.7,8461.4,8460.3,8461.4,2.44008099
2019-11-16 19:19:00,8463.5,8463.5,8460.6,8460.7,6.78710108
2019-11-16 19:18:00,8465,8465,8463.5,8463.6,3.15380687
2019-11-16 19:17:00,8465.2,8465.2,8464.8,8464.8,1.49556401
2019-11-16 19:16:00,8465,8465.3,8465,8465.2,0.04261845
2019-11-16 19:15:00,8460.4,8464.1,8460.4,8464.1,3.91166994
2019-11-16 19:14:00,8456.3,8461.1,8456.3,8460.4,19.04037676
2019-11-16 19:13:00,8460.2,8460.4,8455.1,8456.5,104.84949899
2019-11-16 19:12:00,8468.3,8468.3,8460.2,8460.2,71.16609083
2019-11-16 19:11:00,8467.9,8468.4,8467.9,8468.3,1.5146755
2019-11-16 19:10:00,8458.8,8465.3,8458.8,8465.3,14.83124331
2019-11-16 19:09:00,8464,8464,8458,8458.8,1.44652296
2019-11-16 19:08:00,8458.3,8463.9,8456.9,8463.9,10.3310215
2019-11-16 19:07:00,8459,8461.1,8453.1,8457.7,4.11211638
2019-11-16 19:06:00,8458.2,8462.9,8458.2,8459.8,5.43295258
2019-11-16 19:05:00,8464.6,8466.9,8450,8460.7,56.74102873
2019-11-16 19:04:00,8469.7,8469.7,8458.8,8463.3,11.74758658
2019-11-16 19:03:00,8472.1,8472.9,8469.4,8469.7,1.08505208
2019-11-16 19:02:00,8479.4,8479.4,8470.2,8472.1,4.62496415
2019-11-16 19:01:00,8477.8,8479.6,8477.8,8479.3,0.69894963
2019-11-16 19:00:00,8474.5,8477.8,8473.6,8477,5.91929413
2019-11-16 18:59:00,8473,8474.7,8473,8474.7,0.05026067
2019-11-16 18:58:00,8471.4,8473,8470.1,8473,0.45933058
2019-11-16 18:57:00,8478.4,8478.4,8471.8,8471.9,0.59336432
2019-11-16 18:56:00,8477.4,8479.7,8477.4,8479,4.21627153
2019-11-16 18:55:00,8472.6,8477.4,8472.6,8476.7,4.31847723
2019-11-16 18:54:00,8470.3,8472.6,8470.3,8472.6,1.32256452
2019-11-16 18:53:00,8466.5,8474.8,8466.5,8471.3,6.43245661
2019-11-16 18:52:00,8475,8475,8464.1,8466.4,8.4320501
2019-11-16 18:51:00,8472.2,8475,8472.2,8475,5.63788409
2019-11-16 18:50:00,8468.4,8473.2,8465.8,8472.2,4.60009808
2019-11-16 18:49:00,8465.3,8468.4,8455,8468.4,31.33446836
2019-11-16 18:48:00,8479.9,8480.5,8460.1,8465.3,116.35118832
2019-11-16 18:47:00,8482.8,8482.8,8475.7,8479.4,24.08723474
2019-11-16 18:46:00,8491.1,8491.8,8475.1,8482.7,67.35771303
2019-11-16 18:45:00,8495.8,8495.8,8484.8,8490,14.4030535
2019-11-16 18:44:00,8490,8497.4,8490,8495.8,12.92373118
2019-11-16 18:43:00,8495.2,8496.4,8490.4,8490.7,16.91267138
2019-11-16 18:42:00,8502.6,8502.6,8495.2,8495.3,16.42504834
2019-11-16 18:41:00,8503.6,8503.6,8502.8,8503.5,0.91538213
2019-11-16 18:40:00,8503.5,8503.6,8503.5,8503.6,1.27856984
2019-11-16 18:39:00,8502.7,8503.6,8502.7,8503.6,1.62697075
2019-11-16 18:38:00,8507.1,8507.1,8502.8,8502.8,3.12378807
2019-11-16 18:37:00,8496.9,8507.2,8496.9,8507.2,1.71920611
2019-11-16 18:36:00,8507.2,8507.3,8496.9,8496.9,7.31352225
2019-11-16 18:35:00,8510.2,8510.2,8507.2,8507.2,0.43342059
2019-11-16 18:34:00,8512.9,8512.9,8510.2,8510.2,0.45226461
2019-11-16 18:33:00,8515.1,8515.1,8510.8,8512.6,5.21267768
2019-11-16 18:32:00,8510.1,8515.2,8510.1,8515.2,9.98664207
2019-11-16 18:31:00,8510,8510.1,8510,8510.1,2.40943633
2019-11-16 18:30:00,8512,8513.1,8510.1,8510.1,3.84013509
2019-11-16 18:29:00,8512.1,8514.9,8512.1,8513,0.61582378
2019-11-16 18:28:00,8513.6,8514.9,8510.2,8512,4.32023604
2019-11-16 18:27:00,8523.9,8523.9,8512,8512.9,7.7072405
2019-11-16 18:26:00,8523.5,8525.2,8523.5,8524.2,2.38257779
2019-11-16 18:25:00,8515.1,8523.5,8515.1,8523.5,2.16391888
2019-11-16 18:24:00,8524.9,8524.9,8515,8515,10.79008414
2019-11-16 18:23:00,8522.5,8524.9,8520.9,8524.9,15.8046151
2019-11-16 18:22:00,8525.6,8526.4,8521.2,8522.4,9.20420671
2019-11-16 18:21:00,8524.8,8525.6,8523.9,8525.6,4.75928774
2019-11-16 18:20:00,8527.8,8529.1,8524.7,8524.7,10.0704317
2019-11-16 18:19:00,8521.6,8527.8,8521.6,8527.8,0.86312851
2019-11-16 18:18:00,8529.7,8529.7,8521.5,8521.6,17.12119923
2019-11-16 18:17:00,8524.2,8531.4,8524.2,8529.6,21.65683053
2019-11-16 18:16:00,8518.1,8524.4,8518.1,8524.3,15.32099799
2019-11-16 18:15:00,8514.4,8517.8,8514.4,8517.8,4.60212923
2019-11-16 18:14:00,8513.8,8514.5,8513,8514.5,1.73262232
2019-11-16 18:13:00,8512.1,8513.8,8512.1,8513.7,1.10246403
2019-11-16 18:12:00,8512.1,8515.8,8512.1,8512.2,9.65142283
2019-11-16 18:11:00,8516.1,8516.2,8510.2,8512.2,32.16273493
2019-11-16 18:10:00,8513.9,8520.9,8513.9,8516.2,20.82065785
2019-11-16 18:09:00,8515.4,8515.4,8513.9,8513.9,2.15256494
2019-11-16 18:08:00,8515.5,8516.3,8515.4,8515.4,4.21622614
2019-11-16 18:07:00,8514.8,8520.2,8514.8,8515.5,3.396034
2019-11-16 18:06:00,8511.1,8515,8511.1,8514.7,5.96753624
2019-11-16 18:05:00,8509.7,8517.7,8509.7,8513,7.97204348
2019-11-16 18:04:00,8506.1,8509.7,8506.1,8509.7,1.78255258
2019-11-16 18:03:00,8506.1,8506.2,8506.1,8506.2,0.19526955
2019-11-16 18:02:00,8503.1,8506.8,8503,8506.2,10.0025236
2019-11-16 18:01:00,8509.2,8509.3,8502.3,8503.1,12.44188022
2019-11-16 18:00:00,8498.2,8509.3,8498.2,8509.2,3.91397407
2019-11-16 17:59:00,8498.5,8498.5,8496.1,8497.4,0.42907008
2019-11-16 17:58:00,8498.4,8501.6,8497.9,8498.5,2.14459611
2019-11-16 17:57:00,8504.3,8504.3,8499.3,8499.3,4.91794888
2019-11-16 17:56:00,8500.6,8507.1,8499.8,8504.3,13.07912914
2019-11-16 17:55:00,8511.6,8511.7,8500.6,8500.6,7.21227118
2019-11-16 17:54:00,8509,8512.6,8509,8511.6,6.75162332
2019-11-16 17:53:00,8506.8,8510.4,8506.8,8509,2.7080765
2019-11-16 17:52:00,8505.3,8507,8504.5,8507,18.16380518
2019-11-16 17:51:00,8508.1,8508.1,8503.1,8505.3,10.66996498
2019-11-16 17:50:00,8511.9,8513.3,8508,8508.1,6.08067419
2019-11-16 17:49:00,8508,8511.6,8508,8511.6,7.28746554
2019-11-16 17:48:00,8507.2,8508.8,8507.1,8508.8,0.81195777
2019-11-16 17:47:00,8505.1,8511.4,8505.1,8507.2,10.94310992
2019-11-16 17:46:00,8501.9,8507.2,8501.9,8505.1,4.78984481
2019-11-16 17:45:00,8502.6,8502.6,8501.8,8501.9,0.63334414
2019-11-16 17:44:00,8502.6,8502.6,8502.6,8502.6,1.25129398
2019-11-16 17:43:00,8503.2,8503.2,8502.6,8502.6,2.29020105
2019-11-16 17:42:00,8503.3,8503.3,8503.3,8503.3,0.911662
2019-11-16 17:41:00,8496.3,8503.3,8496.3,8503.3,4.9668003
2019-11-16 17:40:00,8493.1,8495.8,8493,8495.8,0.58674095
2019-11-16 17:39:00,8499.9,8499.9,8493.8,8493.8,5.15837072
2019-11-16 17:38:00,8495.4,8500,8495.4,8500,5.62640646
2019-11-16 17:37:00,8493,8495.4,8488.3,8495.4,6.05395944
2019-11-16 17:36:00,8499,8499,8493,8493,6.50414553
2019-11-16 17:35:00,8504.4,8504.4,8498.5,8499.9,8.86078306
2019-11-16 17:34:00,8508,8509.7,8504.3,8504.4,14.75048231
2019-11-16 17:33:00,8507.6,8514.2,8507.6,8508,21.89491888
2019-11-16 17:32:00,8501.7,8509.3,8501.7,8507.7,15.74444557
2019-11-16 17:31:00,8498,8501.8,8497.5,8501.6,12.80632881
2019-11-16 17:30:00,8500,8504.9,8495.1,8498.1,6.50612029
2019-11-16 17:29:00,8516.3,8516.3,8494.7,8500,46.37182798
2019-11-16 17:28:00,8489.4,8540,8489.4,8516.3,140.15879811
2019-11-16 17:27:00,8486.6,8488.9,8486.6,8488.9,1.82471686
2019-11-16 17:26:00,8485.8,8486.6,8485.8,8486.5,1.69462546
2019-11-16 17:25:00,8488.1,8488.1,8483.7,8485.8,5.24830676
2019-11-16 17:24:00,8488,8488.8,8488,8488.1,1.65751316
2019-11-16 17:23:00,8486.4,8488.1,8486.4,8488.1,0.83267113
2019-11-16 17:22:00,8485.6,8486.4,8485.6,8486.4,1.01514005
2019-11-16 17:21:00,8482.6,8486,8482.6,8485.5,1.47514645
2019-11-16 17:20:00,8480.8,8483.5,8480.3,8482.6,5.96505384
2019-11-16 17:19:00,8480.9,8480.9,8480.4,8480.8,3.42632501
2019-11-16 17:18:00,8482.5,8482.5,8480.9,8480.9,2.50708647
2019-11-16 17:17:00,8481.7,8482.5,8481.7,8482.5,1.89686842
2019-11-16 17:16:00,8482.7,8482.8,8481.7,8481.7,4.63798254
2019-11-16 17:15:00,8482.9,8482.9,8481.9,8482.7,2.4785191
2019-11-16 17:14:00,8484.1,8484.1,8482.8,8482.8,0.08726513
2019-11-16 17:13:00,8486.6,8488.1,8484.1,8484.1,1.8044058
2019-11-16 17:12:00,8482.8,8489.4,8482.8,8486.5,11.13167136
2019-11-16 17:11:00,8482.7,8482.8,8482.7,8482.8,0.56563554
2019-11-16 17:10:00,8483.5,8485,8482.8,8482.8,13.04233521
2019-11-16 17:09:00,8480.8,8483.6,8480.8,8483.6,6.59492317
2019-11-16 17:08:00,8479.8,8480.9,8479.8,8480.8,6.2412319
2019-11-16 17:07:00,8481,8481,8479.8,8479.8,1.74184462
2019-11-16 17:06:00,8480.9,8481,8480.9,8481,0.26800915
2019-11-16 17:05:00,8483.3,8483.4,8480.9,8481,2.02796268
2019-11-16 17:04:00,8481.7,8483.4,8481.7,8483.4,1.63908624
2019-11-16 17:03:00,8480.7,8481.7,8480.3,8481.7,1.0261523
2019-11-16 17:02:00,8484.4,8485,8481.5,8481.5,3.14970729
2019-11-16 17:01:00,8480.6,8484.4,8480.2,8484.4,20.89567888
2019-11-16 17:00:00,8480.1,8481,8478.8,8480.7,11.32699155
2019-11-16 16:59:00,8482.3,8482.3,8480,8480.1,1.39439133
2019-11-16 16:58:00,8483.9,8484.7,8482.4,8482.4,10.21021678
2019-11-16 16:57:00,8482.4,8484,8482.4,8484,8.75416703
2019-11-16 16:56:00,8482.4,8482.4,8481,8481,6.11977467
2019-11-16 16:55:00,8481,8482.4,8481,8482.4,0.23790203
2019-11-16 16:54:00,8477.6,8481,8477.6,8481,3.55974357
2019-11-16 16:53:00,8477.6,8477.6,8477.5,8477.5,0.11529108
2019-11-16 16:52:00,8478.2,8478.2,8477.6,8477.6,2.61589901
2019-11-16 16:51:00,8478,8478.6,8478,8478.3,10.81456576
2019-11-16 16:50:00,8481.4,8481.4,8478.6,8478.6,0.3478847
2019-11-16 16:49:00,8483.4,8483.5,8481.8,8481.8,0.94525969
2019-11-16 16:48:00,8482.6,8483.5,8482.6,8483.4,1.0080224
2019-11-16 16:47:00,8484.9,8484.9,8481.7,8481.7,0.72052157
2019-11-16 16:46:00,8483.1,8485,8483.1,8485,0.56930393
2019-11-16 16:45:00,8484.9,8484.9,8483,8483.1,3.99058453
2019-11-16 16:44:00,8485,8485,8484.9,8485,1.27978294
2019-11-16 16:43:00,8482.2,8485,8481.6,8485,1.49168464
2019-11-16 16:42:00,8479.9,8483,8479.9,8482.2,7.78240544
2019-11-16 16:41:00,8481.1,8481.1,8479.8,8479.8,0.37226786
2019-11-16 16:40:00,8484.6,8484.6,8481.2,8481.2,1.24535486
2019-11-16 16:39:00,8484.6,8484.6,8484.6,8484.6,1.28776086
2019-11-16 16:38:00,8482.7,8485.1,8482.7,8484.6,0.995999
2019-11-16 16:37:00,8481,8482.7,8480.7,8482.7,1.74353161
2019-11-16 16:36:00,8483.4,8483.4,8481,8481,0.72679535
2019-11-16 16:35:00,8491.2,8491.2,8484.5,8484.5,14.78591551
2019-11-16 16:34:00,8499.4,8499.4,8491.1,8491.3,6.59671466
2019-11-16 16:33:00,8489.9,8500,8489.9,8500,20.20344434
2019-11-16 16:32:00,8487.4,8491.6,8486.1,8489.9,15.02542913
2019-11-16 16:31:00,8485.5,8487.4,8485.4,8487.3,5.408009
2019-11-16 16:30:00,8483.8,8485.5,8483.8,8485.5,1.14915954
2019-11-16 16:29:00,8485.1,8485.1,8483.7,8483.7,1.6005233
2019-11-16 16:28:00,8485,8485,8485,8485,0.04371265
2019-11-16 16:27:00,8486.2,8486.2,8485,8485,0.95252291
2019-11-16 16:26:00,8486.1,8486.2,8486.1,8486.2,0.16541841
2019-11-16 16:25:00,8486.8,8486.8,8486.2,8486.2,0.44687815
2019-11-16 16:24:00,8485.3,8486.9,8485.3,8486.8,0.18409537
2019-11-16 16:23:00,8485.2,8485.3,8483.8,8485.2,2.37277249
2019-11-16 16:22:00,8486.5,8486.5,8485.2,8485.2,0.48577599
2019-11-16 16:21:00,8484,8486.6,8484,8486.6,0.86143857
2019-11-16 16:20:00,8483,8483.2,8482.3,8483.2,0.49074618
2019-11-16 16:19:00,8477.2,8484.7,8477.2,8483,7.17078022
2019-11-16 16:18:00,8480,8480,8477.1,8477.1,0.63642605
2019-11-16 16:17:00,8481.3,8481.3,8480,8480,0.50904753
2019-11-16 16:16:00,8483.6,8483.6,8481.2,8481.2,0.17697304
2019-11-16 16:15:00,8484,8484,8483.7,8483.7,0.00640451
2019-11-16 16:14:00,8486.2,8486.2,8485.2,8485.2,0.19473861
2019-11-16 16:13:00,8487.1,8487.1,8486.1,8486.1,1.23095336
2019-11-16 16:12:00,8485.1,8487.2,8485.1,8487,1.01081014
2019-11-16 16:11:00,8485,8485.1,8485,8485.1,0.08291729
2019-11-16 16:10:00,8489.9,8489.9,8485.7,8485.7,5.75281696
2019-11-16 16:09:00,8484.9,8490,8484.9,8490,0.67527914
2019-11-16 16:08:00,8483.7,8485.4,8483.6,8484.9,1.33855162
2019-11-16 16:07:00,8483,8484.7,8483,8484.5,0.61667604
2019-11-16 16:06:00,8483,8483,8482.9,8483,2.62500717
2019-11-16 16:05:00,8484.3,8484.8,8482.5,8482.9,3.58298304
2019-11-16 16:04:00,8481.2,8484.3,8481.2,8484.3,1.85827157
2019-11-16 16:03:00,8485,8485,8481.2,8481.2,5.19820992
2019-11-16 16:02:00,8479.9,8484.2,8479.9,8484.2,1.35020882
2019-11-16 16:01:00,8471.3,8479.9,8471.2,8479.8,13.16821129
2019-11-16 16:00:00,8471.2,8473,8471.2,8473,2.49211827
2019-11-16 15:59:00,8473,8473,8467.4,8471.5,20.24804702
2019-11-16 15:58:00,8478.4,8478.4,8470.7,8473,16.55662701
2019-11-16 15:57:00,8479,8482.7,8478.2,8478.4,16.59067774
2019-11-16 15:56:00,8473.9,8481.8,8473.9,8478.9,14.35058471
2019-11-16 15:55:00,8472.1,8473.9,8472.1,8473.8,1.26900665
2019-11-16 15:54:00,8472.3,8474.8,8471.8,8472.1,3.17472303
2019-11-16 15:53:00,8469.3,8474.2,8468.8,8472.4,16.51002059
2019-11-16 15:52:00,8470,8470.1,8469.3,8469.3,1.03593488
2019-11-16 15:51:00,8473.1,8473.2,8469.4,8469.4,3.52281646
2019-11-16 15:50:00,8470,8474.5,8470,8473.7,9.87265412
2019-11-16 15:49:00,8465.9,8470,8465.9,8470,5.03299252
2019-11-16 15:48:00,8466.3,8468,8464.9,8465.9,9.3811034
2019-11-16 15:47:00,8469.4,8469.4,8466.3,8466.4,10.81712363
2019-11-16 15:46:00,8470.2,8470.2,8466.4,8469.4,4.6802153
2019-11-16 15:45:00,8473.1,8473.1,8468.8,8470.1,14.36053544
2019-11-16 15:44:00,8473.7,8473.8,8473,8473,12.33619966
2019-11-16 15:43:00,8472.7,8474.5,8472.7,8473.7,13.44403613
2019-11-16 15:42:00,8470.1,8472.7,8470,8472.7,2.0138163
2019-11-16 15:41:00,8475.9,8475.9,8470.1,8470.1,4.64113599
2019-11-16 15:40:00,8477.1,8477.1,8475.9,8475.9,2.4922345
2019-11-16 15:39:00,8475.5,8475.9,8474.1,8475.9,0.56937491
2019-11-16 15:38:00,8474,8475.6,8474,8475.5,1.50728117
2019-11-16 15:37:00,8474.4,8475.3,8473.3,8474,2.24475748
2019-11-16 15:36:00,8473.4,8474.9,8473.4,8474.8,6.91985324
2019-11-16 15:35:00,8473.4,8473.4,8473.3,8473.4,0.1213389
2019-11-16 15:34:00,8468,8473.4,8468,8473.3,10.67370445
2019-11-16 15:33:00,8468,8468,8466.1,8468,4.2715125
2019-11-16 15:32:00,8468,8468,8468,8468,5.92780429
2019-11-16 15:31:00,8467.3,8468,8467.3,8468,3.09414633
2019-11-16 15:30:00,8466.7,8468,8466.7,8467.3,9.13045664
2019-11-16 15:29:00,8469.2,8469.4,8465.5,8465.5,1.99105922
2019-11-16 15:28:00,8471.7,8473.3,8469.4,8469.4,2.90242365
2019-11-16 15:27:00,8467.3,8471.8,8467.3,8471.6,8.43347578
2019-11-16 15:26:00,8473,8473,8467.3,8467.4,2.78347774
2019-11-16 15:25:00,8474.3,8474.3,8473.1,8473.1,1.33064748
2019-11-16 15:24:00,8470.7,8474.3,8470.6,8474.3,0.57165662
2019-11-16 15:23:00,8474.8,8474.8,8472.1,8472.1,0.84573645
2019-11-16 15:22:00,8478,8478,8473.4,8474.8,1.87861029
2019-11-16 15:21:00,8480.5,8480.5,8479.2,8479.2,0.77212255
2019-11-16 15:20:00,8481,8482,8480.4,8480.5,4.25772582
2019-11-16 15:19:00,8478.2,8480.9,8478.2,8480.9,8.94556514
2019-11-16 15:18:00,8478.2,8478.2,8478.1,8478.2,1.05429584
2019-11-16 15:17:00,8474.3,8478.2,8474.3,8478.1,0.37021392
2019-11-16 15:16:00,8479.3,8479.4,8475,8475,13.24178349
2019-11-16 15:15:00,8479.1,8479.4,8478.6,8479.4,0.70881628
2019-11-16 15:14:00,8481.5,8481.6,8476.9,8479.2,7.36662612
2019-11-16 15:13:00,8491.2,8491.2,8481.5,8481.6,3.77296636
2019-11-16 15:12:00,8487.6,8491.7,8487.6,8491.2,5.16515424
2019-11-16 15:11:00,8482.6,8487.7,8482.5,8487.5,3.24211847
2019-11-16 15:10:00,8482.6,8482.6,8482.5,8482.6,1.73075308
2019-11-16 15:09:00,8483.6,8484.8,8481.8,8482.6,4.80984564
2019-11-16 15:08:00,8489.9,8490.7,8482.7,8483.6,4.31853503
2019-11-16 15:07:00,8494.9,8496.5,8489.7,8490,28.21138136
2019-11-16 15:06:00,8490,8495,8490,8495,44.13009519
2019-11-16 15:05:00,8496.8,8497.6,8484.8,8490,33.83419761
2019-11-16 15:04:00,8480,8507.3,8480,8495.5,117.09964063
2019-11-16 15:03:00,8468.9,8480,8468.9,8480,25.41174902
2019-11-16 15:02:00,8464.9,8469,8462.6,8468.8,16.85861642
2019-11-16 15:01:00,8461.9,8465,8461.9,8464.9,14.40515745
2019-11-16 15:00:00,8459.9,8463.6,8459.8,8461.9,4.30228265
2019-11-16 14:59:00,8462.4,8462.4,8454.1,8459.9,85.03544235
2019-11-16 14:58:00,8463.7,8463.7,8462.4,8462.5,3.71106029
2019-11-16 14:57:00,8464.9,8464.9,8463.6,8463.7,2.11026206
2019-11-16 14:56:00,8464.9,8464.9,8464.9,8464.9,0
2019-11-16 14:55:00,8465.1,8465.6,8465.1,8465.5,0.89196984
2019-11-16 14:54:00,8464.9,8465.1,8464.9,8465.1,0.85494618
2019-11-16 14:53:00,8465.8,8467,8465.6,8465.6,1.5399255
2019-11-16 14:52:00,8465.9,8465.9,8465.8,8465.8,0.42789771
2019-11-16 14:51:00,8465.5,8465.9,8465.5,8465.9,0.95172412
2019-11-16 14:50:00,8466.3,8466.4,8465.5,8465.5,0.87612487
2019-11-16 14:49:00,8467.3,8467.4,8466.3,8466.3,3.21656215
2019-11-16 14:48:00,8467.3,8467.4,8467.3,8467.4,0.13812607
2019-11-16 14:47:00,8467.4,8467.4,8467.3,8467.3,0.20312193
2019-11-16 14:46:00,8467.4,8467.4,8467.3,8467.4,0.43535654
2019-11-16 14:45:00,8468.5,8468.5,8467.4,8467.4,3.447562
2019-11-16 14:44:00,8466.2,8468.6,8466.2,8468.6,3.17532737
2019-11-16 14:43:00,8466.3,8466.3,8466.2,8466.3,0.1513241
2019-11-16 14:42:00,8467.6,8467.6,8465.9,8466.2,4.09692471
2019-11-16 14:41:00,8467.6,8467.6,8467.5,8467.6,0.95422298
2019-11-16 14:40:00,8464.3,8467.5,8464.3,8467.5,2.16791883
2019-11-16 14:39:00,8462.9,8464.7,8462.9,8464.3,4.57136179
2019-11-16 14:38:00,8463,8463,8462.9,8463,1.06250648
2019-11-16 14:37:00,8462,8463,8462,8463,4.61188021
2019-11-16 14:36:00,8462,8462,8461.9,8462,1.11031015
2019-11-16 14:35:00,8466.9,8466.9,8463.1,8463.1,8.45603647
2019-11-16 14:34:00,8466.9,8466.9,8466.8,8466.9,0.69996755
2019-11-16 14:33:00,8460.9,8467,8460.9,8466.8,2.97422366
2019-11-16 14:32:00,8460.3,8460.3,8460.2,8460.3,2.49548755
2019-11-16 14:31:00,8462.1,8462.1,8460.2,8460.3,3.60690874
2019-11-16 14:30:00,8466,8466,8462.1,8462.1,2.34901294
2019-11-16 14:29:00,8466.3,8466.3,8465.9,8466,0.94367232
2019-11-16 14:28:00,8468,8468,8466.3,8466.4,25.49483129
2019-11-16 14:27:00,8468,8468,8468,8468,1.05452207
2019-11-16 14:26:00,8468,8468,8468,8468,2.73242605
2019-11-16 14:25:00,8468,8468,8467.9,8468,2.27482288
2019-11-16 14:24:00,8468,8468,8467.9,8467.9,1.44992796
2019-11-16 14:23:00,8467.1,8468,8467.1,8468,6.28074606
2019-11-16 14:22:00,8468.1,8468.1,8466,8467.1,22.2606181
2019-11-16 14:21:00,8469.9,8469.9,8468,8468.1,0.70362773
2019-11-16 14:20:00,8471.8,8471.9,8469.9,8469.9,7.77670311
2019-11-16 14:19:00,8474.3,8474.3,8471.8,8471.8,2.0469662
2019-11-16 14:18:00,8474.4,8474.4,8474.3,8474.3,1.93632308
2019-11-16 14:17:00,8475.2,8475.2,8474.3,8474.3,5.09522392
2019-11-16 14:16:00,8476,8476.1,8474.3,8475.2,0.54785664
2019-11-16 14:15:00,8473.8,8477.1,8473,8476,2.37004607
2019-11-16 14:14:00,8473,8476.1,8472.9,8473.8,2.17025641
2019-11-16 14:13:00,8471,8472.2,8470.9,8472.2,6.16661436
2019-11-16 14:12:00,8470.4,8473,8470.4,8471,2.48741177
2019-11-16 14:11:00,8473,8473,8470.4,8470.4,0.64231163
2019-11-16 14:10:00,8473.4,8473.4,8473,8473,11.61338433
2019-11-16 14:09:00,8469.3,8473.4,8469.3,8473.4,16.37326919
2019-11-16 14:08:00,8468.6,8469.9,8468.1,8469.3,2.97999601
2019-11-16 14:07:00,8471.2,8472.7,8468.3,8468.5,6.18450362
2019-11-16 14:06:00,8470,8471.3,8470,8471.3,4.60160193
2019-11-16 14:05:00,8469.4,8470,8469.3,8469.9,3.41395358
2019-11-16 14:04:00,8469.4,8469.4,8469.4,8469.4,0.19186372
2019-11-16 14:03:00,8467.7,8469.5,8466.8,8468.7,2.63864841
2019-11-16 14:02:00,8466.1,8467.8,8466.1,8467.7,0.38362286
2019-11-16 14:01:00,8466.1,8466.1,8466,8466.1,0.93936557
2019-11-16 14:00:00,8467.4,8469.9,8466,8466,21.0515608
2019-11-16 13:59:00,8467.4,8467.4,8467.4,8467.4,0.57581569
2019-11-16 13:58:00,8468.6,8468.6,8467.3,8467.4,1.01335842
2019-11-16 13:57:00,8469.6,8469.7,8468.6,8468.6,5.57228189
2019-11-16 13:56:00,8466.7,8469.7,8465.7,8469.7,9.88943246
2019-11-16 13:55:00,8470.7,8470.7,8467.3,8467.3,1.41633023
2019-11-16 13:54:00,8464.5,8470.7,8464.5,8470.7,8.87898378
2019-11-16 13:53:00,8461.3,8466.4,8457.7,8466.3,15.19568512
2019-11-16 13:52:00,8459.5,8461.3,8459.5,8461.3,2.06450568
2019-11-16 13:51:00,8462.8,8463.7,8450.8,8459.4,25.33162612
2019-11-16 13:50:00,8465.3,8469.2,8459.6,8462.8,80.38854098
2019-11-16 13:49:00,8459.9,8465,8459.9,8465,4.19579685
2019-11-16 13:48:00,8458.7,8461.4,8458.6,8459.9,1.44347867
2019-11-16 13:47:00,8454.8,8458.7,8454.8,8458.6,5.6775115
2019-11-16 13:46:00,8451.4,8454.6,8443.4,8454.3,44.76130594
2019-11-16 13:45:00,8451.8,8454.2,8443.4,8451.4,36.42623259
2019-11-16 13:44:00,8452.8,8452.8,8443.9,8451.9,21.39214129
2019-11-16 13:43:00,8453.4,8454.6,8445.6,8452.8,27.76171948
2019-11-16 13:42:00,8454.3,8456.1,8447.2,8453.4,24.77638514
2019-11-16 13:41:00,8454.8,8456.1,8447.1,8454.3,32.66293858
2019-11-16 13:40:00,8457,8457,8449.8,8454.9,76.70034857
2019-11-16 13:39:00,8455.2,8457,8455.2,8457,1.0448317
2019-11-16 13:38:00,8456.4,8457.5,8450.2,8456.4,40.01188834
2019-11-16 13:37:00,8459.2,8459.2,8450.4,8456.3,22.26065833
2019-11-16 13:36:00,8459.2,8459.2,8459.2,8459.2,0.07995539
2019-11-16 13:35:00,8463.1,8463.1,8454.3,8459.2,21.84494766
2019-11-16 13:34:00,8459.5,8463.1,8456.8,8463.1,20.92437892
2019-11-16 13:33:00,8459.4,8459.5,8457.1,8459.5,3.74923424
2019-11-16 13:32:00,8459.3,8459.5,8453.3,8453.3,22.78956119
2019-11-16 13:31:00,8458.6,8459.5,8457.9,8459.4,22.5106804
2019-11-16 13:30:00,8458.7,8458.7,8458.3,8458.3,0.31161031
2019-11-16 13:29:00,8460.1,8460.1,8458.7,8458.8,0.32124945
2019-11-16 13:28:00,8459.4,8460.4,8459.4,8460.1,0.8282506
2019-11-16 13:27:00,8459.4,8459.4,8459.3,8459.4,1.16819622
2019-11-16 13:26:00,8460.8,8460.8,8459.6,8459.6,4.69806762
2019-11-16 13:25:00,8461.1,8461.1,8460.9,8460.9,0.69184413
2019-11-16 13:24:00,8458.6,8461.1,8458.6,8461.1,1.25291405
2019-11-16 13:23:00,8461.2,8461.2,8458.5,8458.6,1.59941047
2019-11-16 13:22:00,8461.3,8461.3,8461.3,8461.3,0.04170963
2019-11-16 13:21:00,8463.4,8463.4,8461.3,8461.3,1.72814386
2019-11-16 13:20:00,8462.1,8462.1,8462.1,8462.1,0
2019-11-16 13:19:00,8462,8462.1,8462,8462.1,1.14959234
2019-11-16 13:18:00,8461.6,8462.1,8461.6,8462,1.02980172
2019-11-16 13:17:00,8463.7,8463.7,8461.5,8461.5,0.49736292
2019-11-16 13:16:00,8459.5,8465.4,8459.5,8464.6,6.44420391
2019-11-16 13:15:00,8460.4,8460.4,8459.4,8459.5,0.73773068
2019-11-16 13:14:00,8463.1,8464.9,8459.6,8459.6,6.26939298
2019-11-16 13:13:00,8467.4,8467.4,8463.7,8463.7,4.22733308
2019-11-16 13:12:00,8471.6,8471.6,8467.2,8467.5,8.16490452
2019-11-16 13:11:00,8471.7,8471.7,8471.6,8471.6,0.70821198
2019-11-16 13:10:00,8471.7,8471.8,8471.6,8471.7,0.99215561
2019-11-16 13:09:00,8472.9,8472.9,8471.8,8471.8,1.09808625
2019-11-16 13:08:00,8473.3,8473.3,8470.7,8472.9,1.51720031
2019-11-16 13:07:00,8472.4,8473.4,8472.4,8473.4,29.32414128
2019-11-16 13:06:00,8470.8,8474.2,8470.8,8472.2,4.71121516
2019-11-16 13:05:00,8472.1,8472.1,8470.7,8470.7,4.16500792
2019-11-16 13:04:00,8472.2,8472.2,8472.1,8472.1,1.33927276
2019-11-16 13:03:00,8473.4,8473.4,8472.1,8472.1,0.44110318
2019-11-16 13:02:00,8473.4,8473.4,8473.3,8473.4,7.85444079
2019-11-16 13:01:00,8469.7,8473.4,8469.7,8473.4,4.45437053
2019-11-16 13:00:00,8469.8,8469.8,8469.7,8469.7,9.15329927
2019-11-16 12:59:00,8469.8,8469.8,8469.8,8469.8,0.02784986
2019-11-16 12:58:00,8470.8,8470.8,8469.7,8469.8,1.09885861
2019-11-16 12:57:00,8470,8470.8,8468.2,8470.8,5.12687957
2019-11-16 12:56:00,8471,8471,8470.7,8470.7,6.68574899
2019-11-16 12:55:00,8467.9,8471.2,8467.9,8470.9,5.33100032
2019-11-16 12:54:00,8471.9,8472,8468,8468,0.62920783
2019-11-16 12:53:00,8467.6,8472.1,8467.6,8472,14.2366531
2019-11-16 12:52:00,8461.8,8468.6,8461.8,8467.6,3.41868293
2019-11-16 12:51:00,8461.4,8461.8,8460.3,8461.8,3.00821605
2019-11-16 12:50:00,8461.5,8461.5,8461.2,8461.2,9.85011507
2019-11-16 12:49:00,8461,8461.5,8461,8461.5,5.93619916
2019-11-16 12:48:00,8460.1,8462,8460.1,8461.6,7.00520716
2019-11-16 12:47:00,8461.8,8463.1,8460,8460.1,16.66457816
2019-11-16 12:46:00,8463.4,8463.4,8461.8,8461.8,0.9168525
2019-11-16 12:45:00,8466.6,8466.6,8463.7,8463.7,2.60828705
2019-11-16 12:44:00,8466.6,8466.6,8466.5,8466.6,10.87282589
2019-11-16 12:43:00,8467.2,8467.2,8466.5,8466.5,0.11721157
2019-11-16 12:42:00,8467.1,8467.2,8467.1,8467.2,4.14276996
2019-11-16 12:41:00,8466.4,8468.2,8466.4,8467.1,2.76964954
2019-11-16 12:40:00,8467.5,8467.5,8466,8466.4,6.55897309
2019-11-16 12:39:00,8468.9,8468.9,8467.1,8467.4,1.17211779
2019-11-16 12:38:00,8472,8472.7,8468.9,8468.9,0.71461929
2019-11-16 12:37:00,8466.6,8470,8466.5,8470,4.26112298
2019-11-16 12:36:00,8467.1,8467.1,8465.3,8466.6,1.2022466
2019-11-16 12:35:00,8467.9,8467.9,8467.2,8467.2,0.16659758
2019-11-16 12:34:00,8468.1,8468.1,8467.9,8467.9,1.24223505
2019-11-16 12:33:00,8469.4,8469.4,8468.1,8468.1,1.08643815
2019-11-16 12:32:00,8469.4,8469.4,8469.4,8469.4,0.02343169
2019-11-16 12:31:00,8471.3,8471.3,8469.3,8469.3,0.76853226
2019-11-16 12:30:00,8473.3,8473.3,8470.4,8471.2,1.44073533
2019-11-16 12:29:00,8473.2,8476.8,8473.2,8473.2,35.9484834
2019-11-16 12:28:00,8473.2,8473.3,8473.2,8473.2,0.03764257
2019-11-16 12:27:00,8473.3,8473.3,8473.3,8473.3,0.06287379
2019-11-16 12:26:00,8474.6,8477.3,8473.2,8473.2,14.1598687
2019-11-16 12:25:00,8468.9,8476.4,8468.9,8474.8,5.07279213
2019-11-16 12:24:00,8469.2,8469.2,8468.8,8468.8,19.20699675
2019-11-16 12:23:00,8469.9,8469.9,8469.9,8469.9,0.06763695
2019-11-16 12:22:00,8469.5,8470.9,8469.5,8470.3,2.70724954
2019-11-16 12:21:00,8469.3,8469.5,8468,8469.5,0.41117086
2019-11-16 12:20:00,8472,8472,8469,8469.3,0.87467077
2019-11-16 12:19:00,8470.2,8472,8470.2,8472,0.62544343
2019-11-16 12:18:00,8463.8,8472,8463.8,8471.3,24.14496041
2019-11-16 12:17:00,8461.2,8465.7,8461.2,8465.7,8.68531882
2019-11-16 12:16:00,8463.3,8463.3,8461.3,8461.3,2.16316067
2019-11-16 12:15:00,8467,8467.1,8463.3,8463.3,19.24532807
2019-11-16 12:14:00,8459.6,8467,8459.6,8467,7.57343586
2019-11-16 12:13:00,8458.3,8459.6,8458.3,8459.6,6.78978798
2019-11-16 12:12:00,8458.3,8458.4,8458.3,8458.4,0.54079066
2019-11-16 12:11:00,8457.9,8458.4,8457.9,8458.4,0.17306016
2019-11-16 12:10:00,8458.5,8458.5,8457.3,8457.8,6.2993018
2019-11-16 12:09:00,8458.6,8458.7,8458.6,8458.6,5.22791843
2019-11-16 12:08:00,8458.9,8459.9,8458.7,8458.7,3.42574433
2019-11-16 12:07:00,8453.9,8459.9,8453.9,8458.8,14.28229877
2019-11-16 12:06:00,8455,8455,8453.8,8453.8,8.27198094
2019-11-16 12:05:00,8455.1,8455.1,8455,8455,0.16600698
2019-11-16 12:04:00,8458.7,8458.7,8455,8455,0.66098311
2019-11-16 12:03:00,8458.8,8458.8,8458.8,8458.8,0.76679963
2019-11-16 12:02:00,8458,8458.8,8458,8458.8,0.05507374
2019-11-16 12:01:00,8451.1,8457.9,8451.1,8457.9,3.1445991
2019-11-16 12:00:00,8451.4,8451.4,8451.1,8451.1,0.17787613
2019-11-16 11:59:00,8455,8455,8451.3,8451.4,1.22747451
2019-11-16 11:58:00,8455.1,8455.1,8455,8455,0.407065
2019-11-16 11:57:00,8457.4,8457.4,8455,8455,2.9011707
2019-11-16 11:56:00,8460.4,8460.4,8457.4,8457.4,0.44286858
2019-11-16 11:55:00,8462.2,8462.2,8460.4,8460.5,0.64827936
2019-11-16 11:54:00,8458.8,8462.2,8458.8,8462.1,0.6216134
2019-11-16 11:53:00,8458.1,8458.8,8458.1,8458.8,0.86252429
2019-11-16 11:52:00,8458.3,8458.3,8458,8458,2.67718385
2019-11-16 11:51:00,8460.9,8461,8458.7,8458.7,7.28795342
2019-11-16 11:50:00,8462.4,8462.7,8461,8461,2.84715457
2019-11-16 11:49:00,8457.1,8462.7,8457.1,8461.8,16.60573812
2019-11-16 11:48:00,8457.1,8457.1,8457,8457.1,1.74692733
2019-11-16 11:47:00,8455,8457.1,8455,8457.1,0.63873814
2019-11-16 11:46:00,8453.1,8456.3,8453.1,8456.3,2.4943365
2019-11-16 11:45:00,8453.1,8453.2,8453.1,8453.2,0.1217923
2019-11-16 11:44:00,8453.1,8453.1,8453,8453,0.07631498
2019-11-16 11:43:00,8453,8453.1,8453,8453,1.67512964
2019-11-16 11:42:00,8453,8453.1,8453,8453.1,8.6254636
2019-11-16 11:41:00,8450.8,8453.1,8450.8,8453.1,10.39779857
2019-11-16 11:40:00,8449.4,8451,8449.3,8450.8,7.3332852
2019-11-16 11:39:00,8448.8,8449.5,8448.8,8449.4,0.45022838
2019-11-16 11:38:00,8447.6,8448.7,8447.5,8448.7,13.91348477
2019-11-16 11:37:00,8442.4,8447.7,8442.4,8447.6,11.44050736
2019-11-16 11:36:00,8446.7,8446.7,8442.4,8442.4,1.6278081
2019-11-16 11:35:00,8451,8451,8446.6,8446.7,5.48192511
2019-11-16 11:34:00,8451.9,8451.9,8450.8,8450.9,1.34178072
2019-11-16 11:33:00,8451,8451.5,8450.9,8451.5,0.58888102
2019-11-16 11:32:00,8450,8451.8,8450,8450.9,0.75220171
2019-11-16 11:31:00,8451.3,8451.4,8450,8450,0.05847647
2019-11-16 11:30:00,8452.1,8454.3,8451,8451.3,2.47835046
2019-11-16 11:29:00,8454.8,8454.8,8452.1,8452.1,2.43926714
2019-11-16 11:28:00,8456.2,8456.2,8454.7,8454.7,10.67098105
2019-11-16 11:27:00,8456.6,8456.7,8456.3,8456.3,3.99995812
2019-11-16 11:26:00,8456.8,8456.9,8456.7,8456.7,12.78357574
2019-11-16 11:25:00,8458.8,8458.9,8456.6,8456.8,17.3038856
2019-11-16 11:24:00,8458.8,8458.9,8458.8,8458.8,2.63570461
2019-11-16 11:23:00,8458.9,8460.3,8458.8,8458.9,4.07566834
2019-11-16 11:22:00,8458.1,8460.3,8458.1,8458.8,1.65758544
2019-11-16 11:21:00,8458.1,8458.1,8458,8458,0.25956173
2019-11-16 11:20:00,8460.6,8460.6,8459.3,8459.3,0.23581865
2019-11-16 11:19:00,8458,8462.5,8458,8460.6,19.18360102
2019-11-16 11:18:00,8459.8,8459.8,8459.8,8459.8,0.03967228
2019-11-16 11:17:00,8460.1,8460.1,8458.1,8458.1,0.21089168
2019-11-16 11:16:00,8460.2,8460.2,8460.1,8460.2,0.18708319
2019-11-16 11:15:00,8462.7,8462.7,8461.3,8461.3,0.10139653
2019-11-16 11:14:00,8464.1,8464.4,8460,8462.7,2.5414714
2019-11-16 11:13:00,8464.3,8464.4,8464.2,8464.2,0.08510953
2019-11-16 11:12:00,8464.4,8464.4,8464.3,8464.4,0.24200516
2019-11-16 11:11:00,8464.4,8464.5,8464.4,8464.5,1.23744629
2019-11-16 11:10:00,8463.3,8464.5,8463.3,8464.5,6.73967306
2019-11-16 11:09:00,8460.1,8463.8,8460,8463.4,2.61778341
2019-11-16 11:08:00,8460.4,8460.4,8460,8460,0.04171989
2019-11-16 11:07:00,8460.5,8460.5,8460.4,8460.4,0.63670701
2019-11-16 11:06:00,8465.1,8465.1,8460.4,8460.4,1.97580322
2019-11-16 11:05:00,8464.4,8466.7,8464.4,8465.2,1.8432715
2019-11-16 11:04:00,8458.8,8464,8458.8,8464,3.00784233
2019-11-16 11:03:00,8458.8,8458.8,8458.7,8458.8,0.45169675
2019-11-16 11:02:00,8457.5,8458.8,8457.5,8458.8,3.23107849
2019-11-16 11:01:00,8458,8458.1,8457.5,8457.5,0.3234584
2019-11-16 11:00:00,8458.1,8458.1,8458,8458.1,2.66960155
2019-11-16 10:59:00,8458.1,8458.1,8458,8458.1,0.10583103
2019-11-16 10:58:00,8458.4,8458.4,8458.1,8458.1,0.17444414
2019-11-16 10:57:00,8460,8460.1,8458.3,8458.3,1.88948674
2019-11-16 10:56:00,8460.1,8460.1,8460,8460,0.34384994
2019-11-16 10:55:00,8461.7,8461.8,8460,8460.1,6.55479811
2019-11-16 10:54:00,8462.2,8462.2,8461.7,8461.8,10.78157682
2019-11-16 10:53:00,8465.4,8465.4,8462.1,8462.2,0.71646981
2019-11-16 10:52:00,8464.4,8465.4,8464.4,8465.4,1.59088693
2019-11-16 10:51:00,8465.6,8465.6,8465.5,8465.5,0.10430279
2019-11-16 10:50:00,8468.6,8468.6,8465,8465,0.96203472
2019-11-16 10:49:00,8461.6,8472.3,8461.6,8468.5,14.15368825
2019-11-16 10:48:00,8460,8461.7,8459.9,8461.7,0.37242689
2019-11-16 10:47:00,8456.8,8460,8456.8,8460,0.06410162
2019-11-16 10:46:00,8456.3,8456.8,8455.8,8456.8,0.14180329
2019-11-16 10:45:00,8455.3,8455.9,8455.1,8455.9,1.43262062
2019-11-16 10:44:00,8461.8,8461.8,8455,8455.2,6.49684928
2019-11-16 10:43:00,8461.9,8462.4,8461.8,8461.8,0.28628251
2019-11-16 10:42:00,8461.8,8461.9,8461.8,8461.9,0.8458636
2019-11-16 10:41:00,8462.3,8462.9,8461.8,8461.9,2.7621316
2019-11-16 10:40:00,8461.7,8463.6,8461.7,8463.3,9.93935819
2019-11-16 10:39:00,8458.3,8461.7,8458.3,8461.7,1.08683209
2019-11-16 10:38:00,8458.3,8458.4,8458.3,8458.4,0.09491002
2019-11-16 10:37:00,8457.5,8461.2,8457.1,8458.4,4.1010649
2019-11-16 10:36:00,8457.7,8459.5,8457.4,8457.5,1.06405876
2019-11-16 10:35:00,8458.8,8458.8,8457.3,8457.4,1.34271151
2019-11-16 10:34:00,8455.2,8458.9,8455.2,8458.9,11.72701313
2019-11-16 10:33:00,8455.5,8456.7,8454.9,8455.3,0.70077023
2019-11-16 10:32:00,8456.7,8456.7,8455.4,8455.5,1.40945407
2019-11-16 10:31:00,8457.1,8457.1,8456,8456.4,0.77328232
2019-11-16 10:30:00,8458.2,8458.2,8457.1,8457.1,0.98831541
2019-11-16 10:29:00,8457.3,8458.2,8457.3,8458.2,8.0722982
2019-11-16 10:28:00,8458.1,8458.1,8457.2,8457.2,0.23408486
2019-11-16 10:27:00,8457.3,8458.1,8457.3,8458.1,0.66316312
2019-11-16 10:26:00,8454.1,8457.1,8453.5,8457.1,0.91711134
2019-11-16 10:25:00,8455.7,8455.7,8453.3,8455.3,2.35885397
2019-11-16 10:24:00,8456.1,8456.1,8453.3,8455.8,6.46014089
2019-11-16 10:23:00,8447.5,8456,8445.8,8456,5.37443168
2019-11-16 10:22:00,8453.8,8455.8,8434.3,8446.4,144.12383271
2019-11-16 10:21:00,8465.6,8466.4,8453.9,8453.9,59.15265881
2019-11-16 10:20:00,8468.4,8468.4,8466.7,8466.7,1.35101271
2019-11-16 10:19:00,8469.5,8470,8468.4,8468.5,1.46924783
2019-11-16 10:18:00,8468.4,8469.5,8468,8469.4,14.47759987
2019-11-16 10:17:00,8473.8,8473.8,8468.5,8468.5,10.47339484
2019-11-16 10:16:00,8475.2,8475.2,8473.9,8473.9,3.25869032
2019-11-16 10:15:00,8477.8,8477.8,8475.3,8475.3,0.94636876
2019-11-16 10:14:00,8480,8480,8475.6,8477.8,11.99099953
2019-11-16 10:13:00,8482.4,8482.4,8480,8480,8.30859296
2019-11-16 10:12:00,8482.4,8483.3,8482.3,8482.4,3.86856631
2019-11-16 10:11:00,8480.7,8482.5,8480.7,8482.4,0.24537253
2019-11-16 10:10:00,8480.3,8480.8,8480.3,8480.7,1.47661708
2019-11-16 10:09:00,8480,8480,8479.9,8480,2.96469235
2019-11-16 10:08:00,8474.7,8480,8474.7,8479.9,4.26239018
2019-11-16 10:07:00,8475,8475,8474.5,8474.6,2.1304979
2019-11-16 10:06:00,8476.9,8476.9,8475,8475,1.44904656
2019-11-16 10:05:00,8479.1,8479.1,8476.8,8476.9,3.52165492
2019-11-16 10:04:00,8481.7,8483.5,8479,8479.1,4.70035471
2019-11-16 10:03:00,8479.1,8482.9,8479.1,8481.7,1.01133447
2019-11-16 10:02:00,8480,8480,8477.5,8479.2,1.21937649
2019-11-16 10:01:00,8484.3,8484.3,8480,8480.1,1.21373521
2019-11-16 10:00:00,8485.3,8485.4,8484.4,8484.4,0.52256454
2019-11-16 09:59:00,8484.7,8485.4,8484.7,8485.3,1.16281966
2019-11-16 09:58:00,8484.7,8484.7,8484.6,8484.7,0.43175341
2019-11-16 09:57:00,8481.7,8486.5,8481.6,8484.7,4.48224724
2019-11-16 09:56:00,8485.8,8485.8,8481.7,8481.7,0.72783748
2019-11-16 09:55:00,8487.2,8487.2,8485.8,8485.9,9.70238616
2019-11-16 09:54:00,8486.9,8487.2,8486.9,8487.2,7.92480277
2019-11-16 09:53:00,8484.7,8489.9,8484.7,8487,18.20435737
2019-11-16 09:52:00,8484.2,8484.7,8484.2,8484.7,0.07516913
2019-11-16 09:51:00,8478.8,8484.2,8478.8,8484.2,0.7570002
2019-11-16 09:50:00,8478,8478.9,8477.9,8478.8,0.57494624
2019-11-16 09:49:00,8478.4,8478.4,8477.9,8478,0.5927656
2019-11-16 09:48:00,8477.5,8478.5,8477.5,8478.5,6.54162934
2019-11-16 09:47:00,8477.6,8477.6,8477.5,8477.6,0.46977955
2019-11-16 09:46:00,8476,8477.6,8476,8477.6,0.26740378
2019-11-16 09:45:00,8477.4,8478.1,8476,8476,10.25686785
2019-11-16 09:44:00,8473,8477.5,8473,8477.4,20.7959935
2019-11-16 09:43:00,8474.9,8474.9,8472.9,8472.9,1.38518031
2019-11-16 09:42:00,8474.3,8476,8473.3,8475,1.38004401
2019-11-16 09:41:00,8478.3,8478.3,8472.1,8476.3,3.17512908
2019-11-16 09:40:00,8478.9,8478.9,8476.4,8478.2,3.06427423
2019-11-16 09:39:00,8484.8,8484.8,8479.8,8479.8,0.52682535
2019-11-16 09:38:00,8482.8,8487.4,8481.7,8485.3,1.60219324
2019-11-16 09:37:00,8482.8,8482.8,8482.7,8482.8,1.31895887
2019-11-16 09:36:00,8483.9,8485.7,8483.5,8484.1,25.78684356
2019-11-16 09:35:00,8480.8,8485.1,8480.8,8484,7.43683885
2019-11-16 09:34:00,8477.4,8480.8,8477.4,8480.8,2.27522164
2019-11-16 09:33:00,8474.2,8477.1,8474.2,8477.1,1.51392881
2019-11-16 09:32:00,8474.5,8474.6,8473.7,8474.2,3.01619675
2019-11-16 09:31:00,8473.3,8475.8,8473.3,8474.5,5.97968623
2019-11-16 09:30:00,8470.4,8475,8469.2,8473.2,9.85099017
2019-11-16 09:29:00,8469.9,8471.9,8469.9,8471.7,1.19360053
2019-11-16 09:28:00,8469.9,8469.9,8469.8,8469.9,0.41401529
2019-11-16 09:27:00,8467.9,8469.9,8467.9,8469.9,0.59543392
2019-11-16 09:26:00,8464,8467.3,8462.2,8467.3,1.77792964
2019-11-16 09:25:00,8464.6,8464.6,8459.6,8464,11.49162391
2019-11-16 09:24:00,8463.4,8466.1,8463.2,8464.6,0.61460268
2019-11-16 09:23:00,8465.4,8465.5,8463.2,8463.2,0.88407983
2019-11-16 09:22:00,8469.9,8469.9,8465.5,8465.5,5.9086615
2019-11-16 09:21:00,8469.5,8470.7,8469.5,8470,4.25579135
2019-11-16 09:20:00,8467.2,8469.9,8467.1,8469.5,3.16846935
2019-11-16 09:19:00,8468.8,8470,8466.1,8467.2,1.29090292
2019-11-16 09:18:00,8470.3,8470.3,8465.4,8468.4,1.24585318
2019-11-16 09:17:00,8467.9,8475,8467.9,8470.4,6.60389202
2019-11-16 09:16:00,8466,8468,8466,8468,4.14972396
2019-11-16 09:15:00,8464.7,8466,8464.1,8466,7.23465115
2019-11-16 09:14:00,8468.2,8468.2,8464.7,8464.7,1.87017287
2019-11-16 09:13:00,8467.1,8468.4,8467.1,8468.2,1.08093891
2019-11-16 09:12:00,8466.4,8467.1,8461.3,8467,16.20664736
2019-11-16 09:11:00,8463.4,8469.2,8463.4,8466.5,1.3383158
2019-11-16 09:10:00,8465.1,8465.1,8463.3,8463.3,0.6435166
2019-11-16 09:09:00,8468.9,8468.9,8465.3,8465.3,2.3317757
2019-11-16 09:08:00,8466.8,8469.4,8465.6,8468.8,0.85752685
2019-11-16 09:07:00,8469.9,8470,8466.7,8466.7,0.5365805
2019-11-16 09:06:00,8470.3,8470.3,8469.4,8470,1.3855023
2019-11-16 09:05:00,8477.8,8477.8,8472.2,8472.2,3.60438267
2019-11-16 09:04:00,8474.1,8478.9,8474.1,8477.8,8.50528112
2019-11-16 09:03:00,8472.3,8475.9,8472.3,8474.1,5.29680711
2019-11-16 09:02:00,8471.3,8474,8471.3,8473.8,7.92756471
2019-11-16 09:01:00,8471.8,8474.3,8471.2,8472.7,2.99932014
2019-11-16 09:00:00,8468,8476.1,8467.3,8472,19.65253264
2019-11-16 08:59:00,8465.1,8468.1,8464.5,8468,0.46794868
2019-11-16 08:58:00,8462.1,8465.2,8461.5,8465.1,8.04987844
2019-11-16 08:57:00,8462.6,8462.6,8461,8461.7,2.11356995
2019-11-16 08:56:00,8462.2,8463.1,8461.2,8463,0.16451727
2019-11-16 08:55:00,8463.1,8463.1,8462.2,8462.2,0.83658004
2019-11-16 08:54:00,8467.2,8469.6,8463.8,8463.8,7.85994915
2019-11-16 08:53:00,8469,8469,8467.2,8467.2,4.30865402
2019-11-16 08:52:00,8475.1,8475.1,8469,8469,3.35280226
2019-11-16 08:51:00,8467.2,8476.7,8467.2,8475.2,26.46689005
2019-11-16 08:50:00,8466,8467.2,8466,8467.1,9.14418007
2019-11-16 08:49:00,8465.8,8466.1,8465.8,8466.1,8.62870189
2019-11-16 08:48:00,8465.8,8465.8,8465.7,8465.8,2.02686102
2019-11-16 08:47:00,8466.1,8466.1,8465.6,8465.8,0.36990168
2019-11-16 08:46:00,8464.8,8467.2,8464.8,8466.5,2.25810723
2019-11-16 08:45:00,8466.8,8466.8,8464.6,8464.9,6.42928421
2019-11-16 08:44:00,8464.7,8467.2,8464.6,8467.1,21.87227235
2019-11-16 08:43:00,8463.9,8464.7,8463.9,8464.7,0.94614304
2019-11-16 08:42:00,8456.6,8463,8456.6,8463,10.50067627
2019-11-16 08:41:00,8459.3,8461,8456.5,8456.5,1.56436634
2019-11-16 08:40:00,8460.9,8460.9,8456.3,8458.6,2.86345454
2019-11-16 08:39:00,8453.4,8460,8453.3,8460,1.35740807
2019-11-16 08:38:00,8457.3,8458.6,8453.3,8453.4,3.68495306
2019-11-16 08:37:00,8456.9,8457.7,8450.1,8456.9,24.53945899
2019-11-16 08:36:00,8450.4,8456.9,8449.2,8456.9,41.58629679
2019-11-16 08:35:00,8445.6,8463,8441.2,8450.4,161.27119364
2019-11-16 08:34:00,8458.8,8460.2,8441.9,8446.4,154.80244664
2019-11-16 08:33:00,8463.8,8464.6,8459.1,8459.1,0.353539
2019-11-16 08:32:00,8455.4,8462.4,8455.4,8462.4,13.33260393
2019-11-16 08:31:00,8463.5,8464.9,8455.4,8455.4,1.1900142
2019-11-16 08:30:00,8454.8,8464.7,8454.8,8463.5,23.74891857
2019-11-16 08:29:00,8448.9,8457,8448.9,8453.8,6.67201053
2019-11-16 08:28:00,8454.3,8454.3,8448.9,8448.9,4.69642462
2019-11-16 08:27:00,8444.5,8456,8444.5,8454.8,22.853349
2019-11-16 08:26:00,8444.8,8444.8,8441,8444.5,13.02617643
2019-11-16 08:25:00,8450.8,8450.8,8441,8444.9,11.19394001
2019-11-16 08:24:00,8453.5,8453.5,8445,8450.8,18.41238454
2019-11-16 08:23:00,8455.4,8456.9,8453.5,8453.5,1.26770797
2019-11-16 08:22:00,8464.2,8464.2,8455.3,8455.7,6.75785114
2019-11-16 08:21:00,8457,8464.4,8457,8464.2,1.05598889
2019-11-16 08:20:00,8460.7,8460.8,8455.4,8457,19.87541898
2019-11-16 08:19:00,8466.8,8466.8,8461.1,8461.1,5.58026695
2019-11-16 08:18:00,8470,8470.1,8467.4,8467.4,29.25147397
2019-11-16 08:17:00,8467.7,8470.1,8467.1,8470.1,89.27202605
2019-11-16 08:16:00,8465.2,8467.2,8464.1,8467.2,12.56344504
2019-11-16 08:15:00,8463.2,8465,8461.9,8465,0.37035147
2019-11-16 08:14:00,8461.2,8463.2,8459.7,8463.2,2.25515372
2019-11-16 08:13:00,8464.5,8464.5,8461.5,8461.5,0.16006896
2019-11-16 08:12:00,8462,8464.5,8462,8464.5,13.96419958
2019-11-16 08:11:00,8466.2,8467.1,8462,8462,0.56435692
2019-11-16 08:10:00,8469.5,8469.5,8467.2,8467.2,1.9958673
2019-11-16 08:09:00,8470.2,8470.2,8469.5,8469.5,0.56438564
2019-11-16 08:08:00,8471.8,8471.8,8467,8470.1,1.21411569
2019-11-16 08:07:00,8466,8470.8,8465.8,8470.8,10.75082974
2019-11-16 08:06:00,8469.9,8470.9,8465.8,8466.1,1.48207388
2019-11-16 08:05:00,8473.6,8473.6,8468.8,8469.4,2.19110381
2019-11-16 08:04:00,8475.8,8477.4,8473.7,8473.7,15.58813979
2019-11-16 08:03:00,8471.7,8476.6,8471,8475.7,3.2939516
2019-11-16 08:02:00,8473.5,8476.3,8472,8472,7.15990103
2019-11-16 08:01:00,8475.6,8478,8473.5,8473.5,4.52968768
2019-11-16 08:00:00,8472.5,8481.6,8472.5,8475.1,5.51789892
2019-11-16 07:59:00,8472.8,8472.8,8471.6,8472.5,0.45561541
2019-11-16 07:58:00,8472.1,8473.9,8472.1,8472.8,2.53089858
2019-11-16 07:57:00,8472.7,8474.6,8472.1,8472.2,1.71902695
2019-11-16 07:56:00,8466.3,8472.7,8466.3,8472.7,19.15250462
2019-11-16 07:55:00,8465.3,8468.9,8465.1,8466.3,12.87718251
2019-11-16 07:54:00,8470.1,8470.2,8466.8,8467.6,5.30295065
2019-11-16 07:53:00,8470.1,8470.1,8470,8470,1.69429852
2019-11-16 07:52:00,8473.1,8473.1,8470,8470,1.45293002
2019-11-16 07:51:00,8472.1,8475.8,8470.1,8472.5,5.37527258
2019-11-16 07:50:00,8468,8472.1,8468,8472.1,0.88787603
2019-11-16 07:49:00,8462.2,8468,8462.2,8468,6.78539281
2019-11-16 07:48:00,8467.5,8467.5,8462.2,8462.2,3.13315494
2019-11-16 07:47:00,8462.9,8472.6,8462.9,8467.5,10.83622575
2019-11-16 07:46:00,8453.1,8462.2,8451,8462.2,17.4893689
2019-11-16 07:45:00,8465.2,8465.2,8453,8453.1,13.91592018
2019-11-16 07:44:00,8466.5,8468.8,8461.4,8465.2,4.21231058
2019-11-16 07:43:00,8477.4,8479.8,8453.5,8467.7,101.02466972
2019-11-16 07:42:00,8483.5,8483.5,8468.7,8476.9,100.34008313
2019-11-16 07:41:00,8487.2,8487.2,8482.4,8483,5.31344476
2019-11-16 07:40:00,8490,8490,8485,8488.5,3.16250516
2019-11-16 07:39:00,8491.5,8491.6,8488.1,8489.8,2.93125196
2019-11-16 07:38:00,8491.6,8491.6,8491.5,8491.5,0.08585733
2019-11-16 07:37:00,8495.3,8495.3,8486.9,8490.7,4.76516424
2019-11-16 07:36:00,8490.4,8495.4,8490.4,8495.3,1.11225719
2019-11-16 07:35:00,8485.4,8490.8,8485.4,8490.8,5.4557537
2019-11-16 07:34:00,8485.3,8485.4,8485.3,8485.4,0.02205917
2019-11-16 07:33:00,8484.7,8485.4,8484.7,8485.4,0.88877985
2019-11-16 07:32:00,8484.7,8484.7,8484.7,8484.7,0.65162681
2019-11-16 07:31:00,8483.4,8484.7,8483.4,8484.6,1.261503
2019-11-16 07:30:00,8481.3,8483.4,8481.3,8483.4,2.17274982
2019-11-16 07:29:00,8483.2,8483.2,8481.3,8481.3,1.61870031
2019-11-16 07:28:00,8485,8485.1,8483.9,8483.9,0.86895878
2019-11-16 07:27:00,8490.8,8490.8,8485.7,8485.7,0.37391829
2019-11-16 07:26:00,8494,8494,8494,8494,0
2019-11-16 07:25:00,8493.7,8494.5,8493.7,8494,0.39724654
2019-11-16 07:24:00,8494.1,8494.1,8491.7,8491.8,0.68245384
2019-11-16 07:23:00,8491.1,8496.7,8490.1,8494.1,8.97835883
2019-11-16 07:22:00,8493.1,8493.1,8491.2,8491.2,1.6331534
2019-11-16 07:21:00,8499.2,8499.2,8493.8,8493.8,4.28034263
2019-11-16 07:20:00,8499.3,8499.3,8499.3,8499.3,1.01880542
2019-11-16 07:19:00,8500.1,8500.2,8499.2,8499.2,4.99678213
2019-11-16 07:18:00,8499.1,8500.1,8498.5,8500.1,3.14141117
2019-11-16 07:17:00,8498,8499.6,8498,8499,0.67342117
2019-11-16 07:16:00,8499.7,8499.7,8497.1,8497.2,2.76691826
2019-11-16 07:15:00,8499.7,8499.8,8497.9,8499.7,2.23748569
2019-11-16 07:14:00,8504.6,8504.6,8500.2,8500.2,5.03111199
2019-11-16 07:13:00,8492.2,8504.6,8492.2,8504.5,6.01215525
2019-11-16 07:12:00,8492.1,8492.2,8492.1,8492.1,0.43468293
2019-11-16 07:11:00,8500,8500,8493.8,8493.8,0.36478385
2019-11-16 07:10:00,8503.4,8503.4,8500.1,8500.1,0.16615018
2019-11-16 07:09:00,8508.5,8508.5,8502.9,8503.5,1.88448242
2019-11-16 07:08:00,8502,8508.5,8502,8508.4,12.90828229
2019-11-16 07:07:00,8498,8500.1,8498,8500.1,0.19385288
2019-11-16 07:06:00,8505.9,8505.9,8497.9,8498,1.30828141
2019-11-16 07:05:00,8506,8506,8505.9,8505.9,0.0769743
2019-11-16 07:04:00,8505.9,8505.9,8505.9,8505.9,0.00336897
2019-11-16 07:03:00,8506.5,8506.5,8502.8,8505.9,0.68814668
2019-11-16 07:02:00,8508.3,8508.3,8507.7,8507.7,0.04308112
2019-11-16 07:01:00,8512.2,8512.2,8494.8,8508.4,26.24223253
2019-11-16 07:00:00,8519.5,8528.7,8513.7,8513.7,83.60377644
2019-11-16 06:59:00,8515.8,8519.5,8515.8,8519.5,2.18362755
2019-11-16 06:58:00,8515.4,8516.4,8514.5,8516.2,2.61983793
2019-11-16 06:57:00,8512.7,8514.4,8510.2,8514.4,1.80522391
2019-11-16 06:56:00,8505.5,8519.8,8505.5,8512.8,24.24843903
2019-11-16 06:55:00,8500,8505,8499.9,8505,8.15834638
2019-11-16 06:54:00,8495.8,8500,8495.8,8499.9,17.97143886
2019-11-16 06:53:00,8491.1,8495.3,8491.1,8495.3,1.47098994
2019-11-16 06:52:00,8491.1,8491.1,8491.1,8491.1,0.04408642
2019-11-16 06:51:00,8492.6,8492.6,8491,8491.6,3.95627097
2019-11-16 06:50:00,8489.2,8492.7,8489.2,8492.6,1.44371051
2019-11-16 06:49:00,8483.4,8489.2,8483.4,8488.9,20.39103131
2019-11-16 06:48:00,8483.8,8483.8,8483.8,8483.8,0
2019-11-16 06:47:00,8483.8,8483.8,8483.3,8483.3,2.65878835
2019-11-16 06:46:00,8484.2,8484.2,8483.8,8483.8,4.54951821
2019-11-16 06:45:00,8485.2,8485.2,8484.2,8484.3,0.22029527
2019-11-16 06:44:00,8485.1,8485.2,8485.1,8485.2,0.3780956
2019-11-16 06:43:00,8485.2,8485.2,8485.1,8485.1,0.84114857
2019-11-16 06:42:00,8484.5,8484.6,8484.5,8484.6,0.69945875
2019-11-16 06:41:00,8487.3,8487.3,8483.6,8484.5,3.97390226
2019-11-16 06:40:00,8485,8488.1,8485,8488,2.37142472
2019-11-16 06:39:00,8482.5,8484.3,8482.4,8484.3,0.08605043
2019-11-16 06:38:00,8482.5,8482.5,8482.4,8482.4,0.17587267
2019-11-16 06:37:00,8480.2,8483.5,8480.2,8482.3,4.15226867
2019-11-16 06:36:00,8475.9,8480,8475.9,8480,7.78034828
2019-11-16 06:35:00,8473.9,8474.9,8473.8,8474.8,0.8606958
2019-11-16 06:34:00,8473.9,8473.9,8473.9,8473.9,0.00777619
2019-11-16 06:33:00,8471.9,8471.9,8471.8,8471.9,0.05757355
2019-11-16 06:32:00,8471.9,8471.9,8471.9,8471.9,0.56727661
2019-11-16 06:31:00,8472.3,8472.3,8471.8,8471.9,0.32411257
2019-11-16 06:30:00,8473.4,8473.4,8471.9,8472.3,0.62331922
2019-11-16 06:29:00,8476.3,8476.5,8473.4,8473.4,4.60836762
2019-11-16 06:28:00,8476.9,8476.9,8476.3,8476.3,0.20020319
2019-11-16 06:27:00,8476.9,8477,8476.9,8477,0.31958953
2019-11-16 06:26:00,8478,8478,8476.9,8476.9,0.14995078
2019-11-16 06:25:00,8479.7,8479.7,8477.5,8478.5,0.36926098
2019-11-16 06:24:00,8482.7,8491.6,8480,8480,64.24409303
2019-11-16 06:23:00,8476.9,8483.2,8476.8,8482.7,12.55795592
2019-11-16 06:22:00,8476.2,8477.3,8476.2,8476.9,0.08363618
2019-11-16 06:21:00,8474.3,8476.2,8474.3,8476.2,0.92009946
2019-11-16 06:20:00,8472.2,8474.5,8472.1,8474.2,2.00530787
2019-11-16 06:19:00,8472.2,8472.2,8472.2,8472.2,0.35118433
2019-11-16 06:18:00,8470.2,8472.1,8470.2,8472.1,2.66522526
2019-11-16 06:17:00,8472.6,8472.6,8471.3,8471.3,0.187868
2019-11-16 06:16:00,8472.1,8472.7,8472.1,8472.7,0.28292071
2019-11-16 06:15:00,8470.9,8472.6,8470.9,8472,1.63849785
2019-11-16 06:14:00,8469.3,8470.3,8469.3,8470.3,1.42483314
2019-11-16 06:13:00,8468.4,8469.2,8468.3,8469.2,0.40017359
2019-11-16 06:12:00,8468.4,8468.4,8468.4,8468.4,0.02580088
2019-11-16 06:11:00,8468.4,8468.4,8468.4,8468.4,0.12644468
2019-11-16 06:10:00,8468.4,8468.4,8468.3,8468.4,0.50221781
2019-11-16 06:09:00,8466.3,8468,8466.3,8468,0.5042305
2019-11-16 06:08:00,8466.4,8466.4,8466.3,8466.3,0.45339832
2019-11-16 06:07:00,8466.9,8466.9,8466.4,8466.4,1.07968696
2019-11-16 06:06:00,8466.9,8466.9,8466.9,8466.9,0.00100294
2019-11-16 06:05:00,8466.9,8466.9,8466.8,8466.8,0.0852693
2019-11-16 06:04:00,8468.4,8468.4,8466.8,8466.8,1.10580965
2019-11-16 06:03:00,8468.4,8468.4,8468.4,8468.4,0.23800453
2019-11-16 06:02:00,8467.5,8468.4,8467.5,8468.4,0.31831466
2019-11-16 06:01:00,8467.4,8467.5,8467.4,8467.5,0.11118137
2019-11-16 06:00:00,8462.6,8467.4,8462.6,8467.4,2.08317899
2019-11-16 05:59:00,8462.5,8462.5,8462.5,8462.5,0.0030936
2019-11-16 05:58:00,8462.6,8462.6,8462.5,8462.5,0.02372804
2019-11-16 05:57:00,8465.9,8465.9,8461.7,8462.6,4.80822313
2019-11-16 05:56:00,8466,8466.4,8465.9,8465.9,0.6233043
2019-11-16 05:55:00,8465.9,8465.9,8465.9,8465.9,0.32088892
2019-11-16 05:54:00,8465.9,8465.9,8465.9,8465.9,0.85814314
2019-11-16 05:53:00,8466,8466,8465.8,8465.8,0.44913402
2019-11-16 05:52:00,8468.3,8468.3,8466,8466,2.81139561
2019-11-16 05:51:00,8469.5,8469.5,8468.3,8468.4,0.34858382
2019-11-16 05:50:00,8468.4,8469.6,8468.4,8469.6,1.41363695
2019-11-16 05:49:00,8469.2,8469.2,8468.4,8468.4,4.20639029
2019-11-16 05:48:00,8467,8468.3,8467,8468.3,1.10402952
2019-11-16 05:47:00,8467,8467,8467,8467,0.22911793
2019-11-16 05:46:00,8466.9,8467,8466.9,8467,0.18554122
2019-11-16 05:45:00,8467,8467,8466.8,8466.9,0.27819481
2019-11-16 05:44:00,8470,8470,8466.7,8467.1,1.43335358
2019-11-16 05:43:00,8470,8470,8469.9,8469.9,0.12524233
2019-11-16 05:42:00,8466,8470,8466,8470,1.15711366
2019-11-16 05:41:00,8466.5,8466.5,8465.9,8465.9,0.32409567
2019-11-16 05:40:00,8466.5,8466.5,8466.4,8466.5,1.02832366
2019-11-16 05:39:00,8465.7,8466.5,8465.7,8466.5,0.07810769
2019-11-16 05:38:00,8465.3,8465.3,8465.2,8465.2,0.11593561
2019-11-16 05:37:00,8464.9,8465.3,8464.9,8465.3,0.7774429
2019-11-16 05:36:00,8464.8,8465,8464.8,8465,0.09158761
2019-11-16 05:35:00,8468.1,8468.1,8460,8464.4,102.77148086
2019-11-16 05:34:00,8466.7,8468.1,8466.7,8468.1,0.01337505
2019-11-16 05:33:00,8466.6,8466.6,8466.6,8466.6,0.03543026
2019-11-16 05:32:00,8465.4,8466.7,8465.4,8466.7,0.07789845
2019-11-16 05:31:00,8466.2,8466.2,8466.2,8466.2,0
2019-11-16 05:30:00,8466.3,8466.4,8466.2,8466.2,0.06035386
2019-11-16 05:29:00,8471.9,8471.9,8466.3,8466.3,1.96337324
2019-11-16 05:28:00,8471.5,8471.6,8471.5,8471.6,0.63152021
2019-11-16 05:27:00,8471.3,8471.6,8471.3,8471.6,0.07755851
2019-11-16 05:26:00,8471.2,8471.2,8471.2,8471.2,0.0037
2019-11-16 05:25:00,8470.1,8473.4,8470.1,8472.2,0.52141991
2019-11-16 05:24:00,8471.1,8471.1,8470,8470.1,6.78061527
2019-11-16 05:23:00,8470.2,8473.9,8470.2,8473.8,0.22223497
2019-11-16 05:22:00,8470.9,8470.9,8469.8,8470.1,0.23827708
2019-11-16 05:21:00,8469.5,8470.4,8468.3,8470.4,3.14399199
2019-11-16 05:20:00,8470.4,8470.4,8468.7,8469.5,0.10407812
2019-11-16 05:19:00,8469.6,8471.8,8467.4,8471.8,0.65431947
2019-11-16 05:18:00,8472.8,8472.8,8470.6,8470.6,0.29704152
2019-11-16 05:17:00,8465.3,8470,8465.3,8470,2.73990898
2019-11-16 05:16:00,8461.5,8462.9,8461.5,8462.9,0.22213112
2019-11-16 05:15:00,8467.4,8467.4,8461.4,8461.4,1.64058292
2019-11-16 05:14:00,8467.4,8467.5,8467.4,8467.4,0.12250942
2019-11-16 05:13:00,8462.8,8467.5,8462.8,8467.5,0.58976616
2019-11-16 05:12:00,8465.1,8465.1,8461.8,8464.1,1.13321359
2019-11-16 05:11:00,8462.5,8465.3,8461.9,8465.2,0.93447548
2019-11-16 05:10:00,8459.1,8464.7,8453.8,8462.8,30.58069029
2019-11-16 05:09:00,8471.1,8471.1,8459.1,8459.1,42.93789313
2019-11-16 05:08:00,8475.1,8475.1,8471.1,8471.1,0.39393671
2019-11-16 05:07:00,8477.8,8477.8,8476.3,8476.3,0.4181672
2019-11-16 05:06:00,8477.9,8477.9,8477.8,8477.9,0.04115232
2019-11-16 05:05:00,8477,8477.8,8477,8477.8,0.09966239
2019-11-16 05:04:00,8478.1,8478.1,8476.9,8477,1.16463324
2019-11-16 05:03:00,8478.1,8478.1,8478.1,8478.1,0.0016044
2019-11-16 05:02:00,8478.8,8478.8,8478.2,8478.2,1.39764711
2019-11-16 05:01:00,8480.2,8480.2,8476.3,8478.9,1.30798495
2019-11-16 05:00:00,8478,8478,8478,8478,0
2019-11-16 04:59:00,8477.4,8478,8477.4,8478,0.63355166
2019-11-16 04:58:00,8477,8477.7,8475.5,8476.7,0.12158494
2019-11-16 04:57:00,8476.9,8476.9,8476,8476,0.04626335
2019-11-16 04:56:00,8476.5,8476.5,8475.3,8475.4,0.29018264
2019-11-16 04:55:00,8476.5,8476.5,8476.5,8476.5,0.01533281
2019-11-16 04:54:00,8475.4,8475.4,8475.4,8475.4,0.12372612
2019-11-16 04:53:00,8476,8477.6,8475.5,8476.5,0.95725673
2019-11-16 04:52:00,8476,8476,8476,8476,0.00685286
2019-11-16 04:51:00,8475.1,8475.2,8475.1,8475.2,0.36329955
2019-11-16 04:50:00,8476.9,8476.9,8476.1,8476.1,1.21557067
2019-11-16 04:49:00,8475.2,8479,8475.2,8476.9,1.84424501
2019-11-16 04:48:00,8481.7,8481.7,8475.1,8475.2,7.93803074
2019-11-16 04:47:00,8484.6,8484.6,8480,8482.1,3.33602895
2019-11-16 04:46:00,8479,8484.2,8479,8484.2,27.36177648
2019-11-16 04:45:00,8476.3,8478.9,8475.1,8478.9,0.30406499
2019-11-16 04:44:00,8477.3,8477.3,8475.1,8475.2,0.10741513
2019-11-16 04:43:00,8477.4,8477.4,8476.9,8477.3,0.12670612
2019-11-16 04:42:00,8477.3,8477.4,8477.3,8477.4,0.01575216
2019-11-16 04:41:00,8477.8,8479.2,8477.5,8477.5,0.79277066
2019-11-16 04:40:00,8481.9,8481.9,8477.6,8477.6,0.33491378
2019-11-16 04:39:00,8478.2,8481.9,8478.2,8481.7,43.38399283
2019-11-16 04:38:00,8477.1,8477.2,8477.1,8477.2,0.25019212
2019-11-16 04:37:00,8478.1,8480.4,8477,8480.2,1.60045419
2019-11-16 04:36:00,8479.9,8479.9,8476.3,8476.6,0.768048
2019-11-16 04:35:00,8479.9,8479.9,8479.9,8479.9,1.15647957
2019-11-16 04:34:00,8484.1,8484.1,8479.9,8479.9,0.39757955
2019-11-16 04:33:00,8482.8,8483.3,8482.8,8483.3,0.30671141
2019-11-16 04:32:00,8479.7,8482.2,8477.5,8482.1,0.57281026
2019-11-16 04:31:00,8471.4,8479.5,8471.4,8479.5,0.79518501
2019-11-16 04:30:00,8477.5,8477.5,8470.1,8471.2,7.89109552
2019-11-16 04:29:00,8472.7,8477.8,8472.7,8477.8,1.52496685
2019-11-16 04:28:00,8474.7,8474.7,8471.4,8471.5,17.32347289
2019-11-16 04:27:00,8478.6,8478.6,8473.2,8474.7,2.34461179
2019-11-16 04:26:00,8478.6,8478.6,8478.6,8478.6,0.43944938
2019-11-16 04:25:00,8478.8,8478.9,8478.6,8478.6,0.28880722
2019-11-16 04:24:00,8483.1,8483.5,8479.2,8479.2,2.21438819
2019-11-16 04:23:00,8481,8483.1,8480.7,8483.1,15.91693635
2019-11-16 04:22:00,8480.1,8480.8,8480.1,8480.8,8.66426046
2019-11-16 04:21:00,8478.8,8480.2,8478.8,8480.1,4.30331011
2019-11-16 04:20:00,8480.1,8480.1,8478.9,8478.9,0.14886973
2019-11-16 04:19:00,8481,8481.7,8478.3,8480.9,1.09715414
2019-11-16 04:18:00,8484.7,8484.7,8481,8481,0.4708439
2019-11-16 04:17:00,8484.9,8484.9,8484.7,8484.7,0.33384815
2019-11-16 04:16:00,8480.1,8484.3,8480.1,8484.3,1.22152381
2019-11-16 04:15:00,8481.1,8481.1,8481,8481,0.26653318
2019-11-16 04:14:00,8481,8481,8481,8481,0.05697647
2019-11-16 04:13:00,8480.8,8481,8480.8,8481,0.32336838
2019-11-16 04:12:00,8480,8480.9,8479.9,8480.8,0.32902673
2019-11-16 04:11:00,8479.5,8480,8476.9,8480,0.44560471
2019-11-16 04:10:00,8475.8,8479.6,8475.8,8479.5,0.85785053
2019-11-16 04:09:00,8475.5,8475.9,8473.8,8475.9,4.41299566
2019-11-16 04:08:00,8477.6,8477.6,8475.5,8475.5,0.57433181
2019-11-16 04:07:00,8480,8480,8477.7,8477.7,0.50612676
2019-11-16 04:06:00,8483,8483,8480,8480,0.57316092
2019-11-16 04:05:00,8484,8484,8482.7,8482.8,1.9000023
2019-11-16 04:04:00,8482.9,8484,8482.9,8484,0.34058374
2019-11-16 04:03:00,8484.6,8486.4,8484,8484,2.07494288
2019-11-16 04:02:00,8489.7,8489.7,8484.5,8484.5,6.64721925
2019-11-16 04:01:00,8490.6,8495,8489.7,8489.7,20.61762757
2019-11-16 04:00:00,8486.6,8491.5,8486.6,8490.5,11.64722135
2019-11-16 03:59:00,8486.9,8486.9,8485.6,8486.2,2.26975597
2019-11-16 03:58:00,8484.5,8486.9,8483.2,8486.9,0.05201699
2019-11-16 03:57:00,8486.7,8490,8484.4,8484.4,1.57664413
2019-11-16 03:56:00,8491.4,8492.6,8487.3,8489.2,4.74882991
2019-11-16 03:55:00,8488,8501,8488,8491.4,27.00489563
2019-11-16 03:54:00,8490.6,8490.6,8488.3,8488.3,1.76212122
2019-11-16 03:53:00,8488.1,8492.3,8488,8490.6,3.43024864
2019-11-16 03:52:00,8488.8,8488.8,8488,8488,0.98396417
2019-11-16 03:51:00,8489.7,8489.7,8488,8488.9,0.48657258
2019-11-16 03:50:00,8486,8489.7,8486,8489.7,2.41730853
2019-11-16 03:49:00,8484.9,8486,8484.8,8486,0.22436138
2019-11-16 03:48:00,8484,8484.9,8481.6,8484.9,0.24512213
2019-11-16 03:47:00,8479.8,8483.1,8479.1,8483.1,0.60162359
2019-11-16 03:46:00,8472.3,8479.8,8472.3,8479.7,5.88622312
2019-11-16 03:45:00,8473.4,8473.4,8472.3,8472.3,0.28366615
2019-11-16 03:44:00,8478.2,8478.2,8475,8475,0.18317028
2019-11-16 03:43:00,8478.2,8483.3,8478.2,8478.6,2.83767933
2019-11-16 03:42:00,8477.1,8477.5,8473.1,8477.5,10.68226299
2019-11-16 03:41:00,8475.6,8477.2,8475.1,8477.2,3.4445936
2019-11-16 03:40:00,8474.8,8475.1,8472.6,8475.1,0.32712522
2019-11-16 03:39:00,8475.9,8477.8,8474.9,8474.9,0.34527888
2019-11-16 03:38:00,8478.4,8478.4,8473.5,8475.3,0.73593101
2019-11-16 03:37:00,8477.9,8478.4,8477.2,8478.4,0.43038631
2019-11-16 03:36:00,8473.6,8477.9,8473.6,8477.9,0.98053955
2019-11-16 03:35:00,8471.3,8479.2,8471.3,8473.6,1.86913521
2019-11-16 03:34:00,8474.8,8475.5,8470.9,8470.9,12.14801505
2019-11-16 03:33:00,8477.1,8477.2,8474.1,8474.8,0.4882376
2019-11-16 03:32:00,8480.2,8485.1,8474.6,8476,20.88564711
2019-11-16 03:31:00,8477.9,8485.7,8477.9,8480.2,2.59690391
2019-11-16 03:30:00,8477.9,8477.9,8477.9,8477.9,0.11
2019-11-16 03:29:00,8481,8482.7,8477.3,8477.7,18.06371139
2019-11-16 03:28:00,8477.4,8480.4,8477.4,8480.4,3.27940481
2019-11-16 03:27:00,8474.3,8476.2,8474.3,8476.2,0.49029997
2019-11-16 03:26:00,8472.3,8475.9,8472.3,8475.7,1.55619349
2019-11-16 03:25:00,8482.4,8482.4,8472.2,8472.3,3.98476884
2019-11-16 03:24:00,8478.9,8481.9,8478.9,8481.9,0.83495269
2019-11-16 03:23:00,8475.9,8484.6,8475.9,8478.8,6.35504577
2019-11-16 03:22:00,8475.9,8475.9,8469.4,8475.6,2.31802238
2019-11-16 03:21:00,8475.3,8475.9,8475.3,8475.9,0.62845625
2019-11-16 03:20:00,8475.2,8475.2,8470.8,8474.8,3.88323375
2019-11-16 03:19:00,8477.7,8477.9,8475.5,8475.5,12.14208991
2019-11-16 03:18:00,8475.3,8477,8473.4,8477,2.47131295
2019-11-16 03:17:00,8473.7,8478.5,8473.7,8475.6,10.12889909
2019-11-16 03:16:00,8478.8,8479.9,8472.4,8472.4,0.85023795
2019-11-16 03:15:00,8478.2,8478.2,8467.5,8477.5,14.69390231
2019-11-16 03:14:00,8486.9,8487,8476.8,8477.2,4.16737784
2019-11-16 03:13:00,8482.4,8492,8482.4,8488.3,7.96513908
2019-11-16 03:12:00,8493.1,8493.1,8483,8483,15.01381682
2019-11-16 03:11:00,8493.1,8493.2,8493.1,8493.1,0.77306853
2019-11-16 03:10:00,8491.1,8493.1,8491.1,8493.1,0.43381063
2019-11-16 03:09:00,8492.5,8492.5,8492.5,8492.5,0
2019-11-16 03:08:00,8492.8,8492.8,8492.5,8492.5,2.58092317
2019-11-16 03:07:00,8496.1,8496.1,8491,8492.8,2.8713777
2019-11-16 03:06:00,8492.5,8496.1,8491.4,8496.1,14.0242542
2019-11-16 03:05:00,8492.4,8494.9,8492.4,8492.6,3.31886521
2019-11-16 03:04:00,8492.7,8492.8,8491,8491,0.27906355
2019-11-16 03:03:00,8499.6,8499.6,8492.7,8492.7,14.49835848
2019-11-16 03:02:00,8498.4,8500,8498.4,8499.7,3.46814695
2019-11-16 03:01:00,8493.2,8505,8493.2,8498.4,17.69965218
2019-11-16 03:00:00,8498.3,8499.5,8493.2,8493.2,4.87909684
2019-11-16 02:59:00,8498.1,8505.1,8497.2,8499.4,25.17486959
2019-11-16 02:58:00,8494.8,8508.5,8493,8498.2,29.67417536
2019-11-16 02:57:00,8492.2,8501,8492.1,8494.7,113.53705435
2019-11-16 02:56:00,8494.2,8494.2,8487.6,8492.2,1.93206155
2019-11-16 02:55:00,8496,8499,8490,8493.7,102.41496315
2019-11-16 02:54:00,8492,8500,8490.6,8496.1,55.03032205
2019-11-16 02:53:00,8487.7,8492.4,8487.7,8491.9,34.29414292
2019-11-16 02:52:00,8488.2,8488.2,8488.1,8488.1,3.64457935
2019-11-16 02:51:00,8490.5,8500,8488.1,8488.1,37.6521012
2019-11-16 02:50:00,8491.3,8491.3,8487.2,8490.4,2.15072423
2019-11-16 02:49:00,8489.6,8496.9,8488.5,8490.9,80.01832303
2019-11-16 02:48:00,8484.2,8494.8,8483,8489.6,20.40949002
2019-11-16 02:47:00,8479.8,8485.8,8479.3,8484.2,79.24770028
2019-11-16 02:46:00,8483.5,8489.9,8480,8480,20.81165669
2019-11-16 02:45:00,8485.8,8490.6,8483.4,8483.5,24.71264024
2019-11-16 02:44:00,8484.3,8486.6,8483.1,8485.8,0.15050462
2019-11-16 02:43:00,8482.8,8486.9,8482.2,8484.3,83.82730224
2019-11-16 02:42:00,8483.7,8484.3,8483.2,8483.6,0.694856
2019-11-16 02:41:00,8482.1,8489,8482.1,8484.8,34.92184095
2019-11-16 02:40:00,8479.9,8482.1,8477.8,8482.1,0.26905512
2019-11-16 02:39:00,8479.2,8483.6,8478.8,8479.9,0.73624138
2019-11-16 02:38:00,8485.6,8485.6,8479.2,8479.8,2.21459828
2019-11-16 02:37:00,8482.1,8485.3,8482.1,8485.3,0.16009698
2019-11-16 02:36:00,8481.1,8485.6,8481.1,8482.1,4.72992344
2019-11-16 02:35:00,8489,8489,8480.5,8482.1,10.76840871
2019-11-16 02:34:00,8481.5,8489,8481.5,8489,4.6922001
2019-11-16 02:33:00,8481.4,8481.5,8481.4,8481.5,0.16490091
2019-11-16 02:32:00,8478.8,8481.1,8478.8,8481.1,6.14434902
2019-11-16 02:31:00,8476.1,8477.8,8476.1,8477.8,0.0685687
2019-11-16 02:30:00,8484,8484,8475.2,8476.8,4.84566903
2019-11-16 02:29:00,8485,8485,8483.3,8485,2.13932576
2019-11-16 02:28:00,8481,8484.1,8479.4,8484.1,4.83003894
2019-11-16 02:27:00,8471.6,8485,8471.6,8481,22.92792059
2019-11-16 02:26:00,8473.6,8473.6,8468.1,8471.6,3.40055162
2019-11-16 02:25:00,8469.4,8474.9,8469.4,8474.3,6.6828784
2019-11-16 02:24:00,8473.3,8473.3,8469.7,8469.7,4.31335907
2019-11-16 02:23:00,8472.4,8472.4,8472.4,8472.4,0
2019-11-16 02:22:00,8470.7,8472.4,8470.7,8472.4,0.31623608
2019-11-16 02:21:00,8470.7,8470.7,8470.6,8470.6,0.39656836
2019-11-16 02:20:00,8473.3,8474.9,8471.6,8471.6,0.45252967
2019-11-16 02:19:00,8473.4,8473.8,8473,8473.3,5.71863587
2019-11-16 02:18:00,8468.9,8473.5,8465.1,8473.5,11.53865791
2019-11-16 02:17:00,8468.9,8469.2,8468.9,8468.9,0.26384708
2019-11-16 02:16:00,8465.5,8468.8,8463,8468.8,0.69359908
2019-11-16 02:15:00,8469.6,8469.6,8462.7,8465.5,7.19317594
2019-11-16 02:14:00,8470.7,8470.7,8469.3,8469.6,0.11078617
2019-11-16 02:13:00,8477.4,8477.4,8470.7,8470.7,1.42217942
2019-11-16 02:12:00,8471.8,8476.1,8471.8,8476.1,2.43320237
2019-11-16 02:11:00,8473.4,8474.9,8473.3,8473.3,0.81664492
2019-11-16 02:10:00,8469.7,8472.9,8469.6,8472.9,2.9030984
2019-11-16 02:09:00,8464.8,8469.8,8464.8,8469.8,3.30607009
2019-11-16 02:08:00,8463.8,8465.5,8463.7,8464.8,1.62802091
2019-11-16 02:07:00,8467,8467,8463.5,8463.7,0.47205714
2019-11-16 02:06:00,8470,8470,8467,8467,2.15311424
2019-11-16 02:05:00,8473.3,8474.8,8470.1,8470.1,0.7011441
2019-11-16 02:04:00,8472.3,8475.1,8470.8,8473.3,0.73327056
2019-11-16 02:03:00,8476.5,8476.6,8472.3,8472.3,1.5941475
2019-11-16 02:02:00,8469.4,8476.7,8469.4,8476.5,3.5516011
2019-11-16 02:01:00,8475.7,8475.8,8469.3,8469.3,1.36414271
2019-11-16 02:00:00,8478.8,8478.8,8475.7,8475.7,1.09906936
2019-11-16 01:59:00,8480.7,8480.7,8476.7,8478.9,0.9606201
2019-11-16 01:58:00,8481,8482.4,8480.8,8480.8,0.58631392
2019-11-16 01:57:00,8475.8,8481,8475.8,8481,1.18256299
2019-11-16 01:56:00,8476.6,8476.7,8475.8,8475.8,0.02417983
2019-11-16 01:55:00,8475.7,8476.7,8475.7,8476.6,0.39806647
2019-11-16 01:54:00,8476.7,8476.7,8475.8,8475.8,0.05365901
2019-11-16 01:53:00,8475.1,8476.7,8475.1,8476.7,0.84122468
2019-11-16 01:52:00,8475.1,8475.1,8475.1,8475.1,1.4984
2019-11-16 01:51:00,8475.1,8475.1,8475.1,8475.1,0
2019-11-16 01:50:00,8473.7,8475.1,8473.2,8475.1,1.59321539
2019-11-16 01:49:00,8474.9,8474.9,8473.7,8473.7,0.38739105
2019-11-16 01:48:00,8475.8,8475.9,8473.9,8474.9,1.57609688
2019-11-16 01:47:00,8474.7,8475.9,8474.7,8475.8,0.28016427
2019-11-16 01:46:00,8473.9,8474.8,8473.9,8474.8,0.70175806
2019-11-16 01:45:00,8476.5,8476.5,8474.7,8474.7,0.50962758
2019-11-16 01:44:00,8476.5,8476.6,8476.5,8476.6,0.51864258
2019-11-16 01:43:00,8472.9,8476.6,8472.9,8476.6,0.64312895
2019-11-16 01:42:00,8472.5,8472.6,8472.5,8472.6,0.05188943
2019-11-16 01:41:00,8472.3,8472.6,8472.3,8472.6,2.51301119
2019-11-16 01:40:00,8472.8,8473.4,8472.3,8472.3,0.75315582
2019-11-16 01:39:00,8472.9,8472.9,8472.5,8472.8,0.10916247
2019-11-16 01:38:00,8471.1,8471.1,8471.1,8471.1,0.00684749
2019-11-16 01:37:00,8472.2,8473.4,8468.6,8471.1,5.59415817
2019-11-16 01:36:00,8468.3,8472.2,8466.6,8472.2,13.5162197
2019-11-16 01:35:00,8468,8469.9,8468,8468.8,2.10233687
2019-11-16 01:34:00,8464.5,8467.9,8464.5,8467.9,1.43220476
2019-11-16 01:33:00,8459.5,8464.9,8459.5,8464.4,0.68850882
2019-11-16 01:32:00,8460.9,8460.9,8456.7,8459.5,6.47644677
2019-11-16 01:31:00,8458.3,8461,8458.3,8460.9,1.75108526
2019-11-16 01:30:00,8462.5,8462.5,8455.4,8455.4,2.94495406
2019-11-16 01:29:00,8462.5,8462.5,8462.5,8462.5,0.02664426
2019-11-16 01:28:00,8462.7,8462.7,8462.5,8462.6,2.49898544
2019-11-16 01:27:00,8466,8466,8462.6,8462.7,1.25731875
2019-11-16 01:26:00,8465.1,8466.1,8465.1,8466.1,0.60464905
2019-11-16 01:25:00,8462.3,8465.1,8462.3,8465,10.56703308
2019-11-16 01:24:00,8461,8462.4,8461,8462.3,0.8518272
2019-11-16 01:23:00,8462.3,8462.3,8461,8461,4.32359868
2019-11-16 01:22:00,8466.3,8468.6,8461.9,8462.2,0.84596558
2019-11-16 01:21:00,8473.5,8473.5,8466.3,8466.3,3.35116359
2019-11-16 01:20:00,8476.4,8476.4,8473.5,8473.5,4.69720732
2019-11-16 01:19:00,8475.6,8476.5,8475.6,8476.4,0.46056869
2019-11-16 01:18:00,8474.7,8475.6,8474.7,8475.6,0.25726021
2019-11-16 01:17:00,8475.2,8476,8474.3,8474.6,1.29497248
2019-11-16 01:16:00,8473.7,8476,8472.8,8475.1,17.35433077
2019-11-16 01:15:00,8472.4,8475.9,8472.4,8473.9,0.55611509
2019-11-16 01:14:00,8474.9,8475,8470,8472.4,2.44211659
2019-11-16 01:13:00,8473.1,8475,8473,8475,1.80017588
2019-11-16 01:12:00,8471.1,8473.1,8471.1,8473.1,7.07624335
2019-11-16 01:11:00,8474.5,8474.5,8471.1,8471.2,1.50380021
2019-11-16 01:10:00,8474.1,8474.6,8472.1,8474.6,7.39538315
2019-11-16 01:09:00,8472.5,8474.9,8472.5,8474.1,6.88519337
2019-11-16 01:08:00,8467.1,8472.5,8467.1,8472.5,3.77036555
2019-11-16 01:07:00,8466.7,8467.2,8466.7,8467.1,0.80688176
2019-11-16 01:06:00,8471.3,8471.3,8465.4,8465.4,13.12999549
2019-11-16 01:05:00,8469.3,8471.4,8469.2,8471.3,1.62925819
2019-11-16 01:04:00,8470.2,8470.2,8469.2,8469.3,0.34058807
2019-11-16 01:03:00,8466.6,8470.2,8466.6,8470.2,0.44430114
2019-11-16 01:02:00,8473.4,8473.9,8466.6,8466.6,3.08129986
2019-11-16 01:01:00,8471.7,8473.4,8471.7,8473.4,1.90446987
2019-11-16 01:00:00,8476.8,8476.8,8470.5,8471.8,3.97669913
2019-11-16 00:59:00,8477.1,8477.1,8465.7,8476.7,81.58976214
2019-11-16 00:58:00,8478,8478.7,8474.2,8477.1,45.96275494
2019-11-16 00:57:00,8475,8483,8474.9,8478.1,14.30525008
2019-11-16 00:56:00,8471,8475,8471,8475,6.03432967
2019-11-16 00:55:00,8464.2,8470,8464.2,8470,19.36628014
2019-11-16 00:54:00,8450.7,8465.8,8450.7,8464.4,9.7008411
2019-11-16 00:53:00,8451.9,8451.9,8450,8450.4,5.29845924
2019-11-16 00:52:00,8455.7,8455.7,8452.1,8452.7,0.62320655
2019-11-16 00:51:00,8453,8456.3,8453,8455.7,11.76860367
2019-11-16 00:50:00,8453.7,8453.7,8453,8453,0.48336696
2019-11-16 00:49:00,8453,8453,8452.7,8453,2.93057765
2019-11-16 00:48:00,8456,8456.9,8453.1,8453.1,2.26253409
2019-11-16 00:47:00,8457.4,8457.4,8454.9,8456,0.5292198
2019-11-16 00:46:00,8461.2,8461.3,8457.4,8457.4,1.06591034
2019-11-16 00:45:00,8463.1,8464.9,8462.8,8462.8,3.42185849
2019-11-16 00:44:00,8465.6,8465.7,8463.1,8463.2,0.63787181
2019-11-16 00:43:00,8465.3,8469.1,8465.2,8468.1,1.3223256
2019-11-16 00:42:00,8460.3,8465.4,8460.3,8465.3,2.09067638
2019-11-16 00:41:00,8460.2,8460.3,8456.1,8459.3,6.45426955
2019-11-16 00:40:00,8460,8460.3,8458,8460.3,6.69300018
2019-11-16 00:39:00,8470.4,8470.4,8460,8460,6.25197952
2019-11-16 00:38:00,8460,8470.5,8460,8470.4,15.16535574
2019-11-16 00:37:00,8453.9,8460,8453.8,8460,10.27952791
2019-11-16 00:36:00,8452.6,8456.8,8452.6,8453.9,3.75998262
2019-11-16 00:35:00,8458,8458,8446.5,8452.4,25.90805635
2019-11-16 00:34:00,8457.2,8459.1,8457.2,8458.1,1.81699417
2019-11-16 00:33:00,8462.4,8462.4,8457.1,8457.2,7.23944211
2019-11-16 00:32:00,8452.3,8462.5,8452.3,8462.5,1.93166586
2019-11-16 00:31:00,8455,8456.6,8449.2,8451.8,3.8725443
2019-11-16 00:30:00,8449.8,8455,8448.3,8454.9,3.21441458
2019-11-16 00:29:00,8439.1,8450,8432.4,8449.8,32.93268331
2019-11-16 00:28:00,8430.7,8440.7,8429.9,8439.1,38.42958925
2019-11-16 00:27:00,8440,8440.1,8428.7,8430.7,8.70842311
2019-11-16 00:26:00,8445.1,8445.1,8440,8440.1,6.2247029
2019-11-16 00:25:00,8451.3,8455.4,8445.1,8445.1,3.77487801
2019-11-16 00:24:00,8449.3,8451.3,8448.5,8451.3,4.45915855
2019-11-16 00:23:00,8451.8,8455.3,8448.3,8449.3,16.27796067
2019-11-16 00:22:00,8448,8453,8447.1,8451.9,39.92263431
2019-11-16 00:21:00,8455.7,8455.7,8448.2,8448.2,3.60973489
2019-11-16 00:20:00,8463.3,8463.3,8455.6,8455.6,13.4518692
2019-11-16 00:19:00,8453,8464.2,8450.1,8464.2,15.85217781
2019-11-16 00:18:00,8455.2,8458.2,8453,8453,22.20064375
2019-11-16 00:17:00,8450,8455.2,8449.9,8455.2,4.56528322
2019-11-16 00:16:00,8448.1,8451.5,8443.3,8450,7.80524061
2019-11-16 00:15:00,8445.6,8454.4,8445.6,8448,6.86757625
2019-11-16 00:14:00,8442.1,8447.6,8440.3,8445.6,33.11473239
2019-11-16 00:13:00,8451.3,8453.3,8441.5,8442.2,42.08695093
2019-11-16 00:12:00,8461,8461,8450,8451.3,34.93339541
2019-11-16 00:11:00,8459.3,8460.6,8458.8,8460.5,3.73402532
2019-11-16 00:10:00,8461.8,8461.8,8452.7,8458.7,11.32560369
2019-11-16 00:09:00,8467.1,8467.1,8459.8,8461.7,7.14905855
2019-11-16 00:08:00,8477.4,8477.4,8467.1,8467.1,13.18149241
2019-11-16 00:07:00,8476.6,8477.4,8475.6,8477.2,3.24119252
2019-11-16 00:06:00,8477.4,8478.9,8476.7,8476.7,5.35200102
2019-11-16 00:05:00,8476.6,8480.8,8476.6,8477.5,29.14325984
2019-11-16 00:04:00,8470.3,8477.9,8470.3,8476.6,14.56820833
2019-11-16 00:03:00,8461.7,8471.9,8461.2,8471.9,12.34093138
2019-11-16 00:02:00,8464.8,8466.5,8461.7,8461.7,20.28412736
2019-11-16 00:01:00,8458.2,8469,8455.8,8465.5,7.53386956
2019-11-16 00:00:00,8475.5,8475.5,8450,8458.7,28.04615644
