2019-11-08 23:59:00,183.2,183.41,183.2,183.4,2407.218001
2019-11-08 23:58:00,183.02,183.2,183.02,183.2,354.791968
2019-11-08 23:57:00,183.12,183.12,183.01,183.02,257.73773
2019-11-08 23:56:00,183.2,183.2,183.11,183.13,146.508291
2019-11-08 23:55:00,183.05,183.21,183.04,183.2,543.28479
2019-11-08 23:54:00,182.97,183.05,182.97,183.04,266.218723
2019-11-08 23:53:00,182.93,182.95,182.93,182.95,245.699006
2019-11-08 23:52:00,182.84,182.94,182.84,182.93,146.382094
2019-11-08 23:51:00,182.88,182.88,182.79,182.8,329.540639
2019-11-08 23:50:00,182.79,182.89,182.79,182.89,199.602803
2019-11-08 23:49:00,182.73,182.79,182.66,182.79,333.120249
2019-11-08 23:48:00,182.65,182.77,182.65,182.72,583.759815
2019-11-08 23:47:00,182.49,182.65,182.46,182.65,485.995174
2019-11-08 23:46:00,182.39,182.47,182.38,182.47,106.270511
2019-11-08 23:45:00,182.38,182.39,182.38,182.39,80.035322
2019-11-08 23:44:00,182.38,182.38,182.38,182.38,2.159877
2019-11-08 23:43:00,182.4,182.41,182.37,182.39,128.112455
2019-11-08 23:42:00,182.46,182.47,182.37,182.4,438.988579
2019-11-08 23:41:00,182.47,182.49,182.45,182.46,191.848669
2019-11-08 23:40:00,182.23,182.48,182.23,182.47,319.321847
2019-11-08 23:39:00,182.19,182.25,182.19,182.22,495.890353
2019-11-08 23:38:00,182.19,182.2,182.19,182.19,216.251862
2019-11-08 23:37:00,182.25,182.25,182.15,182.19,860.467556
2019-11-08 23:36:00,182.31,182.35,182.24,182.25,350.684207
2019-11-08 23:35:00,182.4,182.45,182.33,182.33,446.5602
2019-11-08 23:34:00,182.32,182.4,182.32,182.4,107.024165
2019-11-08 23:33:00,182.32,182.32,182.29,182.32,103.056534
2019-11-08 23:32:00,182.35,182.38,182.33,182.33,255.155248
2019-11-08 23:31:00,182.4,182.4,182.36,182.36,91.457483
2019-11-08 23:30:00,182.44,182.46,182.34,182.41,423.514728
2019-11-08 23:29:00,182.46,182.47,182.44,182.44,259.9737
2019-11-08 23:28:00,182.47,182.48,182.46,182.47,225.781942
2019-11-08 23:27:00,182.48,182.48,182.47,182.48,156.829506
2019-11-08 23:26:00,182.46,182.51,182.44,182.47,50.648952
2019-11-08 23:25:00,182.42,182.51,182.41,182.48,389.777651
2019-11-08 23:24:00,182.43,182.44,182.39,182.42,485.911922
2019-11-08 23:23:00,182.46,182.47,182.43,182.43,291.151269
2019-11-08 23:22:00,182.4,182.5,182.39,182.46,390.006204
2019-11-08 23:21:00,182.48,182.48,182.31,182.4,1268.279184
2019-11-08 23:20:00,182.83,182.83,182.47,182.48,393.941326
2019-11-08 23:19:00,182.68,182.81,182.67,182.81,112.334793
2019-11-08 23:18:00,182.81,182.81,182.67,182.67,119.949385
2019-11-08 23:17:00,182.7,182.81,182.7,182.81,59.700787
2019-11-08 23:16:00,182.59,182.74,182.59,182.69,179.161772
2019-11-08 23:15:00,182.44,182.59,182.4,182.59,98.520441
2019-11-08 23:14:00,182.46,182.47,182.44,182.44,54.803805
2019-11-08 23:13:00,182.46,182.47,182.36,182.46,167.98895
2019-11-08 23:12:00,182.33,182.46,182.33,182.46,183.020836
2019-11-08 23:11:00,182.54,182.57,182.27,182.32,1078.152594
2019-11-08 23:10:00,182.69,182.7,182.54,182.54,103.603955
2019-11-08 23:09:00,182.59,182.77,182.59,182.69,328.896001
2019-11-08 23:08:00,182.88,182.88,182.58,182.59,544.505955
2019-11-08 23:07:00,182.92,182.94,182.87,182.88,214.10995
2019-11-08 23:06:00,182.93,182.94,182.88,182.92,154.020402
2019-11-08 23:05:00,183.15,183.15,182.91,182.92,492.197711
2019-11-08 23:04:00,183.18,183.26,183.05,183.14,694.893752
2019-11-08 23:03:00,183.1,183.18,183,183.18,325.127299
2019-11-08 23:02:00,183.05,183.12,182.95,183.09,702.957559
2019-11-08 23:01:00,182.86,183.07,182.82,183.04,1433.225567
2019-11-08 23:00:00,183.1,183.1,182.88,182.88,107.663152
2019-11-08 22:59:00,183.16,183.17,182.99,183.09,504.212795
2019-11-08 22:58:00,182.98,183.18,182.86,183.16,2587.690112
2019-11-08 22:57:00,182.81,183.02,182.81,182.98,1151.638216
2019-11-08 22:56:00,182.68,182.94,182.66,182.81,1001.238003
2019-11-08 22:55:00,182.6,182.68,182.6,182.68,179.526132
2019-11-08 22:54:00,182.68,182.68,182.55,182.6,376.700343
2019-11-08 22:53:00,182.42,182.65,182.34,182.65,413.033455
2019-11-08 22:52:00,182.53,182.53,182.44,182.47,97.194806
2019-11-08 22:51:00,182.45,182.58,182.3,182.56,919.23776
2019-11-08 22:50:00,182.26,182.55,182.26,182.45,969.288573
2019-11-08 22:49:00,182.01,182.26,181.96,182.25,362.014717
2019-11-08 22:48:00,181.83,182.25,181.82,182.01,477.696734
2019-11-08 22:47:00,181.96,182.02,181.77,181.83,2390.665537
2019-11-08 22:46:00,181.99,182.07,181.43,181.92,3237.436144
2019-11-08 22:45:00,182.18,182.18,181.71,181.98,3283.126166
2019-11-08 22:44:00,182.15,182.19,182,182.12,539.004008
2019-11-08 22:43:00,182.13,182.21,182.1,182.15,606.242683
2019-11-08 22:42:00,182.18,182.18,182.05,182.13,463.773461
2019-11-08 22:41:00,182.35,182.35,182.13,182.15,569.387358
2019-11-08 22:40:00,182.25,182.5,182.13,182.35,2642.235158
2019-11-08 22:39:00,182.5,182.52,182.26,182.26,1762.674784
2019-11-08 22:38:00,182.63,182.63,182.45,182.45,83.017053
2019-11-08 22:37:00,182.65,182.72,182.62,182.64,98.384606
2019-11-08 22:36:00,182.53,182.69,182.49,182.64,238.968069
2019-11-08 22:35:00,182.63,182.63,182.43,182.54,222.165091
2019-11-08 22:34:00,182.78,182.78,182.59,182.65,137.45875
2019-11-08 22:33:00,182.78,182.79,182.78,182.79,69.475363
2019-11-08 22:32:00,182.82,182.87,182.76,182.84,20.207494
2019-11-08 22:31:00,182.84,182.84,182.68,182.82,346.863708
2019-11-08 22:30:00,183.11,183.12,182.84,182.84,138.843142
2019-11-08 22:29:00,182.85,183.11,182.85,183.11,148.435118
2019-11-08 22:28:00,182.91,182.91,182.82,182.83,148.413313
2019-11-08 22:27:00,182.84,182.91,182.83,182.91,121.971218
2019-11-08 22:26:00,182.89,182.89,182.83,182.84,151.246428
2019-11-08 22:25:00,182.97,182.97,182.9,182.9,72.083882
2019-11-08 22:24:00,183.05,183.05,182.96,182.96,2.737418
2019-11-08 22:23:00,183.06,183.13,183.01,183.09,107.76068
2019-11-08 22:22:00,183.02,183.16,183.01,183.07,48.564615
2019-11-08 22:21:00,183,183.04,182.97,183.01,11.641377
2019-11-08 22:20:00,183.07,183.12,183.04,183.04,18.077096
2019-11-08 22:19:00,183.09,183.14,183.07,183.11,19.644656
2019-11-08 22:18:00,183.25,183.25,182.99,183.1,416.894196
2019-11-08 22:17:00,183.22,183.33,183.22,183.24,73.583016
2019-11-08 22:16:00,183.37,183.37,183.15,183.18,70.763099
2019-11-08 22:15:00,183.39,183.47,183.36,183.37,155.008689
2019-11-08 22:14:00,183.46,183.46,183.35,183.39,57.67394
2019-11-08 22:13:00,183.41,183.46,183.4,183.45,142.814129
2019-11-08 22:12:00,183.43,183.57,183.41,183.41,181.557223
2019-11-08 22:11:00,183.26,183.43,183.26,183.42,153.961769
2019-11-08 22:10:00,183.17,183.31,183.16,183.26,51.665741
2019-11-08 22:09:00,183.33,183.33,183.16,183.16,256.193643
2019-11-08 22:08:00,183.32,183.43,183.31,183.32,113.45135
2019-11-08 22:07:00,183.23,183.4,183.23,183.31,213.841898
2019-11-08 22:06:00,183.2,183.24,183.16,183.23,588.005119
2019-11-08 22:05:00,183.21,183.24,183.15,183.23,174.647843
2019-11-08 22:04:00,183.21,183.26,183.13,183.21,145.6153
2019-11-08 22:03:00,183.08,183.17,183.04,183.17,205.089754
2019-11-08 22:02:00,183.09,183.27,183.08,183.09,280.426583
2019-11-08 22:01:00,182.95,183.19,182.95,183.09,353.396523
2019-11-08 22:00:00,182.76,183.14,182.73,182.95,1231.584344
2019-11-08 21:59:00,182.82,182.89,182.75,182.76,219.426793
2019-11-08 21:58:00,182.83,182.88,182.81,182.83,115.417997
2019-11-08 21:57:00,182.75,183,182.75,182.82,588.520984
2019-11-08 21:56:00,182.74,183.02,182.71,182.75,772.80794
2019-11-08 21:55:00,182.6,182.89,182.6,182.75,1176.048421
2019-11-08 21:54:00,182.93,183,182.6,182.6,354.580412
2019-11-08 21:53:00,182.89,183,182.8,182.95,491.521326
2019-11-08 21:52:00,182.74,182.88,182.65,182.88,596.275727
2019-11-08 21:51:00,182.87,182.92,182.67,182.74,449.031515
2019-11-08 21:50:00,182.96,183.04,182.87,182.87,214.909036
2019-11-08 21:49:00,182.9,183.03,182.6,182.96,2880.367643
2019-11-08 21:48:00,183.01,183.02,182.77,182.89,576.340341
2019-11-08 21:47:00,183.07,183.14,182.96,183.07,660.606713
2019-11-08 21:46:00,183.11,183.26,183.07,183.07,179.077932
2019-11-08 21:45:00,183.22,183.31,183.1,183.16,1288.772629
2019-11-08 21:44:00,183.06,183.28,183.01,183.22,391.241842
2019-11-08 21:43:00,182.99,183.16,182.82,183.06,521.135073
2019-11-08 21:42:00,182.82,183.01,182.79,183.01,356.357224
2019-11-08 21:41:00,183.02,183.02,182.87,182.87,39.338666
2019-11-08 21:40:00,183.02,183.02,182.77,182.99,286.485447
2019-11-08 21:39:00,183.22,183.22,182.81,183.02,641.166918
2019-11-08 21:38:00,183.08,183.24,182.98,183.13,335.813381
2019-11-08 21:37:00,182.86,183.14,182.86,183.08,335.371036
2019-11-08 21:36:00,183.23,183.23,182.82,182.86,466.386969
2019-11-08 21:35:00,183.12,183.31,182.85,183.24,1412.222863
2019-11-08 21:34:00,182.71,183.27,182.71,183.13,843.174131
2019-11-08 21:33:00,182.81,183.2,182.72,182.72,1012.526028
2019-11-08 21:32:00,182.58,183.02,182.51,182.81,2929.033215
2019-11-08 21:31:00,181.84,183.16,181.75,182.57,5141.31142
2019-11-08 21:30:00,182.78,182.79,181.38,181.83,6441.00261
2019-11-08 21:29:00,182.27,183.22,182.27,182.77,4559.235236
2019-11-08 21:28:00,182.31,182.48,181.5,182.27,5778.071189
2019-11-08 21:27:00,183.2,183.2,182.13,182.14,6517.621408
2019-11-08 21:26:00,183.11,183.3,183.09,183.23,355.797723
2019-11-08 21:25:00,182.99,183.3,182.86,183.15,1077.657962
2019-11-08 21:24:00,182.95,183.15,182.75,183,3152.690559
2019-11-08 21:23:00,183.02,183.02,182.86,182.95,1632.526063
2019-11-08 21:22:00,183.21,183.25,182.99,183.06,1768.360588
2019-11-08 21:21:00,183.18,183.2,182.91,183.2,517.308111
2019-11-08 21:20:00,183.19,183.38,183.18,183.19,483.056443
2019-11-08 21:19:00,183.26,183.26,182.76,183.22,2512.138206
2019-11-08 21:18:00,183.25,183.3,183.25,183.27,56.972102
2019-11-08 21:17:00,183.35,183.36,183.22,183.25,87.744582
2019-11-08 21:16:00,183.54,183.54,183.34,183.34,32.476944
2019-11-08 21:15:00,183.3,183.54,183.22,183.54,292.036139
2019-11-08 21:14:00,183.38,183.43,183.09,183.26,571.077332
2019-11-08 21:13:00,183.41,183.41,183.37,183.38,9.484909
2019-11-08 21:12:00,183.38,183.41,183.36,183.41,126.111476
2019-11-08 21:11:00,183.46,183.51,183.34,183.38,145.893339
2019-11-08 21:10:00,183.7,183.7,183.34,183.41,391.248975
2019-11-08 21:09:00,183.64,183.7,183.61,183.68,10.075984
2019-11-08 21:08:00,183.57,183.65,183.56,183.64,174.151183
2019-11-08 21:07:00,183.63,183.64,183.53,183.6,101.799102
2019-11-08 21:06:00,183.55,183.64,183.54,183.63,154.798237
2019-11-08 21:05:00,183.49,183.55,183.49,183.55,149.306698
2019-11-08 21:04:00,183.59,183.59,183.48,183.49,236.516308
2019-11-08 21:03:00,183.61,183.62,183.56,183.56,50.479725
2019-11-08 21:02:00,183.74,183.74,183.58,183.62,134.96296
2019-11-08 21:01:00,183.64,183.74,183.64,183.74,609.620189
2019-11-08 21:00:00,183.7,183.78,183.64,183.65,246.046478
2019-11-08 20:59:00,183.95,183.96,183.69,183.7,119.818513
2019-11-08 20:58:00,184.02,184.02,183.92,183.96,42.636091
2019-11-08 20:57:00,184.09,184.09,183.94,184.01,21.170309
2019-11-08 20:56:00,184.02,184.09,183.98,184.09,66.255887
2019-11-08 20:55:00,183.96,184.08,183.91,184.02,225.967873
2019-11-08 20:54:00,183.99,184,183.94,183.96,14.075686
2019-11-08 20:53:00,184.02,184.1,184,184,73.601242
2019-11-08 20:52:00,184.13,184.18,184.01,184.02,49.152152
2019-11-08 20:51:00,183.98,184.2,183.98,184.14,134.493598
2019-11-08 20:50:00,183.95,184.11,183.94,184.06,338.881134
2019-11-08 20:49:00,184,184.09,183.9,183.96,210.357065
2019-11-08 20:48:00,184.03,184.14,184,184.01,87.693852
2019-11-08 20:47:00,184.02,184.02,183.97,183.98,63.098823
2019-11-08 20:46:00,184.21,184.21,184,184,269.737392
2019-11-08 20:45:00,184.1,184.25,184.1,184.22,65.261304
2019-11-08 20:44:00,184.08,184.19,184.05,184.1,515.839029
2019-11-08 20:43:00,184.22,184.22,184.06,184.08,335.762195
2019-11-08 20:42:00,184.3,184.33,184.21,184.22,324.468275
2019-11-08 20:41:00,184.23,184.37,184.23,184.3,179.60254
2019-11-08 20:40:00,184.3,184.3,184.18,184.23,18.403899
2019-11-08 20:39:00,184.17,184.32,184.17,184.31,56.26222
2019-11-08 20:38:00,184.21,184.23,184.17,184.18,74.763452
2019-11-08 20:37:00,184.01,184.21,184.01,184.21,47.907099
2019-11-08 20:36:00,184.03,184.03,183.99,184,25.869721
2019-11-08 20:35:00,183.91,184.08,183.91,184.04,158.055004
2019-11-08 20:34:00,183.99,183.99,183.89,183.92,105.116346
2019-11-08 20:33:00,183.94,183.99,183.84,183.99,63.719354
2019-11-08 20:32:00,183.73,183.94,183.73,183.93,191.924185
2019-11-08 20:31:00,183.48,183.73,183.47,183.73,320.154838
2019-11-08 20:30:00,183.69,183.69,183.43,183.48,215.929189
2019-11-08 20:29:00,183.3,183.66,183.24,183.65,481.386334
2019-11-08 20:28:00,183.44,183.44,183.26,183.3,197.089871
2019-11-08 20:27:00,183.45,183.45,183.42,183.44,166.304923
2019-11-08 20:26:00,183.57,183.57,183.45,183.45,450.70689
2019-11-08 20:25:00,183.66,183.68,183.57,183.57,103.641438
2019-11-08 20:24:00,183.68,183.68,183.59,183.64,121.139456
2019-11-08 20:23:00,183.8,183.8,183.68,183.68,100.098295
2019-11-08 20:22:00,183.8,183.8,183.79,183.8,71.15229
2019-11-08 20:21:00,183.79,183.8,183.74,183.8,142.266222
2019-11-08 20:20:00,183.6,183.74,183.53,183.74,267.490884
2019-11-08 20:19:00,183.66,183.69,183.59,183.6,221.462683
2019-11-08 20:18:00,183.77,183.77,183.57,183.59,294.073606
2019-11-08 20:17:00,183.78,183.79,183.75,183.77,66.341641
2019-11-08 20:16:00,183.86,183.86,183.77,183.77,119.099821
2019-11-08 20:15:00,183.87,183.9,183.86,183.86,356.37226
2019-11-08 20:14:00,183.82,183.9,183.82,183.87,314.241453
2019-11-08 20:13:00,183.9,183.95,183.81,183.82,307.14261
2019-11-08 20:12:00,183.9,183.9,183.89,183.9,5.371426
2019-11-08 20:11:00,183.8,183.96,183.79,183.9,46.080838
2019-11-08 20:10:00,183.97,183.97,183.79,183.79,201.839227
2019-11-08 20:09:00,183.85,183.97,183.78,183.97,294.844246
2019-11-08 20:08:00,183.89,184,183.84,183.84,551.163233
2019-11-08 20:07:00,184.08,184.08,183.89,183.89,529.676988
2019-11-08 20:06:00,184.09,184.1,184.09,184.09,125.335867
2019-11-08 20:05:00,184.13,184.17,184.06,184.09,193.191674
2019-11-08 20:04:00,184.08,184.19,184.05,184.14,175.245459
2019-11-08 20:03:00,184.06,184.16,184,184.09,314.61697
2019-11-08 20:02:00,183.95,184.15,183.95,184.07,477.774755
2019-11-08 20:01:00,183.86,183.97,183.7,183.96,1336.749368
2019-11-08 20:00:00,184.08,184.12,183.86,183.86,2478.593988
2019-11-08 19:59:00,184.2,184.2,184.07,184.07,119.095429
2019-11-08 19:58:00,184.1,184.32,184.1,184.25,41.306674
2019-11-08 19:57:00,184.44,184.44,184.09,184.09,421.416715
2019-11-08 19:56:00,184.5,184.5,184.43,184.43,79.814577
2019-11-08 19:55:00,184.37,184.54,184.36,184.5,386.944002
2019-11-08 19:54:00,184.37,184.37,184.36,184.37,14.625196
2019-11-08 19:53:00,184.44,184.44,184.34,184.37,24.849718
2019-11-08 19:52:00,184.45,184.45,184.44,184.44,16.271774
2019-11-08 19:51:00,184.48,184.48,184.28,184.42,168.117639
2019-11-08 19:50:00,184.56,184.56,184.55,184.55,1.02035
2019-11-08 19:49:00,184.58,184.58,184.53,184.56,131.024667
2019-11-08 19:48:00,184.57,184.57,184.57,184.57,6.493032
2019-11-08 19:47:00,184.46,184.52,184.46,184.52,15.049634
2019-11-08 19:46:00,184.33,184.46,184.33,184.46,66.687972
2019-11-08 19:45:00,184.42,184.42,184.27,184.28,131.854965
2019-11-08 19:44:00,184.52,184.6,184.43,184.43,185.46182
2019-11-08 19:43:00,184.39,184.52,184.39,184.52,328.875197
2019-11-08 19:42:00,184.45,184.45,184.36,184.38,98.539106
2019-11-08 19:41:00,184.52,184.52,184.46,184.46,0.713473
2019-11-08 19:40:00,184.49,184.53,184.45,184.53,17.325503
2019-11-08 19:39:00,184.49,184.59,184.49,184.49,20.603436
2019-11-08 19:38:00,184.58,184.58,184.48,184.52,66.643646
2019-11-08 19:37:00,184.44,184.59,184.44,184.59,44.064718
2019-11-08 19:36:00,184.31,184.43,184.31,184.43,14.960352
2019-11-08 19:35:00,184.42,184.42,184.31,184.31,58.432469
2019-11-08 19:34:00,184.31,184.43,184.31,184.43,2.745308
2019-11-08 19:33:00,184.49,184.49,184.3,184.3,204.912984
2019-11-08 19:32:00,184.49,184.51,184.46,184.5,25.247909
2019-11-08 19:31:00,184.39,184.5,184.39,184.49,36.172379
2019-11-08 19:30:00,184.53,184.53,184.39,184.39,95.428643
2019-11-08 19:29:00,184.66,184.67,184.53,184.53,4.9153
2019-11-08 19:28:00,184.52,184.67,184.51,184.67,86.242511
2019-11-08 19:27:00,184.68,184.68,184.51,184.51,129.397044
2019-11-08 19:26:00,184.74,184.78,184.68,184.68,10.272896
2019-11-08 19:25:00,184.73,184.75,184.73,184.75,0.771118
2019-11-08 19:24:00,184.63,184.71,184.6,184.7,43.169455
2019-11-08 19:23:00,184.72,184.77,184.56,184.63,345.578897
2019-11-08 19:22:00,184.76,184.79,184.72,184.76,1.242769
2019-11-08 19:21:00,184.82,184.82,184.77,184.77,56.229162
2019-11-08 19:20:00,184.81,184.82,184.81,184.82,1.266313
2019-11-08 19:19:00,184.78,184.87,184.75,184.81,42.40561
2019-11-08 19:18:00,184.9,184.94,184.74,184.78,78.822835
2019-11-08 19:17:00,184.89,184.96,184.89,184.94,4.528747
2019-11-08 19:16:00,185.01,185.07,184.85,184.85,406.501214
2019-11-08 19:15:00,184.77,185.01,184.77,185.01,64.65472
2019-11-08 19:14:00,184.84,184.84,184.76,184.76,43.857332
2019-11-08 19:13:00,184.81,184.84,184.75,184.84,20.600932
2019-11-08 19:12:00,184.7,184.86,184.7,184.8,76.862605
2019-11-08 19:11:00,184.71,184.81,184.69,184.7,44.900922
2019-11-08 19:10:00,184.67,184.7,184.67,184.68,44.505939
2019-11-08 19:09:00,184.81,184.81,184.66,184.66,195.124129
2019-11-08 19:08:00,184.75,184.81,184.68,184.76,229.276715
2019-11-08 19:07:00,184.72,184.91,184.72,184.75,215.565526
2019-11-08 19:06:00,184.43,184.72,184.42,184.68,188.7359
2019-11-08 19:05:00,184.51,184.51,184.38,184.43,222.847393
2019-11-08 19:04:00,184.54,184.62,184.51,184.53,123.038116
2019-11-08 19:03:00,184.49,184.53,184.49,184.53,147.82783
2019-11-08 19:02:00,184.43,184.51,184.4,184.5,76.755126
2019-11-08 19:01:00,184.26,184.39,184.26,184.39,115.253086
2019-11-08 19:00:00,184.41,184.43,184.22,184.26,1248.800073
2019-11-08 18:59:00,184.45,184.46,184.32,184.38,101.172348
2019-11-08 18:58:00,184.36,184.46,184.31,184.46,50.264751
2019-11-08 18:57:00,184.34,184.41,184.32,184.36,147.242088
2019-11-08 18:56:00,184.36,184.42,184.35,184.35,78.198982
2019-11-08 18:55:00,184.21,184.37,184.21,184.37,52.637844
2019-11-08 18:54:00,184.21,184.27,184.21,184.21,74.167018
2019-11-08 18:53:00,184.17,184.25,184.17,184.2,1.384544
2019-11-08 18:52:00,184.13,184.21,184.08,184.17,21.555332
2019-11-08 18:51:00,184.15,184.15,184.14,184.14,0.610946
2019-11-08 18:50:00,184.2,184.32,184.18,184.18,123.010163
2019-11-08 18:49:00,184.14,184.21,184.13,184.19,32.064787
2019-11-08 18:48:00,184.2,184.2,184.07,184.13,100.125251
2019-11-08 18:47:00,184.22,184.26,184.2,184.21,59.048776
2019-11-08 18:46:00,184.26,184.27,184.22,184.26,15.912953
2019-11-08 18:45:00,184.3,184.31,184.26,184.27,140.519849
2019-11-08 18:44:00,184.35,184.38,184.31,184.31,15.953135
2019-11-08 18:43:00,184.42,184.43,184.33,184.35,55.900479
2019-11-08 18:42:00,184.51,184.51,184.37,184.42,53.349172
2019-11-08 18:41:00,184.57,184.57,184.51,184.51,4.345208
2019-11-08 18:40:00,184.46,184.53,184.46,184.53,41.682298
2019-11-08 18:39:00,184.5,184.5,184.43,184.45,1.86197
2019-11-08 18:38:00,184.48,184.56,184.48,184.51,83.828658
2019-11-08 18:37:00,184.41,184.5,184.41,184.48,72.836765
2019-11-08 18:36:00,184.46,184.47,184.4,184.41,55.498225
2019-11-08 18:35:00,184.49,184.49,184.43,184.43,29.858248
2019-11-08 18:34:00,184.47,184.5,184.44,184.5,64.818627
2019-11-08 18:33:00,184.48,184.49,184.47,184.47,27.23168
2019-11-08 18:32:00,184.4,184.5,184.35,184.5,74.927824
2019-11-08 18:31:00,184.37,184.45,184.37,184.44,24.925285
2019-11-08 18:30:00,184.34,184.35,184.25,184.35,181.528129
2019-11-08 18:29:00,184.46,184.5,184.3,184.34,171.067311
2019-11-08 18:28:00,184.57,184.57,184.43,184.45,52.105991
2019-11-08 18:27:00,184.39,184.59,184.39,184.53,30.866915
2019-11-08 18:26:00,184.46,184.46,184.36,184.38,41.382335
2019-11-08 18:25:00,184.58,184.58,184.4,184.47,27.772965
2019-11-08 18:24:00,184.64,184.69,184.52,184.59,192.11446
2019-11-08 18:23:00,184.6,184.7,184.6,184.64,53.327005
2019-11-08 18:22:00,184.48,184.6,184.43,184.6,82.230269
2019-11-08 18:21:00,184.54,184.59,184.43,184.43,529.234117
2019-11-08 18:20:00,184.66,184.66,184.5,184.54,292.901563
2019-11-08 18:19:00,184.66,184.67,184.61,184.66,230.033257
2019-11-08 18:18:00,184.69,184.74,184.61,184.66,694.347088
2019-11-08 18:17:00,184.94,184.94,184.68,184.69,253.840289
2019-11-08 18:16:00,185.03,185.03,184.9,184.95,69.499029
2019-11-08 18:15:00,184.96,185.07,184.96,185,179.983025
2019-11-08 18:14:00,184.95,184.99,184.95,184.97,284.7112
2019-11-08 18:13:00,184.86,185.01,184.86,184.96,55.949941
2019-11-08 18:12:00,184.92,184.97,184.67,184.83,571.033173
2019-11-08 18:11:00,185.01,185.05,184.87,184.92,231.313327
2019-11-08 18:10:00,185.11,185.15,185.02,185.06,392.384994
2019-11-08 18:09:00,185.09,185.13,185.02,185.11,162.857971
2019-11-08 18:08:00,185.1,185.16,185.09,185.1,105.589691
2019-11-08 18:07:00,184.97,185.1,184.9,185.1,2209.537571
2019-11-08 18:06:00,184.84,184.97,184.84,184.95,117.299112
2019-11-08 18:05:00,184.8,184.85,184.8,184.84,46.815472
2019-11-08 18:04:00,184.91,184.91,184.74,184.8,22.485971
2019-11-08 18:03:00,184.85,184.95,184.85,184.94,55.783384
2019-11-08 18:02:00,184.72,184.83,184.72,184.78,64.780554
2019-11-08 18:01:00,184.76,184.76,184.53,184.66,60.081014
2019-11-08 18:00:00,184.89,184.95,184.75,184.76,321.258731
2019-11-08 17:59:00,184.95,184.96,184.87,184.95,42.660569
2019-11-08 17:58:00,184.81,184.98,184.81,184.96,209.712324
2019-11-08 17:57:00,184.68,184.8,184.68,184.8,2.895587
2019-11-08 17:56:00,184.76,184.76,184.45,184.68,366.258172
2019-11-08 17:55:00,184.77,184.88,184.7,184.75,244.81608
2019-11-08 17:54:00,184.84,184.86,184.75,184.77,200.309031
2019-11-08 17:53:00,184.83,184.85,184.75,184.84,448.984477
2019-11-08 17:52:00,184.66,184.84,184.53,184.83,404.636163
2019-11-08 17:51:00,184.34,184.69,184.33,184.67,389.346555
2019-11-08 17:50:00,184.37,184.38,184.22,184.34,87.296583
2019-11-08 17:49:00,184.29,184.37,184.26,184.37,64.417728
2019-11-08 17:48:00,184.25,184.29,184.16,184.28,105.695038
2019-11-08 17:47:00,184.13,184.3,184.09,184.24,180.081284
2019-11-08 17:46:00,184.01,184.2,183.87,184.13,159.51569
2019-11-08 17:45:00,184.15,184.15,184.01,184.01,28.607252
2019-11-08 17:44:00,184.07,184.17,184.07,184.15,37.01047
2019-11-08 17:43:00,184.19,184.26,184.07,184.07,112.676433
2019-11-08 17:42:00,184.24,184.24,184.18,184.19,12.969254
2019-11-08 17:41:00,184.24,184.24,184.22,184.23,17.152667
2019-11-08 17:40:00,184.29,184.29,184.25,184.26,3.016239
2019-11-08 17:39:00,184.2,184.25,184.2,184.25,89.500495
2019-11-08 17:38:00,184.12,184.2,184.12,184.2,13.760772
2019-11-08 17:37:00,184.08,184.21,184.08,184.11,487.778483
2019-11-08 17:36:00,183.93,184.11,183.93,184.08,296.47575
2019-11-08 17:35:00,184.11,184.11,183.86,183.92,376.871845
2019-11-08 17:34:00,184.11,184.2,184.1,184.15,284.876857
2019-11-08 17:33:00,184.12,184.12,184.03,184.1,98.84518
2019-11-08 17:32:00,184.2,184.2,183.86,184.13,549.030663
2019-11-08 17:31:00,184.22,184.29,184.15,184.2,226.061498
2019-11-08 17:30:00,184.29,184.29,184.07,184.22,326.833362
2019-11-08 17:29:00,184.34,184.36,184.24,184.29,276.157357
2019-11-08 17:28:00,184.41,184.56,184.29,184.34,384.603483
2019-11-08 17:27:00,184.28,184.48,184.28,184.41,93.617425
2019-11-08 17:26:00,184.3,184.3,184.21,184.25,213.193458
2019-11-08 17:25:00,184.53,184.53,184.29,184.37,652.981404
2019-11-08 17:24:00,184.21,184.58,184.21,184.51,247.640564
2019-11-08 17:23:00,184.26,184.4,184.13,184.21,241.892525
2019-11-08 17:22:00,184.22,184.44,184.22,184.27,494.479661
2019-11-08 17:21:00,183.94,184.31,183.94,184.16,459.40625
2019-11-08 17:20:00,184.05,184.08,183.89,183.94,283.672029
2019-11-08 17:19:00,184,184.1,183.94,184.05,382.184374
2019-11-08 17:18:00,184.1,184.13,184.01,184.01,169.036081
2019-11-08 17:17:00,183.81,184.09,183.8,184.09,720.217612
2019-11-08 17:16:00,183.92,183.96,183.76,183.83,228.73501
2019-11-08 17:15:00,183.53,183.88,183.38,183.88,525.162071
2019-11-08 17:14:00,183.61,183.68,183.44,183.54,1124.201279
2019-11-08 17:13:00,183.88,184.04,183.29,183.65,898.214192
2019-11-08 17:12:00,184.04,184.07,183.76,183.86,1998.48056
2019-11-08 17:11:00,183.57,184.1,183.18,184.05,2068.667939
2019-11-08 17:10:00,184,184,183.57,183.57,311.933934
2019-11-08 17:09:00,183.95,184.05,183.95,184.01,181.109991
2019-11-08 17:08:00,184.17,184.17,183.95,183.97,209.875212
2019-11-08 17:07:00,184.08,184.21,184.08,184.18,208.890487
2019-11-08 17:06:00,183.92,184.11,183.92,184.08,73.741617
2019-11-08 17:05:00,184.07,184.07,183.89,183.92,212.629436
2019-11-08 17:04:00,184.09,184.11,183.93,184.08,183.819734
2019-11-08 17:03:00,183.55,184.09,183.55,184.08,553.352073
2019-11-08 17:02:00,183.7,183.74,183.3,183.54,1623.777025
2019-11-08 17:01:00,183.88,183.88,183.7,183.7,509.295622
2019-11-08 17:00:00,184.09,184.09,183.8,183.87,338.04643
2019-11-08 16:59:00,183.95,184.11,183.92,184.08,460.468902
2019-11-08 16:58:00,184.16,184.16,183.94,183.95,471.458656
2019-11-08 16:57:00,184.09,184.17,184.09,184.17,29.385866
2019-11-08 16:56:00,184.15,184.15,184.01,184.05,35.08285
2019-11-08 16:55:00,184.1,184.29,183.94,184.15,687.795567
2019-11-08 16:54:00,184.41,184.45,184.09,184.1,466.54956
2019-11-08 16:53:00,184.32,184.41,184.3,184.41,167.846547
2019-11-08 16:52:00,184.24,184.27,184.24,184.27,85.70503
2019-11-08 16:51:00,184.28,184.29,184.24,184.25,94.672689
2019-11-08 16:50:00,184.33,184.37,184.31,184.31,50.686253
2019-11-08 16:49:00,184.23,184.33,184.23,184.33,183.372549
2019-11-08 16:48:00,184.38,184.38,184.23,184.23,190.462101
2019-11-08 16:47:00,184.5,184.53,184.41,184.41,172.450953
2019-11-08 16:46:00,184.56,184.56,184.47,184.5,26.827811
2019-11-08 16:45:00,184.56,184.6,184.52,184.57,78.409578
2019-11-08 16:44:00,184.62,184.62,184.49,184.56,124.555058
2019-11-08 16:43:00,184.51,184.62,184.44,184.62,195.366623
2019-11-08 16:42:00,184.49,184.58,184.49,184.51,141.95776
2019-11-08 16:41:00,184.46,184.5,184.38,184.45,234.107306
2019-11-08 16:40:00,184.38,184.43,184.32,184.43,111.195524
2019-11-08 16:39:00,184.44,184.44,184.18,184.38,890.849212
2019-11-08 16:38:00,184.5,184.5,184.4,184.44,109.870188
2019-11-08 16:37:00,184.63,184.64,184.46,184.51,205.568846
2019-11-08 16:36:00,184.64,184.72,184.61,184.61,143.286183
2019-11-08 16:35:00,184.49,184.6,184.42,184.6,436.165931
2019-11-08 16:34:00,184.53,184.63,184.43,184.49,677.622461
2019-11-08 16:33:00,184.42,184.65,184.42,184.54,293.223586
2019-11-08 16:32:00,184.24,184.52,184.19,184.41,153.158423
2019-11-08 16:31:00,184.03,184.38,184,184.24,292.384244
2019-11-08 16:30:00,184.2,184.2,183.98,184.03,97.613075
2019-11-08 16:29:00,184.01,184.23,183.96,184.23,137.279353
2019-11-08 16:28:00,183.95,184.11,183.95,184.01,127.600243
2019-11-08 16:27:00,184.05,184.05,183.87,183.95,733.641686
2019-11-08 16:26:00,183.75,184.13,183.67,184.06,652.006516
2019-11-08 16:25:00,183.65,183.76,183.44,183.76,318.13229
2019-11-08 16:24:00,183.89,183.91,183.35,183.64,1118.360426
2019-11-08 16:23:00,183.82,184,183.82,183.9,331.8981
2019-11-08 16:22:00,184,184.01,183.76,183.9,348.648685
2019-11-08 16:21:00,184.07,184.08,184,184,200.75782
2019-11-08 16:20:00,184.41,184.41,183.92,184.06,589.746704
2019-11-08 16:19:00,183.96,184.5,183.96,184.41,421.850983
2019-11-08 16:18:00,184.3,184.42,183.93,183.96,361.648734
2019-11-08 16:17:00,184.03,184.4,183.97,184.32,920.38023
2019-11-08 16:16:00,183.68,184.12,183.51,184.05,1268.262332
2019-11-08 16:15:00,183.84,183.84,183.48,183.69,2090.424339
2019-11-08 16:14:00,183.91,183.99,183.7,183.86,724.491385
2019-11-08 16:13:00,184.04,184.04,183.77,183.91,1226.354957
2019-11-08 16:12:00,184.23,184.24,184,184.05,824.44911
2019-11-08 16:11:00,184.43,184.43,184.03,184.23,611.406915
2019-11-08 16:10:00,184.45,184.52,184.4,184.45,266.593758
2019-11-08 16:09:00,184.36,184.52,184.35,184.44,226.510933
2019-11-08 16:08:00,184.16,184.42,184.1,184.41,492.199861
2019-11-08 16:07:00,184.46,184.46,184.16,184.17,937.925757
2019-11-08 16:06:00,184.83,184.83,184.5,184.5,520.841269
2019-11-08 16:05:00,184.76,184.85,184.76,184.84,31.520735
2019-11-08 16:04:00,184.72,184.84,184.66,184.77,201.493656
2019-11-08 16:03:00,184.64,184.77,184.54,184.7,940.86456
2019-11-08 16:02:00,184.88,184.89,184.52,184.64,909.844156
2019-11-08 16:01:00,184.91,184.91,184.85,184.88,34.446781
2019-11-08 16:00:00,184.89,184.94,184.84,184.94,129.625605
2019-11-08 15:59:00,185.07,185.07,184.91,184.93,111.807855
2019-11-08 15:58:00,185.11,185.13,185.03,185.12,109.635378
2019-11-08 15:57:00,184.9,185.11,184.9,185.11,134.2349
2019-11-08 15:56:00,184.89,184.94,184.88,184.9,287.821179
2019-11-08 15:55:00,185.22,185.22,184.88,184.88,531.656117
2019-11-08 15:54:00,185.3,185.33,185.22,185.23,124.556533
2019-11-08 15:53:00,185.28,185.3,185.28,185.29,58.752082
2019-11-08 15:52:00,185.19,185.29,185.19,185.26,435.964839
2019-11-08 15:51:00,185.17,185.22,185.16,185.2,15.492137
2019-11-08 15:50:00,185.17,185.21,185.1,185.16,176.959923
2019-11-08 15:49:00,185.12,185.21,185,185.17,168.57746
2019-11-08 15:48:00,185.3,185.3,185.13,185.13,110.122742
2019-11-08 15:47:00,185.49,185.49,185.28,185.31,45.957622
2019-11-08 15:46:00,185.54,185.58,185.49,185.49,306.624152
2019-11-08 15:45:00,185.51,185.6,185.46,185.57,84.853971
2019-11-08 15:44:00,185.47,185.54,185.46,185.51,120.09995
2019-11-08 15:43:00,185.47,185.47,185.42,185.46,66.838703
2019-11-08 15:42:00,185.31,185.49,185.28,185.48,127.636179
2019-11-08 15:41:00,185.19,185.31,185.19,185.31,402.308122
2019-11-08 15:40:00,185.12,185.19,185.08,185.19,190.996958
2019-11-08 15:39:00,185.04,185.19,185.01,185.1,607.4632
2019-11-08 15:38:00,185.07,185.12,185.04,185.04,712.361139
2019-11-08 15:37:00,185.05,185.07,184.96,185.05,288.803355
2019-11-08 15:36:00,185.01,185.06,185,185.01,98.014041
2019-11-08 15:35:00,185.05,185.06,184.96,185.01,183.932169
2019-11-08 15:34:00,185.22,185.22,184.87,185.03,370.821877
2019-11-08 15:33:00,185.1,185.23,185.03,185.23,237.288717
2019-11-08 15:32:00,184.67,185.16,184.56,185.06,1448.466249
2019-11-08 15:31:00,184.41,184.79,184.13,184.67,4057.601339
2019-11-08 15:30:00,185.23,185.23,184.29,184.41,1780.709218
2019-11-08 15:29:00,185.23,185.35,185.13,185.28,570.536832
2019-11-08 15:28:00,185.46,185.46,185.19,185.23,464.564668
2019-11-08 15:27:00,185.53,185.53,185.46,185.47,75.519322
2019-11-08 15:26:00,185.53,185.53,185.53,185.53,29.135172
2019-11-08 15:25:00,185.65,185.65,185.5,185.53,354.976545
2019-11-08 15:24:00,185.67,185.7,185.65,185.65,18.277735
2019-11-08 15:23:00,185.64,185.71,185.59,185.67,3.334485
2019-11-08 15:22:00,185.68,185.68,185.47,185.65,372.820774
2019-11-08 15:21:00,185.7,185.7,185.66,185.68,14.050759
2019-11-08 15:20:00,185.75,185.76,185.71,185.71,121.277525
2019-11-08 15:19:00,185.83,185.83,185.72,185.75,45.694704
2019-11-08 15:18:00,185.82,185.86,185.81,185.83,108.776026
2019-11-08 15:17:00,185.86,185.87,185.8,185.82,144.273421
2019-11-08 15:16:00,185.93,185.93,185.85,185.86,33.881108
2019-11-08 15:15:00,185.95,185.95,185.92,185.93,1.224799
2019-11-08 15:14:00,185.96,186.01,185.95,186,718.783682
2019-11-08 15:13:00,186.11,186.11,185.95,185.95,397.312895
2019-11-08 15:12:00,186.12,186.19,186.11,186.17,579.131976
2019-11-08 15:11:00,186.11,186.16,186.11,186.13,172.344945
2019-11-08 15:10:00,186.06,186.15,186.05,186.15,681.896553
2019-11-08 15:09:00,186.06,186.06,186.05,186.06,36.523943
2019-11-08 15:08:00,186.06,186.06,186.05,186.06,1.835674
2019-11-08 15:07:00,186.02,186.07,186.02,186.06,22.960329
2019-11-08 15:06:00,186.07,186.07,186.02,186.02,1.767002
2019-11-08 15:05:00,186.03,186.09,185.99,186.08,77.976916
2019-11-08 15:04:00,186.06,186.06,186.03,186.03,29.740889
2019-11-08 15:03:00,185.94,186.06,185.94,186.06,400.752528
2019-11-08 15:02:00,185.93,185.94,185.92,185.93,7.360326
2019-11-08 15:01:00,185.91,185.93,185.91,185.93,49.773347
2019-11-08 15:00:00,185.9,185.91,185.82,185.91,38.477363
2019-11-08 14:59:00,185.78,185.9,185.78,185.9,139.891761
2019-11-08 14:58:00,185.81,185.81,185.72,185.79,1.485844
2019-11-08 14:57:00,185.71,185.81,185.71,185.81,9.157038
2019-11-08 14:56:00,185.76,185.83,185.7,185.71,89.961947
2019-11-08 14:55:00,185.71,185.78,185.71,185.75,307.786787
2019-11-08 14:54:00,185.7,185.71,185.7,185.71,1.514245
2019-11-08 14:53:00,185.68,185.74,185.63,185.74,60.837297
2019-11-08 14:52:00,185.75,185.75,185.67,185.69,36.153699
2019-11-08 14:51:00,185.79,185.79,185.76,185.76,25.658751
2019-11-08 14:50:00,185.79,185.8,185.78,185.79,10.716617
2019-11-08 14:49:00,185.78,185.88,185.78,185.79,25.24113
2019-11-08 14:48:00,185.82,185.9,185.77,185.78,131.947142
2019-11-08 14:47:00,185.77,185.81,185.72,185.79,217.949708
2019-11-08 14:46:00,185.83,185.83,185.76,185.77,332.500555
2019-11-08 14:45:00,185.69,185.85,185.61,185.84,20.270771
2019-11-08 14:44:00,185.86,185.86,185.69,185.69,24.220524
2019-11-08 14:43:00,185.69,185.89,185.69,185.82,53.851302
2019-11-08 14:42:00,185.8,185.81,185.69,185.69,26.866409
2019-11-08 14:41:00,185.81,185.82,185.72,185.8,181.391623
2019-11-08 14:40:00,185.89,185.89,185.81,185.81,11.879806
2019-11-08 14:39:00,185.82,185.88,185.82,185.88,23.939297
2019-11-08 14:38:00,185.77,185.86,185.77,185.84,32.003732
2019-11-08 14:37:00,185.74,185.83,185.69,185.76,234.013022
2019-11-08 14:36:00,185.5,185.74,185.5,185.74,318.136547
2019-11-08 14:35:00,185.66,185.66,185.51,185.51,13.566363
2019-11-08 14:34:00,185.78,185.78,185.5,185.66,760.075338
2019-11-08 14:33:00,185.74,185.79,185.74,185.77,110.925464
2019-11-08 14:32:00,185.89,185.9,185.57,185.69,1011.803093
2019-11-08 14:31:00,185.93,185.93,185.89,185.9,82.189188
2019-11-08 14:30:00,185.97,185.97,185.92,185.94,38.85769
2019-11-08 14:29:00,185.97,185.98,185.97,185.98,19.596497
2019-11-08 14:28:00,186.01,186.03,185.97,185.98,227.870945
2019-11-08 14:27:00,186.12,186.13,186.02,186.02,9.223355
2019-11-08 14:26:00,186.17,186.17,186.06,186.06,30.244761
2019-11-08 14:25:00,186.24,186.24,186.16,186.16,28.610368
2019-11-08 14:24:00,186.25,186.28,186.23,186.23,579.239165
2019-11-08 14:23:00,186.24,186.26,186.24,186.24,239.978009
2019-11-08 14:22:00,186.23,186.24,186.23,186.24,146.421012
2019-11-08 14:21:00,186.26,186.26,186.2,186.23,50.271125
2019-11-08 14:20:00,186.1,186.27,186.1,186.25,123.215592
2019-11-08 14:19:00,186.06,186.1,186.06,186.09,1.01108
2019-11-08 14:18:00,186.05,186.07,186.05,186.06,139.185592
2019-11-08 14:17:00,186.09,186.09,186.06,186.06,12.766335
2019-11-08 14:16:00,185.97,186.06,185.9,186.06,217.371428
2019-11-08 14:15:00,185.99,186,185.96,185.96,303.146912
2019-11-08 14:14:00,185.99,186,185.99,186,42.460232
2019-11-08 14:13:00,186.03,186.03,185.97,185.99,69.927678
2019-11-08 14:12:00,186.1,186.11,186.03,186.03,493.785476
2019-11-08 14:11:00,186.08,186.12,186.08,186.1,69.45668
2019-11-08 14:10:00,186.09,186.1,186.07,186.09,14.228233
2019-11-08 14:09:00,186.08,186.12,186.07,186.07,79.936128
2019-11-08 14:08:00,186.07,186.08,186.07,186.08,6.472492
2019-11-08 14:07:00,186.15,186.15,186.07,186.08,160.959943
2019-11-08 14:06:00,186.17,186.18,186.1,186.14,462.418685
2019-11-08 14:05:00,186.17,186.18,186.17,186.17,19.693041
2019-11-08 14:04:00,186.2,186.2,186.13,186.17,45.77497
2019-11-08 14:03:00,186.25,186.25,186.2,186.24,30.845391
2019-11-08 14:02:00,186.25,186.25,186.25,186.25,7.446358
2019-11-08 14:01:00,186.29,186.29,186.29,186.29,0
2019-11-08 14:00:00,186.3,186.3,186.29,186.29,43.45801
2019-11-08 13:59:00,186.29,186.3,186.29,186.3,0.91399
2019-11-08 13:58:00,186.26,186.29,186.26,186.29,0.685437
2019-11-08 13:57:00,186.42,186.42,186.24,186.25,397.792406
2019-11-08 13:56:00,186.47,186.47,186.41,186.42,2.038207
2019-11-08 13:55:00,186.43,186.47,186.43,186.46,30.762146
2019-11-08 13:54:00,186.46,186.47,186.41,186.47,1.901165
2019-11-08 13:53:00,186.44,186.54,186.37,186.51,56.932157
2019-11-08 13:52:00,186.43,186.43,186.37,186.37,23.199873
2019-11-08 13:51:00,186.63,186.63,186.33,186.44,612.586924
2019-11-08 13:50:00,186.61,186.65,186.61,186.64,9.076801
2019-11-08 13:49:00,186.6,186.7,186.57,186.6,77.408914
2019-11-08 13:48:00,186.35,186.59,186.35,186.57,783.337194
2019-11-08 13:47:00,186.35,186.39,186.34,186.34,48.151317
2019-11-08 13:46:00,186.23,186.36,186.23,186.35,130.559755
2019-11-08 13:45:00,186.24,186.24,186.19,186.24,6.670004
2019-11-08 13:44:00,186.2,186.29,186.2,186.25,22.670375
2019-11-08 13:43:00,186.13,186.21,186.13,186.2,44.166765
2019-11-08 13:42:00,186.12,186.13,186.04,186.12,108.600107
2019-11-08 13:41:00,186.19,186.19,186.12,186.13,8.426572
2019-11-08 13:40:00,186.1,186.2,186.1,186.2,31.295906
2019-11-08 13:39:00,186.07,186.13,186.07,186.09,58.020088
2019-11-08 13:38:00,186.29,186.29,186.06,186.07,17.545085
2019-11-08 13:37:00,186.23,186.3,186.23,186.29,20.460541
2019-11-08 13:36:00,186.25,186.38,186.25,186.27,262.906177
2019-11-08 13:35:00,186.04,186.27,186.04,186.25,51.123265
2019-11-08 13:34:00,185.99,186.11,185.97,186.03,140.619843
2019-11-08 13:33:00,186.19,186.19,185.98,185.99,213.985873
2019-11-08 13:32:00,186.29,186.29,186.2,186.2,53.650992
2019-11-08 13:31:00,186.36,186.44,186.29,186.29,256.451522
2019-11-08 13:30:00,186.23,186.44,186.23,186.37,119.104244
2019-11-08 13:29:00,186.13,186.22,186.13,186.22,68.694006
2019-11-08 13:28:00,186.3,186.3,186.11,186.13,264.764376
2019-11-08 13:27:00,186.13,186.27,186.12,186.23,349.880281
2019-11-08 13:26:00,186.29,186.33,186.12,186.12,271.104267
2019-11-08 13:25:00,186.45,186.45,186.25,186.29,165.799211
2019-11-08 13:24:00,186.48,186.52,186.45,186.51,3.505779
2019-11-08 13:23:00,186.44,186.57,186.44,186.49,1217.114861
2019-11-08 13:22:00,186.74,186.75,186.4,186.42,387.644087
2019-11-08 13:21:00,186.7,186.85,186.7,186.73,129.526368
2019-11-08 13:20:00,186.81,186.81,186.7,186.7,69.917727
2019-11-08 13:19:00,186.9,186.9,186.82,186.82,0.165182
2019-11-08 13:18:00,186.88,186.96,186.88,186.96,39.982016
2019-11-08 13:17:00,186.79,186.88,186.79,186.84,10.772019
2019-11-08 13:16:00,186.82,186.87,186.77,186.84,113.886499
2019-11-08 13:15:00,186.86,186.97,186.79,186.84,166.28526
2019-11-08 13:14:00,186.73,186.98,186.72,186.85,384.723101
2019-11-08 13:13:00,186.78,186.78,186.7,186.71,127.401364
2019-11-08 13:12:00,186.78,186.81,186.75,186.78,61.754683
2019-11-08 13:11:00,186.95,187.01,186.7,186.78,277.630739
2019-11-08 13:10:00,186.89,186.92,186.89,186.92,2.135707
2019-11-08 13:09:00,186.99,186.99,186.95,186.95,63.938193
2019-11-08 13:08:00,186.98,186.98,186.83,186.9,40.603691
2019-11-08 13:07:00,186.85,186.98,186.85,186.98,37.501959
2019-11-08 13:06:00,186.81,186.99,186.77,186.91,95.961655
2019-11-08 13:05:00,187.07,187.13,186.8,186.81,314.198805
2019-11-08 13:04:00,187.16,187.16,187.07,187.07,42.524714
2019-11-08 13:03:00,187.13,187.17,187.13,187.17,81.925936
2019-11-08 13:02:00,187.01,187.12,187,187.12,354.662335
2019-11-08 13:01:00,186.94,187.03,186.94,187.03,62.273066
2019-11-08 13:00:00,186.9,186.93,186.86,186.9,36.48919
2019-11-08 12:59:00,186.87,186.98,186.86,186.86,47.725189
2019-11-08 12:58:00,186.91,186.91,186.88,186.88,23.299861
2019-11-08 12:57:00,186.89,186.93,186.89,186.93,29.559159
2019-11-08 12:56:00,186.91,187,186.91,186.93,3.353495
2019-11-08 12:55:00,187.01,187.01,186.9,186.9,20.117438
2019-11-08 12:54:00,186.95,186.96,186.95,186.96,14.979667
2019-11-08 12:53:00,186.94,187.08,186.94,187.01,195.370634
2019-11-08 12:52:00,186.81,186.94,186.8,186.94,31.130921
2019-11-08 12:51:00,186.83,186.83,186.78,186.81,17.339815
2019-11-08 12:50:00,186.81,186.89,186.81,186.87,29.075998
2019-11-08 12:49:00,186.8,186.86,186.79,186.82,39.869598
2019-11-08 12:48:00,186.89,186.94,186.8,186.81,8.215356
2019-11-08 12:47:00,186.87,186.92,186.87,186.89,10.751295
2019-11-08 12:46:00,186.87,187.04,186.87,186.91,45.175569
2019-11-08 12:45:00,186.79,186.79,186.79,186.79,1.063926
2019-11-08 12:44:00,186.85,186.9,186.81,186.83,47.926274
2019-11-08 12:43:00,186.85,186.86,186.85,186.86,42.984072
2019-11-08 12:42:00,186.9,186.9,186.79,186.84,50.719728
2019-11-08 12:41:00,187.13,187.13,186.81,186.89,316.454418
2019-11-08 12:40:00,187.03,187.13,187,187.13,42.246896
2019-11-08 12:39:00,187.16,187.21,186.98,187.11,150.316951
2019-11-08 12:38:00,186.92,187.15,186.92,187.15,215.261925
2019-11-08 12:37:00,187.05,187.05,186.86,186.92,215.903583
2019-11-08 12:36:00,186.85,187.07,186.85,187.06,115.84914
2019-11-08 12:35:00,186.78,186.93,186.78,186.86,63.372891
2019-11-08 12:34:00,187.04,187.05,186.8,186.8,149.512366
2019-11-08 12:33:00,186.96,187.03,186.96,187.02,13.888823
2019-11-08 12:32:00,186.81,186.95,186.81,186.95,36.414798
2019-11-08 12:31:00,186.88,187,186.8,186.81,186.898383
2019-11-08 12:30:00,187.23,187.23,186.84,186.86,272.456934
2019-11-08 12:29:00,187.13,187.35,187.1,187.24,42.808924
2019-11-08 12:28:00,187.17,187.2,187.1,187.13,101.770663
2019-11-08 12:27:00,187.17,187.17,187.03,187.1,135.758182
2019-11-08 12:26:00,187.36,187.36,187.07,187.16,196.761221
2019-11-08 12:25:00,187.23,187.37,186.99,187.37,979.09257
2019-11-08 12:24:00,187.42,187.42,187.2,187.3,204.213111
2019-11-08 12:23:00,187.53,187.53,187.39,187.46,136.575225
2019-11-08 12:22:00,187.54,187.56,187.53,187.53,2.338252
2019-11-08 12:21:00,187.71,187.71,187.53,187.53,44.394158
2019-11-08 12:20:00,187.74,187.74,187.7,187.7,19.128814
2019-11-08 12:19:00,187.73,187.74,187.73,187.74,4.286055
2019-11-08 12:18:00,187.73,187.74,187.73,187.74,32.587991
2019-11-08 12:17:00,187.63,187.73,187.63,187.73,275.165999
2019-11-08 12:16:00,187.61,187.67,187.61,187.67,97.405454
2019-11-08 12:15:00,187.57,187.69,187.57,187.62,125.389426
2019-11-08 12:14:00,187.48,187.58,187.48,187.58,11.823909
2019-11-08 12:13:00,187.47,187.52,187.42,187.49,97.935171
2019-11-08 12:12:00,187.56,187.56,187.47,187.47,9.408856
2019-11-08 12:11:00,187.45,187.57,187.45,187.56,79.309153
2019-11-08 12:10:00,187.66,187.66,187.41,187.44,613.089042
2019-11-08 12:09:00,187.72,187.72,187.64,187.65,188.501852
2019-11-08 12:08:00,188.01,188.01,187.7,187.72,1131.474698
2019-11-08 12:07:00,188.09,188.09,188,188.01,337.85057
2019-11-08 12:06:00,188.07,188.11,188.07,188.09,94.519516
2019-11-08 12:05:00,188.07,188.15,188.02,188.03,211.458081
2019-11-08 12:04:00,188.09,188.09,188.06,188.06,113.593409
2019-11-08 12:03:00,188.07,188.08,188.07,188.08,70.344978
2019-11-08 12:02:00,188.06,188.07,188.03,188.06,54.262517
2019-11-08 12:01:00,187.99,188.06,187.99,188.06,63.456495
2019-11-08 12:00:00,187.86,187.94,187.86,187.94,10.561794
2019-11-08 11:59:00,187.89,187.92,187.88,187.91,12.145874
2019-11-08 11:58:00,187.85,187.86,187.85,187.86,23.393879
2019-11-08 11:57:00,187.9,187.98,187.84,187.85,37.050498
2019-11-08 11:56:00,187.82,187.95,187.82,187.9,243.576015
2019-11-08 11:55:00,187.82,187.82,187.81,187.82,63.306616
2019-11-08 11:54:00,187.82,187.85,187.82,187.82,50.520292
2019-11-08 11:53:00,187.81,187.82,187.81,187.82,40.459364
2019-11-08 11:52:00,187.81,187.82,187.81,187.82,5.707471
2019-11-08 11:51:00,187.85,187.86,187.85,187.85,48.167997
2019-11-08 11:50:00,187.91,187.91,187.85,187.85,27.025214
2019-11-08 11:49:00,187.92,187.92,187.91,187.92,115.335645
2019-11-08 11:48:00,187.94,187.95,187.92,187.92,67.341558
2019-11-08 11:47:00,188.04,188.07,187.94,187.94,144.233335
2019-11-08 11:46:00,188.06,188.06,188.03,188.04,149.753844
2019-11-08 11:45:00,187.96,188.08,187.95,188.06,316.84628
2019-11-08 11:44:00,187.98,188.02,187.96,188.01,317.171183
2019-11-08 11:43:00,187.96,188.06,187.95,187.98,227.144612
2019-11-08 11:42:00,187.85,187.98,187.85,187.95,349.000939
2019-11-08 11:41:00,187.85,187.86,187.85,187.85,21.110253
2019-11-08 11:40:00,187.91,187.98,187.85,187.85,36.329615
2019-11-08 11:39:00,187.89,187.91,187.89,187.91,8.53296
2019-11-08 11:38:00,187.85,187.91,187.85,187.89,86.36319
2019-11-08 11:37:00,187.79,187.8,187.7,187.8,84.473088
2019-11-08 11:36:00,187.8,187.85,187.76,187.79,136.453513
2019-11-08 11:35:00,187.8,187.8,187.8,187.8,16.188277
2019-11-08 11:34:00,187.81,187.82,187.8,187.82,22.205398
2019-11-08 11:33:00,187.8,187.81,187.8,187.81,5.75794
2019-11-08 11:32:00,187.8,187.81,187.8,187.8,64.074854
2019-11-08 11:31:00,187.88,187.88,187.81,187.81,26.280839
2019-11-08 11:30:00,187.69,187.94,187.69,187.89,1628.028427
2019-11-08 11:29:00,187.61,187.71,187.61,187.71,78.669394
2019-11-08 11:28:00,187.6,187.6,187.6,187.6,22.821107
2019-11-08 11:27:00,187.54,187.68,187.53,187.59,50.729186
2019-11-08 11:26:00,187.7,187.7,187.53,187.53,374.485916
2019-11-08 11:25:00,187.72,187.72,187.7,187.7,15.467119
2019-11-08 11:24:00,187.71,187.72,187.7,187.72,80.889407
2019-11-08 11:23:00,187.7,187.77,187.7,187.71,53.734401
2019-11-08 11:22:00,187.64,187.71,187.59,187.71,35.701495
2019-11-08 11:21:00,187.59,187.69,187.58,187.64,105.884976
2019-11-08 11:20:00,187.56,187.57,187.4,187.57,62.827985
2019-11-08 11:19:00,187.56,187.62,187.56,187.56,16.624922
2019-11-08 11:18:00,187.55,187.55,187.54,187.55,33.788192
2019-11-08 11:17:00,187.5,187.64,187.5,187.55,289.258113
2019-11-08 11:16:00,187.3,187.51,187.3,187.5,308.341155
2019-11-08 11:15:00,187.43,187.43,187.25,187.27,50.331814
2019-11-08 11:14:00,187.44,187.45,187.44,187.44,20.96366
2019-11-08 11:13:00,187.41,187.46,187.41,187.45,99.444932
2019-11-08 11:12:00,187.48,187.48,187.4,187.41,104.725628
2019-11-08 11:11:00,187.47,187.48,187.47,187.48,13.396965
2019-11-08 11:10:00,187.47,187.47,187.46,187.47,23.53052
2019-11-08 11:09:00,187.42,187.47,187.38,187.47,481.562977
2019-11-08 11:08:00,187.47,187.48,187.42,187.42,310.317032
2019-11-08 11:07:00,187.49,187.49,187.46,187.46,6.345824
2019-11-08 11:06:00,187.41,187.46,187.41,187.46,191.349003
2019-11-08 11:05:00,187.45,187.45,187.35,187.41,27.756491
2019-11-08 11:04:00,187.66,187.66,187.45,187.45,39.479912
2019-11-08 11:03:00,187.67,187.67,187.65,187.65,10.543707
2019-11-08 11:02:00,187.8,187.8,187.68,187.68,0.289287
2019-11-08 11:01:00,187.79,187.81,187.78,187.8,48.864659
2019-11-08 11:00:00,187.69,187.83,187.69,187.79,183.609328
2019-11-08 10:59:00,187.64,187.69,187.64,187.69,38.004957
2019-11-08 10:58:00,187.72,187.72,187.65,187.65,130.670766
2019-11-08 10:57:00,187.71,187.76,187.71,187.72,41.087961
2019-11-08 10:56:00,187.75,187.79,187.7,187.7,10.76827
2019-11-08 10:55:00,187.89,187.89,187.75,187.75,67.447094
2019-11-08 10:54:00,187.83,187.9,187.82,187.9,46.095466
2019-11-08 10:53:00,187.75,187.84,187.7,187.83,564.841735
2019-11-08 10:52:00,187.83,187.83,187.73,187.76,270.390765
2019-11-08 10:51:00,187.92,187.95,187.83,187.83,53.972372
2019-11-08 10:50:00,188,188.06,187.9,187.92,308.326785
2019-11-08 10:49:00,188.08,188.08,188,188,233.676069
2019-11-08 10:48:00,188.1,188.14,188.08,188.09,280.647555
2019-11-08 10:47:00,187.95,188.1,187.95,188.1,317.557048
2019-11-08 10:46:00,187.86,187.99,187.86,187.99,158.493974
2019-11-08 10:45:00,187.84,187.85,187.84,187.85,29.078669
2019-11-08 10:44:00,187.84,187.92,187.83,187.84,308.044872
2019-11-08 10:43:00,187.84,187.84,187.83,187.83,262.627531
2019-11-08 10:42:00,187.89,187.89,187.83,187.83,16.495815
2019-11-08 10:41:00,187.83,187.94,187.83,187.92,116.377133
2019-11-08 10:40:00,187.85,187.96,187.85,187.9,34.997088
2019-11-08 10:39:00,187.75,187.85,187.75,187.85,40.428609
2019-11-08 10:38:00,187.81,187.81,187.72,187.73,11.88186
2019-11-08 10:37:00,187.66,187.8,187.66,187.8,34.45902
2019-11-08 10:36:00,187.46,187.65,187.46,187.65,16.134191
2019-11-08 10:35:00,187.44,187.49,187.44,187.47,164.947796
2019-11-08 10:34:00,187.41,187.44,187.41,187.44,1.716028
2019-11-08 10:33:00,187.35,187.41,187.35,187.41,15.123433
2019-11-08 10:32:00,187.24,187.35,187.24,187.35,112.02479
2019-11-08 10:31:00,187.2,187.24,187.2,187.24,24.326388
2019-11-08 10:30:00,187.2,187.2,187.19,187.2,50.446601
2019-11-08 10:29:00,187.19,187.21,187.19,187.19,6.669296
2019-11-08 10:28:00,187.21,187.21,187.15,187.19,611.3641
2019-11-08 10:27:00,187.22,187.22,187.21,187.21,110.03376
2019-11-08 10:26:00,187.22,187.22,187.22,187.22,0.28242
2019-11-08 10:25:00,187.22,187.23,187.21,187.21,132.280995
2019-11-08 10:24:00,187.22,187.22,187.2,187.2,547.991156
2019-11-08 10:23:00,187.16,187.22,187.15,187.21,9.876514
2019-11-08 10:22:00,187.06,187.15,187.05,187.11,127.811783
2019-11-08 10:21:00,187.02,187.06,187,187.05,55.592561
2019-11-08 10:20:00,187.05,187.06,186.97,187.02,25.781209
2019-11-08 10:19:00,186.99,187.19,186.99,187.05,115.778951
2019-11-08 10:18:00,186.99,187.06,186.96,187,152.075646
2019-11-08 10:17:00,186.95,187.07,186.95,186.97,240.020887
2019-11-08 10:16:00,186.78,186.96,186.78,186.93,89.008856
2019-11-08 10:15:00,186.92,186.92,186.77,186.77,176.129328
2019-11-08 10:14:00,187.14,187.14,186.9,186.93,818.815039
2019-11-08 10:13:00,187.21,187.22,187.11,187.14,439.946592
2019-11-08 10:12:00,187.28,187.28,187.22,187.22,126.607684
2019-11-08 10:11:00,187.23,187.28,187.23,187.27,20.1086
2019-11-08 10:10:00,187.23,187.25,187.22,187.23,102.790049
2019-11-08 10:09:00,187.23,187.23,187.22,187.23,8.285487
2019-11-08 10:08:00,187.27,187.27,187.21,187.23,98.096684
2019-11-08 10:07:00,187.22,187.28,187.22,187.27,140.661118
2019-11-08 10:06:00,187.24,187.24,187.23,187.23,8.423507
2019-11-08 10:05:00,187.3,187.31,187.23,187.23,135.59939
2019-11-08 10:04:00,187.39,187.41,187.26,187.3,121.92524
2019-11-08 10:03:00,187.46,187.55,187.3,187.35,251.662971
2019-11-08 10:02:00,187.37,187.44,187.36,187.44,173.73034
2019-11-08 10:01:00,187.46,187.46,187.37,187.38,95.486681
2019-11-08 10:00:00,187.47,187.59,187.47,187.47,238.657388
2019-11-08 09:59:00,187.55,187.62,187.47,187.47,156.650069
2019-11-08 09:58:00,187.58,187.61,187.45,187.55,511.770818
2019-11-08 09:57:00,187.67,187.67,187.55,187.58,57.765305
2019-11-08 09:56:00,187.73,187.73,187.67,187.67,21.313133
2019-11-08 09:55:00,187.73,187.73,187.73,187.73,0.102156
2019-11-08 09:54:00,187.8,187.81,187.72,187.72,16.812331
2019-11-08 09:53:00,187.81,187.81,187.75,187.81,55.404726
2019-11-08 09:52:00,187.82,187.82,187.82,187.82,0
2019-11-08 09:51:00,187.75,187.83,187.75,187.82,75.063227
2019-11-08 09:50:00,187.81,187.83,187.75,187.75,13.234362
2019-11-08 09:49:00,187.82,187.83,187.8,187.8,136.181058
2019-11-08 09:48:00,187.81,187.83,187.81,187.83,0.131628
2019-11-08 09:47:00,187.88,187.88,187.8,187.8,5.26387
2019-11-08 09:46:00,187.83,187.84,187.83,187.84,22.318665
2019-11-08 09:45:00,187.86,187.86,187.86,187.86,1.082941
2019-11-08 09:44:00,187.91,187.98,187.86,187.86,119.82012
2019-11-08 09:43:00,187.89,187.91,187.89,187.91,50.909548
2019-11-08 09:42:00,187.77,187.89,187.77,187.89,918.550939
2019-11-08 09:41:00,187.77,187.77,187.72,187.75,9.402241
2019-11-08 09:40:00,187.62,187.72,187.6,187.72,44.910714
2019-11-08 09:39:00,187.62,187.63,187.62,187.62,21.527352
2019-11-08 09:38:00,187.62,187.66,187.61,187.63,65.717843
2019-11-08 09:37:00,187.74,187.74,187.62,187.62,36.843695
2019-11-08 09:36:00,187.74,187.74,187.73,187.73,93.571647
2019-11-08 09:35:00,187.77,187.77,187.74,187.74,57.83216
2019-11-08 09:34:00,187.88,187.93,187.78,187.78,34.948769
2019-11-08 09:33:00,187.9,187.9,187.85,187.87,28.70026
2019-11-08 09:32:00,187.98,187.98,187.89,187.93,78.048674
2019-11-08 09:31:00,188.14,188.14,187.98,187.98,44.998949
2019-11-08 09:30:00,188.02,188.25,188.02,188.15,66.4864
2019-11-08 09:29:00,188.01,188.06,188,188.06,8.957244
2019-11-08 09:28:00,188.05,188.07,188.01,188.01,21.49902
2019-11-08 09:27:00,188.02,188.05,188.02,188.05,44.360486
2019-11-08 09:26:00,188.02,188.04,188.02,188.03,16.799109
2019-11-08 09:25:00,187.91,188.04,187.91,188.03,38.838406
2019-11-08 09:24:00,187.91,187.91,187.9,187.9,12.277856
2019-11-08 09:23:00,188.02,188.02,187.88,187.9,158.944028
2019-11-08 09:22:00,188.02,188.03,187.98,187.99,46.614708
2019-11-08 09:21:00,188.04,188.05,188.04,188.04,2.858721
2019-11-08 09:20:00,188.01,188.05,188.01,188.05,53.245803
2019-11-08 09:19:00,187.96,188.05,187.96,188.02,431.227659
2019-11-08 09:18:00,187.83,188.07,187.83,187.95,354.862611
2019-11-08 09:17:00,187.8,187.83,187.8,187.83,8.105026
2019-11-08 09:16:00,187.78,187.8,187.78,187.8,13.120183
2019-11-08 09:15:00,187.74,187.8,187.73,187.79,57.610533
2019-11-08 09:14:00,187.67,187.8,187.65,187.73,60.107004
2019-11-08 09:13:00,187.71,187.71,187.68,187.68,28.157377
2019-11-08 09:12:00,187.65,187.72,187.65,187.66,5.619191
2019-11-08 09:11:00,187.64,187.65,187.64,187.64,1.628695
2019-11-08 09:10:00,187.8,187.81,187.65,187.65,181.645087
2019-11-08 09:09:00,187.71,187.8,187.7,187.78,21.887658
2019-11-08 09:08:00,187.68,187.74,187.64,187.7,44.531981
2019-11-08 09:07:00,187.58,187.69,187.55,187.67,251.460046
2019-11-08 09:06:00,187.6,187.6,187.54,187.55,142.202618
2019-11-08 09:05:00,187.53,187.61,187.48,187.59,175.299682
2019-11-08 09:04:00,187.42,187.67,187.4,187.52,2188.953082
2019-11-08 09:03:00,187.42,187.54,187.41,187.41,26.073705
2019-11-08 09:02:00,187.49,187.51,187.41,187.41,61.054975
2019-11-08 09:01:00,187.46,187.5,187.33,187.49,277.091924
2019-11-08 09:00:00,187.16,187.48,187.15,187.47,263.962306
2019-11-08 08:59:00,187.22,187.23,187.12,187.17,17.6874
2019-11-08 08:58:00,187.22,187.23,187.22,187.23,14.940528
2019-11-08 08:57:00,187.21,187.21,187.21,187.21,0.485999
2019-11-08 08:56:00,187.08,187.2,187.08,187.2,179.880377
2019-11-08 08:55:00,187.1,187.11,187.07,187.08,32.214912
2019-11-08 08:54:00,187.11,187.11,187.1,187.1,5.604087
2019-11-08 08:53:00,187.14,187.14,187.13,187.13,5.84976
2019-11-08 08:52:00,187.12,187.12,187.11,187.12,0.947719
2019-11-08 08:51:00,187.14,187.15,187.11,187.12,43.212864
2019-11-08 08:50:00,187.15,187.16,187.14,187.14,95.389442
2019-11-08 08:49:00,187.1,187.18,187.1,187.15,18.385829
2019-11-08 08:48:00,187.09,187.1,187.09,187.1,6.575896
2019-11-08 08:47:00,187.09,187.09,187.08,187.08,1.134108
2019-11-08 08:46:00,187.17,187.17,187.08,187.08,10.050097
2019-11-08 08:45:00,187.17,187.18,187.17,187.17,154.670453
2019-11-08 08:44:00,187.17,187.18,187.16,187.17,192.060783
2019-11-08 08:43:00,187.13,187.18,187.09,187.18,3.578792
2019-11-08 08:42:00,187.05,187.14,187.05,187.13,10.245796
2019-11-08 08:41:00,186.98,187.05,186.97,186.99,2.966415
2019-11-08 08:40:00,187,187.1,186.97,186.97,40.018463
2019-11-08 08:39:00,187,187,186.88,186.98,42.696938
2019-11-08 08:38:00,186.99,187,186.99,186.99,33.315301
2019-11-08 08:37:00,187.08,187.12,187.07,187.07,73.30361
2019-11-08 08:36:00,187.07,187.08,187.07,187.07,178.983483
2019-11-08 08:35:00,187.08,187.08,187.07,187.07,18.393373
2019-11-08 08:34:00,187.02,187.08,187.01,187.08,8.107438
2019-11-08 08:33:00,186.83,187.03,186.83,187.03,283.140247
2019-11-08 08:32:00,186.91,186.93,186.84,186.86,206.348433
2019-11-08 08:31:00,186.72,186.94,186.7,186.9,149.22398
2019-11-08 08:30:00,186.68,186.73,186.59,186.73,77.368895
2019-11-08 08:29:00,186.68,186.76,186.66,186.66,42.640505
2019-11-08 08:28:00,186.59,186.67,186.59,186.62,15.739242
2019-11-08 08:27:00,186.64,186.65,186.6,186.6,10.9691
2019-11-08 08:26:00,186.64,186.64,186.64,186.64,0.612907
2019-11-08 08:25:00,186.63,186.64,186.63,186.64,6.650208
2019-11-08 08:24:00,186.69,186.69,186.61,186.63,13.459666
2019-11-08 08:23:00,186.65,186.71,186.61,186.61,1.029795
2019-11-08 08:22:00,186.59,186.68,186.54,186.64,141.762449
2019-11-08 08:21:00,186.45,186.59,186.45,186.59,57.849058
2019-11-08 08:20:00,186.48,186.49,186.45,186.48,34.594599
2019-11-08 08:19:00,186.35,186.48,186.29,186.48,326.711812
2019-11-08 08:18:00,186.34,186.36,186.32,186.36,75.285834
2019-11-08 08:17:00,186.31,186.46,186.31,186.37,180.228767
2019-11-08 08:16:00,186.39,186.5,186.3,186.3,158.793539
2019-11-08 08:15:00,186.53,186.53,186.39,186.39,22.04053
2019-11-08 08:14:00,186.38,186.54,186.38,186.54,36.262762
2019-11-08 08:13:00,186.3,186.38,186.12,186.37,157.137775
2019-11-08 08:12:00,186.48,186.49,186.31,186.31,83.519998
2019-11-08 08:11:00,186.5,186.5,186.43,186.48,55.853836
2019-11-08 08:10:00,186.42,186.48,186.41,186.48,65.335528
2019-11-08 08:09:00,186.52,186.59,186.47,186.47,318.396677
2019-11-08 08:08:00,186.44,186.57,186.44,186.51,210.517667
2019-11-08 08:07:00,186.53,186.53,186.43,186.44,48.419703
2019-11-08 08:06:00,186.68,186.68,186.59,186.59,174.426836
2019-11-08 08:05:00,186.75,186.79,186.6,186.6,306.235539
2019-11-08 08:04:00,186.83,186.83,186.76,186.79,4.778834
2019-11-08 08:03:00,186.83,186.83,186.83,186.83,1.984095
2019-11-08 08:02:00,186.85,186.86,186.74,186.84,17.106599
2019-11-08 08:01:00,186.76,186.86,186.76,186.86,71.946228
2019-11-08 08:00:00,186.77,186.78,186.71,186.77,13.649435
2019-11-08 07:59:00,186.67,186.72,186.66,186.72,17.187659
2019-11-08 07:58:00,186.7,186.7,186.67,186.67,26.73314
2019-11-08 07:57:00,186.73,186.73,186.7,186.7,16.771601
2019-11-08 07:56:00,186.81,186.81,186.73,186.73,10.822292
2019-11-08 07:55:00,186.75,186.84,186.75,186.8,13.097685
2019-11-08 07:54:00,186.78,186.78,186.7,186.7,33.736194
2019-11-08 07:53:00,186.86,186.86,186.73,186.78,4.114735
2019-11-08 07:52:00,186.83,186.83,186.83,186.83,2.303429
2019-11-08 07:51:00,186.86,186.86,186.83,186.83,1.267142
2019-11-08 07:50:00,186.82,186.86,186.82,186.86,12.739733
2019-11-08 07:49:00,186.82,186.88,186.77,186.86,13.63902
2019-11-08 07:48:00,186.87,186.88,186.8,186.88,211.34781
2019-11-08 07:47:00,186.79,186.8,186.68,186.8,155.63316
2019-11-08 07:46:00,186.78,186.78,186.78,186.78,0.866496
2019-11-08 07:45:00,186.77,186.81,186.77,186.79,84.482971
2019-11-08 07:44:00,186.84,186.84,186.76,186.77,11.891391
2019-11-08 07:43:00,186.87,186.87,186.84,186.84,10.777745
2019-11-08 07:42:00,186.85,186.89,186.85,186.88,4.579388
2019-11-08 07:41:00,187.04,187.04,186.84,186.85,57.074362
2019-11-08 07:40:00,187.01,187.04,187.01,187.03,1.563123
2019-11-08 07:39:00,187.05,187.05,186.94,187,80.346447
2019-11-08 07:38:00,187.03,187.06,187.03,187.06,3.313677
2019-11-08 07:37:00,186.91,187.02,186.91,186.97,119.918294
2019-11-08 07:36:00,186.91,186.91,186.9,186.9,4.627741
2019-11-08 07:35:00,186.99,186.99,186.84,186.94,23.887966
2019-11-08 07:34:00,187.06,187.06,186.99,186.99,11.985033
2019-11-08 07:33:00,186.98,186.98,186.98,186.98,0.553231
2019-11-08 07:32:00,186.96,186.99,186.96,186.98,55.028947
2019-11-08 07:31:00,187.01,187.01,186.93,186.97,7.523176
2019-11-08 07:30:00,187.02,187.09,187.01,187.04,16.885662
2019-11-08 07:29:00,186.99,187.06,186.99,187.02,65.982494
2019-11-08 07:28:00,186.89,187.03,186.89,186.99,40.000894
2019-11-08 07:27:00,186.87,186.92,186.85,186.89,115.582101
2019-11-08 07:26:00,186.85,186.87,186.85,186.87,10.56809
2019-11-08 07:25:00,186.89,186.89,186.84,186.84,0.248262
2019-11-08 07:24:00,186.93,186.93,186.88,186.88,0.399189
2019-11-08 07:23:00,186.95,186.95,186.94,186.94,6.048077
2019-11-08 07:22:00,186.94,186.96,186.94,186.95,18.075371
2019-11-08 07:21:00,186.94,186.94,186.94,186.94,0.320572
2019-11-08 07:20:00,186.98,186.98,186.91,186.94,0.575997
2019-11-08 07:19:00,187.01,187.01,186.98,186.98,0.166524
2019-11-08 07:18:00,187.02,187.02,187.01,187.01,9.079442
2019-11-08 07:17:00,186.95,187.01,186.95,187.01,43.769047
2019-11-08 07:16:00,187.1,187.1,187,187,10.048405
2019-11-08 07:15:00,187.09,187.11,187.09,187.1,31.440173
2019-11-08 07:14:00,187.11,187.11,187.09,187.09,23.530853
2019-11-08 07:13:00,187.15,187.15,187.09,187.12,22.539687
2019-11-08 07:12:00,187.18,187.18,187.16,187.16,9.508748
2019-11-08 07:11:00,187.15,187.21,187.14,187.17,3.530357
2019-11-08 07:10:00,187.2,187.2,187.14,187.15,3.010064
2019-11-08 07:09:00,187.21,187.21,187.2,187.2,15.136875
2019-11-08 07:08:00,187.2,187.23,187.2,187.21,7.861064
2019-11-08 07:07:00,187.18,187.23,187.18,187.19,0.683188
2019-11-08 07:06:00,187.17,187.18,187.17,187.18,7.662297
2019-11-08 07:05:00,187.17,187.17,187.16,187.16,1.504371
2019-11-08 07:04:00,187.34,187.34,187.13,187.18,179.803592
2019-11-08 07:03:00,187.32,187.32,187.32,187.32,0
2019-11-08 07:02:00,187.31,187.35,187.3,187.32,3.125545
2019-11-08 07:01:00,187.31,187.31,187.31,187.31,7.446237
2019-11-08 07:00:00,187.34,187.34,187.3,187.3,10.872279
2019-11-08 06:59:00,187.35,187.35,187.35,187.35,2.35423
2019-11-08 06:58:00,187.44,187.44,187.33,187.35,38.960862
2019-11-08 06:57:00,187.37,187.45,187.36,187.45,16.131186
2019-11-08 06:56:00,187.38,187.38,187.37,187.37,9.518388
2019-11-08 06:55:00,187.29,187.39,187.29,187.37,28.627581
2019-11-08 06:54:00,187.3,187.31,187.25,187.28,29.744321
2019-11-08 06:53:00,187.3,187.3,187.3,187.3,0.310243
2019-11-08 06:52:00,187.32,187.35,187.3,187.31,11.346978
2019-11-08 06:51:00,187.38,187.38,187.32,187.32,6.3486
2019-11-08 06:50:00,187.37,187.37,187.33,187.37,3.607713
2019-11-08 06:49:00,187.28,187.31,187.28,187.31,1.449175
2019-11-08 06:48:00,187.26,187.34,187.26,187.26,0.922504
2019-11-08 06:47:00,187.19,187.26,187.19,187.26,6.460487
2019-11-08 06:46:00,187.19,187.19,187.19,187.19,0
2019-11-08 06:45:00,187.2,187.2,187.19,187.19,26.543886
2019-11-08 06:44:00,187.2,187.21,187.19,187.21,16.793379
2019-11-08 06:43:00,187.14,187.19,187.14,187.19,4.063325
2019-11-08 06:42:00,187.18,187.18,187.18,187.18,0
2019-11-08 06:41:00,187.08,187.19,187.08,187.18,40.415299
2019-11-08 06:40:00,187.12,187.12,187.07,187.07,0.220553
2019-11-08 06:39:00,187.12,187.12,187.12,187.12,0.011498
2019-11-08 06:38:00,187.16,187.16,187.08,187.1,20.65726
2019-11-08 06:37:00,187.32,187.32,187.21,187.21,0.467023
2019-11-08 06:36:00,187.36,187.36,187.32,187.32,15.541814
2019-11-08 06:35:00,187.35,187.37,187.32,187.37,21.97719
2019-11-08 06:34:00,187.2,187.35,187.2,187.35,40.915377
2019-11-08 06:33:00,187.06,187.21,187.06,187.19,37.925938
2019-11-08 06:32:00,187.05,187.05,187.05,187.05,0
2019-11-08 06:31:00,187.05,187.05,187.05,187.05,0.241042
2019-11-08 06:30:00,187.05,187.05,187.05,187.05,0
2019-11-08 06:29:00,187.17,187.17,186.98,187.05,295.937894
2019-11-08 06:28:00,186.97,187.17,186.97,187.17,44.486268
2019-11-08 06:27:00,186.92,186.96,186.92,186.96,10.937383
2019-11-08 06:26:00,186.92,186.92,186.92,186.92,2.073601
2019-11-08 06:25:00,186.94,186.95,186.91,186.94,27.470172
2019-11-08 06:24:00,186.93,186.94,186.93,186.94,3.961304
2019-11-08 06:23:00,186.93,186.93,186.93,186.93,38.150801
2019-11-08 06:22:00,186.87,186.94,186.87,186.93,5.834572
2019-11-08 06:21:00,186.99,186.99,186.87,186.87,9.674211
2019-11-08 06:20:00,186.99,187.06,186.99,186.99,71.199369
2019-11-08 06:19:00,187.02,187.04,186.98,186.98,28.062382
2019-11-08 06:18:00,187.11,187.11,186.97,187.01,58.240059
2019-11-08 06:17:00,187.16,187.16,187.11,187.12,51.542455
2019-11-08 06:16:00,187.17,187.17,187.17,187.17,0.001927
2019-11-08 06:15:00,187.1,187.18,187.09,187.17,32.874553
2019-11-08 06:14:00,187.13,187.13,187.1,187.1,66.705716
2019-11-08 06:13:00,187.11,187.16,187.11,187.14,8.118225
2019-11-08 06:12:00,187.06,187.1,187.06,187.1,5.229645
2019-11-08 06:11:00,187.16,187.16,187.07,187.07,23.385791
2019-11-08 06:10:00,187.18,187.19,187.17,187.17,22.498802
2019-11-08 06:09:00,186.99,187.17,186.99,187.17,9.988818
2019-11-08 06:08:00,187.07,187.07,186.95,186.95,20.618992
2019-11-08 06:07:00,187.09,187.18,187.04,187.04,94.918035
2019-11-08 06:06:00,187.09,187.14,187.02,187.13,64.475084
2019-11-08 06:05:00,187.01,187.1,187.01,187.1,68.737463
2019-11-08 06:04:00,187.08,187.09,186.97,187.01,182.130334
2019-11-08 06:03:00,186.85,187.09,186.85,187.08,427.282648
2019-11-08 06:02:00,186.8,186.86,186.73,186.8,156.895336
2019-11-08 06:01:00,186.61,186.79,186.56,186.79,7.773505
2019-11-08 06:00:00,186.71,186.79,186.48,186.58,203.18787
2019-11-08 05:59:00,186.5,186.73,186.5,186.73,36.533471
2019-11-08 05:58:00,186.54,186.54,186.5,186.5,10.564856
2019-11-08 05:57:00,186.48,186.53,186.48,186.53,0.293081
2019-11-08 05:56:00,186.53,186.53,186.44,186.45,3.46128
2019-11-08 05:55:00,186.6,186.61,186.45,186.49,109.203748
2019-11-08 05:54:00,186.53,186.6,186.53,186.6,214.829881
2019-11-08 05:53:00,186.55,186.64,186.53,186.53,11.242794
2019-11-08 05:52:00,186.61,186.64,186.57,186.57,0.197008
2019-11-08 05:51:00,186.59,186.7,186.59,186.6,12.708559
2019-11-08 05:50:00,186.68,186.68,186.54,186.54,27.663955
2019-11-08 05:49:00,186.62,186.67,186.62,186.67,7.996785
2019-11-08 05:48:00,186.69,186.72,186.61,186.61,51.789848
2019-11-08 05:47:00,186.48,186.6,186.48,186.6,23.34825
2019-11-08 05:46:00,186.43,186.48,186.36,186.43,178.271846
2019-11-08 05:45:00,186.35,186.46,186.35,186.43,58.90718
2019-11-08 05:44:00,186.66,186.66,186.42,186.42,16.747473
2019-11-08 05:43:00,186.52,186.68,186.46,186.66,71.509615
2019-11-08 05:42:00,186.33,186.58,186.33,186.46,233.925864
2019-11-08 05:41:00,186.29,186.33,186.29,186.33,19.357979
2019-11-08 05:40:00,186.2,186.29,186.2,186.29,2.408342
2019-11-08 05:39:00,186.31,186.31,186.13,186.2,48.085458
2019-11-08 05:38:00,186.24,186.32,186.12,186.32,126.225258
2019-11-08 05:37:00,186.08,186.25,186.08,186.25,276.374118
2019-11-08 05:36:00,186.06,186.17,185.9,186.02,58.490976
2019-11-08 05:35:00,185.81,186.11,185.81,186,140.229597
2019-11-08 05:34:00,185.5,186.18,185.5,185.84,654.450365
2019-11-08 05:33:00,185.23,185.67,185.22,185.55,235.915162
2019-11-08 05:32:00,185.34,185.34,185.1,185.28,158.97652
2019-11-08 05:31:00,185.09,185.32,185,185.32,248.546876
2019-11-08 05:30:00,185.4,185.46,184.7,185.07,1474.943776
2019-11-08 05:29:00,185.39,185.41,185.14,185.4,1196.71141
2019-11-08 05:28:00,185.72,185.82,185.38,185.38,133.556971
2019-11-08 05:27:00,185.57,185.68,185.57,185.67,146.288675
2019-11-08 05:26:00,185.58,185.61,185.55,185.58,59.100203
2019-11-08 05:25:00,185.58,185.68,185.51,185.59,58.439578
2019-11-08 05:24:00,185.86,185.86,185.59,185.59,619.100187
2019-11-08 05:23:00,185.93,185.93,185.85,185.86,50.566457
2019-11-08 05:22:00,185.96,185.96,185.93,185.93,20.15408
2019-11-08 05:21:00,185.95,186.02,185.95,186.01,12.031312
2019-11-08 05:20:00,186.02,186.09,185.95,185.95,3.680184
2019-11-08 05:19:00,185.97,185.98,185.96,185.98,4.824606
2019-11-08 05:18:00,185.95,186.02,185.95,185.98,3.558062
2019-11-08 05:17:00,186.08,186.09,185.94,185.95,27.795716
2019-11-08 05:16:00,186.08,186.08,186.02,186.02,0.56173
2019-11-08 05:15:00,186.17,186.17,186.09,186.09,11.977767
2019-11-08 05:14:00,186.02,186.13,186.01,186.13,74.683025
2019-11-08 05:13:00,186.03,186.03,185.98,185.98,0.170514
2019-11-08 05:12:00,186.03,186.03,186.03,186.03,0
2019-11-08 05:11:00,186.03,186.03,186.03,186.03,0.030155
2019-11-08 05:10:00,186.03,186.03,185.98,186.03,31.910476
2019-11-08 05:09:00,186.02,186.03,185.99,186.03,1.101188
2019-11-08 05:08:00,186.1,186.1,186,186.02,9.710647
2019-11-08 05:07:00,186.16,186.16,186.1,186.1,1.29671
2019-11-08 05:06:00,186.08,186.18,186.08,186.18,20.376321
2019-11-08 05:05:00,186.13,186.13,186.09,186.12,3.115142
2019-11-08 05:04:00,186.15,186.15,186.14,186.14,0.079092
2019-11-08 05:03:00,186.09,186.15,186.05,186.15,25.489898
2019-11-08 05:02:00,186.06,186.06,186.06,186.06,0.011807
2019-11-08 05:01:00,186.11,186.12,186.02,186.06,27.069329
2019-11-08 05:00:00,186.12,186.18,186.1,186.1,84.134618
2019-11-08 04:59:00,185.99,186.11,185.99,186.11,20.867994
2019-11-08 04:58:00,185.95,186.03,185.95,185.98,14.257822
2019-11-08 04:57:00,185.95,185.95,185.95,185.95,0.5171
2019-11-08 04:56:00,185.95,185.96,185.95,185.95,0.333007
2019-11-08 04:55:00,185.97,185.97,185.95,185.95,0.298317
2019-11-08 04:54:00,186.02,186.02,185.95,185.97,85.824063
2019-11-08 04:53:00,186.02,186.02,186.02,186.02,0
2019-11-08 04:52:00,186.02,186.02,186.02,186.02,47.359485
2019-11-08 04:51:00,186.04,186.04,186.02,186.02,86.50753
2019-11-08 04:50:00,186.05,186.05,186.05,186.05,0.415658
2019-11-08 04:49:00,186.05,186.06,186.05,186.05,2.180547
2019-11-08 04:48:00,186.05,186.05,186.03,186.04,0.547955
2019-11-08 04:47:00,186.08,186.08,186.05,186.05,6.01828
2019-11-08 04:46:00,186.09,186.09,186.09,186.09,9.340282
2019-11-08 04:45:00,186.12,186.13,186.08,186.09,2.668863
2019-11-08 04:44:00,186.11,186.13,186.11,186.13,0.057838
2019-11-08 04:43:00,186.08,186.08,186.07,186.08,6.625958
2019-11-08 04:42:00,186.07,186.13,186.07,186.08,40.718186
2019-11-08 04:41:00,186.08,186.1,186.06,186.06,27.684022
2019-11-08 04:40:00,186.1,186.1,186.06,186.06,4.424541
2019-11-08 04:39:00,186.02,186.05,186.02,186.05,1.954474
2019-11-08 04:38:00,186.02,186.02,186.02,186.02,0
2019-11-08 04:37:00,186.02,186.13,186.02,186.02,0.890393
2019-11-08 04:36:00,186.02,186.02,186.02,186.02,1.087587
2019-11-08 04:35:00,186.01,186.01,186.01,186.01,4.253321
2019-11-08 04:34:00,186.02,186.02,186.02,186.02,3.561454
2019-11-08 04:33:00,186.02,186.02,186.02,186.02,0.993432
2019-11-08 04:32:00,186.02,186.02,186.02,186.02,0
2019-11-08 04:31:00,186.01,186.02,186.01,186.02,1.459855
2019-11-08 04:30:00,186.02,186.02,186.01,186.01,3.294874
2019-11-08 04:29:00,186.02,186.02,186.02,186.02,2.629588
2019-11-08 04:28:00,186.02,186.02,186.02,186.02,0
2019-11-08 04:27:00,186.05,186.11,186.02,186.02,8.671937
2019-11-08 04:26:00,186.04,186.04,186.04,186.04,2.602497
2019-11-08 04:25:00,186.04,186.04,186.03,186.04,0.859737
2019-11-08 04:24:00,186.04,186.04,186.03,186.03,1.081011
2019-11-08 04:23:00,186.04,186.04,186.02,186.02,2.124045
2019-11-08 04:22:00,186.01,186.01,186.01,186.01,0.04603
2019-11-08 04:21:00,186.03,186.03,186.03,186.03,0
2019-11-08 04:20:00,186.03,186.03,186.03,186.03,0
2019-11-08 04:19:00,185.99,186.04,185.99,186.03,1.462294
2019-11-08 04:18:00,186.03,186.03,185.97,185.97,0.170688
2019-11-08 04:17:00,185.97,186.04,185.97,186.04,0.412376
2019-11-08 04:16:00,186.01,186.01,185.98,185.98,0.088536
2019-11-08 04:15:00,185.92,186.01,185.92,186.01,1.298651
2019-11-08 04:14:00,185.95,185.99,185.94,185.94,0.454389
2019-11-08 04:13:00,185.93,186.04,185.93,186,4.101642
2019-11-08 04:12:00,185.99,185.99,185.93,185.98,0.628137
2019-11-08 04:11:00,186.06,186.06,186.01,186.03,1.528642
2019-11-08 04:10:00,186.05,186.05,186.05,186.05,0.418875
2019-11-08 04:09:00,185.93,186.08,185.93,186.04,4.593835
2019-11-08 04:08:00,185.97,186.01,185.9,185.97,50.394722
2019-11-08 04:07:00,185.9,186.02,185.9,185.96,14.592823
2019-11-08 04:06:00,185.89,185.9,185.89,185.89,5.483376
2019-11-08 04:05:00,185.92,185.92,185.88,185.88,6.83107
2019-11-08 04:04:00,185.93,186,185.89,185.94,137.92735
2019-11-08 04:03:00,186,186,185.92,185.94,54.043249
2019-11-08 04:02:00,186.11,186.11,186,186,64.902772
2019-11-08 04:01:00,186.1,186.14,186.05,186.14,54.778222
2019-11-08 04:00:00,186.01,186.09,185.98,186.09,104.801363
2019-11-08 03:59:00,186.04,186.05,186,186.01,32.573315
2019-11-08 03:58:00,186.07,186.11,186.03,186.03,67.36587
2019-11-08 03:57:00,186.09,186.09,186.07,186.07,39.205016
2019-11-08 03:56:00,186.08,186.09,186.05,186.08,7.043538
2019-11-08 03:55:00,186.03,186.1,186.01,186.09,135.154397
2019-11-08 03:54:00,186.07,186.1,185.98,186.08,2.541759
2019-11-08 03:53:00,186.08,186.14,185.99,186.12,47.263418
2019-11-08 03:52:00,186.12,186.12,185.99,186.08,103.664654
2019-11-08 03:51:00,186.03,186.1,186.03,186.03,44.259283
2019-11-08 03:50:00,186.17,186.17,185.99,186.04,10.277447
2019-11-08 03:49:00,186.11,186.19,185.97,186.19,35.471656
2019-11-08 03:48:00,186.08,186.16,186,186.11,122.733147
2019-11-08 03:47:00,186.04,186.18,185.92,186.08,163.095815
2019-11-08 03:46:00,186.13,186.13,186.02,186.03,117.722991
2019-11-08 03:45:00,186.26,186.31,186.14,186.14,192.816505
2019-11-08 03:44:00,186.14,186.29,186.14,186.25,110.840924
2019-11-08 03:43:00,186.11,186.14,186.11,186.14,26.497554
2019-11-08 03:42:00,186.15,186.18,186.11,186.11,19.410974
2019-11-08 03:41:00,186.13,186.16,186.13,186.16,9.911259
2019-11-08 03:40:00,186.18,186.18,186.14,186.14,9.391373
2019-11-08 03:39:00,186.21,186.21,186.13,186.18,11.146645
2019-11-08 03:38:00,186.2,186.25,186.2,186.21,24.026566
2019-11-08 03:37:00,186.21,186.26,186.18,186.19,84.91968
2019-11-08 03:36:00,186.19,186.27,186.19,186.23,38.547935
2019-11-08 03:35:00,186.19,186.19,186.12,186.19,65.714415
2019-11-08 03:34:00,186.36,186.37,186.16,186.19,163.594627
2019-11-08 03:33:00,186.39,186.39,186.33,186.37,37.676665
2019-11-08 03:32:00,186.39,186.39,186.38,186.38,0.259483
2019-11-08 03:31:00,186.37,186.43,186.37,186.4,50.632957
2019-11-08 03:30:00,186.44,186.44,186.41,186.41,14.186417
2019-11-08 03:29:00,186.47,186.48,186.39,186.44,130.729908
2019-11-08 03:28:00,186.37,186.53,186.37,186.48,133.40455
2019-11-08 03:27:00,186.37,186.39,186.37,186.38,0.90452
2019-11-08 03:26:00,186.38,186.38,186.36,186.37,48.551051
2019-11-08 03:25:00,186.39,186.39,186.38,186.39,31.631137
2019-11-08 03:24:00,186.33,186.4,186.33,186.38,101.436537
2019-11-08 03:23:00,186.34,186.35,186.34,186.35,1.375326
2019-11-08 03:22:00,186.29,186.38,186.29,186.36,114.213602
2019-11-08 03:21:00,186.34,186.41,186.28,186.32,225.9818
2019-11-08 03:20:00,186.33,186.33,186.2,186.33,277.706971
2019-11-08 03:19:00,186.45,186.51,186.29,186.33,432.891147
2019-11-08 03:18:00,186.57,186.57,186.46,186.46,13.428187
2019-11-08 03:17:00,186.61,186.61,186.6,186.6,4.287993
2019-11-08 03:16:00,186.53,186.62,186.53,186.61,95.485763
2019-11-08 03:15:00,186.56,186.56,186.56,186.56,0.016901
2019-11-08 03:14:00,186.56,186.57,186.52,186.57,3.267459
2019-11-08 03:13:00,186.58,186.59,186.52,186.56,49.147929
2019-11-08 03:12:00,186.53,186.61,186.53,186.58,13.530326
2019-11-08 03:11:00,186.52,186.61,186.52,186.61,113.775786
2019-11-08 03:10:00,186.43,186.53,186.43,186.52,24.839869
2019-11-08 03:09:00,186.45,186.45,186.43,186.43,2.909599
2019-11-08 03:08:00,186.5,186.5,186.46,186.46,1.836995
2019-11-08 03:07:00,186.45,186.5,186.43,186.5,17.225055
2019-11-08 03:06:00,186.44,186.52,186.44,186.45,9.887071
2019-11-08 03:05:00,186.36,186.43,186.36,186.43,9.852794
2019-11-08 03:04:00,186.37,186.37,186.36,186.37,1.473683
2019-11-08 03:03:00,186.28,186.35,186.24,186.35,1.866072
2019-11-08 03:02:00,186.33,186.36,186.26,186.26,22.989399
2019-11-08 03:01:00,186.25,186.34,186.25,186.28,25.879015
2019-11-08 03:00:00,186.12,186.23,186.12,186.23,0.710438
2019-11-08 02:59:00,186.13,186.14,186,186.11,71.324103
2019-11-08 02:58:00,186.14,186.14,186.14,186.14,8.041181
2019-11-08 02:57:00,185.98,186.14,185.98,186.14,24.867946
2019-11-08 02:56:00,185.94,186.03,185.94,185.97,18.653208
2019-11-08 02:55:00,185.97,185.97,185.97,185.97,0.091071
2019-11-08 02:54:00,185.99,185.99,185.94,185.98,29.715202
2019-11-08 02:53:00,185.9,186.06,185.9,186,4.527092
2019-11-08 02:52:00,185.89,186.04,185.89,185.92,53.484125
2019-11-08 02:51:00,185.78,185.88,185.78,185.88,87.640139
2019-11-08 02:50:00,185.96,185.96,185.78,185.78,18.928635
2019-11-08 02:49:00,185.92,185.96,185.86,185.96,3.020067
2019-11-08 02:48:00,185.96,185.96,185.87,185.87,15.625186
2019-11-08 02:47:00,186.05,186.05,185.97,185.97,56.606369
2019-11-08 02:46:00,185.98,186.06,185.98,186.05,100.078844
2019-11-08 02:45:00,185.86,186.05,185.86,185.97,166.716475
2019-11-08 02:44:00,185.84,185.93,185.78,185.86,106.227556
2019-11-08 02:43:00,185.73,185.82,185.66,185.82,98.475256
2019-11-08 02:42:00,185.56,185.8,185.56,185.79,92.378155
2019-11-08 02:41:00,185.6,185.6,185.57,185.57,10.738724
2019-11-08 02:40:00,185.72,185.78,185.63,185.63,93.360131
2019-11-08 02:39:00,185.75,185.76,185.7,185.72,25.817542
2019-11-08 02:38:00,185.62,185.79,185.62,185.78,123.57477
2019-11-08 02:37:00,185.62,185.62,185.62,185.62,0
2019-11-08 02:36:00,185.52,185.63,185.52,185.62,91.73648
2019-11-08 02:35:00,185.63,185.64,185.52,185.52,14.891957
2019-11-08 02:34:00,185.57,185.59,185.53,185.59,0.242761
2019-11-08 02:33:00,185.71,185.71,185.65,185.65,2.106145
2019-11-08 02:32:00,185.58,185.76,185.58,185.75,10.298784
2019-11-08 02:31:00,185.68,185.68,185.56,185.57,17.32712
2019-11-08 02:30:00,185.54,185.69,185.54,185.69,23.447639
2019-11-08 02:29:00,185.6,185.6,185.57,185.57,87.855167
2019-11-08 02:28:00,185.68,185.68,185.6,185.63,139.022018
2019-11-08 02:27:00,185.73,185.73,185.62,185.67,13.40724
2019-11-08 02:26:00,185.66,185.72,185.64,185.72,16.106346
2019-11-08 02:25:00,185.67,185.67,185.67,185.67,0.075231
2019-11-08 02:24:00,185.62,185.69,185.62,185.68,8.249135
2019-11-08 02:23:00,185.73,185.77,185.61,185.61,63.939409
2019-11-08 02:22:00,185.62,185.72,185.56,185.72,12.303162
2019-11-08 02:21:00,185.69,185.69,185.57,185.62,284.409015
2019-11-08 02:20:00,185.8,185.8,185.74,185.74,10.80128
2019-11-08 02:19:00,185.63,185.89,185.63,185.82,184.598934
2019-11-08 02:18:00,185.74,185.74,185.57,185.6,179.596264
2019-11-08 02:17:00,185.66,185.75,185.63,185.75,10.787008
2019-11-08 02:16:00,185.68,185.8,185.67,185.67,174.854266
2019-11-08 02:15:00,185.69,185.73,185.6,185.68,18.100291
2019-11-08 02:14:00,185.71,185.79,185.62,185.63,105.623076
2019-11-08 02:13:00,185.6,185.71,185.6,185.71,15.691143
2019-11-08 02:12:00,185.66,185.66,185.6,185.61,36.693881
2019-11-08 02:11:00,185.42,185.7,185.42,185.69,73.051838
2019-11-08 02:10:00,185.48,185.48,185.41,185.41,136.992785
2019-11-08 02:09:00,185.53,185.53,185.46,185.48,29.791828
2019-11-08 02:08:00,185.5,185.61,185.5,185.5,154.998935
2019-11-08 02:07:00,185.44,185.55,185.39,185.51,70.93834
2019-11-08 02:06:00,185.44,185.45,185.39,185.44,77.082399
2019-11-08 02:05:00,185.46,185.55,185.4,185.48,237.432004
2019-11-08 02:04:00,185.44,185.47,185.31,185.47,101.723576
2019-11-08 02:03:00,185.39,185.52,185.39,185.44,187.240221
2019-11-08 02:02:00,185.6,185.6,185.32,185.41,548.797773
2019-11-08 02:01:00,185.68,185.68,185.63,185.63,8.718929
2019-11-08 02:00:00,185.65,185.79,185.62,185.73,67.260584
2019-11-08 01:59:00,185.73,185.74,185.6,185.6,10.79011
2019-11-08 01:58:00,185.61,185.8,185.61,185.69,59.933837
2019-11-08 01:57:00,185.7,185.7,185.6,185.62,88.448684
2019-11-08 01:56:00,185.78,185.78,185.59,185.69,154.239415
2019-11-08 01:55:00,185.75,185.78,185.75,185.78,107.144251
2019-11-08 01:54:00,185.92,185.92,185.75,185.75,80.314552
2019-11-08 01:53:00,185.94,185.94,185.84,185.91,79.301722
2019-11-08 01:52:00,185.97,185.97,185.84,185.95,129.609801
2019-11-08 01:51:00,186.09,186.09,185.98,185.98,15.834659
2019-11-08 01:50:00,186.13,186.14,186.07,186.08,10.825767
2019-11-08 01:49:00,186.12,186.17,186.12,186.14,0.265623
2019-11-08 01:48:00,186.11,186.12,186.11,186.12,7.601647
2019-11-08 01:47:00,186.21,186.3,186.12,186.17,35.708426
2019-11-08 01:46:00,186.26,186.26,186.09,186.2,136.172398
2019-11-08 01:45:00,186.32,186.32,186.25,186.26,41.982725
2019-11-08 01:44:00,186.26,186.3,186.26,186.26,8.453315
2019-11-08 01:43:00,186.18,186.27,186.18,186.27,29.273887
2019-11-08 01:42:00,186.31,186.31,186.18,186.18,9.769867
2019-11-08 01:41:00,186.31,186.32,186.31,186.31,1.692086
2019-11-08 01:40:00,186.27,186.28,186.27,186.27,43.761602
2019-11-08 01:39:00,186.27,186.27,186.26,186.26,3.711651
2019-11-08 01:38:00,186.27,186.27,186.26,186.26,0.108752
2019-11-08 01:37:00,186.27,186.27,186.27,186.27,18.87661
2019-11-08 01:36:00,186.26,186.27,186.26,186.27,7.506676
2019-11-08 01:35:00,186.27,186.27,186.27,186.27,23.877721
2019-11-08 01:34:00,186.27,186.27,186.27,186.27,3.865397
2019-11-08 01:33:00,186.26,186.27,186.26,186.27,20.040762
2019-11-08 01:32:00,186.29,186.31,186.26,186.27,0.244933
2019-11-08 01:31:00,186.43,186.43,186.29,186.29,295.885374
2019-11-08 01:30:00,186.33,186.44,186.32,186.44,24.656231
2019-11-08 01:29:00,186.27,186.45,186.27,186.37,96.140319
2019-11-08 01:28:00,186.27,186.28,186.27,186.27,4.802169
2019-11-08 01:27:00,186.22,186.32,186.22,186.31,87.649761
2019-11-08 01:26:00,186.39,186.39,186.31,186.31,31.210601
2019-11-08 01:25:00,186.31,186.39,186.31,186.38,13.112991
2019-11-08 01:24:00,186.3,186.34,186.3,186.34,14.083026
2019-11-08 01:23:00,186.29,186.39,186.29,186.35,30.560319
2019-11-08 01:22:00,186.34,186.34,186.26,186.28,20.430987
2019-11-08 01:21:00,186.25,186.34,186.22,186.34,29.063316
2019-11-08 01:20:00,186.3,186.3,186.21,186.26,36.625715
2019-11-08 01:19:00,186.28,186.31,186.24,186.3,41.500759
2019-11-08 01:18:00,186.26,186.33,186.25,186.28,131.71171
2019-11-08 01:17:00,186.3,186.33,186.3,186.31,14.496087
2019-11-08 01:16:00,186.26,186.3,186.26,186.3,7.7671
2019-11-08 01:15:00,186.21,186.26,186.21,186.26,7.370083
2019-11-08 01:14:00,186.23,186.23,186.21,186.21,12.832095
2019-11-08 01:13:00,186.16,186.22,186.16,186.22,0.749174
2019-11-08 01:12:00,186.3,186.3,186.04,186.12,61.842876
2019-11-08 01:11:00,186.27,186.33,186.23,186.23,13.673719
2019-11-08 01:10:00,186.25,186.34,186.25,186.28,1.815142
2019-11-08 01:09:00,186.43,186.47,186.25,186.25,19.426481
2019-11-08 01:08:00,186.53,186.54,186.35,186.37,54.385035
2019-11-08 01:07:00,186.31,186.46,186.28,186.46,79.260947
2019-11-08 01:06:00,186.37,186.38,186.31,186.31,4.205988
2019-11-08 01:05:00,186.36,186.39,186.31,186.36,35.551171
2019-11-08 01:04:00,186.63,186.63,186.36,186.36,81.102291
2019-11-08 01:03:00,186.49,186.68,186.49,186.68,5.250764
2019-11-08 01:02:00,186.53,186.53,186.51,186.51,6.678413
2019-11-08 01:01:00,186.61,186.61,186.47,186.52,83.426627
2019-11-08 01:00:00,186.46,186.6,186.46,186.6,3.240656
2019-11-08 00:59:00,186.43,186.49,186.43,186.46,6.404745
2019-11-08 00:58:00,186.58,186.62,186.44,186.44,35.503572
2019-11-08 00:57:00,186.53,186.54,186.52,186.54,6.701891
2019-11-08 00:56:00,186.54,186.54,186.5,186.53,0.488935
2019-11-08 00:55:00,186.58,186.58,186.48,186.55,6.056383
2019-11-08 00:54:00,186.71,186.71,186.46,186.59,21.678326
2019-11-08 00:53:00,186.51,186.73,186.51,186.72,50.194857
2019-11-08 00:52:00,186.51,186.51,186.5,186.51,85.535143
2019-11-08 00:51:00,186.55,186.63,186.5,186.51,31.323018
2019-11-08 00:50:00,186.56,186.63,186.55,186.55,71.03117
2019-11-08 00:49:00,186.6,186.6,186.56,186.57,7.93379
2019-11-08 00:48:00,186.72,186.72,186.55,186.6,26.894397
2019-11-08 00:47:00,186.86,186.86,186.78,186.78,94.585971
2019-11-08 00:46:00,186.77,186.88,186.75,186.86,220.488368
2019-11-08 00:45:00,186.93,186.93,186.75,186.77,297.422214
2019-11-08 00:44:00,186.75,186.9,186.69,186.9,69.75525
2019-11-08 00:43:00,186.92,186.92,186.75,186.75,65.017116
2019-11-08 00:42:00,187,187,186.92,186.92,15.83195
2019-11-08 00:41:00,186.99,187,186.98,187,5.364589
2019-11-08 00:40:00,186.97,187,186.97,187,93.163077
2019-11-08 00:39:00,187,187,186.93,186.97,58.757979
2019-11-08 00:38:00,187.1,187.2,187.04,187.04,158.607812
2019-11-08 00:37:00,186.99,187.1,186.99,187.1,4.7843
2019-11-08 00:36:00,186.9,187,186.9,186.97,89.096866
2019-11-08 00:35:00,186.96,186.96,186.86,186.91,6.375429
2019-11-08 00:34:00,187.1,187.1,186.88,186.88,52.288954
2019-11-08 00:33:00,186.92,187.14,186.92,187.13,63.945026
2019-11-08 00:32:00,186.86,186.91,186.86,186.91,111.942529
2019-11-08 00:31:00,186.83,186.86,186.62,186.86,200.901172
2019-11-08 00:30:00,187.02,187.06,186.81,186.82,71.387845
2019-11-08 00:29:00,187.03,187.11,187.02,187.02,144.261839
2019-11-08 00:28:00,186.94,187.03,186.94,187.02,56.427906
2019-11-08 00:27:00,186.84,186.99,186.83,186.99,77.635376
2019-11-08 00:26:00,186.72,186.92,186.7,186.87,229.615617
2019-11-08 00:25:00,186.69,186.73,186.6,186.72,236.805965
2019-11-08 00:24:00,186.48,186.68,186.48,186.68,56.613969
2019-11-08 00:23:00,186.5,186.51,186.47,186.48,2.40292
2019-11-08 00:22:00,186.47,186.58,186.47,186.49,27.591301
2019-11-08 00:21:00,186.58,186.58,186.48,186.48,6.439989
2019-11-08 00:20:00,186.68,186.68,186.58,186.58,13.821453
2019-11-08 00:19:00,186.64,186.71,186.62,186.69,37.246371
2019-11-08 00:18:00,186.66,186.67,186.56,186.65,188.869815
2019-11-08 00:17:00,186.6,186.66,186.6,186.66,18.483481
2019-11-08 00:16:00,186.52,186.58,186.47,186.58,60.12389
2019-11-08 00:15:00,186.6,186.6,186.52,186.53,216.258654
2019-11-08 00:14:00,186.51,186.61,186.47,186.6,57.488966
2019-11-08 00:13:00,186.32,186.53,186.32,186.53,79.237596
2019-11-08 00:12:00,186.45,186.5,186.31,186.33,63.799814
2019-11-08 00:11:00,186.41,186.45,186.41,186.45,6.394384
2019-11-08 00:10:00,186.44,186.56,186.41,186.41,27.267463
2019-11-08 00:09:00,186.58,186.62,186.45,186.48,3.823181
2019-11-08 00:08:00,186.36,186.6,186.36,186.59,71.628644
2019-11-08 00:07:00,186.5,186.5,186.16,186.36,371.889048
2019-11-08 00:06:00,186.34,186.73,186.29,186.55,347.07635
2019-11-08 00:05:00,186.14,186.46,185.99,186.38,232.996186
2019-11-08 00:04:00,186.22,186.23,186.14,186.14,180.58018
2019-11-08 00:03:00,186.27,186.27,186.04,186.22,193.506209
2019-11-08 00:02:00,185.35,186.27,185.35,186.27,763.751244
2019-11-08 00:01:00,184.88,185.64,184.87,185.35,1381.77433
2019-11-08 00:00:00,185.74,185.74,184.57,184.87,4016.902055
