2019-11-02 23:59:00,4.897,4.899,4.897,4.899,571.54805
2019-11-02 23:58:00,4.897,4.898,4.897,4.898,1843.82058
2019-11-02 23:57:00,4.898,4.898,4.894,4.897,513.54484
2019-11-02 23:56:00,4.899,4.9,4.899,4.899,3383.26082
2019-11-02 23:55:00,4.899,4.901,4.898,4.9,2123.00697
2019-11-02 23:54:00,4.9,4.9,4.899,4.899,844.53041
2019-11-02 23:53:00,4.901,4.902,4.9,4.9,2861.67445
2019-11-02 23:52:00,4.9,4.901,4.898,4.9,4313.46432
2019-11-02 23:51:00,4.898,4.9,4.898,4.9,106.4738
2019-11-02 23:50:00,4.897,4.9,4.897,4.897,2840.00798
2019-11-02 23:49:00,4.897,4.897,4.897,4.897,0.01
2019-11-02 23:48:00,4.9,4.9,4.896,4.896,284.51086
2019-11-02 23:47:00,4.899,4.899,4.899,4.899,14.91162
2019-11-02 23:46:00,4.899,4.901,4.899,4.901,570.88057
2019-11-02 23:45:00,4.899,4.899,4.899,4.899,0
2019-11-02 23:44:00,4.9,4.9,4.898,4.899,43.03624
2019-11-02 23:43:00,4.9,4.9,4.9,4.9,217.67205
2019-11-02 23:42:00,4.901,4.901,4.9,4.9,66.02098
2019-11-02 23:41:00,4.899,4.899,4.899,4.899,0.01
2019-11-02 23:40:00,4.902,4.902,4.897,4.898,444.14071
2019-11-02 23:39:00,4.903,4.903,4.9,4.903,1032.75016
2019-11-02 23:38:00,4.904,4.904,4.903,4.903,17.7804
2019-11-02 23:37:00,4.9,4.904,4.899,4.904,307.13824
2019-11-02 23:36:00,4.895,4.903,4.894,4.903,337.9945
2019-11-02 23:35:00,4.888,4.895,4.888,4.895,432.67832
2019-11-02 23:34:00,4.888,4.888,4.888,4.888,200.96307
2019-11-02 23:33:00,4.888,4.889,4.888,4.888,459.16052
2019-11-02 23:32:00,4.888,4.888,4.888,4.888,0.06387
2019-11-02 23:31:00,4.89,4.89,4.89,4.89,0
2019-11-02 23:30:00,4.887,4.89,4.887,4.89,178.71542
2019-11-02 23:29:00,4.89,4.89,4.888,4.888,182.08186
2019-11-02 23:28:00,4.88,4.891,4.876,4.89,6116.65897
2019-11-02 23:27:00,4.881,4.882,4.879,4.879,611.71791
2019-11-02 23:26:00,4.885,4.885,4.881,4.881,1081.25214
2019-11-02 23:25:00,4.882,4.885,4.882,4.885,321.67145
2019-11-02 23:24:00,4.886,4.888,4.882,4.882,700.24487
2019-11-02 23:23:00,4.883,4.887,4.883,4.885,808.48301
2019-11-02 23:22:00,4.882,4.882,4.882,4.882,4.59552
2019-11-02 23:21:00,4.881,4.883,4.881,4.883,0.02
2019-11-02 23:20:00,4.879,4.882,4.879,4.88,779.04518
2019-11-02 23:19:00,4.881,4.881,4.878,4.879,719.69365
2019-11-02 23:18:00,4.878,4.881,4.878,4.881,474.85248
2019-11-02 23:17:00,4.884,4.886,4.877,4.877,561.65117
2019-11-02 23:16:00,4.876,4.884,4.876,4.883,273.93603
2019-11-02 23:15:00,4.875,4.876,4.875,4.876,362.40261
2019-11-02 23:14:00,4.876,4.876,4.873,4.876,1953.44822
2019-11-02 23:13:00,4.874,4.875,4.871,4.875,214.11797
2019-11-02 23:12:00,4.871,4.877,4.87,4.875,3976.57996
2019-11-02 23:11:00,4.869,4.873,4.867,4.867,485.21279
2019-11-02 23:10:00,4.873,4.874,4.87,4.87,142.86129
2019-11-02 23:09:00,4.873,4.876,4.873,4.875,762.48416
2019-11-02 23:08:00,4.874,4.875,4.874,4.874,261.56834
2019-11-02 23:07:00,4.877,4.878,4.873,4.874,277.1289
2019-11-02 23:06:00,4.878,4.878,4.877,4.878,88.81356
2019-11-02 23:05:00,4.88,4.88,4.879,4.879,120.90982
2019-11-02 23:04:00,4.879,4.879,4.879,4.879,55.48624
2019-11-02 23:03:00,4.883,4.883,4.881,4.881,91.54699
2019-11-02 23:02:00,4.882,4.886,4.882,4.886,41.71884
2019-11-02 23:01:00,4.882,4.882,4.881,4.881,798.03095
2019-11-02 23:00:00,4.872,4.885,4.872,4.882,2041.60232
2019-11-02 22:59:00,4.879,4.882,4.872,4.873,341.82763
2019-11-02 22:58:00,4.878,4.878,4.878,4.878,0.4399
2019-11-02 22:57:00,4.872,4.88,4.872,4.88,352.97443
2019-11-02 22:56:00,4.875,4.875,4.871,4.874,2028.57663
2019-11-02 22:55:00,4.88,4.88,4.874,4.875,1289.46494
2019-11-02 22:54:00,4.885,4.887,4.881,4.881,515.04296
2019-11-02 22:53:00,4.883,4.883,4.883,4.883,8.21102
2019-11-02 22:52:00,4.882,4.884,4.881,4.883,869.65625
2019-11-02 22:51:00,4.882,4.886,4.879,4.881,1808.36401
2019-11-02 22:50:00,4.882,4.885,4.881,4.885,329.731
2019-11-02 22:49:00,4.882,4.882,4.881,4.882,29.15718
2019-11-02 22:48:00,4.881,4.883,4.881,4.883,228.11376
2019-11-02 22:47:00,4.881,4.882,4.881,4.881,901.19366
2019-11-02 22:46:00,4.879,4.882,4.879,4.882,576.23732
2019-11-02 22:45:00,4.876,4.879,4.876,4.879,587.00994
2019-11-02 22:44:00,4.874,4.878,4.874,4.876,2040.34483
2019-11-02 22:43:00,4.879,4.879,4.873,4.875,2241.52343
2019-11-02 22:42:00,4.879,4.879,4.878,4.878,21422.90039
2019-11-02 22:41:00,4.882,4.887,4.878,4.879,4484.4318
2019-11-02 22:40:00,4.888,4.888,4.883,4.883,2097.52231
2019-11-02 22:39:00,4.884,4.888,4.884,4.888,1184.50145
2019-11-02 22:38:00,4.883,4.888,4.883,4.884,877.24135
2019-11-02 22:37:00,4.882,4.882,4.882,4.882,0
2019-11-02 22:36:00,4.885,4.885,4.878,4.882,1813.24755
2019-11-02 22:35:00,4.885,4.885,4.885,4.885,922.95587
2019-11-02 22:34:00,4.886,4.886,4.885,4.885,52.08704
2019-11-02 22:33:00,4.885,4.891,4.885,4.891,1097.75717
2019-11-02 22:32:00,4.888,4.888,4.886,4.886,340.62071
2019-11-02 22:31:00,4.89,4.89,4.89,4.89,14.82822
2019-11-02 22:30:00,4.889,4.89,4.887,4.889,1869.941
2019-11-02 22:29:00,4.891,4.893,4.89,4.89,103.69575
2019-11-02 22:28:00,4.888,4.891,4.885,4.891,1307.96242
2019-11-02 22:27:00,4.891,4.891,4.888,4.888,19.86833
2019-11-02 22:26:00,4.903,4.903,4.891,4.891,2674.20707
2019-11-02 22:25:00,4.9,4.903,4.892,4.903,6874.61975
2019-11-02 22:24:00,4.905,4.905,4.902,4.902,437.07813
2019-11-02 22:23:00,4.907,4.907,4.906,4.906,1479.18832
2019-11-02 22:22:00,4.908,4.909,4.908,4.909,20.8276
2019-11-02 22:21:00,4.908,4.91,4.908,4.908,192.29431
2019-11-02 22:20:00,4.907,4.907,4.907,4.907,45
2019-11-02 22:19:00,4.901,4.907,4.901,4.906,146.2773
2019-11-02 22:18:00,4.901,4.902,4.901,4.902,1232.33781
2019-11-02 22:17:00,4.899,4.901,4.895,4.901,786.55815
2019-11-02 22:16:00,4.905,4.905,4.9,4.9,1117.46817
2019-11-02 22:15:00,4.904,4.904,4.904,4.904,70.98273
2019-11-02 22:14:00,4.905,4.907,4.903,4.904,784.11261
2019-11-02 22:13:00,4.903,4.905,4.903,4.905,81.60119
2019-11-02 22:12:00,4.911,4.912,4.904,4.905,2532.11377
2019-11-02 22:11:00,4.915,4.915,4.912,4.912,43.17064
2019-11-02 22:10:00,4.909,4.918,4.909,4.915,732.27855
2019-11-02 22:09:00,4.907,4.912,4.904,4.91,1538.31386
2019-11-02 22:08:00,4.909,4.909,4.909,4.909,26.50514
2019-11-02 22:07:00,4.909,4.909,4.909,4.909,52.17923
2019-11-02 22:06:00,4.913,4.913,4.912,4.912,1.37462
2019-11-02 22:05:00,4.915,4.917,4.912,4.912,71.51104
2019-11-02 22:04:00,4.922,4.922,4.916,4.916,818.74987
2019-11-02 22:03:00,4.925,4.926,4.923,4.923,1932.28458
2019-11-02 22:02:00,4.927,4.928,4.92,4.921,1949.82597
2019-11-02 22:01:00,4.93,4.93,4.927,4.928,212.99341
2019-11-02 22:00:00,4.929,4.932,4.928,4.932,201.66644
2019-11-02 21:59:00,4.929,4.936,4.929,4.932,2505.80337
2019-11-02 21:58:00,4.928,4.93,4.927,4.928,2498.43069
2019-11-02 21:57:00,4.928,4.929,4.928,4.929,508.55659
2019-11-02 21:56:00,4.929,4.929,4.927,4.927,974.41036
2019-11-02 21:55:00,4.921,4.927,4.921,4.927,514.58793
2019-11-02 21:54:00,4.92,4.922,4.92,4.922,100.1001
2019-11-02 21:53:00,4.919,4.919,4.919,4.919,897.62357
2019-11-02 21:52:00,4.92,4.92,4.919,4.919,2464.62757
2019-11-02 21:51:00,4.918,4.921,4.918,4.919,1477.1158
2019-11-02 21:50:00,4.919,4.919,4.918,4.919,40.50393
2019-11-02 21:49:00,4.919,4.922,4.916,4.918,649.05785
2019-11-02 21:48:00,4.922,4.922,4.919,4.919,1053.84597
2019-11-02 21:47:00,4.916,4.917,4.916,4.917,40.99968
2019-11-02 21:46:00,4.92,4.92,4.917,4.917,378.92209
2019-11-02 21:45:00,4.924,4.927,4.922,4.922,598.80299
2019-11-02 21:44:00,4.924,4.926,4.923,4.926,210.30871
2019-11-02 21:43:00,4.923,4.924,4.919,4.924,775.56995
2019-11-02 21:42:00,4.928,4.928,4.922,4.922,7.1297
2019-11-02 21:41:00,4.926,4.928,4.926,4.928,1269.43268
2019-11-02 21:40:00,4.923,4.933,4.923,4.924,3355.83244
2019-11-02 21:39:00,4.924,4.928,4.92,4.922,4525.28518
2019-11-02 21:38:00,4.92,4.927,4.918,4.924,936.88939
2019-11-02 21:37:00,4.924,4.924,4.92,4.922,1011.79683
2019-11-02 21:36:00,4.917,4.925,4.915,4.923,6151.33631
2019-11-02 21:35:00,4.909,4.917,4.908,4.917,1996.02758
2019-11-02 21:34:00,4.905,4.913,4.902,4.909,3227.28445
2019-11-02 21:33:00,4.908,4.908,4.906,4.906,333.43705
2019-11-02 21:32:00,4.908,4.91,4.908,4.908,473.60781
2019-11-02 21:31:00,4.905,4.912,4.905,4.909,1275.06929
2019-11-02 21:30:00,4.905,4.905,4.903,4.904,306.08351
2019-11-02 21:29:00,4.904,4.907,4.904,4.905,80.53992
2019-11-02 21:28:00,4.901,4.902,4.901,4.902,395.58841
2019-11-02 21:27:00,4.9,4.901,4.9,4.901,63.78749
2019-11-02 21:26:00,4.894,4.9,4.894,4.9,112.20999
2019-11-02 21:25:00,4.894,4.894,4.894,4.894,682.17739
2019-11-02 21:24:00,4.894,4.894,4.894,4.894,0
2019-11-02 21:23:00,4.898,4.902,4.895,4.896,1079.05095
2019-11-02 21:22:00,4.899,4.9,4.896,4.899,1959.5728
2019-11-02 21:21:00,4.902,4.902,4.899,4.899,13.92482
2019-11-02 21:20:00,4.903,4.903,4.902,4.902,3.36408
2019-11-02 21:19:00,4.903,4.903,4.902,4.902,23.55505
2019-11-02 21:18:00,4.901,4.905,4.9,4.903,2182.72888
2019-11-02 21:17:00,4.909,4.91,4.901,4.901,2290.21712
2019-11-02 21:16:00,4.918,4.918,4.907,4.909,953.85009
2019-11-02 21:15:00,4.911,4.919,4.908,4.917,2520.40917
2019-11-02 21:14:00,4.914,4.918,4.908,4.911,348.34147
2019-11-02 21:13:00,4.911,4.92,4.911,4.916,4165.02185
2019-11-02 21:12:00,4.908,4.911,4.907,4.911,785.27552
2019-11-02 21:11:00,4.919,4.924,4.907,4.907,2161.19787
2019-11-02 21:10:00,4.905,4.926,4.905,4.918,11149.87172
2019-11-02 21:09:00,4.893,4.91,4.893,4.904,9999.17544
2019-11-02 21:08:00,4.889,4.892,4.889,4.892,2660.19088
2019-11-02 21:07:00,4.899,4.899,4.889,4.889,1485.23694
2019-11-02 21:06:00,4.891,4.898,4.891,4.898,376.35769
2019-11-02 21:05:00,4.891,4.895,4.891,4.891,1304.8167
2019-11-02 21:04:00,4.894,4.894,4.892,4.892,114.45261
2019-11-02 21:03:00,4.904,4.91,4.896,4.9,10057.77393
2019-11-02 21:02:00,4.897,4.903,4.897,4.903,701.15202
2019-11-02 21:01:00,4.904,4.904,4.899,4.899,2492.43798
2019-11-02 21:00:00,4.893,4.904,4.893,4.902,1790.63399
2019-11-02 20:59:00,4.902,4.902,4.892,4.892,2998.31163
2019-11-02 20:58:00,4.885,4.903,4.885,4.903,4833.81697
2019-11-02 20:57:00,4.88,4.883,4.88,4.883,876.69085
2019-11-02 20:56:00,4.883,4.885,4.882,4.882,2023.44632
2019-11-02 20:55:00,4.882,4.89,4.881,4.882,4767.59472
2019-11-02 20:54:00,4.878,4.883,4.878,4.883,923.83407
2019-11-02 20:53:00,4.88,4.88,4.878,4.878,229.766
2019-11-02 20:52:00,4.88,4.88,4.88,4.88,306.40951
2019-11-02 20:51:00,4.877,4.88,4.877,4.88,2047.1408
2019-11-02 20:50:00,4.88,4.88,4.877,4.877,397.15783
2019-11-02 20:49:00,4.878,4.881,4.877,4.88,3991.62366
2019-11-02 20:48:00,4.874,4.877,4.873,4.877,2578.48933
2019-11-02 20:47:00,4.871,4.878,4.87,4.872,2656.42992
2019-11-02 20:46:00,4.871,4.871,4.871,4.871,2452.9544
2019-11-02 20:45:00,4.87,4.87,4.87,4.87,202.3709
2019-11-02 20:44:00,4.872,4.872,4.872,4.872,2.27094
2019-11-02 20:43:00,4.868,4.872,4.868,4.872,274.17233
2019-11-02 20:42:00,4.868,4.868,4.868,4.868,1.58906
2019-11-02 20:41:00,4.87,4.87,4.867,4.868,779.60762
2019-11-02 20:40:00,4.87,4.87,4.87,4.87,2.98554
2019-11-02 20:39:00,4.868,4.87,4.868,4.87,760.17804
2019-11-02 20:38:00,4.867,4.867,4.867,4.867,3.79594
2019-11-02 20:37:00,4.869,4.869,4.866,4.868,193.61243
2019-11-02 20:36:00,4.868,4.87,4.868,4.87,257.24494
2019-11-02 20:35:00,4.867,4.867,4.866,4.866,266.55029
2019-11-02 20:34:00,4.872,4.872,4.865,4.865,770.72266
2019-11-02 20:33:00,4.866,4.875,4.866,4.873,3194.48248
2019-11-02 20:32:00,4.861,4.865,4.861,4.865,1457.325
2019-11-02 20:31:00,4.866,4.866,4.861,4.862,896.61628
2019-11-02 20:30:00,4.864,4.864,4.864,4.864,187.9803
2019-11-02 20:29:00,4.868,4.868,4.865,4.865,74.6684
2019-11-02 20:28:00,4.868,4.869,4.868,4.869,10.55566
2019-11-02 20:27:00,4.864,4.866,4.864,4.866,157.5383
2019-11-02 20:26:00,4.863,4.865,4.863,4.865,1521.81066
2019-11-02 20:25:00,4.863,4.863,4.862,4.863,1338.48789
2019-11-02 20:24:00,4.864,4.864,4.864,4.864,174.01149
2019-11-02 20:23:00,4.865,4.865,4.865,4.865,2.07723
2019-11-02 20:22:00,4.864,4.865,4.863,4.864,1822.47878
2019-11-02 20:21:00,4.862,4.864,4.862,4.864,613.76867
2019-11-02 20:20:00,4.859,4.861,4.858,4.861,489.77879
2019-11-02 20:19:00,4.86,4.86,4.859,4.859,3308.54824
2019-11-02 20:18:00,4.862,4.862,4.86,4.86,1395.57617
2019-11-02 20:17:00,4.862,4.866,4.862,4.863,3964.45715
2019-11-02 20:16:00,4.86,4.861,4.86,4.86,1551.27511
2019-11-02 20:15:00,4.859,4.861,4.859,4.859,365.9294
2019-11-02 20:14:00,4.856,4.86,4.855,4.858,2331.53243
2019-11-02 20:13:00,4.853,4.858,4.852,4.856,3340.8579
2019-11-02 20:12:00,4.854,4.86,4.851,4.851,3877.94385
2019-11-02 20:11:00,4.855,4.856,4.851,4.855,2116.62161
2019-11-02 20:10:00,4.859,4.86,4.853,4.855,3792.88991
2019-11-02 20:09:00,4.855,4.86,4.852,4.86,7019.51968
2019-11-02 20:08:00,4.85,4.863,4.849,4.855,3031.73224
2019-11-02 20:07:00,4.859,4.86,4.848,4.85,10687.53434
2019-11-02 20:06:00,4.854,4.872,4.845,4.858,11406.47615
2019-11-02 20:05:00,4.853,4.859,4.833,4.853,17038.00152
2019-11-02 20:04:00,4.881,4.884,4.853,4.853,12928.71458
2019-11-02 20:03:00,4.873,4.889,4.872,4.883,6577.9804
2019-11-02 20:02:00,4.864,4.876,4.863,4.872,4899.2255
2019-11-02 20:01:00,4.862,4.864,4.862,4.864,29.03846
2019-11-02 20:00:00,4.86,4.861,4.86,4.861,3266.48505
2019-11-02 19:59:00,4.861,4.863,4.859,4.859,2347.83592
2019-11-02 19:58:00,4.86,4.86,4.86,4.86,0
2019-11-02 19:57:00,4.86,4.86,4.86,4.86,0
2019-11-02 19:56:00,4.859,4.86,4.859,4.86,41.66697
2019-11-02 19:55:00,4.86,4.86,4.857,4.859,252.95032
2019-11-02 19:54:00,4.859,4.861,4.859,4.861,1222.46529
2019-11-02 19:53:00,4.862,4.862,4.862,4.862,0
2019-11-02 19:52:00,4.865,4.865,4.862,4.862,131.92153
2019-11-02 19:51:00,4.866,4.866,4.866,4.866,0
2019-11-02 19:50:00,4.866,4.866,4.866,4.866,0
2019-11-02 19:49:00,4.866,4.866,4.866,4.866,4.98597
2019-11-02 19:48:00,4.865,4.865,4.865,4.865,0
2019-11-02 19:47:00,4.865,4.865,4.865,4.865,0
2019-11-02 19:46:00,4.865,4.865,4.865,4.865,16.71601
2019-11-02 19:45:00,4.865,4.865,4.864,4.864,14.01431
2019-11-02 19:44:00,4.866,4.866,4.865,4.865,33.18982
2019-11-02 19:43:00,4.862,4.866,4.862,4.866,309.57588
2019-11-02 19:42:00,4.862,4.862,4.862,4.862,2.64269
2019-11-02 19:41:00,4.862,4.862,4.862,4.862,2.3278
2019-11-02 19:40:00,4.862,4.862,4.862,4.862,0
2019-11-02 19:39:00,4.862,4.862,4.858,4.862,271.49892
2019-11-02 19:38:00,4.858,4.858,4.857,4.857,12.987
2019-11-02 19:37:00,4.858,4.86,4.858,4.86,299.05985
2019-11-02 19:36:00,4.858,4.858,4.858,4.858,0
2019-11-02 19:35:00,4.858,4.858,4.858,4.858,0
2019-11-02 19:34:00,4.858,4.858,4.858,4.858,0
2019-11-02 19:33:00,4.858,4.858,4.858,4.858,1.95254
2019-11-02 19:32:00,4.857,4.858,4.857,4.858,780.96007
2019-11-02 19:31:00,4.856,4.857,4.856,4.857,3.6901
2019-11-02 19:30:00,4.858,4.859,4.857,4.858,17.29868
2019-11-02 19:29:00,4.857,4.858,4.857,4.858,7.35871
2019-11-02 19:28:00,4.859,4.86,4.856,4.856,15.40133
2019-11-02 19:27:00,4.862,4.862,4.859,4.859,37.37461
2019-11-02 19:26:00,4.86,4.863,4.859,4.863,811.07864
2019-11-02 19:25:00,4.86,4.86,4.859,4.859,278.13873
2019-11-02 19:24:00,4.86,4.86,4.857,4.86,12.70987
2019-11-02 19:23:00,4.86,4.86,4.856,4.86,347.20309
2019-11-02 19:22:00,4.862,4.865,4.86,4.86,52.64592
2019-11-02 19:21:00,4.859,4.862,4.859,4.862,36.09108
2019-11-02 19:20:00,4.86,4.86,4.859,4.859,2.14528
2019-11-02 19:19:00,4.867,4.867,4.862,4.862,656.88266
2019-11-02 19:18:00,4.867,4.868,4.867,4.868,322.90345
2019-11-02 19:17:00,4.867,4.868,4.867,4.868,1467.10356
2019-11-02 19:16:00,4.868,4.871,4.866,4.866,1751.99069
2019-11-02 19:15:00,4.866,4.868,4.866,4.868,1401.1823
2019-11-02 19:14:00,4.863,4.866,4.863,4.865,684.76291
2019-11-02 19:13:00,4.858,4.863,4.858,4.863,1479.03196
2019-11-02 19:12:00,4.858,4.86,4.858,4.858,37.68717
2019-11-02 19:11:00,4.857,4.858,4.857,4.857,2.12561
2019-11-02 19:10:00,4.853,4.858,4.852,4.858,222.24027
2019-11-02 19:09:00,4.858,4.859,4.854,4.854,1013.19004
2019-11-02 19:08:00,4.859,4.859,4.858,4.858,10.25732
2019-11-02 19:07:00,4.861,4.861,4.859,4.861,325.66537
2019-11-02 19:06:00,4.865,4.866,4.862,4.862,485.89315
2019-11-02 19:05:00,4.86,4.869,4.86,4.865,4703.26953
2019-11-02 19:04:00,4.853,4.859,4.853,4.858,979.08504
2019-11-02 19:03:00,4.853,4.853,4.853,4.853,42.13324
2019-11-02 19:02:00,4.853,4.853,4.853,4.853,0.8033
2019-11-02 19:01:00,4.855,4.855,4.854,4.854,64.04045
2019-11-02 19:00:00,4.853,4.855,4.853,4.855,285.07393
2019-11-02 18:59:00,4.852,4.852,4.852,4.852,0
2019-11-02 18:58:00,4.85,4.852,4.85,4.852,0.8091
2019-11-02 18:57:00,4.846,4.853,4.846,4.853,290.42841
2019-11-02 18:56:00,4.845,4.845,4.845,4.845,1.37951
2019-11-02 18:55:00,4.848,4.848,4.845,4.845,759.63253
2019-11-02 18:54:00,4.848,4.848,4.848,4.848,1.14924
2019-11-02 18:53:00,4.848,4.848,4.848,4.848,0.19291
2019-11-02 18:52:00,4.849,4.849,4.849,4.849,1525.60137
2019-11-02 18:51:00,4.853,4.853,4.85,4.85,256.90832
2019-11-02 18:50:00,4.854,4.854,4.854,4.854,0
2019-11-02 18:49:00,4.854,4.854,4.854,4.854,0
2019-11-02 18:48:00,4.854,4.854,4.854,4.854,6.09313
2019-11-02 18:47:00,4.853,4.854,4.853,4.854,32.75142
2019-11-02 18:46:00,4.854,4.855,4.854,4.854,1481.94232
2019-11-02 18:45:00,4.853,4.855,4.853,4.854,285.17332
2019-11-02 18:44:00,4.856,4.856,4.852,4.853,952.39514
2019-11-02 18:43:00,4.853,4.856,4.853,4.856,86.15318
2019-11-02 18:42:00,4.853,4.853,4.852,4.853,117.31813
2019-11-02 18:41:00,4.853,4.854,4.853,4.853,186.22785
2019-11-02 18:40:00,4.853,4.853,4.851,4.853,833.18615
2019-11-02 18:39:00,4.85,4.854,4.85,4.854,15.61557
2019-11-02 18:38:00,4.85,4.851,4.85,4.85,290.76958
2019-11-02 18:37:00,4.849,4.849,4.849,4.849,1000.583
2019-11-02 18:36:00,4.849,4.856,4.849,4.852,793.51237
2019-11-02 18:35:00,4.849,4.849,4.849,4.849,5.83146
2019-11-02 18:34:00,4.849,4.849,4.849,4.849,11.66292
2019-11-02 18:33:00,4.846,4.849,4.846,4.849,66.22518
2019-11-02 18:32:00,4.847,4.847,4.844,4.846,781.00273
2019-11-02 18:31:00,4.848,4.848,4.848,4.848,11.66292
2019-11-02 18:30:00,4.848,4.848,4.847,4.847,52.4454
2019-11-02 18:29:00,4.848,4.848,4.847,4.848,80.80225
2019-11-02 18:28:00,4.849,4.849,4.848,4.848,108.38572
2019-11-02 18:27:00,4.844,4.849,4.844,4.848,777.58969
2019-11-02 18:26:00,4.844,4.844,4.844,4.844,20.79852
2019-11-02 18:25:00,4.843,4.843,4.843,4.843,7.20045
2019-11-02 18:24:00,4.845,4.846,4.843,4.843,887.57207
2019-11-02 18:23:00,4.845,4.845,4.844,4.845,72.95128
2019-11-02 18:22:00,4.842,4.845,4.842,4.845,1019.16863
2019-11-02 18:21:00,4.842,4.843,4.842,4.843,447.39785
2019-11-02 18:20:00,4.84,4.844,4.84,4.841,2146.88524
2019-11-02 18:19:00,4.839,4.84,4.839,4.84,124.77067
2019-11-02 18:18:00,4.838,4.839,4.838,4.839,51.37538
2019-11-02 18:17:00,4.836,4.838,4.836,4.838,178.71079
2019-11-02 18:16:00,4.833,4.833,4.833,4.833,0
2019-11-02 18:15:00,4.833,4.833,4.833,4.833,0
2019-11-02 18:14:00,4.83,4.833,4.83,4.833,89.0917
2019-11-02 18:13:00,4.831,4.831,4.83,4.83,57.3228
2019-11-02 18:12:00,4.831,4.831,4.831,4.831,3
2019-11-02 18:11:00,4.83,4.83,4.83,4.83,43.16391
2019-11-02 18:10:00,4.829,4.83,4.829,4.83,72.59618
2019-11-02 18:09:00,4.83,4.83,4.828,4.828,741.90292
2019-11-02 18:08:00,4.83,4.832,4.827,4.832,9523.3236
2019-11-02 18:07:00,4.831,4.831,4.83,4.831,274.81683
2019-11-02 18:06:00,4.83,4.831,4.83,4.831,460.27132
2019-11-02 18:05:00,4.831,4.831,4.83,4.831,70.15838
2019-11-02 18:04:00,4.831,4.831,4.829,4.83,259.51751
2019-11-02 18:03:00,4.83,4.832,4.83,4.831,1199.81437
2019-11-02 18:02:00,4.831,4.831,4.829,4.829,494.58264
2019-11-02 18:01:00,4.836,4.836,4.832,4.832,698.21603
2019-11-02 18:00:00,4.836,4.836,4.836,4.836,4.09093
2019-11-02 17:59:00,4.837,4.837,4.835,4.835,53.56687
2019-11-02 17:58:00,4.837,4.837,4.837,4.837,81.71604
2019-11-02 17:57:00,4.836,4.837,4.836,4.837,45.24959
2019-11-02 17:56:00,4.836,4.839,4.836,4.839,114.37247
2019-11-02 17:55:00,4.836,4.836,4.836,4.836,0
2019-11-02 17:54:00,4.836,4.836,4.836,4.836,2.41808
2019-11-02 17:53:00,4.836,4.836,4.836,4.836,0
2019-11-02 17:52:00,4.837,4.84,4.836,4.836,26.46417
2019-11-02 17:51:00,4.839,4.839,4.836,4.836,280.99568
2019-11-02 17:50:00,4.84,4.84,4.84,4.84,8.17184
2019-11-02 17:49:00,4.84,4.841,4.839,4.839,233.11247
2019-11-02 17:48:00,4.841,4.841,4.836,4.838,309.56091
2019-11-02 17:47:00,4.841,4.841,4.841,4.841,139.97559
2019-11-02 17:46:00,4.843,4.843,4.843,4.843,23.30074
2019-11-02 17:45:00,4.843,4.843,4.843,4.843,0
2019-11-02 17:44:00,4.843,4.844,4.843,4.843,8.32157
2019-11-02 17:43:00,4.844,4.844,4.843,4.843,36.5954
2019-11-02 17:42:00,4.846,4.846,4.842,4.845,1289.47816
2019-11-02 17:41:00,4.845,4.845,4.845,4.845,229.35288
2019-11-02 17:40:00,4.845,4.845,4.845,4.845,253.54892
2019-11-02 17:39:00,4.846,4.846,4.845,4.846,1009.21243
2019-11-02 17:38:00,4.845,4.847,4.845,4.847,389.08459
2019-11-02 17:37:00,4.846,4.846,4.846,4.846,31.87408
2019-11-02 17:36:00,4.848,4.848,4.846,4.846,566.88419
2019-11-02 17:35:00,4.849,4.85,4.848,4.848,38.12526
2019-11-02 17:34:00,4.846,4.849,4.846,4.849,44.78847
2019-11-02 17:33:00,4.849,4.849,4.846,4.847,72.55536
2019-11-02 17:32:00,4.848,4.848,4.848,4.848,16.31049
2019-11-02 17:31:00,4.848,4.849,4.847,4.849,198.63503
2019-11-02 17:30:00,4.856,4.856,4.853,4.853,168.62327
2019-11-02 17:29:00,4.856,4.858,4.854,4.855,1413.09196
2019-11-02 17:28:00,4.85,4.854,4.85,4.854,57.97972
2019-11-02 17:27:00,4.85,4.85,4.85,4.85,0.95102
2019-11-02 17:26:00,4.851,4.851,4.85,4.85,91.24864
2019-11-02 17:25:00,4.85,4.851,4.85,4.851,0.3393
2019-11-02 17:24:00,4.853,4.853,4.853,4.853,37.33819
2019-11-02 17:23:00,4.854,4.855,4.853,4.853,851.11841
2019-11-02 17:22:00,4.85,4.855,4.85,4.854,95.9446
2019-11-02 17:21:00,4.85,4.85,4.85,4.85,0.95054
2019-11-02 17:20:00,4.85,4.85,4.85,4.85,145.71006
2019-11-02 17:19:00,4.852,4.852,4.85,4.85,2086.91662
2019-11-02 17:18:00,4.853,4.853,4.851,4.851,145.83473
2019-11-02 17:17:00,4.854,4.854,4.854,4.854,0
2019-11-02 17:16:00,4.853,4.855,4.853,4.854,580.64332
2019-11-02 17:15:00,4.853,4.854,4.853,4.853,40.91982
2019-11-02 17:14:00,4.852,4.853,4.85,4.853,708.29959
2019-11-02 17:13:00,4.855,4.855,4.852,4.852,24.11788
2019-11-02 17:12:00,4.857,4.857,4.855,4.855,65.75472
2019-11-02 17:11:00,4.857,4.858,4.857,4.858,1155.89553
2019-11-02 17:10:00,4.857,4.857,4.856,4.857,12.6381
2019-11-02 17:09:00,4.857,4.857,4.856,4.857,24.35159
2019-11-02 17:08:00,4.857,4.857,4.857,4.857,8.29957
2019-11-02 17:07:00,4.856,4.858,4.856,4.857,297.89747
2019-11-02 17:06:00,4.855,4.856,4.855,4.856,1460.22513
2019-11-02 17:05:00,4.857,4.858,4.855,4.855,145.93376
2019-11-02 17:04:00,4.863,4.863,4.858,4.858,1099.17334
2019-11-02 17:03:00,4.86,4.863,4.86,4.863,141.40084
2019-11-02 17:02:00,4.859,4.861,4.859,4.861,130.10167
2019-11-02 17:01:00,4.858,4.858,4.858,4.858,4.066
2019-11-02 17:00:00,4.856,4.859,4.856,4.857,189.49916
2019-11-02 16:59:00,4.856,4.856,4.855,4.855,336.21661
2019-11-02 16:58:00,4.856,4.856,4.856,4.856,81.3771
2019-11-02 16:57:00,4.855,4.855,4.855,4.855,8.18501
2019-11-02 16:56:00,4.856,4.856,4.856,4.856,0
2019-11-02 16:55:00,4.856,4.856,4.856,4.856,0
2019-11-02 16:54:00,4.856,4.856,4.856,4.856,0
2019-11-02 16:53:00,4.856,4.856,4.856,4.856,593.4362
2019-11-02 16:52:00,4.855,4.855,4.855,4.855,201.96626
2019-11-02 16:51:00,4.851,4.855,4.851,4.855,71.99823
2019-11-02 16:50:00,4.853,4.853,4.853,4.853,158.85978
2019-11-02 16:49:00,4.855,4.855,4.853,4.853,61.7657
2019-11-02 16:48:00,4.854,4.854,4.854,4.854,0
2019-11-02 16:47:00,4.854,4.854,4.854,4.854,0
2019-11-02 16:46:00,4.856,4.858,4.854,4.854,404.67535
2019-11-02 16:45:00,4.852,4.856,4.852,4.856,549.6374
2019-11-02 16:44:00,4.851,4.852,4.851,4.852,22.11787
2019-11-02 16:43:00,4.859,4.859,4.851,4.851,2159.60036
2019-11-02 16:42:00,4.86,4.86,4.859,4.859,28.14996
2019-11-02 16:41:00,4.864,4.864,4.857,4.858,1791.0502
2019-11-02 16:40:00,4.861,4.864,4.859,4.864,272.37041
2019-11-02 16:39:00,4.862,4.862,4.862,4.862,1122.01807
2019-11-02 16:38:00,4.856,4.865,4.856,4.865,353.16189
2019-11-02 16:37:00,4.858,4.859,4.856,4.856,443.39286
2019-11-02 16:36:00,4.856,4.858,4.854,4.858,493.26147
2019-11-02 16:35:00,4.855,4.864,4.849,4.859,1697.2506
2019-11-02 16:34:00,4.86,4.862,4.856,4.856,1928.16758
2019-11-02 16:33:00,4.859,4.861,4.856,4.86,1519.58934
2019-11-02 16:32:00,4.856,4.86,4.856,4.86,163.61132
2019-11-02 16:31:00,4.867,4.867,4.855,4.855,1442.55002
2019-11-02 16:30:00,4.86,4.865,4.86,4.865,763.47282
2019-11-02 16:29:00,4.861,4.861,4.859,4.859,431.49677
2019-11-02 16:28:00,4.867,4.867,4.861,4.862,1454.72103
2019-11-02 16:27:00,4.869,4.869,4.869,4.869,27.86783
2019-11-02 16:26:00,4.87,4.87,4.87,4.87,0
2019-11-02 16:25:00,4.868,4.87,4.868,4.87,431.27402
2019-11-02 16:24:00,4.87,4.87,4.866,4.867,1680.55709
2019-11-02 16:23:00,4.87,4.87,4.868,4.87,387.46781
2019-11-02 16:22:00,4.87,4.87,4.87,4.87,802.7155
2019-11-02 16:21:00,4.873,4.875,4.868,4.87,2181.97394
2019-11-02 16:20:00,4.871,4.873,4.87,4.873,1042.95316
2019-11-02 16:19:00,4.869,4.871,4.869,4.871,205.19666
2019-11-02 16:18:00,4.868,4.869,4.867,4.869,369.84983
2019-11-02 16:17:00,4.862,4.869,4.862,4.867,629.46018
2019-11-02 16:16:00,4.863,4.863,4.862,4.862,295.3268
2019-11-02 16:15:00,4.859,4.868,4.859,4.868,10566.06642
2019-11-02 16:14:00,4.861,4.861,4.858,4.858,3004.84483
2019-11-02 16:13:00,4.858,4.862,4.858,4.862,695.57242
2019-11-02 16:12:00,4.857,4.859,4.857,4.859,846.91279
2019-11-02 16:11:00,4.855,4.855,4.855,4.855,1.37257
2019-11-02 16:10:00,4.856,4.856,4.855,4.855,1.89077
2019-11-02 16:09:00,4.856,4.856,4.855,4.856,4.67739
2019-11-02 16:08:00,4.855,4.856,4.855,4.856,4.85846
2019-11-02 16:07:00,4.854,4.855,4.853,4.855,998.16716
2019-11-02 16:06:00,4.852,4.853,4.852,4.853,205.04596
2019-11-02 16:05:00,4.852,4.852,4.852,4.852,536.59559
2019-11-02 16:04:00,4.851,4.852,4.851,4.852,180.67476
2019-11-02 16:03:00,4.851,4.851,4.851,4.851,0
2019-11-02 16:02:00,4.851,4.851,4.85,4.851,0.30999
2019-11-02 16:01:00,4.851,4.854,4.851,4.851,50.85893
2019-11-02 16:00:00,4.85,4.85,4.85,4.85,0
2019-11-02 15:59:00,4.849,4.85,4.849,4.85,1781.34162
2019-11-02 15:58:00,4.849,4.849,4.849,4.849,0.18598
2019-11-02 15:57:00,4.849,4.849,4.848,4.848,486.36865
2019-11-02 15:56:00,4.85,4.85,4.85,4.85,0
2019-11-02 15:55:00,4.85,4.85,4.85,4.85,0
2019-11-02 15:54:00,4.85,4.85,4.85,4.85,1574.04122
2019-11-02 15:53:00,4.849,4.849,4.849,4.849,44.33556
2019-11-02 15:52:00,4.847,4.848,4.847,4.848,974.36041
2019-11-02 15:51:00,4.846,4.846,4.846,4.846,0
2019-11-02 15:50:00,4.848,4.848,4.846,4.846,54.08917
2019-11-02 15:49:00,4.847,4.848,4.847,4.848,712.33311
2019-11-02 15:48:00,4.847,4.847,4.847,4.847,0
2019-11-02 15:47:00,4.847,4.847,4.847,4.847,0
2019-11-02 15:46:00,4.847,4.847,4.847,4.847,196.23175
2019-11-02 15:45:00,4.846,4.847,4.846,4.847,252.52101
2019-11-02 15:44:00,4.846,4.846,4.846,4.846,280.74904
2019-11-02 15:43:00,4.847,4.847,4.846,4.846,885.06139
2019-11-02 15:42:00,4.846,4.849,4.846,4.847,913.6658
2019-11-02 15:41:00,4.846,4.846,4.846,4.846,1.05175
2019-11-02 15:40:00,4.846,4.846,4.846,4.846,179.03127
2019-11-02 15:39:00,4.843,4.845,4.843,4.845,823.24258
2019-11-02 15:38:00,4.844,4.844,4.843,4.843,320.46179
2019-11-02 15:37:00,4.843,4.844,4.843,4.844,0.82353
2019-11-02 15:36:00,4.845,4.845,4.843,4.843,1569.04261
2019-11-02 15:35:00,4.845,4.846,4.845,4.845,92.81277
2019-11-02 15:34:00,4.845,4.845,4.845,4.845,0.81367
2019-11-02 15:33:00,4.845,4.845,4.845,4.845,0.75881
2019-11-02 15:32:00,4.845,4.845,4.845,4.845,0.02558
2019-11-02 15:31:00,4.844,4.846,4.844,4.845,1048.30153
2019-11-02 15:30:00,4.844,4.844,4.844,4.844,0
2019-11-02 15:29:00,4.846,4.846,4.844,4.844,950.78388
2019-11-02 15:28:00,4.846,4.847,4.846,4.846,288.09972
2019-11-02 15:27:00,4.84,4.844,4.84,4.844,255.74062
2019-11-02 15:26:00,4.84,4.84,4.84,4.84,0
2019-11-02 15:25:00,4.84,4.84,4.84,4.84,0
2019-11-02 15:24:00,4.839,4.84,4.839,4.84,43.94723
2019-11-02 15:23:00,4.839,4.839,4.839,4.839,0.11049
2019-11-02 15:22:00,4.842,4.843,4.839,4.839,382.59255
2019-11-02 15:21:00,4.843,4.843,4.842,4.842,233.22338
2019-11-02 15:20:00,4.843,4.843,4.843,4.843,0.17735
2019-11-02 15:19:00,4.843,4.843,4.843,4.843,34.72647
2019-11-02 15:18:00,4.843,4.843,4.842,4.842,255.20971
2019-11-02 15:17:00,4.843,4.843,4.843,4.843,175.10199
2019-11-02 15:16:00,4.843,4.843,4.843,4.843,246.9141
2019-11-02 15:15:00,4.843,4.845,4.843,4.843,601.39123
2019-11-02 15:14:00,4.842,4.842,4.842,4.842,2.51338
2019-11-02 15:13:00,4.841,4.843,4.841,4.842,261.23863
2019-11-02 15:12:00,4.846,4.846,4.842,4.842,3395.09955
2019-11-02 15:11:00,4.846,4.847,4.844,4.846,420.76595
2019-11-02 15:10:00,4.842,4.847,4.842,4.847,166.64396
2019-11-02 15:09:00,4.842,4.842,4.842,4.842,479.73589
2019-11-02 15:08:00,4.843,4.843,4.841,4.842,224.51959
2019-11-02 15:07:00,4.844,4.844,4.843,4.843,2622.24549
2019-11-02 15:06:00,4.846,4.846,4.846,4.846,0
2019-11-02 15:05:00,4.844,4.847,4.844,4.846,716.72835
2019-11-02 15:04:00,4.842,4.845,4.842,4.844,281.96214
2019-11-02 15:03:00,4.844,4.844,4.841,4.842,29.05164
2019-11-02 15:02:00,4.841,4.844,4.841,4.844,17.8755
2019-11-02 15:01:00,4.848,4.848,4.841,4.842,1351.51957
2019-11-02 15:00:00,4.854,4.854,4.846,4.848,1912.78068
2019-11-02 14:59:00,4.853,4.853,4.853,4.853,0
2019-11-02 14:58:00,4.853,4.853,4.853,4.853,0
2019-11-02 14:57:00,4.853,4.854,4.853,4.853,64.95156
2019-11-02 14:56:00,4.852,4.852,4.852,4.852,0
2019-11-02 14:55:00,4.851,4.852,4.851,4.852,153.92117
2019-11-02 14:54:00,4.851,4.851,4.851,4.851,0
2019-11-02 14:53:00,4.854,4.854,4.854,4.854,216.05625
2019-11-02 14:52:00,4.851,4.855,4.85,4.854,595.3982
2019-11-02 14:51:00,4.85,4.852,4.85,4.851,1680.87549
2019-11-02 14:50:00,4.85,4.85,4.849,4.849,3212.10737
2019-11-02 14:49:00,4.85,4.85,4.85,4.85,199.46821
2019-11-02 14:48:00,4.848,4.848,4.848,4.848,0
2019-11-02 14:47:00,4.849,4.849,4.848,4.848,171.58865
2019-11-02 14:46:00,4.85,4.85,4.85,4.85,953.18081
2019-11-02 14:45:00,4.849,4.849,4.849,4.849,1.22143
2019-11-02 14:44:00,4.847,4.852,4.847,4.848,859.44012
2019-11-02 14:43:00,4.848,4.852,4.848,4.852,481.03175
2019-11-02 14:42:00,4.848,4.848,4.848,4.848,0
2019-11-02 14:41:00,4.848,4.848,4.848,4.848,0
2019-11-02 14:40:00,4.848,4.848,4.848,4.848,0
2019-11-02 14:39:00,4.848,4.848,4.848,4.848,0.8666
2019-11-02 14:38:00,4.849,4.849,4.849,4.849,82.43219
2019-11-02 14:37:00,4.846,4.849,4.846,4.849,524.93805
2019-11-02 14:36:00,4.849,4.849,4.846,4.846,712.4936
2019-11-02 14:35:00,4.85,4.85,4.85,4.85,1.78
2019-11-02 14:34:00,4.853,4.853,4.851,4.851,4.57098
2019-11-02 14:33:00,4.854,4.854,4.853,4.853,56.74392
2019-11-02 14:32:00,4.855,4.855,4.855,4.855,70.33909
2019-11-02 14:31:00,4.855,4.857,4.855,4.856,770.63666
2019-11-02 14:30:00,4.853,4.853,4.853,4.853,0
2019-11-02 14:29:00,4.853,4.853,4.853,4.853,0
2019-11-02 14:28:00,4.853,4.853,4.853,4.853,171.75022
2019-11-02 14:27:00,4.856,4.856,4.852,4.852,534.52108
2019-11-02 14:26:00,4.857,4.857,4.857,4.857,0
2019-11-02 14:25:00,4.859,4.859,4.856,4.857,67.28669
2019-11-02 14:24:00,4.86,4.86,4.859,4.859,2.52797
2019-11-02 14:23:00,4.86,4.86,4.86,4.86,0.36246
2019-11-02 14:22:00,4.86,4.86,4.86,4.86,0.49748
2019-11-02 14:21:00,4.86,4.86,4.86,4.86,0.25981
2019-11-02 14:20:00,4.861,4.861,4.861,4.861,3.80184
2019-11-02 14:19:00,4.862,4.862,4.86,4.86,112.66846
2019-11-02 14:18:00,4.863,4.863,4.861,4.862,3012.1632
2019-11-02 14:17:00,4.863,4.864,4.863,4.864,1036.26283
2019-11-02 14:16:00,4.867,4.867,4.86,4.863,2157.06045
2019-11-02 14:15:00,4.866,4.869,4.866,4.869,289.73942
2019-11-02 14:14:00,4.868,4.868,4.868,4.868,1822.50382
2019-11-02 14:13:00,4.864,4.869,4.864,4.868,1834.04357
2019-11-02 14:12:00,4.87,4.87,4.869,4.869,7.35683
2019-11-02 14:11:00,4.87,4.87,4.87,4.87,6.49829
2019-11-02 14:10:00,4.869,4.87,4.869,4.87,2.29161
2019-11-02 14:09:00,4.869,4.869,4.869,4.869,0.89248
2019-11-02 14:08:00,4.868,4.868,4.867,4.867,763.13498
2019-11-02 14:07:00,4.864,4.867,4.864,4.867,1152.90011
2019-11-02 14:06:00,4.865,4.865,4.863,4.864,872.4588
2019-11-02 14:05:00,4.866,4.867,4.866,4.866,577.93728
2019-11-02 14:04:00,4.867,4.867,4.866,4.866,36.35392
2019-11-02 14:03:00,4.869,4.869,4.866,4.866,120.52217
2019-11-02 14:02:00,4.87,4.87,4.868,4.869,217.57929
2019-11-02 14:01:00,4.87,4.87,4.87,4.87,1141.44238
2019-11-02 14:00:00,4.87,4.87,4.869,4.869,893.96425
2019-11-02 13:59:00,4.871,4.871,4.867,4.868,185.5539
2019-11-02 13:58:00,4.871,4.871,4.871,4.871,0
2019-11-02 13:57:00,4.871,4.871,4.871,4.871,6.87794
2019-11-02 13:56:00,4.868,4.869,4.868,4.869,363.33994
2019-11-02 13:55:00,4.867,4.868,4.867,4.867,4.47013
2019-11-02 13:54:00,4.871,4.871,4.868,4.868,2.33101
2019-11-02 13:53:00,4.872,4.873,4.871,4.872,691.25089
2019-11-02 13:52:00,4.871,4.871,4.871,4.871,0
2019-11-02 13:51:00,4.87,4.873,4.87,4.871,746.51306
2019-11-02 13:50:00,4.87,4.87,4.87,4.87,0
2019-11-02 13:49:00,4.871,4.871,4.87,4.87,234.64919
2019-11-02 13:48:00,4.869,4.87,4.869,4.869,473.6576
2019-11-02 13:47:00,4.871,4.871,4.868,4.868,2.16329
2019-11-02 13:46:00,4.872,4.872,4.872,4.872,0
2019-11-02 13:45:00,4.872,4.872,4.872,4.872,0
2019-11-02 13:44:00,4.872,4.872,4.871,4.872,26.52769
2019-11-02 13:43:00,4.87,4.872,4.87,4.872,207.07327
2019-11-02 13:42:00,4.87,4.87,4.87,4.87,223.8752
2019-11-02 13:41:00,4.867,4.871,4.867,4.87,3048.23687
2019-11-02 13:40:00,4.867,4.867,4.867,4.867,265.73685
2019-11-02 13:39:00,4.865,4.866,4.865,4.866,2020.36844
2019-11-02 13:38:00,4.867,4.867,4.865,4.865,414.0486
2019-11-02 13:37:00,4.865,4.866,4.865,4.866,636.43206
2019-11-02 13:36:00,4.867,4.867,4.865,4.865,1011.07091
2019-11-02 13:35:00,4.86,4.862,4.859,4.862,135.07864
2019-11-02 13:34:00,4.86,4.86,4.86,4.86,168.27063
2019-11-02 13:33:00,4.859,4.861,4.859,4.86,1623.70868
2019-11-02 13:32:00,4.858,4.86,4.858,4.859,520.7022
2019-11-02 13:31:00,4.858,4.858,4.858,4.858,51.24799
2019-11-02 13:30:00,4.858,4.858,4.858,4.858,0
2019-11-02 13:29:00,4.858,4.859,4.858,4.858,46.58485
2019-11-02 13:28:00,4.855,4.859,4.855,4.859,1033.48687
2019-11-02 13:27:00,4.853,4.855,4.853,4.855,206.4256
2019-11-02 13:26:00,4.851,4.853,4.851,4.853,1781.5983
2019-11-02 13:25:00,4.849,4.85,4.849,4.85,1063.66325
2019-11-02 13:24:00,4.848,4.85,4.848,4.849,518.38821
2019-11-02 13:23:00,4.848,4.848,4.848,4.848,264.31826
2019-11-02 13:22:00,4.851,4.851,4.846,4.846,2283.62007
2019-11-02 13:21:00,4.842,4.851,4.842,4.851,2063.66629
2019-11-02 13:20:00,4.848,4.848,4.842,4.842,461.62984
2019-11-02 13:19:00,4.848,4.85,4.848,4.849,209.1743
2019-11-02 13:18:00,4.847,4.847,4.847,4.847,966.37913
2019-11-02 13:17:00,4.846,4.848,4.846,4.848,1351.03405
2019-11-02 13:16:00,4.848,4.848,4.846,4.846,346.8552
2019-11-02 13:15:00,4.844,4.847,4.844,4.847,637.35306
2019-11-02 13:14:00,4.846,4.847,4.843,4.845,585.33423
2019-11-02 13:13:00,4.846,4.849,4.846,4.846,460.79347
2019-11-02 13:12:00,4.842,4.846,4.841,4.846,1018.09516
2019-11-02 13:11:00,4.84,4.845,4.84,4.843,955.33584
2019-11-02 13:10:00,4.844,4.844,4.84,4.84,45.61891
2019-11-02 13:09:00,4.845,4.846,4.842,4.844,511.31047
2019-11-02 13:08:00,4.845,4.846,4.845,4.845,1591.66797
2019-11-02 13:07:00,4.846,4.846,4.846,4.846,1057.33863
2019-11-02 13:06:00,4.845,4.848,4.845,4.845,210.50771
2019-11-02 13:05:00,4.847,4.847,4.847,4.847,0
2019-11-02 13:04:00,4.849,4.85,4.847,4.847,606.27113
2019-11-02 13:03:00,4.849,4.849,4.849,4.849,1.64726
2019-11-02 13:02:00,4.85,4.85,4.849,4.849,12.03819
2019-11-02 13:01:00,4.85,4.85,4.85,4.85,0.4747
2019-11-02 13:00:00,4.854,4.854,4.851,4.851,2723.47639
2019-11-02 12:59:00,4.852,4.852,4.852,4.852,0
2019-11-02 12:58:00,4.856,4.856,4.856,4.856,0
2019-11-02 12:57:00,4.856,4.856,4.856,4.856,303.21939
2019-11-02 12:56:00,4.851,4.854,4.851,4.854,139.57556
2019-11-02 12:55:00,4.851,4.852,4.851,4.852,87.3108
2019-11-02 12:54:00,4.851,4.851,4.851,4.851,0
2019-11-02 12:53:00,4.851,4.852,4.851,4.851,293.04258
2019-11-02 12:52:00,4.85,4.852,4.85,4.85,1009.10804
2019-11-02 12:51:00,4.849,4.849,4.849,4.849,0
2019-11-02 12:50:00,4.85,4.85,4.849,4.849,54.3629
2019-11-02 12:49:00,4.848,4.85,4.848,4.85,46.82977
2019-11-02 12:48:00,4.849,4.85,4.848,4.848,1019.24563
2019-11-02 12:47:00,4.854,4.854,4.849,4.849,4098.77826
2019-11-02 12:46:00,4.854,4.854,4.854,4.854,1289.04802
2019-11-02 12:45:00,4.856,4.856,4.856,4.856,0
2019-11-02 12:44:00,4.854,4.856,4.854,4.856,269.50629
2019-11-02 12:43:00,4.854,4.854,4.854,4.854,107.09291
2019-11-02 12:42:00,4.858,4.858,4.857,4.857,356.49882
2019-11-02 12:41:00,4.856,4.856,4.856,4.856,0
2019-11-02 12:40:00,4.856,4.856,4.856,4.856,0.71239
2019-11-02 12:39:00,4.856,4.856,4.856,4.856,5.86
2019-11-02 12:38:00,4.855,4.855,4.855,4.855,95.89536
2019-11-02 12:37:00,4.854,4.855,4.854,4.855,41.81419
2019-11-02 12:36:00,4.856,4.856,4.855,4.855,40.71661
2019-11-02 12:35:00,4.856,4.856,4.856,4.856,0
2019-11-02 12:34:00,4.855,4.856,4.855,4.856,107.03318
2019-11-02 12:33:00,4.851,4.854,4.851,4.854,1600.72965
2019-11-02 12:32:00,4.847,4.85,4.847,4.85,1298.18101
2019-11-02 12:31:00,4.848,4.848,4.847,4.847,2209.87608
2019-11-02 12:30:00,4.849,4.849,4.849,4.849,145.44694
2019-11-02 12:29:00,4.851,4.856,4.847,4.848,857.81627
2019-11-02 12:28:00,4.849,4.849,4.849,4.849,0
2019-11-02 12:27:00,4.849,4.849,4.849,4.849,0
2019-11-02 12:26:00,4.846,4.849,4.846,4.849,235.30235
2019-11-02 12:25:00,4.847,4.847,4.845,4.846,561.39132
2019-11-02 12:24:00,4.847,4.847,4.846,4.846,1894.52927
2019-11-02 12:23:00,4.849,4.849,4.847,4.847,17.60314
2019-11-02 12:22:00,4.85,4.851,4.85,4.851,3.18318
2019-11-02 12:21:00,4.851,4.851,4.85,4.85,0.02006
2019-11-02 12:20:00,4.852,4.853,4.852,4.852,463.07577
2019-11-02 12:19:00,4.854,4.855,4.85,4.852,2310.29417
2019-11-02 12:18:00,4.856,4.856,4.854,4.854,10.89858
2019-11-02 12:17:00,4.856,4.858,4.856,4.858,519.85595
2019-11-02 12:16:00,4.857,4.857,4.856,4.856,233.65396
2019-11-02 12:15:00,4.858,4.858,4.858,4.858,20
2019-11-02 12:14:00,4.864,4.864,4.859,4.86,2902.44465
2019-11-02 12:13:00,4.861,4.865,4.861,4.865,47.78078
2019-11-02 12:12:00,4.86,4.861,4.86,4.861,237.56735
2019-11-02 12:11:00,4.859,4.86,4.859,4.86,2.21125
2019-11-02 12:10:00,4.855,4.859,4.855,4.859,106.67463
2019-11-02 12:09:00,4.858,4.858,4.855,4.855,19.41218
2019-11-02 12:08:00,4.859,4.859,4.858,4.858,8.68388
2019-11-02 12:07:00,4.861,4.862,4.859,4.859,780.29022
2019-11-02 12:06:00,4.862,4.862,4.861,4.862,281.74181
2019-11-02 12:05:00,4.862,4.862,4.861,4.862,48.68856
2019-11-02 12:04:00,4.865,4.865,4.864,4.864,2955.73827
2019-11-02 12:03:00,4.869,4.869,4.861,4.866,3711.81783
2019-11-02 12:02:00,4.87,4.873,4.865,4.87,1385.04425
2019-11-02 12:01:00,4.87,4.87,4.87,4.87,0.22526
2019-11-02 12:00:00,4.87,4.873,4.87,4.871,288.62609
2019-11-02 11:59:00,4.869,4.87,4.869,4.87,1992.11638
2019-11-02 11:58:00,4.869,4.87,4.869,4.869,475.58997
2019-11-02 11:57:00,4.871,4.874,4.871,4.873,257.78843
2019-11-02 11:56:00,4.867,4.868,4.867,4.868,8.33277
2019-11-02 11:55:00,4.867,4.867,4.867,4.867,194.99445
2019-11-02 11:54:00,4.866,4.867,4.866,4.867,734.51921
2019-11-02 11:53:00,4.868,4.868,4.865,4.865,958.3271
2019-11-02 11:52:00,4.868,4.868,4.868,4.868,117.48121
2019-11-02 11:51:00,4.865,4.867,4.865,4.867,219.35446
2019-11-02 11:50:00,4.867,4.867,4.863,4.865,81.7739
2019-11-02 11:49:00,4.866,4.866,4.866,4.866,40.61738
2019-11-02 11:48:00,4.866,4.866,4.866,4.866,40.61738
2019-11-02 11:47:00,4.867,4.871,4.862,4.862,3089.72408
2019-11-02 11:46:00,4.868,4.868,4.867,4.867,617.43443
2019-11-02 11:45:00,4.866,4.869,4.866,4.869,2042.3343
2019-11-02 11:44:00,4.864,4.867,4.864,4.866,132.37013
2019-11-02 11:43:00,4.865,4.865,4.864,4.864,40.50378
2019-11-02 11:42:00,4.865,4.866,4.865,4.865,549.66561
2019-11-02 11:41:00,4.865,4.869,4.865,4.865,729.27915
2019-11-02 11:40:00,4.865,4.866,4.865,4.865,370.26825
2019-11-02 11:39:00,4.868,4.868,4.865,4.865,18.11576
2019-11-02 11:38:00,4.868,4.868,4.868,4.868,262.3559
2019-11-02 11:37:00,4.868,4.868,4.868,4.868,210.97709
2019-11-02 11:36:00,4.869,4.869,4.868,4.868,49.45047
2019-11-02 11:35:00,4.869,4.869,4.867,4.868,2048.73587
2019-11-02 11:34:00,4.868,4.87,4.866,4.869,1160.36325
2019-11-02 11:33:00,4.871,4.872,4.867,4.869,657.34274
2019-11-02 11:32:00,4.871,4.871,4.87,4.871,638.66544
2019-11-02 11:31:00,4.868,4.87,4.868,4.87,819.14782
2019-11-02 11:30:00,4.867,4.867,4.867,4.867,81.22651
2019-11-02 11:29:00,4.867,4.868,4.866,4.867,605.62484
2019-11-02 11:28:00,4.869,4.869,4.867,4.867,40.58441
2019-11-02 11:27:00,4.869,4.869,4.869,4.869,40.57618
2019-11-02 11:26:00,4.868,4.87,4.868,4.869,2342.26037
2019-11-02 11:25:00,4.868,4.868,4.867,4.868,1468.7083
2019-11-02 11:24:00,4.864,4.869,4.864,4.868,1511.92344
2019-11-02 11:23:00,4.864,4.864,4.862,4.862,121.90164
2019-11-02 11:22:00,4.865,4.865,4.864,4.864,238.91663
2019-11-02 11:21:00,4.864,4.865,4.864,4.864,72.89707
2019-11-02 11:20:00,4.864,4.864,4.862,4.864,121.37345
2019-11-02 11:19:00,4.864,4.864,4.864,4.864,110.92285
2019-11-02 11:18:00,4.866,4.866,4.864,4.864,499.88036
2019-11-02 11:17:00,4.869,4.869,4.865,4.865,1307.85683
2019-11-02 11:16:00,4.869,4.871,4.869,4.869,1810.95779
2019-11-02 11:15:00,4.869,4.869,4.869,4.869,177.8245
2019-11-02 11:14:00,4.869,4.869,4.868,4.869,225.46699
2019-11-02 11:13:00,4.87,4.87,4.868,4.868,893.65315
2019-11-02 11:12:00,4.87,4.871,4.87,4.87,988.97222
2019-11-02 11:11:00,4.867,4.868,4.867,4.867,41.3643
2019-11-02 11:10:00,4.867,4.868,4.867,4.867,154.03658
2019-11-02 11:09:00,4.869,4.869,4.867,4.867,128.49566
2019-11-02 11:08:00,4.869,4.869,4.866,4.869,44.89089
2019-11-02 11:07:00,4.869,4.869,4.869,4.869,5.54715
2019-11-02 11:06:00,4.871,4.871,4.871,4.871,0
2019-11-02 11:05:00,4.871,4.871,4.871,4.871,0
2019-11-02 11:04:00,4.87,4.871,4.868,4.871,324.45739
2019-11-02 11:03:00,4.871,4.871,4.87,4.87,49.80727
2019-11-02 11:02:00,4.873,4.873,4.871,4.873,291.1408
2019-11-02 11:01:00,4.873,4.873,4.873,4.873,0
2019-11-02 11:00:00,4.878,4.878,4.874,4.874,530.42803
2019-11-02 10:59:00,4.879,4.879,4.879,4.879,16.50745
2019-11-02 10:58:00,4.876,4.882,4.876,4.88,219.5032
2019-11-02 10:57:00,4.873,4.877,4.873,4.876,354.71097
2019-11-02 10:56:00,4.874,4.874,4.871,4.872,139.54601
2019-11-02 10:55:00,4.874,4.874,4.874,4.874,6.82119
2019-11-02 10:54:00,4.875,4.875,4.873,4.873,91.82209
2019-11-02 10:53:00,4.873,4.874,4.873,4.874,249.82061
2019-11-02 10:52:00,4.873,4.873,4.872,4.872,460.17317
2019-11-02 10:51:00,4.873,4.873,4.873,4.873,0
2019-11-02 10:50:00,4.876,4.876,4.873,4.873,593.06294
2019-11-02 10:49:00,4.876,4.878,4.875,4.877,359.81634
2019-11-02 10:48:00,4.87,4.878,4.87,4.878,952.53478
2019-11-02 10:47:00,4.868,4.869,4.867,4.869,324.04211
2019-11-02 10:46:00,4.869,4.869,4.869,4.869,0
2019-11-02 10:45:00,4.866,4.87,4.866,4.869,2542.72988
2019-11-02 10:44:00,4.865,4.865,4.865,4.865,70.63876
2019-11-02 10:43:00,4.865,4.865,4.865,4.865,0
2019-11-02 10:42:00,4.865,4.865,4.865,4.865,0
2019-11-02 10:41:00,4.865,4.865,4.865,4.865,0
2019-11-02 10:40:00,4.865,4.865,4.865,4.865,0
2019-11-02 10:39:00,4.865,4.865,4.865,4.865,0
2019-11-02 10:38:00,4.865,4.865,4.865,4.865,6.261
2019-11-02 10:37:00,4.864,4.864,4.864,4.864,4
2019-11-02 10:36:00,4.864,4.864,4.864,4.864,181.10703
2019-11-02 10:35:00,4.861,4.861,4.861,4.861,10.95628
2019-11-02 10:34:00,4.862,4.862,4.862,4.862,89.24993
2019-11-02 10:33:00,4.861,4.861,4.861,4.861,28.33947
2019-11-02 10:32:00,4.861,4.861,4.86,4.86,7.23063
2019-11-02 10:31:00,4.862,4.862,4.862,4.862,16.16308
2019-11-02 10:30:00,4.862,4.862,4.862,4.862,8.58593
2019-11-02 10:29:00,4.864,4.864,4.864,4.864,0
2019-11-02 10:28:00,4.865,4.865,4.864,4.864,1613.37125
2019-11-02 10:27:00,4.865,4.866,4.863,4.866,636.7429
2019-11-02 10:26:00,4.861,4.865,4.861,4.865,2832.65531
2019-11-02 10:25:00,4.861,4.862,4.861,4.861,226.51194
2019-11-02 10:24:00,4.864,4.864,4.864,4.864,245.69332
2019-11-02 10:23:00,4.864,4.864,4.864,4.864,142.39779
2019-11-02 10:22:00,4.864,4.864,4.864,4.864,1.90699
2019-11-02 10:21:00,4.866,4.866,4.866,4.866,6.99837
2019-11-02 10:20:00,4.868,4.868,4.866,4.866,43.75346
2019-11-02 10:19:00,4.869,4.869,4.869,4.869,0
2019-11-02 10:18:00,4.869,4.869,4.869,4.869,30
2019-11-02 10:17:00,4.869,4.869,4.869,4.869,4
2019-11-02 10:16:00,4.871,4.871,4.867,4.87,5765.01694
2019-11-02 10:15:00,4.872,4.872,4.872,4.872,6.26491
2019-11-02 10:14:00,4.87,4.873,4.87,4.873,94.09164
2019-11-02 10:13:00,4.871,4.871,4.87,4.87,213.82996
2019-11-02 10:12:00,4.871,4.871,4.87,4.871,87.40108
2019-11-02 10:11:00,4.872,4.872,4.87,4.871,20.9335
2019-11-02 10:10:00,4.873,4.873,4.872,4.873,19.67299
2019-11-02 10:09:00,4.873,4.875,4.873,4.873,158.75198
2019-11-02 10:08:00,4.878,4.878,4.873,4.876,19.90041
2019-11-02 10:07:00,4.878,4.878,4.874,4.878,32.21405
2019-11-02 10:06:00,4.878,4.878,4.878,4.878,14.89099
2019-11-02 10:05:00,4.879,4.879,4.878,4.878,3.85958
2019-11-02 10:04:00,4.876,4.878,4.876,4.878,245.55532
2019-11-02 10:03:00,4.876,4.876,4.875,4.876,5.45296
2019-11-02 10:02:00,4.88,4.88,4.876,4.876,1240.99637
2019-11-02 10:01:00,4.88,4.881,4.879,4.88,99.03385
2019-11-02 10:00:00,4.876,4.88,4.876,4.88,565.64828
2019-11-02 09:59:00,4.874,4.876,4.873,4.875,282.0497
2019-11-02 09:58:00,4.875,4.875,4.875,4.875,0.01
2019-11-02 09:57:00,4.874,4.874,4.874,4.874,0
2019-11-02 09:56:00,4.874,4.874,4.874,4.874,0
2019-11-02 09:55:00,4.874,4.874,4.874,4.874,1.21679
2019-11-02 09:54:00,4.874,4.874,4.874,4.874,0
2019-11-02 09:53:00,4.874,4.874,4.874,4.874,0
2019-11-02 09:52:00,4.869,4.874,4.869,4.874,151.98708
2019-11-02 09:51:00,4.87,4.87,4.869,4.869,242.48593
2019-11-02 09:50:00,4.869,4.869,4.869,4.869,103.10453
2019-11-02 09:49:00,4.87,4.87,4.87,4.87,3081.61463
2019-11-02 09:48:00,4.87,4.871,4.87,4.87,251.95493
2019-11-02 09:47:00,4.866,4.871,4.864,4.87,1938.97448
2019-11-02 09:46:00,4.868,4.868,4.866,4.866,1233.9803
2019-11-02 09:45:00,4.874,4.874,4.869,4.869,192.0313
2019-11-02 09:44:00,4.88,4.88,4.876,4.876,683.60282
2019-11-02 09:43:00,4.879,4.881,4.879,4.88,198.47482
2019-11-02 09:42:00,4.879,4.879,4.877,4.877,150
2019-11-02 09:41:00,4.88,4.881,4.88,4.881,1457.88809
2019-11-02 09:40:00,4.88,4.88,4.88,4.88,0
2019-11-02 09:39:00,4.881,4.881,4.88,4.88,184.25846
2019-11-02 09:38:00,4.879,4.881,4.879,4.881,265.52741
2019-11-02 09:37:00,4.88,4.88,4.876,4.879,1601.20657
2019-11-02 09:36:00,4.881,4.881,4.881,4.881,39.13865
2019-11-02 09:35:00,4.883,4.883,4.881,4.881,296.80578
2019-11-02 09:34:00,4.884,4.884,4.884,4.884,194.2362
2019-11-02 09:33:00,4.883,4.884,4.883,4.884,34.49332
2019-11-02 09:32:00,4.885,4.885,4.881,4.882,233.64957
2019-11-02 09:31:00,4.891,4.892,4.886,4.888,639.37641
2019-11-02 09:30:00,4.89,4.89,4.89,4.89,0.32048
2019-11-02 09:29:00,4.89,4.894,4.89,4.892,54.19997
2019-11-02 09:28:00,4.891,4.891,4.89,4.89,1198.5063
2019-11-02 09:27:00,4.888,4.893,4.888,4.893,241.30027
2019-11-02 09:26:00,4.881,4.887,4.881,4.887,2547.42847
2019-11-02 09:25:00,4.879,4.881,4.879,4.881,1487.71055
2019-11-02 09:24:00,4.881,4.881,4.879,4.88,51.18325
2019-11-02 09:23:00,4.881,4.882,4.881,4.881,29.85286
2019-11-02 09:22:00,4.885,4.885,4.882,4.882,226.43435
2019-11-02 09:21:00,4.887,4.887,4.885,4.885,324.00636
2019-11-02 09:20:00,4.887,4.887,4.887,4.887,0.0633
2019-11-02 09:19:00,4.888,4.888,4.887,4.887,4.12003
2019-11-02 09:18:00,4.891,4.892,4.888,4.888,2789.21009
2019-11-02 09:17:00,4.889,4.892,4.889,4.892,726.25538
2019-11-02 09:16:00,4.897,4.898,4.888,4.888,923.74014
2019-11-02 09:15:00,4.894,4.899,4.893,4.898,1240.63693
2019-11-02 09:14:00,4.894,4.895,4.894,4.895,4.5968
2019-11-02 09:13:00,4.89,4.896,4.889,4.896,729.80105
2019-11-02 09:12:00,4.889,4.89,4.889,4.89,809.24705
2019-11-02 09:11:00,4.889,4.892,4.888,4.889,649.08069
2019-11-02 09:10:00,4.892,4.892,4.888,4.889,103.59248
2019-11-02 09:09:00,4.891,4.892,4.889,4.892,374.77246
2019-11-02 09:08:00,4.891,4.891,4.891,4.891,1.55024
2019-11-02 09:07:00,4.891,4.893,4.89,4.89,2370.14556
2019-11-02 09:06:00,4.891,4.894,4.891,4.891,301.20661
2019-11-02 09:05:00,4.885,4.89,4.885,4.89,159.23311
2019-11-02 09:04:00,4.889,4.89,4.887,4.888,293.9688
2019-11-02 09:03:00,4.886,4.89,4.886,4.89,418.28563
2019-11-02 09:02:00,4.885,4.885,4.885,4.885,0
2019-11-02 09:01:00,4.885,4.885,4.885,4.885,10
2019-11-02 09:00:00,4.885,4.885,4.885,4.885,39.24568
2019-11-02 08:59:00,4.885,4.885,4.885,4.885,2.95011
2019-11-02 08:58:00,4.885,4.885,4.882,4.882,496.28835
2019-11-02 08:57:00,4.884,4.884,4.884,4.884,783.68925
2019-11-02 08:56:00,4.885,4.885,4.884,4.884,2766.17422
2019-11-02 08:55:00,4.889,4.891,4.885,4.885,603.45976
2019-11-02 08:54:00,4.885,4.888,4.885,4.888,240.83485
2019-11-02 08:53:00,4.884,4.884,4.884,4.884,10.0405
2019-11-02 08:52:00,4.889,4.891,4.882,4.884,2852.81358
2019-11-02 08:51:00,4.888,4.89,4.888,4.89,789.42341
2019-11-02 08:50:00,4.883,4.887,4.883,4.887,86.00684
2019-11-02 08:49:00,4.882,4.882,4.882,4.882,376.12884
2019-11-02 08:48:00,4.887,4.89,4.88,4.881,1964.51722
2019-11-02 08:47:00,4.886,4.886,4.886,4.886,0
2019-11-02 08:46:00,4.886,4.886,4.886,4.886,0
2019-11-02 08:45:00,4.886,4.886,4.886,4.886,111.72505
2019-11-02 08:44:00,4.886,4.886,4.886,4.886,23.53603
2019-11-02 08:43:00,4.888,4.888,4.886,4.886,29.25558
2019-11-02 08:42:00,4.888,4.888,4.887,4.888,37.59979
2019-11-02 08:41:00,4.887,4.887,4.887,4.887,272.85005
2019-11-02 08:40:00,4.887,4.887,4.887,4.887,5.28639
2019-11-02 08:39:00,4.884,4.886,4.884,4.886,107.54215
2019-11-02 08:38:00,4.885,4.885,4.885,4.885,2.99538
2019-11-02 08:37:00,4.882,4.883,4.882,4.883,1376.60564
2019-11-02 08:36:00,4.885,4.885,4.883,4.883,57.49094
2019-11-02 08:35:00,4.88,4.883,4.88,4.883,979.87131
2019-11-02 08:34:00,4.876,4.877,4.876,4.877,70.92198
2019-11-02 08:33:00,4.873,4.876,4.87,4.876,2566.6995
2019-11-02 08:32:00,4.874,4.874,4.874,4.874,0.01
2019-11-02 08:31:00,4.876,4.877,4.875,4.875,118.054
2019-11-02 08:30:00,4.878,4.878,4.878,4.878,21.49144
2019-11-02 08:29:00,4.878,4.88,4.878,4.878,298.60572
2019-11-02 08:28:00,4.879,4.879,4.877,4.877,519.5966
2019-11-02 08:27:00,4.88,4.88,4.88,4.88,177.87456
2019-11-02 08:26:00,4.878,4.879,4.878,4.879,67.11677
2019-11-02 08:25:00,4.878,4.878,4.878,4.878,0.05045
2019-11-02 08:24:00,4.881,4.881,4.879,4.879,114.09658
2019-11-02 08:23:00,4.881,4.881,4.881,4.881,398.46546
2019-11-02 08:22:00,4.88,4.88,4.88,4.88,22.62492
2019-11-02 08:21:00,4.884,4.884,4.881,4.881,39.84232
2019-11-02 08:20:00,4.886,4.886,4.881,4.885,897.45365
2019-11-02 08:19:00,4.887,4.887,4.887,4.887,4.69424
2019-11-02 08:18:00,4.888,4.889,4.887,4.887,2152.70856
2019-11-02 08:17:00,4.888,4.888,4.888,4.888,1.8517
2019-11-02 08:16:00,4.891,4.891,4.886,4.889,3327.95338
2019-11-02 08:15:00,4.883,4.891,4.883,4.889,2415.54027
2019-11-02 08:14:00,4.884,4.884,4.882,4.883,232.63205
2019-11-02 08:13:00,4.882,4.886,4.882,4.884,157.65671
2019-11-02 08:12:00,4.883,4.883,4.878,4.88,479.10413
2019-11-02 08:11:00,4.884,4.885,4.884,4.884,322.51963
2019-11-02 08:10:00,4.886,4.886,4.883,4.884,996.28299
2019-11-02 08:09:00,4.882,4.887,4.882,4.885,701.5026
2019-11-02 08:08:00,4.881,4.882,4.881,4.882,1907.61984
2019-11-02 08:07:00,4.878,4.881,4.878,4.881,970.05135
2019-11-02 08:06:00,4.877,4.878,4.877,4.878,35.59203
2019-11-02 08:05:00,4.877,4.878,4.877,4.878,554.09409
2019-11-02 08:04:00,4.877,4.878,4.877,4.877,574.95228
2019-11-02 08:03:00,4.877,4.878,4.875,4.876,615.2653
2019-11-02 08:02:00,4.878,4.878,4.876,4.877,2399.34485
2019-11-02 08:01:00,4.874,4.881,4.874,4.879,4531.12054
2019-11-02 08:00:00,4.868,4.873,4.868,4.873,4476.15646
2019-11-02 07:59:00,4.868,4.869,4.868,4.868,1254.96077
2019-11-02 07:58:00,4.867,4.867,4.867,4.867,5.51302
2019-11-02 07:57:00,4.867,4.867,4.867,4.867,1.14505
2019-11-02 07:56:00,4.867,4.867,4.867,4.867,0
2019-11-02 07:55:00,4.867,4.867,4.867,4.867,0
2019-11-02 07:54:00,4.867,4.867,4.867,4.867,0
2019-11-02 07:53:00,4.867,4.867,4.867,4.867,0
2019-11-02 07:52:00,4.867,4.867,4.867,4.867,1320.7448
2019-11-02 07:51:00,4.868,4.868,4.868,4.868,6.91366
2019-11-02 07:50:00,4.868,4.868,4.868,4.868,0
2019-11-02 07:49:00,4.87,4.87,4.869,4.869,707.86225
2019-11-02 07:48:00,4.87,4.87,4.869,4.87,2547.39637
2019-11-02 07:47:00,4.868,4.868,4.868,4.868,1221.21022
2019-11-02 07:46:00,4.868,4.869,4.868,4.869,1470.31383
2019-11-02 07:45:00,4.867,4.868,4.867,4.868,19.10683
2019-11-02 07:44:00,4.868,4.868,4.863,4.866,896.65313
2019-11-02 07:43:00,4.868,4.868,4.868,4.868,6.29048
2019-11-02 07:42:00,4.871,4.873,4.87,4.87,929.74881
2019-11-02 07:41:00,4.871,4.871,4.871,4.871,382.17981
2019-11-02 07:40:00,4.871,4.872,4.871,4.872,88.95223
2019-11-02 07:39:00,4.871,4.871,4.868,4.87,644.26782
2019-11-02 07:38:00,4.87,4.87,4.87,4.87,148.5058
2019-11-02 07:37:00,4.87,4.87,4.87,4.87,0
2019-11-02 07:36:00,4.87,4.87,4.87,4.87,0
2019-11-02 07:35:00,4.871,4.871,4.87,4.87,928.01679
2019-11-02 07:34:00,4.874,4.875,4.87,4.871,142.58438
2019-11-02 07:33:00,4.874,4.875,4.872,4.875,2825.17545
2019-11-02 07:32:00,4.873,4.876,4.872,4.876,1743.77171
2019-11-02 07:31:00,4.869,4.873,4.869,4.873,2924.23331
2019-11-02 07:30:00,4.865,4.872,4.865,4.869,12407.73835
2019-11-02 07:29:00,4.864,4.873,4.864,4.866,5665.33177
2019-11-02 07:28:00,4.866,4.866,4.864,4.864,171.91422
2019-11-02 07:27:00,4.866,4.866,4.862,4.863,290.88608
2019-11-02 07:26:00,4.858,4.866,4.858,4.866,645.43652
2019-11-02 07:25:00,4.858,4.858,4.858,4.858,0
2019-11-02 07:24:00,4.857,4.858,4.856,4.858,399.52114
2019-11-02 07:23:00,4.864,4.864,4.856,4.856,764.44207
2019-11-02 07:22:00,4.86,4.866,4.858,4.863,2891.16621
2019-11-02 07:21:00,4.857,4.861,4.857,4.86,1487.1117
2019-11-02 07:20:00,4.852,4.861,4.852,4.858,3007.75849
2019-11-02 07:19:00,4.854,4.854,4.849,4.852,2176.60398
2019-11-02 07:18:00,4.853,4.856,4.853,4.855,471.06056
2019-11-02 07:17:00,4.853,4.855,4.851,4.851,700.54404
2019-11-02 07:16:00,4.854,4.854,4.853,4.853,4.17
2019-11-02 07:15:00,4.851,4.854,4.851,4.854,626.88592
2019-11-02 07:14:00,4.855,4.855,4.849,4.851,869.80148
2019-11-02 07:13:00,4.857,4.859,4.855,4.855,785.70785
2019-11-02 07:12:00,4.85,4.857,4.849,4.857,2219.10437
2019-11-02 07:11:00,4.85,4.85,4.849,4.85,424.93425
2019-11-02 07:10:00,4.852,4.852,4.849,4.851,952.0578
2019-11-02 07:09:00,4.854,4.854,4.851,4.851,1466.01948
2019-11-02 07:08:00,4.851,4.853,4.851,4.853,236.81991
2019-11-02 07:07:00,4.852,4.852,4.852,4.852,594.31875
2019-11-02 07:06:00,4.852,4.852,4.851,4.851,904.33937
2019-11-02 07:05:00,4.854,4.854,4.852,4.852,514.19949
2019-11-02 07:04:00,4.847,4.853,4.841,4.853,2216.04497
2019-11-02 07:03:00,4.846,4.847,4.846,4.847,686.42397
2019-11-02 07:02:00,4.846,4.846,4.839,4.845,2450.24793
2019-11-02 07:01:00,4.848,4.848,4.846,4.846,1322.66131
2019-11-02 07:00:00,4.85,4.851,4.845,4.849,132.1682
2019-11-02 06:59:00,4.845,4.846,4.842,4.842,328.36683
2019-11-02 06:58:00,4.85,4.85,4.846,4.847,467.47112
2019-11-02 06:57:00,4.85,4.85,4.85,4.85,0
2019-11-02 06:56:00,4.849,4.85,4.849,4.85,531.48849
2019-11-02 06:55:00,4.85,4.85,4.849,4.849,8.27617
2019-11-02 06:54:00,4.854,4.854,4.851,4.854,1634.87671
2019-11-02 06:53:00,4.855,4.855,4.851,4.854,3999.74174
2019-11-02 06:52:00,4.854,4.856,4.851,4.856,464.64647
2019-11-02 06:51:00,4.859,4.859,4.853,4.854,480.46281
2019-11-02 06:50:00,4.861,4.861,4.858,4.858,386.52374
2019-11-02 06:49:00,4.861,4.861,4.861,4.861,265.69099
2019-11-02 06:48:00,4.862,4.862,4.86,4.86,498.10239
2019-11-02 06:47:00,4.863,4.863,4.861,4.861,40.71661
2019-11-02 06:46:00,4.862,4.863,4.862,4.863,35.41815
2019-11-02 06:45:00,4.865,4.865,4.859,4.861,2811.61557
2019-11-02 06:44:00,4.867,4.867,4.865,4.865,283.33236
2019-11-02 06:43:00,4.867,4.87,4.865,4.865,1684.63055
2019-11-02 06:42:00,4.867,4.867,4.867,4.867,286.12758
2019-11-02 06:41:00,4.869,4.87,4.866,4.866,2541.17481
2019-11-02 06:40:00,4.867,4.867,4.867,4.867,0
2019-11-02 06:39:00,4.867,4.867,4.867,4.867,107.72339
2019-11-02 06:38:00,4.864,4.865,4.864,4.865,1020.90271
2019-11-02 06:37:00,4.866,4.866,4.864,4.864,74.51059
2019-11-02 06:36:00,4.866,4.866,4.866,4.866,40.46796
2019-11-02 06:35:00,4.868,4.868,4.866,4.866,281.97267
2019-11-02 06:34:00,4.869,4.87,4.869,4.87,16.33506
2019-11-02 06:33:00,4.87,4.871,4.87,4.871,56.69259
2019-11-02 06:32:00,4.871,4.871,4.871,4.871,171.31649
2019-11-02 06:31:00,4.875,4.878,4.872,4.872,22.90572
2019-11-02 06:30:00,4.876,4.878,4.874,4.874,1210.11952
2019-11-02 06:29:00,4.871,4.876,4.871,4.876,1132.83214
2019-11-02 06:28:00,4.868,4.87,4.868,4.87,1347.32609
2019-11-02 06:27:00,4.869,4.869,4.867,4.868,303.50131
2019-11-02 06:26:00,4.87,4.871,4.869,4.87,211.98286
2019-11-02 06:25:00,4.868,4.868,4.868,4.868,0.32855
2019-11-02 06:24:00,4.871,4.871,4.871,4.871,18.54434
2019-11-02 06:23:00,4.873,4.874,4.872,4.874,415.70848
2019-11-02 06:22:00,4.868,4.876,4.868,4.873,616.90012
2019-11-02 06:21:00,4.871,4.871,4.866,4.866,1311.82755
2019-11-02 06:20:00,4.88,4.88,4.87,4.871,651.45531
2019-11-02 06:19:00,4.882,4.882,4.881,4.881,505.34014
2019-11-02 06:18:00,4.881,4.883,4.881,4.882,1122.40762
2019-11-02 06:17:00,4.883,4.883,4.881,4.881,54.49561
2019-11-02 06:16:00,4.884,4.884,4.882,4.883,370.19592
2019-11-02 06:15:00,4.894,4.894,4.884,4.884,476.1033
2019-11-02 06:14:00,4.896,4.897,4.894,4.894,1606.60492
2019-11-02 06:13:00,4.895,4.896,4.893,4.896,228.29595
2019-11-02 06:12:00,4.888,4.895,4.887,4.895,755.45985
2019-11-02 06:11:00,4.897,4.897,4.88,4.884,3704.52994
2019-11-02 06:10:00,4.905,4.914,4.893,4.896,3727.19921
2019-11-02 06:09:00,4.899,4.905,4.899,4.905,1097.32033
2019-11-02 06:08:00,4.902,4.902,4.895,4.899,285.03143
2019-11-02 06:07:00,4.903,4.903,4.903,4.903,0
2019-11-02 06:06:00,4.901,4.903,4.901,4.903,934.95721
2019-11-02 06:05:00,4.9,4.9,4.9,4.9,0
2019-11-02 06:04:00,4.9,4.9,4.9,4.9,301.54262
2019-11-02 06:03:00,4.903,4.903,4.9,4.9,161.04512
2019-11-02 06:02:00,4.898,4.907,4.898,4.903,2657.77366
2019-11-02 06:01:00,4.899,4.899,4.899,4.899,25.32633
2019-11-02 06:00:00,4.898,4.903,4.894,4.901,2494.68902
2019-11-02 05:59:00,4.9,4.901,4.899,4.899,67.95308
2019-11-02 05:58:00,4.898,4.898,4.898,4.898,24.93229
2019-11-02 05:57:00,4.898,4.898,4.898,4.898,203.27572
2019-11-02 05:56:00,4.897,4.897,4.897,4.897,28.94173
2019-11-02 05:55:00,4.895,4.895,4.895,4.895,0
2019-11-02 05:54:00,4.895,4.895,4.895,4.895,0
2019-11-02 05:53:00,4.898,4.898,4.894,4.895,919.72179
2019-11-02 05:52:00,4.898,4.899,4.898,4.899,49.03528
2019-11-02 05:51:00,4.913,4.913,4.899,4.899,2288.7767
2019-11-02 05:50:00,4.906,4.917,4.906,4.914,3889.06031
2019-11-02 05:49:00,4.902,4.906,4.902,4.905,58.19201
2019-11-02 05:48:00,4.897,4.904,4.897,4.904,513.41597
2019-11-02 05:47:00,4.896,4.897,4.896,4.897,168.62483
2019-11-02 05:46:00,4.897,4.897,4.895,4.896,1164.35567
2019-11-02 05:45:00,4.903,4.903,4.895,4.898,1073.57926
2019-11-02 05:44:00,4.908,4.909,4.9,4.903,1471.00329
2019-11-02 05:43:00,4.899,4.907,4.899,4.907,2286.90096
2019-11-02 05:42:00,4.891,4.898,4.891,4.898,1119.93953
2019-11-02 05:41:00,4.887,4.892,4.887,4.891,318.83567
2019-11-02 05:40:00,4.887,4.888,4.887,4.888,14.09765
2019-11-02 05:39:00,4.887,4.889,4.887,4.887,1062.63468
2019-11-02 05:38:00,4.886,4.887,4.886,4.887,208.81975
2019-11-02 05:37:00,4.886,4.886,4.886,4.886,0
2019-11-02 05:36:00,4.885,4.888,4.885,4.886,244.98182
2019-11-02 05:35:00,4.885,4.885,4.885,4.885,205.55915
2019-11-02 05:34:00,4.884,4.884,4.884,4.884,123.82872
2019-11-02 05:33:00,4.884,4.884,4.884,4.884,0
2019-11-02 05:32:00,4.884,4.884,4.884,4.884,0
2019-11-02 05:31:00,4.884,4.884,4.884,4.884,7.5091
2019-11-02 05:30:00,4.885,4.885,4.885,4.885,493.43685
2019-11-02 05:29:00,4.878,4.886,4.878,4.884,1401.83885
2019-11-02 05:28:00,4.877,4.882,4.877,4.882,534.2593
2019-11-02 05:27:00,4.876,4.876,4.876,4.876,231.51625
2019-11-02 05:26:00,4.877,4.877,4.877,4.877,11.90427
2019-11-02 05:25:00,4.875,4.876,4.875,4.876,23.86381
2019-11-02 05:24:00,4.868,4.872,4.868,4.872,186.47295
2019-11-02 05:23:00,4.868,4.868,4.868,4.868,0
2019-11-02 05:22:00,4.869,4.869,4.868,4.868,1736.70202
2019-11-02 05:21:00,4.868,4.87,4.868,4.869,594.9281
2019-11-02 05:20:00,4.869,4.869,4.862,4.868,3676.33917
2019-11-02 05:19:00,4.871,4.871,4.871,4.871,0
2019-11-02 05:18:00,4.871,4.871,4.871,4.871,0
2019-11-02 05:17:00,4.871,4.871,4.871,4.871,0
2019-11-02 05:16:00,4.871,4.871,4.871,4.871,4.42
2019-11-02 05:15:00,4.872,4.872,4.871,4.871,181.59384
2019-11-02 05:14:00,4.875,4.876,4.869,4.872,1048.56024
2019-11-02 05:13:00,4.88,4.88,4.876,4.876,57.81313
2019-11-02 05:12:00,4.882,4.882,4.882,4.882,0
2019-11-02 05:11:00,4.884,4.885,4.882,4.882,353.57495
2019-11-02 05:10:00,4.881,4.884,4.881,4.884,1.13172
2019-11-02 05:09:00,4.883,4.883,4.881,4.881,42.7415
2019-11-02 05:08:00,4.884,4.884,4.884,4.884,4.45729
2019-11-02 05:07:00,4.887,4.887,4.887,4.887,0
2019-11-02 05:06:00,4.889,4.889,4.887,4.887,44.83707
2019-11-02 05:05:00,4.889,4.889,4.889,4.889,0
2019-11-02 05:04:00,4.887,4.889,4.887,4.889,195.03833
2019-11-02 05:03:00,4.886,4.887,4.886,4.887,633.84915
2019-11-02 05:02:00,4.882,4.884,4.882,4.884,271.59234
2019-11-02 05:01:00,4.879,4.885,4.879,4.885,1323.35669
2019-11-02 05:00:00,4.879,4.879,4.875,4.878,39.44829
2019-11-02 04:59:00,4.876,4.876,4.876,4.876,0
2019-11-02 04:58:00,4.876,4.876,4.876,4.876,0
2019-11-02 04:57:00,4.876,4.876,4.876,4.876,10.80131
2019-11-02 04:56:00,4.877,4.877,4.877,4.877,1.1022
2019-11-02 04:55:00,4.876,4.883,4.876,4.878,667.90429
2019-11-02 04:54:00,4.877,4.877,4.877,4.877,0
2019-11-02 04:53:00,4.877,4.877,4.877,4.877,4
2019-11-02 04:52:00,4.877,4.877,4.877,4.877,0
2019-11-02 04:51:00,4.879,4.879,4.877,4.877,6.02954
2019-11-02 04:50:00,4.873,4.879,4.871,4.879,2028.65908
2019-11-02 04:49:00,4.87,4.873,4.87,4.873,188.31904
2019-11-02 04:48:00,4.876,4.877,4.87,4.87,1173.8476
2019-11-02 04:47:00,4.87,4.874,4.87,4.873,837.28026
2019-11-02 04:46:00,4.87,4.87,4.869,4.869,306.16572
2019-11-02 04:45:00,4.868,4.868,4.868,4.868,0
2019-11-02 04:44:00,4.865,4.869,4.865,4.868,229.53383
2019-11-02 04:43:00,4.866,4.866,4.866,4.866,20.41176
2019-11-02 04:42:00,4.868,4.868,4.868,4.868,10.22569
2019-11-02 04:41:00,4.869,4.869,4.869,4.869,0
2019-11-02 04:40:00,4.87,4.87,4.869,4.869,9.84452
2019-11-02 04:39:00,4.874,4.874,4.874,4.874,0
2019-11-02 04:38:00,4.876,4.876,4.873,4.874,404.01577
2019-11-02 04:37:00,4.872,4.872,4.872,4.872,4
2019-11-02 04:36:00,4.869,4.872,4.869,4.872,320.65088
2019-11-02 04:35:00,4.871,4.871,4.871,4.871,29.24392
2019-11-02 04:34:00,4.873,4.873,4.873,4.873,0
2019-11-02 04:33:00,4.876,4.876,4.872,4.873,576.83893
2019-11-02 04:32:00,4.871,4.877,4.87,4.876,805.70594
2019-11-02 04:31:00,4.871,4.871,4.87,4.87,80.23319
2019-11-02 04:30:00,4.869,4.872,4.869,4.871,213.75473
2019-11-02 04:29:00,4.871,4.873,4.871,4.872,342.11629
2019-11-02 04:28:00,4.864,4.868,4.864,4.868,106.61397
2019-11-02 04:27:00,4.864,4.864,4.863,4.864,1634.46602
2019-11-02 04:26:00,4.864,4.864,4.864,4.864,21.72981
2019-11-02 04:25:00,4.86,4.865,4.86,4.864,71.21131
2019-11-02 04:24:00,4.858,4.866,4.858,4.86,602.48964
2019-11-02 04:23:00,4.861,4.861,4.861,4.861,2.26032
2019-11-02 04:22:00,4.865,4.865,4.862,4.862,0.40984
2019-11-02 04:21:00,4.866,4.866,4.861,4.861,117.92741
2019-11-02 04:20:00,4.864,4.864,4.864,4.864,0
2019-11-02 04:19:00,4.87,4.87,4.864,4.864,200.92804
2019-11-02 04:18:00,4.866,4.869,4.864,4.869,196.23184
2019-11-02 04:17:00,4.867,4.867,4.867,4.867,0.04149
2019-11-02 04:16:00,4.869,4.869,4.868,4.868,455.30391
2019-11-02 04:15:00,4.873,4.873,4.869,4.869,1365.38214
2019-11-02 04:14:00,4.874,4.874,4.871,4.871,223.98063
2019-11-02 04:13:00,4.865,4.878,4.865,4.872,3285.68751
2019-11-02 04:12:00,4.864,4.865,4.863,4.864,196.86924
2019-11-02 04:11:00,4.861,4.864,4.858,4.863,1012.20994
2019-11-02 04:10:00,4.859,4.865,4.858,4.859,1892.51244
2019-11-02 04:09:00,4.859,4.859,4.858,4.859,3.55557
2019-11-02 04:08:00,4.857,4.859,4.856,4.859,301.73721
2019-11-02 04:07:00,4.857,4.858,4.857,4.857,67.89643
2019-11-02 04:06:00,4.856,4.856,4.855,4.856,395.29554
2019-11-02 04:05:00,4.857,4.857,4.857,4.857,0
2019-11-02 04:04:00,4.858,4.862,4.857,4.857,585.75446
2019-11-02 04:03:00,4.859,4.861,4.859,4.861,37.3836
2019-11-02 04:02:00,4.856,4.857,4.853,4.853,343.18412
2019-11-02 04:01:00,4.853,4.857,4.853,4.856,352.63505
2019-11-02 04:00:00,4.848,4.86,4.847,4.853,7852.79901
2019-11-02 03:59:00,4.843,4.848,4.843,4.846,911.48359
2019-11-02 03:58:00,4.84,4.84,4.84,4.84,0
2019-11-02 03:57:00,4.837,4.84,4.835,4.84,717.77411
2019-11-02 03:56:00,4.837,4.837,4.837,4.837,184.16953
2019-11-02 03:55:00,4.839,4.84,4.832,4.837,558.31537
2019-11-02 03:54:00,4.841,4.842,4.839,4.839,302.54449
2019-11-02 03:53:00,4.84,4.84,4.84,4.84,165.28701
2019-11-02 03:52:00,4.84,4.84,4.84,4.84,23.62946
2019-11-02 03:51:00,4.84,4.84,4.84,4.84,2087.464
2019-11-02 03:50:00,4.841,4.841,4.841,4.841,20.07682
2019-11-02 03:49:00,4.84,4.84,4.84,4.84,0
2019-11-02 03:48:00,4.84,4.84,4.839,4.84,738.79834
2019-11-02 03:47:00,4.84,4.84,4.839,4.84,2048.56094
2019-11-02 03:46:00,4.838,4.838,4.838,4.838,0
2019-11-02 03:45:00,4.839,4.839,4.838,4.838,424.30621
2019-11-02 03:44:00,4.842,4.842,4.84,4.84,216.97142
2019-11-02 03:43:00,4.84,4.842,4.84,4.842,5.91277
2019-11-02 03:42:00,4.839,4.842,4.839,4.84,1044.32476
2019-11-02 03:41:00,4.839,4.839,4.839,4.839,1.34934
2019-11-02 03:40:00,4.839,4.839,4.839,4.839,1.52306
2019-11-02 03:39:00,4.839,4.839,4.838,4.839,232.58245
2019-11-02 03:38:00,4.838,4.838,4.838,4.838,3015.13978
2019-11-02 03:37:00,4.835,4.839,4.835,4.838,1857.87474
2019-11-02 03:36:00,4.837,4.837,4.834,4.834,508.46771
2019-11-02 03:35:00,4.843,4.843,4.837,4.837,2093.25346
2019-11-02 03:34:00,4.843,4.845,4.843,4.844,639.33212
2019-11-02 03:33:00,4.843,4.846,4.843,4.843,38.9506
2019-11-02 03:32:00,4.843,4.844,4.843,4.844,26.34686
2019-11-02 03:31:00,4.844,4.847,4.843,4.843,2370.55891
2019-11-02 03:30:00,4.845,4.845,4.845,4.845,184.28763
2019-11-02 03:29:00,4.845,4.845,4.845,4.845,25.90488
2019-11-02 03:28:00,4.847,4.847,4.846,4.846,398.55651
2019-11-02 03:27:00,4.847,4.847,4.847,4.847,771.54306
2019-11-02 03:26:00,4.847,4.847,4.845,4.845,255.96357
2019-11-02 03:25:00,4.848,4.848,4.847,4.847,1245.33655
2019-11-02 03:24:00,4.848,4.849,4.848,4.849,1521.6047
2019-11-02 03:23:00,4.844,4.847,4.844,4.847,34.98224
2019-11-02 03:22:00,4.849,4.85,4.847,4.847,385.236
2019-11-02 03:21:00,4.854,4.854,4.854,4.854,0
2019-11-02 03:20:00,4.855,4.855,4.854,4.854,20.72787
2019-11-02 03:19:00,4.856,4.859,4.853,4.854,2042.27856
2019-11-02 03:18:00,4.856,4.857,4.856,4.857,4.01002
2019-11-02 03:17:00,4.854,4.856,4.854,4.856,321.61042
2019-11-02 03:16:00,4.857,4.857,4.854,4.854,432.03266
2019-11-02 03:15:00,4.859,4.86,4.856,4.856,825.93459
2019-11-02 03:14:00,4.859,4.859,4.857,4.858,69.61338
2019-11-02 03:13:00,4.856,4.856,4.851,4.851,1695.98211
2019-11-02 03:12:00,4.857,4.857,4.854,4.856,1574.28723
2019-11-02 03:11:00,4.853,4.857,4.853,4.857,3266.42982
2019-11-02 03:10:00,4.855,4.855,4.852,4.853,465.4309
2019-11-02 03:09:00,4.853,4.855,4.851,4.852,352.52862
2019-11-02 03:08:00,4.853,4.857,4.853,4.854,2790.03668
2019-11-02 03:07:00,4.85,4.853,4.85,4.853,1632.44678
2019-11-02 03:06:00,4.85,4.85,4.85,4.85,0.08566
2019-11-02 03:05:00,4.849,4.851,4.849,4.85,711.06519
2019-11-02 03:04:00,4.843,4.852,4.843,4.848,871.89371
2019-11-02 03:03:00,4.842,4.842,4.842,4.842,20.86646
2019-11-02 03:02:00,4.841,4.842,4.841,4.842,380.32252
2019-11-02 03:01:00,4.841,4.841,4.84,4.84,9.87263
2019-11-02 03:00:00,4.84,4.841,4.84,4.841,243.76432
2019-11-02 02:59:00,4.839,4.841,4.839,4.84,371.14392
2019-11-02 02:58:00,4.839,4.839,4.839,4.839,6.28725
2019-11-02 02:57:00,4.842,4.842,4.839,4.839,1623.85932
2019-11-02 02:56:00,4.841,4.844,4.841,4.842,1606.09249
2019-11-02 02:55:00,4.843,4.843,4.84,4.84,282.01749
2019-11-02 02:54:00,4.844,4.844,4.844,4.844,18.71519
2019-11-02 02:53:00,4.843,4.843,4.843,4.843,0
2019-11-02 02:52:00,4.843,4.843,4.843,4.843,0
2019-11-02 02:51:00,4.843,4.843,4.843,4.843,1528.78056
2019-11-02 02:50:00,4.843,4.845,4.843,4.844,919.63757
2019-11-02 02:49:00,4.846,4.846,4.843,4.843,1099.89998
2019-11-02 02:48:00,4.846,4.848,4.844,4.846,2855.79234
2019-11-02 02:47:00,4.846,4.848,4.846,4.846,783.9092
2019-11-02 02:46:00,4.844,4.847,4.844,4.844,2343.9718
2019-11-02 02:45:00,4.844,4.849,4.844,4.844,268.6767
2019-11-02 02:44:00,4.84,4.846,4.84,4.844,608.21168
2019-11-02 02:43:00,4.836,4.839,4.836,4.839,1403.20259
2019-11-02 02:42:00,4.841,4.841,4.836,4.836,1108.1364
2019-11-02 02:41:00,4.848,4.848,4.84,4.84,303.27712
2019-11-02 02:40:00,4.843,4.849,4.842,4.849,635.31477
2019-11-02 02:39:00,4.845,4.845,4.843,4.843,246.88451
2019-11-02 02:38:00,4.845,4.847,4.844,4.846,3573.19634
2019-11-02 02:37:00,4.842,4.855,4.842,4.846,1686.67483
2019-11-02 02:36:00,4.842,4.842,4.841,4.841,0.29718
2019-11-02 02:35:00,4.833,4.845,4.833,4.839,788.82171
2019-11-02 02:34:00,4.834,4.834,4.833,4.833,23.58367
2019-11-02 02:33:00,4.836,4.836,4.835,4.835,1219.52151
2019-11-02 02:32:00,4.835,4.835,4.833,4.835,57.69238
2019-11-02 02:31:00,4.834,4.839,4.834,4.838,944.00698
2019-11-02 02:30:00,4.835,4.835,4.835,4.835,747.15856
2019-11-02 02:29:00,4.833,4.836,4.833,4.835,813.42984
2019-11-02 02:28:00,4.836,4.836,4.835,4.835,97.37351
2019-11-02 02:27:00,4.837,4.837,4.837,4.837,0
2019-11-02 02:26:00,4.843,4.843,4.837,4.837,7959.22319
2019-11-02 02:25:00,4.845,4.847,4.844,4.844,557.76244
2019-11-02 02:24:00,4.844,4.845,4.844,4.844,1550.23889
2019-11-02 02:23:00,4.844,4.844,4.844,4.844,0.27362
2019-11-02 02:22:00,4.843,4.844,4.843,4.844,610.66436
2019-11-02 02:21:00,4.843,4.843,4.842,4.842,219.01678
2019-11-02 02:20:00,4.843,4.845,4.843,4.843,77.2132
2019-11-02 02:19:00,4.838,4.839,4.838,4.839,58.9945
2019-11-02 02:18:00,4.838,4.838,4.838,4.838,0
2019-11-02 02:17:00,4.838,4.838,4.838,4.838,31.42873
2019-11-02 02:16:00,4.837,4.837,4.837,4.837,52.70813
2019-11-02 02:15:00,4.839,4.839,4.839,4.839,85.42231
2019-11-02 02:14:00,4.839,4.839,4.839,4.839,1.08448
2019-11-02 02:13:00,4.838,4.839,4.838,4.839,5.41806
2019-11-02 02:12:00,4.84,4.84,4.84,4.84,1.28992
2019-11-02 02:11:00,4.84,4.84,4.84,4.84,9.5375
2019-11-02 02:10:00,4.84,4.84,4.84,4.84,7.22326
2019-11-02 02:09:00,4.837,4.84,4.837,4.838,267.87891
2019-11-02 02:08:00,4.837,4.838,4.837,4.838,58.00787
2019-11-02 02:07:00,4.838,4.838,4.838,4.838,256.85144
2019-11-02 02:06:00,4.842,4.842,4.837,4.838,2348.72068
2019-11-02 02:05:00,4.837,4.843,4.837,4.843,521.89452
2019-11-02 02:04:00,4.839,4.84,4.837,4.837,1376.40521
2019-11-02 02:03:00,4.847,4.847,4.839,4.839,1389.78761
2019-11-02 02:02:00,4.843,4.848,4.843,4.848,527.08556
2019-11-02 02:01:00,4.843,4.844,4.84,4.844,330.62185
2019-11-02 02:00:00,4.841,4.844,4.841,4.844,1875.3056
2019-11-02 01:59:00,4.842,4.842,4.842,4.842,224.28582
2019-11-02 01:58:00,4.842,4.842,4.842,4.842,209.53065
2019-11-02 01:57:00,4.841,4.843,4.841,4.842,4045.45612
2019-11-02 01:56:00,4.841,4.843,4.841,4.843,1654.43601
2019-11-02 01:55:00,4.843,4.843,4.841,4.841,1478.80257
2019-11-02 01:54:00,4.842,4.843,4.842,4.843,791.15381
2019-11-02 01:53:00,4.842,4.842,4.842,4.842,812.55208
2019-11-02 01:52:00,4.843,4.844,4.842,4.842,2916.39045
2019-11-02 01:51:00,4.842,4.843,4.841,4.843,2246.12378
2019-11-02 01:50:00,4.842,4.842,4.84,4.842,1919.58194
2019-11-02 01:49:00,4.842,4.844,4.842,4.844,511.34947
2019-11-02 01:48:00,4.84,4.843,4.84,4.842,2038.83173
2019-11-02 01:47:00,4.84,4.841,4.839,4.841,2676.74169
2019-11-02 01:46:00,4.838,4.84,4.838,4.84,2099.485
2019-11-02 01:45:00,4.837,4.839,4.837,4.837,875.63827
2019-11-02 01:44:00,4.836,4.836,4.834,4.836,471.23049
2019-11-02 01:43:00,4.84,4.84,4.834,4.837,679.1236
2019-11-02 01:42:00,4.839,4.839,4.837,4.839,1624.14375
2019-11-02 01:41:00,4.839,4.839,4.839,4.839,21.29648
2019-11-02 01:40:00,4.839,4.84,4.838,4.838,1628.11681
2019-11-02 01:39:00,4.841,4.843,4.84,4.84,552.02194
2019-11-02 01:38:00,4.839,4.839,4.837,4.839,3741.0493
2019-11-02 01:37:00,4.85,4.85,4.838,4.838,3616.53513
2019-11-02 01:36:00,4.847,4.851,4.846,4.851,461.68544
2019-11-02 01:35:00,4.848,4.848,4.844,4.847,316.92654
2019-11-02 01:34:00,4.853,4.86,4.848,4.849,3714.1867
2019-11-02 01:33:00,4.851,4.852,4.851,4.852,302.69011
2019-11-02 01:32:00,4.853,4.855,4.851,4.851,426.51474
2019-11-02 01:31:00,4.845,4.853,4.843,4.853,3015.85822
2019-11-02 01:30:00,4.847,4.847,4.844,4.844,1834.10254
2019-11-02 01:29:00,4.856,4.856,4.846,4.846,863.86201
2019-11-02 01:28:00,4.856,4.856,4.853,4.856,884.6246
2019-11-02 01:27:00,4.851,4.856,4.851,4.855,2213.60016
2019-11-02 01:26:00,4.854,4.859,4.852,4.852,4703.30687
2019-11-02 01:25:00,4.847,4.859,4.847,4.853,4607.56989
2019-11-02 01:24:00,4.847,4.847,4.847,4.847,30.38512
2019-11-02 01:23:00,4.848,4.848,4.848,4.848,37.87973
2019-11-02 01:22:00,4.848,4.85,4.848,4.85,85.45472
2019-11-02 01:21:00,4.848,4.851,4.848,4.849,501.2925
2019-11-02 01:20:00,4.854,4.854,4.848,4.848,661.51659
2019-11-02 01:19:00,4.851,4.854,4.851,4.854,492.33374
2019-11-02 01:18:00,4.852,4.852,4.852,4.852,24.316
2019-11-02 01:17:00,4.855,4.855,4.853,4.853,99.50157
2019-11-02 01:16:00,4.853,4.855,4.853,4.855,310.68645
2019-11-02 01:15:00,4.854,4.854,4.849,4.853,239.09997
2019-11-02 01:14:00,4.859,4.86,4.852,4.854,2341.31564
2019-11-02 01:13:00,4.858,4.861,4.858,4.858,826.1708
2019-11-02 01:12:00,4.853,4.857,4.853,4.856,524.69515
2019-11-02 01:11:00,4.852,4.854,4.85,4.853,3188.53401
2019-11-02 01:10:00,4.861,4.861,4.85,4.851,3481.85608
2019-11-02 01:09:00,4.856,4.861,4.855,4.861,504.69516
2019-11-02 01:08:00,4.853,4.856,4.853,4.856,297.32974
2019-11-02 01:07:00,4.854,4.854,4.853,4.854,1282.9585
2019-11-02 01:06:00,4.854,4.856,4.853,4.853,2101.19657
2019-11-02 01:05:00,4.852,4.852,4.852,4.852,249.05134
2019-11-02 01:04:00,4.857,4.858,4.852,4.852,595.18741
2019-11-02 01:03:00,4.852,4.855,4.852,4.855,515.9713
2019-11-02 01:02:00,4.853,4.853,4.847,4.851,2715.86529
2019-11-02 01:01:00,4.855,4.855,4.853,4.853,801.49071
2019-11-02 01:00:00,4.856,4.859,4.855,4.857,1855.14337
2019-11-02 00:59:00,4.86,4.868,4.856,4.857,3647.50328
2019-11-02 00:58:00,4.853,4.872,4.853,4.862,6194.31373
2019-11-02 00:57:00,4.853,4.853,4.853,4.853,0
2019-11-02 00:56:00,4.853,4.853,4.853,4.853,0
2019-11-02 00:55:00,4.857,4.857,4.853,4.853,1956.38204
2019-11-02 00:54:00,4.861,4.861,4.859,4.859,390.9316
2019-11-02 00:53:00,4.847,4.861,4.847,4.86,1201.03008
2019-11-02 00:52:00,4.849,4.849,4.847,4.848,93.13306
2019-11-02 00:51:00,4.85,4.85,4.85,4.85,0
2019-11-02 00:50:00,4.85,4.85,4.85,4.85,0
2019-11-02 00:49:00,4.849,4.85,4.846,4.85,100.15879
2019-11-02 00:48:00,4.848,4.848,4.848,4.848,0
2019-11-02 00:47:00,4.848,4.848,4.848,4.848,0
2019-11-02 00:46:00,4.85,4.851,4.848,4.848,266.27884
2019-11-02 00:45:00,4.85,4.85,4.85,4.85,0
2019-11-02 00:44:00,4.851,4.852,4.85,4.85,1273.18525
2019-11-02 00:43:00,4.849,4.851,4.848,4.848,851.862
2019-11-02 00:42:00,4.849,4.849,4.849,4.849,1379.00978
2019-11-02 00:41:00,4.847,4.848,4.847,4.847,1134.66014
2019-11-02 00:40:00,4.849,4.849,4.845,4.846,510.40828
2019-11-02 00:39:00,4.846,4.849,4.846,4.849,480.08995
2019-11-02 00:38:00,4.845,4.846,4.845,4.846,945.04411
2019-11-02 00:37:00,4.847,4.847,4.847,4.847,2.21282
2019-11-02 00:36:00,4.85,4.851,4.847,4.847,693.98847
2019-11-02 00:35:00,4.844,4.851,4.843,4.851,2535.37221
2019-11-02 00:34:00,4.844,4.844,4.841,4.841,646.20791
2019-11-02 00:33:00,4.843,4.844,4.843,4.844,1001.85899
2019-11-02 00:32:00,4.848,4.848,4.844,4.844,1848.70359
2019-11-02 00:31:00,4.836,4.847,4.835,4.847,10452.00227
2019-11-02 00:30:00,4.849,4.849,4.834,4.836,3645.51981
2019-11-02 00:29:00,4.841,4.851,4.841,4.85,2245.28156
2019-11-02 00:28:00,4.85,4.85,4.841,4.841,2499.48401
2019-11-02 00:27:00,4.848,4.851,4.848,4.85,325.70017
2019-11-02 00:26:00,4.846,4.849,4.846,4.848,133.25866
2019-11-02 00:25:00,4.84,4.847,4.84,4.847,829.00991
2019-11-02 00:24:00,4.838,4.84,4.836,4.84,948.76055
2019-11-02 00:23:00,4.85,4.85,4.837,4.837,1628.10829
2019-11-02 00:22:00,4.85,4.85,4.85,4.85,50.54983
2019-11-02 00:21:00,4.843,4.845,4.84,4.845,999.52954
2019-11-02 00:20:00,4.845,4.848,4.845,4.846,111.85215
2019-11-02 00:19:00,4.845,4.85,4.843,4.844,2132.28153
2019-11-02 00:18:00,4.837,4.847,4.837,4.84,4528.56777
2019-11-02 00:17:00,4.833,4.833,4.833,4.833,0
2019-11-02 00:16:00,4.835,4.835,4.832,4.833,860.34413
2019-11-02 00:15:00,4.833,4.836,4.833,4.835,315.12111
2019-11-02 00:14:00,4.833,4.838,4.83,4.832,1454.90135
2019-11-02 00:13:00,4.827,4.834,4.827,4.833,530.14814
2019-11-02 00:12:00,4.838,4.838,4.827,4.827,4979.42175
2019-11-02 00:11:00,4.827,4.838,4.825,4.838,1718.75764
2019-11-02 00:10:00,4.839,4.839,4.824,4.827,1983.44576
2019-11-02 00:09:00,4.829,4.839,4.826,4.839,946.30354
2019-11-02 00:08:00,4.826,4.832,4.825,4.83,2974.33847
2019-11-02 00:07:00,4.819,4.831,4.818,4.826,4295.16583
2019-11-02 00:06:00,4.823,4.823,4.816,4.82,265.02054
2019-11-02 00:05:00,4.833,4.833,4.822,4.824,5347.53939
2019-11-02 00:04:00,4.812,4.833,4.812,4.833,9433.02372
2019-11-02 00:03:00,4.819,4.828,4.802,4.811,9697.39714
2019-11-02 00:02:00,4.823,4.84,4.814,4.817,27359.12172
2019-11-02 00:01:00,4.809,4.834,4.809,4.822,30469.34921
2019-11-02 00:00:00,4.802,4.808,4.782,4.808,34551.69464