2019-11-12 23:59:00,60.94,60.99,60.88,60.96,387.212945
2019-11-12 23:58:00,61,61.03,60.93,60.94,813.667979
2019-11-12 23:57:00,60.95,61.01,60.95,61.01,320.842747
2019-11-12 23:56:00,60.88,60.95,60.87,60.95,302.382568
2019-11-12 23:55:00,60.79,60.86,60.79,60.86,419.126175
2019-11-12 23:54:00,60.82,60.83,60.79,60.79,156.485113
2019-11-12 23:53:00,60.87,60.88,60.84,60.84,244.080472
2019-11-12 23:52:00,60.89,60.89,60.86,60.86,33.808287
2019-11-12 23:51:00,60.92,60.95,60.88,60.9,670.891668
2019-11-12 23:50:00,61,61.04,60.95,60.95,693.65885
2019-11-12 23:49:00,60.95,61,60.94,60.99,65.905193
2019-11-12 23:48:00,60.99,61.03,60.92,60.93,416.128276
2019-11-12 23:47:00,60.86,60.96,60.86,60.96,458.215719
2019-11-12 23:46:00,60.81,60.85,60.81,60.84,296.473908
2019-11-12 23:45:00,60.8,60.84,60.8,60.81,613.211511
2019-11-12 23:44:00,60.81,60.86,60.8,60.81,313.688883
2019-11-12 23:43:00,60.85,60.86,60.7,60.78,593.438452
2019-11-12 23:42:00,60.81,60.92,60.81,60.88,1031.395339
2019-11-12 23:41:00,60.82,60.85,60.81,60.81,104.671134
2019-11-12 23:40:00,60.88,60.89,60.85,60.85,210.648416
2019-11-12 23:39:00,60.88,60.89,60.78,60.86,951.994802
2019-11-12 23:38:00,60.82,60.9,60.82,60.87,420.124682
2019-11-12 23:37:00,60.89,60.91,60.76,60.81,795.930087
2019-11-12 23:36:00,61.08,61.12,60.9,60.9,1443.30693
2019-11-12 23:35:00,60.86,61.05,60.84,61.05,720.298408
2019-11-12 23:34:00,60.97,61,60.86,60.86,1041.300957
2019-11-12 23:33:00,60.85,61,60.76,60.97,2565.144201
2019-11-12 23:32:00,60.74,60.88,60.72,60.84,1557.560108
2019-11-12 23:31:00,60.69,60.76,60.63,60.75,3064.822492
2019-11-12 23:30:00,60.5,60.86,60.49,60.7,4728.303786
2019-11-12 23:29:00,60.52,60.57,60.49,60.5,833.894094
2019-11-12 23:28:00,60.42,60.54,60.42,60.54,716.432445
2019-11-12 23:27:00,60.36,60.43,60.35,60.43,236.872671
2019-11-12 23:26:00,60.27,60.42,60.27,60.36,1568.375137
2019-11-12 23:25:00,60.26,60.29,60.16,60.24,659.341548
2019-11-12 23:24:00,60.04,60.27,60.04,60.27,1800.077449
2019-11-12 23:23:00,60.3,60.3,59.96,60.04,2550.269823
2019-11-12 23:22:00,60.37,60.37,60.26,60.31,393.691715
2019-11-12 23:21:00,60.32,60.41,60.32,60.38,523.557013
2019-11-12 23:20:00,60.41,60.43,60.32,60.32,480.762816
2019-11-12 23:19:00,60.43,60.43,60.4,60.41,35.206015
2019-11-12 23:18:00,60.31,60.45,60.29,60.45,416.098209
2019-11-12 23:17:00,60.38,60.38,60.3,60.3,360.387479
2019-11-12 23:16:00,60.4,60.41,60.39,60.39,103.146749
2019-11-12 23:15:00,60.45,60.46,60.41,60.41,164.690269
2019-11-12 23:14:00,60.42,60.47,60.42,60.46,120.136696
2019-11-12 23:13:00,60.41,60.42,60.41,60.42,21.057716
2019-11-12 23:12:00,60.42,60.43,60.39,60.41,53.408058
2019-11-12 23:11:00,60.45,60.45,60.41,60.42,250.282967
2019-11-12 23:10:00,60.47,60.47,60.46,60.47,5.802446
2019-11-12 23:09:00,60.51,60.51,60.48,60.49,22.76812
2019-11-12 23:08:00,60.51,60.51,60.5,60.5,94.543402
2019-11-12 23:07:00,60.5,60.51,60.5,60.51,13.554936
2019-11-12 23:06:00,60.44,60.5,60.44,60.5,139.647702
2019-11-12 23:05:00,60.4,60.46,60.4,60.44,293.026211
2019-11-12 23:04:00,60.43,60.43,60.39,60.4,100.896061
2019-11-12 23:03:00,60.46,60.46,60.42,60.44,224.277029
2019-11-12 23:02:00,60.54,60.54,60.44,60.46,521.409892
2019-11-12 23:01:00,60.59,60.59,60.5,60.52,1035.710518
2019-11-12 23:00:00,60.56,60.6,60.56,60.6,73.270781
2019-11-12 22:59:00,60.56,60.59,60.53,60.56,197.460945
2019-11-12 22:58:00,60.54,60.56,60.51,60.56,107.609709
2019-11-12 22:57:00,60.6,60.6,60.54,60.54,107.664043
2019-11-12 22:56:00,60.6,60.61,60.59,60.6,180.599197
2019-11-12 22:55:00,60.52,60.6,60.52,60.6,17.45173
2019-11-12 22:54:00,60.56,60.56,60.52,60.52,38.709276
2019-11-12 22:53:00,60.54,60.59,60.54,60.58,255.482498
2019-11-12 22:52:00,60.5,60.53,60.5,60.52,332.717808
2019-11-12 22:51:00,60.49,60.52,60.47,60.5,194.205549
2019-11-12 22:50:00,60.46,60.5,60.45,60.49,143.312572
2019-11-12 22:49:00,60.42,60.45,60.42,60.45,894.192314
2019-11-12 22:48:00,60.44,60.44,60.39,60.41,153.82874
2019-11-12 22:47:00,60.34,60.43,60.33,60.43,376.309052
2019-11-12 22:46:00,60.36,60.36,60.33,60.33,129.497321
2019-11-12 22:45:00,60.43,60.45,60.34,60.36,433.788383
2019-11-12 22:44:00,60.37,60.43,60.37,60.43,413.232016
2019-11-12 22:43:00,60.34,60.37,60.34,60.37,68.202544
2019-11-12 22:42:00,60.35,60.35,60.31,60.34,5.748065
2019-11-12 22:41:00,60.36,60.37,60.29,60.36,731.573358
2019-11-12 22:40:00,60.42,60.42,60.34,60.36,296.026081
2019-11-12 22:39:00,60.42,60.45,60.41,60.43,126.567533
2019-11-12 22:38:00,60.4,60.45,60.4,60.42,71.617038
2019-11-12 22:37:00,60.34,60.43,60.34,60.39,906.568532
2019-11-12 22:36:00,60.35,60.36,60.27,60.34,1163.013807
2019-11-12 22:35:00,60.36,60.36,60.34,60.35,217.310756
2019-11-12 22:34:00,60.45,60.45,60.35,60.36,855.866485
2019-11-12 22:33:00,60.54,60.54,60.45,60.45,592.224966
2019-11-12 22:32:00,60.51,60.55,60.48,60.54,622.573131
2019-11-12 22:31:00,60.47,60.52,60.46,60.52,58.860561
2019-11-12 22:30:00,60.5,60.5,60.44,60.47,514.318578
2019-11-12 22:29:00,60.42,60.51,60.42,60.5,417.899057
2019-11-12 22:28:00,60.39,60.42,60.36,60.42,300.719568
2019-11-12 22:27:00,60.42,60.42,60.41,60.41,13.425458
2019-11-12 22:26:00,60.49,60.49,60.38,60.41,448.353348
2019-11-12 22:25:00,60.44,60.48,60.42,60.48,806.434412
2019-11-12 22:24:00,60.51,60.51,60.41,60.44,800.955582
2019-11-12 22:23:00,60.53,60.53,60.49,60.5,175.707453
2019-11-12 22:22:00,60.52,60.53,60.52,60.52,1.422309
2019-11-12 22:21:00,60.48,60.5,60.48,60.5,64.512419
2019-11-12 22:20:00,60.42,60.47,60.42,60.47,223.112509
2019-11-12 22:19:00,60.47,60.47,60.39,60.4,886.116741
2019-11-12 22:18:00,60.33,60.48,60.31,60.48,55.206127
2019-11-12 22:17:00,60.37,60.37,60.33,60.34,221.95
2019-11-12 22:16:00,60.44,60.44,60.37,60.37,256.411608
2019-11-12 22:15:00,60.46,60.46,60.41,60.45,827.203037
2019-11-12 22:14:00,60.38,60.47,60.34,60.46,1720.237621
2019-11-12 22:13:00,60.32,60.39,60.32,60.39,619.933923
2019-11-12 22:12:00,60.43,60.43,60.32,60.32,248.685912
2019-11-12 22:11:00,60.46,60.51,60.43,60.44,947.384666
2019-11-12 22:10:00,60.31,60.46,60.3,60.46,257.80361
2019-11-12 22:09:00,60.41,60.42,60.28,60.33,843.399316
2019-11-12 22:08:00,60.46,60.46,60.4,60.41,515.294459
2019-11-12 22:07:00,60.54,60.59,60.42,60.47,621.161762
2019-11-12 22:06:00,60.37,60.6,60.37,60.53,1318.314744
2019-11-12 22:05:00,60.32,60.35,60.27,60.35,727.46967
2019-11-12 22:04:00,60.22,60.32,60.17,60.32,679.150847
2019-11-12 22:03:00,60.19,60.34,60.19,60.22,1649.225111
2019-11-12 22:02:00,60.12,60.19,60.12,60.19,399.390189
2019-11-12 22:01:00,60.02,60.12,59.96,60.12,1005.566973
2019-11-12 22:00:00,60.21,60.21,59.95,60.02,1715.520122
2019-11-12 21:59:00,60.13,60.25,59.96,60.23,5505.55722
2019-11-12 21:58:00,60.16,60.18,59.68,60.13,7529.266316
2019-11-12 21:57:00,60.39,60.4,60.11,60.16,3333.409664
2019-11-12 21:56:00,60.45,60.45,60.37,60.38,717.711831
2019-11-12 21:55:00,60.46,60.46,60.44,60.45,167.192782
2019-11-12 21:54:00,60.51,60.51,60.45,60.46,188.248791
2019-11-12 21:53:00,60.53,60.55,60.44,60.51,697.75338
2019-11-12 21:52:00,60.51,60.53,60.5,60.53,480.347116
2019-11-12 21:51:00,60.63,60.65,60.47,60.51,1590.274055
2019-11-12 21:50:00,60.64,60.64,60.58,60.64,298.989671
2019-11-12 21:49:00,60.6,60.65,60.58,60.64,859.45616
2019-11-12 21:48:00,60.57,60.67,60.47,60.59,2502.182061
2019-11-12 21:47:00,60.65,60.72,60.56,60.58,1227.381114
2019-11-12 21:46:00,60.82,60.83,60.62,60.65,1496.552904
2019-11-12 21:45:00,60.86,60.86,60.82,60.82,42.814557
2019-11-12 21:44:00,60.86,60.88,60.85,60.85,67.84957
2019-11-12 21:43:00,60.86,60.87,60.84,60.86,32.787091
2019-11-12 21:42:00,60.89,60.91,60.87,60.87,12.296757
2019-11-12 21:41:00,60.92,60.92,60.89,60.91,5.923319
2019-11-12 21:40:00,61.07,61.07,60.94,60.94,1608.961769
2019-11-12 21:39:00,61.03,61.08,61.01,61.08,773.038372
2019-11-12 21:38:00,61.03,61.04,61.02,61.04,15.001557
2019-11-12 21:37:00,61,61.06,61,61.05,632.555148
2019-11-12 21:36:00,60.97,61.01,60.97,61,279.101766
2019-11-12 21:35:00,60.91,60.96,60.9,60.96,297.010333
2019-11-12 21:34:00,60.87,60.92,60.86,60.91,139.267469
2019-11-12 21:33:00,60.87,60.87,60.82,60.85,125.510438
2019-11-12 21:32:00,60.81,60.88,60.81,60.86,340.010611
2019-11-12 21:31:00,60.85,60.85,60.81,60.81,210.056292
2019-11-12 21:30:00,60.84,60.86,60.84,60.85,291.427305
2019-11-12 21:29:00,60.79,60.86,60.76,60.86,131.248457
2019-11-12 21:28:00,60.82,60.9,60.77,60.79,593.57359
2019-11-12 21:27:00,60.86,60.86,60.74,60.8,298.383348
2019-11-12 21:26:00,60.81,60.87,60.81,60.86,475.057519
2019-11-12 21:25:00,60.82,60.83,60.8,60.82,76.495484
2019-11-12 21:24:00,60.9,60.93,60.74,60.84,986.87375
2019-11-12 21:23:00,60.8,60.9,60.75,60.88,897.353371
2019-11-12 21:22:00,60.55,60.8,60.53,60.8,1215.407778
2019-11-12 21:21:00,60.73,60.73,60.56,60.56,786.797757
2019-11-12 21:20:00,60.5,60.73,60.35,60.73,2214.335063
2019-11-12 21:19:00,60.69,60.71,60.5,60.5,1390.279077
2019-11-12 21:18:00,60.7,60.72,60.67,60.69,586.40767
2019-11-12 21:17:00,60.58,60.7,60.58,60.69,804.769148
2019-11-12 21:16:00,60.66,60.67,60.55,60.58,1214.902248
2019-11-12 21:15:00,60.8,60.8,60.65,60.68,771.380375
2019-11-12 21:14:00,60.83,60.84,60.76,60.79,568.009585
2019-11-12 21:13:00,60.85,60.91,60.83,60.85,774.398445
2019-11-12 21:12:00,60.78,60.85,60.72,60.85,1245.868644
2019-11-12 21:11:00,60.77,60.82,60.74,60.77,712.749222
2019-11-12 21:10:00,60.95,60.95,60.75,60.77,1775.564576
2019-11-12 21:09:00,60.82,60.94,60.81,60.94,757.041748
2019-11-12 21:08:00,60.93,60.93,60.82,60.82,802.551381
2019-11-12 21:07:00,60.88,60.99,60.88,60.93,501.739964
2019-11-12 21:06:00,60.97,60.97,60.85,60.87,719.387685
2019-11-12 21:05:00,60.85,60.98,60.82,60.98,909.861847
2019-11-12 21:04:00,60.83,60.88,60.82,60.86,661.974563
2019-11-12 21:03:00,60.91,60.92,60.82,60.84,1087.979759
2019-11-12 21:02:00,60.9,60.96,60.9,60.92,385.477414
2019-11-12 21:01:00,60.9,60.9,60.87,60.89,316.6076
2019-11-12 21:00:00,61.01,61.01,60.89,60.9,595.021301
2019-11-12 20:59:00,61.09,61.09,61.01,61.01,914.359601
2019-11-12 20:58:00,61.12,61.12,61.09,61.09,485.39871
2019-11-12 20:57:00,61.01,61.11,61.01,61.11,225.482801
2019-11-12 20:56:00,61.01,61.04,61.01,61.02,193.824371
2019-11-12 20:55:00,61.02,61.04,61.01,61.01,91.336862
2019-11-12 20:54:00,61.05,61.06,61.02,61.03,253.457579
2019-11-12 20:53:00,61.06,61.09,61.05,61.07,331.78162
2019-11-12 20:52:00,61.07,61.1,61.04,61.05,373.276327
2019-11-12 20:51:00,60.92,61,60.92,61,623.201491
2019-11-12 20:50:00,60.86,60.92,60.86,60.91,526.453253
2019-11-12 20:49:00,60.99,60.99,60.81,60.85,1082.090189
2019-11-12 20:48:00,60.98,61.02,60.97,61,116.638488
2019-11-12 20:47:00,60.88,61.02,60.87,60.98,869.367027
2019-11-12 20:46:00,61,61,60.88,60.88,472.816816
2019-11-12 20:45:00,60.96,60.97,60.86,60.91,783.168803
2019-11-12 20:44:00,60.95,60.96,60.85,60.94,6469.418289
2019-11-12 20:43:00,61.05,61.05,60.96,60.97,387.47361
2019-11-12 20:42:00,61.08,61.11,61.07,61.08,416.20517
2019-11-12 20:41:00,61.08,61.13,61.08,61.08,335.488668
2019-11-12 20:40:00,61.05,61.09,60.98,61.08,644.301202
2019-11-12 20:39:00,61.11,61.13,61.02,61.05,838.167538
2019-11-12 20:38:00,61.11,61.17,61.1,61.1,352.544731
2019-11-12 20:37:00,61.2,61.22,61.09,61.11,430.449106
2019-11-12 20:36:00,61.22,61.26,61.17,61.2,2582.950331
2019-11-12 20:35:00,61.1,61.21,61.08,61.21,639.083247
2019-11-12 20:34:00,60.89,61.08,60.89,61.08,1081.541718
2019-11-12 20:33:00,60.95,60.95,60.87,60.93,943.178722
2019-11-12 20:32:00,60.98,61.01,60.9,60.97,2200.128147
2019-11-12 20:31:00,60.93,60.98,60.88,60.98,2559.827741
2019-11-12 20:30:00,61,61,60.83,60.93,857.719881
2019-11-12 20:29:00,61.09,61.11,61,61,529.158864
2019-11-12 20:28:00,61.15,61.15,61.06,61.1,218.606024
2019-11-12 20:27:00,61.21,61.24,61.1,61.12,777.735269
2019-11-12 20:26:00,61.05,61.23,61.05,61.23,743.942713
2019-11-12 20:25:00,61.11,61.12,60.95,61.03,3718.990724
2019-11-12 20:24:00,60.86,61.17,60.86,61.13,2657.32818
2019-11-12 20:23:00,61.04,61.05,60.66,60.86,8004.17305
2019-11-12 20:22:00,61.38,61.41,61,61.04,4286.415958
2019-11-12 20:21:00,61.65,61.65,61.33,61.38,2226.901281
2019-11-12 20:20:00,61.72,61.76,61.66,61.66,146.862802
2019-11-12 20:19:00,61.75,61.76,61.69,61.69,976.593464
2019-11-12 20:18:00,61.78,61.81,61.75,61.76,203.995095
2019-11-12 20:17:00,61.84,61.85,61.78,61.78,179.120936
2019-11-12 20:16:00,61.83,61.95,61.83,61.87,698.117837
2019-11-12 20:15:00,61.76,61.81,61.74,61.8,478.155642
2019-11-12 20:14:00,61.8,61.8,61.76,61.76,307.833078
2019-11-12 20:13:00,61.88,61.9,61.81,61.81,534.944324
2019-11-12 20:12:00,61.97,62,61.87,61.89,439.717115
2019-11-12 20:11:00,61.86,61.99,61.86,61.98,352.105697
2019-11-12 20:10:00,61.87,61.88,61.81,61.83,618.831648
2019-11-12 20:09:00,61.94,62,61.83,61.83,1186.794977
2019-11-12 20:08:00,61.95,61.98,61.85,61.94,1235.562107
2019-11-12 20:07:00,61.84,62.02,61.84,61.94,1930.901667
2019-11-12 20:06:00,61.64,61.97,61.59,61.81,5512.028145
2019-11-12 20:05:00,61.53,61.69,61.53,61.69,832.932481
2019-11-12 20:04:00,61.46,61.55,61.45,61.55,265.228248
2019-11-12 20:03:00,61.41,61.48,61.4,61.46,1183.455622
2019-11-12 20:02:00,61.35,61.41,61.35,61.41,252.377489
2019-11-12 20:01:00,61.38,61.38,61.33,61.35,560.004568
2019-11-12 20:00:00,61.32,61.42,61.3,61.39,1421.339098
2019-11-12 19:59:00,61.25,61.32,61.25,61.32,352.436739
2019-11-12 19:58:00,61.23,61.26,61.22,61.26,499.912567
2019-11-12 19:57:00,61.2,61.24,61.2,61.22,258.234185
2019-11-12 19:56:00,61.2,61.22,61.19,61.19,253.333847
2019-11-12 19:55:00,61.26,61.26,61.19,61.2,734.390663
2019-11-12 19:54:00,61.27,61.29,61.25,61.25,394.73417
2019-11-12 19:53:00,61.29,61.32,61.27,61.27,313.194318
2019-11-12 19:52:00,61.28,61.32,61.28,61.29,222.889805
2019-11-12 19:51:00,61.34,61.34,61.29,61.29,359.977213
2019-11-12 19:50:00,61.21,61.33,61.21,61.29,933.538205
2019-11-12 19:49:00,61.21,61.21,61.21,61.21,257.29263
2019-11-12 19:48:00,61.21,61.23,61.21,61.21,207.764096
2019-11-12 19:47:00,61.24,61.24,61.21,61.22,92.274974
2019-11-12 19:46:00,61.23,61.24,61.21,61.22,349.430928
2019-11-12 19:45:00,61.21,61.24,61.21,61.22,133.643327
2019-11-12 19:44:00,61.2,61.21,61.2,61.2,9.639738
2019-11-12 19:43:00,61.21,61.22,61.18,61.2,38.631934
2019-11-12 19:42:00,61.17,61.22,61.17,61.2,148.034818
2019-11-12 19:41:00,61.17,61.17,61.16,61.17,273.946818
2019-11-12 19:40:00,61.16,61.18,61.16,61.17,75.847959
2019-11-12 19:39:00,61.16,61.18,61.16,61.17,49.782784
2019-11-12 19:38:00,61.17,61.19,61.16,61.17,159.217032
2019-11-12 19:37:00,61.18,61.18,61.15,61.17,171.020562
2019-11-12 19:36:00,61.19,61.22,61.18,61.2,118.033371
2019-11-12 19:35:00,61.15,61.23,61.15,61.19,388.193922
2019-11-12 19:34:00,61.08,61.15,61.08,61.15,43.772423
2019-11-12 19:33:00,61.12,61.13,61.07,61.07,896.642456
2019-11-12 19:32:00,61.11,61.12,61.08,61.11,9.374287
2019-11-12 19:31:00,61.13,61.14,61.12,61.12,200.828808
2019-11-12 19:30:00,61.14,61.14,61.12,61.14,162.777374
2019-11-12 19:29:00,61.15,61.15,61.12,61.13,4.177837
2019-11-12 19:28:00,61.15,61.15,61.11,61.12,38.90775
2019-11-12 19:27:00,61.14,61.15,61.14,61.15,0.025779
2019-11-12 19:26:00,61.09,61.14,61.07,61.14,123.440518
2019-11-12 19:25:00,61.13,61.14,61.09,61.09,80.94559
2019-11-12 19:24:00,61.1,61.12,61.08,61.12,721.440469
2019-11-12 19:23:00,61.19,61.19,61.1,61.1,395.448667
2019-11-12 19:22:00,61.22,61.22,61.2,61.2,78.811265
2019-11-12 19:21:00,61.22,61.23,61.19,61.22,111.206857
2019-11-12 19:20:00,61.14,61.22,61.14,61.21,187.446002
2019-11-12 19:19:00,61.13,61.15,61.13,61.14,92.706483
2019-11-12 19:18:00,61.13,61.13,61.12,61.13,24.107272
2019-11-12 19:17:00,61.13,61.13,61.12,61.12,1.214798
2019-11-12 19:16:00,61.16,61.16,61.12,61.12,75.451727
2019-11-12 19:15:00,61.22,61.22,61.16,61.16,314.720034
2019-11-12 19:14:00,61.22,61.23,61.22,61.22,239.518798
2019-11-12 19:13:00,61.22,61.24,61.21,61.24,37.232809
2019-11-12 19:12:00,61.23,61.23,61.18,61.21,126.174623
2019-11-12 19:11:00,61.23,61.24,61.2,61.24,25.583042
2019-11-12 19:10:00,61.2,61.24,61.19,61.24,41.752268
2019-11-12 19:09:00,61.23,61.23,61.21,61.21,3.74561
2019-11-12 19:08:00,61.25,61.25,61.23,61.23,346.576848
2019-11-12 19:07:00,61.27,61.27,61.25,61.25,32.954596
2019-11-12 19:06:00,61.28,61.28,61.26,61.26,173.858357
2019-11-12 19:05:00,61.26,61.28,61.25,61.27,28.261027
2019-11-12 19:04:00,61.32,61.33,61.26,61.26,60.927997
2019-11-12 19:03:00,61.31,61.32,61.31,61.31,10.877613
2019-11-12 19:02:00,61.29,61.31,61.29,61.3,97.759633
2019-11-12 19:01:00,61.26,61.29,61.25,61.29,44.780298
2019-11-12 19:00:00,61.2,61.26,61.2,61.25,6.877537
2019-11-12 18:59:00,61.26,61.26,61.19,61.2,100.593563
2019-11-12 18:58:00,61.29,61.3,61.27,61.3,196.059948
2019-11-12 18:57:00,61.33,61.33,61.29,61.29,40.977288
2019-11-12 18:56:00,61.38,61.39,61.36,61.36,49.215341
2019-11-12 18:55:00,61.39,61.39,61.36,61.37,87.178427
2019-11-12 18:54:00,61.38,61.41,61.37,61.38,138.49522
2019-11-12 18:53:00,61.38,61.38,61.37,61.37,7.9046
2019-11-12 18:52:00,61.33,61.39,61.33,61.38,50.245522
2019-11-12 18:51:00,61.29,61.33,61.29,61.33,14.884284
2019-11-12 18:50:00,61.4,61.4,61.28,61.29,172.822006
2019-11-12 18:49:00,61.43,61.43,61.4,61.4,195.478346
2019-11-12 18:48:00,61.43,61.43,61.42,61.43,49.553537
2019-11-12 18:47:00,61.43,61.44,61.43,61.44,62.786448
2019-11-12 18:46:00,61.43,61.43,61.42,61.42,31.745988
2019-11-12 18:45:00,61.44,61.44,61.42,61.42,59.38597
2019-11-12 18:44:00,61.47,61.49,61.45,61.45,59.651962
2019-11-12 18:43:00,61.48,61.49,61.46,61.46,249.035396
2019-11-12 18:42:00,61.47,61.49,61.47,61.48,196.372677
2019-11-12 18:41:00,61.5,61.5,61.45,61.48,119.512935
2019-11-12 18:40:00,61.45,61.49,61.45,61.49,118.776579
2019-11-12 18:39:00,61.46,61.46,61.46,61.46,1.481363
2019-11-12 18:38:00,61.46,61.46,61.46,61.46,0
2019-11-12 18:37:00,61.47,61.47,61.46,61.46,23.135233
2019-11-12 18:36:00,61.46,61.47,61.46,61.46,408.997784
2019-11-12 18:35:00,61.5,61.5,61.44,61.46,251.396251
2019-11-12 18:34:00,61.5,61.5,61.49,61.5,40.528085
2019-11-12 18:33:00,61.55,61.55,61.49,61.5,56.290293
2019-11-12 18:32:00,61.54,61.55,61.54,61.55,0.802555
2019-11-12 18:31:00,61.55,61.55,61.54,61.54,16.870692
2019-11-12 18:30:00,61.57,61.57,61.57,61.57,0.001949
2019-11-12 18:29:00,61.56,61.57,61.56,61.57,43.293612
2019-11-12 18:28:00,61.56,61.59,61.54,61.56,135.503654
2019-11-12 18:27:00,61.56,61.59,61.56,61.58,0.184895
2019-11-12 18:26:00,61.57,61.57,61.54,61.56,51.172077
2019-11-12 18:25:00,61.58,61.58,61.57,61.57,154.41407
2019-11-12 18:24:00,61.54,61.6,61.53,61.58,40.617961
2019-11-12 18:23:00,61.52,61.56,61.52,61.53,39.934624
2019-11-12 18:22:00,61.51,61.52,61.5,61.52,13.057419
2019-11-12 18:21:00,61.51,61.52,61.51,61.51,0.18789
2019-11-12 18:20:00,61.46,61.52,61.46,61.51,82.702178
2019-11-12 18:19:00,61.46,61.46,61.45,61.45,23.001952
2019-11-12 18:18:00,61.47,61.49,61.44,61.44,64.754981
2019-11-12 18:17:00,61.45,61.47,61.45,61.47,22.482743
2019-11-12 18:16:00,61.49,61.49,61.44,61.44,39.908808
2019-11-12 18:15:00,61.51,61.52,61.49,61.49,48.778278
2019-11-12 18:14:00,61.47,61.52,61.45,61.52,135.658596
2019-11-12 18:13:00,61.47,61.47,61.47,61.47,32.460152
2019-11-12 18:12:00,61.46,61.49,61.46,61.47,161.719354
2019-11-12 18:11:00,61.52,61.53,61.46,61.46,341.756061
2019-11-12 18:10:00,61.53,61.53,61.53,61.53,19.840425
2019-11-12 18:09:00,61.54,61.56,61.49,61.56,381.862536
2019-11-12 18:08:00,61.49,61.53,61.48,61.53,299.524376
2019-11-12 18:07:00,61.58,61.58,61.47,61.47,393.04826
2019-11-12 18:06:00,61.67,61.67,61.55,61.59,413.026448
2019-11-12 18:05:00,61.49,61.72,61.47,61.68,1018.278751
2019-11-12 18:04:00,61.37,61.53,61.37,61.49,329.111955
2019-11-12 18:03:00,61.38,61.38,61.37,61.37,13.405975
2019-11-12 18:02:00,61.34,61.38,61.34,61.38,59.232022
2019-11-12 18:01:00,61.37,61.37,61.33,61.34,205.948445
2019-11-12 18:00:00,61.37,61.38,61.37,61.38,98.820934
2019-11-12 17:59:00,61.36,61.37,61.36,61.37,148.242734
2019-11-12 17:58:00,61.35,61.36,61.35,61.36,150.347721
2019-11-12 17:57:00,61.31,61.34,61.31,61.33,8.716318
2019-11-12 17:56:00,61.31,61.31,61.31,61.31,36.373619
2019-11-12 17:55:00,61.29,61.3,61.29,61.3,24.735709
2019-11-12 17:54:00,61.31,61.31,61.28,61.29,219.756322
2019-11-12 17:53:00,61.34,61.35,61.3,61.3,71.855713
2019-11-12 17:52:00,61.32,61.34,61.31,61.32,62.305659
2019-11-12 17:51:00,61.29,61.36,61.29,61.31,107.387797
2019-11-12 17:50:00,61.26,61.28,61.26,61.28,43.300082
2019-11-12 17:49:00,61.28,61.28,61.26,61.26,65.861538
2019-11-12 17:48:00,61.27,61.28,61.25,61.28,357.02685
2019-11-12 17:47:00,61.28,61.31,61.28,61.28,728.612421
2019-11-12 17:46:00,61.23,61.28,61.23,61.28,91.193874
2019-11-12 17:45:00,61.25,61.25,61.2,61.23,606.150369
2019-11-12 17:44:00,61.24,61.28,61.23,61.26,246.977354
2019-11-12 17:43:00,61.22,61.24,61.21,61.23,113.280075
2019-11-12 17:42:00,61.25,61.25,61.22,61.22,74.035461
2019-11-12 17:41:00,61.25,61.26,61.23,61.24,309.896798
2019-11-12 17:40:00,61.21,61.29,61.17,61.25,527.476264
2019-11-12 17:39:00,61.21,61.22,61.2,61.2,767.736811
2019-11-12 17:38:00,61.13,61.22,61.13,61.21,587.490798
2019-11-12 17:37:00,61.11,61.12,61.08,61.12,92.324836
2019-11-12 17:36:00,61.12,61.12,61.11,61.11,2.287947
2019-11-12 17:35:00,61.08,61.12,61.05,61.11,300.830158
2019-11-12 17:34:00,61.09,61.1,61.07,61.07,160.993497
2019-11-12 17:33:00,61.12,61.12,61.08,61.1,48.568595
2019-11-12 17:32:00,61.17,61.17,61.11,61.11,184.261059
2019-11-12 17:31:00,61.05,61.18,61.05,61.17,1232.353707
2019-11-12 17:30:00,61.12,61.12,61.02,61.05,460.465658
2019-11-12 17:29:00,61.08,61.13,61.04,61.13,732.559178
2019-11-12 17:28:00,61.1,61.12,61,61.05,2826.250275
2019-11-12 17:27:00,61.16,61.18,61.12,61.12,261.868788
2019-11-12 17:26:00,61.09,61.17,61.07,61.17,749.824754
2019-11-12 17:25:00,61.19,61.19,61.08,61.08,815.013485
2019-11-12 17:24:00,61.23,61.23,61.19,61.19,175.836264
2019-11-12 17:23:00,61.24,61.25,61.23,61.24,331.86541
2019-11-12 17:22:00,61.21,61.24,61.21,61.24,305.364559
2019-11-12 17:21:00,61.2,61.2,61.17,61.2,24.010492
2019-11-12 17:20:00,61.22,61.23,61.18,61.2,163.91482
2019-11-12 17:19:00,61.25,61.27,61.2,61.2,279.811172
2019-11-12 17:18:00,61.25,61.26,61.23,61.24,612.039701
2019-11-12 17:17:00,61.21,61.25,61.18,61.24,1057.659737
2019-11-12 17:16:00,61.22,61.23,61.16,61.22,1186.493713
2019-11-12 17:15:00,61.12,61.23,61.04,61.21,1925.636386
2019-11-12 17:14:00,61.3,61.3,61.13,61.13,2763.431188
2019-11-12 17:13:00,61.37,61.37,61.28,61.31,171.119928
2019-11-12 17:12:00,61.39,61.41,61.31,61.37,1164.737828
2019-11-12 17:11:00,61.41,61.42,61.4,61.4,60.385021
2019-11-12 17:10:00,61.3,61.4,61.3,61.4,295.516229
2019-11-12 17:09:00,61.41,61.41,61.31,61.31,761.588373
2019-11-12 17:08:00,61.35,61.4,61.35,61.4,147.469526
2019-11-12 17:07:00,61.41,61.42,61.36,61.36,294.709812
2019-11-12 17:06:00,61.41,61.41,61.39,61.39,49.157061
2019-11-12 17:05:00,61.38,61.42,61.37,61.41,79.031736
2019-11-12 17:04:00,61.43,61.43,61.38,61.38,52.848114
2019-11-12 17:03:00,61.36,61.43,61.36,61.43,598.501741
2019-11-12 17:02:00,61.38,61.38,61.35,61.36,48.88421
2019-11-12 17:01:00,61.38,61.39,61.38,61.38,9.007085
2019-11-12 17:00:00,61.33,61.39,61.32,61.38,221.268211
2019-11-12 16:59:00,61.34,61.34,61.3,61.3,254.917724
2019-11-12 16:58:00,61.33,61.35,61.33,61.34,65.232919
2019-11-12 16:57:00,61.38,61.39,61.31,61.33,415.18905
2019-11-12 16:56:00,61.32,61.37,61.32,61.36,933.832622
2019-11-12 16:55:00,61.3,61.33,61.28,61.33,344.975571
2019-11-12 16:54:00,61.31,61.34,61.31,61.31,209.690289
2019-11-12 16:53:00,61.33,61.33,61.3,61.31,42.534611
2019-11-12 16:52:00,61.34,61.35,61.33,61.34,231.423785
2019-11-12 16:51:00,61.4,61.4,61.3,61.33,296.578179
2019-11-12 16:50:00,61.44,61.44,61.38,61.42,92.534598
2019-11-12 16:49:00,61.44,61.46,61.44,61.44,79.556068
2019-11-12 16:48:00,61.48,61.52,61.45,61.47,538.003562
2019-11-12 16:47:00,61.53,61.53,61.48,61.48,460.247259
2019-11-12 16:46:00,61.44,61.55,61.43,61.55,844.263605
2019-11-12 16:45:00,61.48,61.49,61.44,61.44,146.613732
2019-11-12 16:44:00,61.43,61.49,61.43,61.49,275.281164
2019-11-12 16:43:00,61.37,61.43,61.34,61.43,214.243276
2019-11-12 16:42:00,61.44,61.44,61.36,61.36,380.116506
2019-11-12 16:41:00,61.45,61.45,61.42,61.44,254.140457
2019-11-12 16:40:00,61.5,61.5,61.45,61.45,135.577808
2019-11-12 16:39:00,61.53,61.53,61.48,61.49,193.30781
2019-11-12 16:38:00,61.55,61.55,61.53,61.53,5.401564
2019-11-12 16:37:00,61.57,61.57,61.56,61.57,0.065572
2019-11-12 16:36:00,61.53,61.56,61.53,61.55,92.967395
2019-11-12 16:35:00,61.55,61.55,61.52,61.54,109.985521
2019-11-12 16:34:00,61.55,61.58,61.55,61.55,102.754048
2019-11-12 16:33:00,61.56,61.56,61.54,61.55,25.658417
2019-11-12 16:32:00,61.53,61.57,61.53,61.57,122.620565
2019-11-12 16:31:00,61.54,61.55,61.53,61.53,49.212149
2019-11-12 16:30:00,61.5,61.53,61.5,61.53,211.385335
2019-11-12 16:29:00,61.45,61.51,61.44,61.51,450.708434
2019-11-12 16:28:00,61.52,61.52,61.39,61.45,856.6218
2019-11-12 16:27:00,61.6,61.6,61.49,61.52,1315.440742
2019-11-12 16:26:00,61.6,61.61,61.6,61.61,0.014149
2019-11-12 16:25:00,61.66,61.66,61.6,61.61,276.047394
2019-11-12 16:24:00,61.67,61.67,61.65,61.66,144.497919
2019-11-12 16:23:00,61.63,61.67,61.63,61.67,72.962921
2019-11-12 16:22:00,61.63,61.64,61.63,61.63,45.469346
2019-11-12 16:21:00,61.65,61.66,61.64,61.64,0.503946
2019-11-12 16:20:00,61.62,61.65,61.62,61.65,157.744544
2019-11-12 16:19:00,61.63,61.64,61.62,61.62,102.022069
2019-11-12 16:18:00,61.64,61.65,61.61,61.63,41.063766
2019-11-12 16:17:00,61.61,61.64,61.59,61.64,390.235308
2019-11-12 16:16:00,61.63,61.65,61.62,61.63,186.247085
2019-11-12 16:15:00,61.66,61.67,61.62,61.63,180.146361
2019-11-12 16:14:00,61.64,61.64,61.61,61.64,507.461599
2019-11-12 16:13:00,61.66,61.68,61.65,61.65,16.927338
2019-11-12 16:12:00,61.64,61.66,61.62,61.66,381.554657
2019-11-12 16:11:00,61.65,61.68,61.64,61.64,192.768493
2019-11-12 16:10:00,61.7,61.7,61.65,61.65,102.40011
2019-11-12 16:09:00,61.66,61.71,61.66,61.71,123.175528
2019-11-12 16:08:00,61.66,61.7,61.65,61.66,207.81282
2019-11-12 16:07:00,61.65,61.65,61.63,61.65,1.97953
2019-11-12 16:06:00,61.64,61.65,61.6,61.64,100.233713
2019-11-12 16:05:00,61.67,61.69,61.62,61.63,476.625538
2019-11-12 16:04:00,61.64,61.68,61.61,61.68,358.54144
2019-11-12 16:03:00,61.6,61.65,61.6,61.63,256.743763
2019-11-12 16:02:00,61.65,61.66,61.58,61.6,175.276169
2019-11-12 16:01:00,61.71,61.71,61.65,61.65,220.730595
2019-11-12 16:00:00,61.73,61.73,61.72,61.73,159.707745
2019-11-12 15:59:00,61.72,61.72,61.71,61.72,23.97927
2019-11-12 15:58:00,61.71,61.72,61.71,61.72,133.407097
2019-11-12 15:57:00,61.71,61.71,61.71,61.71,39.27715
2019-11-12 15:56:00,61.75,61.75,61.74,61.74,55.140305
2019-11-12 15:55:00,61.78,61.78,61.75,61.75,50.725618
2019-11-12 15:54:00,61.75,61.8,61.74,61.8,382.548557
2019-11-12 15:53:00,61.76,61.77,61.76,61.76,147.027959
2019-11-12 15:52:00,61.78,61.78,61.74,61.75,27.367882
2019-11-12 15:51:00,61.75,61.75,61.74,61.75,15.534515
2019-11-12 15:50:00,61.72,61.75,61.71,61.75,39.286032
2019-11-12 15:49:00,61.71,61.71,61.71,61.71,0
2019-11-12 15:48:00,61.72,61.72,61.71,61.71,38.531853
2019-11-12 15:47:00,61.71,61.72,61.7,61.72,133.05864
2019-11-12 15:46:00,61.64,61.71,61.64,61.71,108.493094
2019-11-12 15:45:00,61.63,61.63,61.62,61.62,7.247611
2019-11-12 15:44:00,61.61,61.66,61.61,61.62,838.036963
2019-11-12 15:43:00,61.61,61.64,61.61,61.61,129.995631
2019-11-12 15:42:00,61.66,61.66,61.61,61.61,143.906204
2019-11-12 15:41:00,61.68,61.68,61.66,61.67,169.944986
2019-11-12 15:40:00,61.69,61.74,61.69,61.69,128.138724
2019-11-12 15:39:00,61.57,61.7,61.57,61.7,1321.011167
2019-11-12 15:38:00,61.57,61.57,61.56,61.56,46.891419
2019-11-12 15:37:00,61.61,61.61,61.55,61.56,696.476811
2019-11-12 15:36:00,61.71,61.71,61.6,61.62,339.524984
2019-11-12 15:35:00,61.71,61.71,61.7,61.71,8.968959
2019-11-12 15:34:00,61.77,61.77,61.7,61.71,500.844481
2019-11-12 15:33:00,61.78,61.79,61.75,61.76,199.312084
2019-11-12 15:32:00,61.81,61.81,61.78,61.79,239.801336
2019-11-12 15:31:00,61.82,61.82,61.81,61.81,233.21875
2019-11-12 15:30:00,61.84,61.84,61.82,61.83,122.979005
2019-11-12 15:29:00,61.87,61.87,61.83,61.85,29.345502
2019-11-12 15:28:00,61.86,61.87,61.85,61.87,242.78126
2019-11-12 15:27:00,61.85,61.86,61.84,61.86,316.298129
2019-11-12 15:26:00,61.9,61.9,61.87,61.87,107.32874
2019-11-12 15:25:00,61.9,61.9,61.89,61.89,173.449394
2019-11-12 15:24:00,61.89,61.9,61.88,61.9,137.74311
2019-11-12 15:23:00,61.89,61.9,61.88,61.88,372.404362
2019-11-12 15:22:00,61.85,61.88,61.85,61.88,65.599869
2019-11-12 15:21:00,61.79,61.87,61.77,61.85,504.209317
2019-11-12 15:20:00,61.82,61.82,61.78,61.78,435.380333
2019-11-12 15:19:00,61.81,61.84,61.8,61.83,34.472856
2019-11-12 15:18:00,61.83,61.84,61.81,61.83,81.761466
2019-11-12 15:17:00,61.83,61.83,61.83,61.83,0.002
2019-11-12 15:16:00,61.84,61.84,61.83,61.83,2.985135
2019-11-12 15:15:00,61.81,61.84,61.81,61.84,21.849393
2019-11-12 15:14:00,61.83,61.83,61.8,61.81,29.001115
2019-11-12 15:13:00,61.85,61.85,61.81,61.83,170.940541
2019-11-12 15:12:00,61.85,61.85,61.81,61.83,216.015555
2019-11-12 15:11:00,61.83,61.84,61.8,61.84,71.35862
2019-11-12 15:10:00,61.82,61.83,61.82,61.83,13.2876
2019-11-12 15:09:00,61.82,61.83,61.82,61.82,0.028119
2019-11-12 15:08:00,61.87,61.87,61.82,61.82,145.749445
2019-11-12 15:07:00,61.84,61.86,61.84,61.86,70.199596
2019-11-12 15:06:00,61.87,61.87,61.85,61.87,83.305184
2019-11-12 15:05:00,61.89,61.89,61.87,61.88,20.241659
2019-11-12 15:04:00,61.85,61.88,61.85,61.88,22.782823
2019-11-12 15:03:00,61.86,61.86,61.85,61.85,139.395385
2019-11-12 15:02:00,61.92,61.92,61.88,61.88,93.079302
2019-11-12 15:01:00,61.95,61.95,61.9,61.92,308.738492
2019-11-12 15:00:00,61.87,61.95,61.87,61.95,314.705577
2019-11-12 14:59:00,61.86,61.87,61.86,61.87,145.552866
2019-11-12 14:58:00,61.86,61.86,61.86,61.86,19.631214
2019-11-12 14:57:00,61.91,61.91,61.88,61.88,98.214618
2019-11-12 14:56:00,61.91,61.91,61.91,61.91,69.745398
2019-11-12 14:55:00,61.9,61.96,61.9,61.92,49.275743
2019-11-12 14:54:00,61.9,61.91,61.88,61.9,364.046805
2019-11-12 14:53:00,61.81,61.92,61.81,61.92,636.260918
2019-11-12 14:52:00,61.83,61.83,61.82,61.82,58.057983
2019-11-12 14:51:00,61.84,61.85,61.83,61.84,164.476645
2019-11-12 14:50:00,61.85,61.88,61.84,61.84,483.299661
2019-11-12 14:49:00,61.81,61.84,61.81,61.84,101.316849
2019-11-12 14:48:00,61.8,61.82,61.8,61.82,147.764765
2019-11-12 14:47:00,61.77,61.8,61.77,61.8,171.699222
2019-11-12 14:46:00,61.78,61.83,61.78,61.78,357.208743
2019-11-12 14:45:00,61.8,61.8,61.78,61.78,24.829947
2019-11-12 14:44:00,61.75,61.8,61.73,61.8,313.266415
2019-11-12 14:43:00,61.76,61.78,61.75,61.78,26.949444
2019-11-12 14:42:00,61.82,61.82,61.74,61.76,1025.84192
2019-11-12 14:41:00,61.81,61.82,61.81,61.82,42.805614
2019-11-12 14:40:00,61.85,61.85,61.82,61.82,149.701548
2019-11-12 14:39:00,61.86,61.89,61.85,61.85,377.782759
2019-11-12 14:38:00,61.86,61.86,61.86,61.86,54.157551
2019-11-12 14:37:00,61.87,61.87,61.86,61.87,49.000069
2019-11-12 14:36:00,61.87,61.88,61.86,61.87,85.40904
2019-11-12 14:35:00,61.89,61.89,61.86,61.87,84.957381
2019-11-12 14:34:00,61.87,61.9,61.87,61.88,149.408937
2019-11-12 14:33:00,61.86,61.87,61.85,61.87,75.787014
2019-11-12 14:32:00,61.82,61.86,61.82,61.86,76.736553
2019-11-12 14:31:00,61.82,61.82,61.82,61.82,3.498288
2019-11-12 14:30:00,61.81,61.82,61.81,61.81,7.444735
2019-11-12 14:29:00,61.83,61.85,61.81,61.81,108.707076
2019-11-12 14:28:00,61.84,61.85,61.83,61.83,66.775282
2019-11-12 14:27:00,61.85,61.86,61.84,61.85,89.122765
2019-11-12 14:26:00,61.89,61.89,61.84,61.86,116.264455
2019-11-12 14:25:00,61.77,61.87,61.75,61.87,507.573973
2019-11-12 14:24:00,61.8,61.81,61.79,61.79,119.257258
2019-11-12 14:23:00,61.84,61.85,61.77,61.79,293.453019
2019-11-12 14:22:00,61.87,61.87,61.84,61.84,61.518434
2019-11-12 14:21:00,61.84,61.87,61.84,61.87,556.096377
2019-11-12 14:20:00,61.9,61.9,61.85,61.85,55.002336
2019-11-12 14:19:00,61.93,61.93,61.9,61.9,128.692525
2019-11-12 14:18:00,61.95,61.95,61.93,61.93,22.400727
2019-11-12 14:17:00,61.97,61.98,61.95,61.95,44.700142
2019-11-12 14:16:00,61.96,61.99,61.96,61.98,53.766992
2019-11-12 14:15:00,62,62,61.96,61.96,88.18053
2019-11-12 14:14:00,62,62.01,61.98,62.01,72.051609
2019-11-12 14:13:00,62.02,62.02,62,62,57.752522
2019-11-12 14:12:00,62.01,62.04,62.01,62.03,19.642788
2019-11-12 14:11:00,62.03,62.03,62,62,3.092679
2019-11-12 14:10:00,62.01,62.05,62.01,62.05,2.083958
2019-11-12 14:09:00,61.95,62.03,61.95,62.02,1276.143022
2019-11-12 14:08:00,61.99,61.99,61.94,61.94,125.857734
2019-11-12 14:07:00,62,62,61.99,61.99,53.361546
2019-11-12 14:06:00,62.01,62.04,61.96,61.96,199.557051
2019-11-12 14:05:00,61.97,62.06,61.97,62,366.304387
2019-11-12 14:04:00,61.95,62.01,61.95,61.96,535.228729
2019-11-12 14:03:00,61.89,61.92,61.86,61.92,268.574763
2019-11-12 14:02:00,61.89,61.91,61.89,61.9,185.730356
2019-11-12 14:01:00,61.82,61.88,61.81,61.87,1384.780435
2019-11-12 14:00:00,61.84,61.86,61.83,61.83,183.844345
2019-11-12 13:59:00,61.82,61.82,61.82,61.82,104.998774
2019-11-12 13:58:00,61.84,61.84,61.82,61.82,141.392808
2019-11-12 13:57:00,61.87,61.87,61.85,61.85,252.840271
2019-11-12 13:56:00,61.84,61.86,61.82,61.86,181.911517
2019-11-12 13:55:00,61.85,61.87,61.79,61.84,2151.093764
2019-11-12 13:54:00,61.92,61.92,61.85,61.86,28.946811
2019-11-12 13:53:00,61.88,61.93,61.88,61.92,413.33715
2019-11-12 13:52:00,61.86,61.93,61.86,61.88,833.351282
2019-11-12 13:51:00,61.95,61.95,61.88,61.88,301.742076
2019-11-12 13:50:00,61.91,61.94,61.91,61.91,75.647676
2019-11-12 13:49:00,61.94,61.94,61.92,61.92,180.951732
2019-11-12 13:48:00,61.96,61.96,61.95,61.95,459.162905
2019-11-12 13:47:00,61.97,61.97,61.94,61.94,74.916332
2019-11-12 13:46:00,62.01,62.01,61.98,61.98,4.483494
2019-11-12 13:45:00,61.97,62.02,61.97,62.01,321.77213
2019-11-12 13:44:00,61.96,61.96,61.95,61.96,7.295033
2019-11-12 13:43:00,61.97,61.97,61.94,61.96,149.607567
2019-11-12 13:42:00,61.97,61.98,61.95,61.97,11.670296
2019-11-12 13:41:00,61.97,61.97,61.97,61.97,19.806876
2019-11-12 13:40:00,61.99,61.99,61.95,61.98,214.817956
2019-11-12 13:39:00,61.93,61.99,61.93,61.99,85.278923
2019-11-12 13:38:00,61.89,61.93,61.88,61.93,360.562962
2019-11-12 13:37:00,61.87,61.88,61.87,61.88,3.926209
2019-11-12 13:36:00,61.88,61.88,61.85,61.87,16.573791
2019-11-12 13:35:00,61.88,61.88,61.88,61.88,29.545039
2019-11-12 13:34:00,61.85,61.87,61.85,61.87,45.969716
2019-11-12 13:33:00,61.98,61.99,61.85,61.86,781.257799
2019-11-12 13:32:00,61.95,62.03,61.95,61.99,383.639587
2019-11-12 13:31:00,62,62,61.95,61.95,4.21998
2019-11-12 13:30:00,61.96,62.01,61.95,62.01,20.886384
2019-11-12 13:29:00,61.95,61.97,61.95,61.97,0.036384
2019-11-12 13:28:00,61.97,61.97,61.93,61.93,169.202304
2019-11-12 13:27:00,62.01,62.05,61.96,61.98,284.769959
2019-11-12 13:26:00,62.06,62.06,61.99,62.01,117.065639
2019-11-12 13:25:00,62.08,62.08,62.04,62.06,43.368137
2019-11-12 13:24:00,62.05,62.1,62.03,62.04,580.538331
2019-11-12 13:23:00,61.94,62.07,61.94,62.04,2094.195809
2019-11-12 13:22:00,61.88,61.96,61.85,61.93,712.188163
2019-11-12 13:21:00,61.84,61.91,61.81,61.89,1019.101113
2019-11-12 13:20:00,61.79,61.86,61.78,61.86,266.319085
2019-11-12 13:19:00,61.79,61.8,61.79,61.79,96.572799
2019-11-12 13:18:00,61.77,61.81,61.76,61.79,237.151459
2019-11-12 13:17:00,61.83,61.85,61.77,61.77,799.809936
2019-11-12 13:16:00,61.8,61.81,61.8,61.81,265.988333
2019-11-12 13:15:00,61.83,61.83,61.8,61.8,279.600232
2019-11-12 13:14:00,61.8,61.84,61.8,61.84,28.489045
2019-11-12 13:13:00,61.79,61.8,61.79,61.8,2.108761
2019-11-12 13:12:00,61.84,61.88,61.79,61.79,31.912547
2019-11-12 13:11:00,61.89,61.89,61.83,61.84,42.728808
2019-11-12 13:10:00,61.84,61.89,61.84,61.89,126.269102
2019-11-12 13:09:00,61.9,61.93,61.85,61.85,534.445864
2019-11-12 13:08:00,61.86,61.9,61.82,61.9,781.693692
2019-11-12 13:07:00,61.84,61.95,61.83,61.86,1459.667802
2019-11-12 13:06:00,61.79,61.85,61.79,61.83,262.240265
2019-11-12 13:05:00,61.86,61.86,61.79,61.79,231.478814
2019-11-12 13:04:00,61.89,61.89,61.84,61.85,253.264978
2019-11-12 13:03:00,61.85,61.89,61.85,61.89,739.705999
2019-11-12 13:02:00,61.88,61.9,61.84,61.85,250.211068
2019-11-12 13:01:00,61.79,61.87,61.79,61.87,179.837361
2019-11-12 13:00:00,61.77,61.8,61.77,61.8,537.562414
2019-11-12 12:59:00,61.74,61.78,61.73,61.76,211.047966
2019-11-12 12:58:00,61.76,61.76,61.75,61.75,108.811167
2019-11-12 12:57:00,61.74,61.75,61.74,61.75,142.752452
2019-11-12 12:56:00,61.72,61.74,61.72,61.74,267.017274
2019-11-12 12:55:00,61.73,61.73,61.7,61.72,240.570991
2019-11-12 12:54:00,61.73,61.77,61.7,61.76,675.621653
2019-11-12 12:53:00,61.76,61.76,61.75,61.75,2.862064
2019-11-12 12:52:00,61.73,61.76,61.73,61.76,15.784204
2019-11-12 12:51:00,61.8,61.8,61.71,61.71,1339.981064
2019-11-12 12:50:00,61.88,61.88,61.79,61.81,1022.718782
2019-11-12 12:49:00,61.92,61.93,61.88,61.89,108.1592
2019-11-12 12:48:00,61.96,61.99,61.91,61.91,245.344634
2019-11-12 12:47:00,61.96,61.96,61.96,61.96,164.662266
2019-11-12 12:46:00,61.99,61.99,61.96,61.96,188.12458
2019-11-12 12:45:00,61.96,62,61.96,62,26.973424
2019-11-12 12:44:00,61.97,61.97,61.96,61.96,75.38916
2019-11-12 12:43:00,62,62,61.99,61.99,2.783173
2019-11-12 12:42:00,62,62,61.99,61.99,1.862559
2019-11-12 12:41:00,61.95,61.98,61.94,61.98,50.728873
2019-11-12 12:40:00,61.97,61.97,61.95,61.95,210.076049
2019-11-12 12:39:00,61.99,61.99,61.98,61.98,1.188342
2019-11-12 12:38:00,61.97,61.98,61.94,61.98,154.8549
2019-11-12 12:37:00,62.01,62.01,61.98,61.98,157.16433
2019-11-12 12:36:00,62.02,62.02,62,62,146.79535
2019-11-12 12:35:00,62,62.01,61.96,62.01,55.651521
2019-11-12 12:34:00,62.04,62.04,62,62,155.292328
2019-11-12 12:33:00,62.04,62.04,62.04,62.04,0.445944
2019-11-12 12:32:00,62.05,62.05,62.04,62.04,81.539129
2019-11-12 12:31:00,62.06,62.06,62.03,62.06,126.535586
2019-11-12 12:30:00,62.08,62.09,62.06,62.06,166.837883
2019-11-12 12:29:00,62.05,62.08,62.05,62.08,131.500624
2019-11-12 12:28:00,62,62.07,62,62.06,1293.895699
2019-11-12 12:27:00,61.93,62,61.93,61.99,418.190474
2019-11-12 12:26:00,61.96,61.96,61.95,61.95,1.824472
2019-11-12 12:25:00,61.97,61.99,61.97,61.98,7.474483
2019-11-12 12:24:00,61.98,61.98,61.95,61.96,74.428212
2019-11-12 12:23:00,61.96,61.97,61.92,61.97,1410.452693
2019-11-12 12:22:00,61.94,61.95,61.94,61.95,0.103675
2019-11-12 12:21:00,61.91,61.92,61.91,61.92,100.918479
2019-11-12 12:20:00,61.89,61.89,61.89,61.89,68.2188
2019-11-12 12:19:00,61.85,61.94,61.85,61.9,1005.778432
2019-11-12 12:18:00,61.88,61.88,61.84,61.84,35.027533
2019-11-12 12:17:00,61.88,61.89,61.86,61.88,26.485834
2019-11-12 12:16:00,61.83,61.86,61.83,61.86,450.445738
2019-11-12 12:15:00,61.83,61.83,61.83,61.83,3.113724
2019-11-12 12:14:00,61.83,61.84,61.82,61.84,32.932829
2019-11-12 12:13:00,61.85,61.85,61.82,61.82,32.529173
2019-11-12 12:12:00,61.89,61.89,61.86,61.86,32.232568
2019-11-12 12:11:00,61.91,61.91,61.89,61.9,341.933141
2019-11-12 12:10:00,61.91,61.97,61.91,61.97,206.683839
2019-11-12 12:09:00,61.88,61.9,61.87,61.9,642.185688
2019-11-12 12:08:00,61.9,61.91,61.82,61.89,99.469859
2019-11-12 12:07:00,61.82,61.9,61.82,61.9,252.989275
2019-11-12 12:06:00,61.77,61.82,61.74,61.82,799.902009
2019-11-12 12:05:00,61.82,61.82,61.76,61.77,265.645152
2019-11-12 12:04:00,61.87,61.87,61.81,61.82,199.894611
2019-11-12 12:03:00,61.81,61.9,61.81,61.89,166.618386
2019-11-12 12:02:00,61.81,61.83,61.81,61.81,154.976762
2019-11-12 12:01:00,61.82,61.83,61.8,61.81,58.734477
2019-11-12 12:00:00,61.83,61.83,61.83,61.83,59.253871
2019-11-12 11:59:00,61.89,61.89,61.84,61.84,147.664795
2019-11-12 11:58:00,61.88,61.92,61.88,61.88,321.251657
2019-11-12 11:57:00,61.87,61.87,61.87,61.87,127.781253
2019-11-12 11:56:00,61.9,61.9,61.87,61.87,82.54717
2019-11-12 11:55:00,61.9,61.9,61.9,61.9,0
2019-11-12 11:54:00,61.89,61.9,61.89,61.9,70.75043
2019-11-12 11:53:00,61.82,61.89,61.82,61.89,1136.553436
2019-11-12 11:52:00,61.83,61.83,61.83,61.83,0
2019-11-12 11:51:00,61.83,61.83,61.83,61.83,5.532289
2019-11-12 11:50:00,61.88,61.88,61.83,61.83,76.240967
2019-11-12 11:49:00,61.86,61.9,61.86,61.9,578.382197
2019-11-12 11:48:00,61.88,61.89,61.86,61.86,140.757161
2019-11-12 11:47:00,61.81,61.85,61.81,61.85,45.352152
2019-11-12 11:46:00,61.77,61.83,61.77,61.8,722.629988
2019-11-12 11:45:00,61.75,61.78,61.75,61.78,107.296816
2019-11-12 11:44:00,61.67,61.76,61.67,61.76,726.531617
2019-11-12 11:43:00,61.64,61.67,61.63,61.67,1305.735661
2019-11-12 11:42:00,61.68,61.7,61.64,61.64,469.413201
2019-11-12 11:41:00,61.69,61.74,61.69,61.69,389.017742
2019-11-12 11:40:00,61.74,61.74,61.71,61.71,94.435588
2019-11-12 11:39:00,61.75,61.77,61.74,61.77,120.081869
2019-11-12 11:38:00,61.61,61.76,61.61,61.75,1844.852083
2019-11-12 11:37:00,61.62,61.63,61.6,61.61,646.024979
2019-11-12 11:36:00,61.7,61.71,61.62,61.63,228.862413
2019-11-12 11:35:00,61.77,61.77,61.7,61.7,771.648173
2019-11-12 11:34:00,61.85,61.85,61.74,61.76,967.627932
2019-11-12 11:33:00,61.9,61.9,61.83,61.85,400.284707
2019-11-12 11:32:00,61.91,61.96,61.9,61.9,268.134448
2019-11-12 11:31:00,61.89,61.96,61.89,61.92,144.27177
2019-11-12 11:30:00,61.79,61.89,61.79,61.88,813.623517
2019-11-12 11:29:00,61.86,61.86,61.79,61.8,1018.870088
2019-11-12 11:28:00,61.86,61.88,61.86,61.86,283.47205
2019-11-12 11:27:00,61.81,61.85,61.81,61.85,231.874673
2019-11-12 11:26:00,61.85,61.88,61.81,61.81,729.763326
2019-11-12 11:25:00,61.94,61.94,61.86,61.87,171.952164
2019-11-12 11:24:00,62.01,62.02,61.96,61.97,477.167718
2019-11-12 11:23:00,61.98,62.02,61.98,62.02,141.781144
2019-11-12 11:22:00,61.96,61.98,61.95,61.98,217.811966
2019-11-12 11:21:00,62.04,62.04,61.95,61.95,504.190519
2019-11-12 11:20:00,62,62.03,62,62.02,200.700305
2019-11-12 11:19:00,62.01,62.01,62,62.01,65.931649
2019-11-12 11:18:00,62.01,62.03,61.99,62.01,220.09447
2019-11-12 11:17:00,62.06,62.07,62.02,62.02,218.889569
2019-11-12 11:16:00,62.11,62.12,62.07,62.08,182.420558
2019-11-12 11:15:00,62.12,62.13,62.09,62.11,321.001796
2019-11-12 11:14:00,62.15,62.15,62.1,62.1,348.749696
2019-11-12 11:13:00,62.14,62.19,62.14,62.16,609.74592
2019-11-12 11:12:00,62.15,62.15,62.14,62.14,24.395486
2019-11-12 11:11:00,62.18,62.19,62.15,62.15,143.628594
2019-11-12 11:10:00,62.22,62.22,62.17,62.18,19.504342
2019-11-12 11:09:00,62.18,62.2,62.18,62.2,50.439403
2019-11-12 11:08:00,62.22,62.23,62.18,62.18,297.195266
2019-11-12 11:07:00,62.16,62.22,62.16,62.22,271.873618
2019-11-12 11:06:00,62.1,62.24,62.1,62.14,361.557326
2019-11-12 11:05:00,62.19,62.19,62.13,62.13,51.35799
2019-11-12 11:04:00,62.14,62.16,62.14,62.15,182.617196
2019-11-12 11:03:00,62.15,62.15,62.1,62.15,706.2285
2019-11-12 11:02:00,62.14,62.16,62.14,62.16,249.725893
2019-11-12 11:01:00,62.12,62.13,62.1,62.11,502.80269
2019-11-12 11:00:00,61.99,62.11,61.99,62.11,352.983458
2019-11-12 10:59:00,62.03,62.03,61.99,62,119.748455
2019-11-12 10:58:00,62.06,62.06,62.05,62.05,134.488086
2019-11-12 10:57:00,62.08,62.08,62.04,62.06,143.98093
2019-11-12 10:56:00,62.11,62.11,62.09,62.09,0.723156
2019-11-12 10:55:00,62.14,62.14,62.09,62.09,145.693655
2019-11-12 10:54:00,62.14,62.14,62.12,62.12,1.44935
2019-11-12 10:53:00,62.22,62.22,62.12,62.15,239.491381
2019-11-12 10:52:00,62.15,62.22,62.15,62.22,619.215723
2019-11-12 10:51:00,62.14,62.14,62.14,62.14,8.0842
2019-11-12 10:50:00,62.13,62.13,62.13,62.13,0
2019-11-12 10:49:00,62.12,62.13,62.12,62.13,15.1894
2019-11-12 10:48:00,62.1,62.11,62.1,62.11,39.418
2019-11-12 10:47:00,62.07,62.07,62.07,62.07,62.620968
2019-11-12 10:46:00,62.05,62.08,62.03,62.07,1267.06649
2019-11-12 10:45:00,62.05,62.05,62.05,62.05,30.61775
2019-11-12 10:44:00,62.05,62.07,62.05,62.07,78.274585
2019-11-12 10:43:00,62.07,62.08,62.04,62.06,189.398021
2019-11-12 10:42:00,62.04,62.07,62.03,62.06,120.448515
2019-11-12 10:41:00,62.09,62.09,62.04,62.05,134.377452
2019-11-12 10:40:00,62.13,62.13,62.1,62.1,217.327634
2019-11-12 10:39:00,62.1,62.14,62.1,62.13,98.899586
2019-11-12 10:38:00,62.06,62.1,62.03,62.1,636.555449
2019-11-12 10:37:00,62.03,62.12,62.03,62.06,349.829968
2019-11-12 10:36:00,62.13,62.13,61.97,61.97,105.811877
2019-11-12 10:35:00,62.03,62.13,62.02,62.13,311.200874
2019-11-12 10:34:00,62.05,62.05,62,62.02,334.63564
2019-11-12 10:33:00,62.1,62.1,62.06,62.06,353.316813
2019-11-12 10:32:00,62.1,62.1,62.1,62.1,6.615382
2019-11-12 10:31:00,62.11,62.12,62.05,62.07,169.922397
2019-11-12 10:30:00,62.11,62.15,62.11,62.11,491.844213
2019-11-12 10:29:00,62.17,62.17,62.08,62.1,805.567942
2019-11-12 10:28:00,62.11,62.17,62.11,62.16,976.096624
2019-11-12 10:27:00,62.07,62.1,62.07,62.1,43.0234
2019-11-12 10:26:00,62.08,62.09,62.07,62.07,95.629636
2019-11-12 10:25:00,62.07,62.1,62.06,62.09,771.732479
2019-11-12 10:24:00,62.02,62.07,62.02,62.07,232.329072
2019-11-12 10:23:00,62.02,62.03,62.02,62.02,118.808316
2019-11-12 10:22:00,62.05,62.05,62.03,62.03,326.822738
2019-11-12 10:21:00,62.03,62.04,62.03,62.04,282.542845
2019-11-12 10:20:00,62.02,62.03,62.02,62.03,42.516781
2019-11-12 10:19:00,62.03,62.04,62.02,62.03,41.217055
2019-11-12 10:18:00,62.05,62.07,62,62.01,324.013897
2019-11-12 10:17:00,62.14,62.14,62.04,62.04,1254.821112
2019-11-12 10:16:00,62.09,62.16,62.08,62.14,472.464765
2019-11-12 10:15:00,62.15,62.15,62.09,62.09,199.331581
2019-11-12 10:14:00,62.16,62.2,62.12,62.16,207.722264
2019-11-12 10:13:00,62.17,62.22,62.12,62.16,429.721294
2019-11-12 10:12:00,62.08,62.2,62.06,62.2,1409.854488
2019-11-12 10:11:00,62.06,62.13,62.05,62.08,520.095632
2019-11-12 10:10:00,62,62.06,62,62.06,261.942216
2019-11-12 10:09:00,61.95,62,61.95,62,240.85341
2019-11-12 10:08:00,61.89,61.98,61.89,61.98,1793.418796
2019-11-12 10:07:00,61.85,61.89,61.85,61.88,723.750902
2019-11-12 10:06:00,61.85,61.85,61.84,61.84,23.471049
2019-11-12 10:05:00,61.86,61.86,61.86,61.86,42.292502
2019-11-12 10:04:00,61.87,61.87,61.81,61.81,36.103365
2019-11-12 10:03:00,61.86,61.87,61.86,61.86,74.703934
2019-11-12 10:02:00,61.84,61.87,61.84,61.85,11.724053
2019-11-12 10:01:00,61.84,61.84,61.83,61.84,0.057408
2019-11-12 10:00:00,61.78,61.83,61.78,61.83,90.108137
2019-11-12 09:59:00,61.79,61.79,61.78,61.78,0.032253
2019-11-12 09:58:00,61.81,61.83,61.8,61.8,100.09896
2019-11-12 09:57:00,61.81,61.83,61.81,61.81,0.006146
2019-11-12 09:56:00,61.8,61.81,61.79,61.81,2.553267
2019-11-12 09:55:00,61.86,61.86,61.81,61.81,390.715328
2019-11-12 09:54:00,61.85,61.85,61.84,61.85,112.090859
2019-11-12 09:53:00,61.85,61.9,61.84,61.87,813.251912
2019-11-12 09:52:00,61.82,61.86,61.81,61.85,40.504475
2019-11-12 09:51:00,61.83,61.84,61.82,61.83,90.289696
2019-11-12 09:50:00,61.8,61.84,61.8,61.83,96.084205
2019-11-12 09:49:00,61.79,61.83,61.79,61.81,292.705993
2019-11-12 09:48:00,61.74,61.77,61.7,61.77,869.69079
2019-11-12 09:47:00,61.78,61.78,61.76,61.76,31.921609
2019-11-12 09:46:00,61.75,61.81,61.75,61.79,103.584876
2019-11-12 09:45:00,61.77,61.78,61.74,61.74,70.379275
2019-11-12 09:44:00,61.75,61.75,61.73,61.75,139.386458
2019-11-12 09:43:00,61.79,61.79,61.75,61.75,34.148075
2019-11-12 09:42:00,61.77,61.79,61.77,61.79,39.089686
2019-11-12 09:41:00,61.79,61.8,61.77,61.77,3.267397
2019-11-12 09:40:00,61.79,61.79,61.78,61.79,66.332756
2019-11-12 09:39:00,61.8,61.8,61.8,61.8,0
2019-11-12 09:38:00,61.8,61.8,61.8,61.8,0.76234
2019-11-12 09:37:00,61.76,61.81,61.74,61.81,388.281378
2019-11-12 09:36:00,61.74,61.75,61.73,61.75,45.685302
2019-11-12 09:35:00,61.71,61.75,61.71,61.75,1.741194
2019-11-12 09:34:00,61.72,61.73,61.72,61.73,10.93622
2019-11-12 09:33:00,61.71,61.76,61.71,61.72,556.249984
2019-11-12 09:32:00,61.75,61.75,61.72,61.72,239.216116
2019-11-12 09:31:00,61.78,61.78,61.74,61.74,252.468956
2019-11-12 09:30:00,61.8,61.8,61.7,61.78,2100.655202
2019-11-12 09:29:00,61.9,61.9,61.8,61.8,522.757542
2019-11-12 09:28:00,61.88,61.9,61.88,61.9,15.449481
2019-11-12 09:27:00,61.84,61.87,61.84,61.86,343.606528
2019-11-12 09:26:00,61.83,61.83,61.83,61.83,3.21384
2019-11-12 09:25:00,61.88,61.88,61.82,61.83,1176.380823
2019-11-12 09:24:00,61.88,61.88,61.85,61.88,997.657398
2019-11-12 09:23:00,61.87,61.88,61.83,61.88,332.197298
2019-11-12 09:22:00,61.86,61.87,61.86,61.86,173.999231
2019-11-12 09:21:00,61.88,61.88,61.87,61.87,16.9411
2019-11-12 09:20:00,61.91,61.92,61.88,61.88,236.71825
2019-11-12 09:19:00,61.98,61.98,61.86,61.89,261.521358
2019-11-12 09:18:00,61.99,61.99,61.99,61.99,24.20526
2019-11-12 09:17:00,61.98,61.99,61.98,61.99,127.038649
2019-11-12 09:16:00,61.97,61.98,61.97,61.98,263.322757
2019-11-12 09:15:00,61.99,62,61.98,61.98,7.030243
2019-11-12 09:14:00,62,62,61.99,62,218.152759
2019-11-12 09:13:00,62.02,62.02,62,62,49.939334
2019-11-12 09:12:00,61.99,62.02,61.99,62.02,49.195965
2019-11-12 09:11:00,62.02,62.02,61.98,61.99,158.886901
2019-11-12 09:10:00,61.99,62,61.96,62,31.622839
2019-11-12 09:09:00,62.04,62.04,61.96,61.99,67.016116
2019-11-12 09:08:00,62.02,62.07,62.02,62.04,160.690374
2019-11-12 09:07:00,62.1,62.1,62.01,62.01,299.472356
2019-11-12 09:06:00,61.97,62.12,61.96,62.09,1875.092119
2019-11-12 09:05:00,61.95,61.98,61.95,61.96,94.27191
2019-11-12 09:04:00,61.98,61.98,61.93,61.93,248.53752
2019-11-12 09:03:00,61.94,61.97,61.94,61.97,48.545181
2019-11-12 09:02:00,61.93,61.93,61.93,61.93,0.57
2019-11-12 09:01:00,61.95,61.95,61.95,61.95,2.870528
2019-11-12 09:00:00,61.9,61.95,61.9,61.95,17.599125
2019-11-12 08:59:00,61.91,61.91,61.88,61.9,72.668893
2019-11-12 08:58:00,61.91,61.91,61.9,61.91,51.04234
2019-11-12 08:57:00,61.9,61.9,61.88,61.88,164.80559
2019-11-12 08:56:00,61.94,61.94,61.88,61.88,41.944662
2019-11-12 08:55:00,61.95,61.95,61.92,61.94,16.233027
2019-11-12 08:54:00,61.95,61.97,61.95,61.96,5.166441
2019-11-12 08:53:00,61.98,61.98,61.91,61.91,379.611676
2019-11-12 08:52:00,61.97,62,61.94,61.99,113.8877
2019-11-12 08:51:00,61.95,62.02,61.95,61.97,484.712743
2019-11-12 08:50:00,61.93,61.94,61.93,61.94,57.447752
2019-11-12 08:49:00,61.94,61.95,61.93,61.94,251.225167
2019-11-12 08:48:00,61.93,61.95,61.93,61.94,176.379582
2019-11-12 08:47:00,61.93,61.93,61.9,61.91,135.126903
2019-11-12 08:46:00,61.83,61.91,61.83,61.91,26.412109
2019-11-12 08:45:00,61.83,61.83,61.75,61.83,101.004378
2019-11-12 08:44:00,61.86,61.86,61.83,61.84,6.166134
2019-11-12 08:43:00,61.83,61.87,61.82,61.85,118.609707
2019-11-12 08:42:00,61.89,61.92,61.83,61.83,188.597907
2019-11-12 08:41:00,61.89,61.9,61.89,61.89,96.812294
2019-11-12 08:40:00,61.89,61.92,61.87,61.9,108.174469
2019-11-12 08:39:00,61.85,61.93,61.85,61.88,371.9319
2019-11-12 08:38:00,61.86,61.86,61.82,61.86,175.463238
2019-11-12 08:37:00,61.86,61.86,61.79,61.86,502.443519
2019-11-12 08:36:00,61.82,61.88,61.82,61.86,82.165951
2019-11-12 08:35:00,61.78,61.78,61.76,61.77,83.419282
2019-11-12 08:34:00,61.75,61.78,61.75,61.78,164.953648
2019-11-12 08:33:00,61.72,61.78,61.72,61.74,309.87158
2019-11-12 08:32:00,61.68,61.72,61.68,61.72,351.140905
2019-11-12 08:31:00,61.71,61.71,61.61,61.66,354.22774
2019-11-12 08:30:00,61.74,61.75,61.71,61.71,210.806425
2019-11-12 08:29:00,61.72,61.75,61.72,61.74,32.158838
2019-11-12 08:28:00,61.77,61.77,61.71,61.71,225.374013
2019-11-12 08:27:00,61.79,61.79,61.76,61.79,119.660118
2019-11-12 08:26:00,61.75,61.81,61.75,61.79,681.457257
2019-11-12 08:25:00,61.66,61.74,61.66,61.74,492.991225
2019-11-12 08:24:00,61.65,61.65,61.65,61.65,45.081898
2019-11-12 08:23:00,61.67,61.67,61.67,61.67,122.862024
2019-11-12 08:22:00,61.65,61.7,61.65,61.7,43.105794
2019-11-12 08:21:00,61.76,61.76,61.67,61.67,112.688218
2019-11-12 08:20:00,61.76,61.8,61.76,61.77,140.261038
2019-11-12 08:19:00,61.76,61.76,61.72,61.72,551.02003
2019-11-12 08:18:00,61.84,61.87,61.78,61.78,635.464657
2019-11-12 08:17:00,61.84,61.84,61.84,61.84,15.593521
2019-11-12 08:16:00,61.84,61.84,61.84,61.84,139.113147
2019-11-12 08:15:00,61.85,61.85,61.84,61.84,0.36352
2019-11-12 08:14:00,61.84,61.87,61.84,61.86,322.445615
2019-11-12 08:13:00,61.8,61.84,61.78,61.84,227.806431
2019-11-12 08:12:00,61.87,61.87,61.79,61.8,89.018222
2019-11-12 08:11:00,61.85,61.86,61.84,61.84,94.134935
2019-11-12 08:10:00,61.82,61.85,61.82,61.85,315.660657
2019-11-12 08:09:00,61.74,61.82,61.74,61.82,148.721277
2019-11-12 08:08:00,61.57,61.75,61.57,61.75,1603.088737
2019-11-12 08:07:00,61.51,61.56,61.51,61.56,156.798808
2019-11-12 08:06:00,61.57,61.57,61.51,61.51,128.136106
2019-11-12 08:05:00,61.57,61.59,61.57,61.58,56.773132
2019-11-12 08:04:00,61.62,61.62,61.53,61.58,1006.574163
2019-11-12 08:03:00,61.7,61.7,61.6,61.61,770.658034
2019-11-12 08:02:00,61.74,61.74,61.7,61.7,230.732465
2019-11-12 08:01:00,61.82,61.82,61.69,61.72,1108.570109
2019-11-12 08:00:00,61.8,61.89,61.79,61.83,449.777554
2019-11-12 07:59:00,61.8,61.82,61.78,61.81,358.456991
2019-11-12 07:58:00,61.74,61.84,61.74,61.78,449.749569
2019-11-12 07:57:00,61.69,61.72,61.69,61.72,124.865661
2019-11-12 07:56:00,61.64,61.68,61.64,61.68,157.896787
2019-11-12 07:55:00,61.61,61.65,61.61,61.63,1275.37901
2019-11-12 07:54:00,61.62,61.66,61.61,61.61,551.958857
2019-11-12 07:53:00,61.56,61.58,61.56,61.58,181.565934
2019-11-12 07:52:00,61.57,61.57,61.55,61.55,202.591012
2019-11-12 07:51:00,61.61,61.62,61.57,61.57,334.918293
2019-11-12 07:50:00,61.61,61.62,61.59,61.62,1.562176
2019-11-12 07:49:00,61.71,61.71,61.63,61.64,321.329819
2019-11-12 07:48:00,61.72,61.72,61.72,61.72,36.313911
2019-11-12 07:47:00,61.67,61.74,61.67,61.72,731.180944
2019-11-12 07:46:00,61.74,61.77,61.65,61.65,1435.708804
2019-11-12 07:45:00,61.73,61.73,61.73,61.73,113.012326
2019-11-12 07:44:00,61.71,61.72,61.68,61.71,115.226113
2019-11-12 07:43:00,61.67,61.73,61.66,61.71,251.973535
2019-11-12 07:42:00,61.59,61.7,61.59,61.7,769.925984
2019-11-12 07:41:00,61.76,61.77,61.54,61.59,1527.225397
2019-11-12 07:40:00,61.77,61.79,61.75,61.77,303.470897
2019-11-12 07:39:00,61.88,61.88,61.8,61.8,1139.225161
2019-11-12 07:38:00,61.88,61.89,61.84,61.87,164.08058
2019-11-12 07:37:00,61.86,61.88,61.86,61.87,61.050055
2019-11-12 07:36:00,61.88,61.91,61.86,61.86,92.037681
2019-11-12 07:35:00,61.84,61.89,61.84,61.88,270.079824
2019-11-12 07:34:00,61.81,61.83,61.81,61.83,55.47757
2019-11-12 07:33:00,61.83,61.83,61.8,61.8,15.635483
2019-11-12 07:32:00,61.82,61.82,61.79,61.8,1570.590821
2019-11-12 07:31:00,61.83,61.85,61.81,61.83,220.100665
2019-11-12 07:30:00,61.83,61.83,61.83,61.83,11.006091
2019-11-12 07:29:00,61.77,61.77,61.76,61.76,141.472952
2019-11-12 07:28:00,61.76,61.79,61.76,61.79,32.268991
2019-11-12 07:27:00,61.8,61.82,61.76,61.76,52.57639
2019-11-12 07:26:00,61.78,61.8,61.7,61.8,1666.854398
2019-11-12 07:25:00,61.69,61.79,61.69,61.79,384.761779
2019-11-12 07:24:00,61.72,61.72,61.65,61.65,150.594224
2019-11-12 07:23:00,61.79,61.79,61.7,61.71,745.741375
2019-11-12 07:22:00,61.81,61.81,61.76,61.76,43.656718
2019-11-12 07:21:00,61.83,61.83,61.79,61.81,516.597018
2019-11-12 07:20:00,61.89,61.89,61.82,61.82,500.868922
2019-11-12 07:19:00,61.99,61.99,61.9,61.9,249.665163
2019-11-12 07:18:00,62,62,62,62,0.005887
2019-11-12 07:17:00,62,62,61.99,62,10.75113
2019-11-12 07:16:00,62,62,62,62,0.005446
2019-11-12 07:15:00,61.97,62,61.96,61.97,91.20938
2019-11-12 07:14:00,61.93,61.96,61.93,61.96,848.244716
2019-11-12 07:13:00,61.96,61.96,61.94,61.94,101.752543
2019-11-12 07:12:00,61.88,61.95,61.88,61.95,57.388493
2019-11-12 07:11:00,61.9,61.9,61.85,61.85,25.43326
2019-11-12 07:10:00,61.81,61.93,61.81,61.93,242.077835
2019-11-12 07:09:00,61.8,61.8,61.78,61.8,194.800277
2019-11-12 07:08:00,61.81,61.84,61.81,61.81,55.369288
2019-11-12 07:07:00,61.86,61.86,61.85,61.85,59.983797
2019-11-12 07:06:00,61.91,61.93,61.82,61.86,552.988626
2019-11-12 07:05:00,61.75,61.92,61.75,61.91,229.87414
2019-11-12 07:04:00,61.69,61.73,61.67,61.73,93.2321
2019-11-12 07:03:00,61.85,61.85,61.68,61.68,703.193929
2019-11-12 07:02:00,61.86,61.86,61.82,61.84,116.762728
2019-11-12 07:01:00,61.97,61.97,61.89,61.89,126.342528
2019-11-12 07:00:00,61.94,61.94,61.94,61.94,51.811051
2019-11-12 06:59:00,61.9,61.97,61.9,61.97,815.214411
2019-11-12 06:58:00,62.07,62.07,61.89,61.9,830.105822
2019-11-12 06:57:00,62.15,62.15,62.1,62.1,825.914758
2019-11-12 06:56:00,62.23,62.23,62.17,62.17,252.641201
2019-11-12 06:55:00,62.24,62.24,62.24,62.24,0
2019-11-12 06:54:00,62.26,62.26,62.24,62.24,119.733536
2019-11-12 06:53:00,62.3,62.3,62.24,62.26,205.775541
2019-11-12 06:52:00,62.34,62.34,62.34,62.34,0
2019-11-12 06:51:00,62.39,62.39,62.33,62.34,454.20017
2019-11-12 06:50:00,62.44,62.44,62.39,62.4,114.98979
2019-11-12 06:49:00,62.46,62.46,62.46,62.46,0.124214
2019-11-12 06:48:00,62.46,62.46,62.46,62.46,58.255497
2019-11-12 06:47:00,62.48,62.48,62.46,62.46,26.607436
2019-11-12 06:46:00,62.48,62.48,62.48,62.48,0
2019-11-12 06:45:00,62.48,62.48,62.48,62.48,0.801528
2019-11-12 06:44:00,62.37,62.49,62.36,62.49,509.32701
2019-11-12 06:43:00,62.36,62.37,62.36,62.36,44.171245
2019-11-12 06:42:00,62.36,62.36,62.35,62.36,74.7085
2019-11-12 06:41:00,62.36,62.36,62.36,62.36,0.371667
2019-11-12 06:40:00,62.37,62.37,62.37,62.37,32.53348
2019-11-12 06:39:00,62.31,62.37,62.3,62.37,179.446724
2019-11-12 06:38:00,62.32,62.32,62.28,62.32,134.306045
2019-11-12 06:37:00,62.36,62.36,62.33,62.33,0.550076
2019-11-12 06:36:00,62.43,62.43,62.37,62.37,42.897375
2019-11-12 06:35:00,62.45,62.45,62.44,62.44,120.23623
2019-11-12 06:34:00,62.48,62.48,62.44,62.45,49.320434
2019-11-12 06:33:00,62.51,62.51,62.5,62.5,32.706369
2019-11-12 06:32:00,62.51,62.53,62.49,62.51,224.377847
2019-11-12 06:31:00,62.52,62.52,62.51,62.51,0.073405
2019-11-12 06:30:00,62.5,62.54,62.5,62.51,749.348073
2019-11-12 06:29:00,62.49,62.51,62.49,62.49,129.387218
2019-11-12 06:28:00,62.48,62.51,62.48,62.49,333.703664
2019-11-12 06:27:00,62.48,62.49,62.48,62.48,184.791652
2019-11-12 06:26:00,62.5,62.5,62.5,62.5,2.9808
2019-11-12 06:25:00,62.51,62.51,62.51,62.51,5.397531
2019-11-12 06:24:00,62.5,62.5,62.5,62.5,2.0192
2019-11-12 06:23:00,62.51,62.51,62.51,62.51,4.92229
2019-11-12 06:22:00,62.51,62.51,62.51,62.51,5.677537
2019-11-12 06:21:00,62.54,62.54,62.51,62.51,103.566856
2019-11-12 06:20:00,62.56,62.56,62.53,62.53,216.835897
2019-11-12 06:19:00,62.57,62.62,62.57,62.57,302.057147
2019-11-12 06:18:00,62.6,62.61,62.57,62.58,69.807475
2019-11-12 06:17:00,62.63,62.63,62.61,62.62,228.846033
2019-11-12 06:16:00,62.62,62.63,62.62,62.63,76.12035
2019-11-12 06:15:00,62.63,62.63,62.61,62.62,126.174318
2019-11-12 06:14:00,62.63,62.63,62.61,62.61,46.041306
2019-11-12 06:13:00,62.61,62.63,62.61,62.63,3359.274759
2019-11-12 06:12:00,62.61,62.61,62.61,62.61,0.818786
2019-11-12 06:11:00,62.61,62.61,62.61,62.61,1.001001
2019-11-12 06:10:00,62.6,62.62,62.59,62.6,230.338021
2019-11-12 06:09:00,62.59,62.61,62.59,62.61,87.136205
2019-11-12 06:08:00,62.62,62.62,62.59,62.59,39.538322
2019-11-12 06:07:00,62.59,62.62,62.59,62.62,22.188191
2019-11-12 06:06:00,62.59,62.59,62.58,62.59,6.65034
2019-11-12 06:05:00,62.59,62.59,62.58,62.59,46.277977
2019-11-12 06:04:00,62.57,62.58,62.57,62.58,25.353061
2019-11-12 06:03:00,62.57,62.57,62.57,62.57,0.479463
2019-11-12 06:02:00,62.56,62.56,62.56,62.56,0.67319
2019-11-12 06:01:00,62.53,62.56,62.53,62.56,51.886587
2019-11-12 06:00:00,62.53,62.53,62.53,62.53,117.496617
2019-11-12 05:59:00,62.53,62.53,62.53,62.53,15.005491
2019-11-12 05:58:00,62.53,62.53,62.53,62.53,4.317129
2019-11-12 05:57:00,62.55,62.55,62.52,62.52,57.685701
2019-11-12 05:56:00,62.55,62.55,62.55,62.55,0
2019-11-12 05:55:00,62.56,62.56,62.54,62.55,57.238599
2019-11-12 05:54:00,62.55,62.56,62.55,62.56,44.548796
2019-11-12 05:53:00,62.54,62.54,62.54,62.54,4.23316
2019-11-12 05:52:00,62.54,62.54,62.54,62.54,78.5449
2019-11-12 05:51:00,62.54,62.54,62.53,62.54,488.761111
2019-11-12 05:50:00,62.54,62.55,62.52,62.54,73.480842
2019-11-12 05:49:00,62.49,62.54,62.49,62.52,124.42274
2019-11-12 05:48:00,62.48,62.48,62.48,62.48,41.196433
2019-11-12 05:47:00,62.47,62.47,62.47,62.47,0
2019-11-12 05:46:00,62.47,62.47,62.47,62.47,25.33425
2019-11-12 05:45:00,62.46,62.48,62.45,62.45,37.358543
2019-11-12 05:44:00,62.45,62.46,62.45,62.46,0.787455
2019-11-12 05:43:00,62.46,62.46,62.44,62.44,87.688812
2019-11-12 05:42:00,62.46,62.46,62.46,62.46,0.711552
2019-11-12 05:41:00,62.46,62.46,62.46,62.46,278.930137
2019-11-12 05:40:00,62.46,62.46,62.46,62.46,0
2019-11-12 05:39:00,62.46,62.46,62.46,62.46,0.111901
2019-11-12 05:38:00,62.47,62.47,62.47,62.47,0
2019-11-12 05:37:00,62.47,62.47,62.47,62.47,0
2019-11-12 05:36:00,62.47,62.47,62.45,62.47,71.066755
2019-11-12 05:35:00,62.46,62.48,62.44,62.47,281.826997
2019-11-12 05:34:00,62.47,62.47,62.45,62.45,4.383279
2019-11-12 05:33:00,62.47,62.47,62.47,62.47,0.766398
2019-11-12 05:32:00,62.45,62.48,62.45,62.47,13.308183
2019-11-12 05:31:00,62.43,62.45,62.43,62.45,197.588106
2019-11-12 05:30:00,62.41,62.41,62.41,62.41,2.98801
2019-11-12 05:29:00,62.41,62.41,62.38,62.39,219.448033
2019-11-12 05:28:00,62.43,62.43,62.41,62.41,0.02202
2019-11-12 05:27:00,62.41,62.43,62.41,62.41,3.257644
2019-11-12 05:26:00,62.4,62.46,62.4,62.4,533.018063
2019-11-12 05:25:00,62.38,62.4,62.37,62.39,370.439819
2019-11-12 05:24:00,62.38,62.38,62.36,62.36,35.0885
2019-11-12 05:23:00,62.32,62.38,62.32,62.36,543.861706
2019-11-12 05:22:00,62.24,62.32,62.24,62.32,13.602021
2019-11-12 05:21:00,62.29,62.29,62.28,62.28,28.788565
2019-11-12 05:20:00,62.19,62.28,62.19,62.28,72.548417
2019-11-12 05:19:00,62.25,62.25,62.23,62.25,0.056944
2019-11-12 05:18:00,62.26,62.26,62.26,62.26,37.950266
2019-11-12 05:17:00,62.28,62.28,62.25,62.25,32.946679
2019-11-12 05:16:00,62.24,62.26,62.24,62.26,115.167256
2019-11-12 05:15:00,62.26,62.26,62.24,62.25,614.505421
2019-11-12 05:14:00,62.27,62.27,62.24,62.24,31.060932
2019-11-12 05:13:00,62.26,62.27,62.26,62.26,232.813775
2019-11-12 05:12:00,62.32,62.32,62.26,62.27,32.021689
2019-11-12 05:11:00,62.31,62.32,62.31,62.32,4.15354
2019-11-12 05:10:00,62.31,62.31,62.31,62.31,1.7655
2019-11-12 05:09:00,62.31,62.31,62.27,62.29,145.104098
2019-11-12 05:08:00,62.32,62.32,62.31,62.31,59.556873
2019-11-12 05:07:00,62.29,62.34,62.29,62.34,147.58473
2019-11-12 05:06:00,62.31,62.31,62.31,62.31,0
2019-11-12 05:05:00,62.24,62.33,62.24,62.31,219.046587
2019-11-12 05:04:00,62.24,62.26,62.24,62.24,370.240958
2019-11-12 05:03:00,62.26,62.26,62.26,62.26,0
2019-11-12 05:02:00,62.25,62.26,62.25,62.26,232.066223
2019-11-12 05:01:00,62.26,62.26,62.25,62.26,0.067369
2019-11-12 05:00:00,62.23,62.29,62.23,62.26,153.728492
2019-11-12 04:59:00,62.22,62.23,62.22,62.23,41.587678
2019-11-12 04:58:00,62.19,62.22,62.18,62.22,154.986216
2019-11-12 04:57:00,62.22,62.22,62.18,62.18,43.474258
2019-11-12 04:56:00,62.21,62.25,62.21,62.25,87.595842
2019-11-12 04:55:00,62.2,62.26,62.2,62.24,33.215344
2019-11-12 04:54:00,62.18,62.18,62.18,62.18,131.477754
2019-11-12 04:53:00,62.12,62.21,62.12,62.21,875.693671
2019-11-12 04:52:00,62.15,62.15,62.12,62.12,245.641771
2019-11-12 04:51:00,62.21,62.21,62.16,62.16,468.128397
2019-11-12 04:50:00,62.21,62.22,62.21,62.22,140.060472
2019-11-12 04:49:00,62.21,62.23,62.21,62.23,70.554981
2019-11-12 04:48:00,62.27,62.27,62.2,62.22,606.164993
2019-11-12 04:47:00,62.28,62.28,62.28,62.28,0.035634
2019-11-12 04:46:00,62.25,62.29,62.19,62.28,901.841167
2019-11-12 04:45:00,62.3,62.3,62.26,62.26,305.723274
2019-11-12 04:44:00,62.29,62.32,62.29,62.3,34.944561
2019-11-12 04:43:00,62.31,62.31,62.28,62.29,42.025764
2019-11-12 04:42:00,62.32,62.35,62.31,62.31,149.789917
2019-11-12 04:41:00,62.26,62.32,62.26,62.32,129.194359
2019-11-12 04:40:00,62.24,62.31,62.24,62.3,624.792536
2019-11-12 04:39:00,62.25,62.25,62.23,62.23,224.855001
2019-11-12 04:38:00,62.27,62.28,62.27,62.28,57.254701
2019-11-12 04:37:00,62.29,62.29,62.24,62.29,264.025942
2019-11-12 04:36:00,62.27,62.3,62.27,62.3,29.999198
2019-11-12 04:35:00,62.22,62.28,62.22,62.28,33.889673
2019-11-12 04:34:00,62.23,62.26,62.23,62.26,347.096907
2019-11-12 04:33:00,62.28,62.28,62.26,62.26,5.506973
2019-11-12 04:32:00,62.25,62.32,62.25,62.32,228.975653
2019-11-12 04:31:00,62.23,62.24,62.22,62.22,167.954714
2019-11-12 04:30:00,62.24,62.24,62.21,62.21,216.644255
2019-11-12 04:29:00,62.28,62.28,62.25,62.25,2.106733
2019-11-12 04:28:00,62.29,62.29,62.29,62.29,0.01512
2019-11-12 04:27:00,62.31,62.31,62.29,62.29,197.654363
2019-11-12 04:26:00,62.29,62.34,62.29,62.31,154.574614
2019-11-12 04:25:00,62.29,62.29,62.29,62.29,96.14045
2019-11-12 04:24:00,62.3,62.3,62.29,62.29,75.439998
2019-11-12 04:23:00,62.3,62.3,62.3,62.3,75.508491
2019-11-12 04:22:00,62.31,62.31,62.31,62.31,156.489845
2019-11-12 04:21:00,62.32,62.33,62.31,62.31,81.787198
2019-11-12 04:20:00,62.3,62.35,62.3,62.35,34.514019
2019-11-12 04:19:00,62.34,62.34,62.31,62.31,12.57041
2019-11-12 04:18:00,62.35,62.37,62.34,62.34,156.916465
2019-11-12 04:17:00,62.34,62.37,62.34,62.35,83.352919
2019-11-12 04:16:00,62.35,62.4,62.35,62.35,56.689316
2019-11-12 04:15:00,62.34,62.34,62.34,62.34,0
2019-11-12 04:14:00,62.33,62.41,62.33,62.34,196.617542
2019-11-12 04:13:00,62.37,62.37,62.33,62.34,122.217045
2019-11-12 04:12:00,62.32,62.37,62.32,62.37,332.167055
2019-11-12 04:11:00,62.31,62.31,62.31,62.31,143.096818
2019-11-12 04:10:00,62.37,62.37,62.33,62.33,65.824132
2019-11-12 04:09:00,62.34,62.38,62.34,62.38,109.857984
2019-11-12 04:08:00,62.31,62.33,62.3,62.32,68.727974
2019-11-12 04:07:00,62.3,62.36,62.3,62.32,237.90077
2019-11-12 04:06:00,62.39,62.39,62.29,62.29,45.887415
2019-11-12 04:05:00,62.34,62.39,62.33,62.39,132.711307
2019-11-12 04:04:00,62.31,62.33,62.31,62.33,294.561476
2019-11-12 04:03:00,62.37,62.37,62.31,62.31,43.284804
2019-11-12 04:02:00,62.36,62.38,62.36,62.37,72.393728
2019-11-12 04:01:00,62.32,62.37,62.32,62.37,337.751488
2019-11-12 04:00:00,62.39,62.39,62.31,62.33,10.345816
2019-11-12 03:59:00,62.42,62.42,62.4,62.42,76.285604
2019-11-12 03:58:00,62.36,62.42,62.36,62.41,102.67543
2019-11-12 03:57:00,62.36,62.36,62.36,62.36,7.816113
2019-11-12 03:56:00,62.35,62.38,62.35,62.36,85.206912
2019-11-12 03:55:00,62.38,62.42,62.36,62.36,128.606263
2019-11-12 03:54:00,62.34,62.38,62.34,62.37,223.938844
2019-11-12 03:53:00,62.34,62.34,62.34,62.34,1.53167
2019-11-12 03:52:00,62.36,62.38,62.33,62.33,69.864207
2019-11-12 03:51:00,62.33,62.35,62.33,62.35,21.662068
2019-11-12 03:50:00,62.33,62.35,62.33,62.35,18.268047
2019-11-12 03:49:00,62.36,62.36,62.36,62.36,0.00755
2019-11-12 03:48:00,62.32,62.36,62.31,62.36,264.12569
2019-11-12 03:47:00,62.33,62.34,62.32,62.34,102.329055
2019-11-12 03:46:00,62.38,62.39,62.33,62.33,623.223474
2019-11-12 03:45:00,62.35,62.37,62.33,62.36,63.517651
2019-11-12 03:44:00,62.38,62.38,62.35,62.36,322.213835
2019-11-12 03:43:00,62.36,62.4,62.36,62.38,414.81589
2019-11-12 03:42:00,62.37,62.37,62.37,62.37,1.043309
2019-11-12 03:41:00,62.37,62.37,62.36,62.37,55.679652
2019-11-12 03:40:00,62.35,62.39,62.35,62.37,71.160508
2019-11-12 03:39:00,62.36,62.36,62.35,62.35,362.753517
2019-11-12 03:38:00,62.36,62.36,62.36,62.36,244.383926
2019-11-12 03:37:00,62.37,62.37,62.37,62.37,0.016033
2019-11-12 03:36:00,62.34,62.36,62.34,62.36,241.457271
2019-11-12 03:35:00,62.33,62.38,62.33,62.35,277.684426
2019-11-12 03:34:00,62.35,62.35,62.34,62.34,45.45876
2019-11-12 03:33:00,62.27,62.35,62.27,62.35,446.358996
2019-11-12 03:32:00,62.27,62.27,62.27,62.27,91.180436
2019-11-12 03:31:00,62.26,62.27,62.26,62.26,90.954647
2019-11-12 03:30:00,62.24,62.25,62.24,62.25,31.255233
2019-11-12 03:29:00,62.33,62.33,62.26,62.26,68.821093
2019-11-12 03:28:00,62.27,62.32,62.27,62.32,89.373738
2019-11-12 03:27:00,62.34,62.34,62.25,62.25,313.907629
2019-11-12 03:26:00,62.31,62.34,62.3,62.34,30.899042
2019-11-12 03:25:00,62.26,62.31,62.26,62.31,92.470133
2019-11-12 03:24:00,62.23,62.29,62.23,62.27,167.22913
2019-11-12 03:23:00,62.25,62.25,62.22,62.22,351.358795
2019-11-12 03:22:00,62.28,62.28,62.27,62.27,22.852872
2019-11-12 03:21:00,62.29,62.29,62.28,62.28,49.5121
2019-11-12 03:20:00,62.26,62.29,62.25,62.29,696.161543
2019-11-12 03:19:00,62.26,62.29,62.25,62.25,332.451135
2019-11-12 03:18:00,62.25,62.26,62.25,62.26,20.378445
2019-11-12 03:17:00,62.24,62.24,62.24,62.24,61.594238
2019-11-12 03:16:00,62.29,62.3,62.23,62.23,85.011992
2019-11-12 03:15:00,62.24,62.29,62.24,62.28,33.521927
2019-11-12 03:14:00,62.2,62.3,62.2,62.22,1005.248533
2019-11-12 03:13:00,62.25,62.25,62.18,62.19,267.411823
2019-11-12 03:12:00,62.22,62.27,62.21,62.25,149.386911
2019-11-12 03:11:00,62.17,62.22,62.17,62.22,22.394163
2019-11-12 03:10:00,62.17,62.17,62.17,62.17,0.4833
2019-11-12 03:09:00,62.21,62.21,62.15,62.16,111.050509
2019-11-12 03:08:00,62.21,62.22,62.15,62.2,449.266635
2019-11-12 03:07:00,62.19,62.19,62.19,62.19,70.301984
2019-11-12 03:06:00,62.22,62.22,62.17,62.17,230.88028
2019-11-12 03:05:00,62.24,62.26,62.17,62.2,389.39118
2019-11-12 03:04:00,62.29,62.29,62.18,62.24,2102.213419
2019-11-12 03:03:00,62.32,62.32,62.26,62.27,238.355482
2019-11-12 03:02:00,62.34,62.35,62.33,62.33,329.803421
2019-11-12 03:01:00,62.33,62.34,62.33,62.34,83.428788
2019-11-12 03:00:00,62.29,62.34,62.29,62.32,234.917981
2019-11-12 02:59:00,62.28,62.28,62.27,62.28,63.730197
2019-11-12 02:58:00,62.27,62.33,62.24,62.27,479.974905
2019-11-12 02:57:00,62.31,62.31,62.29,62.29,22.156624
2019-11-12 02:56:00,62.31,62.31,62.31,62.31,16.190458
2019-11-12 02:55:00,62.26,62.31,62.25,62.3,224.885083
2019-11-12 02:54:00,62.33,62.35,62.28,62.28,231.785148
2019-11-12 02:53:00,62.27,62.34,62.27,62.34,189.811337
2019-11-12 02:52:00,62.27,62.27,62.27,62.27,51.506919
2019-11-12 02:51:00,62.34,62.39,62.24,62.27,1026.887832
2019-11-12 02:50:00,62.17,62.32,62.16,62.32,1112.587899
2019-11-12 02:49:00,62.25,62.25,62.14,62.19,1130.07999
2019-11-12 02:48:00,62.29,62.31,62.25,62.25,232.979472
2019-11-12 02:47:00,62.35,62.35,62.26,62.26,258.368454
2019-11-12 02:46:00,62.27,62.34,62.27,62.34,859.339551
2019-11-12 02:45:00,62.21,62.26,62.21,62.26,271.836378
2019-11-12 02:44:00,62.28,62.35,62.23,62.23,949.01367
2019-11-12 02:43:00,62.23,62.29,62.23,62.27,161.990521
2019-11-12 02:42:00,62.2,62.23,62.2,62.22,207.462848
2019-11-12 02:41:00,62.2,62.2,62.17,62.17,117.052098
2019-11-12 02:40:00,62.16,62.2,62.16,62.2,18.21448
2019-11-12 02:39:00,62.18,62.21,62.13,62.14,601.026286
2019-11-12 02:38:00,62.14,62.17,62.14,62.16,202.038123
2019-11-12 02:37:00,62.14,62.14,62.13,62.13,72.446707
2019-11-12 02:36:00,62.14,62.22,62.11,62.13,873.665294
2019-11-12 02:35:00,62.12,62.14,62.12,62.14,32.546101
2019-11-12 02:34:00,62.11,62.11,62.11,62.11,29.5838
2019-11-12 02:33:00,62.09,62.09,62.09,62.09,0.83861
2019-11-12 02:32:00,62.08,62.08,62.08,62.08,0.3717
2019-11-12 02:31:00,62.09,62.09,62.08,62.08,0.489681
2019-11-12 02:30:00,62.06,62.12,62.06,62.11,173.184522
2019-11-12 02:29:00,62.09,62.11,62.06,62.08,248.785721
2019-11-12 02:28:00,61.97,62.07,61.97,62.07,511.006091
2019-11-12 02:27:00,62,62.06,62,62.01,87.970477
2019-11-12 02:26:00,61.99,62,61.99,61.99,237.345914
2019-11-12 02:25:00,62,62,62,62,95.210545
2019-11-12 02:24:00,62,62.02,62,62.02,260.243416
2019-11-12 02:23:00,62.03,62.08,62,62,171.499509
2019-11-12 02:22:00,61.95,62.05,61.95,62.05,266.787933
2019-11-12 02:21:00,62.01,62.01,61.97,61.97,217.511934
2019-11-12 02:20:00,62.01,62.01,62,62.01,3.780676
2019-11-12 02:19:00,62.01,62.01,62.01,62.01,42.080489
2019-11-12 02:18:00,62.01,62.01,62.01,62.01,25.205465
2019-11-12 02:17:00,62.04,62.04,62.02,62.02,589.632049
2019-11-12 02:16:00,62,62.07,61.99,62.04,224.225512
2019-11-12 02:15:00,61.96,61.97,61.96,61.97,19.450462
2019-11-12 02:14:00,61.94,61.94,61.93,61.94,67.044395
2019-11-12 02:13:00,61.96,61.96,61.93,61.94,271.53014
2019-11-12 02:12:00,61.87,61.97,61.87,61.97,900.304656
2019-11-12 02:11:00,61.9,61.9,61.86,61.87,34.009454
2019-11-12 02:10:00,61.91,61.91,61.9,61.9,17.38333
2019-11-12 02:09:00,61.91,61.93,61.91,61.91,16.22174
2019-11-12 02:08:00,61.93,61.93,61.9,61.9,76.854042
2019-11-12 02:07:00,61.9,61.93,61.9,61.92,110.503301
2019-11-12 02:06:00,61.92,61.92,61.88,61.91,274.324644
2019-11-12 02:05:00,61.92,61.93,61.88,61.93,230.661045
2019-11-12 02:04:00,61.92,61.96,61.92,61.94,173.433578
2019-11-12 02:03:00,61.88,61.92,61.81,61.91,160.201654
2019-11-12 02:02:00,61.87,61.89,61.87,61.88,131.950487
2019-11-12 02:01:00,61.93,61.93,61.88,61.88,116.229557
2019-11-12 02:00:00,62.02,62.02,61.9,61.94,1469.546245
2019-11-12 01:59:00,62.01,62.01,62,62,13.657078
2019-11-12 01:58:00,61.87,62.01,61.87,62,1129.814339
2019-11-12 01:57:00,61.94,61.94,61.87,61.88,872.205984
2019-11-12 01:56:00,62.02,62.02,61.95,61.95,224.544748
2019-11-12 01:55:00,61.95,62.02,61.92,62.02,653.48795
2019-11-12 01:54:00,61.97,61.98,61.96,61.96,74.96091
2019-11-12 01:53:00,62,62,61.99,61.99,105.589399
2019-11-12 01:52:00,62.02,62.02,61.99,61.99,44.280858
2019-11-12 01:51:00,62,62.03,62,62.03,197.139754
2019-11-12 01:50:00,62.05,62.06,62,62,235.291778
2019-11-12 01:49:00,62.07,62.07,62.07,62.07,39.422764
2019-11-12 01:48:00,62.09,62.09,62.04,62.04,186.499858
2019-11-12 01:47:00,62.05,62.05,62.05,62.05,29.1245
2019-11-12 01:46:00,62.06,62.07,62.01,62.03,156.265567
2019-11-12 01:45:00,62.04,62.09,62.03,62.07,245.184068
2019-11-12 01:44:00,61.96,62.04,61.96,62.04,49.369357
2019-11-12 01:43:00,62,62,61.94,61.96,86.015502
2019-11-12 01:42:00,61.93,62.01,61.93,62.01,136.969056
2019-11-12 01:41:00,62,62,61.93,61.93,62.223951
2019-11-12 01:40:00,61.97,61.99,61.94,61.99,205.611638
2019-11-12 01:39:00,62.04,62.04,61.98,61.98,1169.835682
2019-11-12 01:38:00,61.98,62.04,61.98,62.04,154.857307
2019-11-12 01:37:00,62.03,62.03,61.98,61.98,68.006616
2019-11-12 01:36:00,61.97,62.02,61.97,62.02,39.100982
2019-11-12 01:35:00,61.97,62.02,61.96,61.96,414.699458
2019-11-12 01:34:00,62.02,62.02,61.96,61.98,223.533062
2019-11-12 01:33:00,62.03,62.04,62.02,62.02,138.534146
2019-11-12 01:32:00,62.08,62.09,62.03,62.03,62.954124
2019-11-12 01:31:00,62.09,62.1,62.07,62.09,268.97228
2019-11-12 01:30:00,62.02,62.08,62.02,62.08,170.015955
2019-11-12 01:29:00,62.02,62.03,62.01,62.01,20.20148
2019-11-12 01:28:00,62.05,62.05,61.98,62.03,288.245878
2019-11-12 01:27:00,62.09,62.13,62.05,62.05,301.214252
2019-11-12 01:26:00,62.05,62.1,62.05,62.09,78.066055
2019-11-12 01:25:00,62,62.06,62,62.04,181.859748
2019-11-12 01:24:00,61.92,62.01,61.92,62,304.329208
2019-11-12 01:23:00,61.98,61.98,61.92,61.92,168.889649
2019-11-12 01:22:00,61.88,61.98,61.88,61.98,282.819094
2019-11-12 01:21:00,61.96,61.97,61.85,61.85,286.46875
2019-11-12 01:20:00,61.97,61.97,61.96,61.96,78.917262
2019-11-12 01:19:00,61.9,61.97,61.9,61.96,1025.216036
2019-11-12 01:18:00,61.99,61.99,61.9,61.9,503.073927
2019-11-12 01:17:00,62.04,62.04,61.99,61.99,180.333507
2019-11-12 01:16:00,62.04,62.04,62.04,62.04,1.348761
2019-11-12 01:15:00,62.04,62.04,62.04,62.04,0.552
2019-11-12 01:14:00,62.04,62.04,62.04,62.04,0.003025
2019-11-12 01:13:00,62.13,62.13,62.06,62.06,1119.637653
2019-11-12 01:12:00,62.13,62.13,62.11,62.11,67.448111
2019-11-12 01:11:00,62.13,62.15,62.13,62.14,46.068072
2019-11-12 01:10:00,62.13,62.13,62.13,62.13,9.226621
2019-11-12 01:09:00,62.12,62.13,62.12,62.13,53.235945
2019-11-12 01:08:00,62.1,62.12,62.08,62.12,238.912882
2019-11-12 01:07:00,62.1,62.11,62.1,62.11,124.600136
2019-11-12 01:06:00,62.09,62.11,62.09,62.1,30.955463
2019-11-12 01:05:00,62.14,62.14,62.09,62.1,27.405965
2019-11-12 01:04:00,62.14,62.17,62.14,62.16,130.810245
2019-11-12 01:03:00,62.11,62.14,62.11,62.13,97.180256
2019-11-12 01:02:00,62.11,62.11,62.11,62.11,6.089303
2019-11-12 01:01:00,62.09,62.09,62.09,62.09,85.27428
2019-11-12 01:00:00,62.08,62.08,62.06,62.08,84.582682
2019-11-12 00:59:00,62.07,62.08,62.07,62.08,30.960785
2019-11-12 00:58:00,62.11,62.12,62.09,62.09,90.052072
2019-11-12 00:57:00,62.2,62.21,62.11,62.12,398.666709
2019-11-12 00:56:00,62.14,62.21,62.14,62.2,298.732518
2019-11-12 00:55:00,62.08,62.13,62.08,62.13,365.173644
2019-11-12 00:54:00,62.1,62.1,62.05,62.08,158.988668
2019-11-12 00:53:00,62.05,62.11,62.05,62.1,30.239624
2019-11-12 00:52:00,62.02,62.04,62.02,62.04,4.955863
2019-11-12 00:51:00,62.05,62.06,62.03,62.03,178.949141
2019-11-12 00:50:00,62.04,62.05,62.03,62.05,5.129864
2019-11-12 00:49:00,62.1,62.12,62.09,62.09,261.268066
2019-11-12 00:48:00,62.04,62.11,62.04,62.11,96.247102
2019-11-12 00:47:00,62.12,62.12,62.07,62.07,67.516927
2019-11-12 00:46:00,62.12,62.12,62.12,62.12,32.192531
2019-11-12 00:45:00,62.1,62.12,62.1,62.12,19.18247
2019-11-12 00:44:00,62.06,62.09,62.05,62.09,134.956375
2019-11-12 00:43:00,62.04,62.05,62.03,62.05,43.234187
2019-11-12 00:42:00,62.05,62.05,62,62.02,237.387017
2019-11-12 00:41:00,62.04,62.04,62.02,62.04,99.303391
2019-11-12 00:40:00,62.1,62.13,62.06,62.06,237.965773
2019-11-12 00:39:00,62.04,62.1,62.04,62.1,73.19438
2019-11-12 00:38:00,62.06,62.06,62.02,62.03,83.102729
2019-11-12 00:37:00,62.01,62.06,62,62.06,175.946749
2019-11-12 00:36:00,62.04,62.04,62.01,62.01,18.296851
2019-11-12 00:35:00,62.04,62.06,62,62.03,626.193962
2019-11-12 00:34:00,62.08,62.08,62.04,62.04,132.199098
2019-11-12 00:33:00,62.01,62.1,62.01,62.05,2327.026209
2019-11-12 00:32:00,62.04,62.04,62.01,62.01,263.612509
2019-11-12 00:31:00,62.11,62.11,62.04,62.05,196.91328
2019-11-12 00:30:00,62.12,62.12,62.12,62.12,0.01075
2019-11-12 00:29:00,62.14,62.16,62.13,62.14,195.113284
2019-11-12 00:28:00,62.11,62.13,62.1,62.13,56.407776
2019-11-12 00:27:00,62.13,62.13,62.11,62.11,0.305032
2019-11-12 00:26:00,62.16,62.16,62.11,62.13,77.077852
2019-11-12 00:25:00,62.11,62.19,62.06,62.18,765.13327
2019-11-12 00:24:00,62.15,62.15,62.02,62.12,671.804963
2019-11-12 00:23:00,62.16,62.16,62.16,62.16,0.16902
2019-11-12 00:22:00,62.16,62.17,62.14,62.16,71.217497
2019-11-12 00:21:00,62.16,62.19,62.15,62.16,648.133371
2019-11-12 00:20:00,62.05,62.19,62.05,62.19,229.3828
2019-11-12 00:19:00,62.05,62.07,62.05,62.05,38.70754
2019-11-12 00:18:00,62.06,62.07,62.05,62.05,164.962951
2019-11-12 00:17:00,62.03,62.11,62.03,62.11,20.408873
2019-11-12 00:16:00,61.92,62.02,61.92,62.02,125.510438
2019-11-12 00:15:00,62.06,62.06,61.8,61.92,939.17324
2019-11-12 00:14:00,62.04,62.09,61.97,62.07,804.414822
2019-11-12 00:13:00,62.19,62.19,62.02,62.05,1511.226736
2019-11-12 00:12:00,62.21,62.24,62.18,62.18,398.298042
2019-11-12 00:11:00,62.18,62.25,62.18,62.22,991.537106
2019-11-12 00:10:00,62.16,62.22,62.16,62.2,110.425347
2019-11-12 00:09:00,62.16,62.21,62.14,62.14,214.282332
2019-11-12 00:08:00,62.16,62.16,62.16,62.16,6.275404
2019-11-12 00:07:00,62.18,62.22,62.18,62.22,408.727211
2019-11-12 00:06:00,62.27,62.27,62.19,62.19,1827.770708
2019-11-12 00:05:00,62.27,62.3,62.25,62.27,234.331097
2019-11-12 00:04:00,62.33,62.38,62.25,62.27,959.774505
2019-11-12 00:03:00,62.17,62.37,62.17,62.37,1885.777521
2019-11-12 00:02:00,61.93,62.18,61.9,62.18,1208.002037
2019-11-12 00:01:00,62,62,61.92,61.93,659.903614
2019-11-12 00:00:00,62.11,62.11,61.96,62,879.037366
