2019-11-02 23:59:00,183.78,183.98,183.71,183.97,256.581382
2019-11-02 23:58:00,183.69,183.79,183.69,183.79,285.112343
2019-11-02 23:57:00,183.68,183.73,183.68,183.69,43.608417
2019-11-02 23:56:00,183.73,183.74,183.63,183.67,115.803763
2019-11-02 23:55:00,183.71,183.75,183.66,183.73,72.050461
2019-11-02 23:54:00,183.72,183.76,183.62,183.68,36.660703
2019-11-02 23:53:00,183.71,183.73,183.64,183.71,32.313957
2019-11-02 23:52:00,183.7,183.77,183.69,183.72,33.482985
2019-11-02 23:51:00,183.63,183.73,183.59,183.71,8.149185
2019-11-02 23:50:00,183.57,183.65,183.56,183.63,142.173138
2019-11-02 23:49:00,183.46,183.55,183.45,183.55,128.86094
2019-11-02 23:48:00,183.45,183.46,183.45,183.46,25.234465
2019-11-02 23:47:00,183.38,183.38,183.33,183.38,8.411037
2019-11-02 23:46:00,183.31,183.37,183.31,183.37,127.098253
2019-11-02 23:45:00,183.31,183.36,183.3,183.31,19.773574
2019-11-02 23:44:00,183.2,183.32,183.2,183.3,25.090462
2019-11-02 23:43:00,183.36,183.36,183.21,183.21,40.677123
2019-11-02 23:42:00,183.3,183.37,183.3,183.37,1.592797
2019-11-02 23:41:00,183.27,183.31,183.27,183.29,16.002238
2019-11-02 23:40:00,183.4,183.4,183.3,183.3,44.488378
2019-11-02 23:39:00,183.42,183.42,183.39,183.39,68.998321
2019-11-02 23:38:00,183.47,183.49,183.42,183.42,15.466648
2019-11-02 23:37:00,183.48,183.48,183.47,183.47,1.004097
2019-11-02 23:36:00,183.42,183.53,183.42,183.52,37.923451
2019-11-02 23:35:00,183.27,183.42,183.27,183.42,115.925463
2019-11-02 23:34:00,183.24,183.32,183.24,183.27,20.279266
2019-11-02 23:33:00,183.22,183.29,183.2,183.23,17.48189
2019-11-02 23:32:00,183.21,183.28,183.11,183.22,114.619908
2019-11-02 23:31:00,183.18,183.18,183.17,183.18,75.096515
2019-11-02 23:30:00,183.05,183.18,183.05,183.18,12.694058
2019-11-02 23:29:00,183.1,183.13,183.05,183.05,13.151964
2019-11-02 23:28:00,182.96,183.1,182.85,183.1,81.287478
2019-11-02 23:27:00,183.01,183.02,182.96,182.96,52.238489
2019-11-02 23:26:00,183.17,183.22,183,183,434.169113
2019-11-02 23:25:00,183.17,183.24,183.17,183.21,4.429573
2019-11-02 23:24:00,183.28,183.28,183.17,183.17,19.306682
2019-11-02 23:23:00,183.27,183.3,183.27,183.28,72.351979
2019-11-02 23:22:00,183.1,183.27,183.1,183.27,120.777222
2019-11-02 23:21:00,183.19,183.19,183.08,183.14,19.986385
2019-11-02 23:20:00,183.03,183.19,183.03,183.19,30.577994
2019-11-02 23:19:00,182.99,183.04,182.94,183.04,57.315926
2019-11-02 23:18:00,182.97,183,182.97,183,4.709585
2019-11-02 23:17:00,183.03,183.08,182.97,182.98,131.624501
2019-11-02 23:16:00,182.95,183.03,182.95,183,2.508277
2019-11-02 23:15:00,183,183,182.89,182.95,35.373809
2019-11-02 23:14:00,183.01,183.02,182.95,183,52.171184
2019-11-02 23:13:00,182.94,182.99,182.94,182.99,13.676822
2019-11-02 23:12:00,182.84,182.96,182.84,182.93,218.152733
2019-11-02 23:11:00,182.95,182.95,182.58,182.85,604.723187
2019-11-02 23:10:00,183.03,183.03,182.96,182.96,47.714313
2019-11-02 23:09:00,183.09,183.13,183.04,183.04,107.140802
2019-11-02 23:08:00,183.14,183.17,183.09,183.11,37.493029
2019-11-02 23:07:00,183.19,183.19,183.06,183.14,98.652872
2019-11-02 23:06:00,183.15,183.15,183.15,183.15,0.190262
2019-11-02 23:05:00,183.12,183.19,183.12,183.15,31.549298
2019-11-02 23:04:00,183.2,183.24,183.13,183.14,104.857899
2019-11-02 23:03:00,183.31,183.31,183.22,183.22,23.937877
2019-11-02 23:02:00,183.26,183.33,183.26,183.32,3.769165
2019-11-02 23:01:00,183.25,183.26,183.24,183.26,12.822151
2019-11-02 23:00:00,183.12,183.32,183.1,183.25,267.387934
2019-11-02 22:59:00,183.14,183.18,183.11,183.12,106.96387
2019-11-02 22:58:00,183.2,183.26,183.14,183.14,53.792388
2019-11-02 22:57:00,183.26,183.27,183.13,183.21,182.563627
2019-11-02 22:56:00,183.36,183.36,183.25,183.26,97.972818
2019-11-02 22:55:00,183.35,183.36,183.32,183.35,10.190101
2019-11-02 22:54:00,183.36,183.36,183.36,183.36,31.444055
2019-11-02 22:53:00,183.28,183.34,183.28,183.34,59.460502
2019-11-02 22:52:00,183.34,183.34,183.28,183.28,76.156306
2019-11-02 22:51:00,183.36,183.36,183.3,183.35,56.293279
2019-11-02 22:50:00,183.36,183.36,183.35,183.36,99.614524
2019-11-02 22:49:00,183.35,183.44,183.35,183.35,114.85777
2019-11-02 22:48:00,183.32,183.35,183.32,183.35,4.896648
2019-11-02 22:47:00,183.41,183.41,183.32,183.32,6.356196
2019-11-02 22:46:00,183.42,183.42,183.4,183.41,2.337158
2019-11-02 22:45:00,183.31,183.43,183.3,183.43,12.641759
2019-11-02 22:44:00,183.45,183.5,183.23,183.27,188.113121
2019-11-02 22:43:00,183.64,183.64,183.46,183.46,107.620414
2019-11-02 22:42:00,183.58,183.6,183.57,183.6,26.721247
2019-11-02 22:41:00,183.57,183.59,183.54,183.58,3.354367
2019-11-02 22:40:00,183.74,183.74,183.61,183.61,21.01033
2019-11-02 22:39:00,183.65,183.74,183.6,183.74,84.982485
2019-11-02 22:38:00,183.79,183.79,183.65,183.67,47.848446
2019-11-02 22:37:00,183.75,183.84,183.75,183.79,38.111659
2019-11-02 22:36:00,183.76,183.77,183.67,183.75,276.941058
2019-11-02 22:35:00,183.75,183.78,183.69,183.77,18.190827
2019-11-02 22:34:00,183.84,183.84,183.72,183.75,9.303825
2019-11-02 22:33:00,183.79,183.86,183.79,183.84,8.189322
2019-11-02 22:32:00,183.91,183.91,183.76,183.79,360.291062
2019-11-02 22:31:00,183.91,184,183.9,183.92,55.218838
2019-11-02 22:30:00,183.92,183.97,183.88,183.91,74.681708
2019-11-02 22:29:00,183.94,183.94,183.92,183.93,18.549386
2019-11-02 22:28:00,183.85,183.94,183.85,183.94,2.680158
2019-11-02 22:27:00,183.79,183.86,183.72,183.86,15.844953
2019-11-02 22:26:00,183.83,183.83,183.79,183.79,16.608855
2019-11-02 22:25:00,183.74,183.84,183.73,183.83,32.690975
2019-11-02 22:24:00,183.78,183.82,183.7,183.77,31.484148
2019-11-02 22:23:00,183.83,183.85,183.78,183.78,35.185471
2019-11-02 22:22:00,183.75,183.87,183.75,183.84,38.052325
2019-11-02 22:21:00,183.75,183.83,183.75,183.77,90.951738
2019-11-02 22:20:00,183.68,183.74,183.68,183.74,168.545779
2019-11-02 22:19:00,183.52,183.69,183.52,183.68,6.003002
2019-11-02 22:18:00,183.49,183.52,183.48,183.48,52.928583
2019-11-02 22:17:00,183.64,183.64,183.49,183.49,182.972409
2019-11-02 22:16:00,183.66,183.71,183.58,183.63,172.01172
2019-11-02 22:15:00,183.59,183.67,183.59,183.61,138.327008
2019-11-02 22:14:00,183.57,183.6,183.48,183.6,79.872079
2019-11-02 22:13:00,183.62,183.62,183.57,183.57,1.551803
2019-11-02 22:12:00,183.65,183.65,183.57,183.61,23.679063
2019-11-02 22:11:00,183.64,183.65,183.63,183.65,25.371265
2019-11-02 22:10:00,183.46,183.65,183.45,183.61,515.235051
2019-11-02 22:09:00,183.46,183.46,183.37,183.45,72.415567
2019-11-02 22:08:00,183.47,183.51,183.38,183.46,111.488164
2019-11-02 22:07:00,183.59,183.59,183.42,183.48,206.976787
2019-11-02 22:06:00,183.61,183.62,183.5,183.59,128.191063
2019-11-02 22:05:00,183.64,183.67,183.6,183.62,111.754446
2019-11-02 22:04:00,183.89,183.89,183.62,183.65,191.097342
2019-11-02 22:03:00,183.86,183.95,183.86,183.89,50.868062
2019-11-02 22:02:00,183.89,183.89,183.81,183.86,28.273944
2019-11-02 22:01:00,184.08,184.08,183.92,183.92,95.628411
2019-11-02 22:00:00,184.03,184.27,183.96,184.07,1127.57114
2019-11-02 21:59:00,184.05,184.17,184.02,184.03,188.574442
2019-11-02 21:58:00,184,184.06,184,184.06,44.295622
2019-11-02 21:57:00,184.03,184.09,184.01,184.01,68.701851
2019-11-02 21:56:00,183.96,184.16,183.96,184.06,96.816998
2019-11-02 21:55:00,183.88,184.06,183.85,183.95,162.668866
2019-11-02 21:54:00,183.85,183.92,183.85,183.87,22.903514
2019-11-02 21:53:00,183.97,183.98,183.85,183.85,90.182646
2019-11-02 21:52:00,183.98,184.07,183.97,183.98,169.487429
2019-11-02 21:51:00,183.92,184.15,183.92,183.98,527.258554
2019-11-02 21:50:00,183.9,183.92,183.87,183.91,44.972027
2019-11-02 21:49:00,183.76,184.01,183.76,183.9,161.851555
2019-11-02 21:48:00,183.77,183.78,183.77,183.77,5.544965
2019-11-02 21:47:00,183.65,183.78,183.63,183.78,77.401864
2019-11-02 21:46:00,183.68,183.69,183.63,183.65,42.147296
2019-11-02 21:45:00,183.64,183.7,183.64,183.69,35.482148
2019-11-02 21:44:00,183.68,183.75,183.64,183.64,68.065579
2019-11-02 21:43:00,183.55,183.69,183.53,183.69,93.687538
2019-11-02 21:42:00,183.64,183.64,183.49,183.53,64.459013
2019-11-02 21:41:00,183.63,183.67,183.59,183.65,32.513229
2019-11-02 21:40:00,183.63,183.68,183.59,183.63,117.392092
2019-11-02 21:39:00,183.52,183.63,183.52,183.58,10.610134
2019-11-02 21:38:00,183.52,183.67,183.51,183.55,39.79099
2019-11-02 21:37:00,183.58,183.65,183.47,183.52,130.472784
2019-11-02 21:36:00,183.48,183.68,183.48,183.56,154.987138
2019-11-02 21:35:00,183.38,183.49,183.37,183.48,88.868025
2019-11-02 21:34:00,183.5,183.59,183.37,183.38,393.98856
2019-11-02 21:33:00,183.5,183.51,183.5,183.51,20.641136
2019-11-02 21:32:00,183.51,183.57,183.5,183.51,201.63966
2019-11-02 21:31:00,183.46,183.6,183.46,183.51,179.48121
2019-11-02 21:30:00,183.38,183.46,183.38,183.46,66.054076
2019-11-02 21:29:00,183.27,183.38,183.27,183.38,29.512374
2019-11-02 21:28:00,183.27,183.27,183.26,183.27,8.913584
2019-11-02 21:27:00,183.34,183.34,183.25,183.27,59.535515
2019-11-02 21:26:00,183.22,183.37,183.22,183.33,98.636099
2019-11-02 21:25:00,183.22,183.22,183.21,183.22,44.709382
2019-11-02 21:24:00,183.14,183.24,183.13,183.2,125.424857
2019-11-02 21:23:00,183.25,183.25,183.13,183.14,430.820714
2019-11-02 21:22:00,183.25,183.25,183.24,183.24,8.199786
2019-11-02 21:21:00,183.29,183.38,183.25,183.25,47.986063
2019-11-02 21:20:00,183.24,183.34,183.24,183.29,171.142548
2019-11-02 21:19:00,183.4,183.4,183.23,183.24,180.666669
2019-11-02 21:18:00,183.32,183.43,183.32,183.41,207.019546
2019-11-02 21:17:00,183.44,183.44,183.34,183.35,21.030124
2019-11-02 21:16:00,183.57,183.58,183.4,183.44,43.948341
2019-11-02 21:15:00,183.41,183.63,183.38,183.57,137.59293
2019-11-02 21:14:00,183.35,183.48,183.34,183.43,539.77346
2019-11-02 21:13:00,183.47,183.5,183.31,183.39,336.010162
2019-11-02 21:12:00,183.38,183.6,183.38,183.53,57.113977
2019-11-02 21:11:00,183.6,183.6,183.3,183.36,39.314428
2019-11-02 21:10:00,183.72,183.75,183.59,183.59,218.254928
2019-11-02 21:09:00,183.6,183.74,183.6,183.71,150.395765
2019-11-02 21:08:00,183.56,183.61,183.56,183.6,150.154863
2019-11-02 21:07:00,183.58,183.66,183.54,183.57,81.72646
2019-11-02 21:06:00,183.35,183.58,183.35,183.58,207.169095
2019-11-02 21:05:00,183.4,183.41,183.28,183.33,125.309635
2019-11-02 21:04:00,183.61,183.61,183.36,183.4,251.921567
2019-11-02 21:03:00,183.56,183.77,183.49,183.6,595.119255
2019-11-02 21:02:00,183.46,183.55,183.39,183.55,179.743859
2019-11-02 21:01:00,183.5,183.59,183.47,183.47,317.633249
2019-11-02 21:00:00,183.32,183.52,183.32,183.49,57.177406
2019-11-02 20:59:00,183.47,183.47,183.23,183.32,495.885526
2019-11-02 20:58:00,183.36,183.53,183.28,183.47,462.105986
2019-11-02 20:57:00,183.23,183.38,183.18,183.36,76.45148
2019-11-02 20:56:00,183.25,183.26,183.22,183.23,115.512442
2019-11-02 20:55:00,183.1,183.33,183.1,183.25,64.374501
2019-11-02 20:54:00,182.96,183.13,182.96,183.1,36.895873
2019-11-02 20:53:00,183.03,183.08,182.89,182.95,37.33249
2019-11-02 20:52:00,183,183.09,182.95,183.03,308.897018
2019-11-02 20:51:00,182.83,183,182.8,183,45.420138
2019-11-02 20:50:00,183.09,183.09,182.84,182.84,77.945815
2019-11-02 20:49:00,183.15,183.15,182.99,183.09,203.215571
2019-11-02 20:48:00,183.04,183.25,183.02,183.15,351.806548
2019-11-02 20:47:00,182.94,183.13,182.94,183.04,197.283918
2019-11-02 20:46:00,182.91,182.95,182.91,182.95,18.679201
2019-11-02 20:45:00,182.91,182.91,182.9,182.91,39.994767
2019-11-02 20:44:00,182.87,182.91,182.87,182.91,29.144756
2019-11-02 20:43:00,182.75,182.91,182.75,182.87,69.164078
2019-11-02 20:42:00,182.79,182.84,182.73,182.75,34.08431
2019-11-02 20:41:00,182.9,182.9,182.73,182.79,133.911288
2019-11-02 20:40:00,182.91,182.91,182.9,182.91,115.96386
2019-11-02 20:39:00,182.9,182.91,182.85,182.91,23.400567
2019-11-02 20:38:00,182.9,182.94,182.87,182.88,7.295855
2019-11-02 20:37:00,182.9,182.9,182.78,182.88,18.67568
2019-11-02 20:36:00,182.75,182.95,182.75,182.95,24.97206
2019-11-02 20:35:00,182.75,182.8,182.75,182.79,30.397415
2019-11-02 20:34:00,182.72,182.89,182.64,182.76,61.147443
2019-11-02 20:33:00,182.61,182.81,182.56,182.72,506.658742
2019-11-02 20:32:00,182.56,182.57,182.55,182.57,1.265199
2019-11-02 20:31:00,182.65,182.66,182.52,182.56,119.372722
2019-11-02 20:30:00,182.66,182.66,182.65,182.66,39.14254
2019-11-02 20:29:00,182.7,182.7,182.66,182.67,25.003778
2019-11-02 20:28:00,182.66,182.7,182.66,182.7,5.473004
2019-11-02 20:27:00,182.69,182.7,182.65,182.66,58.210394
2019-11-02 20:26:00,182.59,182.7,182.59,182.7,15.119038
2019-11-02 20:25:00,182.65,182.65,182.58,182.59,62.659088
2019-11-02 20:24:00,182.59,182.67,182.57,182.64,45.565944
2019-11-02 20:23:00,182.63,182.66,182.56,182.65,54.385608
2019-11-02 20:22:00,182.67,182.68,182.64,182.64,47.446837
2019-11-02 20:21:00,182.62,182.71,182.57,182.68,17.677498
2019-11-02 20:20:00,182.58,182.69,182.56,182.63,18.169325
2019-11-02 20:19:00,182.6,182.65,182.55,182.58,18.814635
2019-11-02 20:18:00,182.72,182.76,182.54,182.61,87.789101
2019-11-02 20:17:00,182.65,182.79,182.65,182.7,20.327496
2019-11-02 20:16:00,182.68,182.69,182.65,182.66,63.272986
2019-11-02 20:15:00,182.73,182.77,182.64,182.69,107.40731
2019-11-02 20:14:00,182.52,182.82,182.52,182.74,34.328043
2019-11-02 20:13:00,182.53,182.69,182.53,182.57,13.122193
2019-11-02 20:12:00,182.6,182.72,182.49,182.58,96.760228
2019-11-02 20:11:00,182.49,182.68,182.49,182.6,26.485223
2019-11-02 20:10:00,182.67,182.71,182.51,182.54,133.513164
2019-11-02 20:09:00,182.37,182.62,182.36,182.62,159.263279
2019-11-02 20:08:00,182.21,182.62,182.21,182.38,619.979952
2019-11-02 20:07:00,182.25,182.38,182.19,182.22,340.702008
2019-11-02 20:06:00,182.13,182.42,182.01,182.22,437.745262
2019-11-02 20:05:00,182.46,182.46,181.65,182.13,2131.355705
2019-11-02 20:04:00,183.32,183.39,182.4,182.4,1009.16416
2019-11-02 20:03:00,183.34,183.54,183.3,183.36,719.130735
2019-11-02 20:02:00,182.93,183.44,182.88,183.34,846.938108
2019-11-02 20:01:00,182.89,182.92,182.84,182.92,40.500446
2019-11-02 20:00:00,182.75,182.88,182.75,182.88,71.828039
2019-11-02 19:59:00,182.82,182.82,182.64,182.74,56.383079
2019-11-02 19:58:00,182.87,182.87,182.82,182.82,21.433589
2019-11-02 19:57:00,182.83,182.87,182.83,182.87,30.749194
2019-11-02 19:56:00,182.79,182.89,182.79,182.82,44.299526
2019-11-02 19:55:00,182.77,182.82,182.76,182.78,38.850084
2019-11-02 19:54:00,182.68,182.77,182.68,182.77,13.704245
2019-11-02 19:53:00,182.77,182.77,182.64,182.68,60.504216
2019-11-02 19:52:00,182.86,182.87,182.76,182.77,127.570019
2019-11-02 19:51:00,182.91,182.92,182.86,182.87,41.323304
2019-11-02 19:50:00,182.86,182.9,182.86,182.9,95.888343
2019-11-02 19:49:00,182.89,182.97,182.82,182.86,279.283537
2019-11-02 19:48:00,182.92,183,182.88,182.94,576.036213
2019-11-02 19:47:00,182.87,182.95,182.83,182.93,152.714207
2019-11-02 19:46:00,182.74,182.89,182.74,182.87,23.811382
2019-11-02 19:45:00,182.73,182.74,182.73,182.74,9.743157
2019-11-02 19:44:00,182.8,182.8,182.73,182.73,20.726211
2019-11-02 19:43:00,182.77,182.81,182.72,182.8,21.287995
2019-11-02 19:42:00,182.72,182.78,182.72,182.78,78.778039
2019-11-02 19:41:00,182.73,182.77,182.72,182.75,25.655559
2019-11-02 19:40:00,182.72,182.73,182.72,182.72,8.037847
2019-11-02 19:39:00,182.79,182.8,182.78,182.78,37.399013
2019-11-02 19:38:00,182.6,182.75,182.6,182.75,218.664264
2019-11-02 19:37:00,182.56,182.68,182.56,182.6,6.507344
2019-11-02 19:36:00,182.49,182.58,182.49,182.55,37.233407
2019-11-02 19:35:00,182.53,182.53,182.48,182.48,6.768662
2019-11-02 19:34:00,182.51,182.54,182.51,182.54,8.326067
2019-11-02 19:33:00,182.69,182.69,182.5,182.5,79.211714
2019-11-02 19:32:00,182.6,182.72,182.6,182.69,6.664845
2019-11-02 19:31:00,182.55,182.59,182.55,182.59,8.764317
2019-11-02 19:30:00,182.7,182.71,182.6,182.6,1.857009
2019-11-02 19:29:00,182.53,182.71,182.53,182.71,40.440921
2019-11-02 19:28:00,182.6,182.6,182.53,182.53,65.015041
2019-11-02 19:27:00,182.74,182.77,182.6,182.6,80.745561
2019-11-02 19:26:00,182.81,182.81,182.74,182.74,3.3325
2019-11-02 19:25:00,182.74,182.81,182.73,182.81,10.489113
2019-11-02 19:24:00,182.8,182.87,182.72,182.74,42.980644
2019-11-02 19:23:00,182.8,182.87,182.71,182.79,544.864576
2019-11-02 19:22:00,182.85,182.89,182.74,182.85,130.708306
2019-11-02 19:21:00,182.58,182.9,182.58,182.9,244.601931
2019-11-02 19:20:00,182.78,182.83,182.57,182.58,144.762219
2019-11-02 19:19:00,183.15,183.15,182.78,182.78,196.865079
2019-11-02 19:18:00,183.08,183.17,183.04,183.15,67.259057
2019-11-02 19:17:00,182.89,183.13,182.89,183.11,228.770545
2019-11-02 19:16:00,182.87,182.93,182.87,182.89,6.287062
2019-11-02 19:15:00,182.78,182.95,182.78,182.87,41.555933
2019-11-02 19:14:00,182.67,182.78,182.67,182.78,24.057791
2019-11-02 19:13:00,182.54,182.73,182.54,182.67,64.756093
2019-11-02 19:12:00,182.57,182.57,182.54,182.54,8.44917
2019-11-02 19:11:00,182.5,182.59,182.5,182.56,267.677006
2019-11-02 19:10:00,182.42,182.55,182.42,182.5,70.471527
2019-11-02 19:09:00,182.45,182.45,182.35,182.42,227.063321
2019-11-02 19:08:00,182.53,182.53,182.44,182.45,12.449125
2019-11-02 19:07:00,182.52,182.58,182.41,182.54,43.6299
2019-11-02 19:06:00,182.59,182.6,182.51,182.52,26.800519
2019-11-02 19:05:00,182.5,182.73,182.5,182.6,682.392411
2019-11-02 19:04:00,182.49,182.56,182.43,182.5,252.020614
2019-11-02 19:03:00,182.34,182.48,182.33,182.45,137.046657
2019-11-02 19:02:00,182.29,182.35,182.29,182.29,6.650785
2019-11-02 19:01:00,182.26,182.32,182.25,182.32,83.601456
2019-11-02 19:00:00,182.25,182.26,182.25,182.26,34.950756
2019-11-02 18:59:00,182.25,182.26,182.25,182.25,175.413672
2019-11-02 18:58:00,182.23,182.26,182.23,182.26,27.576824
2019-11-02 18:57:00,182.16,182.24,182.16,182.24,133.195663
2019-11-02 18:56:00,182.24,182.24,182.16,182.16,18.154707
2019-11-02 18:55:00,182.24,182.26,182.23,182.24,121.287775
2019-11-02 18:54:00,182.25,182.25,182.24,182.24,98.144515
2019-11-02 18:53:00,182.27,182.27,182.25,182.25,52.124777
2019-11-02 18:52:00,182.23,182.28,182.23,182.28,52.9347
2019-11-02 18:51:00,182.31,182.32,182.23,182.23,75.618014
2019-11-02 18:50:00,182.25,182.32,182.25,182.31,33.960762
2019-11-02 18:49:00,182.32,182.32,182.25,182.25,34.051892
2019-11-02 18:48:00,182.33,182.34,182.32,182.32,15.109424
2019-11-02 18:47:00,182.33,182.33,182.31,182.33,256.612884
2019-11-02 18:46:00,182.38,182.39,182.28,182.33,87.960505
2019-11-02 18:45:00,182.38,182.39,182.34,182.39,12.994195
2019-11-02 18:44:00,182.32,182.41,182.32,182.37,30.393728
2019-11-02 18:43:00,182.28,182.33,182.28,182.32,51.399999
2019-11-02 18:42:00,182.32,182.32,182.28,182.28,155.195618
2019-11-02 18:41:00,182.33,182.33,182.31,182.31,91.437074
2019-11-02 18:40:00,182.3,182.32,182.29,182.32,39.090976
2019-11-02 18:39:00,182.24,182.3,182.24,182.3,67.137512
2019-11-02 18:38:00,182.22,182.29,182.21,182.24,116.506451
2019-11-02 18:37:00,182.28,182.28,182.21,182.22,32.740445
2019-11-02 18:36:00,182.17,182.32,182.17,182.3,73.672915
2019-11-02 18:35:00,182.07,182.2,182.07,182.17,120.170719
2019-11-02 18:34:00,182.05,182.08,182.05,182.07,211.8153
2019-11-02 18:33:00,182.04,182.07,182.04,182.05,145.785821
2019-11-02 18:32:00,182.04,182.04,182.04,182.04,2.452051
2019-11-02 18:31:00,182.01,182.04,182,182.04,87.680604
2019-11-02 18:30:00,182.01,182.01,182.01,182.01,12.409876
2019-11-02 18:29:00,182.07,182.07,182,182.03,33.751231
2019-11-02 18:28:00,182.07,182.08,182.01,182.06,90.034038
2019-11-02 18:27:00,181.95,182.08,181.94,182.07,50.459995
2019-11-02 18:26:00,182,182.02,181.94,181.95,49.187218
2019-11-02 18:25:00,182.02,182.05,181.99,182,246.661524
2019-11-02 18:24:00,182.04,182.07,182,182,1.21472
2019-11-02 18:23:00,182.08,182.08,182.03,182.04,10.715369
2019-11-02 18:22:00,182.08,182.09,182.07,182.08,94.280947
2019-11-02 18:21:00,182.01,182.08,182,182.08,20.508958
2019-11-02 18:20:00,182.05,182.05,182.01,182.01,9.176111
2019-11-02 18:19:00,182.08,182.11,182.04,182.05,49.56265
2019-11-02 18:18:00,182.05,182.08,182.01,182.08,80.926088
2019-11-02 18:17:00,182.03,182.12,182.02,182.06,31.226351
2019-11-02 18:16:00,181.94,182.04,181.94,182.03,20.748503
2019-11-02 18:15:00,181.9,181.95,181.89,181.94,74.452643
2019-11-02 18:14:00,181.81,181.9,181.8,181.89,106.632324
2019-11-02 18:13:00,181.82,181.86,181.8,181.81,14.857505
2019-11-02 18:12:00,181.82,181.84,181.82,181.83,32.560399
2019-11-02 18:11:00,181.81,181.81,181.81,181.81,11.339979
2019-11-02 18:10:00,181.82,181.83,181.81,181.81,54.005493
2019-11-02 18:09:00,181.83,181.83,181.82,181.82,2.875894
2019-11-02 18:08:00,181.84,181.85,181.81,181.82,14.167186
2019-11-02 18:07:00,181.84,181.85,181.76,181.84,148.124473
2019-11-02 18:06:00,181.81,181.85,181.81,181.84,26.680754
2019-11-02 18:05:00,181.83,181.83,181.81,181.81,12.80955
2019-11-02 18:04:00,181.91,181.92,181.84,181.85,32.892252
2019-11-02 18:03:00,181.91,181.92,181.91,181.91,116.450398
2019-11-02 18:02:00,181.89,181.91,181.86,181.86,4.52604
2019-11-02 18:01:00,181.85,181.89,181.85,181.89,15.977603
2019-11-02 18:00:00,181.9,181.9,181.83,181.86,9.053867
2019-11-02 17:59:00,181.87,181.91,181.87,181.91,11.127857
2019-11-02 17:58:00,181.82,181.87,181.82,181.86,7.281053
2019-11-02 17:57:00,181.86,181.86,181.78,181.83,24.489892
2019-11-02 17:56:00,181.94,181.94,181.75,181.85,263.407051
2019-11-02 17:55:00,181.98,181.98,181.9,181.94,30.975585
2019-11-02 17:54:00,181.97,182.02,181.97,181.97,3.065828
2019-11-02 17:53:00,182.01,182.01,181.9,181.92,117.496328
2019-11-02 17:52:00,182.01,182.05,182,182,15.499657
2019-11-02 17:51:00,182.08,182.08,182,182,11.569981
2019-11-02 17:50:00,182.08,182.08,182.01,182.05,31.187907
2019-11-02 17:49:00,182.05,182.08,182,182.08,58.44387
2019-11-02 17:48:00,182.13,182.13,182.02,182.05,243.333098
2019-11-02 17:47:00,182.1,182.18,182.1,182.14,81.585274
2019-11-02 17:46:00,182.01,182.08,182.01,182.08,14.857557
2019-11-02 17:45:00,181.97,182.01,181.97,182.01,0.934199
2019-11-02 17:44:00,182.13,182.13,181.97,182,6.449833
2019-11-02 17:43:00,182.13,182.14,182.09,182.13,28.788014
2019-11-02 17:42:00,182.17,182.17,182.1,182.14,4.58579
2019-11-02 17:41:00,182.2,182.2,182.09,182.13,17.015838
2019-11-02 17:40:00,182.2,182.2,182.15,182.2,3.893955
2019-11-02 17:39:00,182.21,182.21,182.12,182.18,10.963776
2019-11-02 17:38:00,182.14,182.21,182.13,182.21,62.012836
2019-11-02 17:37:00,182.23,182.26,182.13,182.14,232.521468
2019-11-02 17:36:00,182.26,182.31,182.22,182.24,33.228582
2019-11-02 17:35:00,182.26,182.28,182.19,182.26,85.268046
2019-11-02 17:34:00,182.2,182.29,182.19,182.24,111.072455
2019-11-02 17:33:00,182.19,182.2,182.19,182.2,43.25212
2019-11-02 17:32:00,182.19,182.24,182.17,182.19,93.85623
2019-11-02 17:31:00,182.32,182.32,182.18,182.19,12.852348
2019-11-02 17:30:00,182.4,182.42,182.32,182.32,83.59449
2019-11-02 17:29:00,182.32,182.42,182.29,182.42,25.420798
2019-11-02 17:28:00,182.2,182.32,182.15,182.32,64.139811
2019-11-02 17:27:00,182.21,182.21,182.2,182.2,21.290927
2019-11-02 17:26:00,182.26,182.26,182.2,182.21,67.867628
2019-11-02 17:25:00,182.26,182.26,182.25,182.25,12.719734
2019-11-02 17:24:00,182.23,182.27,182.23,182.26,7.269863
2019-11-02 17:23:00,182.23,182.23,182.21,182.23,122.4431
2019-11-02 17:22:00,182.12,182.19,182.07,182.19,29.400995
2019-11-02 17:21:00,182.15,182.16,182.09,182.13,41.199133
2019-11-02 17:20:00,182.13,182.26,182.13,182.21,29.291114
2019-11-02 17:19:00,182.09,182.14,182.03,182.13,113.687836
2019-11-02 17:18:00,182.12,182.12,182.09,182.09,23.395028
2019-11-02 17:17:00,182.08,182.12,182.08,182.12,83.708827
2019-11-02 17:16:00,182.01,182.08,182.01,182.08,168.283294
2019-11-02 17:15:00,182,182.05,182,182.04,104.324681
2019-11-02 17:14:00,181.93,182,181.93,182,70.760016
2019-11-02 17:13:00,182.06,182.06,181.92,181.93,48.537631
2019-11-02 17:12:00,182.06,182.06,182,182.06,36.397423
2019-11-02 17:11:00,182.04,182.07,182.01,182.06,21.940747
2019-11-02 17:10:00,182.02,182.06,181.95,182.04,107.170053
2019-11-02 17:09:00,182.1,182.1,181.97,181.97,32.388918
2019-11-02 17:08:00,182.01,182.12,181.95,182.12,73.402817
2019-11-02 17:07:00,182.08,182.08,181.98,182.02,10.982773
2019-11-02 17:06:00,182.01,182.08,182.01,182.07,41.130924
2019-11-02 17:05:00,182.09,182.09,182.01,182.01,6.32012
2019-11-02 17:04:00,182.17,182.17,182.08,182.09,39.227858
2019-11-02 17:03:00,182.12,182.19,182.12,182.16,20.744357
2019-11-02 17:02:00,182.07,182.09,182.07,182.09,13.232337
2019-11-02 17:01:00,182,182.09,182,182.07,53.118524
2019-11-02 17:00:00,181.9,182,181.83,182,28.245519
2019-11-02 16:59:00,181.97,181.97,181.89,181.89,31.277491
2019-11-02 16:58:00,181.93,182,181.92,181.97,6.013645
2019-11-02 16:57:00,181.98,182.01,181.93,181.93,65.99692
2019-11-02 16:56:00,182.04,182.05,181.96,181.98,6.206972
2019-11-02 16:55:00,182.06,182.06,182.05,182.05,1.676448
2019-11-02 16:54:00,182.09,182.09,182.01,182.06,91.595053
2019-11-02 16:53:00,181.95,182.11,181.95,182.09,25.747976
2019-11-02 16:52:00,181.94,181.95,181.91,181.95,50.603696
2019-11-02 16:51:00,181.85,181.97,181.82,181.95,126.25798
2019-11-02 16:50:00,181.95,181.95,181.86,181.86,82.763655
2019-11-02 16:49:00,182.01,182.01,181.95,181.95,85.411885
2019-11-02 16:48:00,182.06,182.06,182.01,182.01,230.351977
2019-11-02 16:47:00,182.14,182.14,182.06,182.07,197.148399
2019-11-02 16:46:00,182.14,182.14,182.07,182.14,124.480258
2019-11-02 16:45:00,181.95,182.13,181.95,182.13,33.627603
2019-11-02 16:44:00,181.93,181.95,181.93,181.95,7.543241
2019-11-02 16:43:00,181.99,182,181.93,181.93,8.583816
2019-11-02 16:42:00,182.03,182.07,181.99,182.05,29.849028
2019-11-02 16:41:00,182.02,182.16,181.98,182.02,258.602401
2019-11-02 16:40:00,181.82,182.02,181.81,182.02,47.847418
2019-11-02 16:39:00,181.93,181.98,181.86,181.86,21.873996
2019-11-02 16:38:00,181.67,181.93,181.67,181.93,56.304961
2019-11-02 16:37:00,181.71,181.79,181.66,181.67,84.927682
2019-11-02 16:36:00,181.58,181.76,181.52,181.7,346.532704
2019-11-02 16:35:00,181.77,181.8,181.54,181.58,451.028727
2019-11-02 16:34:00,182.14,182.14,181.63,181.76,311.172154
2019-11-02 16:33:00,182.04,182.13,181.94,182.13,150.962448
2019-11-02 16:32:00,181.91,182.04,181.87,182.04,502.987275
2019-11-02 16:31:00,182.35,182.35,181.58,181.91,1046.576146
2019-11-02 16:30:00,182.2,182.42,182.2,182.37,107.977234
2019-11-02 16:29:00,182.4,182.4,182.17,182.2,197.918116
2019-11-02 16:28:00,182.51,182.51,182.4,182.4,120.144145
2019-11-02 16:27:00,182.61,182.64,182.52,182.52,105.154322
2019-11-02 16:26:00,182.62,182.65,182.61,182.64,51.712186
2019-11-02 16:25:00,182.58,182.65,182.58,182.65,26.236079
2019-11-02 16:24:00,182.61,182.61,182.57,182.57,63.5858
2019-11-02 16:23:00,182.71,182.71,182.59,182.62,43.99083
2019-11-02 16:22:00,182.8,182.8,182.69,182.72,157.576948
2019-11-02 16:21:00,182.84,182.85,182.8,182.8,388.672096
2019-11-02 16:20:00,182.93,182.93,182.83,182.84,147.767734
2019-11-02 16:19:00,182.86,182.92,182.86,182.92,133.624603
2019-11-02 16:18:00,182.83,182.89,182.83,182.86,71.390044
2019-11-02 16:17:00,182.81,182.82,182.81,182.82,27.083741
2019-11-02 16:16:00,182.81,182.82,182.81,182.81,27.145402
2019-11-02 16:15:00,182.81,182.82,182.8,182.82,124.903912
2019-11-02 16:14:00,182.77,182.81,182.74,182.81,97.919666
2019-11-02 16:13:00,182.77,182.78,182.69,182.74,134.20804
2019-11-02 16:12:00,182.67,182.78,182.67,182.76,69.310658
2019-11-02 16:11:00,182.58,182.66,182.58,182.66,15.053259
2019-11-02 16:10:00,182.54,182.58,182.54,182.58,120.799037
2019-11-02 16:09:00,182.54,182.54,182.53,182.54,7.860177
2019-11-02 16:08:00,182.51,182.54,182.51,182.54,24.490458
2019-11-02 16:07:00,182.51,182.51,182.5,182.51,18.472065
2019-11-02 16:06:00,182.51,182.51,182.51,182.51,8.908499
2019-11-02 16:05:00,182.51,182.51,182.5,182.51,11.221954
2019-11-02 16:04:00,182.52,182.53,182.52,182.52,45.167682
2019-11-02 16:03:00,182.53,182.53,182.52,182.53,47.919125
2019-11-02 16:02:00,182.53,182.53,182.52,182.53,88.419899
2019-11-02 16:01:00,182.51,182.53,182.51,182.52,14.799337
2019-11-02 16:00:00,182.51,182.51,182.5,182.51,4.96287
2019-11-02 15:59:00,182.48,182.58,182.48,182.5,42.093896
2019-11-02 15:58:00,182.5,182.51,182.4,182.49,179.511175
2019-11-02 15:57:00,182.51,182.51,182.5,182.5,103.99509
2019-11-02 15:56:00,182.52,182.53,182.5,182.5,64.88034
2019-11-02 15:55:00,182.48,182.52,182.48,182.52,20.274073
2019-11-02 15:54:00,182.58,182.59,182.46,182.49,76.041844
2019-11-02 15:53:00,182.56,182.59,182.53,182.59,181.599872
2019-11-02 15:52:00,182.5,182.57,182.48,182.56,95.688556
2019-11-02 15:51:00,182.44,182.5,182.44,182.5,43.311529
2019-11-02 15:50:00,182.42,182.44,182.39,182.42,287.259368
2019-11-02 15:49:00,182.41,182.43,182.41,182.43,3.23343
2019-11-02 15:48:00,182.37,182.4,182.37,182.4,72.425947
2019-11-02 15:47:00,182.34,182.41,182.34,182.36,3.4079
2019-11-02 15:46:00,182.37,182.37,182.33,182.33,1.013346
2019-11-02 15:45:00,182.38,182.38,182.34,182.36,23.799477
2019-11-02 15:44:00,182.37,182.41,182.33,182.39,3.273565
2019-11-02 15:43:00,182.43,182.43,182.33,182.37,73.724923
2019-11-02 15:42:00,182.31,182.43,182.31,182.43,270.831328
2019-11-02 15:41:00,182.37,182.37,182.31,182.31,185.86204
2019-11-02 15:40:00,182.34,182.37,182.33,182.37,57.87424
2019-11-02 15:39:00,182.42,182.42,182.28,182.34,83.285729
2019-11-02 15:38:00,182.42,182.42,182.41,182.41,33.232003
2019-11-02 15:37:00,182.44,182.48,182.41,182.41,14.259636
2019-11-02 15:36:00,182.47,182.5,182.43,182.45,140.282458
2019-11-02 15:35:00,182.53,182.58,182.43,182.43,177.008308
2019-11-02 15:34:00,182.53,182.53,182.53,182.53,0.77104
2019-11-02 15:33:00,182.44,182.53,182.43,182.52,104.27738
2019-11-02 15:32:00,182.46,182.46,182.37,182.43,15.391387
2019-11-02 15:31:00,182.41,182.48,182.41,182.45,170.137944
2019-11-02 15:30:00,182.33,182.41,182.33,182.41,15.37592
2019-11-02 15:29:00,182.41,182.41,182.32,182.35,7.069682
2019-11-02 15:28:00,182.34,182.42,182.28,182.41,80.720726
2019-11-02 15:27:00,182.3,182.35,182.3,182.33,36.532699
2019-11-02 15:26:00,182.23,182.31,182.23,182.31,123.396712
2019-11-02 15:25:00,182.23,182.24,182.18,182.24,46.459075
2019-11-02 15:24:00,182.24,182.24,182.23,182.23,3.318245
2019-11-02 15:23:00,182.19,182.24,182.19,182.23,52.647434
2019-11-02 15:22:00,182.27,182.27,182.18,182.19,41.357588
2019-11-02 15:21:00,182.28,182.28,182.26,182.26,10.817
2019-11-02 15:20:00,182.26,182.28,182.25,182.26,81.419596
2019-11-02 15:19:00,182.17,182.24,182.17,182.24,26.514117
2019-11-02 15:18:00,182.17,182.23,182.16,182.18,23.514129
2019-11-02 15:17:00,182.17,182.17,182.17,182.17,1.101667
2019-11-02 15:16:00,182.23,182.24,182.18,182.18,3.821954
2019-11-02 15:15:00,182.23,182.24,182.17,182.17,20.080587
2019-11-02 15:14:00,182.24,182.24,182.23,182.23,78.568626
2019-11-02 15:13:00,182.24,182.3,182.22,182.23,77.790853
2019-11-02 15:12:00,182.17,182.29,182.13,182.26,38.649103
2019-11-02 15:11:00,182.2,182.26,182.17,182.17,65.377158
2019-11-02 15:10:00,182.13,182.26,182.12,182.2,391.423673
2019-11-02 15:09:00,182.17,182.18,182.05,182.13,63.86624
2019-11-02 15:08:00,182.05,182.19,182.05,182.18,5.732104
2019-11-02 15:07:00,182.12,182.12,182.05,182.06,49.90093
2019-11-02 15:06:00,182.21,182.22,182.12,182.12,66.991308
2019-11-02 15:05:00,182.11,182.23,182.11,182.21,74.352061
2019-11-02 15:04:00,182.2,182.2,182.11,182.11,24.857885
2019-11-02 15:03:00,182.22,182.22,182.17,182.2,32.073506
2019-11-02 15:02:00,182.16,182.23,182.12,182.23,54.988516
2019-11-02 15:01:00,182.2,182.24,182.13,182.16,24.796204
2019-11-02 15:00:00,182.33,182.33,182.14,182.19,36.373442
2019-11-02 14:59:00,182.34,182.34,182.31,182.33,8.081551
2019-11-02 14:58:00,182.4,182.4,182.3,182.34,199.030117
2019-11-02 14:57:00,182.41,182.45,182.35,182.38,17.307475
2019-11-02 14:56:00,182.42,182.48,182.41,182.41,0.664906
2019-11-02 14:55:00,182.3,182.45,182.3,182.42,2.797033
2019-11-02 14:54:00,182.35,182.39,182.29,182.29,40.609206
2019-11-02 14:53:00,182.33,182.35,182.28,182.35,44.998799
2019-11-02 14:52:00,182.25,182.39,182.14,182.32,121.747154
2019-11-02 14:51:00,182.23,182.27,182.23,182.26,23.898921
2019-11-02 14:50:00,182.13,182.27,182.13,182.22,107.992557
2019-11-02 14:49:00,182.03,182.14,182,182.13,25.235248
2019-11-02 14:48:00,182.05,182.05,182.04,182.04,3.448444
2019-11-02 14:47:00,182.1,182.11,182.04,182.05,10.774444
2019-11-02 14:46:00,182.05,182.11,182,182.11,251.949622
2019-11-02 14:45:00,182.11,182.12,182,182.08,158.33675
2019-11-02 14:44:00,182.17,182.19,182.12,182.12,205.127303
2019-11-02 14:43:00,182.16,182.17,182.1,182.14,133.781797
2019-11-02 14:42:00,182.15,182.18,182.15,182.17,79.802719
2019-11-02 14:41:00,182.24,182.24,182.14,182.18,33.987888
2019-11-02 14:40:00,182.25,182.25,182.23,182.24,64.152635
2019-11-02 14:39:00,182.27,182.27,182.21,182.25,49.043192
2019-11-02 14:38:00,182.14,182.31,182.14,182.25,182.988598
2019-11-02 14:37:00,182.18,182.18,182.13,182.14,57.442433
2019-11-02 14:36:00,182.24,182.24,182.14,182.18,11.760742
2019-11-02 14:35:00,182.24,182.25,182.24,182.25,4.781284
2019-11-02 14:34:00,182.26,182.32,182.22,182.25,24.688349
2019-11-02 14:33:00,182.24,182.26,182.16,182.26,48.209481
2019-11-02 14:32:00,182.34,182.34,182.22,182.25,89.449484
2019-11-02 14:31:00,182.29,182.32,182.25,182.32,101.658513
2019-11-02 14:30:00,182.23,182.28,182.17,182.28,64.786358
2019-11-02 14:29:00,182.25,182.3,182.23,182.23,88.852915
2019-11-02 14:28:00,182.18,182.26,182.11,182.25,19.152775
2019-11-02 14:27:00,182.36,182.39,182.18,182.18,61.233908
2019-11-02 14:26:00,182.44,182.44,182.35,182.35,15.021145
2019-11-02 14:25:00,182.46,182.46,182.34,182.44,27.292324
2019-11-02 14:24:00,182.56,182.56,182.42,182.48,21.74726
2019-11-02 14:23:00,182.53,182.56,182.47,182.56,92.150217
2019-11-02 14:22:00,182.42,182.53,182.42,182.53,236.29854
2019-11-02 14:21:00,182.46,182.46,182.41,182.42,11.751782
2019-11-02 14:20:00,182.46,182.46,182.45,182.46,1.399111
2019-11-02 14:19:00,182.44,182.54,182.44,182.46,86.098085
2019-11-02 14:18:00,182.48,182.52,182.35,182.45,55.972482
2019-11-02 14:17:00,182.4,182.47,182.39,182.47,2.461261
2019-11-02 14:16:00,182.35,182.42,182.35,182.4,16.047836
2019-11-02 14:15:00,182.35,182.36,182.29,182.35,52.710627
2019-11-02 14:14:00,182.37,182.38,182.31,182.36,16.216026
2019-11-02 14:13:00,182.29,182.38,182.29,182.37,24.359198
2019-11-02 14:12:00,182.35,182.39,182.28,182.29,18.188724
2019-11-02 14:11:00,182.34,182.36,182.33,182.36,51.566962
2019-11-02 14:10:00,182.39,182.39,182.34,182.34,32.30546
2019-11-02 14:09:00,182.28,182.42,182.28,182.33,84.365554
2019-11-02 14:08:00,182.31,182.31,182.27,182.28,17.555598
2019-11-02 14:07:00,182.33,182.41,182.3,182.3,78.333671
2019-11-02 14:06:00,182.39,182.39,182.28,182.35,26.321114
2019-11-02 14:05:00,182.41,182.42,182.38,182.42,65.768482
2019-11-02 14:04:00,182.44,182.44,182.4,182.41,92.303598
2019-11-02 14:03:00,182.49,182.49,182.44,182.45,19.232691
2019-11-02 14:02:00,182.47,182.5,182.47,182.49,35.442428
2019-11-02 14:01:00,182.47,182.49,182.46,182.47,61.907953
2019-11-02 14:00:00,182.5,182.5,182.45,182.49,31.499724
2019-11-02 13:59:00,182.43,182.5,182.43,182.48,29.175892
2019-11-02 13:58:00,182.52,182.52,182.4,182.4,91.42867
2019-11-02 13:57:00,182.52,182.54,182.45,182.52,22.954804
2019-11-02 13:56:00,182.56,182.56,182.52,182.53,23.400822
2019-11-02 13:55:00,182.54,182.57,182.53,182.56,78.131777
2019-11-02 13:54:00,182.62,182.62,182.5,182.55,2.591399
2019-11-02 13:53:00,182.57,182.66,182.57,182.66,23.139802
2019-11-02 13:52:00,182.66,182.66,182.57,182.57,52.412389
2019-11-02 13:51:00,182.62,182.67,182.62,182.67,1.069438
2019-11-02 13:50:00,182.64,182.65,182.53,182.59,108.892582
2019-11-02 13:49:00,182.62,182.65,182.59,182.65,21.215174
2019-11-02 13:48:00,182.61,182.64,182.59,182.63,11.948052
2019-11-02 13:47:00,182.62,182.66,182.61,182.62,119.845601
2019-11-02 13:46:00,182.67,182.7,182.63,182.63,3.713332
2019-11-02 13:45:00,182.67,182.67,182.62,182.66,28.857868
2019-11-02 13:44:00,182.6,182.67,182.59,182.67,44.214052
2019-11-02 13:43:00,182.63,182.68,182.59,182.6,10.951905
2019-11-02 13:42:00,182.59,182.66,182.59,182.64,39.998304
2019-11-02 13:41:00,182.58,182.6,182.58,182.58,32.93205
2019-11-02 13:40:00,182.53,182.58,182.47,182.57,10.283474
2019-11-02 13:39:00,182.47,182.56,182.47,182.54,41.726932
2019-11-02 13:38:00,182.47,182.56,182.46,182.46,11.123124
2019-11-02 13:37:00,182.44,182.47,182.37,182.47,115.688108
2019-11-02 13:36:00,182.5,182.55,182.38,182.45,5.804221
2019-11-02 13:35:00,182.33,182.49,182.33,182.49,6.83216
2019-11-02 13:34:00,182.32,182.41,182.31,182.33,35.072901
2019-11-02 13:33:00,182.32,182.42,182.32,182.34,48.049079
2019-11-02 13:32:00,182.43,182.43,182.32,182.32,58.993205
2019-11-02 13:31:00,182.49,182.49,182.42,182.43,7.148988
2019-11-02 13:30:00,182.53,182.53,182.47,182.5,18.621039
2019-11-02 13:29:00,182.51,182.54,182.51,182.51,5.983067
2019-11-02 13:28:00,182.54,182.56,182.48,182.5,18.385568
2019-11-02 13:27:00,182.44,182.53,182.44,182.53,5.341831
2019-11-02 13:26:00,182.42,182.47,182.42,182.43,20.253979
2019-11-02 13:25:00,182.4,182.42,182.4,182.41,3.286697
2019-11-02 13:24:00,182.39,182.4,182.38,182.39,31.857207
2019-11-02 13:23:00,182.32,182.4,182.29,182.39,87.761451
2019-11-02 13:22:00,182.34,182.35,182.27,182.32,15.962192
2019-11-02 13:21:00,182.2,182.36,182.2,182.34,21.139135
2019-11-02 13:20:00,182.3,182.3,182.22,182.22,46.291634
2019-11-02 13:19:00,182.38,182.39,182.29,182.3,26.187389
2019-11-02 13:18:00,182.41,182.41,182.38,182.38,0.178323
2019-11-02 13:17:00,182.39,182.42,182.39,182.41,4.858997
2019-11-02 13:16:00,182.35,182.45,182.35,182.38,5.818977
2019-11-02 13:15:00,182.21,182.36,182.21,182.36,316.724119
2019-11-02 13:14:00,182.29,182.3,182.18,182.21,79.422527
2019-11-02 13:13:00,182.29,182.3,182.29,182.29,12.496121
2019-11-02 13:12:00,182.15,182.31,182.12,182.29,120.631755
2019-11-02 13:11:00,182.07,182.15,182.07,182.15,86.577173
2019-11-02 13:10:00,182.14,182.14,182.02,182.06,40.549645
2019-11-02 13:09:00,182.13,182.15,182.1,182.14,38.593688
2019-11-02 13:08:00,182.12,182.17,182.07,182.13,77.605611
2019-11-02 13:07:00,182.08,182.12,182.08,182.09,40.173679
2019-11-02 13:06:00,181.95,182.08,181.88,182.08,213.32109
2019-11-02 13:05:00,182.15,182.15,181.91,181.94,123.732425
2019-11-02 13:04:00,182.19,182.19,182.15,182.15,37.042336
2019-11-02 13:03:00,182.18,182.26,182.18,182.22,72.839821
2019-11-02 13:02:00,182.26,182.26,182.16,182.17,8.696417
2019-11-02 13:01:00,182.21,182.26,182.2,182.25,57.993379
2019-11-02 13:00:00,182.33,182.33,182.2,182.21,34.916706
2019-11-02 12:59:00,182.36,182.36,182.33,182.33,27.9411
2019-11-02 12:58:00,182.42,182.43,182.36,182.36,46.431138
2019-11-02 12:57:00,182.4,182.44,182.4,182.42,37.722137
2019-11-02 12:56:00,182.39,182.4,182.39,182.4,5.83927
2019-11-02 12:55:00,182.39,182.4,182.39,182.4,37.871395
2019-11-02 12:54:00,182.33,182.39,182.32,182.39,23.843313
2019-11-02 12:53:00,182.34,182.39,182.22,182.32,292.244581
2019-11-02 12:52:00,182.35,182.41,182.3,182.3,1204.64958
2019-11-02 12:51:00,182.31,182.42,182.26,182.37,583.873262
2019-11-02 12:50:00,182.29,182.39,182.23,182.38,12.121815
2019-11-02 12:49:00,182.22,182.26,182.17,182.26,35.641568
2019-11-02 12:48:00,182.21,182.27,182.21,182.22,88.91745
2019-11-02 12:47:00,182.2,182.3,182.16,182.16,30.456248
2019-11-02 12:46:00,182.28,182.28,182.23,182.23,397.066822
2019-11-02 12:45:00,182.36,182.37,182.28,182.28,126.29034
2019-11-02 12:44:00,182.46,182.46,182.36,182.36,51.8676
2019-11-02 12:43:00,182.48,182.5,182.45,182.46,11.356274
2019-11-02 12:42:00,182.58,182.58,182.48,182.48,7.365821
2019-11-02 12:41:00,182.58,182.58,182.54,182.57,7.511877
2019-11-02 12:40:00,182.57,182.58,182.57,182.58,96.574183
2019-11-02 12:39:00,182.54,182.57,182.48,182.56,37.903272
2019-11-02 12:38:00,182.55,182.55,182.54,182.54,116.647269
2019-11-02 12:37:00,182.54,182.54,182.54,182.54,133.049947
2019-11-02 12:36:00,182.54,182.59,182.54,182.55,108.651629
2019-11-02 12:35:00,182.53,182.54,182.51,182.54,205.300091
2019-11-02 12:34:00,182.54,182.61,182.53,182.53,34.980877
2019-11-02 12:33:00,182.52,182.53,182.51,182.53,21.757014
2019-11-02 12:32:00,182.4,182.51,182.4,182.51,64.131853
2019-11-02 12:31:00,182.42,182.46,182.33,182.4,84.866489
2019-11-02 12:30:00,182.28,182.42,182.28,182.42,23.415847
2019-11-02 12:29:00,182.25,182.39,182.24,182.28,117.540715
2019-11-02 12:28:00,182.23,182.25,182.23,182.25,8.904459
2019-11-02 12:27:00,182.34,182.35,182.18,182.22,136.955094
2019-11-02 12:26:00,182.34,182.47,182.18,182.34,476.42891
2019-11-02 12:25:00,182.36,182.37,182.3,182.35,3.761294
2019-11-02 12:24:00,182.34,182.36,182.25,182.34,61.320671
2019-11-02 12:23:00,182.46,182.46,182.27,182.32,286.294084
2019-11-02 12:22:00,182.54,182.54,182.43,182.47,94.538314
2019-11-02 12:21:00,182.55,182.55,182.55,182.55,25.01928
2019-11-02 12:20:00,182.54,182.55,182.53,182.54,9.462196
2019-11-02 12:19:00,182.56,182.59,182.5,182.54,85.358348
2019-11-02 12:18:00,182.64,182.64,182.54,182.56,79.164512
2019-11-02 12:17:00,182.64,182.64,182.64,182.64,2.374148
2019-11-02 12:16:00,182.64,182.64,182.64,182.64,0
2019-11-02 12:15:00,182.59,182.65,182.59,182.64,58.245428
2019-11-02 12:14:00,182.65,182.65,182.58,182.59,9.639549
2019-11-02 12:13:00,182.56,182.65,182.55,182.65,49.341465
2019-11-02 12:12:00,182.67,182.67,182.55,182.56,29.3092
2019-11-02 12:11:00,182.65,182.69,182.57,182.66,131.820226
2019-11-02 12:10:00,182.62,182.63,182.55,182.61,83.582207
2019-11-02 12:09:00,182.73,182.73,182.62,182.62,73.114347
2019-11-02 12:08:00,182.69,182.75,182.68,182.69,27.35403
2019-11-02 12:07:00,182.81,182.82,182.69,182.69,47.470832
2019-11-02 12:06:00,182.76,182.87,182.76,182.82,9.800974
2019-11-02 12:05:00,182.88,182.89,182.73,182.75,63.290787
2019-11-02 12:04:00,182.95,182.95,182.87,182.88,9.58946
2019-11-02 12:03:00,182.91,182.96,182.91,182.96,6.548123
2019-11-02 12:02:00,182.99,183,182.87,182.92,239.000366
2019-11-02 12:01:00,182.93,183,182.89,183,27.266393
2019-11-02 12:00:00,182.89,182.9,182.89,182.9,37.856743
2019-11-02 11:59:00,182.92,182.97,182.85,182.89,28.920022
2019-11-02 11:58:00,182.92,182.92,182.91,182.92,9.930742
2019-11-02 11:57:00,182.96,182.99,182.89,182.92,36.283524
2019-11-02 11:56:00,182.8,182.96,182.79,182.96,13.431614
2019-11-02 11:55:00,182.95,182.95,182.79,182.79,102.853668
2019-11-02 11:54:00,182.92,182.98,182.92,182.96,8.086573
2019-11-02 11:53:00,182.95,182.95,182.89,182.93,71.547985
2019-11-02 11:52:00,182.95,182.95,182.95,182.95,0.062643
2019-11-02 11:51:00,182.87,182.95,182.85,182.95,53.745815
2019-11-02 11:50:00,182.94,182.94,182.87,182.87,17.536007
2019-11-02 11:49:00,182.89,183,182.84,182.92,1166.74399
2019-11-02 11:48:00,182.94,182.94,182.88,182.89,29.489103
2019-11-02 11:47:00,182.88,182.95,182.85,182.94,17.531276
2019-11-02 11:46:00,182.89,182.9,182.87,182.87,7.866559
2019-11-02 11:45:00,182.81,182.9,182.75,182.89,40.443154
2019-11-02 11:44:00,182.91,182.92,182.81,182.81,85.280241
2019-11-02 11:43:00,183.07,183.07,182.89,182.92,79.644343
2019-11-02 11:42:00,183.09,183.09,183.06,183.08,84.886039
2019-11-02 11:41:00,183.1,183.11,183.07,183.09,29.088266
2019-11-02 11:40:00,183.1,183.11,183.03,183.11,13.313214
2019-11-02 11:39:00,183.13,183.15,183.08,183.1,22.246285
2019-11-02 11:38:00,183.12,183.13,183.07,183.13,27.489461
2019-11-02 11:37:00,183.14,183.19,183.1,183.11,13.08745
2019-11-02 11:36:00,183.1,183.21,183.1,183.14,691.912273
2019-11-02 11:35:00,183.17,183.17,183.1,183.11,24.723176
2019-11-02 11:34:00,183.18,183.18,183.17,183.17,53.359689
2019-11-02 11:33:00,183.13,183.19,183.13,183.19,48.005404
2019-11-02 11:32:00,183.1,183.13,183.1,183.12,58.377872
2019-11-02 11:31:00,183.01,183.11,183.01,183.1,21.268618
2019-11-02 11:30:00,183.01,183.01,183,183,7.667454
2019-11-02 11:29:00,183.06,183.06,182.97,183.01,26.306302
2019-11-02 11:28:00,183.06,183.07,183.06,183.07,7.260377
2019-11-02 11:27:00,183.11,183.11,183.05,183.07,54.275983
2019-11-02 11:26:00,183.11,183.12,183.06,183.11,37.686667
2019-11-02 11:25:00,183.04,183.11,183.04,183.11,70.99065
2019-11-02 11:24:00,182.99,183.11,182.99,183.04,41.58223
2019-11-02 11:23:00,182.99,183,182.99,182.99,3.88639
2019-11-02 11:22:00,182.97,183.01,182.97,182.99,90.838354
2019-11-02 11:21:00,182.92,182.98,182.9,182.91,34.798255
2019-11-02 11:20:00,182.97,182.98,182.91,182.97,154.809139
2019-11-02 11:19:00,182.93,182.98,182.93,182.98,74.425113
2019-11-02 11:18:00,182.91,183.02,182.91,182.93,76.136941
2019-11-02 11:17:00,183,183.06,182.89,182.89,85.646455
2019-11-02 11:16:00,183.06,183.06,183.05,183.05,6.077632
2019-11-02 11:15:00,183.02,183.06,183.01,183.06,140.913232
2019-11-02 11:14:00,182.99,183.02,182.95,183.02,66.271637
2019-11-02 11:13:00,183.01,183.01,182.98,182.99,16.239535
2019-11-02 11:12:00,183.01,183.02,183.01,183.02,8.037556
2019-11-02 11:11:00,183,183.02,182.97,183.01,44.473505
2019-11-02 11:10:00,183.02,183.02,182.97,183,26.011669
2019-11-02 11:09:00,182.98,183.01,182.97,183.01,18.372391
2019-11-02 11:08:00,182.97,183.01,182.97,182.98,21.755832
2019-11-02 11:07:00,183.02,183.05,182.91,182.97,58.979172
2019-11-02 11:06:00,183.04,183.07,183.01,183.01,6.307412
2019-11-02 11:05:00,183.06,183.07,183,183.01,15.220889
2019-11-02 11:04:00,182.99,183.07,182.98,183.07,12.005333
2019-11-02 11:03:00,183.07,183.07,182.99,182.99,23.611503
2019-11-02 11:02:00,183.11,183.11,183,183.07,350.442733
2019-11-02 11:01:00,183.06,183.15,183.05,183.11,18.310162
2019-11-02 11:00:00,183.16,183.17,183.03,183.05,62.648792
2019-11-02 10:59:00,183.1,183.16,183.1,183.16,9.070344
2019-11-02 10:58:00,182.88,183.2,182.88,183.1,270.609473
2019-11-02 10:57:00,182.79,182.91,182.79,182.88,71.956165
2019-11-02 10:56:00,182.97,182.97,182.79,182.8,152.898277
2019-11-02 10:55:00,183.02,183.02,183.02,183.02,0.135568
2019-11-02 10:54:00,183.05,183.1,183,183.02,28.233429
2019-11-02 10:53:00,182.97,183.07,182.97,183.07,29.035885
2019-11-02 10:52:00,182.89,182.98,182.89,182.97,56.711223
2019-11-02 10:51:00,182.97,182.97,182.9,182.9,6.006657
2019-11-02 10:50:00,182.97,182.98,182.97,182.97,6.992978
2019-11-02 10:49:00,183.03,183.07,182.97,182.97,47.964546
2019-11-02 10:48:00,182.85,183.03,182.85,183.03,6.903171
2019-11-02 10:47:00,182.89,182.89,182.84,182.85,18.704066
2019-11-02 10:46:00,182.98,182.99,182.9,182.9,24.111792
2019-11-02 10:45:00,182.83,183.03,182.82,182.97,219.661051
2019-11-02 10:44:00,182.82,182.83,182.81,182.83,22.611753
2019-11-02 10:43:00,182.7,182.83,182.7,182.82,62.560995
2019-11-02 10:42:00,182.72,182.72,182.66,182.7,65.431663
2019-11-02 10:41:00,182.78,182.79,182.72,182.78,12.547903
2019-11-02 10:40:00,182.72,182.83,182.72,182.83,2.080266
2019-11-02 10:39:00,182.69,182.76,182.69,182.72,103.494316
2019-11-02 10:38:00,182.76,182.77,182.7,182.7,11.805794
2019-11-02 10:37:00,182.78,182.81,182.73,182.77,30.381926
2019-11-02 10:36:00,182.68,182.8,182.63,182.75,16.682488
2019-11-02 10:35:00,182.66,182.76,182.65,182.73,53.078763
2019-11-02 10:34:00,182.77,182.78,182.66,182.66,25.47758
2019-11-02 10:33:00,182.68,182.77,182.67,182.77,50.007456
2019-11-02 10:32:00,182.59,182.68,182.55,182.68,19.081101
2019-11-02 10:31:00,182.57,182.67,182.53,182.59,226.523125
2019-11-02 10:30:00,182.51,182.57,182.44,182.57,5.045822
2019-11-02 10:29:00,182.42,182.52,182.42,182.51,32.479652
2019-11-02 10:28:00,182.48,182.48,182.42,182.42,27.491461
2019-11-02 10:27:00,182.43,182.48,182.38,182.48,50.423946
2019-11-02 10:26:00,182.21,182.57,182.2,182.43,207.718363
2019-11-02 10:25:00,182.24,182.24,182.16,182.21,107.350391
2019-11-02 10:24:00,182.28,182.3,182.21,182.24,107.869987
2019-11-02 10:23:00,182.28,182.3,182.27,182.3,58.590024
2019-11-02 10:22:00,182.31,182.31,182.23,182.29,69.475399
2019-11-02 10:21:00,182.3,182.32,182.26,182.31,106.930701
2019-11-02 10:20:00,182.26,182.3,182.24,182.3,146.164667
2019-11-02 10:19:00,182.28,182.28,182.23,182.26,98.995993
2019-11-02 10:18:00,182.36,182.36,182.28,182.29,44.397495
2019-11-02 10:17:00,182.34,182.37,182.32,182.37,3.959772
2019-11-02 10:16:00,182.38,182.41,182.34,182.35,21.427735
2019-11-02 10:15:00,182.37,182.38,182.33,182.37,17.541827
2019-11-02 10:14:00,182.38,182.47,182.27,182.31,195.830046
2019-11-02 10:13:00,182.29,182.38,182.23,182.38,34.284326
2019-11-02 10:12:00,182.29,182.31,182.29,182.29,5.249648
2019-11-02 10:11:00,182.35,182.36,182.27,182.29,12.764849
2019-11-02 10:10:00,182.38,182.4,182.35,182.35,8.83896
2019-11-02 10:09:00,182.47,182.47,182.28,182.36,143.059711
2019-11-02 10:08:00,182.53,182.53,182.47,182.47,24.782395
2019-11-02 10:07:00,182.53,182.54,182.5,182.53,66.53974
2019-11-02 10:06:00,182.52,182.53,182.52,182.53,0.541576
2019-11-02 10:05:00,182.51,182.54,182.46,182.5,29.665693
2019-11-02 10:04:00,182.45,182.51,182.43,182.51,19.203177
2019-11-02 10:03:00,182.49,182.49,182.45,182.45,0.230359
2019-11-02 10:02:00,182.5,182.5,182.49,182.5,7.580963
2019-11-02 10:01:00,182.51,182.51,182.5,182.51,14.345444
2019-11-02 10:00:00,182.38,182.59,182.31,182.51,173.188217
2019-11-02 09:59:00,182.46,182.46,182.35,182.37,24.955884
2019-11-02 09:58:00,182.4,182.47,182.39,182.47,124.2578
2019-11-02 09:57:00,182.29,182.39,182.29,182.39,24.456508
2019-11-02 09:56:00,182.29,182.29,182.28,182.29,2.23873
2019-11-02 09:55:00,182.34,182.34,182.24,182.28,28.227797
2019-11-02 09:54:00,182.32,182.34,182.3,182.34,29.889833
2019-11-02 09:53:00,182.4,182.4,182.25,182.32,164.116012
2019-11-02 09:52:00,182.44,182.55,182.34,182.41,138.538955
2019-11-02 09:51:00,182.52,182.52,182.37,182.44,192.59997
2019-11-02 09:50:00,182.57,182.58,182.52,182.52,21.166083
2019-11-02 09:49:00,182.61,182.62,182.58,182.58,13.19942
2019-11-02 09:48:00,182.68,182.69,182.62,182.62,35.950646
2019-11-02 09:47:00,182.61,182.69,182.53,182.68,58.272467
2019-11-02 09:46:00,182.75,182.75,182.56,182.62,142.094854
2019-11-02 09:45:00,182.87,182.89,182.76,182.76,110.87278
2019-11-02 09:44:00,183.02,183.02,182.87,182.87,71.270817
2019-11-02 09:43:00,183.07,183.11,183.01,183.02,56.344755
2019-11-02 09:42:00,183.05,183.06,183.01,183.05,202.989141
2019-11-02 09:41:00,182.99,183.1,182.99,183.05,99.783433
2019-11-02 09:40:00,182.99,182.99,182.92,182.99,25.732772
2019-11-02 09:39:00,182.93,182.99,182.93,182.99,3.884816
2019-11-02 09:38:00,182.92,182.97,182.9,182.93,18.61511
2019-11-02 09:37:00,182.98,182.98,182.91,182.92,5.181165
2019-11-02 09:36:00,183,183.06,182.98,182.98,5.320781
2019-11-02 09:35:00,183.06,183.07,182.98,183,68.908122
2019-11-02 09:34:00,183.06,183.07,183.06,183.07,2.514514
2019-11-02 09:33:00,183.06,183.07,183.06,183.07,13.285324
2019-11-02 09:32:00,183.1,183.1,183,183.06,29.825357
2019-11-02 09:31:00,183.15,183.24,183.1,183.1,32.019253
2019-11-02 09:30:00,183.03,183.15,183.03,183.14,103.676343
2019-11-02 09:29:00,182.98,183.04,182.98,183.04,0.46792
2019-11-02 09:28:00,183.03,183.03,182.94,182.99,7.595062
2019-11-02 09:27:00,183.03,183.03,183.03,183.03,0.406133
2019-11-02 09:26:00,182.94,183.04,182.94,182.98,105.559342
2019-11-02 09:25:00,182.86,182.98,182.86,182.94,37.449787
2019-11-02 09:24:00,182.91,182.92,182.86,182.86,92.117151
2019-11-02 09:23:00,182.86,182.95,182.86,182.95,98.09944
2019-11-02 09:22:00,182.99,182.99,182.87,182.94,108.360256
2019-11-02 09:21:00,183.03,183.03,182.92,183,61.152218
2019-11-02 09:20:00,183.02,183.1,183.02,183.03,12.268383
2019-11-02 09:19:00,183.02,183.04,182.87,183.03,94.099641
2019-11-02 09:18:00,183.16,183.17,183,183.02,98.51017
2019-11-02 09:17:00,183.17,183.17,183.11,183.16,18.905685
2019-11-02 09:16:00,183.32,183.32,183.17,183.17,128.230529
2019-11-02 09:15:00,183.14,183.31,183.13,183.31,451.945692
2019-11-02 09:14:00,183.14,183.14,183.13,183.14,491.336725
2019-11-02 09:13:00,183.14,183.14,183.13,183.13,362.811138
2019-11-02 09:12:00,183.13,183.14,183.12,183.14,79.113586
2019-11-02 09:11:00,183.15,183.15,183.05,183.13,180.486419
2019-11-02 09:10:00,183.18,183.25,183.12,183.15,64.854038
2019-11-02 09:09:00,183.23,183.3,183.21,183.21,26.952821
2019-11-02 09:08:00,183.24,183.29,183.23,183.24,45.15938
2019-11-02 09:07:00,183.22,183.3,183.22,183.24,20.423124
2019-11-02 09:06:00,183.13,183.26,183.13,183.22,123.221205
2019-11-02 09:05:00,183.12,183.14,183.08,183.12,58.982677
2019-11-02 09:04:00,183.04,183.12,183.04,183.12,6.296948
2019-11-02 09:03:00,183.08,183.14,183.08,183.1,71.864975
2019-11-02 09:02:00,183.08,183.08,183.02,183.07,5.494206
2019-11-02 09:01:00,183.08,183.08,183.04,183.08,93.461914
2019-11-02 09:00:00,183.05,183.08,183,183.08,23.192782
2019-11-02 08:59:00,183.06,183.06,183.06,183.06,2.730443
2019-11-02 08:58:00,183.05,183.19,182.99,183.04,117.610128
2019-11-02 08:57:00,183.02,183.05,183.01,183.05,20.728467
2019-11-02 08:56:00,183.1,183.1,183.01,183.02,13.924835
2019-11-02 08:55:00,183.18,183.24,183.1,183.1,1203.877567
2019-11-02 08:54:00,183.05,183.2,183.05,183.2,6.180246
2019-11-02 08:53:00,183.13,183.13,183.03,183.05,55.141518
2019-11-02 08:52:00,183.11,183.13,182.96,183.13,46.036845
2019-11-02 08:51:00,183.04,183.13,183.03,183.11,54.713614
2019-11-02 08:50:00,182.97,183.06,182.97,183.03,29.416242
2019-11-02 08:49:00,182.89,182.93,182.89,182.93,43.682669
2019-11-02 08:48:00,182.92,182.94,182.84,182.84,41.568321
2019-11-02 08:47:00,182.85,182.92,182.85,182.86,29.460677
2019-11-02 08:46:00,182.94,182.94,182.84,182.84,21.557958
2019-11-02 08:45:00,182.91,182.97,182.87,182.96,16.319833
2019-11-02 08:44:00,182.88,182.91,182.88,182.91,25.727098
2019-11-02 08:43:00,182.99,182.99,182.86,182.88,17.312447
2019-11-02 08:42:00,183.03,183.03,182.98,182.99,35.4159
2019-11-02 08:41:00,183.11,183.11,183,183.03,13.347034
2019-11-02 08:40:00,183.05,183.12,183.05,183.12,12.101374
2019-11-02 08:39:00,183.05,183.13,183.01,183.04,28.571839
2019-11-02 08:38:00,183.05,183.09,183,183,23.164106
2019-11-02 08:37:00,183.09,183.09,183.05,183.05,31.114574
2019-11-02 08:36:00,183.1,183.14,183.06,183.1,28.927459
2019-11-02 08:35:00,183.15,183.18,183.06,183.11,53.617241
2019-11-02 08:34:00,183.03,183.16,183.03,183.14,80.304123
2019-11-02 08:33:00,182.94,183.03,182.94,183.03,8.560787
2019-11-02 08:32:00,183,183.06,182.91,182.94,58.893117
2019-11-02 08:31:00,183.06,183.06,183,183,102.80596
2019-11-02 08:30:00,183.16,183.16,183.06,183.06,18.117664
2019-11-02 08:29:00,183.14,183.2,183.1,183.16,6.129009
2019-11-02 08:28:00,183.11,183.12,183.08,183.08,10.235487
2019-11-02 08:27:00,183.12,183.12,183.05,183.06,29.804447
2019-11-02 08:26:00,183.06,183.12,183.04,183.12,7.181144
2019-11-02 08:25:00,183.13,183.13,183.08,183.08,1.59617
2019-11-02 08:24:00,183.16,183.19,183.1,183.13,42.449474
2019-11-02 08:23:00,183.14,183.3,183.08,183.16,157.512841
2019-11-02 08:22:00,183.07,183.22,183.07,183.14,129.47754
2019-11-02 08:21:00,183.21,183.22,183.08,183.08,27.627471
2019-11-02 08:20:00,183.3,183.31,183.19,183.22,192.673967
2019-11-02 08:19:00,183.24,183.3,183.24,183.3,47.035026
2019-11-02 08:18:00,183.42,183.43,183.23,183.26,52.391337
2019-11-02 08:17:00,183.34,183.42,183.31,183.35,22.127165
2019-11-02 08:16:00,183.39,183.46,183.34,183.34,69.388801
2019-11-02 08:15:00,183.3,183.46,183.26,183.39,13.908445
2019-11-02 08:14:00,183.3,183.36,183.29,183.3,26.330896
2019-11-02 08:13:00,183.31,183.42,183.29,183.29,19.286339
2019-11-02 08:12:00,183.31,183.41,183.22,183.3,139.379476
2019-11-02 08:11:00,183.38,183.4,183.33,183.33,20.162043
2019-11-02 08:10:00,183.47,183.54,183.39,183.39,61.890444
2019-11-02 08:09:00,183.39,183.5,183.38,183.46,31.068905
2019-11-02 08:08:00,183.39,183.39,183.39,183.39,0.855809
2019-11-02 08:07:00,183.32,183.39,183.27,183.39,7.85438
2019-11-02 08:06:00,183.42,183.42,183.25,183.34,18.849156
2019-11-02 08:05:00,183.47,183.5,183.38,183.42,80.17942
2019-11-02 08:04:00,183.18,183.49,183.18,183.47,121.770683
2019-11-02 08:03:00,183.19,183.19,183.05,183.17,89.149058
2019-11-02 08:02:00,183.41,183.41,183.19,183.19,78.21445
2019-11-02 08:01:00,183.17,183.49,183.17,183.4,426.870916
2019-11-02 08:00:00,182.88,183.18,182.88,183.17,662.494045
2019-11-02 07:59:00,182.78,182.87,182.78,182.87,1.786649
2019-11-02 07:58:00,182.82,182.82,182.77,182.78,19.543921
2019-11-02 07:57:00,182.83,182.89,182.78,182.82,2.90418
2019-11-02 07:56:00,182.79,182.83,182.77,182.83,14.71635
2019-11-02 07:55:00,182.8,182.8,182.77,182.79,15.853408
2019-11-02 07:54:00,182.82,182.82,182.79,182.79,2.101381
2019-11-02 07:53:00,182.81,182.83,182.8,182.82,11.540922
2019-11-02 07:52:00,182.79,182.82,182.78,182.8,22.689325
2019-11-02 07:51:00,182.83,182.83,182.78,182.81,13.425291
2019-11-02 07:50:00,182.85,182.85,182.8,182.82,14.938891
2019-11-02 07:49:00,182.91,182.91,182.86,182.86,20.976585
2019-11-02 07:48:00,182.87,182.97,182.87,182.9,3.427907
2019-11-02 07:47:00,182.9,182.92,182.86,182.86,6.027787
2019-11-02 07:46:00,182.94,182.94,182.85,182.91,81.509797
2019-11-02 07:45:00,182.85,182.95,182.85,182.94,15.065992
2019-11-02 07:44:00,182.89,182.92,182.84,182.85,14.339326
2019-11-02 07:43:00,182.99,182.99,182.91,182.91,4.858094
2019-11-02 07:42:00,183,183.06,182.88,182.93,69.538508
2019-11-02 07:41:00,183.07,183.07,183,183.01,38.207735
2019-11-02 07:40:00,183.11,183.11,183.02,183.06,80.874893
2019-11-02 07:39:00,183.1,183.15,183.02,183.05,8.254917
2019-11-02 07:38:00,183.11,183.11,183.02,183.1,235.949864
2019-11-02 07:37:00,183.09,183.12,182.99,183.11,169.833676
2019-11-02 07:36:00,183,183.08,182.99,183.08,8.02574
2019-11-02 07:35:00,182.96,183.03,182.96,182.98,76.651401
2019-11-02 07:34:00,182.96,183.02,182.95,182.96,105.393068
2019-11-02 07:33:00,183.01,183.03,182.96,182.96,102.063684
2019-11-02 07:32:00,183.08,183.08,183,183,1.990486
2019-11-02 07:31:00,182.96,183.1,182.96,183.08,55.541491
2019-11-02 07:30:00,182.91,182.97,182.86,182.96,110.858977
2019-11-02 07:29:00,182.91,182.92,182.91,182.92,5.756373
2019-11-02 07:28:00,182.89,182.92,182.89,182.92,8.196978
2019-11-02 07:27:00,183,183,182.88,182.88,162.654836
2019-11-02 07:26:00,182.81,183.01,182.81,183.01,47.362932
2019-11-02 07:25:00,182.81,182.83,182.76,182.78,26.062149
2019-11-02 07:24:00,182.76,182.9,182.76,182.83,58.100602
2019-11-02 07:23:00,182.96,182.96,182.71,182.76,187.113874
2019-11-02 07:22:00,182.98,183.02,182.92,183,10.281293
2019-11-02 07:21:00,182.96,183.02,182.89,182.9,80.029707
2019-11-02 07:20:00,182.65,183.15,182.65,182.92,368.780083
2019-11-02 07:19:00,182.69,182.69,182.65,182.65,95.655646
2019-11-02 07:18:00,182.62,182.67,182.62,182.67,36.57077
2019-11-02 07:17:00,182.67,182.68,182.61,182.61,32.903033
2019-11-02 07:16:00,182.65,182.7,182.65,182.65,12.504698
2019-11-02 07:15:00,182.62,182.7,182.62,182.7,2.962549
2019-11-02 07:14:00,182.69,182.69,182.59,182.65,113.843258
2019-11-02 07:13:00,182.67,182.7,182.62,182.7,8.808167
2019-11-02 07:12:00,182.39,182.69,182.39,182.68,515.261604
2019-11-02 07:11:00,182.44,182.44,182.37,182.39,28.254112
2019-11-02 07:10:00,182.48,182.49,182.44,182.44,37.4051
2019-11-02 07:09:00,182.59,182.6,182.49,182.5,202.465182
2019-11-02 07:08:00,182.54,182.72,182.54,182.6,48.185206
2019-11-02 07:07:00,182.53,182.58,182.5,182.56,36.973849
2019-11-02 07:06:00,182.58,182.58,182.53,182.53,137.506487
2019-11-02 07:05:00,182.6,182.6,182.58,182.6,819.770677
2019-11-02 07:04:00,182.67,182.72,182.51,182.6,501.4065
2019-11-02 07:03:00,182.59,182.81,182.59,182.66,89.231953
2019-11-02 07:02:00,182.81,182.81,182.55,182.63,114.651766
2019-11-02 07:01:00,182.83,182.86,182.78,182.81,11.180077
2019-11-02 07:00:00,182.65,182.92,182.62,182.83,127.390178
2019-11-02 06:59:00,182.86,182.86,182.53,182.66,79.985859
2019-11-02 06:58:00,182.89,182.93,182.84,182.87,98.323316
2019-11-02 06:57:00,182.89,182.89,182.88,182.88,0.911076
2019-11-02 06:56:00,182.68,182.86,182.68,182.86,77.55492
2019-11-02 06:55:00,182.78,182.78,182.62,182.68,64.56349
2019-11-02 06:54:00,182.91,182.91,182.78,182.78,222.500705
2019-11-02 06:53:00,182.95,183.01,182.93,182.93,55.553244
2019-11-02 06:52:00,182.95,182.95,182.91,182.95,1114.481976
2019-11-02 06:51:00,183,183.03,182.96,182.96,292.224606
2019-11-02 06:50:00,183.01,183.05,183.01,183.02,204.442491
2019-11-02 06:49:00,182.93,183.01,182.93,183,20.443358
2019-11-02 06:48:00,183.02,183.02,182.94,183,89.175666
2019-11-02 06:47:00,182.99,183.02,182.97,183.02,35.096223
2019-11-02 06:46:00,182.97,183.03,182.97,183.02,61.646301
2019-11-02 06:45:00,183,183,182.95,182.96,10.716727
2019-11-02 06:44:00,183.01,183.01,182.94,183,33.192012
2019-11-02 06:43:00,182.95,183.06,182.95,182.99,155.387433
2019-11-02 06:42:00,182.92,182.98,182.92,182.95,58.661026
2019-11-02 06:41:00,182.86,182.99,182.86,182.92,75.535718
2019-11-02 06:40:00,182.93,182.93,182.86,182.86,11.213389
2019-11-02 06:39:00,182.87,182.92,182.84,182.92,35.583427
2019-11-02 06:38:00,182.91,182.95,182.89,182.89,19.421237
2019-11-02 06:37:00,182.88,182.91,182.88,182.91,22.047782
2019-11-02 06:36:00,182.86,182.91,182.83,182.83,1.345966
2019-11-02 06:35:00,182.93,182.98,182.8,182.87,9.106961
2019-11-02 06:34:00,182.98,183.01,182.9,183,15.846909
2019-11-02 06:33:00,182.81,182.98,182.81,182.98,15.920867
2019-11-02 06:32:00,182.86,182.89,182.8,182.85,2.965312
2019-11-02 06:31:00,183.06,183.1,182.9,182.91,288.228702
2019-11-02 06:30:00,182.93,183.07,182.81,182.97,337.738963
2019-11-02 06:29:00,182.86,183,182.86,182.93,358.899055
2019-11-02 06:28:00,182.74,182.9,182.6,182.87,1105.147134
2019-11-02 06:27:00,182.69,182.76,182.62,182.69,69.00828
2019-11-02 06:26:00,182.61,182.7,182.58,182.66,164.536745
2019-11-02 06:25:00,182.59,182.6,182.5,182.6,239.957379
2019-11-02 06:24:00,182.65,182.65,182.56,182.6,2.938856
2019-11-02 06:23:00,182.82,182.82,182.72,182.72,203.981132
2019-11-02 06:22:00,182.57,182.85,182.57,182.82,120.754544
2019-11-02 06:21:00,182.65,182.65,182.56,182.56,4.084148
2019-11-02 06:20:00,182.94,182.94,182.63,182.7,40.776244
2019-11-02 06:19:00,182.97,182.97,182.94,182.94,51.64004
2019-11-02 06:18:00,182.91,183.08,182.91,182.91,23.191181
2019-11-02 06:17:00,182.99,182.99,182.86,182.91,61.982171
2019-11-02 06:16:00,183.11,183.11,182.88,182.98,111.434041
2019-11-02 06:15:00,183.25,183.25,183.02,183.04,185.82773
2019-11-02 06:14:00,183.45,183.45,183.22,183.25,72.336961
2019-11-02 06:13:00,183.49,183.49,183.29,183.44,23.00909
2019-11-02 06:12:00,183.18,183.56,183.18,183.55,58.51702
2019-11-02 06:11:00,183.62,183.69,183.17,183.18,201.475122
2019-11-02 06:10:00,183.94,184.09,183.55,183.62,286.085953
2019-11-02 06:09:00,183.82,183.91,183.82,183.91,180.705786
2019-11-02 06:08:00,183.9,183.9,183.79,183.82,120.548027
2019-11-02 06:07:00,183.87,183.93,183.82,183.9,93.539898
2019-11-02 06:06:00,183.77,183.88,183.74,183.87,75.332258
2019-11-02 06:05:00,183.74,183.83,183.74,183.74,87.144102
2019-11-02 06:04:00,183.69,183.82,183.69,183.73,37.452553
2019-11-02 06:03:00,183.82,183.85,183.75,183.75,3.428284
2019-11-02 06:02:00,183.7,183.84,183.66,183.84,19.089175
2019-11-02 06:01:00,183.75,183.9,183.71,183.71,61.642096
2019-11-02 06:00:00,183.77,183.86,183.76,183.81,11.777128
2019-11-02 05:59:00,183.58,183.77,183.58,183.77,14.472371
2019-11-02 05:58:00,183.57,183.58,183.46,183.58,107.645623
2019-11-02 05:57:00,183.54,183.54,183.53,183.54,0.459479
2019-11-02 05:56:00,183.54,183.54,183.46,183.47,16.130182
2019-11-02 05:55:00,183.61,183.61,183.61,183.61,0.060997
2019-11-02 05:54:00,183.41,183.58,183.41,183.58,260.459696
2019-11-02 05:53:00,183.49,183.49,183.41,183.41,0.868512
2019-11-02 05:52:00,183.46,183.52,183.39,183.46,19.76728
2019-11-02 05:51:00,183.76,183.76,183.4,183.5,259.588136
2019-11-02 05:50:00,183.56,183.88,183.56,183.81,160.439814
2019-11-02 05:49:00,183.42,183.61,183.4,183.61,145.687835
2019-11-02 05:48:00,183.38,183.49,183.33,183.42,261.985638
2019-11-02 05:47:00,183.27,183.42,183.27,183.38,36.938338
2019-11-02 05:46:00,183.38,183.4,183.27,183.27,9.070462
2019-11-02 05:45:00,183.44,183.44,183.37,183.42,69.953077
2019-11-02 05:44:00,183.65,183.65,183.43,183.46,85.042436
2019-11-02 05:43:00,183.46,183.69,183.43,183.65,2045.967012
2019-11-02 05:42:00,182.95,183.5,182.95,183.45,157.659055
2019-11-02 05:41:00,182.91,182.96,182.84,182.96,5.265389
2019-11-02 05:40:00,182.83,182.91,182.8,182.87,102.025691
2019-11-02 05:39:00,182.95,182.95,182.7,182.83,719.484783
2019-11-02 05:38:00,183.38,183.38,182.76,182.95,1236.721108
2019-11-02 05:37:00,183.42,183.42,183.35,183.39,39.152165
2019-11-02 05:36:00,183.53,183.53,183.4,183.41,8.583559
2019-11-02 05:35:00,183.64,183.64,183.48,183.53,15.625851
2019-11-02 05:34:00,183.64,183.65,183.64,183.65,1.406618
2019-11-02 05:33:00,183.71,183.71,183.61,183.61,7.767717
2019-11-02 05:32:00,183.8,183.8,183.71,183.71,2.125724
2019-11-02 05:31:00,183.86,183.86,183.76,183.77,13.856797
2019-11-02 05:30:00,183.92,183.92,183.82,183.88,33.772028
2019-11-02 05:29:00,183.98,184.08,183.86,183.88,565.703981
2019-11-02 05:28:00,183.93,183.99,183.93,183.98,65.206071
2019-11-02 05:27:00,183.87,183.94,183.87,183.93,106.256814
2019-11-02 05:26:00,183.94,183.94,183.86,183.86,24.133759
2019-11-02 05:25:00,183.93,183.95,183.92,183.95,65.832811
2019-11-02 05:24:00,183.93,183.94,183.93,183.93,94.762563
2019-11-02 05:23:00,183.93,183.94,183.93,183.93,66.472366
2019-11-02 05:22:00,183.92,183.94,183.92,183.94,293.871884
2019-11-02 05:21:00,183.91,183.92,183.9,183.92,64.622092
2019-11-02 05:20:00,183.97,183.97,183.78,183.92,699.477827
2019-11-02 05:19:00,183.97,183.98,183.97,183.97,43.309443
2019-11-02 05:18:00,183.93,183.97,183.93,183.97,202.608294
2019-11-02 05:17:00,183.93,183.94,183.93,183.93,601.226529
2019-11-02 05:16:00,183.86,183.93,183.86,183.93,355.86024
2019-11-02 05:15:00,183.73,183.86,183.73,183.86,38.885115
2019-11-02 05:14:00,183.6,183.74,183.59,183.73,570.947599
2019-11-02 05:13:00,183.97,183.97,183.54,183.6,290.453
2019-11-02 05:12:00,183.97,184.16,183.86,183.98,268.40172
2019-11-02 05:11:00,184.14,184.14,183.94,183.98,93.857063
2019-11-02 05:10:00,184.1,184.18,183.94,184.13,221.493167
2019-11-02 05:09:00,184.14,184.2,184.03,184.04,265.977829
2019-11-02 05:08:00,184.14,184.16,184.14,184.16,4.836448
2019-11-02 05:07:00,184.07,184.13,184.03,184.13,67.264905
2019-11-02 05:06:00,184.48,184.49,184.11,184.11,139.354444
2019-11-02 05:05:00,184.39,184.5,184.39,184.45,144.732983
2019-11-02 05:04:00,184.33,184.5,184.32,184.4,129.953112
2019-11-02 05:03:00,184.33,184.34,184.32,184.32,3.714125
2019-11-02 05:02:00,184.23,184.34,184.23,184.33,39.458424
2019-11-02 05:01:00,184.21,184.27,184.16,184.23,83.16129
2019-11-02 05:00:00,184.04,184.33,184.04,184.11,72.957294
2019-11-02 04:59:00,184.18,184.2,184.01,184.06,51.963738
2019-11-02 04:58:00,184.22,184.27,184.13,184.19,99.233023
2019-11-02 04:57:00,184.29,184.33,184.22,184.22,210.13172
2019-11-02 04:56:00,184.25,184.35,184.22,184.28,348.415186
2019-11-02 04:55:00,184.13,184.5,184.02,184.25,2898.856778
2019-11-02 04:54:00,184.08,184.13,184.03,184.12,347.217688
2019-11-02 04:53:00,183.96,184.12,183.96,184.07,806.582927
2019-11-02 04:52:00,183.88,183.96,183.88,183.96,192.681152
2019-11-02 04:51:00,183.81,183.92,183.75,183.88,116.806091
2019-11-02 04:50:00,183.77,183.83,183.75,183.81,81.937776
2019-11-02 04:49:00,183.65,183.88,183.62,183.77,568.472438
2019-11-02 04:48:00,183.52,183.81,183.52,183.61,735.808982
2019-11-02 04:47:00,183.18,183.7,183.18,183.51,1261.563612
2019-11-02 04:46:00,182.98,183.18,182.98,183.13,129.484815
2019-11-02 04:45:00,182.93,183.04,182.92,182.99,25.908394
2019-11-02 04:44:00,182.91,183,182.91,182.92,48.080706
2019-11-02 04:43:00,182.99,182.99,182.83,182.9,87.707457
2019-11-02 04:42:00,183.08,183.08,182.99,183.01,30.793432
2019-11-02 04:41:00,183.05,183.16,183.01,183.07,43.210649
2019-11-02 04:40:00,183,183.04,183,183.04,13.02046
2019-11-02 04:39:00,183.01,183.07,183,183.03,51.7213
2019-11-02 04:38:00,183,183.09,183,183.01,20.500216
2019-11-02 04:37:00,182.96,182.96,182.85,182.96,67.050445
2019-11-02 04:36:00,182.87,183.22,182.83,182.97,356.595069
2019-11-02 04:35:00,182.88,182.92,182.79,182.88,144.19427
2019-11-02 04:34:00,183.06,183.06,182.89,182.89,49.335632
2019-11-02 04:33:00,183.16,183.16,183.07,183.07,157.236239
2019-11-02 04:32:00,183.07,183.22,183.05,183.17,75.85486
2019-11-02 04:31:00,183.08,183.13,183,183.07,51.850962
2019-11-02 04:30:00,183.08,183.14,182.89,183.12,221.689576
2019-11-02 04:29:00,182.95,183.14,182.89,183.07,210.47449
2019-11-02 04:28:00,182.76,182.96,182.63,182.96,124.804841
2019-11-02 04:27:00,182.61,182.98,182.61,182.75,229.875618
2019-11-02 04:26:00,182.53,182.64,182.44,182.61,244.907266
2019-11-02 04:25:00,182.32,182.53,182.23,182.48,82.401248
2019-11-02 04:24:00,182.13,182.46,182.13,182.33,202.88877
2019-11-02 04:23:00,182.19,182.25,182.09,182.13,27.235089
2019-11-02 04:22:00,182.32,182.38,182.12,182.16,70.553244
2019-11-02 04:21:00,182.27,182.35,182.21,182.31,78.177691
2019-11-02 04:20:00,182.25,182.35,182.25,182.27,8.487734
2019-11-02 04:19:00,182.53,182.6,182.24,182.25,696.016993
2019-11-02 04:18:00,182.34,182.54,182.17,182.52,208.440255
2019-11-02 04:17:00,182.65,182.65,182.36,182.38,377.50015
2019-11-02 04:16:00,182.68,182.77,182.61,182.65,189.982692
2019-11-02 04:15:00,182.71,182.8,182.58,182.67,146.862073
2019-11-02 04:14:00,182.83,182.86,182.68,182.73,119.238149
2019-11-02 04:13:00,182.66,183.4,182.56,182.87,3566.093977
2019-11-02 04:12:00,182.53,182.75,182.48,182.65,1037.241144
2019-11-02 04:11:00,182.45,182.55,182.3,182.53,245.738558
2019-11-02 04:10:00,182.31,182.54,182.3,182.45,613.201273
2019-11-02 04:09:00,182.27,182.31,182.27,182.31,162.015973
2019-11-02 04:08:00,182.3,182.3,182.16,182.27,612.213846
2019-11-02 04:07:00,182.12,182.3,182.12,182.3,1158.956027
2019-11-02 04:06:00,182.12,182.15,181.96,182.12,316.311341
2019-11-02 04:05:00,181.97,182.16,181.97,182.12,129.318351
2019-11-02 04:04:00,182.01,182.24,181.93,181.96,243.347887
2019-11-02 04:03:00,181.79,182.02,181.79,182.01,876.264736
2019-11-02 04:02:00,181.7,181.93,181.65,181.79,191.373436
2019-11-02 04:01:00,181.5,181.87,181.49,181.64,1109.473707
2019-11-02 04:00:00,181.16,182.27,181.16,181.54,3200.656886
2019-11-02 03:59:00,181.07,181.38,181.05,181.18,306.255242
2019-11-02 03:58:00,181.04,181.07,180.97,181.07,46.261926
2019-11-02 03:57:00,181,181.08,180.95,181.04,2.580733
2019-11-02 03:56:00,181.05,181.08,180.99,180.99,1.576071
2019-11-02 03:55:00,181.04,181.09,180.96,180.98,75.48764
2019-11-02 03:54:00,181.07,181.07,181,181.03,6.53716
2019-11-02 03:53:00,181.04,181.06,181.04,181.06,0.203207
2019-11-02 03:52:00,181.05,181.08,181.02,181.03,8.219955
2019-11-02 03:51:00,181,181.09,181,181.06,5.903707
2019-11-02 03:50:00,180.99,181.06,180.99,181.05,1.073703
2019-11-02 03:49:00,181.03,181.03,180.95,181.03,46.576042
2019-11-02 03:48:00,180.95,181.03,180.95,181.03,13.731569
2019-11-02 03:47:00,181.07,181.07,180.98,180.98,3.318457
2019-11-02 03:46:00,180.94,181.07,180.94,181.07,1.068972
2019-11-02 03:45:00,180.96,181.05,180.95,180.96,1.569758
2019-11-02 03:44:00,181.11,181.11,181,181,6.661346
2019-11-02 03:43:00,181.01,181.1,181.01,181.1,11.60034
2019-11-02 03:42:00,180.93,181.01,180.93,181.01,2.367912
2019-11-02 03:41:00,180.89,180.92,180.88,180.92,33.929896
2019-11-02 03:40:00,180.9,180.93,180.88,180.93,0.713768
2019-11-02 03:39:00,180.86,180.95,180.8,180.91,47.402899
2019-11-02 03:38:00,180.92,180.92,180.81,180.86,0.864669
2019-11-02 03:37:00,180.8,180.95,180.79,180.92,48.118397
2019-11-02 03:36:00,180.85,180.88,180.74,180.8,21.827393
2019-11-02 03:35:00,180.98,181.03,180.87,180.89,6.838861
2019-11-02 03:34:00,181.04,181.04,180.99,180.99,4.802857
2019-11-02 03:33:00,180.99,181.05,180.94,181.03,37.166571
2019-11-02 03:32:00,181.01,181.01,180.86,180.99,23.377469
2019-11-02 03:31:00,180.95,180.98,180.89,180.92,37.093241
2019-11-02 03:30:00,180.86,181.03,180.86,180.94,32.487034
2019-11-02 03:29:00,181.05,181.05,180.82,180.86,38.032222
2019-11-02 03:28:00,180.89,181.06,180.89,181.06,1.458915
2019-11-02 03:27:00,180.94,180.97,180.92,180.93,8.334726
2019-11-02 03:26:00,181.01,181.13,181.01,181.05,3.220618
2019-11-02 03:25:00,181.04,181.05,180.93,180.94,90.645476
2019-11-02 03:24:00,180.93,181.07,180.93,181.07,5.321161
2019-11-02 03:23:00,181.07,181.07,180.82,180.93,132.446314
2019-11-02 03:22:00,180.97,180.98,180.88,180.98,5.205034
2019-11-02 03:21:00,180.85,181,180.85,180.98,58.677403
2019-11-02 03:20:00,180.92,181.02,180.86,180.87,27.718275
2019-11-02 03:19:00,180.98,181.1,180.95,180.95,53.42175
2019-11-02 03:18:00,180.96,180.98,180.88,180.9,27.606086
2019-11-02 03:17:00,180.93,180.95,180.82,180.95,76.158089
2019-11-02 03:16:00,181.05,181.05,180.98,180.98,77.508744
2019-11-02 03:15:00,181.07,181.18,181.07,181.07,47.441189
2019-11-02 03:14:00,181.01,181.06,180.95,181.01,87.362268
2019-11-02 03:13:00,180.9,181.01,180.79,181.01,36.508669
2019-11-02 03:12:00,180.99,181,180.96,180.96,201.174624
2019-11-02 03:11:00,180.89,181.03,180.89,181.02,37.011657
2019-11-02 03:10:00,180.83,180.9,180.83,180.9,11.426804
2019-11-02 03:09:00,180.85,180.91,180.74,180.91,36.127131
2019-11-02 03:08:00,180.96,181.1,180.89,180.89,36.885038
2019-11-02 03:07:00,180.93,181.01,180.9,180.97,86.373893
2019-11-02 03:06:00,180.98,181.01,180.93,180.93,1.449741
2019-11-02 03:05:00,180.95,180.96,180.85,180.96,13.708351
2019-11-02 03:04:00,180.63,181.01,180.63,180.96,1028.014372
2019-11-02 03:03:00,180.61,180.63,180.61,180.63,1.470215
2019-11-02 03:02:00,180.46,180.63,180.46,180.61,36.205052
2019-11-02 03:01:00,180.6,180.6,180.45,180.46,44.106354
2019-11-02 03:00:00,180.52,180.6,180.52,180.6,2.16594
2019-11-02 02:59:00,180.43,180.58,180.43,180.52,4.955532
2019-11-02 02:58:00,180.55,180.55,180.43,180.43,1.84079
2019-11-02 02:57:00,180.51,180.65,180.51,180.51,18.177517
2019-11-02 02:56:00,180.54,180.59,180.5,180.5,1.895598
2019-11-02 02:55:00,180.65,180.65,180.54,180.54,11.793236
2019-11-02 02:54:00,180.59,180.66,180.57,180.66,1.204925
2019-11-02 02:53:00,180.68,180.68,180.53,180.64,9.541055
2019-11-02 02:52:00,180.56,180.68,180.55,180.68,1.310179
2019-11-02 02:51:00,180.57,180.67,180.57,180.58,8.770738
2019-11-02 02:50:00,180.62,180.62,180.58,180.58,0.25778
2019-11-02 02:49:00,180.64,180.64,180.59,180.59,1.041718
2019-11-02 02:48:00,180.57,180.64,180.57,180.64,2.137377
2019-11-02 02:47:00,180.6,180.6,180.56,180.57,1.129149
2019-11-02 02:46:00,180.59,180.69,180.59,180.66,54.960803
2019-11-02 02:45:00,180.59,180.75,180.58,180.58,217.244911
2019-11-02 02:44:00,180.44,180.66,180.44,180.59,29.750999
2019-11-02 02:43:00,180.4,180.49,180.39,180.44,25.544704
2019-11-02 02:42:00,180.46,180.46,180.4,180.45,8.709874
2019-11-02 02:41:00,180.57,180.64,180.49,180.49,15.266104
2019-11-02 02:40:00,180.56,180.64,180.48,180.57,14.83495
2019-11-02 02:39:00,180.6,180.62,180.43,180.56,15.375849
2019-11-02 02:38:00,180.71,180.72,180.6,180.6,39.854348
2019-11-02 02:37:00,180.53,180.82,180.48,180.7,112.437247
2019-11-02 02:36:00,180.56,180.59,180.49,180.52,41.627231
2019-11-02 02:35:00,180.21,180.56,180.2,180.56,109.953597
2019-11-02 02:34:00,180.18,180.22,180.18,180.21,2.613806
2019-11-02 02:33:00,180.26,180.26,180.17,180.17,9.454827
2019-11-02 02:32:00,180.2,180.21,180.14,180.21,2.211065
2019-11-02 02:31:00,180.24,180.28,180.12,180.21,13.91649
2019-11-02 02:30:00,180.25,180.29,180.24,180.25,3.074863
2019-11-02 02:29:00,180.14,180.29,180.14,180.24,32.345532
2019-11-02 02:28:00,180.21,180.24,180.14,180.14,2.5168
2019-11-02 02:27:00,180.14,180.24,180.1,180.24,8.847487
2019-11-02 02:26:00,180.26,180.26,180.09,180.15,106.925086
2019-11-02 02:25:00,180.33,180.39,180.28,180.28,1.827855
2019-11-02 02:24:00,180.3,180.4,180.29,180.33,24.992149
2019-11-02 02:23:00,180.36,180.36,180.29,180.3,8.079946
2019-11-02 02:22:00,180.29,180.36,180.28,180.36,56.575285
2019-11-02 02:21:00,180.28,180.31,180.28,180.29,2.879113
2019-11-02 02:20:00,180.29,180.29,180.25,180.26,3.324848
2019-11-02 02:19:00,180.21,180.29,180.21,180.29,7.604832
2019-11-02 02:18:00,180.21,180.21,180.2,180.2,8.398744
2019-11-02 02:17:00,180.21,180.26,180.21,180.21,0.166069
2019-11-02 02:16:00,180.26,180.26,180.22,180.22,0.267045
2019-11-02 02:15:00,180.27,180.28,180.21,180.27,9.915965
2019-11-02 02:14:00,180.33,180.33,180.27,180.27,4.721775
2019-11-02 02:13:00,180.24,180.34,180.21,180.33,90.882801
2019-11-02 02:12:00,180.21,180.32,180.21,180.27,142.827576
2019-11-02 02:11:00,180.29,180.34,180.21,180.22,69.122167
2019-11-02 02:10:00,180.25,180.34,180.25,180.29,22.108461
2019-11-02 02:09:00,180.27,180.32,180.23,180.25,60.422417
2019-11-02 02:08:00,180.26,180.28,180.2,180.27,22.378647
2019-11-02 02:07:00,180.27,180.27,180.26,180.26,0.148819
2019-11-02 02:06:00,180.28,180.32,180.26,180.26,9.754426
2019-11-02 02:05:00,180.36,180.36,180.25,180.28,20.065285
2019-11-02 02:04:00,180.43,180.43,180.35,180.36,9.444612
2019-11-02 02:03:00,180.5,180.56,180.35,180.48,49.293715
2019-11-02 02:02:00,180.55,180.59,180.47,180.5,46.104608
2019-11-02 02:01:00,180.53,180.54,180.41,180.54,9.339686
2019-11-02 02:00:00,180.35,180.53,180.35,180.52,9.49706
2019-11-02 01:59:00,180.33,180.39,180.27,180.27,12.118281
2019-11-02 01:58:00,180.36,180.43,180.36,180.42,23.75097
2019-11-02 01:57:00,180.29,180.44,180.29,180.41,24.989296
2019-11-02 01:56:00,180.4,180.4,180.28,180.28,9.910769
2019-11-02 01:55:00,180.43,180.43,180.38,180.41,1.445475
2019-11-02 01:54:00,180.43,180.44,180.41,180.44,0.929293
2019-11-02 01:53:00,180.37,180.41,180.33,180.41,44.72317
2019-11-02 01:52:00,180.37,180.38,180.32,180.36,25.741019
2019-11-02 01:51:00,180.28,180.32,180.25,180.31,8.445816
2019-11-02 01:50:00,180.43,180.43,180.31,180.38,9.52578
2019-11-02 01:49:00,180.4,180.44,180.4,180.44,19.439279
2019-11-02 01:48:00,180.37,180.43,180.35,180.42,27.176766
2019-11-02 01:47:00,180.31,180.44,180.27,180.43,103.020029
2019-11-02 01:46:00,180.26,180.31,180.24,180.31,9.582661
2019-11-02 01:45:00,180.2,180.28,180.19,180.27,31.359738
2019-11-02 01:44:00,180.27,180.28,180.17,180.28,20.778007
2019-11-02 01:43:00,180.24,180.31,180.17,180.28,18.864877
2019-11-02 01:42:00,180.24,180.24,180.18,180.21,0.88406
2019-11-02 01:41:00,180.22,180.24,180.17,180.24,1.741048
2019-11-02 01:40:00,180.15,180.22,180.14,180.22,3.856592
2019-11-02 01:39:00,180.21,180.21,180.1,180.15,27.562932
2019-11-02 01:38:00,180.15,180.24,180.15,180.21,30.234594
2019-11-02 01:37:00,180.34,180.34,180.19,180.21,27.841248
2019-11-02 01:36:00,180.31,180.34,180.19,180.34,26.214503
2019-11-02 01:35:00,180.49,180.49,180.26,180.31,44.583577
2019-11-02 01:34:00,180.41,180.68,180.39,180.5,151.888694
2019-11-02 01:33:00,180.39,180.42,180.3,180.41,70.403794
2019-11-02 01:32:00,180.28,180.44,180.28,180.4,30.857819
2019-11-02 01:31:00,180.23,180.32,180.2,180.32,6.459627
2019-11-02 01:30:00,180.24,180.28,180.17,180.23,32.057824
2019-11-02 01:29:00,180.33,180.33,180.2,180.24,9.283645
2019-11-02 01:28:00,180.27,180.44,180.17,180.33,55.55149
2019-11-02 01:27:00,180.14,180.24,180.07,180.2,96.208649
2019-11-02 01:26:00,180.28,180.48,180.14,180.14,89.551879
2019-11-02 01:25:00,179.89,180.32,179.89,180.27,198.036843
2019-11-02 01:24:00,179.92,179.93,179.76,179.88,84.100544
2019-11-02 01:23:00,180.01,180.12,179.92,179.92,81.681596
2019-11-02 01:22:00,180.02,180.13,180,180.01,42.884597
2019-11-02 01:21:00,180.04,180.17,180.01,180.01,31.929513
2019-11-02 01:20:00,180.21,180.24,180,180.05,75.146414
2019-11-02 01:19:00,180.15,180.28,180.15,180.21,16.745955
2019-11-02 01:18:00,180.23,180.28,180.08,180.14,16.754
2019-11-02 01:17:00,180.13,180.28,180.1,180.16,57.720557
2019-11-02 01:16:00,180.2,180.27,180.07,180.16,16.300302
2019-11-02 01:15:00,180.28,180.28,180.11,180.17,10.301896
2019-11-02 01:14:00,180.42,180.45,180.27,180.29,16.318583
2019-11-02 01:13:00,180.45,180.45,180.39,180.41,1.564789
2019-11-02 01:12:00,180.21,180.38,180.2,180.38,15.391531
2019-11-02 01:11:00,180.22,180.34,180.19,180.22,10.012522
2019-11-02 01:10:00,180.54,180.54,180.15,180.17,103.218734
2019-11-02 01:09:00,180.36,180.59,180.29,180.59,27.253829
2019-11-02 01:08:00,180.24,180.41,180.23,180.29,145.12671
2019-11-02 01:07:00,180.22,180.33,180.2,180.28,62.02109
2019-11-02 01:06:00,180.19,180.35,180.19,180.22,17.296916
2019-11-02 01:05:00,180.11,180.33,180.11,180.2,76.364168
2019-11-02 01:04:00,180.28,180.36,180.11,180.11,112.495879
2019-11-02 01:03:00,180.13,180.25,180.07,180.25,42.127637
2019-11-02 01:02:00,180.14,180.15,180.07,180.12,17.054674
2019-11-02 01:01:00,180.18,180.18,180.07,180.14,22.841542
2019-11-02 01:00:00,180.06,180.27,180.06,180.22,97.638494
2019-11-02 00:59:00,180.29,180.43,180.06,180.06,301.913218
2019-11-02 00:58:00,179.76,180.66,179.76,180.29,999.877195
2019-11-02 00:57:00,179.88,179.88,179.76,179.76,4.91757
2019-11-02 00:56:00,179.8,179.91,179.8,179.9,44.988693
2019-11-02 00:55:00,179.78,179.89,179.75,179.76,21.214265
2019-11-02 00:54:00,179.87,179.92,179.78,179.78,7.77484
2019-11-02 00:53:00,179.74,179.92,179.69,179.91,49.873367
2019-11-02 00:52:00,179.7,179.74,179.63,179.74,45.443488
2019-11-02 00:51:00,179.76,179.76,179.7,179.71,43.076005
2019-11-02 00:50:00,179.67,179.79,179.67,179.76,46.092699
2019-11-02 00:49:00,179.83,179.88,179.66,179.67,40.505641
2019-11-02 00:48:00,179.81,179.84,179.73,179.84,63.223705
2019-11-02 00:47:00,179.82,179.83,179.76,179.82,30.925283
2019-11-02 00:46:00,179.92,179.96,179.59,179.82,1217.062703
2019-11-02 00:45:00,179.93,179.94,179.91,179.92,5.56022
2019-11-02 00:44:00,179.97,179.97,179.91,179.93,17.407564
2019-11-02 00:43:00,179.95,180.04,179.92,179.99,72.129734
2019-11-02 00:42:00,179.91,179.91,179.85,179.89,17.419849
2019-11-02 00:41:00,179.9,180.01,179.9,179.91,2.088464
2019-11-02 00:40:00,180.01,180.02,179.85,179.9,35.312657
2019-11-02 00:39:00,179.97,180.02,179.89,180.01,102.396561
2019-11-02 00:38:00,180.03,180.03,179.9,179.98,20.578592
2019-11-02 00:37:00,180.08,180.08,179.95,180.04,47.090113
2019-11-02 00:36:00,180.19,180.19,179.96,180.08,40.695142
2019-11-02 00:35:00,179.89,180.22,179.89,180.22,48.854104
2019-11-02 00:34:00,179.95,180,179.88,179.89,103.128306
2019-11-02 00:33:00,179.94,180.03,179.86,179.98,30.15228
2019-11-02 00:32:00,180.06,180.08,179.94,179.94,64.699974
2019-11-02 00:31:00,180.04,180.11,179.84,180.06,58.252113
2019-11-02 00:30:00,180.24,180.24,180.04,180.05,12.534637
2019-11-02 00:29:00,180,180.3,180,180.26,100.774412
2019-11-02 00:28:00,180.1,180.12,179.94,179.95,135.09924
2019-11-02 00:27:00,180.06,180.21,180.06,180.1,149.696191
2019-11-02 00:26:00,180.06,180.16,180.02,180.07,337.244926
2019-11-02 00:25:00,179.96,180.07,179.83,180.06,117.443257
2019-11-02 00:24:00,179.78,180.03,179.78,179.94,191.404327
2019-11-02 00:23:00,180.19,180.19,179.79,179.79,56.041431
2019-11-02 00:22:00,180.11,180.27,180.03,180.19,90.615424
2019-11-02 00:21:00,180.26,180.26,179.93,180.12,88.039505
2019-11-02 00:20:00,180.2,180.37,180.2,180.3,146.321498
2019-11-02 00:19:00,180.04,180.39,180.04,180.2,147.708558
2019-11-02 00:18:00,179.75,180.23,179.75,180.03,386.753721
2019-11-02 00:17:00,179.71,179.79,179.67,179.76,30.196157
2019-11-02 00:16:00,179.76,179.88,179.7,179.71,194.146406
2019-11-02 00:15:00,179.6,179.76,179.6,179.75,3.412829
2019-11-02 00:14:00,179.56,179.79,179.56,179.64,137.177013
2019-11-02 00:13:00,179.47,179.61,179.42,179.54,26.808684
2019-11-02 00:12:00,179.74,179.74,179.46,179.46,98.638358
2019-11-02 00:11:00,179.57,179.81,179.5,179.75,85.774059
2019-11-02 00:10:00,179.77,179.86,179.53,179.57,66.462677
2019-11-02 00:09:00,179.73,179.77,179.56,179.77,65.60228
2019-11-02 00:08:00,179.68,179.8,179.6,179.72,96.818543
2019-11-02 00:07:00,179.57,179.76,179.49,179.69,404.630124
2019-11-02 00:06:00,179.75,179.75,179.57,179.57,37.270474
2019-11-02 00:05:00,179.73,179.89,179.55,179.75,575.719171
2019-11-02 00:04:00,179.28,179.74,179.09,179.73,641.894358
2019-11-02 00:03:00,179.66,179.91,179.09,179.2,1010.641418
2019-11-02 00:02:00,179.66,180.12,179.36,179.7,1206.102955
2019-11-02 00:01:00,179.28,180.13,178.96,179.66,3419.838179
2019-11-02 00:00:00,179.01,179.29,176.58,179.23,11751.334186