2019-11-15 23:59:00,2.9727,2.9743,2.95,2.958,16185.1438
2019-11-15 23:58:00,2.9802,2.9848,2.9707,2.9708,21615.1305
2019-11-15 23:57:00,2.9881,2.99,2.98,2.98,10252.4755
2019-11-15 23:56:00,2.9988,2.9988,2.9859,2.986,8742.4854
2019-11-15 23:55:00,2.9941,3.0029,2.99,2.9993,10288.8511
2019-11-15 23:54:00,3.0042,3.0042,2.99,2.99,22087.5289
2019-11-15 23:53:00,2.9975,3.0081,2.9924,2.9933,6246.9396
2019-11-15 23:52:00,2.9901,3.0105,2.9901,2.9975,24290.1444
2019-11-15 23:51:00,2.9751,2.9934,2.975,2.9901,22505.9691
2019-11-15 23:50:00,2.9762,2.982,2.9707,2.9751,22931.1704
2019-11-15 23:49:00,2.9754,2.9762,2.9724,2.9724,10836.3957
2019-11-15 23:48:00,2.9724,2.9789,2.9697,2.9784,30941.6315
2019-11-15 23:47:00,2.9644,2.9816,2.9644,2.9726,15382.5728
2019-11-15 23:46:00,2.9656,2.9668,2.9644,2.9644,5429.6292
2019-11-15 23:45:00,2.9677,2.9692,2.9656,2.9656,8005.4747
2019-11-15 23:44:00,2.9683,2.9695,2.9668,2.9668,5154.5722
2019-11-15 23:43:00,2.97,2.9716,2.967,2.967,20292.6377
2019-11-15 23:42:00,2.9718,2.9799,2.9679,2.97,6464.904
2019-11-15 23:41:00,2.9722,2.9797,2.9671,2.9672,21282.5657
2019-11-15 23:40:00,2.9704,2.9799,2.97,2.9799,17424.4202
2019-11-15 23:39:00,2.9684,2.9795,2.9679,2.9704,6560.4686
2019-11-15 23:38:00,2.9749,2.9798,2.967,2.9798,23649.4807
2019-11-15 23:37:00,2.9713,2.9759,2.9669,2.9679,29021.4404
2019-11-15 23:36:00,2.9712,2.9734,2.9661,2.9681,5899.123
2019-11-15 23:35:00,2.966,2.972,2.966,2.972,6941.6813
2019-11-15 23:34:00,2.9727,2.9764,2.966,2.966,12485.4927
2019-11-15 23:33:00,2.9746,2.9795,2.9704,2.9761,3051.0043
2019-11-15 23:32:00,2.9826,2.9847,2.9704,2.9705,11508.3254
2019-11-15 23:31:00,2.97,2.9841,2.967,2.98,36685.8861
2019-11-15 23:30:00,2.9706,2.98,2.966,2.9767,25964.6952
2019-11-15 23:29:00,2.973,2.9735,2.9661,2.9681,11174.3803
2019-11-15 23:28:00,2.9753,2.9753,2.9661,2.973,22862.8448
2019-11-15 23:27:00,2.9703,2.9841,2.9701,2.9702,20198.9326
2019-11-15 23:26:00,2.9784,2.9784,2.9676,2.9767,18662.9427
2019-11-15 23:25:00,2.9919,2.9919,2.966,2.9784,119403.7327
2019-11-15 23:24:00,2.9901,2.994,2.9885,2.9885,2302.6578
2019-11-15 23:23:00,2.9942,2.998,2.9901,2.9901,3615.17
2019-11-15 23:22:00,2.9929,2.9995,2.9929,2.9942,6614.9203
2019-11-15 23:21:00,3,3.0023,2.993,2.9953,23909.851
2019-11-15 23:20:00,2.9976,3.0023,2.996,3,15286.0684
2019-11-15 23:19:00,2.996,2.9989,2.995,2.9962,7889.3136
2019-11-15 23:18:00,2.9947,2.9999,2.9901,2.9925,6293.3227
2019-11-15 23:17:00,2.985,2.9985,2.985,2.9985,28097.6068
2019-11-15 23:16:00,2.9855,2.99,2.985,2.9851,23181.9897
2019-11-15 23:15:00,2.9877,2.99,2.985,2.9853,10496.6838
2019-11-15 23:14:00,2.9941,2.9966,2.9877,2.9899,38128.6722
2019-11-15 23:13:00,2.999,2.9991,2.993,2.994,17296.1969
2019-11-15 23:12:00,2.9988,3,2.9941,2.9944,4480.1571
2019-11-15 23:11:00,3.0003,3.0003,2.993,2.9968,16202.0678
2019-11-15 23:10:00,3.0028,3.0099,3,3,56374.8191
2019-11-15 23:09:00,2.9981,3.0081,2.9941,2.9999,17291.4031
2019-11-15 23:08:00,2.9997,2.9998,2.9941,2.9979,7708.0476
2019-11-15 23:07:00,3.0115,3.0116,2.9947,2.9974,29712.4344
2019-11-15 23:06:00,3.0089,3.0136,3.0062,3.0089,6788.136
2019-11-15 23:05:00,2.9999,3.0112,2.9973,3.0062,40186.4037
2019-11-15 23:04:00,2.9926,3,2.9877,2.9942,19350.7993
2019-11-15 23:03:00,2.996,2.9964,2.9837,2.9929,17517.4205
2019-11-15 23:02:00,2.9874,2.995,2.9859,2.9922,29390.2314
2019-11-15 23:01:00,3.0027,3.0027,2.986,2.99,122062.8491
2019-11-15 23:00:00,3.0116,3.0116,3.0001,3.0001,23831.0422
2019-11-15 22:59:00,3.0186,3.0186,3.0116,3.0117,14337.9745
2019-11-15 22:58:00,3.0198,3.02,3.0177,3.0186,10388.3953
2019-11-15 22:57:00,3.0389,3.0399,3.0192,3.0198,63438.7828
2019-11-15 22:56:00,3.0455,3.0468,3.0378,3.0378,8106.5156
2019-11-15 22:55:00,3.0526,3.0526,3.0443,3.0447,4492.0693
2019-11-15 22:54:00,3.0526,3.0526,3.052,3.052,7227.6472
2019-11-15 22:53:00,3.0532,3.0532,3.052,3.052,7616.7767
2019-11-15 22:52:00,3.0498,3.0532,3.0498,3.0527,12033.3566
2019-11-15 22:51:00,3.049,3.0527,3.0467,3.0497,2321.1583
2019-11-15 22:50:00,3.05,3.0514,3.05,3.05,9428.2587
2019-11-15 22:49:00,3.0467,3.0527,3.0467,3.05,15921.6155
2019-11-15 22:48:00,3.0402,3.0485,3.0363,3.0467,5496.1773
2019-11-15 22:47:00,3.033,3.0442,3.0316,3.039,7797.9804
2019-11-15 22:46:00,3.0344,3.035,3.0316,3.0316,3508.8496
2019-11-15 22:45:00,3.0419,3.0443,3.032,3.032,7349.8292
2019-11-15 22:44:00,3.0437,3.0437,3.0372,3.0372,2733.4351
2019-11-15 22:43:00,3.0452,3.0502,3.0409,3.0437,14267.0137
2019-11-15 22:42:00,3.0317,3.05,3.0317,3.0423,7320.5235
2019-11-15 22:41:00,3.0316,3.0403,3.03,3.0396,16089.9109
2019-11-15 22:40:00,3.0342,3.0342,3.03,3.0301,71932.4725
2019-11-15 22:39:00,3.0457,3.049,3.034,3.034,8231.8265
2019-11-15 22:38:00,3.0456,3.0494,3.0456,3.0476,10939.8868
2019-11-15 22:37:00,3.0339,3.0527,3.0339,3.0412,28152.1405
2019-11-15 22:36:00,3.0349,3.0473,3.03,3.0371,27352.2088
2019-11-15 22:35:00,3.0197,3.035,3.0191,3.0349,44554.9337
2019-11-15 22:34:00,3.0091,3.0229,3,3.017,59125.7572
2019-11-15 22:33:00,3.02,3.035,2.9993,3.0091,145491.4507
2019-11-15 22:32:00,3.027,3.0285,3.0187,3.0188,60331.5043
2019-11-15 22:31:00,3.0475,3.0497,3.027,3.027,64989.0941
2019-11-15 22:30:00,3.0523,3.0528,3.0475,3.0475,29986.1492
2019-11-15 22:29:00,3.0608,3.0632,3.05,3.0546,93405.1051
2019-11-15 22:28:00,3.06,3.0672,3.058,3.0647,72187.5279
2019-11-15 22:27:00,3.0655,3.0666,3.06,3.06,21371.1567
2019-11-15 22:26:00,3.0639,3.0671,3.0605,3.062,41367.6217
2019-11-15 22:25:00,3.07,3.07,3.0612,3.0646,8587.3258
2019-11-15 22:24:00,3.077,3.077,3.0657,3.068,12333.7701
2019-11-15 22:23:00,3.0783,3.0802,3.0771,3.0773,4902.7929
2019-11-15 22:22:00,3.0758,3.0802,3.075,3.0782,4594.1481
2019-11-15 22:21:00,3.075,3.0802,3.068,3.0769,41031.1914
2019-11-15 22:20:00,3.0703,3.0802,3.0641,3.0795,23167.2589
2019-11-15 22:19:00,3.0974,3.0975,3.0671,3.0671,68394.5971
2019-11-15 22:18:00,3.1,3.1042,3.0949,3.0999,10181.9443
2019-11-15 22:17:00,3.0988,3.1059,3.0968,3.1034,34911.8265
2019-11-15 22:16:00,3.1042,3.1109,3.0979,3.0979,31354.6821
2019-11-15 22:15:00,3.1154,3.117,3.1005,3.104,17821.7352
2019-11-15 22:14:00,3.1102,3.1182,3.1102,3.111,6942.143
2019-11-15 22:13:00,3.1108,3.12,3.11,3.1143,18965.5425
2019-11-15 22:12:00,3.1055,3.12,3.1009,3.1101,44745.3133
2019-11-15 22:11:00,3.0982,3.11,3.0982,3.11,80463.4542
2019-11-15 22:10:00,3.1125,3.1125,3.098,3.0986,78594.6362
2019-11-15 22:09:00,3.1066,3.1124,3.1033,3.1044,12007.0112
2019-11-15 22:08:00,3.1029,3.1149,3.1,3.1035,36841.7888
2019-11-15 22:07:00,3.1066,3.1125,3.1014,3.1028,72227.2235
2019-11-15 22:06:00,3.1111,3.1169,3.1026,3.1097,21549.4497
2019-11-15 22:05:00,3.1146,3.117,3.1082,3.1082,30337.4775
2019-11-15 22:04:00,3.1224,3.1224,3.1105,3.1169,10889.8354
2019-11-15 22:03:00,3.1231,3.1231,3.1223,3.1223,304.5578
2019-11-15 22:02:00,3.1258,3.1274,3.1224,3.1229,2802.3245
2019-11-15 22:01:00,3.1204,3.1278,3.1188,3.1248,12363.72
2019-11-15 22:00:00,3.1192,3.1286,3.1151,3.1222,2607.9396
2019-11-15 21:59:00,3.122,3.1253,3.1131,3.1223,21009.4099
2019-11-15 21:58:00,3.128,3.128,3.1159,3.1217,17526.8598
2019-11-15 21:57:00,3.1448,3.1478,3.128,3.129,14620.6255
2019-11-15 21:56:00,3.1505,3.1543,3.1431,3.1438,26353.9901
2019-11-15 21:55:00,3.1553,3.1553,3.1505,3.1547,10404.0752
2019-11-15 21:54:00,3.1575,3.1575,3.1555,3.1555,4035.1281
2019-11-15 21:53:00,3.1627,3.1627,3.1565,3.1566,13602.4493
2019-11-15 21:52:00,3.1627,3.1644,3.1623,3.1623,6588.8203
2019-11-15 21:51:00,3.1649,3.1649,3.1605,3.1627,1472.4999
2019-11-15 21:50:00,3.1686,3.1698,3.16,3.1616,8156.1042
2019-11-15 21:49:00,3.1693,3.17,3.1686,3.1689,10480.6894
2019-11-15 21:48:00,3.1685,3.17,3.168,3.1687,11983.743
2019-11-15 21:47:00,3.1679,3.1698,3.1671,3.1671,10079.4319
2019-11-15 21:46:00,3.1678,3.1685,3.1674,3.1679,8242.3366
2019-11-15 21:45:00,3.1681,3.1683,3.1678,3.1678,20819.1557
2019-11-15 21:44:00,3.1762,3.1781,3.1671,3.1671,4910.1525
2019-11-15 21:43:00,3.1737,3.1762,3.1737,3.1762,2227.5972
2019-11-15 21:42:00,3.1772,3.1772,3.17,3.1735,6997.701
2019-11-15 21:41:00,3.1783,3.1794,3.1771,3.1771,4427.5493
2019-11-15 21:40:00,3.1776,3.1786,3.1774,3.1777,3834.0277
2019-11-15 21:39:00,3.1768,3.1788,3.1763,3.1775,1521.0913
2019-11-15 21:38:00,3.1771,3.1774,3.1765,3.1774,5500.5148
2019-11-15 21:37:00,3.1829,3.1829,3.1771,3.1771,23340.5459
2019-11-15 21:36:00,3.1825,3.1835,3.1815,3.1835,7903.2559
2019-11-15 21:35:00,3.1824,3.1827,3.1824,3.1825,1098.1249
2019-11-15 21:34:00,3.182,3.1833,3.1812,3.1812,4611.4908
2019-11-15 21:33:00,3.1815,3.1824,3.1791,3.1824,2545.535
2019-11-15 21:32:00,3.18,3.1812,3.1786,3.1791,3997.8705
2019-11-15 21:31:00,3.1769,3.182,3.1769,3.1812,7551.233
2019-11-15 21:30:00,3.1791,3.1791,3.1763,3.178,1128.0606
2019-11-15 21:29:00,3.1799,3.18,3.1774,3.1788,1107.1709
2019-11-15 21:28:00,3.168,3.18,3.168,3.1792,30943.2747
2019-11-15 21:27:00,3.1688,3.1688,3.1673,3.1676,5841.3861
2019-11-15 21:26:00,3.1709,3.1709,3.1688,3.1697,1408.1661
2019-11-15 21:25:00,3.1673,3.1698,3.1671,3.1691,2256.9022
2019-11-15 21:24:00,3.1684,3.1713,3.1667,3.1696,2708.4507
2019-11-15 21:23:00,3.1671,3.1725,3.1667,3.1693,2428.3579
2019-11-15 21:22:00,3.1755,3.1771,3.167,3.1717,18464.9082
2019-11-15 21:21:00,3.1754,3.1775,3.17,3.17,6635.7792
2019-11-15 21:20:00,3.1785,3.1785,3.1723,3.1745,6463.403
2019-11-15 21:19:00,3.1786,3.1787,3.1784,3.1784,3051.9551
2019-11-15 21:18:00,3.1777,3.179,3.1777,3.1786,7836.0557
2019-11-15 21:17:00,3.1781,3.1784,3.1778,3.1781,1395.257
2019-11-15 21:16:00,3.1783,3.1783,3.1781,3.1781,4329.6171
2019-11-15 21:15:00,3.1788,3.1788,3.1781,3.1781,1495.4272
2019-11-15 21:14:00,3.1781,3.1783,3.1781,3.1783,710.3838
2019-11-15 21:13:00,3.1777,3.1789,3.1776,3.1782,3367.2411
2019-11-15 21:12:00,3.1775,3.1778,3.1774,3.1777,4395.8468
2019-11-15 21:11:00,3.1773,3.178,3.1773,3.1774,951.9589
2019-11-15 21:10:00,3.1776,3.1776,3.177,3.1773,2576.9699
2019-11-15 21:09:00,3.1798,3.1798,3.1767,3.1781,2476.13
2019-11-15 21:08:00,3.1799,3.1799,3.1797,3.1798,5315.186
2019-11-15 21:07:00,3.1796,3.18,3.1796,3.18,3736.2817
2019-11-15 21:06:00,3.1775,3.18,3.1773,3.18,1806.5028
2019-11-15 21:05:00,3.1758,3.1786,3.1719,3.1776,1852.747
2019-11-15 21:04:00,3.1741,3.1784,3.1731,3.1784,5349.7677
2019-11-15 21:03:00,3.1692,3.1743,3.1692,3.1727,10792.4197
2019-11-15 21:02:00,3.1701,3.1729,3.1668,3.1691,3918.2463
2019-11-15 21:01:00,3.1696,3.171,3.1696,3.171,5933.2949
2019-11-15 21:00:00,3.1632,3.1692,3.1632,3.1689,6798.0879
2019-11-15 20:59:00,3.1645,3.1699,3.164,3.1669,2452.5241
2019-11-15 20:58:00,3.1634,3.1644,3.1629,3.1629,3402.0684
2019-11-15 20:57:00,3.1635,3.1648,3.1632,3.1641,2697.3486
2019-11-15 20:56:00,3.1617,3.1637,3.1613,3.1636,3048.8405
2019-11-15 20:55:00,3.1614,3.1623,3.1612,3.1614,2598.2482
2019-11-15 20:54:00,3.1625,3.1636,3.1614,3.1614,1845.3982
2019-11-15 20:53:00,3.1615,3.1627,3.1598,3.162,3510.1089
2019-11-15 20:52:00,3.1621,3.1628,3.1562,3.1598,3044.5044
2019-11-15 20:51:00,3.1614,3.1629,3.1614,3.1621,2907.5752
2019-11-15 20:50:00,3.1629,3.1633,3.1606,3.1628,1952.9609
2019-11-15 20:49:00,3.1648,3.165,3.1627,3.1632,9010.0271
2019-11-15 20:48:00,3.1608,3.1652,3.16,3.1652,5794.6369
2019-11-15 20:47:00,3.1624,3.1643,3.1618,3.1624,1851.1346
2019-11-15 20:46:00,3.1614,3.1631,3.1575,3.1609,6326.8673
2019-11-15 20:45:00,3.165,3.1653,3.1581,3.1614,3459.6916
2019-11-15 20:44:00,3.1636,3.1658,3.1636,3.1649,6003.2023
2019-11-15 20:43:00,3.1635,3.1637,3.1635,3.1637,5604.0895
2019-11-15 20:42:00,3.1634,3.1636,3.1633,3.1636,2767.162
2019-11-15 20:41:00,3.1595,3.1635,3.1595,3.1635,1328.0294
2019-11-15 20:40:00,3.1641,3.1667,3.1562,3.1607,2755.6604
2019-11-15 20:39:00,3.1672,3.1688,3.1553,3.1636,12513.6605
2019-11-15 20:38:00,3.1691,3.1693,3.168,3.1693,2579.8566
2019-11-15 20:37:00,3.171,3.171,3.1676,3.1689,7519.1734
2019-11-15 20:36:00,3.1708,3.1719,3.1704,3.1708,2572.8055
2019-11-15 20:35:00,3.1703,3.173,3.1703,3.1712,3144.082
2019-11-15 20:34:00,3.1698,3.1703,3.1697,3.1698,2173.4305
2019-11-15 20:33:00,3.1705,3.1719,3.1697,3.1698,2353.6169
2019-11-15 20:32:00,3.1699,3.171,3.1688,3.1709,8806.4006
2019-11-15 20:31:00,3.1687,3.1709,3.1673,3.1709,7001.4306
2019-11-15 20:30:00,3.167,3.1688,3.1656,3.1688,3095.6801
2019-11-15 20:29:00,3.1648,3.1671,3.159,3.1671,42247.9387
2019-11-15 20:28:00,3.1647,3.1649,3.1615,3.1649,1583.5855
2019-11-15 20:27:00,3.1649,3.1687,3.1608,3.1644,3627.348
2019-11-15 20:26:00,3.1696,3.1709,3.16,3.16,17615.0181
2019-11-15 20:25:00,3.1712,3.1728,3.1697,3.1697,4674.4743
2019-11-15 20:24:00,3.1762,3.1784,3.1699,3.1706,22685.4541
2019-11-15 20:23:00,3.1712,3.1779,3.1698,3.1759,19406.6294
2019-11-15 20:22:00,3.1753,3.1776,3.1728,3.1728,1819.2416
2019-11-15 20:21:00,3.1773,3.1776,3.1738,3.177,5042.7835
2019-11-15 20:20:00,3.1699,3.1777,3.169,3.1777,16423.0307
2019-11-15 20:19:00,3.17,3.17,3.1697,3.17,3892.2785
2019-11-15 20:18:00,3.1788,3.1788,3.1688,3.17,9015.9399
2019-11-15 20:17:00,3.1772,3.179,3.1758,3.1764,1869.6744
2019-11-15 20:16:00,3.1794,3.1794,3.1769,3.1785,5605.1319
2019-11-15 20:15:00,3.1798,3.1798,3.1756,3.1778,2973.7593
2019-11-15 20:14:00,3.1778,3.1806,3.1754,3.1804,2050.9109
2019-11-15 20:13:00,3.1733,3.1769,3.1717,3.1758,6477.9795
2019-11-15 20:12:00,3.1822,3.1839,3.1717,3.1717,4591.1192
2019-11-15 20:11:00,3.1843,3.1854,3.1802,3.1806,6234.2452
2019-11-15 20:10:00,3.1803,3.184,3.1767,3.1817,5261.161
2019-11-15 20:09:00,3.1772,3.1821,3.1717,3.1807,12949.3931
2019-11-15 20:08:00,3.1785,3.1842,3.1775,3.1783,672.0431
2019-11-15 20:07:00,3.1933,3.1939,3.1707,3.1715,8059.589
2019-11-15 20:06:00,3.1933,3.1936,3.193,3.1933,1655.6635
2019-11-15 20:05:00,3.1937,3.1942,3.1933,3.1933,3877.1157
2019-11-15 20:04:00,3.1905,3.1937,3.1902,3.1937,1306.418
2019-11-15 20:03:00,3.1907,3.1908,3.1905,3.1905,7073.5758
2019-11-15 20:02:00,3.1881,3.1917,3.1881,3.19,1265.2018
2019-11-15 20:01:00,3.187,3.1892,3.1857,3.1892,3577.3907
2019-11-15 20:00:00,3.1876,3.1878,3.18,3.1878,1973.3043
2019-11-15 19:59:00,3.1943,3.1943,3.1876,3.1876,14921.099
2019-11-15 19:58:00,3.1852,3.1913,3.1804,3.1913,9498.4222
2019-11-15 19:57:00,3.1903,3.1903,3.1853,3.19,1716.7967
2019-11-15 19:56:00,3.1802,3.1911,3.18,3.1904,18104.946
2019-11-15 19:55:00,3.1916,3.1938,3.1802,3.1863,4733.6796
2019-11-15 19:54:00,3.1886,3.1937,3.1886,3.1912,2579.4149
2019-11-15 19:53:00,3.1946,3.1946,3.1817,3.1887,7477.1402
2019-11-15 19:52:00,3.1926,3.1953,3.1898,3.1898,13283.2387
2019-11-15 19:51:00,3.191,3.1919,3.1876,3.1919,470.01
2019-11-15 19:50:00,3.1959,3.1959,3.1879,3.1887,2889.4039
2019-11-15 19:49:00,3.1849,3.1913,3.1848,3.1902,1259.4136
2019-11-15 19:48:00,3.1861,3.1933,3.1842,3.1864,1672.0319
2019-11-15 19:47:00,3.1881,3.1959,3.1837,3.1837,8667.4197
2019-11-15 19:46:00,3.2017,3.2017,3.18,3.18,3191.9929
2019-11-15 19:45:00,3.2012,3.2041,3.2011,3.2021,1415.6202
2019-11-15 19:44:00,3.2009,3.2024,3.2007,3.2007,2154.6592
2019-11-15 19:43:00,3.1999,3.2008,3.1997,3.2008,1257.9341
2019-11-15 19:42:00,3.2034,3.2035,3.1888,3.1997,35631.109
2019-11-15 19:41:00,3.2035,3.2036,3.2034,3.2035,4105.2873
2019-11-15 19:40:00,3.1987,3.2036,3.1987,3.2036,2469.6593
2019-11-15 19:39:00,3.1985,3.2006,3.1974,3.1987,1640.223
2019-11-15 19:38:00,3.199,3.2008,3.196,3.196,13392.8165
2019-11-15 19:37:00,3.1986,3.1998,3.1962,3.1996,1473.7545
2019-11-15 19:36:00,3.196,3.2017,3.196,3.2017,4679.7737
2019-11-15 19:35:00,3.1968,3.1984,3.196,3.196,8470.982
2019-11-15 19:34:00,3.1969,3.2006,3.1968,3.1968,4372.7747
2019-11-15 19:33:00,3.2,3.2014,3.1965,3.1969,7951.449
2019-11-15 19:32:00,3.1962,3.2031,3.1962,3.2,6654.3748
2019-11-15 19:31:00,3.1961,3.2013,3.1961,3.1962,5003.0171
2019-11-15 19:30:00,3.196,3.1992,3.196,3.1961,16202.5592
2019-11-15 19:29:00,3.1977,3.2019,3.196,3.196,2903.0129
2019-11-15 19:28:00,3.2037,3.2037,3.1969,3.1969,8980.7776
2019-11-15 19:27:00,3.2037,3.2048,3.2,3.2007,13169.904
2019-11-15 19:26:00,3.1999,3.2047,3.1971,3.2007,11614.3533
2019-11-15 19:25:00,3.2036,3.205,3.2011,3.205,9525.762
2019-11-15 19:24:00,3.2,3.204,3.1954,3.2033,5595.042
2019-11-15 19:23:00,3.2032,3.2032,3.1969,3.1969,26174.8565
2019-11-15 19:22:00,3.2027,3.2028,3.2027,3.2027,5014.2381
2019-11-15 19:21:00,3.1995,3.2031,3.1972,3.2031,9987.7444
2019-11-15 19:20:00,3.1956,3.2,3.1948,3.2,16034.9106
2019-11-15 19:19:00,3.1952,3.1957,3.1948,3.1953,566.695
2019-11-15 19:18:00,3.1933,3.1964,3.1933,3.1947,1427.7061
2019-11-15 19:17:00,3.1941,3.196,3.1881,3.196,3406.7685
2019-11-15 19:16:00,3.1998,3.1998,3.1793,3.188,12016.2184
2019-11-15 19:15:00,3.2005,3.2046,3.196,3.1998,15333.241
2019-11-15 19:14:00,3.22,3.22,3.196,3.2005,40409.3362
2019-11-15 19:13:00,3.2246,3.2247,3.22,3.22,5932.8405
2019-11-15 19:12:00,3.2202,3.2246,3.2202,3.2246,13503.3912
2019-11-15 19:11:00,3.2195,3.2226,3.219,3.2213,3168.5245
2019-11-15 19:10:00,3.2196,3.2234,3.2195,3.2221,27978.2066
2019-11-15 19:09:00,3.2219,3.2233,3.22,3.22,2775.7717
2019-11-15 19:08:00,3.2191,3.2219,3.2191,3.2219,7894.7947
2019-11-15 19:07:00,3.2175,3.219,3.2173,3.2186,11382.3487
2019-11-15 19:06:00,3.216,3.2175,3.216,3.2175,6519.8697
2019-11-15 19:05:00,3.2148,3.2165,3.2148,3.2159,3925.2237
2019-11-15 19:04:00,3.2137,3.2144,3.2123,3.2144,4924.9364
2019-11-15 19:03:00,3.2102,3.2137,3.2102,3.2137,6486.3024
2019-11-15 19:02:00,3.2081,3.2102,3.2078,3.2102,5757.5973
2019-11-15 19:01:00,3.2034,3.2076,3.2017,3.2076,11002.9636
2019-11-15 19:00:00,3.1975,3.203,3.1975,3.1997,1439.5999
2019-11-15 18:59:00,3.1964,3.1989,3.196,3.1975,2283.1296
2019-11-15 18:58:00,3.1988,3.2019,3.1959,3.196,10912.9728
2019-11-15 18:57:00,3.1954,3.2008,3.193,3.1962,3382.3944
2019-11-15 18:56:00,3.1961,3.197,3.193,3.1954,3475.4475
2019-11-15 18:55:00,3.193,3.199,3.193,3.1983,6582.9074
2019-11-15 18:54:00,3.1928,3.1944,3.1928,3.193,1445.2453
2019-11-15 18:53:00,3.1919,3.193,3.191,3.193,8062.0388
2019-11-15 18:52:00,3.191,3.1928,3.191,3.191,11005.8661
2019-11-15 18:51:00,3.1898,3.1917,3.1898,3.1917,1661.3873
2019-11-15 18:50:00,3.1915,3.192,3.1891,3.1911,3757.5051
2019-11-15 18:49:00,3.1903,3.192,3.1891,3.1915,2993.6225
2019-11-15 18:48:00,3.189,3.191,3.189,3.191,4380.4731
2019-11-15 18:47:00,3.189,3.1906,3.189,3.189,1754.6861
2019-11-15 18:46:00,3.1908,3.1925,3.189,3.189,5723.535
2019-11-15 18:45:00,3.1907,3.1908,3.1885,3.1908,13029.8629
2019-11-15 18:44:00,3.1885,3.1948,3.1885,3.1907,12590.788
2019-11-15 18:43:00,3.1911,3.1944,3.1882,3.1885,5276.1584
2019-11-15 18:42:00,3.1882,3.1914,3.1881,3.1882,6972.5543
2019-11-15 18:41:00,3.1885,3.1937,3.1881,3.1911,9859.1668
2019-11-15 18:40:00,3.1882,3.1936,3.1879,3.1882,4849.9455
2019-11-15 18:39:00,3.1884,3.1921,3.188,3.1882,3080.1833
2019-11-15 18:38:00,3.1912,3.1944,3.1843,3.1885,4660.2067
2019-11-15 18:37:00,3.1883,3.195,3.1868,3.193,19107.7794
2019-11-15 18:36:00,3.187,3.1956,3.1814,3.188,3030.9964
2019-11-15 18:35:00,3.1747,3.1924,3.172,3.188,6489.9585
2019-11-15 18:34:00,3.1861,3.192,3.1634,3.1738,40066.0988
2019-11-15 18:33:00,3.1916,3.1939,3.1875,3.1881,9817.6163
2019-11-15 18:32:00,3.1956,3.1956,3.1916,3.1934,10008.0366
2019-11-15 18:31:00,3.1955,3.1957,3.1955,3.1956,1276.4716
2019-11-15 18:30:00,3.196,3.1963,3.1955,3.1955,3295.978
2019-11-15 18:29:00,3.1964,3.1967,3.196,3.1961,4167.7252
2019-11-15 18:28:00,3.1966,3.198,3.1964,3.1967,4747.6038
2019-11-15 18:27:00,3.2028,3.2028,3.1966,3.1971,14258.1347
2019-11-15 18:26:00,3.2063,3.2099,3.2033,3.2033,3034.0629
2019-11-15 18:25:00,3.2155,3.2156,3.2,3.2034,44907.7019
2019-11-15 18:24:00,3.2155,3.2173,3.2154,3.2155,10659.7878
2019-11-15 18:23:00,3.2173,3.2173,3.2153,3.2155,2696.5691
2019-11-15 18:22:00,3.209,3.2159,3.209,3.2133,10403.071
2019-11-15 18:21:00,3.2058,3.2091,3.2058,3.2091,1641.0334
2019-11-15 18:20:00,3.209,3.21,3.2071,3.21,9468.2341
2019-11-15 18:19:00,3.2086,3.2095,3.2084,3.2094,2823.2048
2019-11-15 18:18:00,3.2092,3.2092,3.208,3.2083,5325.1319
2019-11-15 18:17:00,3.2096,3.21,3.2095,3.21,2182.1937
2019-11-15 18:16:00,3.2104,3.2104,3.2092,3.2096,3964.5589
2019-11-15 18:15:00,3.2114,3.2114,3.2106,3.2106,6014.969
2019-11-15 18:14:00,3.2115,3.2116,3.2106,3.2114,4747.3357
2019-11-15 18:13:00,3.2104,3.2123,3.2104,3.2115,5268.6514
2019-11-15 18:12:00,3.2108,3.211,3.2104,3.2104,2841.314
2019-11-15 18:11:00,3.2104,3.2104,3.2104,3.2104,331.7067
2019-11-15 18:10:00,3.2103,3.2103,3.2099,3.2103,2226.0286
2019-11-15 18:09:00,3.2096,3.21,3.2096,3.21,4944.8649
2019-11-15 18:08:00,3.209,3.2098,3.209,3.2097,1225.4854
2019-11-15 18:07:00,3.2067,3.2094,3.2067,3.209,7579.7207
2019-11-15 18:06:00,3.2033,3.2057,3.2031,3.2053,4318.8808
2019-11-15 18:05:00,3.2036,3.2055,3.1996,3.2048,11493.9666
2019-11-15 18:04:00,3.2009,3.2052,3.1987,3.2043,8392.2772
2019-11-15 18:03:00,3.1991,3.2001,3.1965,3.1994,4794.549
2019-11-15 18:02:00,3.2004,3.2004,3.1987,3.199,1584.8565
2019-11-15 18:01:00,3.2008,3.2008,3.1981,3.2,8469.4318
2019-11-15 18:00:00,3.2016,3.2031,3.1976,3.201,12455.2495
2019-11-15 17:59:00,3.2006,3.2037,3.1997,3.2016,7740.9888
2019-11-15 17:58:00,3.2,3.2022,3.1983,3.1993,1463.9679
2019-11-15 17:57:00,3.2015,3.2026,3.1996,3.202,6729.5215
2019-11-15 17:56:00,3.2096,3.2096,3.2015,3.203,24276.6388
2019-11-15 17:55:00,3.2034,3.206,3.1976,3.206,6934.8607
2019-11-15 17:54:00,3.2018,3.2059,3.198,3.2059,16445.2943
2019-11-15 17:53:00,3.2195,3.2195,3.2023,3.2023,22578.5751
2019-11-15 17:52:00,3.2192,3.2195,3.2184,3.2195,1873.8152
2019-11-15 17:51:00,3.2182,3.2194,3.2182,3.219,1659.659
2019-11-15 17:50:00,3.2184,3.2199,3.217,3.2184,7069.9314
2019-11-15 17:49:00,3.2156,3.22,3.2156,3.2199,3856.3073
2019-11-15 17:48:00,3.2152,3.22,3.2146,3.2177,5069.5907
2019-11-15 17:47:00,3.2161,3.2176,3.2146,3.2146,2081.8481
2019-11-15 17:46:00,3.2159,3.2213,3.2131,3.2171,17277.8361
2019-11-15 17:45:00,3.2223,3.2223,3.216,3.2179,11116.9577
2019-11-15 17:44:00,3.2224,3.2224,3.2224,3.2224,0
2019-11-15 17:43:00,3.2224,3.2224,3.2224,3.2224,14.0295
2019-11-15 17:42:00,3.2231,3.2235,3.2227,3.2227,644.3675
2019-11-15 17:41:00,3.2227,3.2246,3.2204,3.2223,3046.2369
2019-11-15 17:40:00,3.2227,3.2246,3.2208,3.2228,2573.9715
2019-11-15 17:39:00,3.2304,3.2304,3.2166,3.2193,16042.3373
2019-11-15 17:38:00,3.2342,3.2342,3.224,3.227,25165.3638
2019-11-15 17:37:00,3.2337,3.2373,3.2231,3.2231,17208.8971
2019-11-15 17:36:00,3.2301,3.2352,3.23,3.2329,4645.479
2019-11-15 17:35:00,3.229,3.2376,3.228,3.2301,18343.6939
2019-11-15 17:34:00,3.2299,3.236,3.228,3.229,21788.6607
2019-11-15 17:33:00,3.2346,3.2391,3.228,3.228,3821.7848
2019-11-15 17:32:00,3.2334,3.2351,3.2294,3.2305,2147.384
2019-11-15 17:31:00,3.2315,3.24,3.2315,3.2349,10543.2249
2019-11-15 17:30:00,3.228,3.2336,3.2277,3.2319,17255.3867
2019-11-15 17:29:00,3.2264,3.2313,3.2249,3.228,8445.1856
2019-11-15 17:28:00,3.2252,3.2287,3.2249,3.227,6333.2663
2019-11-15 17:27:00,3.2256,3.2265,3.2167,3.2229,6917.0862
2019-11-15 17:26:00,3.2293,3.2293,3.2205,3.2256,1524.8541
2019-11-15 17:25:00,3.2278,3.23,3.22,3.2253,7977.2668
2019-11-15 17:24:00,3.232,3.2336,3.2269,3.2269,16522.5612
2019-11-15 17:23:00,3.237,3.2386,3.232,3.232,1791.5937
2019-11-15 17:22:00,3.2495,3.2513,3.2321,3.2321,5876.7595
2019-11-15 17:21:00,3.2479,3.2495,3.2457,3.2495,5604.9209
2019-11-15 17:20:00,3.25,3.2517,3.2448,3.2449,13850.9355
2019-11-15 17:19:00,3.2341,3.25,3.2341,3.25,15188.1742
2019-11-15 17:18:00,3.2305,3.2406,3.2269,3.234,40979.9814
2019-11-15 17:17:00,3.2286,3.2401,3.2262,3.2314,14013.0002
2019-11-15 17:16:00,3.2264,3.2307,3.2264,3.2272,15579.055
2019-11-15 17:15:00,3.2257,3.2325,3.2249,3.2284,20419.2564
2019-11-15 17:14:00,3.2266,3.229,3.2239,3.226,3649.6457
2019-11-15 17:13:00,3.2282,3.231,3.2264,3.2289,8433.9434
2019-11-15 17:12:00,3.2313,3.2313,3.2264,3.2282,4500.3635
2019-11-15 17:11:00,3.228,3.2315,3.228,3.2303,6780.4891
2019-11-15 17:10:00,3.23,3.2319,3.2257,3.229,4528.7018
2019-11-15 17:09:00,3.2383,3.2383,3.23,3.2321,23594.0016
2019-11-15 17:08:00,3.2372,3.2425,3.2361,3.2393,4174.3462
2019-11-15 17:07:00,3.2453,3.2483,3.2398,3.241,6241.3075
2019-11-15 17:06:00,3.2484,3.2484,3.2443,3.2443,1676.8192
2019-11-15 17:05:00,3.2426,3.2475,3.2396,3.2442,5774.9296
2019-11-15 17:04:00,3.2477,3.2487,3.2367,3.2424,11575.9756
2019-11-15 17:03:00,3.2458,3.2505,3.235,3.235,17064.748
2019-11-15 17:02:00,3.2367,3.2458,3.2359,3.2458,6737.5116
2019-11-15 17:01:00,3.2182,3.236,3.2172,3.236,8029.5623
2019-11-15 17:00:00,3.214,3.2187,3.2139,3.2177,9386.3378
2019-11-15 16:59:00,3.2131,3.2147,3.2131,3.2147,7650.9525
2019-11-15 16:58:00,3.213,3.213,3.213,3.213,0
2019-11-15 16:57:00,3.2127,3.213,3.2127,3.213,548.2152
2019-11-15 16:56:00,3.2114,3.2128,3.2114,3.2126,2091.3503
2019-11-15 16:55:00,3.2113,3.2114,3.2113,3.2113,768.7554
2019-11-15 16:54:00,3.2112,3.2113,3.2112,3.2113,1875.7247
2019-11-15 16:53:00,3.211,3.2113,3.2109,3.2111,1969.7393
2019-11-15 16:52:00,3.2112,3.2113,3.211,3.211,3555.7886
2019-11-15 16:51:00,3.2108,3.2111,3.2106,3.2111,483.1802
2019-11-15 16:50:00,3.2105,3.2112,3.2105,3.2108,1629.698
2019-11-15 16:49:00,3.2111,3.2122,3.21,3.21,2232.3558
2019-11-15 16:48:00,3.2091,3.2104,3.2069,3.209,5071.7603
2019-11-15 16:47:00,3.2123,3.2123,3.2056,3.2069,15036.4831
2019-11-15 16:46:00,3.2099,3.2126,3.2071,3.2101,534.4394
2019-11-15 16:45:00,3.2101,3.2101,3.204,3.2098,2060.5964
2019-11-15 16:44:00,3.2127,3.2129,3.2107,3.2115,4921.2528
2019-11-15 16:43:00,3.2069,3.2113,3.2069,3.2113,7197.4381
2019-11-15 16:42:00,3.2041,3.2095,3.2041,3.2059,6044.119
2019-11-15 16:41:00,3.2046,3.206,3.2023,3.2041,7863.5769
2019-11-15 16:40:00,3.209,3.209,3.2046,3.2046,5532.32
2019-11-15 16:39:00,3.211,3.2114,3.2087,3.209,3429.0625
2019-11-15 16:38:00,3.2127,3.2127,3.2101,3.2112,960.1143
2019-11-15 16:37:00,3.2091,3.2132,3.2091,3.212,4282.3275
2019-11-15 16:36:00,3.2082,3.213,3.2082,3.213,9111.8114
2019-11-15 16:35:00,3.2083,3.2098,3.2082,3.209,4386.229
2019-11-15 16:34:00,3.2126,3.2126,3.2081,3.21,2545.78
2019-11-15 16:33:00,3.2163,3.2174,3.2103,3.2151,7732.118
2019-11-15 16:32:00,3.2223,3.2223,3.2163,3.2163,3020.6279
2019-11-15 16:31:00,3.2205,3.2223,3.2185,3.2223,2689.3423
2019-11-15 16:30:00,3.2161,3.223,3.2157,3.223,10625.8095
2019-11-15 16:29:00,3.2194,3.2231,3.2155,3.2176,3774.9472
2019-11-15 16:28:00,3.219,3.2207,3.2188,3.2207,814.2378
2019-11-15 16:27:00,3.2171,3.2229,3.2158,3.2214,6225.4085
2019-11-15 16:26:00,3.2171,3.2221,3.2094,3.2136,3900.997
2019-11-15 16:25:00,3.2178,3.2227,3.2115,3.2115,14582.6882
2019-11-15 16:24:00,3.208,3.2252,3.208,3.2224,29315.3319
2019-11-15 16:23:00,3.2028,3.21,3.2028,3.2079,6407.2642
2019-11-15 16:22:00,3.1968,3.2018,3.1968,3.2017,3137.7761
2019-11-15 16:21:00,3.1984,3.199,3.192,3.1974,4303.9526
2019-11-15 16:20:00,3.1915,3.1952,3.1915,3.1918,1428.27
2019-11-15 16:19:00,3.1878,3.192,3.1878,3.1915,423.9389
2019-11-15 16:18:00,3.191,3.195,3.1884,3.192,8236.1409
2019-11-15 16:17:00,3.1878,3.1985,3.1863,3.1907,2504.2823
2019-11-15 16:16:00,3.1847,3.19,3.1836,3.1867,6067.2612
2019-11-15 16:15:00,3.1805,3.1847,3.1805,3.1843,3187.8897
2019-11-15 16:14:00,3.1755,3.184,3.1755,3.1789,2414.9286
2019-11-15 16:13:00,3.1797,3.1807,3.1759,3.176,7118.8366
2019-11-15 16:12:00,3.1725,3.1783,3.1724,3.1763,3514.7269
2019-11-15 16:11:00,3.175,3.184,3.1715,3.1727,9283.8713
2019-11-15 16:10:00,3.1782,3.1782,3.1722,3.1742,2026.8356
2019-11-15 16:09:00,3.1742,3.1783,3.1724,3.1734,4738.9723
2019-11-15 16:08:00,3.17,3.1784,3.1668,3.1784,5754.423
2019-11-15 16:07:00,3.1661,3.17,3.166,3.17,5580.373
2019-11-15 16:06:00,3.1676,3.1698,3.1659,3.1693,1738.3355
2019-11-15 16:05:00,3.1646,3.1696,3.1646,3.1696,6739.3625
2019-11-15 16:04:00,3.1629,3.1698,3.1621,3.1675,3954.6653
2019-11-15 16:03:00,3.161,3.1629,3.1604,3.1627,5990.8752
2019-11-15 16:02:00,3.1636,3.1636,3.1604,3.1611,3375.4791
2019-11-15 16:01:00,3.1584,3.1624,3.1579,3.162,3397.4004
2019-11-15 16:00:00,3.1662,3.1662,3.1532,3.1549,33154.5874
2019-11-15 15:59:00,3.1672,3.1673,3.1597,3.1597,11336.061
2019-11-15 15:58:00,3.1681,3.1681,3.1651,3.1672,1378.6621
2019-11-15 15:57:00,3.1675,3.1687,3.1659,3.1682,3490.7433
2019-11-15 15:56:00,3.1735,3.1735,3.1675,3.1675,2228.7374
2019-11-15 15:55:00,3.1704,3.1758,3.1702,3.1702,8672.6657
2019-11-15 15:54:00,3.1761,3.1782,3.1701,3.1701,2832.1488
2019-11-15 15:53:00,3.18,3.1803,3.1716,3.1757,3348.9359
2019-11-15 15:52:00,3.1775,3.1821,3.1728,3.1771,3378.5855
2019-11-15 15:51:00,3.1797,3.186,3.1774,3.1775,11395.8625
2019-11-15 15:50:00,3.1765,3.1872,3.17,3.1775,26209.3335
2019-11-15 15:49:00,3.1713,3.1776,3.1713,3.175,2288.0231
2019-11-15 15:48:00,3.1743,3.175,3.1702,3.1702,1368.049
2019-11-15 15:47:00,3.1811,3.1836,3.1704,3.1704,6854.7158
2019-11-15 15:46:00,3.1825,3.185,3.1771,3.1771,3691.2131
2019-11-15 15:45:00,3.1802,3.188,3.1797,3.1821,2578.9301
2019-11-15 15:44:00,3.1807,3.1892,3.1802,3.182,4755.775
2019-11-15 15:43:00,3.181,3.181,3.1765,3.1765,1900.5958
2019-11-15 15:42:00,3.1766,3.1894,3.1755,3.1894,8188.9836
2019-11-15 15:41:00,3.1821,3.1821,3.1701,3.1793,9855.8385
2019-11-15 15:40:00,3.175,3.1822,3.1734,3.177,12287.973
2019-11-15 15:39:00,3.1769,3.1769,3.1735,3.1736,4835.7722
2019-11-15 15:38:00,3.1808,3.1823,3.1706,3.175,10589.7013
2019-11-15 15:37:00,3.1806,3.1847,3.1801,3.1801,1442.4783
2019-11-15 15:36:00,3.182,3.182,3.1794,3.18,7230.057
2019-11-15 15:35:00,3.1847,3.1848,3.182,3.182,1584.4191
2019-11-15 15:34:00,3.1878,3.1935,3.1846,3.1846,18572.7186
2019-11-15 15:33:00,3.1883,3.191,3.18,3.1839,13216.1288
2019-11-15 15:32:00,3.1903,3.1957,3.1866,3.1885,10680.8946
2019-11-15 15:31:00,3.1808,3.2,3.1808,3.1947,34013.9728
2019-11-15 15:30:00,3.1823,3.186,3.1799,3.1821,2882.6198
2019-11-15 15:29:00,3.1818,3.1823,3.1801,3.1809,4893.7221
2019-11-15 15:28:00,3.1821,3.1844,3.1817,3.1825,4792.663
2019-11-15 15:27:00,3.1827,3.1836,3.18,3.18,14537.8815
2019-11-15 15:26:00,3.1832,3.186,3.1821,3.1828,1202.1393
2019-11-15 15:25:00,3.1836,3.1865,3.1801,3.1865,6653.9023
2019-11-15 15:24:00,3.1892,3.1938,3.1847,3.1847,13258.9598
2019-11-15 15:23:00,3.1909,3.1939,3.1879,3.1908,4781.2191
2019-11-15 15:22:00,3.1962,3.1962,3.1879,3.1911,6060.0765
2019-11-15 15:21:00,3.1961,3.1967,3.1961,3.1967,7504.5366
2019-11-15 15:20:00,3.1953,3.1998,3.1935,3.1972,4779.5032
2019-11-15 15:19:00,3.1963,3.1979,3.1853,3.1947,20176.8471
2019-11-15 15:18:00,3.1987,3.1998,3.1944,3.1944,4422.6235
2019-11-15 15:17:00,3.1982,3.199,3.197,3.1987,1032.8388
2019-11-15 15:16:00,3.198,3.1994,3.1972,3.1981,8839.9232
2019-11-15 15:15:00,3.1967,3.1987,3.1967,3.1986,4168.6042
2019-11-15 15:14:00,3.1958,3.1993,3.1917,3.1993,9866.4403
2019-11-15 15:13:00,3.1915,3.1942,3.1801,3.193,17108.7178
2019-11-15 15:12:00,3.1956,3.1999,3.191,3.1961,26011.5895
2019-11-15 15:11:00,3.1985,3.1996,3.1917,3.1948,7056.9831
2019-11-15 15:10:00,3.207,3.2081,3.19,3.1947,94861.6925
2019-11-15 15:09:00,3.2142,3.2157,3.2068,3.207,12387.5383
2019-11-15 15:08:00,3.2176,3.2178,3.2122,3.2145,3178.0159
2019-11-15 15:07:00,3.2174,3.2176,3.217,3.2176,3062.258
2019-11-15 15:06:00,3.2176,3.2179,3.2175,3.2175,3687.5406
2019-11-15 15:05:00,3.2176,3.2179,3.2175,3.2175,1587.3506
2019-11-15 15:04:00,3.2171,3.2176,3.2171,3.2176,1817.1717
2019-11-15 15:03:00,3.2176,3.2176,3.2173,3.2176,1063.0624
2019-11-15 15:02:00,3.2185,3.2185,3.2174,3.2174,3287.3427
2019-11-15 15:01:00,3.2268,3.2268,3.2188,3.2188,9571.5379
2019-11-15 15:00:00,3.2269,3.2269,3.2269,3.2269,556.5531
2019-11-15 14:59:00,3.2268,3.2268,3.2268,3.2268,4
2019-11-15 14:58:00,3.2262,3.2269,3.2262,3.2268,3745.9202
2019-11-15 14:57:00,3.2243,3.2261,3.2243,3.2261,4514.3537
2019-11-15 14:56:00,3.2243,3.2243,3.2237,3.2237,4270.982
2019-11-15 14:55:00,3.224,3.2243,3.2239,3.224,8545.8906
2019-11-15 14:54:00,3.2234,3.2238,3.2234,3.2237,5849.7065
2019-11-15 14:53:00,3.2234,3.2234,3.2233,3.2234,5923.0519
2019-11-15 14:52:00,3.2231,3.2235,3.2231,3.2234,1219
2019-11-15 14:51:00,3.2231,3.2231,3.2231,3.2231,70.486
2019-11-15 14:50:00,3.2231,3.2231,3.2231,3.2231,0
2019-11-15 14:49:00,3.2231,3.2231,3.2231,3.2231,2971.393
2019-11-15 14:48:00,3.2232,3.2232,3.2231,3.2231,1122.7012
2019-11-15 14:47:00,3.2232,3.2232,3.2231,3.2232,4825.8199
2019-11-15 14:46:00,3.2241,3.2243,3.2231,3.2241,1490.5444
2019-11-15 14:45:00,3.2239,3.225,3.2239,3.2241,5245.476
2019-11-15 14:44:00,3.2234,3.2239,3.2234,3.2239,1568.3871
2019-11-15 14:43:00,3.2239,3.2239,3.223,3.2234,6422.2568
2019-11-15 14:42:00,3.223,3.2242,3.223,3.2239,2998.8686
2019-11-15 14:41:00,3.2228,3.2229,3.2228,3.2228,6250.3438
2019-11-15 14:40:00,3.2225,3.2236,3.2225,3.2228,6965.0403
2019-11-15 14:39:00,3.2221,3.224,3.2221,3.224,8890.3884
2019-11-15 14:38:00,3.2233,3.2233,3.222,3.2233,4288.2589
2019-11-15 14:37:00,3.2233,3.2233,3.2233,3.2233,4.46
2019-11-15 14:36:00,3.2227,3.2238,3.2227,3.2231,4998.318
2019-11-15 14:35:00,3.222,3.2227,3.2214,3.2227,4735.8489
2019-11-15 14:34:00,3.2213,3.2228,3.2213,3.2218,1208.3174
2019-11-15 14:33:00,3.2209,3.2212,3.2209,3.2212,3625.6288
2019-11-15 14:32:00,3.2204,3.2208,3.2204,3.2208,2968.9945
2019-11-15 14:31:00,3.2193,3.2205,3.2193,3.2204,1436.2118
2019-11-15 14:30:00,3.2176,3.2209,3.2176,3.2208,1048.5875
2019-11-15 14:29:00,3.2173,3.2176,3.217,3.2176,1788.4948
2019-11-15 14:28:00,3.2167,3.2177,3.2167,3.217,1360.2354
2019-11-15 14:27:00,3.2173,3.2173,3.2166,3.2166,1226.2292
2019-11-15 14:26:00,3.2159,3.2176,3.2159,3.2169,1526.4329
2019-11-15 14:25:00,3.2139,3.2177,3.2136,3.2159,1442.4725
2019-11-15 14:24:00,3.2135,3.2145,3.2133,3.2133,1501.9922
2019-11-15 14:23:00,3.2135,3.2141,3.2125,3.2135,1441.6948
2019-11-15 14:22:00,3.2146,3.2146,3.2122,3.2136,4705.2156
2019-11-15 14:21:00,3.2164,3.2164,3.2126,3.2142,1824.8154
2019-11-15 14:20:00,3.22,3.22,3.2129,3.2129,7113.1354
2019-11-15 14:19:00,3.2138,3.2205,3.2138,3.2175,5594.279
2019-11-15 14:18:00,3.2152,3.22,3.2147,3.22,9515.8524
2019-11-15 14:17:00,3.2202,3.2216,3.2126,3.2154,6484.4672
2019-11-15 14:16:00,3.2222,3.2222,3.2198,3.2201,2453.8395
2019-11-15 14:15:00,3.223,3.2232,3.2226,3.2228,1644.4356
2019-11-15 14:14:00,3.2231,3.224,3.2231,3.2237,6390.6748
2019-11-15 14:13:00,3.2269,3.2269,3.2245,3.2246,4507.0626
2019-11-15 14:12:00,3.2245,3.2269,3.2245,3.2269,263.1857
2019-11-15 14:11:00,3.2244,3.2264,3.2244,3.2264,1536.2588
2019-11-15 14:10:00,3.2189,3.2269,3.2166,3.2266,44858.714
2019-11-15 14:09:00,3.2189,3.2189,3.2189,3.2189,0
2019-11-15 14:08:00,3.2165,3.2189,3.2165,3.2189,1953.122
2019-11-15 14:07:00,3.2154,3.2168,3.2154,3.2167,1048.2425
2019-11-15 14:06:00,3.2115,3.2157,3.2115,3.2155,7739.3161
2019-11-15 14:05:00,3.2109,3.2125,3.2109,3.2117,1444.6825
2019-11-15 14:04:00,3.2083,3.2115,3.2072,3.2115,6290.8997
2019-11-15 14:03:00,3.2099,3.2099,3.209,3.2092,2492.5199
2019-11-15 14:02:00,3.21,3.218,3.21,3.21,4711.0452
2019-11-15 14:01:00,3.2104,3.2107,3.2102,3.2104,1397.7638
2019-11-15 14:00:00,3.2107,3.2109,3.2104,3.2104,1168.137
2019-11-15 13:59:00,3.2123,3.2123,3.2103,3.2103,2432.8189
2019-11-15 13:58:00,3.2129,3.2129,3.212,3.2124,652.3526
2019-11-15 13:57:00,3.2118,3.2134,3.2117,3.2134,1309.1224
2019-11-15 13:56:00,3.2133,3.2156,3.21,3.2135,1069.2633
2019-11-15 13:55:00,3.2187,3.2187,3.21,3.2136,8552.9015
2019-11-15 13:54:00,3.2223,3.2223,3.2164,3.2164,7032.949
2019-11-15 13:53:00,3.2223,3.2223,3.2223,3.2223,0
2019-11-15 13:52:00,3.2223,3.2223,3.2223,3.2223,0
2019-11-15 13:51:00,3.2224,3.2224,3.2223,3.2223,92.2214
2019-11-15 13:50:00,3.2252,3.2252,3.2237,3.2237,1750.3717
2019-11-15 13:49:00,3.2255,3.2255,3.2223,3.224,1810.6599
2019-11-15 13:48:00,3.2261,3.2261,3.2255,3.2255,3024.0801
2019-11-15 13:47:00,3.2267,3.2267,3.2257,3.2262,3665.0396
2019-11-15 13:46:00,3.2259,3.2269,3.2258,3.2269,4423.7186
2019-11-15 13:45:00,3.2258,3.2263,3.2256,3.2259,8757.6728
2019-11-15 13:44:00,3.2255,3.2262,3.2255,3.2259,969.9071
2019-11-15 13:43:00,3.2256,3.2256,3.2255,3.2255,2239.9924
2019-11-15 13:42:00,3.2256,3.2256,3.2256,3.2256,87.5424
2019-11-15 13:41:00,3.2257,3.2257,3.2256,3.2256,16.8834
2019-11-15 13:40:00,3.226,3.226,3.2248,3.2256,1165.0159
2019-11-15 13:39:00,3.2232,3.2257,3.2232,3.2251,3319.5317
2019-11-15 13:38:00,3.2232,3.2232,3.2232,3.2232,2
2019-11-15 13:37:00,3.2231,3.2231,3.2231,3.2231,3.08
2019-11-15 13:36:00,3.2226,3.223,3.2226,3.223,4257.4031
2019-11-15 13:35:00,3.2223,3.2223,3.2223,3.2223,0
2019-11-15 13:34:00,3.2219,3.2225,3.2219,3.2223,932.0108
2019-11-15 13:33:00,3.2218,3.2225,3.2212,3.2217,4614.5744
2019-11-15 13:32:00,3.2211,3.222,3.2211,3.2218,3434.0198
2019-11-15 13:31:00,3.2214,3.2217,3.2197,3.2208,1626.8255
2019-11-15 13:30:00,3.222,3.2222,3.22,3.22,723.1629
2019-11-15 13:29:00,3.2219,3.2225,3.2219,3.2221,1223.3872
2019-11-15 13:28:00,3.2223,3.2223,3.2219,3.2222,3159.3351
2019-11-15 13:27:00,3.223,3.223,3.2225,3.2226,5962.5759
2019-11-15 13:26:00,3.2225,3.2229,3.2225,3.2227,1482.7117
2019-11-15 13:25:00,3.2225,3.2226,3.2223,3.2226,3632.926
2019-11-15 13:24:00,3.2238,3.2266,3.2224,3.2224,1590.2653
2019-11-15 13:23:00,3.2253,3.2253,3.2223,3.2234,3327.5834
2019-11-15 13:22:00,3.231,3.231,3.2231,3.2246,10136.4722
2019-11-15 13:21:00,3.2186,3.2347,3.2186,3.232,10050.7965
2019-11-15 13:20:00,3.2192,3.2195,3.2189,3.2191,1505.8043
2019-11-15 13:19:00,3.2182,3.2197,3.2182,3.2192,7660.8531
2019-11-15 13:18:00,3.2175,3.2184,3.2175,3.2182,3400.7187
2019-11-15 13:17:00,3.2182,3.2184,3.2166,3.2174,10875.9865
2019-11-15 13:16:00,3.2182,3.2182,3.2182,3.2182,42.5425
2019-11-15 13:15:00,3.2181,3.2181,3.2181,3.2181,0
2019-11-15 13:14:00,3.2181,3.2181,3.2181,3.2181,30
2019-11-15 13:13:00,3.2181,3.2181,3.2181,3.2181,544.5703
2019-11-15 13:12:00,3.2178,3.2182,3.2178,3.2182,4358.7227
2019-11-15 13:11:00,3.2184,3.2184,3.2178,3.2181,6862.6953
2019-11-15 13:10:00,3.2181,3.2184,3.218,3.2183,3807.2773
2019-11-15 13:09:00,3.218,3.218,3.2177,3.218,684.0695
2019-11-15 13:08:00,3.2178,3.218,3.2177,3.2177,7075.0813
2019-11-15 13:07:00,3.218,3.2183,3.2178,3.2178,3293.0876
2019-11-15 13:06:00,3.218,3.2183,3.2177,3.2183,4014.5252
2019-11-15 13:05:00,3.2175,3.2183,3.2175,3.218,3926.6367
2019-11-15 13:04:00,3.2166,3.218,3.2165,3.2175,4040.2902
2019-11-15 13:03:00,3.2171,3.2176,3.2166,3.2166,1049.412
2019-11-15 13:02:00,3.2166,3.2185,3.2166,3.2176,3197.7138
2019-11-15 13:01:00,3.2166,3.2187,3.2166,3.2166,3591.112
2019-11-15 13:00:00,3.2197,3.22,3.2166,3.2166,3863.8303
2019-11-15 12:59:00,3.2227,3.2227,3.2186,3.2186,1261.1957
2019-11-15 12:58:00,3.2236,3.2237,3.2227,3.2227,9003.7426
2019-11-15 12:57:00,3.2247,3.225,3.2236,3.2236,10350.2957
2019-11-15 12:56:00,3.2253,3.2253,3.2242,3.2252,4384.6376
2019-11-15 12:55:00,3.2222,3.2279,3.2213,3.225,12445.5567
2019-11-15 12:54:00,3.219,3.2221,3.219,3.221,1586.6858
2019-11-15 12:53:00,3.2187,3.219,3.2185,3.219,7740.1788
2019-11-15 12:52:00,3.2184,3.2184,3.2184,3.2184,1068.1429
2019-11-15 12:51:00,3.2178,3.2184,3.2169,3.2184,6914.1626
2019-11-15 12:50:00,3.2181,3.219,3.2168,3.2178,7290.9656
2019-11-15 12:49:00,3.2172,3.2183,3.2166,3.2177,5484.2435
2019-11-15 12:48:00,3.2188,3.22,3.2166,3.2172,2284.8682
2019-11-15 12:47:00,3.2179,3.2202,3.2169,3.2202,9004.6449
2019-11-15 12:46:00,3.2182,3.2188,3.2169,3.2182,1284.8267
2019-11-15 12:45:00,3.2194,3.2194,3.2167,3.2184,1432.9302
2019-11-15 12:44:00,3.217,3.218,3.2168,3.218,5274.7434
2019-11-15 12:43:00,3.2172,3.2181,3.2172,3.2174,7126.7989
2019-11-15 12:42:00,3.2183,3.2183,3.2166,3.2173,2499.9236
2019-11-15 12:41:00,3.2187,3.2187,3.2183,3.2183,10421.1399
2019-11-15 12:40:00,3.2184,3.2189,3.2184,3.2189,3039.3177
2019-11-15 12:39:00,3.2178,3.2187,3.2178,3.2179,5922.782
2019-11-15 12:38:00,3.2178,3.2184,3.2166,3.2166,6938.7915
2019-11-15 12:37:00,3.219,3.219,3.2175,3.2178,2525.2159
2019-11-15 12:36:00,3.2181,3.2194,3.2168,3.219,6224.2071
2019-11-15 12:35:00,3.2191,3.2192,3.2165,3.2182,2455.7349
2019-11-15 12:34:00,3.2188,3.2198,3.2186,3.219,5063.1941
2019-11-15 12:33:00,3.2172,3.2202,3.217,3.2186,2424.1474
2019-11-15 12:32:00,3.2173,3.2179,3.2165,3.2165,2648.7379
2019-11-15 12:31:00,3.2177,3.2183,3.2169,3.2173,8391.3292
2019-11-15 12:30:00,3.2192,3.2199,3.2165,3.2165,2540.8759
2019-11-15 12:29:00,3.2188,3.2196,3.2178,3.2183,1945.2663
2019-11-15 12:28:00,3.2198,3.22,3.2189,3.2189,1573.2109
2019-11-15 12:27:00,3.218,3.219,3.2178,3.2188,1873.3719
2019-11-15 12:26:00,3.2187,3.2191,3.2181,3.219,643.5362
2019-11-15 12:25:00,3.22,3.2203,3.219,3.2196,8088.4353
2019-11-15 12:24:00,3.2203,3.2222,3.22,3.22,3925.0148
2019-11-15 12:23:00,3.2236,3.2247,3.2203,3.2203,2796.8039
2019-11-15 12:22:00,3.2222,3.2267,3.2222,3.2232,4758.5287
2019-11-15 12:21:00,3.2223,3.2231,3.2222,3.2226,9325.3095
2019-11-15 12:20:00,3.2245,3.2261,3.2226,3.2242,2680.8754
2019-11-15 12:19:00,3.2267,3.2267,3.2242,3.2242,2285.3723
2019-11-15 12:18:00,3.2249,3.2272,3.2219,3.225,1269.1125
2019-11-15 12:17:00,3.233,3.2345,3.2216,3.2244,22733.6635
2019-11-15 12:16:00,3.2329,3.2356,3.23,3.23,2732.5114
2019-11-15 12:15:00,3.2325,3.2331,3.2324,3.2325,3457.3232
2019-11-15 12:14:00,3.2317,3.2326,3.23,3.2322,7682.7579
2019-11-15 12:13:00,3.2316,3.2327,3.2311,3.2317,5308.3563
2019-11-15 12:12:00,3.2318,3.2318,3.2306,3.2313,1856.2457
2019-11-15 12:11:00,3.2297,3.2309,3.2295,3.2308,1044.4748
2019-11-15 12:10:00,3.2308,3.2308,3.2287,3.2296,6786.4589
2019-11-15 12:09:00,3.2344,3.2353,3.2325,3.2325,1774.3926
2019-11-15 12:08:00,3.2363,3.2363,3.2327,3.2341,11224.8971
2019-11-15 12:07:00,3.231,3.24,3.231,3.2327,7241.1207
2019-11-15 12:06:00,3.2339,3.2345,3.2287,3.2311,11359.969
2019-11-15 12:05:00,3.2326,3.2339,3.2309,3.2309,7504.2701
2019-11-15 12:04:00,3.2298,3.2326,3.2295,3.2326,913.9589
2019-11-15 12:03:00,3.2292,3.23,3.228,3.2289,9802.5938
2019-11-15 12:02:00,3.23,3.2313,3.2287,3.2291,2628.5682
2019-11-15 12:01:00,3.231,3.2324,3.2287,3.2307,2428.7432
2019-11-15 12:00:00,3.232,3.2338,3.2301,3.232,4854.5357
2019-11-15 11:59:00,3.2324,3.2345,3.2309,3.2323,5093.4349
2019-11-15 11:58:00,3.2297,3.2325,3.2297,3.2325,1175.7927
2019-11-15 11:57:00,3.2378,3.2378,3.228,3.2314,9250.185
2019-11-15 11:56:00,3.2384,3.2391,3.2363,3.2363,1915.6941
2019-11-15 11:55:00,3.2364,3.2374,3.2363,3.2374,5181.476
2019-11-15 11:54:00,3.2346,3.2364,3.2341,3.2364,2617.3034
2019-11-15 11:53:00,3.2347,3.2348,3.2334,3.2348,2251.6784
2019-11-15 11:52:00,3.2289,3.2359,3.2289,3.2346,1906.3988
2019-11-15 11:51:00,3.2291,3.2294,3.2282,3.2282,5037.8033
2019-11-15 11:50:00,3.2289,3.2297,3.2281,3.229,4932.2777
2019-11-15 11:49:00,3.2293,3.2297,3.2285,3.2289,5711.2141
2019-11-15 11:48:00,3.2289,3.2297,3.2282,3.2289,735.9708
2019-11-15 11:47:00,3.2289,3.2297,3.2289,3.2289,4681.8427
2019-11-15 11:46:00,3.2261,3.2297,3.2261,3.2288,1535.2092
2019-11-15 11:45:00,3.2256,3.2288,3.2256,3.2287,3454.0027
2019-11-15 11:44:00,3.2225,3.2266,3.2225,3.2265,2773.7621
2019-11-15 11:43:00,3.2252,3.2261,3.22,3.2245,20805.6429
2019-11-15 11:42:00,3.2333,3.2415,3.2233,3.2258,35703.5763
2019-11-15 11:41:00,3.2334,3.2334,3.2334,3.2334,0
2019-11-15 11:40:00,3.2333,3.2334,3.2333,3.2334,685.0363
2019-11-15 11:39:00,3.2334,3.2334,3.2332,3.2332,555.7851
2019-11-15 11:38:00,3.2336,3.2336,3.233,3.2334,3711.0752
2019-11-15 11:37:00,3.233,3.234,3.233,3.2337,615.0884
2019-11-15 11:36:00,3.2345,3.2347,3.233,3.233,5520.9228
2019-11-15 11:35:00,3.2348,3.2371,3.2344,3.2349,8167.0513
2019-11-15 11:34:00,3.2424,3.2428,3.2348,3.2348,12899.0687
2019-11-15 11:33:00,3.2425,3.2425,3.2422,3.2422,5138.3306
2019-11-15 11:32:00,3.2429,3.2431,3.2424,3.2431,5103.5644
2019-11-15 11:31:00,3.2428,3.2428,3.2423,3.2428,3455.1607
2019-11-15 11:30:00,3.2427,3.2429,3.2427,3.2427,4212.2493
2019-11-15 11:29:00,3.2408,3.2431,3.2408,3.2425,2298.2201
2019-11-15 11:28:00,3.238,3.2436,3.2377,3.243,19109.0839
2019-11-15 11:27:00,3.2381,3.2382,3.2339,3.2382,3812.6993
2019-11-15 11:26:00,3.2356,3.2435,3.2337,3.2414,13961.9669
2019-11-15 11:25:00,3.2464,3.2464,3.234,3.234,4399.632
2019-11-15 11:24:00,3.2443,3.2464,3.2438,3.2442,855.3206
2019-11-15 11:23:00,3.2421,3.2465,3.2421,3.2443,11366.9311
2019-11-15 11:22:00,3.2416,3.2464,3.2416,3.2443,1387.2382
2019-11-15 11:21:00,3.2409,3.2464,3.238,3.2397,17553.1374
2019-11-15 11:20:00,3.2272,3.2407,3.2272,3.2407,15187.7517
2019-11-15 11:19:00,3.2274,3.2277,3.2246,3.2266,12505.9982
2019-11-15 11:18:00,3.2201,3.2256,3.2201,3.2256,27127.9844
2019-11-15 11:17:00,3.2184,3.2201,3.2172,3.2201,2878.6512
2019-11-15 11:16:00,3.2172,3.2203,3.217,3.2184,5619.7556
2019-11-15 11:15:00,3.2152,3.2173,3.2152,3.2168,11583.5824
2019-11-15 11:14:00,3.2137,3.2152,3.2133,3.2152,7788.2518
2019-11-15 11:13:00,3.2115,3.2158,3.21,3.213,11981.844
2019-11-15 11:12:00,3.2165,3.2169,3.2115,3.2115,4652.0675
2019-11-15 11:11:00,3.2173,3.2179,3.2162,3.2166,2228.0078
2019-11-15 11:10:00,3.2209,3.2216,3.2153,3.2176,15616.2079
2019-11-15 11:09:00,3.2214,3.2214,3.2201,3.2209,6179.3142
2019-11-15 11:08:00,3.2188,3.221,3.2186,3.221,14516.629
2019-11-15 11:07:00,3.2191,3.2195,3.2166,3.2192,3847.669
2019-11-15 11:06:00,3.2172,3.2195,3.2172,3.2193,30683.9959
2019-11-15 11:05:00,3.2153,3.217,3.2153,3.2162,11843.1718
2019-11-15 11:04:00,3.2146,3.2167,3.214,3.2153,6614.3523
2019-11-15 11:03:00,3.2099,3.2155,3.2099,3.2151,9416.4671
2019-11-15 11:02:00,3.2101,3.2101,3.2083,3.2091,2178.1767
2019-11-15 11:01:00,3.2117,3.2119,3.2102,3.2103,1436.2225
2019-11-15 11:00:00,3.2107,3.2122,3.2107,3.2117,1370.1306
2019-11-15 10:59:00,3.2149,3.2149,3.21,3.2116,6688.4607
2019-11-15 10:58:00,3.215,3.2151,3.2146,3.2149,7334.4413
2019-11-15 10:57:00,3.2164,3.2164,3.2145,3.215,7541.5613
2019-11-15 10:56:00,3.216,3.2166,3.2157,3.2164,2114.1428
2019-11-15 10:55:00,3.216,3.216,3.2151,3.216,4726.8951
2019-11-15 10:54:00,3.2177,3.2177,3.2152,3.2152,2164.8687
2019-11-15 10:53:00,3.2194,3.2194,3.2154,3.2177,5800.2706
2019-11-15 10:52:00,3.2194,3.2194,3.2194,3.2194,20.7763
2019-11-15 10:51:00,3.2178,3.2193,3.2178,3.2193,594.4837
2019-11-15 10:50:00,3.2144,3.2193,3.2144,3.216,7011.5093
2019-11-15 10:49:00,3.2218,3.2218,3.2144,3.2144,27458.9352
2019-11-15 10:48:00,3.2214,3.2241,3.2102,3.2241,19463.8604
2019-11-15 10:47:00,3.223,3.2236,3.2214,3.2215,4211.375
2019-11-15 10:46:00,3.2235,3.2237,3.2231,3.2234,3055.4041
2019-11-15 10:45:00,3.2237,3.2241,3.2221,3.223,1574.6491
2019-11-15 10:44:00,3.2219,3.2234,3.2219,3.2231,6399.2832
2019-11-15 10:43:00,3.2209,3.2222,3.2209,3.2219,5171.1794
2019-11-15 10:42:00,3.221,3.2215,3.2197,3.2202,3255.1353
2019-11-15 10:41:00,3.2195,3.2212,3.2189,3.2211,2945.0253
2019-11-15 10:40:00,3.2172,3.2213,3.2172,3.2202,8233.9053
2019-11-15 10:39:00,3.2242,3.2245,3.21,3.2192,38443.4785
2019-11-15 10:38:00,3.2239,3.2247,3.2238,3.2241,6288.3975
2019-11-15 10:37:00,3.225,3.2254,3.2229,3.2237,2664.2302
2019-11-15 10:36:00,3.2256,3.2263,3.2212,3.225,10136.7379
2019-11-15 10:35:00,3.2274,3.228,3.2206,3.2275,5598.8746
2019-11-15 10:34:00,3.2258,3.2284,3.2258,3.2274,4090.6467
2019-11-15 10:33:00,3.222,3.2256,3.2205,3.2256,4470.2577
2019-11-15 10:32:00,3.2181,3.222,3.2163,3.2206,5885.1793
2019-11-15 10:31:00,3.2159,3.2181,3.2154,3.2181,2318.3044
2019-11-15 10:30:00,3.215,3.218,3.2101,3.2159,22857.8072
2019-11-15 10:29:00,3.2258,3.23,3.215,3.215,25508.5578
2019-11-15 10:28:00,3.2271,3.23,3.2229,3.2271,15630.0999
2019-11-15 10:27:00,3.2362,3.2364,3.22,3.2266,10518.2245
2019-11-15 10:26:00,3.233,3.2364,3.2303,3.2337,9339.379
2019-11-15 10:25:00,3.237,3.2377,3.23,3.2335,5702.1984
2019-11-15 10:24:00,3.237,3.2377,3.2364,3.2371,2651.8239
2019-11-15 10:23:00,3.2377,3.2377,3.2356,3.2365,5445.6475
2019-11-15 10:22:00,3.2349,3.2377,3.2349,3.2365,2173.7287
2019-11-15 10:21:00,3.2325,3.2374,3.2309,3.2364,11684.9312
2019-11-15 10:20:00,3.2358,3.2376,3.23,3.23,2324.2257
2019-11-15 10:19:00,3.2391,3.2391,3.23,3.2376,2986.1899
2019-11-15 10:18:00,3.2399,3.2403,3.2376,3.2389,723.9557
2019-11-15 10:17:00,3.2404,3.2404,3.235,3.2385,7323.0483
2019-11-15 10:16:00,3.2401,3.2425,3.239,3.2406,3928.4139
2019-11-15 10:15:00,3.2405,3.2409,3.2378,3.238,4715.5084
2019-11-15 10:14:00,3.2415,3.2415,3.238,3.2396,651.77
2019-11-15 10:13:00,3.2427,3.2427,3.2381,3.2418,2720.1871
2019-11-15 10:12:00,3.2468,3.2468,3.2409,3.243,9689.2576
2019-11-15 10:11:00,3.2508,3.2508,3.2453,3.2468,1999.3653
2019-11-15 10:10:00,3.2515,3.2537,3.25,3.25,5895.7329
2019-11-15 10:09:00,3.2514,3.2523,3.2514,3.2515,4741.1686
2019-11-15 10:08:00,3.2527,3.2536,3.25,3.2515,1662.5656
2019-11-15 10:07:00,3.2535,3.2535,3.2527,3.2529,4668.9616
2019-11-15 10:06:00,3.253,3.2535,3.2527,3.2535,7369.7263
2019-11-15 10:05:00,3.2402,3.253,3.2402,3.253,14420.0839
2019-11-15 10:04:00,3.2375,3.2436,3.23,3.24,22008.4137
2019-11-15 10:03:00,3.2339,3.237,3.23,3.2366,3208.0997
2019-11-15 10:02:00,3.2379,3.238,3.23,3.23,2345.9541
2019-11-15 10:01:00,3.2376,3.2376,3.2347,3.2365,9261.7376
2019-11-15 10:00:00,3.2392,3.2397,3.231,3.2324,4451.1568
2019-11-15 09:59:00,3.249,3.249,3.237,3.2385,4970.6877
2019-11-15 09:58:00,3.25,3.25,3.249,3.249,2035.3172
2019-11-15 09:57:00,3.2495,3.2501,3.2486,3.2495,1389.6075
2019-11-15 09:56:00,3.2515,3.2515,3.2483,3.2496,2357.8759
2019-11-15 09:55:00,3.254,3.254,3.25,3.2515,11214.2758
2019-11-15 09:54:00,3.2546,3.2569,3.2538,3.2556,1217.7506
2019-11-15 09:53:00,3.2545,3.2549,3.2543,3.2545,5201.1372
2019-11-15 09:52:00,3.2553,3.2553,3.2544,3.2545,1752.1489
2019-11-15 09:51:00,3.2569,3.2569,3.2551,3.2553,1558.7543
2019-11-15 09:50:00,3.2569,3.2569,3.2567,3.2569,1301.7016
2019-11-15 09:49:00,3.2545,3.2569,3.2539,3.2569,3673.1262
2019-11-15 09:48:00,3.2551,3.2555,3.2543,3.2555,419.1659
2019-11-15 09:47:00,3.255,3.2558,3.2541,3.2541,2245.7416
2019-11-15 09:46:00,3.2562,3.2568,3.2552,3.2552,9330.0367
2019-11-15 09:45:00,3.2585,3.2599,3.2565,3.2566,2739.4282
2019-11-15 09:44:00,3.2598,3.26,3.2576,3.2576,2159.8941
2019-11-15 09:43:00,3.2579,3.26,3.2571,3.2586,1509.5709
2019-11-15 09:42:00,3.2636,3.2637,3.258,3.259,7833.976
2019-11-15 09:41:00,3.2672,3.2672,3.2637,3.2637,7332.7805
2019-11-15 09:40:00,3.2679,3.2679,3.2677,3.2677,1516.3365
2019-11-15 09:39:00,3.2668,3.268,3.2658,3.268,1871.7424
2019-11-15 09:38:00,3.2678,3.2682,3.2678,3.2682,4159.4658
2019-11-15 09:37:00,3.2665,3.2688,3.2658,3.2684,1956.8784
2019-11-15 09:36:00,3.2685,3.2685,3.2685,3.2685,1686.5053
2019-11-15 09:35:00,3.2663,3.2688,3.2659,3.2688,2874.3982
2019-11-15 09:34:00,3.268,3.268,3.2658,3.2658,1554.2336
2019-11-15 09:33:00,3.2659,3.2675,3.2659,3.2675,1635.5699
2019-11-15 09:32:00,3.2655,3.2659,3.2649,3.2658,1777.9756
2019-11-15 09:31:00,3.2668,3.2683,3.2649,3.2654,3538.6801
2019-11-15 09:30:00,3.2645,3.2688,3.2641,3.2641,3658.8046
2019-11-15 09:29:00,3.2646,3.2667,3.2646,3.265,1491.6422
2019-11-15 09:28:00,3.2659,3.2659,3.2622,3.265,5486.4705
2019-11-15 09:27:00,3.2687,3.2694,3.2669,3.2669,6619.4316
2019-11-15 09:26:00,3.2698,3.2698,3.2698,3.2698,813.6379
2019-11-15 09:25:00,3.268,3.2689,3.2679,3.2689,1058.059
2019-11-15 09:24:00,3.2694,3.2694,3.2691,3.2691,4644.9953
2019-11-15 09:23:00,3.2696,3.2696,3.2696,3.2696,493.7313
2019-11-15 09:22:00,3.27,3.27,3.268,3.268,14058.9969
2019-11-15 09:21:00,3.271,3.271,3.2701,3.2705,6275.9071
2019-11-15 09:20:00,3.2701,3.2701,3.2701,3.2701,55.1485
2019-11-15 09:19:00,3.2674,3.2711,3.2674,3.2702,1930.7801
2019-11-15 09:18:00,3.2671,3.268,3.2661,3.2669,3426.8767
2019-11-15 09:17:00,3.2662,3.2679,3.266,3.2664,2557.0781
2019-11-15 09:16:00,3.2631,3.2679,3.2631,3.2659,4074.8115
2019-11-15 09:15:00,3.2628,3.2631,3.2619,3.2631,5875.4066
2019-11-15 09:14:00,3.2621,3.2632,3.2616,3.2632,1699.3906
2019-11-15 09:13:00,3.2614,3.2627,3.2614,3.2616,1433.0071
2019-11-15 09:12:00,3.26,3.2625,3.26,3.262,585.4123
2019-11-15 09:11:00,3.2615,3.2615,3.2599,3.2599,1288.0875
2019-11-15 09:10:00,3.2579,3.2632,3.2579,3.2632,1225.9878
2019-11-15 09:09:00,3.2594,3.2599,3.2548,3.2591,5105.1246
2019-11-15 09:08:00,3.26,3.2624,3.2574,3.2611,11438.0826
2019-11-15 09:07:00,3.2684,3.2684,3.2599,3.26,5089.3291
2019-11-15 09:06:00,3.2705,3.2705,3.2687,3.2687,2917.1173
2019-11-15 09:05:00,3.271,3.271,3.27,3.27,2401.319
2019-11-15 09:04:00,3.2716,3.2716,3.2704,3.2715,3338.0509
2019-11-15 09:03:00,3.2715,3.2715,3.27,3.27,1112.2354
2019-11-15 09:02:00,3.272,3.272,3.2716,3.2716,9126.6435
2019-11-15 09:01:00,3.2759,3.2759,3.2724,3.273,5782.6919
2019-11-15 09:00:00,3.2781,3.2781,3.2775,3.2775,572.672
2019-11-15 08:59:00,3.2822,3.2822,3.28,3.28,1281.9646
2019-11-15 08:58:00,3.2823,3.2823,3.2823,3.2823,1.3145
2019-11-15 08:57:00,3.2836,3.2836,3.2822,3.2823,3534.8135
2019-11-15 08:56:00,3.2834,3.2846,3.283,3.2841,4400.4796
2019-11-15 08:55:00,3.2827,3.2842,3.2827,3.2842,3612.3489
2019-11-15 08:54:00,3.283,3.2836,3.2807,3.283,4577.3382
2019-11-15 08:53:00,3.2834,3.2861,3.2801,3.2832,3764.6046
2019-11-15 08:52:00,3.2832,3.2849,3.2822,3.2832,2427.8461
2019-11-15 08:51:00,3.2852,3.2863,3.28,3.2824,11058.297
2019-11-15 08:50:00,3.2834,3.2855,3.2831,3.2855,6526.662
2019-11-15 08:49:00,3.2828,3.2835,3.2814,3.2835,6405.9041
2019-11-15 08:48:00,3.2801,3.2839,3.2801,3.2828,759.1498
2019-11-15 08:47:00,3.2818,3.2818,3.28,3.28,4941.2703
2019-11-15 08:46:00,3.2831,3.2836,3.28,3.2821,1256.9618
2019-11-15 08:45:00,3.2834,3.2837,3.2831,3.2831,3367.2507
2019-11-15 08:44:00,3.282,3.2839,3.282,3.2834,3477.2182
2019-11-15 08:43:00,3.2822,3.2841,3.2809,3.2827,2381.8466
2019-11-15 08:42:00,3.282,3.2842,3.2816,3.2842,4874.1075
2019-11-15 08:41:00,3.2826,3.2834,3.2804,3.2834,5425.8222
2019-11-15 08:40:00,3.284,3.284,3.279,3.2837,5925.9804
2019-11-15 08:39:00,3.2842,3.2845,3.2841,3.2845,3155.866
2019-11-15 08:38:00,3.2859,3.286,3.2762,3.286,1473.0664
2019-11-15 08:37:00,3.2859,3.2882,3.2859,3.2882,1627.4734
2019-11-15 08:36:00,3.2891,3.2891,3.286,3.286,1690.2637
2019-11-15 08:35:00,3.2855,3.2909,3.2855,3.2893,4949.7865
2019-11-15 08:34:00,3.289,3.289,3.289,3.289,495.0504
2019-11-15 08:33:00,3.2889,3.2892,3.285,3.2892,3719.796
2019-11-15 08:32:00,3.2899,3.2906,3.2872,3.2894,1615.5896
2019-11-15 08:31:00,3.2875,3.2875,3.2875,3.2875,3635.8823
2019-11-15 08:30:00,3.2893,3.2893,3.2869,3.2869,5361.3315
2019-11-15 08:29:00,3.2892,3.2899,3.2875,3.2875,1615.0406
2019-11-15 08:28:00,3.2898,3.2899,3.2866,3.2899,4006.2633
2019-11-15 08:27:00,3.2872,3.2872,3.2872,3.2872,5990.1304
2019-11-15 08:26:00,3.2949,3.297,3.29,3.29,6700.7288
2019-11-15 08:25:00,3.2947,3.2947,3.2947,3.2947,629.0569
2019-11-15 08:24:00,3.2945,3.2947,3.2945,3.2947,7808.0545
2019-11-15 08:23:00,3.2942,3.2942,3.2942,3.2942,2869.255
2019-11-15 08:22:00,3.295,3.2974,3.295,3.2974,5686.1404
2019-11-15 08:21:00,3.2942,3.2947,3.2941,3.2941,5486.1814
2019-11-15 08:20:00,3.2974,3.2975,3.2946,3.2974,3486.8658
2019-11-15 08:19:00,3.2942,3.2976,3.2942,3.297,9366.7168
2019-11-15 08:18:00,3.2977,3.2977,3.2977,3.2977,6550.2315
2019-11-15 08:17:00,3.2947,3.2977,3.2947,3.2977,9411.3901
2019-11-15 08:16:00,3.2947,3.2947,3.2947,3.2947,568.9865
2019-11-15 08:15:00,3.2997,3.2998,3.2972,3.2998,5925.5652
2019-11-15 08:14:00,3.2942,3.2947,3.2942,3.2947,4919.3594
2019-11-15 08:13:00,3.2946,3.2949,3.2946,3.2949,7231.0193
2019-11-15 08:12:00,3.2947,3.2947,3.2947,3.2947,417.0996
2019-11-15 08:11:00,3.2942,3.2993,3.2941,3.2993,1736.8624
2019-11-15 08:10:00,3.2942,3.2997,3.2942,3.2944,977.4396
2019-11-15 08:09:00,3.2983,3.2989,3.2981,3.2989,7790.2766
2019-11-15 08:08:00,3.2949,3.2949,3.2942,3.2942,7464.0389
2019-11-15 08:07:00,3.2985,3.2985,3.298,3.298,4315.5367
2019-11-15 08:06:00,3.2988,3.2988,3.2988,3.2988,1665.245
2019-11-15 08:05:00,3.2945,3.2992,3.2941,3.2992,4663.7848
2019-11-15 08:04:00,3.2998,3.2998,3.2951,3.2951,3230.7461
2019-11-15 08:03:00,3.2996,3.2996,3.2944,3.2944,1818.8943
2019-11-15 08:02:00,3.2945,3.2945,3.2945,3.2945,990.4935
2019-11-15 08:01:00,3.2993,3.2993,3.2993,3.2993,1892.6305
2019-11-15 08:00:00,3.2997,3.3007,3.2997,3.3002,1281.4886
2019-11-15 07:59:00,3.3002,3.3002,3.3,3.3,6622.5829
2019-11-15 07:58:00,3.3001,3.3001,3.3,3.3001,1745.6622
2019-11-15 07:57:00,3.3002,3.3002,3.3002,3.3002,1112.1641
2019-11-15 07:56:00,3.3002,3.3003,3.3002,3.3003,1676.5348
2019-11-15 07:55:00,3.3002,3.3004,3.3002,3.3004,916.7738
2019-11-15 07:54:00,3.3001,3.3003,3.3001,3.3003,6256.2133
2019-11-15 07:53:00,3.3004,3.3005,3.3004,3.3005,1440.7008
2019-11-15 07:52:00,3.3002,3.3008,3.3002,3.3008,1714.7852
2019-11-15 07:51:00,3.2985,3.3006,3.2985,3.3,34022.1592
2019-11-15 07:50:00,3.2949,3.2951,3.2949,3.2951,5527.4641
2019-11-15 07:49:00,3.2962,3.298,3.2947,3.295,8435.7563
2019-11-15 07:48:00,3.294,3.295,3.294,3.295,2770.6315
2019-11-15 07:47:00,3.2947,3.2947,3.294,3.294,4086.3149
2019-11-15 07:46:00,3.2906,3.2941,3.2906,3.2941,3005.0847
2019-11-15 07:45:00,3.2932,3.2937,3.2931,3.2931,2646.956
2019-11-15 07:44:00,3.2935,3.2935,3.2931,3.2931,1767.2452
2019-11-15 07:43:00,3.2907,3.291,3.2907,3.291,985.3173
2019-11-15 07:42:00,3.2906,3.2933,3.2906,3.2933,1279.0638
2019-11-15 07:41:00,3.2909,3.2932,3.2909,3.2932,3444.3722
2019-11-15 07:40:00,3.2926,3.2928,3.2926,3.2928,3893.0595
2019-11-15 07:39:00,3.2923,3.2932,3.2905,3.2932,5295.1061
2019-11-15 07:38:00,3.2903,3.2908,3.2903,3.2908,2934.3595
2019-11-15 07:37:00,3.2926,3.2926,3.2922,3.2922,10466.5013
2019-11-15 07:36:00,3.2901,3.292,3.2901,3.2909,2395.3197
2019-11-15 07:35:00,3.2896,3.29,3.2896,3.29,2966.1966
2019-11-15 07:34:00,3.2894,3.2894,3.2893,3.2893,2951.8208
2019-11-15 07:33:00,3.2867,3.2868,3.2867,3.2868,3638.6105
2019-11-15 07:32:00,3.2866,3.2866,3.2866,3.2866,749.3686
2019-11-15 07:31:00,3.2866,3.2866,3.2866,3.2866,1023.858
2019-11-15 07:30:00,3.2866,3.2866,3.2866,3.2866,1685.0893
2019-11-15 07:29:00,3.2866,3.2866,3.2866,3.2866,0
2019-11-15 07:28:00,3.2866,3.2866,3.2866,3.2866,0
2019-11-15 07:27:00,3.2866,3.2866,3.2866,3.2866,3124.8344
2019-11-15 07:26:00,3.2866,3.2866,3.2866,3.2866,6552.3536
2019-11-15 07:25:00,3.2866,3.2866,3.2865,3.2865,2460.5296
2019-11-15 07:24:00,3.2866,3.2866,3.2866,3.2866,2818.3771
2019-11-15 07:23:00,3.2866,3.2866,3.2866,3.2866,5975.6432
2019-11-15 07:22:00,3.2866,3.2866,3.2866,3.2866,1517.9429
2019-11-15 07:21:00,3.2866,3.2868,3.2866,3.2866,7620.7382
2019-11-15 07:20:00,3.2868,3.2868,3.2866,3.2866,1288.3844
2019-11-15 07:19:00,3.2897,3.2897,3.287,3.287,1695.9628
2019-11-15 07:18:00,3.2897,3.2897,3.2897,3.2897,854.3714
2019-11-15 07:17:00,3.2897,3.2897,3.2897,3.2897,2818.3577
2019-11-15 07:16:00,3.2873,3.2902,3.2873,3.2874,2679.8797
2019-11-15 07:15:00,3.2869,3.2869,3.2869,3.2869,2869.0726
2019-11-15 07:14:00,3.2869,3.2871,3.2865,3.2871,4459.7019
2019-11-15 07:13:00,3.2868,3.2868,3.2868,3.2868,2764.8736
2019-11-15 07:12:00,3.2892,3.2899,3.2868,3.2892,7974.8601
2019-11-15 07:11:00,3.2896,3.2899,3.2892,3.2899,2144.3511
2019-11-15 07:10:00,3.2896,3.2897,3.2893,3.2897,2492.7387
2019-11-15 07:09:00,3.2896,3.2898,3.2896,3.2898,1295.2711
2019-11-15 07:08:00,3.2892,3.2899,3.2892,3.2899,6321.0081
2019-11-15 07:07:00,3.2896,3.2896,3.2889,3.2889,1304.1094
2019-11-15 07:06:00,3.2896,3.2896,3.2884,3.2884,6989.9184
2019-11-15 07:05:00,3.2882,3.2884,3.2882,3.2884,1891.9665
2019-11-15 07:04:00,3.2885,3.2899,3.2878,3.2899,1146.6246
2019-11-15 07:03:00,3.2843,3.2886,3.2843,3.2885,16772.8236
2019-11-15 07:02:00,3.2825,3.2844,3.2825,3.2843,5144.1845
2019-11-15 07:01:00,3.2809,3.2842,3.2809,3.2834,5497.4041
2019-11-15 07:00:00,3.2807,3.2808,3.2807,3.2808,708.7064
2019-11-15 06:59:00,3.2807,3.2807,3.2807,3.2807,0
2019-11-15 06:58:00,3.28,3.2807,3.28,3.2807,14729.1442
2019-11-15 06:57:00,3.2799,3.2799,3.2799,3.2799,0
2019-11-15 06:56:00,3.2796,3.28,3.2796,3.2799,1681.1817
2019-11-15 06:55:00,3.2795,3.2795,3.279,3.279,2258.2658
2019-11-15 06:54:00,3.2787,3.2792,3.2787,3.2792,5624.1279
2019-11-15 06:53:00,3.2794,3.2799,3.2794,3.2799,1172.5271
2019-11-15 06:52:00,3.2788,3.2794,3.2788,3.2794,4715.2072
2019-11-15 06:51:00,3.2788,3.2788,3.2788,3.2788,619.2609
2019-11-15 06:50:00,3.2799,3.2799,3.2799,3.2799,2884.0131
2019-11-15 06:49:00,3.2786,3.2793,3.2784,3.2793,8519.2962
2019-11-15 06:48:00,3.2784,3.2784,3.2784,3.2784,2320.3538
2019-11-15 06:47:00,3.28,3.28,3.2797,3.2797,6071.6628
2019-11-15 06:46:00,3.2803,3.2803,3.2761,3.2803,2509.9616
2019-11-15 06:45:00,3.2759,3.2798,3.2759,3.2798,9996.0241
2019-11-15 06:44:00,3.2808,3.2808,3.276,3.276,10362.339
2019-11-15 06:43:00,3.2809,3.2809,3.2809,3.2809,10.8106
2019-11-15 06:42:00,3.2808,3.2808,3.2808,3.2808,0
2019-11-15 06:41:00,3.2808,3.2808,3.2808,3.2808,0
2019-11-15 06:40:00,3.28,3.2808,3.28,3.2808,3601.5388
2019-11-15 06:39:00,3.2803,3.2805,3.2802,3.2802,5011.7459
2019-11-15 06:38:00,3.28,3.2807,3.28,3.2807,572.1849
2019-11-15 06:37:00,3.2785,3.2804,3.2785,3.2804,5096.311
2019-11-15 06:36:00,3.2788,3.2792,3.2788,3.2792,2511.6136
2019-11-15 06:35:00,3.2793,3.2793,3.2778,3.2778,1516.6129
2019-11-15 06:34:00,3.2803,3.2803,3.2779,3.2779,5593.4673
2019-11-15 06:33:00,3.2799,3.2802,3.2799,3.2802,8941.571
2019-11-15 06:32:00,3.2804,3.2804,3.2776,3.2787,2174.3948
2019-11-15 06:31:00,3.278,3.278,3.278,3.278,888.2765
2019-11-15 06:30:00,3.2776,3.2809,3.2776,3.2799,14570.1641
2019-11-15 06:29:00,3.278,3.278,3.2765,3.2777,15666.5135
2019-11-15 06:28:00,3.2781,3.2802,3.2781,3.2802,1385.7264
2019-11-15 06:27:00,3.2784,3.2784,3.2781,3.2781,1752.6855
2019-11-15 06:26:00,3.2804,3.2804,3.2804,3.2804,5060.1281
2019-11-15 06:25:00,3.2784,3.28,3.2784,3.2797,10263.0505
2019-11-15 06:24:00,3.28,3.28,3.28,3.28,4337.4303
2019-11-15 06:23:00,3.2797,3.28,3.2788,3.28,5197.3996
2019-11-15 06:22:00,3.279,3.279,3.2787,3.2787,6685.7225
2019-11-15 06:21:00,3.2803,3.2806,3.28,3.28,1175.2901
2019-11-15 06:20:00,3.2802,3.2806,3.2802,3.2806,2851.5071
2019-11-15 06:19:00,3.28,3.2803,3.28,3.2803,2936.8378
2019-11-15 06:18:00,3.2791,3.2791,3.2788,3.2788,1634.6703
2019-11-15 06:17:00,3.278,3.2799,3.278,3.2799,1328.2241
2019-11-15 06:16:00,3.2792,3.2792,3.2792,3.2792,4282.9508
2019-11-15 06:15:00,3.2794,3.2798,3.2793,3.2798,8748.9375
2019-11-15 06:14:00,3.2777,3.2777,3.2777,3.2777,585.7023
2019-11-15 06:13:00,3.279,3.2795,3.2775,3.2776,9899.7458
2019-11-15 06:12:00,3.2795,3.2795,3.2795,3.2795,3300.2519
2019-11-15 06:11:00,3.2784,3.2799,3.2784,3.2799,8629.4548
2019-11-15 06:10:00,3.2807,3.281,3.278,3.278,4728.5112
2019-11-15 06:09:00,3.2799,3.2807,3.2777,3.2777,1690.3033
2019-11-15 06:08:00,3.2782,3.2798,3.2782,3.2798,1056.2891
2019-11-15 06:07:00,3.2788,3.2788,3.2788,3.2788,3429.2484
2019-11-15 06:06:00,3.2782,3.2782,3.2781,3.2781,3007.0141
2019-11-15 06:05:00,3.2781,3.2781,3.2775,3.2775,1124.0151
2019-11-15 06:04:00,3.2799,3.2799,3.2777,3.2777,2287.5024
2019-11-15 06:03:00,3.278,3.278,3.278,3.278,1347.2325
2019-11-15 06:02:00,3.2797,3.2797,3.2782,3.2782,1768.3268
2019-11-15 06:01:00,3.2803,3.2803,3.2786,3.2786,5061.1705
2019-11-15 06:00:00,3.2797,3.2806,3.2797,3.2806,1466.7112
2019-11-15 05:59:00,3.2785,3.2787,3.2785,3.2787,5823.0239
2019-11-15 05:58:00,3.2803,3.2804,3.2803,3.2804,8884.0031
2019-11-15 05:57:00,3.2779,3.2779,3.2779,3.2779,1759.0112
2019-11-15 05:56:00,3.2806,3.2806,3.28,3.28,1160.5177
2019-11-15 05:55:00,3.2798,3.2806,3.2798,3.2806,2111.0469
2019-11-15 05:54:00,3.2784,3.2784,3.2779,3.2779,7223.5885
2019-11-15 05:53:00,3.2798,3.2807,3.2782,3.2799,12305.4484
2019-11-15 05:52:00,3.2781,3.2786,3.2781,3.2786,2770.9997
2019-11-15 05:51:00,3.2806,3.2806,3.2774,3.2803,1178.2001
2019-11-15 05:50:00,3.2806,3.2806,3.2806,3.2806,0
2019-11-15 05:49:00,3.2806,3.2806,3.2806,3.2806,0
2019-11-15 05:48:00,3.2806,3.2806,3.2806,3.2806,0
2019-11-15 05:47:00,3.2806,3.2806,3.2806,3.2806,0
2019-11-15 05:46:00,3.2806,3.2806,3.2806,3.2806,0
2019-11-15 05:45:00,3.2806,3.2806,3.2806,3.2806,0
2019-11-15 05:44:00,3.2806,3.2806,3.2806,3.2806,0
2019-11-15 05:43:00,3.2806,3.2806,3.2806,3.2806,0
2019-11-15 05:42:00,3.2806,3.2806,3.2806,3.2806,47
2019-11-15 05:41:00,3.2809,3.2809,3.2808,3.2808,3732.3458
2019-11-15 05:40:00,3.2806,3.2806,3.2806,3.2806,4965.8121
2019-11-15 05:39:00,3.2808,3.2808,3.2802,3.2802,3888.4247
2019-11-15 05:38:00,3.2801,3.2801,3.2801,3.2801,1090.673
2019-11-15 05:37:00,3.2782,3.2806,3.2782,3.2806,1504.5421
2019-11-15 05:36:00,3.2803,3.2807,3.2803,3.2807,1786.6725
2019-11-15 05:35:00,3.2779,3.2779,3.2779,3.2779,1215.6896
2019-11-15 05:34:00,3.2808,3.2808,3.2778,3.2778,1336.004
2019-11-15 05:33:00,3.2785,3.2785,3.2785,3.2785,1131.7937
2019-11-15 05:32:00,3.2801,3.2801,3.2782,3.2782,6762.4632
2019-11-15 05:31:00,3.2776,3.2779,3.2776,3.2779,1590.46
2019-11-15 05:30:00,3.2781,3.2782,3.2781,3.2782,1154.4558
2019-11-15 05:29:00,3.2777,3.2784,3.2776,3.2776,4840.3636
2019-11-15 05:28:00,3.2784,3.2784,3.2784,3.2784,8149.4235
2019-11-15 05:27:00,3.2776,3.2804,3.2776,3.2804,4862.8375
2019-11-15 05:26:00,3.2777,3.2777,3.2777,3.2777,775.3592
2019-11-15 05:25:00,3.2802,3.2802,3.2779,3.2779,5841.9858
2019-11-15 05:24:00,3.2781,3.281,3.2778,3.2778,5670.0111
2019-11-15 05:23:00,3.28,3.28,3.278,3.278,3614.9763
2019-11-15 05:22:00,3.2782,3.2803,3.2782,3.2803,2336.038
2019-11-15 05:21:00,3.2804,3.2804,3.2804,3.2804,736.395
2019-11-15 05:20:00,3.2774,3.2779,3.2774,3.2779,7369.9555
2019-11-15 05:19:00,3.2799,3.2804,3.2799,3.2804,3986.1535
2019-11-15 05:18:00,3.2775,3.2779,3.2775,3.2779,3097.2355
2019-11-15 05:17:00,3.2777,3.2796,3.2777,3.2796,9093.4254
2019-11-15 05:16:00,3.2803,3.2803,3.2803,3.2803,3606.1859
2019-11-15 05:15:00,3.2803,3.2803,3.2778,3.2778,8600.377
2019-11-15 05:14:00,3.2773,3.2806,3.2773,3.2798,2774.7409
2019-11-15 05:13:00,3.2799,3.2799,3.2779,3.2779,1258.5384
2019-11-15 05:12:00,3.2774,3.2774,3.2774,3.2774,2077.431
2019-11-15 05:11:00,3.2798,3.2798,3.2798,3.2798,799.6064
2019-11-15 05:10:00,3.2799,3.2799,3.2799,3.2799,1547.8224
2019-11-15 05:09:00,3.2801,3.2801,3.28,3.28,1457.8122
2019-11-15 05:08:00,3.2799,3.2799,3.2799,3.2799,7976.731
2019-11-15 05:07:00,3.2779,3.2781,3.2779,3.2781,5836.3685
2019-11-15 05:06:00,3.2805,3.2805,3.2797,3.2799,1627.8854
2019-11-15 05:05:00,3.2781,3.2781,3.2781,3.2781,4182.0395
2019-11-15 05:04:00,3.2781,3.2798,3.2781,3.2798,1374.9069
2019-11-15 05:03:00,3.277,3.2802,3.277,3.2802,1370.3187
2019-11-15 05:02:00,3.2772,3.2799,3.2772,3.2799,4760.1985
2019-11-15 05:01:00,3.2768,3.2769,3.2768,3.2769,14551.2864
2019-11-15 05:00:00,3.2803,3.2803,3.2803,3.2803,652.5263
2019-11-15 04:59:00,3.2797,3.2797,3.2775,3.2775,11194.9288
2019-11-15 04:58:00,3.2797,3.2797,3.2792,3.2792,5331.0483
2019-11-15 04:57:00,3.2769,3.2805,3.2769,3.2805,6175.8845
2019-11-15 04:56:00,3.2768,3.2768,3.2768,3.2768,1925.911
2019-11-15 04:55:00,3.2799,3.2799,3.2779,3.2779,1259.9727
2019-11-15 04:54:00,3.2772,3.2808,3.2772,3.2777,3568.7764
2019-11-15 04:53:00,3.2804,3.2806,3.2802,3.2802,3937.567
2019-11-15 04:52:00,3.2774,3.2774,3.2772,3.2772,1290.3876
2019-11-15 04:51:00,3.2798,3.2805,3.2798,3.2805,9183.9352
2019-11-15 04:50:00,3.2807,3.2807,3.2766,3.2772,13456.0426
2019-11-15 04:49:00,3.2784,3.2784,3.2784,3.2784,1428.254
2019-11-15 04:48:00,3.2778,3.2778,3.2777,3.2777,2213.6539
2019-11-15 04:47:00,3.2781,3.2781,3.278,3.278,1820.7793
2019-11-15 04:46:00,3.2802,3.2806,3.2802,3.2804,1312.5842
2019-11-15 04:45:00,3.2802,3.2802,3.2778,3.2778,5327.081
2019-11-15 04:44:00,3.2803,3.2803,3.2775,3.2775,637.7724
2019-11-15 04:43:00,3.2802,3.2802,3.2802,3.2802,5805.9788
2019-11-15 04:42:00,3.2799,3.2806,3.2799,3.2806,8355.7485
2019-11-15 04:41:00,3.2771,3.2776,3.2771,3.2776,1698.769
2019-11-15 04:40:00,3.2799,3.2799,3.2774,3.2774,1174.056
2019-11-15 04:39:00,3.2776,3.2776,3.2774,3.2774,5489.5491
2019-11-15 04:38:00,3.2774,3.2805,3.2774,3.2805,5930.5812
2019-11-15 04:37:00,3.2799,3.2805,3.2799,3.2805,1700.1056
2019-11-15 04:36:00,3.2773,3.2773,3.2773,3.2773,783.2341
2019-11-15 04:35:00,3.2776,3.2805,3.2776,3.2805,1550.8858
2019-11-15 04:34:00,3.28,3.28,3.2783,3.2783,5314.4131
2019-11-15 04:33:00,3.2802,3.2802,3.2777,3.2777,4921.6229
2019-11-15 04:32:00,3.2807,3.2807,3.2778,3.2778,1807.8289
2019-11-15 04:31:00,3.2797,3.2797,3.2794,3.2794,2959.6172
2019-11-15 04:30:00,3.2774,3.2774,3.2773,3.2773,1496.4941
2019-11-15 04:29:00,3.2773,3.2777,3.2773,3.2777,1502.1476
2019-11-15 04:28:00,3.2778,3.2778,3.2778,3.2778,1763.2235
2019-11-15 04:27:00,3.2769,3.2806,3.2769,3.2806,2375.8596
2019-11-15 04:26:00,3.2769,3.2775,3.2769,3.2769,686.438
2019-11-15 04:25:00,3.2769,3.2776,3.2769,3.2769,8438.703
2019-11-15 04:24:00,3.2769,3.2769,3.2769,3.2769,12.1216
2019-11-15 04:23:00,3.2769,3.2774,3.2769,3.2769,3468.3003
2019-11-15 04:22:00,3.2769,3.277,3.2769,3.2769,736.8753
2019-11-15 04:21:00,3.2769,3.2769,3.2769,3.2769,58.2009
2019-11-15 04:20:00,3.2769,3.277,3.2769,3.2769,574.875
2019-11-15 04:19:00,3.2769,3.2769,3.2769,3.2769,9
2019-11-15 04:18:00,3.2769,3.2769,3.2769,3.2769,18.9506
2019-11-15 04:17:00,3.2769,3.2769,3.2769,3.2769,14.0811
2019-11-15 04:16:00,3.2769,3.2769,3.2769,3.2769,29.5
2019-11-15 04:15:00,3.2769,3.2769,3.2769,3.2769,30.2213
2019-11-15 04:14:00,3.2769,3.2769,3.2769,3.2769,9
2019-11-15 04:13:00,3.2769,3.2769,3.2769,3.2769,15.3349
2019-11-15 04:12:00,3.2769,3.277,3.2769,3.2769,61.8817
2019-11-15 04:11:00,3.2804,3.2804,3.2769,3.2769,6735.2698
2019-11-15 04:10:00,3.2772,3.2775,3.2769,3.277,3232.4776
2019-11-15 04:09:00,3.2769,3.2797,3.2769,3.2772,1116.1192
2019-11-15 04:08:00,3.2765,3.277,3.2765,3.2767,1393.1485
2019-11-15 04:07:00,3.2771,3.2774,3.2765,3.2765,693.1007
2019-11-15 04:06:00,3.2805,3.2805,3.2769,3.2804,6895.0905
2019-11-15 04:05:00,3.2779,3.2797,3.277,3.2775,1362.0135
2019-11-15 04:04:00,3.2777,3.2782,3.2772,3.2782,4824.5637
2019-11-15 04:03:00,3.2771,3.2791,3.277,3.2777,3222.8642
2019-11-15 04:02:00,3.2773,3.28,3.277,3.2771,828.223
2019-11-15 04:01:00,3.2778,3.2801,3.277,3.2792,5160.9586
2019-11-15 04:00:00,3.2775,3.2801,3.2773,3.2775,7894.1529
2019-11-15 03:59:00,3.2775,3.2802,3.2772,3.2776,5443.4976
2019-11-15 03:58:00,3.2774,3.2779,3.2767,3.2775,2133.4811
2019-11-15 03:57:00,3.2775,3.2778,3.2767,3.2774,589.6213
2019-11-15 03:56:00,3.2769,3.2804,3.2769,3.2798,6355.983
2019-11-15 03:55:00,3.2765,3.281,3.2765,3.28,2190.5872
2019-11-15 03:54:00,3.2765,3.2765,3.2765,3.2765,18.3256
2019-11-15 03:53:00,3.2765,3.2765,3.2765,3.2765,12.4558
2019-11-15 03:52:00,3.2765,3.2765,3.2765,3.2765,25.3853
2019-11-15 03:51:00,3.2765,3.2765,3.2765,3.2765,170.4426
2019-11-15 03:50:00,3.2767,3.2768,3.2765,3.2768,5751.3962
2019-11-15 03:49:00,3.2765,3.2767,3.2765,3.2765,4362.7111
2019-11-15 03:48:00,3.2766,3.277,3.2765,3.2765,591.6494
2019-11-15 03:47:00,3.2765,3.277,3.2765,3.277,1707.4992
2019-11-15 03:46:00,3.2765,3.2812,3.2765,3.277,1887.7881
2019-11-15 03:45:00,3.2789,3.2802,3.2766,3.277,812.4591
2019-11-15 03:44:00,3.2788,3.2791,3.2788,3.2789,1523.9676
2019-11-15 03:43:00,3.282,3.282,3.2788,3.2788,2405.7087
2019-11-15 03:42:00,3.2792,3.2807,3.2787,3.2788,1659.2551
2019-11-15 03:41:00,3.2787,3.2821,3.2787,3.2788,4207.251
2019-11-15 03:40:00,3.2796,3.2816,3.2787,3.2795,6482.1033
2019-11-15 03:39:00,3.2787,3.2797,3.2787,3.2796,2982.5817
2019-11-15 03:38:00,3.2812,3.2816,3.2787,3.2787,2177.1445
2019-11-15 03:37:00,3.2809,3.2814,3.2787,3.2787,10661.0908
2019-11-15 03:36:00,3.2788,3.2803,3.2787,3.2788,1296.0941
2019-11-15 03:35:00,3.2811,3.2811,3.2788,3.2788,2653.6188
2019-11-15 03:34:00,3.2811,3.2816,3.2811,3.2815,2125.6838
2019-11-15 03:33:00,3.2811,3.2819,3.2811,3.2811,5387.9226
2019-11-15 03:32:00,3.2811,3.2814,3.2811,3.2811,3002.0915
2019-11-15 03:31:00,3.2801,3.2822,3.2788,3.2811,517.8883
2019-11-15 03:30:00,3.2806,3.2814,3.2801,3.2801,3272.0157
2019-11-15 03:29:00,3.2801,3.2812,3.2801,3.2806,8858.6446
2019-11-15 03:28:00,3.2804,3.2814,3.2788,3.2801,922.4795
2019-11-15 03:27:00,3.2805,3.282,3.2787,3.2819,8562.9255
2019-11-15 03:26:00,3.2813,3.2815,3.2788,3.2789,5849.277
2019-11-15 03:25:00,3.2802,3.2814,3.2788,3.2804,4690.7139
2019-11-15 03:24:00,3.2813,3.2819,3.279,3.2811,6093.8068
2019-11-15 03:23:00,3.2812,3.2814,3.2787,3.2807,2022.6566
2019-11-15 03:22:00,3.2806,3.2816,3.2788,3.2816,9860.2493
2019-11-15 03:21:00,3.2793,3.2822,3.2793,3.2813,1689.5382
2019-11-15 03:20:00,3.2812,3.2821,3.2792,3.2807,3331.619
2019-11-15 03:19:00,3.2815,3.2822,3.2787,3.2788,3100.497
2019-11-15 03:18:00,3.28,3.2831,3.2795,3.2814,1211.0713
2019-11-15 03:17:00,3.2814,3.2826,3.2789,3.2825,1874.5501
2019-11-15 03:16:00,3.282,3.2822,3.2792,3.2795,3441.9772
2019-11-15 03:15:00,3.283,3.2846,3.2794,3.2805,5981.3029
2019-11-15 03:14:00,3.2787,3.283,3.2787,3.283,6101.9713
2019-11-15 03:13:00,3.2787,3.2808,3.2787,3.2787,3782.49
2019-11-15 03:12:00,3.2771,3.2809,3.2771,3.2787,2814.0796
2019-11-15 03:11:00,3.2772,3.2799,3.2772,3.2778,2969.0645
2019-11-15 03:10:00,3.2765,3.2775,3.2765,3.2772,2296.1409
2019-11-15 03:09:00,3.2765,3.2765,3.2765,3.2765,22.2609
2019-11-15 03:08:00,3.2765,3.2765,3.2765,3.2765,31.8411
2019-11-15 03:07:00,3.2765,3.2765,3.2765,3.2765,18.6886
2019-11-15 03:06:00,3.2765,3.2765,3.2765,3.2765,22.2677
2019-11-15 03:05:00,3.2765,3.2765,3.2765,3.2765,22.0478
2019-11-15 03:04:00,3.2765,3.2765,3.2765,3.2765,15.2335
2019-11-15 03:03:00,3.2765,3.2765,3.2765,3.2765,26.8445
2019-11-15 03:02:00,3.2763,3.2766,3.2763,3.2765,80.0516
2019-11-15 03:01:00,3.2763,3.2763,3.2763,3.2763,26.0271
2019-11-15 03:00:00,3.2758,3.2763,3.2753,3.2763,1368.9561
2019-11-15 02:59:00,3.2765,3.2766,3.2753,3.2759,2560.0731
2019-11-15 02:58:00,3.2804,3.2812,3.2754,3.2754,3604.4163
2019-11-15 02:57:00,3.2812,3.2818,3.2804,3.2804,6411.1476
2019-11-15 02:56:00,3.2805,3.2819,3.2804,3.2812,3759.7983
2019-11-15 02:55:00,3.2793,3.2816,3.2791,3.2804,7251.3547
2019-11-15 02:54:00,3.2769,3.2792,3.2769,3.2777,4765.5119
2019-11-15 02:53:00,3.2791,3.2792,3.2769,3.2769,1124.3767
2019-11-15 02:52:00,3.2779,3.2788,3.277,3.2788,2339.8292
2019-11-15 02:51:00,3.2779,3.2783,3.277,3.277,1248.5647
2019-11-15 02:50:00,3.2726,3.2779,3.2725,3.277,6639.8128
2019-11-15 02:49:00,3.2706,3.2727,3.2697,3.2725,759.2614
2019-11-15 02:48:00,3.269,3.272,3.269,3.2706,7452.0878
2019-11-15 02:47:00,3.2669,3.2669,3.2669,3.2669,0
2019-11-15 02:46:00,3.2684,3.2722,3.2669,3.2669,2496.0572
2019-11-15 02:45:00,3.2689,3.2689,3.2689,3.2689,2356.7347
2019-11-15 02:44:00,3.2683,3.269,3.2662,3.2665,8218.2385
2019-11-15 02:43:00,3.2663,3.275,3.2663,3.275,2611.8074
2019-11-15 02:42:00,3.2655,3.266,3.2655,3.266,2429.2572
2019-11-15 02:41:00,3.2669,3.2669,3.2669,3.2669,618.8896
2019-11-15 02:40:00,3.2671,3.2671,3.2653,3.2653,6579.7183
2019-11-15 02:39:00,3.2654,3.2654,3.2651,3.2651,2043.3568
2019-11-15 02:38:00,3.2667,3.2667,3.2652,3.2652,2561.6228
2019-11-15 02:37:00,3.2667,3.2667,3.2667,3.2667,3634.1773
2019-11-15 02:36:00,3.2655,3.2675,3.2655,3.2675,9476.3046
2019-11-15 02:35:00,3.266,3.2676,3.266,3.266,1762.8273
2019-11-15 02:34:00,3.2652,3.2652,3.2652,3.2652,607.42
2019-11-15 02:33:00,3.2668,3.2668,3.2652,3.2652,2639.275
2019-11-15 02:32:00,3.2648,3.2658,3.2648,3.2658,5447.963
2019-11-15 02:31:00,3.2652,3.2672,3.2647,3.2647,8970.341
2019-11-15 02:30:00,3.2669,3.267,3.2664,3.2669,3072.7627
2019-11-15 02:29:00,3.266,3.2674,3.266,3.2663,1586.6569
2019-11-15 02:28:00,3.2659,3.2659,3.2659,3.2659,0
2019-11-15 02:27:00,3.2659,3.2659,3.2659,3.2659,0
2019-11-15 02:26:00,3.2659,3.2659,3.2659,3.2659,0
2019-11-15 02:25:00,3.2655,3.2659,3.2652,3.2659,1108.9854
2019-11-15 02:24:00,3.2655,3.2657,3.2652,3.2656,823.9282
2019-11-15 02:23:00,3.2655,3.2656,3.265,3.2655,1456.6943
2019-11-15 02:22:00,3.2652,3.2656,3.265,3.2653,1085.5507
2019-11-15 02:21:00,3.267,3.267,3.2642,3.2651,3877.2326
2019-11-15 02:20:00,3.2683,3.2683,3.2675,3.2676,794.189
2019-11-15 02:19:00,3.2683,3.2688,3.2683,3.2688,2113.4308
2019-11-15 02:18:00,3.2689,3.2689,3.2684,3.2684,5499.684
2019-11-15 02:17:00,3.2689,3.2689,3.2689,3.2689,0
2019-11-15 02:16:00,3.2689,3.2689,3.2689,3.2689,669.6522
2019-11-15 02:15:00,3.269,3.269,3.269,3.269,0
2019-11-15 02:14:00,3.269,3.269,3.269,3.269,0
2019-11-15 02:13:00,3.269,3.269,3.269,3.269,0
2019-11-15 02:12:00,3.269,3.269,3.269,3.269,0
2019-11-15 02:11:00,3.2708,3.2712,3.2689,3.269,5791.9438
2019-11-15 02:10:00,3.2711,3.2713,3.2708,3.2708,448.5684
2019-11-15 02:09:00,3.2708,3.2711,3.2708,3.2711,3953.4773
2019-11-15 02:08:00,3.2709,3.2711,3.2708,3.2709,3669.7171
2019-11-15 02:07:00,3.2708,3.2715,3.2708,3.2711,6950.674
2019-11-15 02:06:00,3.2709,3.2716,3.2708,3.2708,1488.0021
2019-11-15 02:05:00,3.2721,3.2721,3.2709,3.2709,1009.0517
2019-11-15 02:04:00,3.2721,3.2721,3.2721,3.2721,13.0097
2019-11-15 02:03:00,3.2721,3.2722,3.2721,3.2721,102.7784
2019-11-15 02:02:00,3.2721,3.2721,3.2721,3.2721,21.6336
2019-11-15 02:01:00,3.2721,3.2721,3.2721,3.2721,21.0318
2019-11-15 02:00:00,3.2721,3.2721,3.2721,3.2721,19.8811
2019-11-15 01:59:00,3.2721,3.2721,3.2721,3.2721,21.2705
2019-11-15 01:58:00,3.2721,3.2721,3.2721,3.2721,27.5707
2019-11-15 01:57:00,3.2721,3.2721,3.2721,3.2721,17.1322
2019-11-15 01:56:00,3.2721,3.2722,3.2721,3.2721,182.3289
2019-11-15 01:55:00,3.2719,3.2721,3.2719,3.2721,1529.0613
2019-11-15 01:54:00,3.2707,3.2719,3.2707,3.2719,735.4515
2019-11-15 01:53:00,3.2707,3.2707,3.2707,3.2707,190.5807
2019-11-15 01:52:00,3.2703,3.2707,3.2698,3.2707,798.6911
2019-11-15 01:51:00,3.268,3.269,3.268,3.269,8663.5494
2019-11-15 01:50:00,3.268,3.268,3.268,3.268,1.0788
2019-11-15 01:49:00,3.2679,3.2679,3.2679,3.2679,0
2019-11-15 01:48:00,3.2679,3.2679,3.2679,3.2679,0
2019-11-15 01:47:00,3.2679,3.2679,3.2679,3.2679,0
2019-11-15 01:46:00,3.2679,3.2679,3.2679,3.2679,1.4252
2019-11-15 01:45:00,3.268,3.268,3.268,3.268,0
2019-11-15 01:44:00,3.268,3.268,3.268,3.268,4.9282
2019-11-15 01:43:00,3.268,3.268,3.268,3.268,0
2019-11-15 01:42:00,3.268,3.268,3.268,3.268,0
2019-11-15 01:41:00,3.268,3.268,3.268,3.268,17.3552
2019-11-15 01:40:00,3.268,3.268,3.268,3.268,4.5923
2019-11-15 01:39:00,3.268,3.268,3.268,3.268,0
2019-11-15 01:38:00,3.268,3.268,3.268,3.268,0
2019-11-15 01:37:00,3.268,3.268,3.268,3.268,7.4582
2019-11-15 01:36:00,3.268,3.268,3.268,3.268,0
2019-11-15 01:35:00,3.268,3.268,3.268,3.268,0
2019-11-15 01:34:00,3.268,3.268,3.268,3.268,0
2019-11-15 01:33:00,3.268,3.268,3.268,3.268,0
2019-11-15 01:32:00,3.268,3.268,3.268,3.268,0
2019-11-15 01:31:00,3.268,3.268,3.268,3.268,34.485
2019-11-15 01:30:00,3.2669,3.268,3.2668,3.268,1311.304
2019-11-15 01:29:00,3.2674,3.2674,3.2664,3.267,1159.4949
2019-11-15 01:28:00,3.2668,3.2675,3.2663,3.2673,2758.1986
2019-11-15 01:27:00,3.2671,3.2677,3.2666,3.2672,6193.08
2019-11-15 01:26:00,3.2672,3.2672,3.2666,3.2666,4225.713
2019-11-15 01:25:00,3.2672,3.2677,3.2666,3.2667,2417.6797
2019-11-15 01:24:00,3.2672,3.2674,3.2668,3.2669,1231.7537
2019-11-15 01:23:00,3.2701,3.2708,3.2615,3.2669,14924.0245
2019-11-15 01:22:00,3.2699,3.2705,3.2693,3.2694,5354.1141
2019-11-15 01:21:00,3.2725,3.2725,3.2693,3.2701,3923.6525
2019-11-15 01:20:00,3.2731,3.2731,3.2725,3.2725,3116.5403
2019-11-15 01:19:00,3.2732,3.2732,3.2731,3.2731,39.3285
2019-11-15 01:18:00,3.2733,3.2739,3.2725,3.2726,698.3222
2019-11-15 01:17:00,3.2744,3.2744,3.2733,3.2733,1326.2445
2019-11-15 01:16:00,3.2744,3.2744,3.2744,3.2744,37.7297
2019-11-15 01:15:00,3.2744,3.2744,3.2744,3.2744,25.8515
2019-11-15 01:14:00,3.2744,3.2744,3.2744,3.2744,28.6007
2019-11-15 01:13:00,3.2744,3.2744,3.2744,3.2744,23.0931
2019-11-15 01:12:00,3.2748,3.2749,3.2729,3.2739,1016.8774
2019-11-15 01:11:00,3.2739,3.2771,3.2738,3.2738,5682.0077
2019-11-15 01:10:00,3.2739,3.2739,3.2739,3.2739,30.3105
2019-11-15 01:09:00,3.274,3.274,3.2739,3.2739,2343.3067
2019-11-15 01:08:00,3.2738,3.2741,3.2738,3.274,2989.6266
2019-11-15 01:07:00,3.2737,3.2738,3.2737,3.2738,421.3786
2019-11-15 01:06:00,3.2737,3.2737,3.2737,3.2737,27.2218
2019-11-15 01:05:00,3.2737,3.2738,3.2737,3.2737,48.9036
2019-11-15 01:04:00,3.2733,3.2737,3.2733,3.2737,27.9061
2019-11-15 01:03:00,3.2732,3.2737,3.273,3.2736,2043.5206
2019-11-15 01:02:00,3.2726,3.2731,3.2726,3.2729,3027.3962
2019-11-15 01:01:00,3.2726,3.273,3.2718,3.2726,819.5811
2019-11-15 01:00:00,3.2727,3.2733,3.2714,3.2719,7376.8793
2019-11-15 00:59:00,3.2713,3.273,3.2713,3.2726,561.0971
2019-11-15 00:58:00,3.2713,3.2713,3.2713,3.2713,36.175
2019-11-15 00:57:00,3.2713,3.2713,3.2713,3.2713,20.4824
2019-11-15 00:56:00,3.2713,3.2713,3.2713,3.2713,313.1562
2019-11-15 00:55:00,3.2693,3.2731,3.2693,3.2713,20110.152
2019-11-15 00:54:00,3.2692,3.2692,3.2692,3.2692,25.8508
2019-11-15 00:53:00,3.2692,3.2693,3.2692,3.2693,203.1646
2019-11-15 00:52:00,3.2692,3.2692,3.2692,3.2692,1
2019-11-15 00:51:00,3.2692,3.2692,3.2692,3.2692,1254.8292
2019-11-15 00:50:00,3.2666,3.2693,3.2609,3.2692,7150.0243
2019-11-15 00:49:00,3.2649,3.2666,3.2634,3.2666,6571.0789
2019-11-15 00:48:00,3.2644,3.2649,3.263,3.2649,4673.8804
2019-11-15 00:47:00,3.2628,3.2644,3.2613,3.2644,2959.4986
2019-11-15 00:46:00,3.2635,3.2639,3.2598,3.2621,1241.8321
2019-11-15 00:45:00,3.2635,3.2646,3.2621,3.2621,2754.5856
2019-11-15 00:44:00,3.2634,3.2645,3.2619,3.2621,3306.9734
2019-11-15 00:43:00,3.2636,3.2639,3.2619,3.2634,5542.1522
2019-11-15 00:42:00,3.2649,3.2649,3.2623,3.2636,4318.998
2019-11-15 00:41:00,3.2648,3.266,3.2642,3.2648,1650.4501
2019-11-15 00:40:00,3.2619,3.265,3.2611,3.265,7881.2261
2019-11-15 00:39:00,3.2617,3.2632,3.2612,3.2619,3866.2607
2019-11-15 00:38:00,3.2606,3.2625,3.2605,3.2617,6845.1545
2019-11-15 00:37:00,3.2603,3.261,3.2595,3.2606,7423.26
2019-11-15 00:36:00,3.2604,3.2609,3.2602,3.2606,783.0083
2019-11-15 00:35:00,3.2614,3.2632,3.2596,3.26,7424.301
2019-11-15 00:34:00,3.2614,3.2614,3.2599,3.2614,2929.1494
2019-11-15 00:33:00,3.261,3.2625,3.2602,3.2618,1510.2874
2019-11-15 00:32:00,3.2595,3.2624,3.257,3.2624,8398.2107
2019-11-15 00:31:00,3.2598,3.2626,3.2574,3.2595,11947.3945
2019-11-15 00:30:00,3.26,3.2615,3.257,3.2596,1950.7475
2019-11-15 00:29:00,3.2608,3.2629,3.2567,3.26,7301.4807
2019-11-15 00:28:00,3.2615,3.2624,3.2608,3.2616,2347.4388
2019-11-15 00:27:00,3.26,3.2628,3.2599,3.2615,2157.2321
2019-11-15 00:26:00,3.2591,3.26,3.2591,3.26,5970.7303
2019-11-15 00:25:00,3.2576,3.26,3.2576,3.2591,5996.4608
2019-11-15 00:24:00,3.2566,3.2585,3.2566,3.2576,1586.6183
2019-11-15 00:23:00,3.2573,3.26,3.255,3.2566,5696.4906
2019-11-15 00:22:00,3.2793,3.2793,3.255,3.2554,23795.5514
2019-11-15 00:21:00,3.2796,3.2799,3.2793,3.2793,1881.1729
2019-11-15 00:20:00,3.2796,3.28,3.2789,3.28,3930.5967
2019-11-15 00:19:00,3.2808,3.2808,3.2793,3.2796,1999.831
2019-11-15 00:18:00,3.2813,3.2813,3.2808,3.2808,5465.5351
2019-11-15 00:17:00,3.2813,3.2813,3.2813,3.2813,0
2019-11-15 00:16:00,3.2813,3.2813,3.2813,3.2813,175.5742
2019-11-15 00:15:00,3.279,3.2816,3.279,3.2816,1934.4546
2019-11-15 00:14:00,3.2788,3.2788,3.2788,3.2788,0
2019-11-15 00:13:00,3.2786,3.2789,3.2786,3.2788,92.3657
2019-11-15 00:12:00,3.2764,3.2789,3.2756,3.2789,4515.3154
2019-11-15 00:11:00,3.2721,3.2791,3.2721,3.2758,3348.6862
2019-11-15 00:10:00,3.2722,3.2722,3.2722,3.2722,764.4947
2019-11-15 00:09:00,3.2722,3.2723,3.272,3.2722,2360.5335
2019-11-15 00:08:00,3.2722,3.2722,3.2722,3.2722,1145.6666
2019-11-15 00:07:00,3.2724,3.2732,3.2721,3.2722,7116.1703
2019-11-15 00:06:00,3.2727,3.2728,3.2722,3.2724,5527.5354
2019-11-15 00:05:00,3.2747,3.2747,3.273,3.273,3985.3029
2019-11-15 00:04:00,3.2737,3.2749,3.2737,3.2747,4824.8619
2019-11-15 00:03:00,3.2744,3.2744,3.2726,3.2736,3911.4024
2019-11-15 00:02:00,3.2759,3.2764,3.2753,3.2753,4186.7283
2019-11-15 00:01:00,3.2773,3.2773,3.2754,3.2762,3171.0781
2019-11-15 00:00:00,3.2742,3.2744,3.2735,3.2735,1369.0772
