2019-11-12 23:59:00,3.1302,3.1353,3.1284,3.1339,2448.7339
2019-11-12 23:58:00,3.128,3.1304,3.1263,3.1284,11163.1861
2019-11-12 23:57:00,3.1268,3.128,3.1254,3.128,2853.9712
2019-11-12 23:56:00,3.125,3.1269,3.1243,3.1245,1734.9221
2019-11-12 23:55:00,3.1279,3.1279,3.1246,3.1249,1645.2254
2019-11-12 23:54:00,3.1255,3.1279,3.1243,3.1249,4051.7829
2019-11-12 23:53:00,3.1273,3.128,3.1252,3.1256,1538.8027
2019-11-12 23:52:00,3.1313,3.1315,3.1275,3.1315,2955.2421
2019-11-12 23:51:00,3.1328,3.1328,3.1278,3.1289,4616.2996
2019-11-12 23:50:00,3.1217,3.1397,3.1217,3.1356,26756.638
2019-11-12 23:49:00,3.1281,3.1281,3.1239,3.1239,2454.8662
2019-11-12 23:48:00,3.1246,3.1304,3.1217,3.1304,5364.3643
2019-11-12 23:47:00,3.1156,3.1235,3.1156,3.1216,11071.5703
2019-11-12 23:46:00,3.1141,3.1163,3.111,3.1155,6875.7546
2019-11-12 23:45:00,3.1087,3.119,3.1087,3.1141,2658.0269
2019-11-12 23:44:00,3.117,3.117,3.1011,3.1143,9159.7065
2019-11-12 23:43:00,3.1215,3.1276,3.1154,3.1154,5808.3334
2019-11-12 23:42:00,3.1162,3.1215,3.1148,3.1215,47905.7232
2019-11-12 23:41:00,3.1112,3.1166,3.1096,3.1166,10386.3087
2019-11-12 23:40:00,3.1117,3.1123,3.11,3.1112,5446.1964
2019-11-12 23:39:00,3.1148,3.1166,3.108,3.1107,5094.3731
2019-11-12 23:38:00,3.1303,3.1317,3.1152,3.1171,18845.164
2019-11-12 23:37:00,3.1396,3.14,3.13,3.13,12112.2595
2019-11-12 23:36:00,3.1291,3.1397,3.1251,3.1397,14910.5527
2019-11-12 23:35:00,3.1166,3.1288,3.1152,3.1288,16033.4147
2019-11-12 23:34:00,3.1203,3.1237,3.1141,3.1196,5879.6655
2019-11-12 23:33:00,3.1098,3.1243,3.1095,3.1243,21722.2142
2019-11-12 23:32:00,3.1043,3.1074,3.1043,3.1074,6893.1245
2019-11-12 23:31:00,3.1019,3.1055,3.101,3.1027,10688.3161
2019-11-12 23:30:00,3.0855,3.1171,3.0854,3.1049,39888.9074
2019-11-12 23:29:00,3.0853,3.0866,3.0799,3.0861,3523.8267
2019-11-12 23:28:00,3.0784,3.0848,3.0784,3.0848,1186.1948
2019-11-12 23:27:00,3.0744,3.0823,3.0695,3.0763,18547.3485
2019-11-12 23:26:00,3.0662,3.0744,3.0628,3.0744,9010.723
2019-11-12 23:25:00,3.0658,3.0693,3.0616,3.066,7225.4983
2019-11-12 23:24:00,3.0601,3.0724,3.0601,3.0701,15167.2765
2019-11-12 23:23:00,3.0645,3.066,3.0601,3.0601,67255.831
2019-11-12 23:22:00,3.0692,3.0714,3.0626,3.0626,32182.682
2019-11-12 23:21:00,3.0706,3.0716,3.07,3.0705,2842.6954
2019-11-12 23:20:00,3.0735,3.0738,3.0706,3.0706,4864.8613
2019-11-12 23:19:00,3.0765,3.0778,3.073,3.0738,11727.2656
2019-11-12 23:18:00,3.0801,3.0824,3.0739,3.0787,10567.3005
2019-11-12 23:17:00,3.0824,3.0846,3.08,3.0801,1516.0143
2019-11-12 23:16:00,3.0805,3.0842,3.0805,3.0825,4977.5876
2019-11-12 23:15:00,3.0821,3.0834,3.0803,3.0825,7463.1788
2019-11-12 23:14:00,3.0821,3.0839,3.082,3.0832,1548.0828
2019-11-12 23:13:00,3.0823,3.0825,3.0803,3.0821,1097.0453
2019-11-12 23:12:00,3.0824,3.0848,3.0804,3.0807,2482.5971
2019-11-12 23:11:00,3.087,3.0876,3.0832,3.0847,3712.7762
2019-11-12 23:10:00,3.0849,3.0877,3.0849,3.0862,3826.4156
2019-11-12 23:09:00,3.0871,3.0871,3.0857,3.0862,10043.9264
2019-11-12 23:08:00,3.0865,3.0865,3.0855,3.0861,6663.4134
2019-11-12 23:07:00,3.0866,3.0882,3.0858,3.0858,584.7639
2019-11-12 23:06:00,3.0854,3.0869,3.0849,3.0857,1959.9225
2019-11-12 23:05:00,3.0876,3.0912,3.0871,3.0872,2699.8362
2019-11-12 23:04:00,3.0957,3.0968,3.0876,3.0876,20536.3187
2019-11-12 23:03:00,3.095,3.0975,3.0886,3.0886,19824.468
2019-11-12 23:02:00,3.095,3.0981,3.095,3.095,5941.0846
2019-11-12 23:01:00,3.0937,3.1075,3.0937,3.095,53447.015
2019-11-12 23:00:00,3.1,3.1,3.096,3.0961,2692.8334
2019-11-12 22:59:00,3.0998,3.1,3.0897,3.0953,28292.585
2019-11-12 22:58:00,3.0934,3.0999,3.0926,3.0998,4096.881
2019-11-12 22:57:00,3.0918,3.0987,3.0918,3.0941,1528.2535
2019-11-12 22:56:00,3.0951,3.0993,3.0934,3.0946,13695.0398
2019-11-12 22:55:00,3.0979,3.0993,3.095,3.0975,8670.9216
2019-11-12 22:54:00,3.096,3.0999,3.096,3.0979,9648.9788
2019-11-12 22:53:00,3.0915,3.1,3.0915,3.096,11755.9764
2019-11-12 22:52:00,3.0838,3.0949,3.0838,3.0872,17631.2554
2019-11-12 22:51:00,3.0837,3.088,3.0806,3.0837,1932.5629
2019-11-12 22:50:00,3.0846,3.0874,3.0803,3.0835,8775.643
2019-11-12 22:49:00,3.0811,3.0885,3.0793,3.0843,3901.6214
2019-11-12 22:48:00,3.0784,3.09,3.0784,3.0811,9305.1976
2019-11-12 22:47:00,3.0741,3.0827,3.0712,3.0784,11112.9211
2019-11-12 22:46:00,3.0731,3.0763,3.0701,3.0749,7063.1529
2019-11-12 22:45:00,3.0746,3.077,3.0702,3.0733,3538.0983
2019-11-12 22:44:00,3.0746,3.0797,3.0746,3.0746,7820.405
2019-11-12 22:43:00,3.0746,3.0807,3.0746,3.0746,16660.3423
2019-11-12 22:42:00,3.0802,3.0803,3.0746,3.0746,9845.3842
2019-11-12 22:41:00,3.0746,3.0806,3.0746,3.0746,8684.4922
2019-11-12 22:40:00,3.0747,3.0778,3.0746,3.0746,11339.3519
2019-11-12 22:39:00,3.0746,3.0772,3.0746,3.0747,9928.7868
2019-11-12 22:38:00,3.0753,3.0759,3.0746,3.0746,11042.322
2019-11-12 22:37:00,3.0676,3.0815,3.0676,3.0753,17696.3961
2019-11-12 22:36:00,3.068,3.082,3.0675,3.0676,8591.9894
2019-11-12 22:35:00,3.0733,3.0741,3.068,3.068,16064.2153
2019-11-12 22:34:00,3.0688,3.0834,3.068,3.068,29883.3597
2019-11-12 22:33:00,3.0711,3.0834,3.0687,3.0688,23002.2211
2019-11-12 22:32:00,3.0691,3.08,3.0687,3.0711,11749.0681
2019-11-12 22:31:00,3.08,3.0801,3.0691,3.0691,25119.0552
2019-11-12 22:30:00,3.0835,3.0932,3.08,3.08,27883.275
2019-11-12 22:29:00,3.0873,3.0997,3.0835,3.0835,19575.3021
2019-11-12 22:28:00,3.1,3.1024,3.0873,3.0873,15303.3082
2019-11-12 22:27:00,3.1038,3.1117,3.1,3.1,14885.6079
2019-11-12 22:26:00,3.1052,3.1231,3.1001,3.102,36553.4797
2019-11-12 22:25:00,3.11,3.1132,3.1052,3.1052,24714.3614
2019-11-12 22:24:00,3.1102,3.1173,3.11,3.11,14772.4268
2019-11-12 22:23:00,3.1103,3.1175,3.1102,3.1102,11834.9524
2019-11-12 22:22:00,3.1103,3.1166,3.1102,3.1137,8247.5687
2019-11-12 22:21:00,3.1141,3.1142,3.1101,3.1103,10878.0709
2019-11-12 22:20:00,3.1129,3.118,3.11,3.1102,15087.5956
2019-11-12 22:19:00,3.1102,3.1149,3.1102,3.1129,9792.8014
2019-11-12 22:18:00,3.105,3.1149,3.105,3.1102,19401.9571
2019-11-12 22:17:00,3.1002,3.1153,3.1002,3.1096,20572.3084
2019-11-12 22:16:00,3.1,3.114,3.1,3.1002,16659.7003
2019-11-12 22:15:00,3.1,3.1132,3.1,3.1,23911.2517
2019-11-12 22:14:00,3.117,3.1191,3.1,3.1,32709.5717
2019-11-12 22:13:00,3.12,3.1294,3.11,3.112,39660.2641
2019-11-12 22:12:00,3.14,3.1425,3.12,3.12,24588.7695
2019-11-12 22:11:00,3.1491,3.1491,3.1348,3.1348,15883.1116
2019-11-12 22:10:00,3.1545,3.1604,3.1476,3.1476,10231.4723
2019-11-12 22:09:00,3.1583,3.1657,3.1538,3.1545,16114.019
2019-11-12 22:08:00,3.1702,3.1714,3.1578,3.1583,9005.3897
2019-11-12 22:07:00,3.1762,3.1763,3.1673,3.1702,7708.8764
2019-11-12 22:06:00,3.1577,3.1751,3.1556,3.1751,10607.8627
2019-11-12 22:05:00,3.1528,3.16,3.152,3.16,7881.7791
2019-11-12 22:04:00,3.1512,3.1529,3.1504,3.1528,5338.6718
2019-11-12 22:03:00,3.1501,3.1521,3.1491,3.1512,5579.1068
2019-11-12 22:02:00,3.149,3.1501,3.1479,3.1501,4478.0124
2019-11-12 22:01:00,3.1505,3.1554,3.1484,3.149,14753.1788
2019-11-12 22:00:00,3.1547,3.1554,3.1486,3.151,13326.4873
2019-11-12 21:59:00,3.1552,3.1584,3.1487,3.1548,5426.9096
2019-11-12 21:58:00,3.1556,3.1568,3.1486,3.1528,4242.3334
2019-11-12 21:57:00,3.1672,3.1674,3.1483,3.1558,14021.111
2019-11-12 21:56:00,3.1742,3.1743,3.1665,3.1678,18237.6261
2019-11-12 21:55:00,3.178,3.1781,3.1708,3.1744,5951.8765
2019-11-12 21:54:00,3.1821,3.1821,3.173,3.173,4779.6521
2019-11-12 21:53:00,3.1847,3.1847,3.1822,3.1828,6094.5613
2019-11-12 21:52:00,3.1848,3.1848,3.1848,3.1848,0
2019-11-12 21:51:00,3.1848,3.1848,3.1848,3.1848,0
2019-11-12 21:50:00,3.1859,3.1859,3.1848,3.1848,348.8942
2019-11-12 21:49:00,3.1866,3.1873,3.1863,3.1869,476.3538
2019-11-12 21:48:00,3.1872,3.1886,3.1853,3.1871,1827.5223
2019-11-12 21:47:00,3.187,3.1885,3.1869,3.1882,2926.8635
2019-11-12 21:46:00,3.1872,3.1873,3.1865,3.1872,7485.0604
2019-11-12 21:45:00,3.1869,3.1873,3.1867,3.1872,1362.9918
2019-11-12 21:44:00,3.1865,3.1874,3.1862,3.1862,2711.3012
2019-11-12 21:43:00,3.1868,3.1869,3.1863,3.1869,2168.0732
2019-11-12 21:42:00,3.1861,3.1874,3.1848,3.1868,8984.2141
2019-11-12 21:41:00,3.1865,3.1887,3.1861,3.1861,2452.3422
2019-11-12 21:40:00,3.1898,3.1901,3.1848,3.1883,24649.4568
2019-11-12 21:39:00,3.1903,3.1903,3.1895,3.1895,1097.0094
2019-11-12 21:38:00,3.19,3.1901,3.1892,3.1898,8808.6237
2019-11-12 21:37:00,3.1885,3.1899,3.1884,3.1897,1995.2646
2019-11-12 21:36:00,3.1866,3.1885,3.1857,3.1885,2628.6211
2019-11-12 21:35:00,3.186,3.1869,3.1847,3.1866,1171.2867
2019-11-12 21:34:00,3.1856,3.1858,3.1847,3.1857,7026.9098
2019-11-12 21:33:00,3.1852,3.1856,3.1847,3.1856,1836.425
2019-11-12 21:32:00,3.1871,3.1878,3.1836,3.1854,4099.7825
2019-11-12 21:31:00,3.183,3.1875,3.183,3.1858,1533.2154
2019-11-12 21:30:00,3.1833,3.184,3.183,3.1833,6045.1316
2019-11-12 21:29:00,3.1827,3.1828,3.1824,3.1827,4589.9238
2019-11-12 21:28:00,3.1817,3.1833,3.1801,3.1821,1861.0078
2019-11-12 21:27:00,3.1828,3.1849,3.1819,3.1831,1823.7739
2019-11-12 21:26:00,3.1848,3.1849,3.1802,3.1829,2899.8462
2019-11-12 21:25:00,3.1855,3.1874,3.18,3.1852,8997.0586
2019-11-12 21:24:00,3.1827,3.1865,3.1827,3.1828,4092.5414
2019-11-12 21:23:00,3.1827,3.1827,3.1814,3.1827,9728.1676
2019-11-12 21:22:00,3.179,3.1827,3.1776,3.1826,2499.5391
2019-11-12 21:21:00,3.1793,3.1801,3.179,3.1793,4442.886
2019-11-12 21:20:00,3.1753,3.1802,3.172,3.1793,6856.3758
2019-11-12 21:19:00,3.1807,3.1807,3.1753,3.1753,7498.0302
2019-11-12 21:18:00,3.1821,3.1827,3.1805,3.1817,3311.1179
2019-11-12 21:17:00,3.1874,3.1881,3.1799,3.1812,4376.4865
2019-11-12 21:16:00,3.1881,3.1882,3.1781,3.1835,13459.9684
2019-11-12 21:15:00,3.1882,3.1883,3.1881,3.1883,1339.218
2019-11-12 21:14:00,3.189,3.189,3.1883,3.1884,48.5336
2019-11-12 21:13:00,3.188,3.189,3.1862,3.189,4951.2486
2019-11-12 21:12:00,3.19,3.19,3.188,3.188,5430.004
2019-11-12 21:11:00,3.19,3.1919,3.19,3.1911,4950.9334
2019-11-12 21:10:00,3.193,3.1931,3.1902,3.1918,3548.0948
2019-11-12 21:09:00,3.1934,3.1934,3.1927,3.193,6777.6321
2019-11-12 21:08:00,3.1934,3.1942,3.1934,3.1934,2245.4588
2019-11-12 21:07:00,3.1923,3.1942,3.1923,3.1942,3934.3213
2019-11-12 21:06:00,3.1922,3.1926,3.1911,3.1922,446.2232
2019-11-12 21:05:00,3.1907,3.1939,3.1897,3.1939,6922.6656
2019-11-12 21:04:00,3.1911,3.1924,3.1908,3.1911,2523.1239
2019-11-12 21:03:00,3.1924,3.1929,3.1915,3.1924,1390.8477
2019-11-12 21:02:00,3.1896,3.1929,3.1896,3.1923,1358.9509
2019-11-12 21:01:00,3.1919,3.1941,3.1883,3.1899,4456.0168
2019-11-12 21:00:00,3.1955,3.1956,3.1933,3.1939,3227.3744
2019-11-12 20:59:00,3.193,3.1961,3.1929,3.1954,3304.7056
2019-11-12 20:58:00,3.1939,3.1959,3.1919,3.193,1468.8429
2019-11-12 20:57:00,3.1928,3.193,3.1894,3.193,2698.8084
2019-11-12 20:56:00,3.193,3.1938,3.193,3.193,846.0482
2019-11-12 20:55:00,3.1925,3.1998,3.1882,3.1929,19813.4132
2019-11-12 20:54:00,3.1977,3.1977,3.1954,3.1954,5042.2007
2019-11-12 20:53:00,3.1893,3.2,3.1893,3.1956,5093.0273
2019-11-12 20:52:00,3.185,3.1893,3.1849,3.1882,2299.8785
2019-11-12 20:51:00,3.1779,3.1847,3.1779,3.1847,8471.5465
2019-11-12 20:50:00,3.1772,3.18,3.1745,3.178,13045.2669
2019-11-12 20:49:00,3.1756,3.18,3.1735,3.1773,7705.3808
2019-11-12 20:48:00,3.18,3.18,3.1746,3.1773,2351.5346
2019-11-12 20:47:00,3.18,3.1808,3.1792,3.1808,2594.8699
2019-11-12 20:46:00,3.1797,3.18,3.1781,3.18,9957.2871
2019-11-12 20:45:00,3.1769,3.1785,3.1746,3.1772,5010.076
2019-11-12 20:44:00,3.1806,3.1822,3.1764,3.1764,6033.8518
2019-11-12 20:43:00,3.1826,3.1826,3.175,3.1803,3403.972
2019-11-12 20:42:00,3.184,3.184,3.1802,3.1826,7577.3181
2019-11-12 20:41:00,3.182,3.1837,3.1807,3.1816,5193.3536
2019-11-12 20:40:00,3.1815,3.1815,3.1799,3.1807,1196.7975
2019-11-12 20:39:00,3.1816,3.1824,3.179,3.1815,3617.3744
2019-11-12 20:38:00,3.1762,3.1808,3.1738,3.179,10128.2292
2019-11-12 20:37:00,3.1716,3.178,3.1716,3.1762,10677.5242
2019-11-12 20:36:00,3.1686,3.1724,3.1686,3.1719,2000.7522
2019-11-12 20:35:00,3.1691,3.1713,3.1672,3.1705,1809.1814
2019-11-12 20:34:00,3.1715,3.1737,3.1671,3.1685,3524.4641
2019-11-12 20:33:00,3.1789,3.1801,3.1691,3.1717,7291.1703
2019-11-12 20:32:00,3.173,3.1832,3.173,3.1813,2706.157
2019-11-12 20:31:00,3.1721,3.177,3.1671,3.173,10602.1664
2019-11-12 20:30:00,3.1728,3.1754,3.1668,3.1723,13830.104
2019-11-12 20:29:00,3.1794,3.18,3.17,3.1724,4383.2174
2019-11-12 20:28:00,3.1774,3.1922,3.1774,3.1795,28572.7834
2019-11-12 20:27:00,3.1805,3.1813,3.1734,3.1764,2641.3223
2019-11-12 20:26:00,3.1694,3.1893,3.1529,3.1764,10540.9731
2019-11-12 20:25:00,3.1546,3.1855,3.1517,3.1693,17552.7443
2019-11-12 20:24:00,3.1528,3.1576,3.1411,3.1576,19061.5934
2019-11-12 20:23:00,3.1731,3.1731,3.1432,3.1528,23913.6958
2019-11-12 20:22:00,3.1879,3.188,3.1605,3.17,25956.3398
2019-11-12 20:21:00,3.2055,3.2083,3.1836,3.1836,39062.3451
2019-11-12 20:20:00,3.1948,3.2055,3.1905,3.2055,12001.4522
2019-11-12 20:19:00,3.218,3.2193,3.19,3.1999,8166.6023
2019-11-12 20:18:00,3.23,3.23,3.2125,3.218,23921.4759
2019-11-12 20:17:00,3.23,3.23,3.2218,3.23,7653.8902
2019-11-12 20:16:00,3.231,3.2314,3.2267,3.23,16372.3063
2019-11-12 20:15:00,3.2314,3.2314,3.2296,3.2314,8360.6402
2019-11-12 20:14:00,3.232,3.233,3.2218,3.2314,19743.3805
2019-11-12 20:13:00,3.2331,3.2331,3.2146,3.2329,11884.255
2019-11-12 20:12:00,3.2205,3.2332,3.2195,3.2331,13119.6325
2019-11-12 20:11:00,3.22,3.225,3.2119,3.225,29108.2681
2019-11-12 20:10:00,3.2062,3.22,3.2025,3.22,9572.1544
2019-11-12 20:09:00,3.1891,3.2064,3.1881,3.2062,56992.6333
2019-11-12 20:08:00,3.1878,3.1891,3.1836,3.1891,10360.1309
2019-11-12 20:07:00,3.1697,3.187,3.1696,3.1839,26689.4921
2019-11-12 20:06:00,3.1409,3.1743,3.1409,3.1697,29979.1961
2019-11-12 20:05:00,3.1284,3.1498,3.1284,3.1482,11311.4141
2019-11-12 20:04:00,3.1236,3.1284,3.1236,3.1278,3608.8226
2019-11-12 20:03:00,3.1172,3.1201,3.1166,3.1201,9413.6747
2019-11-12 20:02:00,3.1227,3.124,3.1171,3.1202,5212.2266
2019-11-12 20:01:00,3.1175,3.1207,3.117,3.1201,1602.2858
2019-11-12 20:00:00,3.1173,3.1209,3.117,3.12,2207.5894
2019-11-12 19:59:00,3.1216,3.1254,3.1177,3.118,2239.3719
2019-11-12 19:58:00,3.1169,3.1288,3.1169,3.1243,6089.9005
2019-11-12 19:57:00,3.1175,3.1215,3.1169,3.1169,6522.1486
2019-11-12 19:56:00,3.117,3.1197,3.1169,3.1175,8684.8481
2019-11-12 19:55:00,3.1172,3.1225,3.117,3.1184,10920.2729
2019-11-12 19:54:00,3.117,3.1191,3.117,3.1172,10876.5071
2019-11-12 19:53:00,3.1169,3.1207,3.1169,3.117,10109.6774
2019-11-12 19:52:00,3.1077,3.1187,3.1076,3.1169,11254.0339
2019-11-12 19:51:00,3.107,3.1132,3.107,3.1105,4980.4244
2019-11-12 19:50:00,3.104,3.1101,3.104,3.107,6399.8968
2019-11-12 19:49:00,3.1105,3.1137,3.104,3.11,14088.4887
2019-11-12 19:48:00,3.1105,3.1167,3.1105,3.1105,6945.5026
2019-11-12 19:47:00,3.1101,3.1165,3.11,3.1105,25757.0157
2019-11-12 19:46:00,3.111,3.12,3.11,3.1101,12727.0712
2019-11-12 19:45:00,3.1051,3.1197,3.105,3.111,15244.991
2019-11-12 19:44:00,3.1091,3.1206,3.104,3.105,39895.6134
2019-11-12 19:43:00,3.1205,3.1331,3.1091,3.1112,21415.0897
2019-11-12 19:42:00,3.1361,3.1386,3.1205,3.1205,6897.3276
2019-11-12 19:41:00,3.1476,3.1476,3.1361,3.1361,20418.5081
2019-11-12 19:40:00,3.1453,3.1477,3.1412,3.1416,8469.3622
2019-11-12 19:39:00,3.1505,3.1515,3.1452,3.1453,12635.7723
2019-11-12 19:38:00,3.1505,3.152,3.15,3.1505,10407.9562
2019-11-12 19:37:00,3.1504,3.1542,3.15,3.1524,11020.6961
2019-11-12 19:36:00,3.1503,3.1608,3.1502,3.1504,9231.6683
2019-11-12 19:35:00,3.1544,3.1608,3.1502,3.1502,2918.3047
2019-11-12 19:34:00,3.16,3.1671,3.154,3.1544,13571.3092
2019-11-12 19:33:00,3.1601,3.1671,3.16,3.1668,9627.2569
2019-11-12 19:32:00,3.162,3.168,3.1601,3.1601,12172.7363
2019-11-12 19:31:00,3.1651,3.1679,3.1601,3.162,3591.7864
2019-11-12 19:30:00,3.1686,3.1712,3.16,3.16,8926.275
2019-11-12 19:29:00,3.1706,3.1739,3.1682,3.1686,1700.369
2019-11-12 19:28:00,3.1677,3.1715,3.1677,3.1715,2890.4398
2019-11-12 19:27:00,3.1677,3.1677,3.1671,3.1677,789.4807
2019-11-12 19:26:00,3.1677,3.1677,3.1675,3.1676,3176.3724
2019-11-12 19:25:00,3.1683,3.1683,3.167,3.1677,2505.8537
2019-11-12 19:24:00,3.1714,3.1714,3.1684,3.1684,323.9837
2019-11-12 19:23:00,3.1704,3.1738,3.1694,3.172,1918.7802
2019-11-12 19:22:00,3.1712,3.1729,3.1658,3.1703,8454.3762
2019-11-12 19:21:00,3.1698,3.172,3.165,3.1716,3868.4642
2019-11-12 19:20:00,3.1758,3.1774,3.168,3.1698,5048.7639
2019-11-12 19:19:00,3.1799,3.1799,3.1758,3.1758,3395.6802
2019-11-12 19:18:00,3.1797,3.18,3.1797,3.1799,4399.3638
2019-11-12 19:17:00,3.1796,3.1796,3.1796,3.1796,257.7428
2019-11-12 19:16:00,3.1797,3.1797,3.1797,3.1797,0
2019-11-12 19:15:00,3.1797,3.1797,3.1797,3.1797,0
2019-11-12 19:14:00,3.1797,3.1797,3.1797,3.1797,0
2019-11-12 19:13:00,3.1797,3.1797,3.1797,3.1797,0
2019-11-12 19:12:00,3.18,3.18,3.1796,3.1797,3596.4389
2019-11-12 19:11:00,3.1828,3.1833,3.1797,3.1798,2626.2674
2019-11-12 19:10:00,3.1809,3.184,3.18,3.1828,2061.1976
2019-11-12 19:09:00,3.1843,3.1844,3.1818,3.1819,5874.5431
2019-11-12 19:08:00,3.1843,3.1844,3.1843,3.1843,4934.1474
2019-11-12 19:07:00,3.1844,3.1846,3.1843,3.1843,9942.4534
2019-11-12 19:06:00,3.1841,3.185,3.1841,3.1844,1571.2042
2019-11-12 19:05:00,3.1836,3.1849,3.1836,3.1844,6203.4998
2019-11-12 19:04:00,3.1837,3.1837,3.1834,3.1836,4990.3779
2019-11-12 19:03:00,3.184,3.1844,3.183,3.183,4899.4536
2019-11-12 19:02:00,3.1845,3.1848,3.184,3.184,5843.833
2019-11-12 19:01:00,3.1846,3.185,3.184,3.1846,2189.4796
2019-11-12 19:00:00,3.1846,3.1847,3.1843,3.1846,5523.6065
2019-11-12 18:59:00,3.1852,3.1852,3.1846,3.1846,922.0621
2019-11-12 18:58:00,3.1852,3.1859,3.185,3.1852,2406.999
2019-11-12 18:57:00,3.1848,3.1864,3.1845,3.1855,1991.8303
2019-11-12 18:56:00,3.1848,3.1852,3.1848,3.1848,8654.6847
2019-11-12 18:55:00,3.1841,3.1848,3.1841,3.1848,904.1803
2019-11-12 18:54:00,3.184,3.184,3.184,3.184,0
2019-11-12 18:53:00,3.184,3.184,3.184,3.184,79.2899
2019-11-12 18:52:00,3.1836,3.1841,3.1836,3.1841,7778.5852
2019-11-12 18:51:00,3.1836,3.1836,3.1836,3.1836,10.9268
2019-11-12 18:50:00,3.1837,3.1837,3.1837,3.1837,0
2019-11-12 18:49:00,3.1839,3.1839,3.1833,3.1837,4224.1863
2019-11-12 18:48:00,3.1836,3.184,3.1831,3.1831,3101.3004
2019-11-12 18:47:00,3.1842,3.1842,3.1836,3.1836,2884.4504
2019-11-12 18:46:00,3.1858,3.1861,3.183,3.1842,2607.7631
2019-11-12 18:45:00,3.1879,3.188,3.1863,3.1863,2084.2755
2019-11-12 18:44:00,3.1882,3.1882,3.1878,3.1878,637.3047
2019-11-12 18:43:00,3.1883,3.1883,3.1883,3.1883,178.7633
2019-11-12 18:42:00,3.1874,3.1884,3.1874,3.1883,1398.7895
2019-11-12 18:41:00,3.1876,3.1891,3.1871,3.188,963.0061
2019-11-12 18:40:00,3.1867,3.1885,3.1865,3.1881,6394.9893
2019-11-12 18:39:00,3.1858,3.1868,3.1851,3.1867,5173.0452
2019-11-12 18:38:00,3.1865,3.1865,3.1857,3.1858,533.4312
2019-11-12 18:37:00,3.1864,3.1864,3.1864,3.1864,0
2019-11-12 18:36:00,3.1864,3.1864,3.1864,3.1864,0
2019-11-12 18:35:00,3.1868,3.1868,3.1864,3.1864,2234.161
2019-11-12 18:34:00,3.1866,3.1869,3.1866,3.1868,4953.891
2019-11-12 18:33:00,3.1872,3.1872,3.1864,3.1866,3567.7915
2019-11-12 18:32:00,3.1882,3.1882,3.1874,3.1874,6702.7555
2019-11-12 18:31:00,3.1872,3.1884,3.1872,3.188,7987.2073
2019-11-12 18:30:00,3.1799,3.1872,3.1799,3.1872,17535.0177
2019-11-12 18:29:00,3.1798,3.18,3.1798,3.1798,2152.8269
2019-11-12 18:28:00,3.1798,3.1813,3.1798,3.1798,7467.1738
2019-11-12 18:27:00,3.1798,3.18,3.1798,3.1798,2690.8965
2019-11-12 18:26:00,3.1796,3.1809,3.1796,3.1807,1967.3421
2019-11-12 18:25:00,3.1797,3.1797,3.1796,3.1796,52.5243
2019-11-12 18:24:00,3.1797,3.1797,3.1797,3.1797,0
2019-11-12 18:23:00,3.1797,3.1797,3.1797,3.1797,0
2019-11-12 18:22:00,3.1797,3.1797,3.1797,3.1797,121.3408
2019-11-12 18:21:00,3.1797,3.1798,3.1797,3.1797,1060.2666
2019-11-12 18:20:00,3.1818,3.182,3.1798,3.1798,2409.3128
2019-11-12 18:19:00,3.1819,3.1891,3.1803,3.1803,17118.6951
2019-11-12 18:18:00,3.1818,3.1819,3.1818,3.1818,2922.4288
2019-11-12 18:17:00,3.1819,3.1819,3.1818,3.1818,1326.2836
2019-11-12 18:16:00,3.1818,3.1818,3.1817,3.1818,2064.6928
2019-11-12 18:15:00,3.1814,3.1819,3.1811,3.1818,1529.5032
2019-11-12 18:14:00,3.1814,3.1816,3.1812,3.1816,1350.8477
2019-11-12 18:13:00,3.1826,3.183,3.1811,3.1814,4530.8295
2019-11-12 18:12:00,3.1819,3.183,3.1814,3.1826,2250.2355
2019-11-12 18:11:00,3.1822,3.183,3.1812,3.1819,1443.5368
2019-11-12 18:10:00,3.1819,3.183,3.1816,3.1822,3595.58
2019-11-12 18:09:00,3.1819,3.183,3.1809,3.1816,2255.6101
2019-11-12 18:08:00,3.1822,3.1849,3.1819,3.182,1451.9017
2019-11-12 18:07:00,3.1819,3.1827,3.1818,3.182,1076.7837
2019-11-12 18:06:00,3.1828,3.1846,3.1812,3.1818,2475.9869
2019-11-12 18:05:00,3.1811,3.183,3.1811,3.1828,1497.4086
2019-11-12 18:04:00,3.181,3.1829,3.1807,3.1829,2274.6568
2019-11-12 18:03:00,3.1805,3.1817,3.1801,3.1811,7623.8336
2019-11-12 18:02:00,3.1812,3.1814,3.1803,3.1803,3286.9761
2019-11-12 18:01:00,3.1822,3.1846,3.1799,3.1812,1078.9335
2019-11-12 18:00:00,3.1849,3.1856,3.182,3.1823,1047.8376
2019-11-12 17:59:00,3.1838,3.1887,3.1805,3.1836,10466.0944
2019-11-12 17:58:00,3.1827,3.1843,3.1827,3.1843,2096.3841
2019-11-12 17:57:00,3.1807,3.1849,3.1792,3.1822,4078.2855
2019-11-12 17:56:00,3.1813,3.1817,3.181,3.1812,4860.287
2019-11-12 17:55:00,3.1813,3.1813,3.1794,3.1812,3007.3512
2019-11-12 17:54:00,3.178,3.1813,3.178,3.1813,13064.2004
2019-11-12 17:53:00,3.1709,3.1796,3.17,3.1781,12129.2598
2019-11-12 17:52:00,3.1704,3.1713,3.1704,3.1707,3883.7716
2019-11-12 17:51:00,3.1704,3.171,3.1699,3.1705,4482.4828
2019-11-12 17:50:00,3.1707,3.1715,3.1693,3.1701,5771.9063
2019-11-12 17:49:00,3.17,3.1711,3.1695,3.171,2396.2291
2019-11-12 17:48:00,3.1691,3.1698,3.1691,3.1696,1911.7684
2019-11-12 17:47:00,3.1671,3.17,3.1671,3.1691,13356.422
2019-11-12 17:46:00,3.1672,3.1685,3.1668,3.1671,5312.9669
2019-11-12 17:45:00,3.1665,3.1676,3.1665,3.1672,3376.1104
2019-11-12 17:44:00,3.1664,3.1673,3.1661,3.1665,877.6403
2019-11-12 17:43:00,3.166,3.1675,3.1656,3.1675,4248.1378
2019-11-12 17:42:00,3.1658,3.1664,3.1644,3.166,2762.9374
2019-11-12 17:41:00,3.1632,3.1667,3.1632,3.1652,4188.0598
2019-11-12 17:40:00,3.1655,3.1666,3.1611,3.1632,20161.2394
2019-11-12 17:39:00,3.1649,3.1662,3.1649,3.1654,3517.5646
2019-11-12 17:38:00,3.1674,3.1674,3.1648,3.1649,4066.3191
2019-11-12 17:37:00,3.1676,3.1676,3.1674,3.1674,4610.9339
2019-11-12 17:36:00,3.1677,3.1677,3.1674,3.1677,2818.9055
2019-11-12 17:35:00,3.168,3.1682,3.1675,3.1677,762.1296
2019-11-12 17:34:00,3.1678,3.1691,3.1676,3.1683,3130.2472
2019-11-12 17:33:00,3.1675,3.1686,3.1675,3.1683,4438.9702
2019-11-12 17:32:00,3.1687,3.169,3.1679,3.1685,5541.5391
2019-11-12 17:31:00,3.171,3.1715,3.1684,3.1684,4358.3328
2019-11-12 17:30:00,3.1713,3.172,3.17,3.1709,2567.4496
2019-11-12 17:29:00,3.1712,3.1722,3.17,3.1722,3165.3461
2019-11-12 17:28:00,3.1743,3.1743,3.17,3.1712,4538.4726
2019-11-12 17:27:00,3.1755,3.1755,3.1746,3.1746,1586.3798
2019-11-12 17:26:00,3.1755,3.1756,3.1755,3.1755,594.3215
2019-11-12 17:25:00,3.1756,3.1756,3.1756,3.1756,4.1343
2019-11-12 17:24:00,3.1761,3.1761,3.1761,3.1761,103.66
2019-11-12 17:23:00,3.1764,3.1764,3.1762,3.1762,803.894
2019-11-12 17:22:00,3.1764,3.1765,3.1763,3.1763,3140.3914
2019-11-12 17:21:00,3.1758,3.1772,3.1758,3.1764,967.7695
2019-11-12 17:20:00,3.1758,3.1758,3.1758,3.1758,0
2019-11-12 17:19:00,3.1758,3.1758,3.1758,3.1758,5.2349
2019-11-12 17:18:00,3.1756,3.1757,3.1755,3.1757,3454.5792
2019-11-12 17:17:00,3.1757,3.1757,3.1757,3.1757,210.4687
2019-11-12 17:16:00,3.1767,3.1767,3.1756,3.1756,5341.819
2019-11-12 17:15:00,3.1776,3.1776,3.1761,3.1767,11451.8082
2019-11-12 17:14:00,3.1776,3.1776,3.1776,3.1776,189.01
2019-11-12 17:13:00,3.1784,3.1784,3.1776,3.1777,9346.3037
2019-11-12 17:12:00,3.1785,3.1785,3.1785,3.1785,10.9893
2019-11-12 17:11:00,3.1787,3.1787,3.1787,3.1787,0
2019-11-12 17:10:00,3.1791,3.1791,3.1785,3.1787,18522.7577
2019-11-12 17:09:00,3.1791,3.1791,3.1791,3.1791,851
2019-11-12 17:08:00,3.1791,3.1791,3.1791,3.1791,0
2019-11-12 17:07:00,3.1784,3.1791,3.178,3.1791,2324.4936
2019-11-12 17:06:00,3.1783,3.1784,3.178,3.1784,3335.1144
2019-11-12 17:05:00,3.1784,3.1788,3.1784,3.1784,167.4693
2019-11-12 17:04:00,3.1787,3.1788,3.1784,3.1785,3347.5819
2019-11-12 17:03:00,3.1785,3.1787,3.178,3.1787,1881.9714
2019-11-12 17:02:00,3.1786,3.1787,3.1786,3.1786,4571.003
2019-11-12 17:01:00,3.1787,3.1787,3.1787,3.1787,2636.3399
2019-11-12 17:00:00,3.1787,3.1789,3.1787,3.1787,357.6413
2019-11-12 16:59:00,3.1789,3.1789,3.1787,3.1787,7394.3113
2019-11-12 16:58:00,3.1788,3.1791,3.1788,3.1789,2093.0494
2019-11-12 16:57:00,3.1791,3.1792,3.1789,3.1789,2160.0655
2019-11-12 16:56:00,3.1796,3.1796,3.1793,3.1795,3150.714
2019-11-12 16:55:00,3.1792,3.1799,3.1791,3.1794,942.355
2019-11-12 16:54:00,3.1791,3.1792,3.1788,3.1791,1934.2885
2019-11-12 16:53:00,3.1791,3.1799,3.1786,3.1791,4623.4113
2019-11-12 16:52:00,3.1793,3.1793,3.1785,3.1792,4897.6153
2019-11-12 16:51:00,3.1788,3.1792,3.1785,3.1785,635.8363
2019-11-12 16:50:00,3.1804,3.1807,3.1778,3.1792,10941.8319
2019-11-12 16:49:00,3.1821,3.1827,3.1808,3.1808,6167.7947
2019-11-12 16:48:00,3.1822,3.1825,3.1815,3.1819,4109.8717
2019-11-12 16:47:00,3.1822,3.1825,3.1821,3.1821,4452.0761
2019-11-12 16:46:00,3.183,3.183,3.1815,3.1821,6505.9152
2019-11-12 16:45:00,3.1819,3.1837,3.1817,3.1837,8098.4635
2019-11-12 16:44:00,3.1833,3.1834,3.1815,3.1815,5502.2659
2019-11-12 16:43:00,3.1836,3.1842,3.1834,3.1836,1484.743
2019-11-12 16:42:00,3.1836,3.1844,3.1829,3.1829,10444.1827
2019-11-12 16:41:00,3.1847,3.1847,3.1835,3.1835,940.4773
2019-11-12 16:40:00,3.1836,3.185,3.1828,3.1845,6634.2899
2019-11-12 16:39:00,3.1828,3.184,3.1823,3.1837,3894.1841
2019-11-12 16:38:00,3.1825,3.183,3.1823,3.1823,13217.0367
2019-11-12 16:37:00,3.183,3.184,3.1817,3.1817,795.3474
2019-11-12 16:36:00,3.1824,3.1827,3.1815,3.1821,1199.4553
2019-11-12 16:35:00,3.1839,3.184,3.1818,3.1824,12416.8346
2019-11-12 16:34:00,3.1823,3.1839,3.1822,3.1839,5149.6441
2019-11-12 16:33:00,3.1822,3.1824,3.1819,3.1822,1352.2982
2019-11-12 16:32:00,3.1822,3.1825,3.182,3.182,3305.266
2019-11-12 16:31:00,3.1819,3.1825,3.1819,3.1822,2994.2658
2019-11-12 16:30:00,3.1822,3.1825,3.182,3.1822,3174.0812
2019-11-12 16:29:00,3.182,3.1829,3.182,3.1821,1298.3455
2019-11-12 16:28:00,3.1822,3.1839,3.1817,3.1828,912.684
2019-11-12 16:27:00,3.1823,3.1832,3.1815,3.1818,6815.2767
2019-11-12 16:26:00,3.1821,3.184,3.1817,3.183,6715.4975
2019-11-12 16:25:00,3.1825,3.1825,3.1817,3.1817,8646.3699
2019-11-12 16:24:00,3.1825,3.1825,3.1825,3.1825,0
2019-11-12 16:23:00,3.1825,3.1825,3.1825,3.1825,0
2019-11-12 16:22:00,3.1825,3.1825,3.1825,3.1825,0
2019-11-12 16:21:00,3.1825,3.1825,3.1825,3.1825,1309.6279
2019-11-12 16:20:00,3.1825,3.1825,3.1825,3.1825,1.18
2019-11-12 16:19:00,3.1825,3.1825,3.1825,3.1825,0
2019-11-12 16:18:00,3.1825,3.1825,3.1825,3.1825,2725.9366
2019-11-12 16:17:00,3.1825,3.1826,3.1823,3.1823,2668.3844
2019-11-12 16:16:00,3.1833,3.1849,3.1823,3.1829,1538.5079
2019-11-12 16:15:00,3.1838,3.1849,3.1826,3.1849,5778.7347
2019-11-12 16:14:00,3.1811,3.185,3.1809,3.1836,4279.8471
2019-11-12 16:13:00,3.1817,3.1817,3.1811,3.1814,1833.7554
2019-11-12 16:12:00,3.1808,3.1815,3.1804,3.1811,3360.487
2019-11-12 16:11:00,3.1811,3.1816,3.1806,3.1808,4691.204
2019-11-12 16:10:00,3.1808,3.1817,3.1803,3.1811,3712.8357
2019-11-12 16:09:00,3.1817,3.1819,3.1811,3.1811,2591.5752
2019-11-12 16:08:00,3.1815,3.1819,3.1805,3.1816,3049.7949
2019-11-12 16:07:00,3.1811,3.1814,3.1811,3.1814,8175.1946
2019-11-12 16:06:00,3.1831,3.1831,3.1812,3.1812,1091.9351
2019-11-12 16:05:00,3.1842,3.1886,3.1816,3.1816,12830.5309
2019-11-12 16:04:00,3.1812,3.1833,3.1812,3.1831,4906.9727
2019-11-12 16:03:00,3.1808,3.1811,3.1806,3.1811,739.4775
2019-11-12 16:02:00,3.1816,3.1838,3.1808,3.1808,5250.3037
2019-11-12 16:01:00,3.1838,3.184,3.1818,3.1838,6967.9054
2019-11-12 16:00:00,3.1816,3.1836,3.181,3.1833,6222.5225
2019-11-12 15:59:00,3.1811,3.1829,3.1796,3.1816,4567.7482
2019-11-12 15:58:00,3.1796,3.183,3.1788,3.181,17194.0363
2019-11-12 15:57:00,3.1775,3.1799,3.176,3.1799,5474.0492
2019-11-12 15:56:00,3.1776,3.1791,3.1776,3.1785,910.1725
2019-11-12 15:55:00,3.1798,3.1799,3.1777,3.1777,2832.8836
2019-11-12 15:54:00,3.178,3.179,3.1754,3.179,1687.9687
2019-11-12 15:53:00,3.1783,3.1786,3.177,3.177,4554.3812
2019-11-12 15:52:00,3.1817,3.1817,3.1768,3.1784,10948.8026
2019-11-12 15:51:00,3.1832,3.1833,3.1802,3.1802,6258.9457
2019-11-12 15:50:00,3.1831,3.1835,3.1829,3.1833,1225.7217
2019-11-12 15:49:00,3.1819,3.1827,3.1819,3.1827,4313.7463
2019-11-12 15:48:00,3.1816,3.1816,3.1816,3.1816,0
2019-11-12 15:47:00,3.1816,3.182,3.1812,3.1816,1808.1061
2019-11-12 15:46:00,3.1803,3.182,3.1802,3.1811,18408.6221
2019-11-12 15:45:00,3.1803,3.1804,3.1803,3.1803,90.3838
2019-11-12 15:44:00,3.1803,3.1803,3.1801,3.1801,838.0588
2019-11-12 15:43:00,3.1803,3.1803,3.1803,3.1803,0
2019-11-12 15:42:00,3.1803,3.1814,3.1803,3.1803,655.4347
2019-11-12 15:41:00,3.1804,3.1804,3.1804,3.1804,0
2019-11-12 15:40:00,3.181,3.181,3.1804,3.1804,894.0788
2019-11-12 15:39:00,3.181,3.1813,3.1803,3.1807,4385.9172
2019-11-12 15:38:00,3.1816,3.1816,3.1808,3.1808,7754.3889
2019-11-12 15:37:00,3.1818,3.1818,3.1817,3.1817,1095.5902
2019-11-12 15:36:00,3.182,3.182,3.1816,3.1816,5164.495
2019-11-12 15:35:00,3.1823,3.1823,3.182,3.182,1033.3173
2019-11-12 15:34:00,3.1823,3.1823,3.1823,3.1823,66.9045
2019-11-12 15:33:00,3.1822,3.1823,3.1822,3.1822,1156.409
2019-11-12 15:32:00,3.1838,3.1838,3.1822,3.1822,3867.7894
2019-11-12 15:31:00,3.1855,3.1855,3.1839,3.1839,4236.0741
2019-11-12 15:30:00,3.1849,3.1849,3.1831,3.1847,838.1217
2019-11-12 15:29:00,3.1847,3.1874,3.1825,3.1857,2970.4023
2019-11-12 15:28:00,3.1848,3.187,3.1848,3.1848,1565.0824
2019-11-12 15:27:00,3.1847,3.1855,3.1828,3.1855,4310.6413
2019-11-12 15:26:00,3.1874,3.1874,3.1871,3.1871,3131.1889
2019-11-12 15:25:00,3.1877,3.1877,3.1875,3.1875,1758.6356
2019-11-12 15:24:00,3.1876,3.1881,3.1876,3.1879,3943.6902
2019-11-12 15:23:00,3.1876,3.1876,3.1876,3.1876,0
2019-11-12 15:22:00,3.1877,3.1877,3.1876,3.1876,667.2026
2019-11-12 15:21:00,3.1875,3.1875,3.1875,3.1875,194
2019-11-12 15:20:00,3.1875,3.1875,3.1875,3.1875,0
2019-11-12 15:19:00,3.1875,3.1875,3.1875,3.1875,16.3395
2019-11-12 15:18:00,3.1875,3.1875,3.1875,3.1875,0
2019-11-12 15:17:00,3.1875,3.1875,3.1875,3.1875,21.1257
2019-11-12 15:16:00,3.1877,3.1877,3.1877,3.1877,0
2019-11-12 15:15:00,3.1877,3.1877,3.1877,3.1877,0
2019-11-12 15:14:00,3.1877,3.1877,3.1877,3.1877,699.6073
2019-11-12 15:13:00,3.1878,3.1881,3.1878,3.1879,718.3168
2019-11-12 15:12:00,3.1873,3.1883,3.1873,3.1878,6883.7813
2019-11-12 15:11:00,3.1874,3.1874,3.1873,3.1873,820.8449
2019-11-12 15:10:00,3.1882,3.1882,3.1873,3.1874,4492.9565
2019-11-12 15:09:00,3.1885,3.1885,3.1883,3.1885,3954.9187
2019-11-12 15:08:00,3.1881,3.1886,3.188,3.1885,4968.5941
2019-11-12 15:07:00,3.1881,3.1888,3.1879,3.1882,3654.909
2019-11-12 15:06:00,3.1881,3.1883,3.1879,3.1881,1334.1392
2019-11-12 15:05:00,3.1882,3.1883,3.1881,3.1881,519.8101
2019-11-12 15:04:00,3.1878,3.1883,3.1876,3.1883,4637.8922
2019-11-12 15:03:00,3.1881,3.1886,3.1881,3.1881,1605.2709
2019-11-12 15:02:00,3.188,3.1881,3.188,3.1881,844.2179
2019-11-12 15:01:00,3.1864,3.1873,3.1854,3.1873,2318.6235
2019-11-12 15:00:00,3.1854,3.1871,3.1854,3.1861,1532.7421
2019-11-12 14:59:00,3.1859,3.186,3.1845,3.1853,1505.4937
2019-11-12 14:58:00,3.1866,3.1866,3.1828,3.1851,1299.2391
2019-11-12 14:57:00,3.1866,3.1872,3.1863,3.1866,2383.0808
2019-11-12 14:56:00,3.1838,3.1888,3.1838,3.1865,7153.1122
2019-11-12 14:55:00,3.1828,3.1838,3.182,3.1829,4386.7529
2019-11-12 14:54:00,3.1819,3.1823,3.1819,3.1823,2555.7739
2019-11-12 14:53:00,3.1823,3.1826,3.1812,3.1823,2109.0796
2019-11-12 14:52:00,3.1816,3.1816,3.1803,3.1803,3401.9385
2019-11-12 14:51:00,3.1824,3.1828,3.1817,3.1817,1856.4843
2019-11-12 14:50:00,3.1823,3.1823,3.182,3.1823,4118.2878
2019-11-12 14:49:00,3.1824,3.1824,3.1823,3.1823,462.7578
2019-11-12 14:48:00,3.1823,3.1825,3.1819,3.1819,5731.2553
2019-11-12 14:47:00,3.1823,3.1824,3.1823,3.1823,7412.7022
2019-11-12 14:46:00,3.1814,3.1823,3.1806,3.1823,1826.7574
2019-11-12 14:45:00,3.1804,3.1809,3.1804,3.1809,789.6951
2019-11-12 14:44:00,3.1805,3.1808,3.1804,3.1804,1274.4315
2019-11-12 14:43:00,3.1805,3.1807,3.1803,3.1805,1631.7891
2019-11-12 14:42:00,3.1804,3.1807,3.1803,3.1805,6499.5775
2019-11-12 14:41:00,3.1808,3.1812,3.1806,3.1806,4566.0256
2019-11-12 14:40:00,3.1817,3.1817,3.1804,3.1809,7062.0741
2019-11-12 14:39:00,3.1817,3.1819,3.1804,3.1818,4393.2822
2019-11-12 14:38:00,3.1808,3.1822,3.1807,3.1818,2533.8892
2019-11-12 14:37:00,3.181,3.1811,3.1807,3.1807,520.8017
2019-11-12 14:36:00,3.1814,3.1814,3.1806,3.1811,5301.314
2019-11-12 14:35:00,3.183,3.183,3.1807,3.1815,1569.8708
2019-11-12 14:34:00,3.1829,3.1832,3.1828,3.1829,994.952
2019-11-12 14:33:00,3.1821,3.1834,3.1815,3.183,8296.2466
2019-11-12 14:32:00,3.1833,3.1833,3.1815,3.1816,6334.6282
2019-11-12 14:31:00,3.1821,3.1829,3.1821,3.1826,1289.7076
2019-11-12 14:30:00,3.181,3.1838,3.181,3.1838,3868.7719
2019-11-12 14:29:00,3.1822,3.1823,3.181,3.1822,7150.8083
2019-11-12 14:28:00,3.1818,3.1838,3.1812,3.1838,5148.509
2019-11-12 14:27:00,3.1817,3.1838,3.1815,3.1816,5076.9874
2019-11-12 14:26:00,3.1822,3.1825,3.1801,3.1801,7817.8736
2019-11-12 14:25:00,3.1836,3.1844,3.1807,3.1807,4419.9756
2019-11-12 14:24:00,3.186,3.186,3.1826,3.1826,4907.4566
2019-11-12 14:23:00,3.188,3.188,3.1868,3.1868,8419.6702
2019-11-12 14:22:00,3.187,3.1874,3.1868,3.1872,1021.9787
2019-11-12 14:21:00,3.1908,3.1908,3.1858,3.1859,14165.9534
2019-11-12 14:20:00,3.1929,3.1929,3.1908,3.1908,1226.7878
2019-11-12 14:19:00,3.1928,3.193,3.1927,3.193,7943.1744
2019-11-12 14:18:00,3.193,3.1931,3.1927,3.1929,839.7059
2019-11-12 14:17:00,3.193,3.1931,3.193,3.1931,3927.0149
2019-11-12 14:16:00,3.1933,3.1933,3.1927,3.1928,11769.8852
2019-11-12 14:15:00,3.1937,3.1937,3.1934,3.1934,127.4446
2019-11-12 14:14:00,3.194,3.194,3.1939,3.1939,1272.3465
2019-11-12 14:13:00,3.194,3.194,3.1937,3.1939,2096.0061
2019-11-12 14:12:00,3.194,3.1941,3.1939,3.1939,6918.3874
2019-11-12 14:11:00,3.1941,3.1941,3.1938,3.1938,7727.1324
2019-11-12 14:10:00,3.1941,3.1941,3.194,3.1941,1558.9556
2019-11-12 14:09:00,3.1937,3.1939,3.1936,3.1939,4406.9094
2019-11-12 14:08:00,3.1942,3.1942,3.1936,3.1938,4915.0786
2019-11-12 14:07:00,3.1947,3.1953,3.1947,3.1951,2493.9433
2019-11-12 14:06:00,3.1949,3.1955,3.1945,3.1945,1489.7039
2019-11-12 14:05:00,3.1944,3.1951,3.1943,3.1943,1369.8277
2019-11-12 14:04:00,3.1941,3.1946,3.1941,3.1946,9747.8506
2019-11-12 14:03:00,3.1938,3.1946,3.1938,3.1943,4316.3484
2019-11-12 14:02:00,3.1944,3.1944,3.1938,3.1943,6101.0789
2019-11-12 14:01:00,3.1933,3.1938,3.1933,3.1935,3078.8031
2019-11-12 14:00:00,3.1932,3.1936,3.1932,3.1933,5105.6411
2019-11-12 13:59:00,3.1936,3.1937,3.1931,3.1932,5559.9751
2019-11-12 13:58:00,3.193,3.1936,3.193,3.1932,5648.4858
2019-11-12 13:57:00,3.1931,3.1942,3.1931,3.1933,2280.51
2019-11-12 13:56:00,3.1925,3.194,3.1924,3.1932,3826.8431
2019-11-12 13:55:00,3.194,3.1943,3.1909,3.1929,5630.0765
2019-11-12 13:54:00,3.1933,3.1951,3.1929,3.1941,10384.7314
2019-11-12 13:53:00,3.1927,3.193,3.1924,3.1928,7707.7753
2019-11-12 13:52:00,3.1932,3.1935,3.1925,3.1935,10183.2469
2019-11-12 13:51:00,3.1933,3.1936,3.1932,3.1932,7308.8594
2019-11-12 13:50:00,3.1932,3.1936,3.193,3.193,627.1543
2019-11-12 13:49:00,3.1946,3.1948,3.1925,3.1935,3578.7519
2019-11-12 13:48:00,3.1952,3.1952,3.1944,3.1944,2588.6549
2019-11-12 13:47:00,3.1956,3.1956,3.1953,3.1953,3052.4772
2019-11-12 13:46:00,3.1961,3.1961,3.1958,3.1958,800.9086
2019-11-12 13:45:00,3.1947,3.1952,3.1947,3.1952,48.6212
2019-11-12 13:44:00,3.1944,3.1947,3.1921,3.1944,3069.9883
2019-11-12 13:43:00,3.1956,3.1956,3.1933,3.1943,6520.0726
2019-11-12 13:42:00,3.1914,3.1981,3.1914,3.1945,2475.5352
2019-11-12 13:41:00,3.1941,3.1941,3.1931,3.1934,6563.9351
2019-11-12 13:40:00,3.1923,3.1931,3.1907,3.1914,4256.1198
2019-11-12 13:39:00,3.1971,3.1971,3.1926,3.1933,13211.6777
2019-11-12 13:38:00,3.1971,3.1979,3.1971,3.1971,3300.2985
2019-11-12 13:37:00,3.1964,3.1978,3.1958,3.1978,6514.1067
2019-11-12 13:36:00,3.1947,3.1984,3.1933,3.1978,2636.6013
2019-11-12 13:35:00,3.1953,3.1973,3.1952,3.1973,1404.811
2019-11-12 13:34:00,3.1954,3.1972,3.1949,3.1949,5155.613
2019-11-12 13:33:00,3.1984,3.1984,3.1953,3.1953,3862.1902
2019-11-12 13:32:00,3.1972,3.1984,3.1972,3.1978,3945.8554
2019-11-12 13:31:00,3.1971,3.1972,3.1971,3.1972,937.8913
2019-11-12 13:30:00,3.1972,3.1972,3.1972,3.1972,0
2019-11-12 13:29:00,3.1972,3.1972,3.1972,3.1972,0
2019-11-12 13:28:00,3.1972,3.1972,3.1972,3.1972,0
2019-11-12 13:27:00,3.1972,3.1972,3.1972,3.1972,0
2019-11-12 13:26:00,3.1961,3.1972,3.196,3.1972,1575.9081
2019-11-12 13:25:00,3.1949,3.1984,3.1935,3.1976,8921.5923
2019-11-12 13:24:00,3.1926,3.1953,3.1911,3.1953,3982.4718
2019-11-12 13:23:00,3.191,3.1935,3.191,3.193,8730.6358
2019-11-12 13:22:00,3.1897,3.1937,3.1897,3.1914,1715.9432
2019-11-12 13:21:00,3.19,3.1915,3.19,3.1915,5270.8837
2019-11-12 13:20:00,3.1866,3.1913,3.1866,3.1899,3512.6024
2019-11-12 13:19:00,3.1854,3.1878,3.1854,3.1866,849.6777
2019-11-12 13:18:00,3.1853,3.1853,3.1853,3.1853,1306.54
2019-11-12 13:17:00,3.1847,3.1854,3.1847,3.1854,963.6533
2019-11-12 13:16:00,3.1846,3.1846,3.1846,3.1846,18.5202
2019-11-12 13:15:00,3.1846,3.1846,3.1846,3.1846,22.8853
2019-11-12 13:14:00,3.1846,3.1846,3.1846,3.1846,0
2019-11-12 13:13:00,3.1846,3.1846,3.1846,3.1846,0
2019-11-12 13:12:00,3.1846,3.1846,3.1846,3.1846,11.1151
2019-11-12 13:11:00,3.1846,3.1846,3.1846,3.1846,121.5513
2019-11-12 13:10:00,3.1846,3.1846,3.1846,3.1846,5.7248
2019-11-12 13:09:00,3.1847,3.1854,3.1845,3.1847,3279.9313
2019-11-12 13:08:00,3.1839,3.1852,3.1835,3.1848,1363.639
2019-11-12 13:07:00,3.1839,3.1853,3.1762,3.1845,5327.8007
2019-11-12 13:06:00,3.1846,3.1846,3.1842,3.1846,1349.0882
2019-11-12 13:05:00,3.1854,3.1854,3.184,3.1847,4500.4369
2019-11-12 13:04:00,3.1861,3.1863,3.1854,3.1855,1437.9797
2019-11-12 13:03:00,3.1866,3.1877,3.1866,3.1872,1300.7271
2019-11-12 13:02:00,3.1864,3.1877,3.1854,3.1854,1944.581
2019-11-12 13:01:00,3.1785,3.1878,3.1785,3.1864,15852.472
2019-11-12 13:00:00,3.1775,3.179,3.1775,3.1785,6422.4479
2019-11-12 12:59:00,3.1777,3.1777,3.1775,3.1775,4363.4147
2019-11-12 12:58:00,3.178,3.1782,3.1777,3.1777,3704.9357
2019-11-12 12:57:00,3.1782,3.1784,3.1778,3.1778,4960.0489
2019-11-12 12:56:00,3.1785,3.179,3.178,3.1782,4743.3675
2019-11-12 12:55:00,3.178,3.1788,3.1778,3.1788,4672.476
2019-11-12 12:54:00,3.1769,3.178,3.1769,3.178,789.3305
2019-11-12 12:53:00,3.1773,3.1773,3.1769,3.1769,66.2546
2019-11-12 12:52:00,3.1769,3.1779,3.1762,3.1773,1682.1717
2019-11-12 12:51:00,3.1785,3.1787,3.1772,3.1773,1158.2503
2019-11-12 12:50:00,3.1783,3.1792,3.1775,3.1792,2797.1335
2019-11-12 12:49:00,3.1793,3.1793,3.1782,3.1787,4578.2651
2019-11-12 12:48:00,3.1794,3.1794,3.1794,3.1794,79.8447
2019-11-12 12:47:00,3.1803,3.1803,3.1793,3.1794,838.5753
2019-11-12 12:46:00,3.1801,3.1805,3.1797,3.1802,3411.0258
2019-11-12 12:45:00,3.18,3.1806,3.1792,3.1792,6586.9012
2019-11-12 12:44:00,3.1799,3.1804,3.1793,3.1798,1519.7654
2019-11-12 12:43:00,3.1807,3.1807,3.1798,3.1802,1584.1291
2019-11-12 12:42:00,3.181,3.181,3.1806,3.1807,3990.3937
2019-11-12 12:41:00,3.1807,3.1811,3.1806,3.1811,2430.0841
2019-11-12 12:40:00,3.1807,3.1807,3.1797,3.18,2041.1643
2019-11-12 12:39:00,3.1805,3.1808,3.1805,3.1805,1369.0705
2019-11-12 12:38:00,3.1812,3.1815,3.1799,3.1806,1625.0353
2019-11-12 12:37:00,3.1796,3.1824,3.1796,3.1811,4984.8133
2019-11-12 12:36:00,3.1795,3.1837,3.1792,3.1813,10660.1221
2019-11-12 12:35:00,3.1796,3.1803,3.1795,3.1798,5150.4668
2019-11-12 12:34:00,3.1804,3.1804,3.1797,3.1797,1982.9074
2019-11-12 12:33:00,3.1791,3.1804,3.1791,3.1791,14393.0337
2019-11-12 12:32:00,3.1784,3.1796,3.1776,3.1785,1346.1931
2019-11-12 12:31:00,3.1786,3.1798,3.1779,3.1785,6785.1245
2019-11-12 12:30:00,3.1765,3.1798,3.1762,3.1772,9447.7597
2019-11-12 12:29:00,3.1763,3.1786,3.1742,3.1781,2115.1041
2019-11-12 12:28:00,3.1736,3.1785,3.1736,3.1763,7398.2853
2019-11-12 12:27:00,3.1724,3.1742,3.1723,3.1736,1317.1271
2019-11-12 12:26:00,3.1738,3.1738,3.1721,3.1721,5200.5641
2019-11-12 12:25:00,3.1734,3.1738,3.1729,3.1735,1278.8593
2019-11-12 12:24:00,3.173,3.1742,3.1723,3.1734,5833.9229
2019-11-12 12:23:00,3.1714,3.1727,3.1714,3.1727,2624.2902
2019-11-12 12:22:00,3.1713,3.1714,3.1712,3.1714,5343.1861
2019-11-12 12:21:00,3.1714,3.1717,3.1712,3.1717,5277.0517
2019-11-12 12:20:00,3.1709,3.1718,3.17,3.1714,3461.0841
2019-11-12 12:19:00,3.1714,3.1714,3.1709,3.1709,6716.0247
2019-11-12 12:18:00,3.1721,3.1721,3.1701,3.1706,1963.7713
2019-11-12 12:17:00,3.1721,3.1721,3.1721,3.1721,0
2019-11-12 12:16:00,3.173,3.173,3.1714,3.1721,3738.6837
2019-11-12 12:15:00,3.173,3.173,3.173,3.173,4
2019-11-12 12:14:00,3.1731,3.1731,3.1731,3.1731,1.1898
2019-11-12 12:13:00,3.173,3.1743,3.1723,3.1731,9020.4095
2019-11-12 12:12:00,3.1706,3.1733,3.1706,3.173,4739.8067
2019-11-12 12:11:00,3.1705,3.1705,3.1705,3.1705,17.4966
2019-11-12 12:10:00,3.1706,3.1716,3.1704,3.1704,1221.5133
2019-11-12 12:09:00,3.1684,3.1716,3.1684,3.1706,2142.0512
2019-11-12 12:08:00,3.1697,3.17,3.1684,3.1684,8479.0838
2019-11-12 12:07:00,3.168,3.168,3.168,3.168,606
2019-11-12 12:06:00,3.1679,3.1679,3.1679,3.1679,0
2019-11-12 12:05:00,3.1679,3.1679,3.1679,3.1679,0
2019-11-12 12:04:00,3.1652,3.1679,3.1652,3.1679,1846.5929
2019-11-12 12:03:00,3.1663,3.1667,3.1626,3.1652,5009.8131
2019-11-12 12:02:00,3.1664,3.1666,3.1661,3.1663,930.7287
2019-11-12 12:01:00,3.1659,3.1661,3.1649,3.1661,827.1242
2019-11-12 12:00:00,3.1669,3.1673,3.1644,3.1663,3479.0483
2019-11-12 11:59:00,3.1693,3.1693,3.1672,3.1674,5052.255
2019-11-12 11:58:00,3.1649,3.1692,3.1649,3.1692,4170.3707
2019-11-12 11:57:00,3.1646,3.1674,3.1646,3.166,1305.313
2019-11-12 11:56:00,3.1647,3.1651,3.1645,3.1645,7228.3381
2019-11-12 11:55:00,3.1649,3.1649,3.1646,3.1646,809.8151
2019-11-12 11:54:00,3.1655,3.1655,3.1646,3.1648,2596.9128
2019-11-12 11:53:00,3.167,3.1678,3.1657,3.1657,12244.9886
2019-11-12 11:52:00,3.168,3.1681,3.1671,3.1671,3127.936
2019-11-12 11:51:00,3.1679,3.1695,3.1679,3.1682,1273.7069
2019-11-12 11:50:00,3.1697,3.1697,3.1678,3.1681,1678.5469
2019-11-12 11:49:00,3.1703,3.1707,3.17,3.17,8306.3818
2019-11-12 11:48:00,3.1691,3.1707,3.1691,3.1705,1584.8195
2019-11-12 11:47:00,3.1698,3.1703,3.1651,3.1703,6432.8149
2019-11-12 11:46:00,3.1655,3.1718,3.1654,3.1676,10069.8758
2019-11-12 11:45:00,3.1627,3.166,3.1621,3.1655,3922.4596
2019-11-12 11:44:00,3.16,3.1625,3.1598,3.1623,5957.2632
2019-11-12 11:43:00,3.158,3.1646,3.158,3.1617,14853.1582
2019-11-12 11:42:00,3.1944,3.1944,3.1575,3.1575,25398.9885
2019-11-12 11:41:00,3.196,3.196,3.1936,3.194,1804.0278
2019-11-12 11:40:00,3.1947,3.1965,3.1938,3.196,11060.706
2019-11-12 11:39:00,3.1949,3.1981,3.1928,3.195,4679.3247
2019-11-12 11:38:00,3.1984,3.2,3.1915,3.1949,10438.4758
2019-11-12 11:37:00,3.1965,3.1985,3.1884,3.1923,15442.2332
2019-11-12 11:36:00,3.1955,3.1977,3.1909,3.196,3254.7394
2019-11-12 11:35:00,3.1995,3.1996,3.1954,3.1962,2243.9949
2019-11-12 11:34:00,3.2001,3.2001,3.196,3.196,4078.9934
2019-11-12 11:33:00,3.2001,3.2001,3.2001,3.2001,37.6523
2019-11-12 11:32:00,3.1967,3.2,3.1967,3.2,2365.6878
2019-11-12 11:31:00,3.1931,3.1969,3.1931,3.1969,2960.3225
2019-11-12 11:30:00,3.1932,3.1963,3.1927,3.1958,1047.7198
2019-11-12 11:29:00,3.1934,3.1948,3.1912,3.1935,5759.4657
2019-11-12 11:28:00,3.195,3.1958,3.1931,3.1932,3174.3214
2019-11-12 11:27:00,3.1959,3.1969,3.1941,3.1952,4007.671
2019-11-12 11:26:00,3.1966,3.1974,3.1948,3.1958,7061.3171
2019-11-12 11:25:00,3.1955,3.1966,3.1941,3.1966,10766.2825
2019-11-12 11:24:00,3.1972,3.1974,3.1944,3.1954,6999.6817
2019-11-12 11:23:00,3.1942,3.1964,3.1918,3.1962,14806.8861
2019-11-12 11:22:00,3.195,3.1967,3.1908,3.194,18431.0195
2019-11-12 11:21:00,3.2,3.2015,3.1923,3.1948,6498.0063
2019-11-12 11:20:00,3.2069,3.2069,3.1974,3.1983,14336.8803
2019-11-12 11:19:00,3.2037,3.2037,3.2037,3.2037,709.844
2019-11-12 11:18:00,3.2077,3.2077,3.207,3.2077,3428.0421
2019-11-12 11:17:00,3.2075,3.2075,3.204,3.204,6268.8696
2019-11-12 11:16:00,3.2079,3.2079,3.2042,3.2079,5574.4874
2019-11-12 11:15:00,3.2077,3.2079,3.2073,3.2079,3217.0452
2019-11-12 11:14:00,3.2078,3.2079,3.2074,3.2079,3409.9419
2019-11-12 11:13:00,3.2036,3.2079,3.2036,3.2079,1832.9019
2019-11-12 11:12:00,3.2078,3.2079,3.204,3.2079,5144.0094
2019-11-12 11:11:00,3.2079,3.2079,3.2034,3.2079,8969.4904
2019-11-12 11:10:00,3.2069,3.2079,3.2069,3.2075,6825.6787
2019-11-12 11:09:00,3.2068,3.2068,3.2061,3.2061,3466.2481
2019-11-12 11:08:00,3.204,3.207,3.204,3.207,7813.1956
2019-11-12 11:07:00,3.203,3.2063,3.2028,3.2036,6154.2879
2019-11-12 11:06:00,3.2,3.205,3.1997,3.2025,10634.452
2019-11-12 11:05:00,3.1992,3.2,3.199,3.2,7193.7579
2019-11-12 11:04:00,3.1999,3.2,3.1992,3.2,6205.2692
2019-11-12 11:03:00,3.1992,3.2,3.199,3.1992,1266.7635
2019-11-12 11:02:00,3.1991,3.1998,3.1983,3.1991,8673.319
2019-11-12 11:01:00,3.1988,3.1992,3.1974,3.1983,11391.5414
2019-11-12 11:00:00,3.1984,3.1992,3.1978,3.1988,2700.7932
2019-11-12 10:59:00,3.1984,3.1992,3.1983,3.1983,2978.3365
2019-11-12 10:58:00,3.1975,3.1992,3.1975,3.1984,7191.3261
2019-11-12 10:57:00,3.1984,3.1992,3.1975,3.1975,7979.5604
2019-11-12 10:56:00,3.1991,3.1992,3.1974,3.1984,2612.0781
2019-11-12 10:55:00,3.1979,3.1992,3.1972,3.1972,4737.7753
2019-11-12 10:54:00,3.198,3.1992,3.1973,3.1992,3966.3792
2019-11-12 10:53:00,3.1974,3.198,3.1969,3.1973,2387.6594
2019-11-12 10:52:00,3.1982,3.1982,3.1982,3.1982,50.0634
2019-11-12 10:51:00,3.1954,3.1997,3.1954,3.1982,1498.3267
2019-11-12 10:50:00,3.1999,3.1999,3.19,3.1976,4687.1554
2019-11-12 10:49:00,3.1982,3.2,3.1981,3.2,2261.6421
2019-11-12 10:48:00,3.197,3.2,3.1964,3.2,7329.2102
2019-11-12 10:47:00,3.1951,3.1985,3.1951,3.197,8979.5194
2019-11-12 10:46:00,3.1951,3.1951,3.1951,3.1951,323.7184
2019-11-12 10:45:00,3.1951,3.1951,3.1951,3.1951,104.9091
2019-11-12 10:44:00,3.1951,3.1951,3.1951,3.1951,0
2019-11-12 10:43:00,3.1951,3.1951,3.1951,3.1951,32.9872
2019-11-12 10:42:00,3.1951,3.1951,3.1951,3.1951,62.1757
2019-11-12 10:41:00,3.1951,3.1951,3.1951,3.1951,4.7063
2019-11-12 10:40:00,3.1951,3.1951,3.1951,3.1951,425.3411
2019-11-12 10:39:00,3.1946,3.1951,3.1943,3.1951,2519.6122
2019-11-12 10:38:00,3.1945,3.1951,3.1944,3.1951,7986.4245
2019-11-12 10:37:00,3.1946,3.1946,3.1945,3.1946,2078.8301
2019-11-12 10:36:00,3.1955,3.1955,3.1946,3.1946,993.3426
2019-11-12 10:35:00,3.1944,3.1954,3.1944,3.1945,1161.7182
2019-11-12 10:34:00,3.1955,3.1955,3.1955,3.1955,0
2019-11-12 10:33:00,3.1948,3.1955,3.1947,3.1955,840.9864
2019-11-12 10:32:00,3.1948,3.1955,3.1944,3.1948,6432.0691
2019-11-12 10:31:00,3.1943,3.195,3.1943,3.1948,2118.5881
2019-11-12 10:30:00,3.1947,3.1955,3.194,3.1955,1304.3377
2019-11-12 10:29:00,3.1959,3.1984,3.1937,3.1947,1957.6993
2019-11-12 10:28:00,3.1985,3.1985,3.1908,3.1948,2275.2928
2019-11-12 10:27:00,3.1985,3.1985,3.1985,3.1985,394.0682
2019-11-12 10:26:00,3.1986,3.1986,3.1986,3.1986,0
2019-11-12 10:25:00,3.1985,3.1986,3.1985,3.1986,407.6146
2019-11-12 10:24:00,3.1985,3.1985,3.1985,3.1985,593.9704
2019-11-12 10:23:00,3.1985,3.1985,3.1985,3.1985,520.2121
2019-11-12 10:22:00,3.1984,3.1985,3.1984,3.1985,5398.5216
2019-11-12 10:21:00,3.1984,3.1984,3.1983,3.1984,5528.7335
2019-11-12 10:20:00,3.1972,3.1986,3.1969,3.1984,2818.6214
2019-11-12 10:19:00,3.1986,3.1989,3.1968,3.1968,7670.242
2019-11-12 10:18:00,3.1991,3.1993,3.1986,3.1986,2878.8234
2019-11-12 10:17:00,3.2,3.2,3.1981,3.1991,5521.5814
2019-11-12 10:16:00,3.1998,3.2,3.1962,3.2,6428.721
2019-11-12 10:15:00,3.2001,3.2001,3.198,3.198,2797.8033
2019-11-12 10:14:00,3.2028,3.205,3.1962,3.1986,16200.9153
2019-11-12 10:13:00,3.2028,3.205,3.2002,3.2028,7031.2308
2019-11-12 10:12:00,3.2023,3.2042,3.2023,3.2028,4664.5121
2019-11-12 10:11:00,3.1998,3.205,3.1995,3.205,10196.5633
2019-11-12 10:10:00,3.1997,3.2001,3.1996,3.2,1619.6422
2019-11-12 10:09:00,3.1998,3.1998,3.1995,3.1995,4974.4347
2019-11-12 10:08:00,3.2,3.2001,3.1999,3.1999,4610.2272
2019-11-12 10:07:00,3.2002,3.2002,3.1994,3.1994,2572.7279
2019-11-12 10:06:00,3.2003,3.2003,3.2003,3.2003,236.923
2019-11-12 10:05:00,3.2005,3.2005,3.2004,3.2004,74.8233
2019-11-12 10:04:00,3.2001,3.2005,3.1999,3.2005,4962.4778
2019-11-12 10:03:00,3.2001,3.2004,3.1996,3.2001,3677.8479
2019-11-12 10:02:00,3.1992,3.2008,3.1992,3.2001,8569.3634
2019-11-12 10:01:00,3.1998,3.2008,3.1992,3.1992,3262.6834
2019-11-12 10:00:00,3.1972,3.2002,3.1972,3.1996,1582.4752
2019-11-12 09:59:00,3.1999,3.2008,3.197,3.1972,4881.448
2019-11-12 09:58:00,3.1981,3.2,3.1967,3.2,9198.3821
2019-11-12 09:57:00,3.1981,3.1981,3.1981,3.1981,0
2019-11-12 09:56:00,3.1981,3.1981,3.1981,3.1981,0
2019-11-12 09:55:00,3.1968,3.1981,3.1968,3.1981,1146.8974
2019-11-12 09:54:00,3.199,3.2,3.1972,3.1975,5081.1654
2019-11-12 09:53:00,3.1986,3.2,3.1969,3.1981,5227.3216
2019-11-12 09:52:00,3.1988,3.1994,3.1979,3.199,1197.8314
2019-11-12 09:51:00,3.1984,3.1989,3.1963,3.1963,1642.4127
2019-11-12 09:50:00,3.1962,3.2,3.1962,3.1998,3959.0632
2019-11-12 09:49:00,3.197,3.1976,3.1952,3.1961,2390.6489
2019-11-12 09:48:00,3.1969,3.1969,3.1946,3.1946,2958.7912
2019-11-12 09:47:00,3.1969,3.1969,3.1961,3.1961,1249.748
2019-11-12 09:46:00,3.1961,3.1961,3.195,3.195,2823.8115
2019-11-12 09:45:00,3.1957,3.1965,3.1957,3.1965,655.4995
2019-11-12 09:44:00,3.197,3.197,3.1943,3.1956,7252.657
2019-11-12 09:43:00,3.1982,3.1987,3.1967,3.197,1065.6789
2019-11-12 09:42:00,3.1976,3.198,3.1973,3.198,6674.7885
2019-11-12 09:41:00,3.1983,3.1988,3.1976,3.1976,4527.822
2019-11-12 09:40:00,3.1986,3.1986,3.1977,3.1984,189.3013
2019-11-12 09:39:00,3.1989,3.1989,3.1987,3.1987,1421.9034
2019-11-12 09:38:00,3.1991,3.1991,3.1991,3.1991,705.9491
2019-11-12 09:37:00,3.1989,3.1992,3.1987,3.1989,6605.3974
2019-11-12 09:36:00,3.1992,3.1992,3.1988,3.1989,5271.01
2019-11-12 09:35:00,3.197,3.1987,3.197,3.1987,4920.662
2019-11-12 09:34:00,3.197,3.1973,3.1968,3.197,11696.7911
2019-11-12 09:33:00,3.1967,3.1972,3.1966,3.1972,6925.6794
2019-11-12 09:32:00,3.1963,3.1966,3.1938,3.1962,3853.7372
2019-11-12 09:31:00,3.1958,3.1982,3.1958,3.1963,5223.5583
2019-11-12 09:30:00,3.1964,3.1974,3.1957,3.1971,1097.8487
2019-11-12 09:29:00,3.1988,3.1988,3.1963,3.1974,6543.9213
2019-11-12 09:28:00,3.1986,3.1988,3.1928,3.1988,9250.1124
2019-11-12 09:27:00,3.1986,3.1999,3.1983,3.1997,8539.5391
2019-11-12 09:26:00,3.2016,3.2022,3.1986,3.1987,3879.0169
2019-11-12 09:25:00,3.203,3.2032,3.2013,3.2022,1530.9507
2019-11-12 09:24:00,3.2027,3.2032,3.2018,3.203,6956.9009
2019-11-12 09:23:00,3.2032,3.2032,3.2018,3.2032,1990.6371
2019-11-12 09:22:00,3.2046,3.205,3.2027,3.2027,4303.8161
2019-11-12 09:21:00,3.2019,3.2058,3.2017,3.2034,6930.9314
2019-11-12 09:20:00,3.2028,3.2053,3.2017,3.2034,2072.1299
2019-11-12 09:19:00,3.2064,3.207,3.202,3.2028,4810.2342
2019-11-12 09:18:00,3.2089,3.2089,3.2049,3.2064,2201.2423
2019-11-12 09:17:00,3.208,3.2088,3.207,3.2088,4511.3301
2019-11-12 09:16:00,3.2083,3.2084,3.207,3.208,1264.4261
2019-11-12 09:15:00,3.2075,3.2084,3.2075,3.2082,11063.8651
2019-11-12 09:14:00,3.2073,3.208,3.2069,3.2073,1121.1562
2019-11-12 09:13:00,3.209,3.209,3.2068,3.208,5411.1189
2019-11-12 09:12:00,3.2107,3.2107,3.2096,3.2096,2985.0207
2019-11-12 09:11:00,3.2109,3.211,3.2107,3.2107,150.2347
2019-11-12 09:10:00,3.2114,3.2114,3.2106,3.2108,3772.8811
2019-11-12 09:09:00,3.2111,3.2119,3.2104,3.2112,5517.2317
2019-11-12 09:08:00,3.2114,3.2136,3.2098,3.2112,1989.0607
2019-11-12 09:07:00,3.2106,3.2136,3.2088,3.2112,2164.6165
2019-11-12 09:06:00,3.2086,3.2106,3.207,3.2106,10694.5383
2019-11-12 09:05:00,3.2077,3.2105,3.2066,3.2086,5278.3326
2019-11-12 09:04:00,3.209,3.2097,3.2043,3.2043,2234.0437
2019-11-12 09:03:00,3.2094,3.2115,3.2063,3.2087,1755.1289
2019-11-12 09:02:00,3.2054,3.2102,3.2054,3.2102,3853.9142
2019-11-12 09:01:00,3.2054,3.2076,3.2054,3.2072,2891.8303
2019-11-12 09:00:00,3.2018,3.2096,3.2018,3.2055,4491.8579
2019-11-12 08:59:00,3.2064,3.2064,3.202,3.2057,1318.8644
2019-11-12 08:58:00,3.21,3.2123,3.2011,3.2062,14608.0953
2019-11-12 08:57:00,3.2059,3.21,3.2035,3.21,8386.9729
2019-11-12 08:56:00,3.201,3.2093,3.201,3.2059,5712.0795
2019-11-12 08:55:00,3.2007,3.2097,3.2003,3.2048,2851.2106
2019-11-12 08:54:00,3.2066,3.2189,3.2001,3.216,16814.9832
2019-11-12 08:53:00,3.2069,3.22,3.2069,3.2195,19631.5573
2019-11-12 08:52:00,3.1999,3.2072,3.1944,3.2035,17840.5622
2019-11-12 08:51:00,3.1999,3.1999,3.1936,3.1999,6915.8466
2019-11-12 08:50:00,3.1996,3.1999,3.1943,3.1999,7672.3129
2019-11-12 08:49:00,3.1984,3.2,3.1946,3.199,2100.5162
2019-11-12 08:48:00,3.1978,3.1984,3.191,3.1984,15019.8534
2019-11-12 08:47:00,3.1984,3.1984,3.1972,3.1978,4595.1897
2019-11-12 08:46:00,3.1983,3.1984,3.1918,3.198,5348.8113
2019-11-12 08:45:00,3.1964,3.1981,3.1928,3.1981,7271.4827
2019-11-12 08:44:00,3.1957,3.1963,3.1956,3.1963,1432.3865
2019-11-12 08:43:00,3.1902,3.1965,3.1902,3.1965,11982.3911
2019-11-12 08:42:00,3.1953,3.1965,3.1953,3.1965,5784.226
2019-11-12 08:41:00,3.1938,3.194,3.1899,3.194,3993.3048
2019-11-12 08:40:00,3.1892,3.1931,3.1892,3.1931,3292.7052
2019-11-12 08:39:00,3.1885,3.1909,3.1885,3.1902,2001.0639
2019-11-12 08:38:00,3.191,3.191,3.1886,3.1886,1922.98
2019-11-12 08:37:00,3.1902,3.191,3.1902,3.1907,5471.9618
2019-11-12 08:36:00,3.1884,3.1908,3.1883,3.1904,4899.2773
2019-11-12 08:35:00,3.19,3.191,3.1886,3.1897,2470.2256
2019-11-12 08:34:00,3.1899,3.19,3.1883,3.19,1844.4063
2019-11-12 08:33:00,3.1875,3.1898,3.1868,3.1883,5713.7624
2019-11-12 08:32:00,3.1845,3.1883,3.1845,3.1875,979.9689
2019-11-12 08:31:00,3.1849,3.1881,3.1849,3.1868,6514.1616
2019-11-12 08:30:00,3.1844,3.1849,3.1843,3.1846,2411.4326
2019-11-12 08:29:00,3.1828,3.1843,3.1826,3.1843,3389.2659
2019-11-12 08:28:00,3.1828,3.1829,3.1828,3.1828,5849.883
2019-11-12 08:27:00,3.1829,3.1829,3.1826,3.1828,1452.7285
2019-11-12 08:26:00,3.1796,3.1829,3.177,3.1828,3069.7509
2019-11-12 08:25:00,3.1795,3.1818,3.1774,3.1792,11517.3252
2019-11-12 08:24:00,3.1824,3.1824,3.179,3.1819,6679.3185
2019-11-12 08:23:00,3.1824,3.1824,3.1819,3.1824,1236.0551
2019-11-12 08:22:00,3.1832,3.1832,3.1818,3.1826,1765.8989
2019-11-12 08:21:00,3.189,3.189,3.1818,3.1831,1057.1381
2019-11-12 08:20:00,3.1883,3.1901,3.1857,3.1901,6795.9259
2019-11-12 08:19:00,3.1905,3.1905,3.1861,3.1901,8289.2636
2019-11-12 08:18:00,3.1833,3.1904,3.1833,3.1904,4596.6775
2019-11-12 08:17:00,3.1835,3.1842,3.183,3.1833,4293.6573
2019-11-12 08:16:00,3.1802,3.1831,3.1802,3.1822,4763.1397
2019-11-12 08:15:00,3.1786,3.1838,3.1746,3.1796,14234.7083
2019-11-12 08:14:00,3.1774,3.1787,3.1761,3.1778,1999.8425
2019-11-12 08:13:00,3.1774,3.1774,3.1748,3.1774,6783.3385
2019-11-12 08:12:00,3.1759,3.1774,3.1757,3.1773,955.8318
2019-11-12 08:11:00,3.1731,3.1762,3.1727,3.1762,16624.5868
2019-11-12 08:10:00,3.1705,3.1731,3.1705,3.1731,5381.2698
2019-11-12 08:09:00,3.1686,3.1715,3.168,3.1704,8904.5734
2019-11-12 08:08:00,3.1715,3.1719,3.1677,3.1692,4780.5805
2019-11-12 08:07:00,3.1713,3.1721,3.1711,3.1721,6510.3004
2019-11-12 08:06:00,3.1727,3.1727,3.1711,3.1712,7014.0562
2019-11-12 08:05:00,3.1745,3.1745,3.1718,3.1724,11782.7518
2019-11-12 08:04:00,3.1762,3.1762,3.1729,3.1729,829.4226
2019-11-12 08:03:00,3.1762,3.177,3.1756,3.177,1340.9299
2019-11-12 08:02:00,3.176,3.1772,3.1757,3.1762,6056.5831
2019-11-12 08:01:00,3.1767,3.177,3.1761,3.1761,3669.4345
2019-11-12 08:00:00,3.1767,3.1772,3.176,3.1768,9102.0052
2019-11-12 07:59:00,3.1761,3.1768,3.1761,3.1767,4482.6652
2019-11-12 07:58:00,3.176,3.1769,3.1758,3.176,1400.388
2019-11-12 07:57:00,3.1751,3.176,3.1751,3.176,3629.5254
2019-11-12 07:56:00,3.1751,3.1754,3.1751,3.1751,988.5247
2019-11-12 07:55:00,3.1753,3.1754,3.1748,3.1754,4584.2652
2019-11-12 07:54:00,3.1751,3.1753,3.175,3.1753,5063.3017
2019-11-12 07:53:00,3.1751,3.1752,3.1751,3.1751,2869.7617
2019-11-12 07:52:00,3.1751,3.1751,3.1748,3.1751,3029.3815
2019-11-12 07:51:00,3.176,3.176,3.1751,3.1751,1025.655
2019-11-12 07:50:00,3.177,3.1776,3.1756,3.1756,5154.5239
2019-11-12 07:49:00,3.1769,3.177,3.1768,3.1769,2577.3764
2019-11-12 07:48:00,3.1751,3.177,3.1751,3.177,6000.1364
2019-11-12 07:47:00,3.1759,3.177,3.1756,3.1759,2125.8715
2019-11-12 07:46:00,3.1773,3.1773,3.1745,3.176,5536.6438
2019-11-12 07:45:00,3.1745,3.176,3.1745,3.176,2519.7209
2019-11-12 07:44:00,3.1753,3.177,3.1745,3.1757,5736.7813
2019-11-12 07:43:00,3.174,3.176,3.1733,3.1744,3412.6473
2019-11-12 07:42:00,3.1757,3.1759,3.175,3.175,1621.9539
2019-11-12 07:41:00,3.1756,3.1759,3.1756,3.1758,2351.5768
2019-11-12 07:40:00,3.1752,3.1755,3.1744,3.1755,530.6687
2019-11-12 07:39:00,3.1744,3.1761,3.1744,3.1761,1815.7748
2019-11-12 07:38:00,3.1729,3.1739,3.1728,3.1736,574.2623
2019-11-12 07:37:00,3.1634,3.1843,3.1634,3.1717,7144.5977
2019-11-12 07:36:00,3.1628,3.1629,3.1623,3.1628,6408.6024
2019-11-12 07:35:00,3.1622,3.1634,3.1622,3.1628,1163.3375
2019-11-12 07:34:00,3.1624,3.1634,3.1609,3.1614,3613.7157
2019-11-12 07:33:00,3.1617,3.1641,3.1573,3.1618,2630.3103
2019-11-12 07:32:00,3.1593,3.1594,3.1592,3.1594,5700.7591
2019-11-12 07:31:00,3.1593,3.1594,3.1592,3.1594,1844.0037
2019-11-12 07:30:00,3.161,3.1641,3.1592,3.1592,9682.1528
2019-11-12 07:29:00,3.1593,3.1632,3.1593,3.1632,5270.6664
2019-11-12 07:28:00,3.1619,3.163,3.1594,3.1594,2830.1435
2019-11-12 07:27:00,3.1622,3.164,3.1618,3.1619,862.0853
2019-11-12 07:26:00,3.1603,3.1618,3.1601,3.1602,1336.7138
2019-11-12 07:25:00,3.1628,3.1647,3.1594,3.1598,2609.1987
2019-11-12 07:24:00,3.1643,3.1661,3.16,3.16,29519.1317
2019-11-12 07:23:00,3.1662,3.1662,3.1621,3.1662,4370.736
2019-11-12 07:22:00,3.1625,3.1665,3.1604,3.1634,17862.3395
2019-11-12 07:21:00,3.1741,3.1749,3.1634,3.1634,8018.7116
2019-11-12 07:20:00,3.173,3.1745,3.173,3.174,1279.0507
2019-11-12 07:19:00,3.1701,3.1748,3.1701,3.173,3431.2707
2019-11-12 07:18:00,3.1698,3.1742,3.1676,3.171,12843.4994
2019-11-12 07:17:00,3.1633,3.166,3.1631,3.166,9113.2176
2019-11-12 07:16:00,3.1629,3.1657,3.1611,3.163,10347.8748
2019-11-12 07:15:00,3.1626,3.1636,3.1618,3.1618,793.1861
2019-11-12 07:14:00,3.1617,3.1621,3.16,3.1613,4440.3599
2019-11-12 07:13:00,3.1628,3.1628,3.1616,3.1619,1832.6806
2019-11-12 07:12:00,3.1637,3.1637,3.1619,3.1626,3904.2337
2019-11-12 07:11:00,3.1647,3.1662,3.1632,3.1636,3892.2723
2019-11-12 07:10:00,3.1662,3.1662,3.1647,3.1647,1634.7915
2019-11-12 07:09:00,3.169,3.169,3.1647,3.1647,8718.6036
2019-11-12 07:08:00,3.1676,3.1692,3.1666,3.1666,1728.0358
2019-11-12 07:07:00,3.1688,3.1693,3.1669,3.1693,4730.954
2019-11-12 07:06:00,3.1712,3.1712,3.1685,3.1687,2732.8776
2019-11-12 07:05:00,3.1715,3.1741,3.1673,3.1694,8309.1881
2019-11-12 07:04:00,3.1707,3.172,3.1707,3.1714,4064.8508
2019-11-12 07:03:00,3.1707,3.171,3.1707,3.1707,5387.5195
2019-11-12 07:02:00,3.1756,3.1756,3.1705,3.1711,4948.0745
2019-11-12 07:01:00,3.177,3.1783,3.1751,3.1751,1894.7321
2019-11-12 07:00:00,3.1801,3.1801,3.1777,3.1777,5282.0756
2019-11-12 06:59:00,3.177,3.1786,3.1769,3.1786,4130.7859
2019-11-12 06:58:00,3.1812,3.1821,3.1786,3.1787,3280.5319
2019-11-12 06:57:00,3.1815,3.1836,3.1804,3.182,759.7591
2019-11-12 06:56:00,3.1815,3.1815,3.1806,3.1815,4824.4209
2019-11-12 06:55:00,3.1814,3.182,3.1811,3.1815,3916.5564
2019-11-12 06:54:00,3.1804,3.182,3.1804,3.1813,1333.0554
2019-11-12 06:53:00,3.1799,3.1837,3.1799,3.182,2279.6042
2019-11-12 06:52:00,3.1817,3.1817,3.1798,3.1802,710.6426
2019-11-12 06:51:00,3.1815,3.1818,3.18,3.1818,3935.1725
2019-11-12 06:50:00,3.1901,3.1926,3.1796,3.1836,9588.602
2019-11-12 06:49:00,3.1916,3.192,3.1901,3.1901,3099.0455
2019-11-12 06:48:00,3.1932,3.1933,3.1912,3.1915,5431.7371
2019-11-12 06:47:00,3.193,3.1964,3.1927,3.1941,5961.1332
2019-11-12 06:46:00,3.1937,3.1956,3.1916,3.194,12793.4618
2019-11-12 06:45:00,3.1936,3.1957,3.1925,3.1944,3553.2098
2019-11-12 06:44:00,3.1929,3.1963,3.192,3.1923,12513.7476
2019-11-12 06:43:00,3.1933,3.1947,3.19,3.1947,3704.8452
2019-11-12 06:42:00,3.1931,3.1931,3.1914,3.1929,6342.7862
2019-11-12 06:41:00,3.1931,3.1937,3.1931,3.1937,4103.1688
2019-11-12 06:40:00,3.1923,3.1934,3.192,3.1934,5489.2534
2019-11-12 06:39:00,3.1927,3.1927,3.1914,3.1927,2648.6568
2019-11-12 06:38:00,3.193,3.193,3.1915,3.1927,1807.8588
2019-11-12 06:37:00,3.1935,3.1935,3.1916,3.1916,607.8126
2019-11-12 06:36:00,3.194,3.194,3.1937,3.1937,1345.7309
2019-11-12 06:35:00,3.194,3.1944,3.1932,3.1944,3315.7593
2019-11-12 06:34:00,3.1951,3.1951,3.1948,3.1948,1552.2106
2019-11-12 06:33:00,3.1961,3.1961,3.1955,3.1955,3302.2167
2019-11-12 06:32:00,3.1964,3.1964,3.1964,3.1964,5047.9563
2019-11-12 06:31:00,3.1958,3.1962,3.1958,3.1962,5861.7046
2019-11-12 06:30:00,3.1955,3.1955,3.1955,3.1955,688.6284
2019-11-12 06:29:00,3.1959,3.1959,3.1953,3.1953,4350.3513
2019-11-12 06:28:00,3.1961,3.1961,3.1956,3.1956,3929.2365
2019-11-12 06:27:00,3.1958,3.1958,3.1948,3.1956,1815.3729
2019-11-12 06:26:00,3.1935,3.1966,3.1931,3.1966,1612.5681
2019-11-12 06:25:00,3.1935,3.1939,3.1933,3.1933,3923.8345
2019-11-12 06:24:00,3.1938,3.1939,3.1935,3.1935,4262.5112
2019-11-12 06:23:00,3.194,3.194,3.1939,3.1939,175.0937
2019-11-12 06:22:00,3.1941,3.1941,3.1941,3.1941,5010.5453
2019-11-12 06:21:00,3.195,3.195,3.1941,3.1942,3699.5165
2019-11-12 06:20:00,3.1956,3.1956,3.1945,3.1956,2802.0183
2019-11-12 06:19:00,3.1965,3.1965,3.195,3.195,1493.9136
2019-11-12 06:18:00,3.1969,3.1969,3.1966,3.1966,5796.0066
2019-11-12 06:17:00,3.1997,3.2017,3.199,3.1997,915.2006
2019-11-12 06:16:00,3.2022,3.2045,3.1964,3.203,8490.3728
2019-11-12 06:15:00,3.2076,3.2076,3.2,3.2043,12749.9592
2019-11-12 06:14:00,3.2077,3.2077,3.2077,3.2077,0
2019-11-12 06:13:00,3.2077,3.2077,3.2077,3.2077,25.3424
2019-11-12 06:12:00,3.2079,3.2079,3.2077,3.2077,1724.8362
2019-11-12 06:11:00,3.2082,3.2082,3.2079,3.2079,7107.6594
2019-11-12 06:10:00,3.2087,3.2087,3.208,3.2083,6987.6489
2019-11-12 06:09:00,3.2082,3.2086,3.208,3.2083,6935.3801
2019-11-12 06:08:00,3.2084,3.2084,3.2083,3.2084,2089.2551
2019-11-12 06:07:00,3.2084,3.2085,3.2081,3.2084,8880.8113
2019-11-12 06:06:00,3.2083,3.2093,3.2083,3.2086,1555.7938
2019-11-12 06:05:00,3.21,3.21,3.209,3.2092,615.0998
2019-11-12 06:04:00,3.2101,3.2101,3.2101,3.2101,0
2019-11-12 06:03:00,3.2101,3.2101,3.2101,3.2101,0
2019-11-12 06:02:00,3.2102,3.2102,3.2101,3.2101,814.9227
2019-11-12 06:01:00,3.2113,3.2113,3.2105,3.2105,3162.0188
2019-11-12 06:00:00,3.21,3.21,3.21,3.21,140
2019-11-12 05:59:00,3.2104,3.2108,3.2102,3.2102,2815.9692
2019-11-12 05:58:00,3.2106,3.2108,3.2105,3.2107,476.3867
2019-11-12 05:57:00,3.2105,3.2109,3.21,3.2106,5141.3101
2019-11-12 05:56:00,3.2106,3.2111,3.2105,3.2111,7371.8446
2019-11-12 05:55:00,3.2105,3.2107,3.2104,3.2105,1036.2201
2019-11-12 05:54:00,3.2107,3.211,3.2107,3.2108,1229.076
2019-11-12 05:53:00,3.2107,3.211,3.2106,3.2106,12508.6553
2019-11-12 05:52:00,3.2107,3.2109,3.2105,3.2105,10080.7663
2019-11-12 05:51:00,3.2108,3.2109,3.2106,3.2107,2003.4171
2019-11-12 05:50:00,3.2102,3.2127,3.2102,3.2114,10619.2572
2019-11-12 05:49:00,3.2118,3.2132,3.2109,3.2118,1531.3063
2019-11-12 05:48:00,3.2122,3.2122,3.2113,3.2119,4395.4704
2019-11-12 05:47:00,3.2136,3.2153,3.21,3.2146,10879.1645
2019-11-12 05:46:00,3.2151,3.2153,3.2136,3.2136,7782.5319
2019-11-12 05:45:00,3.2172,3.2175,3.2172,3.2175,2739.0588
2019-11-12 05:44:00,3.2175,3.218,3.2175,3.218,1156.1226
2019-11-12 05:43:00,3.2148,3.2148,3.2148,3.2148,834.0998
2019-11-12 05:42:00,3.2146,3.2146,3.2145,3.2145,2904.5882
2019-11-12 05:41:00,3.2173,3.2173,3.2144,3.2144,5340.0761
2019-11-12 05:40:00,3.2179,3.2179,3.2144,3.2144,1575.62
2019-11-12 05:39:00,3.2178,3.2178,3.2147,3.2147,1497.3809
2019-11-12 05:38:00,3.2142,3.2179,3.2142,3.2179,1346.1227
2019-11-12 05:37:00,3.2135,3.2135,3.2135,3.2135,4888.3734
2019-11-12 05:36:00,3.2163,3.2167,3.2163,3.2165,3073.6488
2019-11-12 05:35:00,3.2148,3.2148,3.2142,3.2142,1809.8921
2019-11-12 05:34:00,3.2159,3.2168,3.2159,3.2168,1420.2532
2019-11-12 05:33:00,3.2135,3.2171,3.2135,3.2168,5814.8322
2019-11-12 05:32:00,3.2149,3.2164,3.2149,3.2164,7447.6114
2019-11-12 05:31:00,3.2138,3.215,3.2138,3.215,2852.6365
2019-11-12 05:30:00,3.2152,3.2153,3.2152,3.2153,4373.7228
2019-11-12 05:29:00,3.2135,3.2135,3.2135,3.2135,2874.4762
2019-11-12 05:28:00,3.2136,3.214,3.2136,3.214,5932.1231
2019-11-12 05:27:00,3.2163,3.2163,3.2163,3.2163,1484.9861
2019-11-12 05:26:00,3.2155,3.2156,3.2155,3.2156,1806.7316
2019-11-12 05:25:00,3.2138,3.2139,3.2138,3.2139,1628.1887
2019-11-12 05:24:00,3.216,3.2164,3.2141,3.2141,3839.3858
2019-11-12 05:23:00,3.2154,3.2159,3.2139,3.2139,2477.3515
2019-11-12 05:22:00,3.2153,3.2168,3.2153,3.2168,6093.0728
2019-11-12 05:21:00,3.2142,3.2158,3.2133,3.2158,2220.7854
2019-11-12 05:20:00,3.2156,3.2156,3.21,3.2136,26763.6076
2019-11-12 05:19:00,3.2242,3.2242,3.2159,3.2159,12144.8885
2019-11-12 05:18:00,3.2251,3.2252,3.2251,3.2252,2222.7984
2019-11-12 05:17:00,3.2249,3.227,3.2249,3.2261,543.9319
2019-11-12 05:16:00,3.2262,3.2278,3.2262,3.2278,4326.168
2019-11-12 05:15:00,3.226,3.226,3.2243,3.2254,7933.7459
2019-11-12 05:14:00,3.2244,3.2244,3.2242,3.2242,573.6124
2019-11-12 05:13:00,3.227,3.227,3.2252,3.2264,4312.4786
2019-11-12 05:12:00,3.2272,3.2272,3.227,3.227,1312.1379
2019-11-12 05:11:00,3.2273,3.2274,3.2273,3.2274,2584.0206
2019-11-12 05:10:00,3.2273,3.2273,3.2273,3.2273,8052.3841
2019-11-12 05:09:00,3.2306,3.2329,3.2277,3.2277,7146.6698
2019-11-12 05:08:00,3.2315,3.2315,3.227,3.2306,3191.9712
2019-11-12 05:07:00,3.2325,3.2325,3.2325,3.2325,4487.9966
2019-11-12 05:06:00,3.232,3.232,3.2315,3.2315,1319.1167
2019-11-12 05:05:00,3.2271,3.2324,3.227,3.2324,3563.6381
2019-11-12 05:04:00,3.2275,3.2284,3.2275,3.2284,3211.8179
2019-11-12 05:03:00,3.2294,3.23,3.2294,3.23,1241.0185
2019-11-12 05:02:00,3.2353,3.2353,3.2294,3.2296,4999.8925
2019-11-12 05:01:00,3.2294,3.2294,3.2294,3.2294,928.4798
2019-11-12 05:00:00,3.2288,3.2364,3.2288,3.2364,2339.5458
2019-11-12 04:59:00,3.2281,3.2285,3.2281,3.2285,5188.474
2019-11-12 04:58:00,3.2278,3.2373,3.2278,3.2373,1832.4336
2019-11-12 04:57:00,3.2346,3.2346,3.2273,3.2346,9282.3491
2019-11-12 04:56:00,3.2273,3.2279,3.2273,3.2279,8862.0683
2019-11-12 04:55:00,3.241,3.241,3.241,3.241,1191.8884
2019-11-12 04:54:00,3.2295,3.2295,3.2285,3.2285,9586.9628
2019-11-12 04:53:00,3.2288,3.2363,3.2278,3.2285,10462.8969
2019-11-12 04:52:00,3.2358,3.2396,3.2319,3.2396,1655.1317
2019-11-12 04:51:00,3.2407,3.2408,3.2399,3.2399,1997.7867
2019-11-12 04:50:00,3.2408,3.2408,3.2408,3.2408,733.9195
2019-11-12 04:49:00,3.2483,3.2483,3.2405,3.2405,2885.4845
2019-11-12 04:48:00,3.2455,3.2455,3.2455,3.2455,2284.2133
2019-11-12 04:47:00,3.2417,3.2476,3.2411,3.2411,4489.9304
2019-11-12 04:46:00,3.2477,3.2477,3.2477,3.2477,423.6791
2019-11-12 04:45:00,3.2475,3.2478,3.2475,3.2478,4573.2739
2019-11-12 04:44:00,3.2416,3.2416,3.2416,3.2416,3792.796
2019-11-12 04:43:00,3.2417,3.2482,3.2417,3.2482,897.0753
2019-11-12 04:42:00,3.2422,3.2472,3.2422,3.2472,1571.3288
2019-11-12 04:41:00,3.2479,3.2479,3.2408,3.2408,10077.3021
2019-11-12 04:40:00,3.2467,3.2482,3.2416,3.2482,8527.0452
2019-11-12 04:39:00,3.2466,3.2467,3.2413,3.2418,6286.5383
2019-11-12 04:38:00,3.2466,3.2466,3.2421,3.2457,9746.3671
2019-11-12 04:37:00,3.2421,3.2461,3.2421,3.2461,6391.7642
2019-11-12 04:36:00,3.2424,3.2424,3.2414,3.2414,6648.0849
2019-11-12 04:35:00,3.2466,3.2466,3.2425,3.2425,1407.2266
2019-11-12 04:34:00,3.2417,3.2466,3.2416,3.2416,7244.9728
2019-11-12 04:33:00,3.2416,3.2468,3.2416,3.2467,3899.0224
2019-11-12 04:32:00,3.2399,3.2468,3.2399,3.2468,18176.5276
2019-11-12 04:31:00,3.249,3.249,3.249,3.249,5494.7265
2019-11-12 04:30:00,3.2494,3.2494,3.2409,3.2409,8781.6099
2019-11-12 04:29:00,3.2491,3.2494,3.2491,3.2494,6637.6919
2019-11-12 04:28:00,3.2499,3.25,3.2439,3.25,2741.951
2019-11-12 04:27:00,3.2496,3.2499,3.2437,3.2499,11347.3213
2019-11-12 04:26:00,3.2486,3.2496,3.2486,3.2496,3470.4412
2019-11-12 04:25:00,3.249,3.249,3.2447,3.2447,1595.6897
2019-11-12 04:24:00,3.2436,3.2436,3.2436,3.2436,857.0939
2019-11-12 04:23:00,3.2491,3.2491,3.2433,3.2433,1400.6553
2019-11-12 04:22:00,3.2491,3.2496,3.2476,3.2476,1227.9024
2019-11-12 04:21:00,3.2491,3.2491,3.2491,3.2491,3449.7845
2019-11-12 04:20:00,3.2498,3.2498,3.246,3.2497,1452.2377
2019-11-12 04:19:00,3.2443,3.25,3.2443,3.2499,4304.0377
2019-11-12 04:18:00,3.2499,3.2499,3.2424,3.2499,3857.0213
2019-11-12 04:17:00,3.2499,3.2499,3.2431,3.2492,3713.6073
2019-11-12 04:16:00,3.242,3.2499,3.242,3.2499,12859.6802
2019-11-12 04:15:00,3.2393,3.2499,3.2393,3.2499,12453.5863
2019-11-12 04:14:00,3.2409,3.2498,3.2409,3.2498,1213.6652
2019-11-12 04:13:00,3.25,3.25,3.2412,3.25,5175.7927
2019-11-12 04:12:00,3.25,3.25,3.2392,3.2495,9037.1931
2019-11-12 04:11:00,3.25,3.25,3.2457,3.25,5260.8334
2019-11-12 04:10:00,3.2394,3.25,3.2394,3.2499,5786.3551
2019-11-12 04:09:00,3.25,3.25,3.2493,3.25,1784.3086
2019-11-12 04:08:00,3.25,3.25,3.2406,3.2406,11159.7916
2019-11-12 04:07:00,3.25,3.25,3.2494,3.25,3120.3993
2019-11-12 04:06:00,3.25,3.25,3.2401,3.25,2932.9513
2019-11-12 04:05:00,3.2399,3.25,3.2382,3.25,10282.1048
2019-11-12 04:04:00,3.2491,3.25,3.2491,3.25,12604.2591
2019-11-12 04:03:00,3.2499,3.2499,3.2393,3.2393,5956.2215
2019-11-12 04:02:00,3.2383,3.2499,3.2383,3.2499,7789.133
2019-11-12 04:01:00,3.2488,3.2499,3.238,3.2499,5557.9081
2019-11-12 04:00:00,3.2488,3.2488,3.2403,3.2488,2142.5246
2019-11-12 03:59:00,3.2365,3.2488,3.2365,3.2487,18638.0177
2019-11-12 03:58:00,3.2484,3.2488,3.2359,3.2488,10098.73
2019-11-12 03:57:00,3.24,3.2488,3.24,3.2488,12950.1248
2019-11-12 03:56:00,3.2488,3.2488,3.2484,3.2488,3982.5158
2019-11-12 03:55:00,3.2412,3.2488,3.2412,3.2488,2792.1928
2019-11-12 03:54:00,3.2488,3.2488,3.2485,3.2488,2796.2034
2019-11-12 03:53:00,3.2488,3.2488,3.2421,3.2483,8133.3571
2019-11-12 03:52:00,3.2424,3.2488,3.2416,3.2488,2598.329
2019-11-12 03:51:00,3.2479,3.2488,3.2479,3.2488,6086.6973
2019-11-12 03:50:00,3.2488,3.2488,3.2451,3.2451,2841.126
2019-11-12 03:49:00,3.248,3.2488,3.248,3.2488,2682.7605
2019-11-12 03:48:00,3.2488,3.2488,3.2487,3.2487,624.3979
2019-11-12 03:47:00,3.2479,3.2488,3.2479,3.2487,1887.0861
2019-11-12 03:46:00,3.2387,3.248,3.2366,3.248,6653.4596
2019-11-12 03:45:00,3.2457,3.2473,3.2457,3.2473,1549.9473
2019-11-12 03:44:00,3.236,3.2466,3.235,3.246,19470.0115
2019-11-12 03:43:00,3.2463,3.2466,3.2463,3.2466,3133.8712
2019-11-12 03:42:00,3.2434,3.2463,3.2434,3.2463,2204.6739
2019-11-12 03:41:00,3.2432,3.2434,3.2365,3.2365,2475.0218
2019-11-12 03:40:00,3.2321,3.2432,3.2321,3.2432,24786.0791
2019-11-12 03:39:00,3.2399,3.24,3.2392,3.24,1530.5785
2019-11-12 03:38:00,3.2398,3.2399,3.2292,3.2399,8878.3468
2019-11-12 03:37:00,3.2326,3.2398,3.2321,3.2398,20604.067
2019-11-12 03:36:00,3.2398,3.2398,3.2315,3.2398,2186.0625
2019-11-12 03:35:00,3.2398,3.2398,3.2355,3.2398,5394.8356
2019-11-12 03:34:00,3.2398,3.2398,3.2358,3.2358,1981.7164
2019-11-12 03:33:00,3.239,3.2398,3.239,3.2398,2477.9743
2019-11-12 03:32:00,3.2398,3.2398,3.2395,3.2398,2167.321
2019-11-12 03:31:00,3.2398,3.2398,3.2348,3.2389,8771.7063
2019-11-12 03:30:00,3.2398,3.2398,3.2343,3.2343,7965.4406
2019-11-12 03:29:00,3.2398,3.2398,3.2346,3.2398,1456.5411
2019-11-12 03:28:00,3.2398,3.2398,3.2345,3.2394,3135.8929
2019-11-12 03:27:00,3.2398,3.2398,3.2389,3.2398,3434.608
2019-11-12 03:26:00,3.2398,3.2398,3.2392,3.2398,9283.9454
2019-11-12 03:25:00,3.2398,3.2398,3.2389,3.2398,4298.966
2019-11-12 03:24:00,3.2397,3.2398,3.2389,3.2389,6783.1722
2019-11-12 03:23:00,3.2398,3.2398,3.2346,3.2398,5323.2398
2019-11-12 03:22:00,3.2398,3.2398,3.2346,3.2398,6739.7729
2019-11-12 03:21:00,3.2396,3.2398,3.2343,3.2398,8579.5225
2019-11-12 03:20:00,3.2397,3.2397,3.2337,3.2396,6179.8329
2019-11-12 03:19:00,3.2398,3.2398,3.239,3.2398,7552.156
2019-11-12 03:18:00,3.2345,3.2398,3.2345,3.2394,9667.4963
2019-11-12 03:17:00,3.2341,3.2398,3.233,3.2398,3988.8797
2019-11-12 03:16:00,3.2398,3.2398,3.2344,3.2398,11006.0127
2019-11-12 03:15:00,3.2392,3.2398,3.2336,3.2336,3070.7872
2019-11-12 03:14:00,3.2396,3.2396,3.2331,3.2331,6719.973
2019-11-12 03:13:00,3.2398,3.2398,3.239,3.239,872.6966
2019-11-12 03:12:00,3.2391,3.2398,3.2391,3.2398,3422.3531
2019-11-12 03:11:00,3.2336,3.2398,3.2336,3.2398,4098.9669
2019-11-12 03:10:00,3.2396,3.2396,3.2336,3.2336,1354.0516
2019-11-12 03:09:00,3.2392,3.2395,3.2392,3.2395,2106.8672
2019-11-12 03:08:00,3.2398,3.2398,3.2329,3.2337,12219.2527
2019-11-12 03:07:00,3.2347,3.2398,3.2326,3.2398,5851.804
2019-11-12 03:06:00,3.235,3.235,3.2331,3.2331,4090.7486
2019-11-12 03:05:00,3.2398,3.2398,3.2342,3.2342,5156.8971
2019-11-12 03:04:00,3.239,3.2398,3.2335,3.2335,3637.75
2019-11-12 03:03:00,3.2397,3.2397,3.2345,3.2397,1637.316
2019-11-12 03:02:00,3.2397,3.2397,3.2349,3.2397,4843.1497
2019-11-12 03:01:00,3.2397,3.2397,3.2395,3.2397,2381.7752
2019-11-12 03:00:00,3.2397,3.2397,3.2391,3.2391,3144.6241
2019-11-12 02:59:00,3.2398,3.2398,3.2344,3.2348,5720.2303
2019-11-12 02:58:00,3.2398,3.2398,3.2349,3.2398,3645.121
2019-11-12 02:57:00,3.2398,3.2398,3.2331,3.2398,5984.6703
2019-11-12 02:56:00,3.2337,3.2398,3.2337,3.2396,3035.2918
2019-11-12 02:55:00,3.2398,3.2398,3.2334,3.2398,6323.8083
2019-11-12 02:54:00,3.2395,3.2398,3.2338,3.2398,3157.5222
2019-11-12 02:53:00,3.2397,3.2397,3.2388,3.2388,7856.4657
2019-11-12 02:52:00,3.2331,3.2397,3.2331,3.2397,7843.2525
2019-11-12 02:51:00,3.2335,3.2397,3.2335,3.2397,5105.9107
2019-11-12 02:50:00,3.2331,3.2397,3.2331,3.2397,12496.9703
2019-11-12 02:49:00,3.2398,3.2398,3.2389,3.2397,3793.0392
2019-11-12 02:48:00,3.2398,3.2398,3.2336,3.2398,2294.2989
2019-11-12 02:47:00,3.2398,3.2398,3.239,3.2396,15349.7945
2019-11-12 02:46:00,3.2397,3.2398,3.2392,3.2398,6741.6562
2019-11-12 02:45:00,3.2397,3.2397,3.2318,3.2351,11462.436
2019-11-12 02:44:00,3.2396,3.2397,3.2388,3.2389,4142.5326
2019-11-12 02:43:00,3.2392,3.2397,3.2355,3.2396,8275.2376
2019-11-12 02:42:00,3.2378,3.2396,3.2378,3.2389,5892.2316
2019-11-12 02:41:00,3.238,3.238,3.2364,3.238,2198.8389
2019-11-12 02:40:00,3.2379,3.238,3.2327,3.238,8528.2402
2019-11-12 02:39:00,3.238,3.238,3.2346,3.238,2312.6397
2019-11-12 02:38:00,3.236,3.238,3.236,3.2379,6514.1421
2019-11-12 02:37:00,3.235,3.236,3.2349,3.2357,10374.6803
2019-11-12 02:36:00,3.2255,3.2344,3.2255,3.2325,3799.2161
2019-11-12 02:35:00,3.223,3.2332,3.223,3.2331,27179.3181
2019-11-12 02:34:00,3.23,3.23,3.2292,3.2297,7258.7468
2019-11-12 02:33:00,3.23,3.23,3.2231,3.2294,15873.0527
2019-11-12 02:32:00,3.2272,3.23,3.2236,3.2236,2263.8055
2019-11-12 02:31:00,3.223,3.2272,3.223,3.2231,1964.9949
2019-11-12 02:30:00,3.2259,3.2272,3.2228,3.2272,2235.1056
2019-11-12 02:29:00,3.2227,3.2259,3.2224,3.2251,3937.8838
2019-11-12 02:28:00,3.214,3.2224,3.214,3.2224,1621.4889
2019-11-12 02:27:00,3.2113,3.2163,3.2111,3.2163,5021.1866
2019-11-12 02:26:00,3.21,3.2131,3.21,3.2131,5456.2177
2019-11-12 02:25:00,3.2091,3.21,3.2091,3.2099,7881.1489
2019-11-12 02:24:00,3.209,3.21,3.209,3.2095,4267.1538
2019-11-12 02:23:00,3.2074,3.21,3.2026,3.2026,3224.3751
2019-11-12 02:22:00,3.2062,3.21,3.2062,3.2074,2334.8497
2019-11-12 02:21:00,3.21,3.21,3.2053,3.2094,5693.2204
2019-11-12 02:20:00,3.2057,3.21,3.2053,3.206,1252.0606
2019-11-12 02:19:00,3.2163,3.2184,3.2057,3.2096,5998.1715
2019-11-12 02:18:00,3.2151,3.2163,3.21,3.2163,2686.514
2019-11-12 02:17:00,3.2123,3.2152,3.2102,3.2146,7621.4334
2019-11-12 02:16:00,3.2069,3.2141,3.2069,3.2103,3214.4665
2019-11-12 02:15:00,3.2154,3.219,3.2109,3.2109,1438.5858
2019-11-12 02:14:00,3.2295,3.23,3.1975,3.2191,5753.7296
2019-11-12 02:13:00,3.23,3.23,3.2161,3.2295,7342.6888
2019-11-12 02:12:00,3.2297,3.2297,3.2297,3.2297,1018.817
2019-11-12 02:11:00,3.23,3.23,3.2297,3.23,5825.8968
2019-11-12 02:10:00,3.23,3.23,3.2198,3.23,7410.5239
2019-11-12 02:09:00,3.2293,3.23,3.2192,3.23,3076.6069
2019-11-12 02:08:00,3.2298,3.2299,3.2291,3.2299,3422.6402
2019-11-12 02:07:00,3.2298,3.2298,3.2227,3.2227,3965.0877
2019-11-12 02:06:00,3.2172,3.2172,3.2165,3.2165,4139.1783
2019-11-12 02:05:00,3.2161,3.2193,3.2161,3.2193,5381.9019
2019-11-12 02:04:00,3.2289,3.2289,3.2177,3.2177,1049.415
2019-11-12 02:03:00,3.2291,3.2298,3.215,3.2298,2036.4018
2019-11-12 02:02:00,3.2297,3.2297,3.2297,3.2297,6297.9637
2019-11-12 02:01:00,3.2292,3.2298,3.2285,3.2294,9923.7099
2019-11-12 02:00:00,3.228,3.2298,3.2194,3.2198,4063.2012
2019-11-12 01:59:00,3.2298,3.2298,3.2213,3.2213,9922.3191
2019-11-12 01:58:00,3.2287,3.2298,3.2219,3.2219,5691.0985
2019-11-12 01:57:00,3.2264,3.2288,3.2233,3.2246,8648.8043
2019-11-12 01:56:00,3.2266,3.2273,3.2211,3.2273,1455.8595
2019-11-12 01:55:00,3.2262,3.2263,3.2221,3.2221,2009.5891
2019-11-12 01:54:00,3.2223,3.2233,3.2223,3.2233,8585.3524
2019-11-12 01:53:00,3.2234,3.2234,3.2204,3.2204,2456.6287
2019-11-12 01:52:00,3.2231,3.2263,3.2231,3.2262,1148.7109
2019-11-12 01:51:00,3.223,3.2231,3.2192,3.2231,5650.2181
2019-11-12 01:50:00,3.2188,3.2188,3.2186,3.2186,2872.9346
2019-11-12 01:49:00,3.2173,3.2229,3.2173,3.2229,11189.1796
2019-11-12 01:48:00,3.213,3.2224,3.213,3.2224,1226.8131
2019-11-12 01:47:00,3.2224,3.2231,3.2223,3.2223,1195.8481
2019-11-12 01:46:00,3.2215,3.2222,3.2215,3.2222,2601.1771
2019-11-12 01:45:00,3.2121,3.2217,3.2121,3.2217,1791.1136
2019-11-12 01:44:00,3.22,3.2224,3.2135,3.2224,11448.0432
2019-11-12 01:43:00,3.219,3.22,3.219,3.2199,3683.4147
2019-11-12 01:42:00,3.2194,3.2195,3.2189,3.2195,2897.4483
2019-11-12 01:41:00,3.2192,3.2195,3.2144,3.2144,3045.2437
2019-11-12 01:40:00,3.2146,3.2195,3.2123,3.2194,12344.9332
2019-11-12 01:39:00,3.2154,3.2195,3.2133,3.2133,4704.1042
2019-11-12 01:38:00,3.2178,3.2196,3.2102,3.2196,3062.0119
2019-11-12 01:37:00,3.2196,3.2196,3.2136,3.2195,10914.5712
2019-11-12 01:36:00,3.2131,3.2164,3.2109,3.2164,2431.9322
2019-11-12 01:35:00,3.21,3.2131,3.2075,3.2125,6993.3514
2019-11-12 01:34:00,3.2152,3.2152,3.2064,3.21,21908.7988
2019-11-12 01:33:00,3.2199,3.2208,3.2124,3.2124,2654.0293
2019-11-12 01:32:00,3.215,3.2208,3.2115,3.2158,10190.5826
2019-11-12 01:31:00,3.214,3.2208,3.214,3.2207,8159.3693
2019-11-12 01:30:00,3.2108,3.2176,3.2108,3.2176,19765.0418
2019-11-12 01:29:00,3.2108,3.2176,3.2108,3.2176,3556.4886
2019-11-12 01:28:00,3.2136,3.2145,3.2136,3.2145,3781.7172
2019-11-12 01:27:00,3.2143,3.2145,3.21,3.2145,9228.0969
2019-11-12 01:26:00,3.2144,3.2145,3.2088,3.2145,2596.843
2019-11-12 01:25:00,3.2145,3.2145,3.2111,3.2111,2877.5358
2019-11-12 01:24:00,3.211,3.2145,3.211,3.2145,11383.6571
2019-11-12 01:23:00,3.2143,3.2145,3.2111,3.2145,2372.7122
2019-11-12 01:22:00,3.2107,3.2143,3.2107,3.2143,8064.0195
2019-11-12 01:21:00,3.2143,3.2145,3.2137,3.2143,4964.815
2019-11-12 01:20:00,3.2241,3.2241,3.2103,3.2145,3811.8125
2019-11-12 01:19:00,3.213,3.2135,3.213,3.2135,1326.7606
2019-11-12 01:18:00,3.2186,3.2186,3.2108,3.2108,2367.81
2019-11-12 01:17:00,3.2153,3.2246,3.2127,3.2146,13508.7435
2019-11-12 01:16:00,3.2204,3.2264,3.2103,3.2115,5940.7864
2019-11-12 01:15:00,3.2146,3.2252,3.2146,3.2213,2416.9122
2019-11-12 01:14:00,3.2232,3.2246,3.2103,3.2139,3327.8131
2019-11-12 01:13:00,3.2139,3.2232,3.2105,3.2232,12522.4201
2019-11-12 01:12:00,3.2192,3.22,3.2146,3.22,4493.6934
2019-11-12 01:11:00,3.2199,3.22,3.21,3.22,3415.9142
2019-11-12 01:10:00,3.2199,3.22,3.2112,3.22,10850.5273
2019-11-12 01:09:00,3.215,3.22,3.2065,3.22,1722.7721
2019-11-12 01:08:00,3.2196,3.22,3.211,3.22,19672.6818
2019-11-12 01:07:00,3.2195,3.2195,3.2097,3.2097,1318.1633
2019-11-12 01:06:00,3.2139,3.2196,3.2139,3.2196,8823.1446
2019-11-12 01:05:00,3.2196,3.22,3.2192,3.22,2409.4708
2019-11-12 01:04:00,3.2116,3.2196,3.2116,3.2196,11315.943
2019-11-12 01:03:00,3.2159,3.2182,3.2159,3.2182,4370.6054
2019-11-12 01:02:00,3.2159,3.2164,3.2157,3.2164,5889.5559
2019-11-12 01:01:00,3.2127,3.2159,3.2079,3.2158,13066.8184
2019-11-12 01:00:00,3.2149,3.215,3.2095,3.2127,7029.3147
2019-11-12 00:59:00,3.2149,3.2149,3.2143,3.2144,2639.2961
2019-11-12 00:58:00,3.2143,3.215,3.2065,3.2065,2872.9987
2019-11-12 00:57:00,3.2068,3.215,3.2068,3.2116,5007.8822
2019-11-12 00:56:00,3.2135,3.2135,3.2072,3.2072,2256.8344
2019-11-12 00:55:00,3.2103,3.214,3.2099,3.214,3503.9417
2019-11-12 00:54:00,3.2099,3.2103,3.2095,3.2103,4372.8758
2019-11-12 00:53:00,3.21,3.21,3.2045,3.2094,3613.9803
2019-11-12 00:52:00,3.21,3.21,3.2091,3.21,2024.4895
2019-11-12 00:51:00,3.21,3.21,3.205,3.2098,4491.004
2019-11-12 00:50:00,3.21,3.21,3.204,3.2091,14565.1279
2019-11-12 00:49:00,3.21,3.21,3.2096,3.21,7292.7165
2019-11-12 00:48:00,3.2095,3.21,3.2092,3.21,5370.2837
2019-11-12 00:47:00,3.2097,3.2098,3.2097,3.2097,5304.4591
2019-11-12 00:46:00,3.2099,3.2099,3.2067,3.2098,2052.9992
2019-11-12 00:45:00,3.2099,3.2099,3.208,3.208,2429.4582
2019-11-12 00:44:00,3.2099,3.21,3.2082,3.21,1366.3797
2019-11-12 00:43:00,3.2085,3.21,3.2085,3.21,2516.5039
2019-11-12 00:42:00,3.2016,3.2093,3.2016,3.2093,13219.1613
2019-11-12 00:41:00,3.2007,3.2061,3.2007,3.2061,3953.8126
2019-11-12 00:40:00,3.2,3.2032,3.196,3.2032,9583.096
2019-11-12 00:39:00,3.1958,3.2,3.1958,3.1982,9720.3605
2019-11-12 00:38:00,3.1955,3.2,3.1952,3.1977,4772.3779
2019-11-12 00:37:00,3.195,3.198,3.1926,3.1939,8330.8101
2019-11-12 00:36:00,3.1925,3.195,3.1906,3.193,970.5313
2019-11-12 00:35:00,3.1925,3.195,3.1908,3.195,2684.1034
2019-11-12 00:34:00,3.1971,3.1999,3.1911,3.1925,10187.2711
2019-11-12 00:33:00,3.1949,3.1999,3.1949,3.1999,5909.1542
2019-11-12 00:32:00,3.1938,3.1962,3.192,3.1945,6995.2044
2019-11-12 00:31:00,3.1931,3.1961,3.1919,3.1938,8418.6269
2019-11-12 00:30:00,3.1927,3.1931,3.1927,3.1928,2631.2089
2019-11-12 00:29:00,3.1915,3.193,3.1915,3.193,1605.1779
2019-11-12 00:28:00,3.1929,3.193,3.1902,3.1928,6206.717
2019-11-12 00:27:00,3.1915,3.193,3.1903,3.1929,4711.2026
2019-11-12 00:26:00,3.1894,3.193,3.1885,3.193,11817.8259
2019-11-12 00:25:00,3.1907,3.193,3.1858,3.1929,2487.1006
2019-11-12 00:24:00,3.1891,3.1928,3.1867,3.1907,7444.1135
2019-11-12 00:23:00,3.1884,3.1931,3.1884,3.1924,7261.5362
2019-11-12 00:22:00,3.1889,3.19,3.1867,3.1884,5726.3918
2019-11-12 00:21:00,3.19,3.19,3.1867,3.19,2867.5247
2019-11-12 00:20:00,3.1874,3.19,3.1864,3.1881,1099.0723
2019-11-12 00:19:00,3.1879,3.19,3.1861,3.19,8772.5935
2019-11-12 00:18:00,3.19,3.19,3.1866,3.19,3850.3089
2019-11-12 00:17:00,3.1957,3.1957,3.185,3.1874,3797.2864
2019-11-12 00:16:00,3.1963,3.1991,3.191,3.191,6634.7629
2019-11-12 00:15:00,3.1943,3.2,3.1865,3.1964,21039.3991
2019-11-12 00:14:00,3.1955,3.2,3.19,3.195,4086.5566
2019-11-12 00:13:00,3.1917,3.2,3.1917,3.1934,1402.7739
2019-11-12 00:12:00,3.1929,3.1971,3.191,3.1949,4538.5556
2019-11-12 00:11:00,3.1925,3.193,3.1868,3.1929,5745.7736
2019-11-12 00:10:00,3.1896,3.1914,3.1864,3.1864,1248.9762
2019-11-12 00:09:00,3.1901,3.1901,3.1885,3.1891,8998.3917
2019-11-12 00:08:00,3.1883,3.1922,3.1828,3.1897,8291.9768
2019-11-12 00:07:00,3.1893,3.19,3.1839,3.1874,15097.1093
2019-11-12 00:06:00,3.2023,3.203,3.1874,3.1874,7799.4004
2019-11-12 00:05:00,3.2027,3.2033,3.1976,3.1984,3190.2185
2019-11-12 00:04:00,3.1919,3.2033,3.1902,3.1977,1753.4309
2019-11-12 00:03:00,3.1785,3.2,3.1784,3.191,15861.2283
2019-11-12 00:02:00,3.1786,3.1802,3.1769,3.1802,2616.7986
2019-11-12 00:01:00,3.1807,3.1818,3.177,3.1798,6872.1576
2019-11-12 00:00:00,3.1804,3.1804,3.179,3.1803,2372.151
