2019-11-25 23:59:00,2.0315,2.0377,2.0315,2.035,7607.7701
2019-11-25 23:58:00,2.0307,2.0318,2.0253,2.0314,12075.4762
2019-11-25 23:57:00,2.0294,2.0325,2.0265,2.029,6586.8267
2019-11-25 23:56:00,2.0342,2.0377,2.0291,2.031,13099.2274
2019-11-25 23:55:00,2.0422,2.0427,2.0306,2.0347,18078.2697
2019-11-25 23:54:00,2.0394,2.0425,2.0319,2.0425,33128.9159
2019-11-25 23:53:00,2.0379,2.045,2.0374,2.045,27350.6117
2019-11-25 23:52:00,2.0344,2.0387,2.0344,2.0371,6622.9844
2019-11-25 23:51:00,2.0324,2.0352,2.032,2.0344,7442.8086
2019-11-25 23:50:00,2.0324,2.0334,2.0323,2.0325,732.791
2019-11-25 23:49:00,2.0303,2.0338,2.0293,2.0319,3969.0791
2019-11-25 23:48:00,2.023,2.0302,2.0212,2.0302,11763.3919
2019-11-25 23:47:00,2.0284,2.029,2.0214,2.0214,3851.6901
2019-11-25 23:46:00,2.0289,2.0308,2.0289,2.0292,7084.6287
2019-11-25 23:45:00,2.0273,2.0339,2.0254,2.0288,13949.931
2019-11-25 23:44:00,2.0256,2.0275,2.0237,2.0266,2243.0233
2019-11-25 23:43:00,2.025,2.0308,2.0225,2.0287,7746.9835
2019-11-25 23:42:00,2.0259,2.0306,2.0204,2.0253,8280.7769
2019-11-25 23:41:00,2.0156,2.03,2.0156,2.0243,57550.1331
2019-11-25 23:40:00,2.0107,2.02,2.0104,2.0157,8824.4646
2019-11-25 23:39:00,2.0105,2.0144,2.0093,2.0117,4276.1276
2019-11-25 23:38:00,2.0071,2.0142,2.0064,2.0064,8929.7268
2019-11-25 23:37:00,2.0072,2.01,2.002,2.0059,21858.3111
2019-11-25 23:36:00,2.01,2.01,2.0032,2.008,6960.3002
2019-11-25 23:35:00,2.002,2.0048,2.0018,2.0035,6937.0356
2019-11-25 23:34:00,2.0078,2.0078,2.0012,2.0027,3902.6224
2019-11-25 23:33:00,2.0062,2.0109,2.0055,2.0109,5820.3926
2019-11-25 23:32:00,2.0008,2.0075,2.0008,2.0061,1018.8283
2019-11-25 23:31:00,2.0006,2.0121,2.0005,2.0027,15035.7791
2019-11-25 23:30:00,2.0142,2.0173,2.002,2.002,23550.3429
2019-11-25 23:29:00,2.0121,2.0132,2.0083,2.0132,1859.4216
2019-11-25 23:28:00,2.0064,2.0133,2.005,2.0101,23656.8869
2019-11-25 23:27:00,1.9989,2.0056,1.9989,2.0047,29470.2038
2019-11-25 23:26:00,1.9961,1.9989,1.9961,1.9982,1892.6447
2019-11-25 23:25:00,1.9948,1.9963,1.9925,1.9956,5053.4631
2019-11-25 23:24:00,1.9901,1.9942,1.9859,1.9929,17023.2227
2019-11-25 23:23:00,1.9939,1.994,1.9858,1.9858,6768.9354
2019-11-25 23:22:00,1.9864,1.9957,1.986,1.9924,6477.2293
2019-11-25 23:21:00,1.9893,1.9911,1.9867,1.9905,4105.2161
2019-11-25 23:20:00,1.9943,1.9994,1.9871,1.9923,6382.4016
2019-11-25 23:19:00,1.9959,2.0012,1.9954,1.9972,2800.9848
2019-11-25 23:18:00,1.9953,1.9999,1.9899,1.9903,5965.4118
2019-11-25 23:17:00,1.9987,2.002,1.9944,1.9944,797.1482
2019-11-25 23:16:00,2.0051,2.0051,1.9905,1.9911,7674.7274
2019-11-25 23:15:00,2.0035,2.0056,2.0008,2.0056,5235.6065
2019-11-25 23:14:00,2.0056,2.0067,2.0008,2.0008,5548.0959
2019-11-25 23:13:00,2.0015,2.0065,1.9985,2.0065,6197.5603
2019-11-25 23:12:00,2.0038,2.0041,1.9914,2.0015,26819.4847
2019-11-25 23:11:00,1.9983,2.0037,1.9968,2.0007,12708.2933
2019-11-25 23:10:00,1.994,1.9997,1.994,1.9977,7185.0142
2019-11-25 23:09:00,1.9939,1.995,1.9931,1.9949,2963.8983
2019-11-25 23:08:00,1.9952,1.9952,1.99,1.995,7180.0213
2019-11-25 23:07:00,1.9969,2.0024,1.9923,1.9973,8330.5131
2019-11-25 23:06:00,2.0062,2.0085,1.9969,1.9969,63024.1329
2019-11-25 23:05:00,1.9997,2.004,1.9953,2.0033,14613.4819
2019-11-25 23:04:00,1.9964,2,1.9964,1.9999,16547.8081
2019-11-25 23:03:00,1.9962,1.9992,1.9956,1.9988,6367.7655
2019-11-25 23:02:00,1.9924,1.9968,1.99,1.993,28496.5179
2019-11-25 23:01:00,1.9799,1.9976,1.9799,1.9947,15000.2223
2019-11-25 23:00:00,1.9798,1.9799,1.9793,1.9797,5236.1362
2019-11-25 22:59:00,1.9764,1.9798,1.9764,1.9798,3161.6444
2019-11-25 22:58:00,1.979,1.979,1.9763,1.9764,7521.6239
2019-11-25 22:57:00,1.9757,1.9763,1.9726,1.9763,3612.1731
2019-11-25 22:56:00,1.98,1.98,1.9722,1.9722,4008.8423
2019-11-25 22:55:00,1.9777,1.98,1.9762,1.9799,5023.4495
2019-11-25 22:54:00,1.9773,1.9787,1.9762,1.9786,3984.9398
2019-11-25 22:53:00,1.9781,1.9788,1.9766,1.9787,9349.6944
2019-11-25 22:52:00,1.9793,1.98,1.9754,1.9775,13879.9638
2019-11-25 22:51:00,1.9881,1.9889,1.9752,1.9794,35728.7795
2019-11-25 22:50:00,1.9897,1.99,1.9847,1.99,10306.7416
2019-11-25 22:49:00,1.9905,1.9965,1.9893,1.99,18675.2888
2019-11-25 22:48:00,1.9926,1.9929,1.9911,1.9916,980.7004
2019-11-25 22:47:00,1.9937,1.9947,1.9904,1.9909,7730.7599
2019-11-25 22:46:00,1.9974,1.9974,1.9905,1.9905,12393.517
2019-11-25 22:45:00,1.9975,1.9979,1.9975,1.9976,138.659
2019-11-25 22:44:00,1.9987,1.9987,1.9974,1.9978,1833.3951
2019-11-25 22:43:00,1.9936,1.9989,1.9917,1.9989,20494.7034
2019-11-25 22:42:00,1.9955,1.9964,1.99,1.9939,7406.9096
2019-11-25 22:41:00,1.9966,1.9995,1.99,1.99,12698.3617
2019-11-25 22:40:00,2.0057,2.0071,1.9981,1.9981,18543.8769
2019-11-25 22:39:00,2.0037,2.0046,2.0001,2.0022,13784.8564
2019-11-25 22:38:00,1.9976,2.007,1.9974,2.0025,15925.7411
2019-11-25 22:37:00,1.9991,1.9999,1.9955,1.9999,4966.8534
2019-11-25 22:36:00,2.0004,2.0012,1.9969,1.9978,11958.9952
2019-11-25 22:35:00,2.002,2.0057,2.0005,2.0005,10154.2733
2019-11-25 22:34:00,2.0078,2.0084,1.9992,2.0028,7809.7529
2019-11-25 22:33:00,2.0075,2.0107,2.0062,2.0062,3694.3225
2019-11-25 22:32:00,2.0065,2.0087,2.0048,2.0048,4992.8462
2019-11-25 22:31:00,2.0065,2.0079,2.0047,2.0047,884.9779
2019-11-25 22:30:00,2.0029,2.0062,2.0005,2.0062,18465.8485
2019-11-25 22:29:00,2.0036,2.0038,2.0009,2.0009,46349.2214
2019-11-25 22:28:00,1.9999,2.0069,1.9976,2.0041,6270.0319
2019-11-25 22:27:00,2.0087,2.0087,2.0003,2.0021,4196.664
2019-11-25 22:26:00,2.0047,2.0101,2.0041,2.0086,10332.573
2019-11-25 22:25:00,2.0099,2.0107,2.0001,2.007,17345.2815
2019-11-25 22:24:00,2.007,2.0108,1.9984,2.0069,22161.3126
2019-11-25 22:23:00,2.0178,2.0224,2.0071,2.0107,3042.5979
2019-11-25 22:22:00,2.0159,2.0181,2.0149,2.0157,2945.1837
2019-11-25 22:21:00,2.0161,2.0196,2.01,2.0127,35226.7222
2019-11-25 22:20:00,2.0255,2.0255,2.0164,2.0164,3791.0296
2019-11-25 22:19:00,2.0351,2.0351,2.0225,2.0247,24659.4439
2019-11-25 22:18:00,2.03,2.0352,2.03,2.032,23903.2533
2019-11-25 22:17:00,2.0257,2.0368,2.0248,2.0323,22981.9271
2019-11-25 22:16:00,2.0226,2.0306,2.0213,2.0306,8706.4037
2019-11-25 22:15:00,2.0229,2.0236,2.0226,2.0226,1887.5467
2019-11-25 22:14:00,2.0225,2.0241,2.0208,2.0241,2854.0972
2019-11-25 22:13:00,2.0196,2.0241,2.0181,2.0208,40247.9613
2019-11-25 22:12:00,2.0203,2.0214,2.018,2.018,2236.2955
2019-11-25 22:11:00,2.02,2.0234,2.0199,2.0212,2491.8892
2019-11-25 22:10:00,2.0239,2.024,2.02,2.0218,2499.745
2019-11-25 22:09:00,2.0128,2.0238,2.0128,2.0238,30276.0388
2019-11-25 22:08:00,2.0083,2.0161,2.0083,2.0144,1944.782
2019-11-25 22:07:00,2.0069,2.0157,2.001,2.0116,21696.5354
2019-11-25 22:06:00,2.0001,2.0069,1.9961,2.0069,53036.7242
2019-11-25 22:05:00,2.0089,2.014,1.999,1.9997,58430.882
2019-11-25 22:04:00,2.0059,2.0126,2.0059,2.0105,12091.2044
2019-11-25 22:03:00,1.9962,2.006,1.9962,2.0037,62924.5585
2019-11-25 22:02:00,1.9889,1.9966,1.9889,1.996,6057.3419
2019-11-25 22:01:00,1.9876,1.991,1.9876,1.991,5748.1444
2019-11-25 22:00:00,1.9823,1.9876,1.9814,1.9876,2024.291
2019-11-25 21:59:00,1.98,1.9876,1.9782,1.9822,12372.832
2019-11-25 21:58:00,1.9826,1.9826,1.9782,1.982,7148.18
2019-11-25 21:57:00,1.982,1.9857,1.9791,1.9815,5838.7371
2019-11-25 21:56:00,1.9798,1.982,1.9783,1.982,10154.4813
2019-11-25 21:55:00,1.9772,1.9799,1.9753,1.9797,5734.5699
2019-11-25 21:54:00,1.9771,1.9796,1.9771,1.9772,2438.0408
2019-11-25 21:53:00,1.9765,1.9799,1.9757,1.9785,22467.9802
2019-11-25 21:52:00,1.976,1.9781,1.9753,1.9765,2285.5582
2019-11-25 21:51:00,1.9761,1.9774,1.974,1.9755,8409.2117
2019-11-25 21:50:00,1.9727,1.9786,1.972,1.9781,2340.2248
2019-11-25 21:49:00,1.9732,1.9782,1.9715,1.9757,2588.6305
2019-11-25 21:48:00,1.9799,1.9799,1.9683,1.9774,11803.8722
2019-11-25 21:47:00,1.987,1.9887,1.9678,1.9772,26332.1256
2019-11-25 21:46:00,1.9919,1.9963,1.9887,1.9887,10787.0176
2019-11-25 21:45:00,1.9954,1.9977,1.9925,1.9925,2426.8482
2019-11-25 21:44:00,1.9969,1.9977,1.9954,1.9977,18809.1712
2019-11-25 21:43:00,1.9989,2.0004,1.9957,1.9957,11144.8069
2019-11-25 21:42:00,1.9995,2.0005,1.9985,1.9996,7621.4816
2019-11-25 21:41:00,2.0006,2.0006,1.9964,1.9988,4665.913
2019-11-25 21:40:00,1.9985,2.0026,1.9985,2.0005,19096.2304
2019-11-25 21:39:00,2,2,1.9971,1.9993,2763.1646
2019-11-25 21:38:00,2.0047,2.006,2,2,12748.7457
2019-11-25 21:37:00,2.0046,2.0066,2.0026,2.0047,4594.5532
2019-11-25 21:36:00,2.0035,2.0081,2,2.0027,9853.2234
2019-11-25 21:35:00,2.0024,2.0065,2,2.0065,32118.4249
2019-11-25 21:34:00,2.012,2.012,2,2.0024,15906.9436
2019-11-25 21:33:00,2.0146,2.0146,2.0073,2.0122,12204.1949
2019-11-25 21:32:00,2.0173,2.0173,2.0081,2.0139,6743.7771
2019-11-25 21:31:00,2.0161,2.0197,2.0161,2.0185,5478.8846
2019-11-25 21:30:00,2.0206,2.0215,2.015,2.0181,1762.8229
2019-11-25 21:29:00,2.0222,2.0229,2.0183,2.0224,17036.8069
2019-11-25 21:28:00,2.0175,2.0189,2.011,2.0186,6888.5078
2019-11-25 21:27:00,2.0118,2.0203,2.0118,2.0152,5824.8361
2019-11-25 21:26:00,2.0217,2.0217,2.01,2.0159,11083.8624
2019-11-25 21:25:00,2.0229,2.0229,2.0171,2.0199,7551.8529
2019-11-25 21:24:00,2.022,2.0244,2.0193,2.0214,8897.6046
2019-11-25 21:23:00,2.025,2.0277,2.0193,2.0193,5456.6935
2019-11-25 21:22:00,2.032,2.032,2.0221,2.0246,13100.662
2019-11-25 21:21:00,2.0407,2.0407,2.0254,2.0299,31740.3091
2019-11-25 21:20:00,2.0392,2.0404,2.0326,2.04,30951.3841
2019-11-25 21:19:00,2.0393,2.0419,2.0389,2.0404,21618.3366
2019-11-25 21:18:00,2.0381,2.0408,2.037,2.0408,29285.0144
2019-11-25 21:17:00,2.0389,2.04,2.036,2.0399,12972.6647
2019-11-25 21:16:00,2.0386,2.0394,2.0349,2.0371,10119.9041
2019-11-25 21:15:00,2.0394,2.0408,2.036,2.0388,11762.2725
2019-11-25 21:14:00,2.0385,2.0403,2.036,2.0377,13752.4389
2019-11-25 21:13:00,2.0412,2.0415,2.036,2.0409,13705.3722
2019-11-25 21:12:00,2.042,2.046,2.036,2.0412,33183.2984
2019-11-25 21:11:00,2.0426,2.0475,2.036,2.042,33524.8591
2019-11-25 21:10:00,2.0374,2.0545,2.0344,2.0351,35382.2483
2019-11-25 21:09:00,2.0351,2.0415,2.031,2.0389,6758.1197
2019-11-25 21:08:00,2.0362,2.0362,2.0258,2.0299,4169.5219
2019-11-25 21:07:00,2.0237,2.033,2.0187,2.0272,23714.566
2019-11-25 21:06:00,2.0151,2.0284,2.0151,2.0224,6738.6241
2019-11-25 21:05:00,2.0201,2.021,2.0143,2.0156,18170.3871
2019-11-25 21:04:00,2.0279,2.03,2.0114,2.0174,11981.7157
2019-11-25 21:03:00,2.0322,2.0324,2.0244,2.032,29476.3824
2019-11-25 21:02:00,2.0223,2.0389,2.0172,2.0237,25835.9472
2019-11-25 21:01:00,2.0411,2.0413,2.0159,2.0267,43282.3072
2019-11-25 21:00:00,2.0359,2.0416,2.0316,2.0412,32549.8464
2019-11-25 20:59:00,2.0333,2.0357,2.0286,2.0286,14930.2085
2019-11-25 20:58:00,2.044,2.0445,2.03,2.0352,21593.2844
2019-11-25 20:57:00,2.0288,2.0449,2.025,2.0442,16163.1857
2019-11-25 20:56:00,2.0221,2.0315,2.0197,2.023,12834.2414
2019-11-25 20:55:00,2.015,2.0253,2.015,2.0243,18351.6544
2019-11-25 20:54:00,2.0141,2.0175,2.0101,2.0142,7217.0125
2019-11-25 20:53:00,2.0035,2.02,2.0034,2.015,30103.8804
2019-11-25 20:52:00,2.0218,2.0218,2.0012,2.0068,12645.0565
2019-11-25 20:51:00,1.9963,2.0285,1.9963,2.0186,30156.2656
2019-11-25 20:50:00,1.9925,2,1.9912,1.9946,25109.4033
2019-11-25 20:49:00,1.9901,1.9927,1.9894,1.9927,9632.1722
2019-11-25 20:48:00,1.9951,1.9958,1.9901,1.9901,4356.1124
2019-11-25 20:47:00,1.9963,1.9999,1.9911,1.9913,9544.4858
2019-11-25 20:46:00,1.991,1.9959,1.991,1.9959,9621.5079
2019-11-25 20:45:00,1.9899,1.9956,1.9872,1.9928,20310.9808
2019-11-25 20:44:00,1.9864,1.9946,1.9864,1.9909,18738.8243
2019-11-25 20:43:00,1.9838,1.9886,1.9799,1.9868,31975.0509
2019-11-25 20:42:00,2.019,2.019,1.9857,1.9868,77466.9517
2019-11-25 20:41:00,2.0285,2.0327,2.01,2.0192,24516.4087
2019-11-25 20:40:00,2.0349,2.04,2.0285,2.0324,36547.2965
2019-11-25 20:39:00,2.0381,2.0392,2.034,2.0348,5385.0091
2019-11-25 20:38:00,2.0389,2.0401,2.038,2.0385,9322.9647
2019-11-25 20:37:00,2.0396,2.0401,2.038,2.0398,6144.0039
2019-11-25 20:36:00,2.0418,2.0446,2.0378,2.042,21670.3168
2019-11-25 20:35:00,2.0275,2.0417,2.024,2.0417,18528.0357
2019-11-25 20:34:00,2.0313,2.0314,2.0219,2.0275,8592.1545
2019-11-25 20:33:00,2.0259,2.0391,2.025,2.0289,30116.1046
2019-11-25 20:32:00,2.0315,2.051,2.0195,2.0259,86718.6761
2019-11-25 20:31:00,2.0428,2.0428,2.015,2.0202,54578.0379
2019-11-25 20:30:00,2.0395,2.0644,2.03,2.03,58086.8092
2019-11-25 20:29:00,2.0418,2.0495,2.0092,2.0349,95200.2048
2019-11-25 20:28:00,2.0414,2.0543,2.0399,2.0456,28916.1463
2019-11-25 20:27:00,2.0051,2.045,2.0051,2.045,51862.2423
2019-11-25 20:26:00,2,2.0081,2,2.0077,12163.8783
2019-11-25 20:25:00,1.98,2,1.98,2,58575.3796
2019-11-25 20:24:00,1.9799,1.98,1.9799,1.98,28613.2691
2019-11-25 20:23:00,1.977,1.9799,1.977,1.9786,11578.2736
2019-11-25 20:22:00,1.98,1.98,1.9771,1.9772,4388.5301
2019-11-25 20:21:00,1.9862,1.9862,1.9779,1.98,12985.6764
2019-11-25 20:20:00,1.9879,1.9899,1.9859,1.9871,9096.7962
2019-11-25 20:19:00,1.9897,1.99,1.985,1.9861,24432.6072
2019-11-25 20:18:00,1.987,1.99,1.985,1.9897,16965.5796
2019-11-25 20:17:00,1.9897,1.99,1.9824,1.9863,39408.7421
2019-11-25 20:16:00,1.9978,1.9979,1.982,1.99,40507.9989
2019-11-25 20:15:00,1.9979,1.999,1.9978,1.9978,36988.1351
2019-11-25 20:14:00,1.9943,1.998,1.9896,1.9978,38060.7032
2019-11-25 20:13:00,1.989,1.9972,1.989,1.997,16960.4386
2019-11-25 20:12:00,1.9844,1.991,1.9803,1.991,14061.6503
2019-11-25 20:11:00,1.9735,1.9868,1.9708,1.9868,13702.7903
2019-11-25 20:10:00,1.96,1.9919,1.96,1.973,116526.5952
2019-11-25 20:09:00,1.9566,1.9632,1.9513,1.96,65622.0429
2019-11-25 20:08:00,1.9427,1.9567,1.9427,1.9561,26230.2821
2019-11-25 20:07:00,1.9322,1.95,1.9322,1.9453,9261.6339
2019-11-25 20:06:00,1.9293,1.9354,1.9293,1.9354,1911.5361
2019-11-25 20:05:00,1.9241,1.9348,1.9237,1.9348,23001.2135
2019-11-25 20:04:00,1.9251,1.9251,1.9218,1.9238,3110.2034
2019-11-25 20:03:00,1.9255,1.9255,1.9187,1.9246,5438.5146
2019-11-25 20:02:00,1.9187,1.9268,1.917,1.9268,27389.7749
2019-11-25 20:01:00,1.91,1.9214,1.91,1.9173,32637.2518
2019-11-25 20:00:00,1.9074,1.91,1.9057,1.9089,10111.9914
2019-11-25 19:59:00,1.9085,1.91,1.9048,1.91,3300.3145
2019-11-25 19:58:00,1.91,1.9123,1.9069,1.9069,2110.7227
2019-11-25 19:57:00,1.91,1.9126,1.9042,1.9086,17283.4178
2019-11-25 19:56:00,1.9023,1.91,1.9013,1.9072,9467.0001
2019-11-25 19:55:00,1.9142,1.9142,1.896,1.9006,30791.9008
2019-11-25 19:54:00,1.9137,1.9155,1.9113,1.9125,4279.1378
2019-11-25 19:53:00,1.9284,1.9288,1.9112,1.9132,14211.2984
2019-11-25 19:52:00,1.9273,1.9287,1.926,1.9283,13606.1696
2019-11-25 19:51:00,1.9296,1.9296,1.925,1.9283,11685.0782
2019-11-25 19:50:00,1.9314,1.9322,1.9272,1.928,3227.4635
2019-11-25 19:49:00,1.9302,1.9353,1.9275,1.9316,17900.8708
2019-11-25 19:48:00,1.9297,1.938,1.9297,1.9304,11463.5191
2019-11-25 19:47:00,1.9199,1.9296,1.918,1.9288,43576.9708
2019-11-25 19:46:00,1.9146,1.9207,1.9145,1.917,23902.7285
2019-11-25 19:45:00,1.9124,1.9152,1.9114,1.9145,7475.6656
2019-11-25 19:44:00,1.9118,1.9135,1.9107,1.9134,239.6281
2019-11-25 19:43:00,1.9127,1.9199,1.9107,1.9135,57427.4729
2019-11-25 19:42:00,1.9126,1.9141,1.9103,1.9123,6166.3783
2019-11-25 19:41:00,1.9114,1.9141,1.9109,1.912,1848.2602
2019-11-25 19:40:00,1.9037,1.9108,1.9025,1.91,9448.9284
2019-11-25 19:39:00,1.9011,1.9028,1.8999,1.9021,3526.8526
2019-11-25 19:38:00,1.8985,1.9011,1.8985,1.8996,7237.469
2019-11-25 19:37:00,1.9,1.9007,1.8986,1.8999,4702.8769
2019-11-25 19:36:00,1.8986,1.8999,1.8962,1.8986,11423.9944
2019-11-25 19:35:00,1.8976,1.8991,1.896,1.8987,13181.4767
2019-11-25 19:34:00,1.8993,1.9006,1.8984,1.8984,10909.8554
2019-11-25 19:33:00,1.8979,1.9007,1.8972,1.8974,16292.0477
2019-11-25 19:32:00,1.8959,1.8992,1.8958,1.8992,11904.226
2019-11-25 19:31:00,1.897,1.8974,1.8958,1.8969,17416.5325
2019-11-25 19:30:00,1.897,1.898,1.8959,1.8975,5482.6119
2019-11-25 19:29:00,1.8924,1.899,1.8924,1.8967,19062.7655
2019-11-25 19:28:00,1.8876,1.8917,1.8865,1.8917,5043.5054
2019-11-25 19:27:00,1.8865,1.8953,1.88,1.8855,25797.397
2019-11-25 19:26:00,1.8802,1.8866,1.8788,1.8843,24473.4107
2019-11-25 19:25:00,1.8721,1.8812,1.8721,1.8787,13870.6873
2019-11-25 19:24:00,1.8724,1.8785,1.869,1.8731,9151.7337
2019-11-25 19:23:00,1.878,1.8799,1.8687,1.8714,70411.4717
2019-11-25 19:22:00,1.878,1.8798,1.8762,1.8762,11309.9471
2019-11-25 19:21:00,1.8793,1.88,1.8783,1.879,6836.1514
2019-11-25 19:20:00,1.88,1.88,1.8771,1.88,13761.3981
2019-11-25 19:19:00,1.8783,1.883,1.877,1.8799,21654.2695
2019-11-25 19:18:00,1.9014,1.9014,1.8605,1.88,93300.9628
2019-11-25 19:17:00,1.9089,1.9089,1.8966,1.9005,27845.1453
2019-11-25 19:16:00,1.9163,1.917,1.9075,1.9075,13909.1309
2019-11-25 19:15:00,1.92,1.92,1.909,1.9171,11317.9188
2019-11-25 19:14:00,1.925,1.925,1.9199,1.92,10435.8723
2019-11-25 19:13:00,1.924,1.9255,1.92,1.925,47981.2582
2019-11-25 19:12:00,1.9295,1.9298,1.92,1.9226,16329.184
2019-11-25 19:11:00,1.9239,1.9282,1.92,1.9282,32905.3153
2019-11-25 19:10:00,1.9163,1.9244,1.9158,1.9216,5429.3536
2019-11-25 19:09:00,1.9279,1.9279,1.9108,1.9128,16968.3123
2019-11-25 19:08:00,1.91,1.9299,1.91,1.9262,23391.085
2019-11-25 19:07:00,1.9046,1.9131,1.9033,1.911,17594.9606
2019-11-25 19:06:00,1.9074,1.9129,1.905,1.9059,20514.5218
2019-11-25 19:05:00,1.9049,1.91,1.8942,1.9086,13766.3021
2019-11-25 19:04:00,1.9061,1.9107,1.9049,1.9051,47114.1127
2019-11-25 19:03:00,1.902,1.9104,1.9,1.9085,13810.8048
2019-11-25 19:02:00,1.91,1.9171,1.9,1.9025,44039.1406
2019-11-25 19:01:00,1.9366,1.94,1.901,1.9071,123705.4887
2019-11-25 19:00:00,1.9202,1.9387,1.92,1.9367,69841.6256
2019-11-25 18:59:00,1.92,1.93,1.92,1.9242,56466.4077
2019-11-25 18:58:00,1.8863,1.9211,1.8863,1.9211,64164.1893
2019-11-25 18:57:00,1.8799,1.8865,1.8702,1.8863,55192.1435
2019-11-25 18:56:00,1.8762,1.88,1.8721,1.8777,49770.3128
2019-11-25 18:55:00,1.8864,1.8865,1.8778,1.8799,5739.6823
2019-11-25 18:54:00,1.873,1.8865,1.873,1.8865,32130.5516
2019-11-25 18:53:00,1.8711,1.8769,1.8657,1.8751,29462.8514
2019-11-25 18:52:00,1.865,1.8744,1.856,1.8708,12012.5584
2019-11-25 18:51:00,1.8826,1.8826,1.859,1.8594,24063.407
2019-11-25 18:50:00,1.8611,1.8826,1.8611,1.8826,28811.9504
2019-11-25 18:49:00,1.8578,1.8659,1.8578,1.8659,118651.9868
2019-11-25 18:48:00,1.8568,1.86,1.8541,1.8579,14504.8962
2019-11-25 18:47:00,1.8453,1.8563,1.8453,1.8498,16460.511
2019-11-25 18:46:00,1.8464,1.85,1.841,1.8445,4114.0218
2019-11-25 18:45:00,1.8382,1.8443,1.8382,1.8443,13359.051
2019-11-25 18:44:00,1.8377,1.84,1.8377,1.84,11301.9768
2019-11-25 18:43:00,1.8366,1.8381,1.8366,1.8377,4941.5315
2019-11-25 18:42:00,1.8386,1.8386,1.836,1.8366,15928.6817
2019-11-25 18:41:00,1.8399,1.84,1.8367,1.8372,7576.4774
2019-11-25 18:40:00,1.84,1.84,1.837,1.8384,16695.3033
2019-11-25 18:39:00,1.8393,1.84,1.837,1.839,3796.217
2019-11-25 18:38:00,1.84,1.84,1.8385,1.8389,10133.7109
2019-11-25 18:37:00,1.8388,1.84,1.8382,1.84,8560.267
2019-11-25 18:36:00,1.8384,1.8399,1.8384,1.8387,5976.3937
2019-11-25 18:35:00,1.8386,1.8399,1.8374,1.8374,6748.3682
2019-11-25 18:34:00,1.8378,1.84,1.8376,1.8384,15276.0683
2019-11-25 18:33:00,1.8377,1.84,1.8361,1.84,10418.1928
2019-11-25 18:32:00,1.84,1.84,1.8383,1.8384,1773.0383
2019-11-25 18:31:00,1.8379,1.84,1.8374,1.84,11994.044
2019-11-25 18:30:00,1.838,1.8381,1.8347,1.8363,2187.7978
2019-11-25 18:29:00,1.8372,1.839,1.8369,1.838,13941.7092
2019-11-25 18:28:00,1.8381,1.839,1.8374,1.8381,2006.2796
2019-11-25 18:27:00,1.8382,1.839,1.8371,1.8381,12183.901
2019-11-25 18:26:00,1.8385,1.8388,1.8379,1.8388,5422.4324
2019-11-25 18:25:00,1.839,1.839,1.8383,1.8385,6544.629
2019-11-25 18:24:00,1.8385,1.839,1.8385,1.8385,2027.9353
2019-11-25 18:23:00,1.8381,1.839,1.8371,1.839,7489.5128
2019-11-25 18:22:00,1.8381,1.839,1.8381,1.8381,3141.7488
2019-11-25 18:21:00,1.8386,1.839,1.8379,1.8379,7415.924
2019-11-25 18:20:00,1.84,1.84,1.8386,1.839,9196.312
2019-11-25 18:19:00,1.84,1.84,1.838,1.8386,7183.25
2019-11-25 18:18:00,1.8384,1.8384,1.8363,1.8365,2270.7895
2019-11-25 18:17:00,1.8376,1.84,1.8366,1.8392,11712.0161
2019-11-25 18:16:00,1.8382,1.8399,1.8382,1.8399,4026.8332
2019-11-25 18:15:00,1.8381,1.84,1.8371,1.8384,2718.8861
2019-11-25 18:14:00,1.8398,1.84,1.8376,1.84,6012.155
2019-11-25 18:13:00,1.8387,1.8399,1.838,1.8383,4502.0541
2019-11-25 18:12:00,1.8386,1.8399,1.837,1.8386,3776.2128
2019-11-25 18:11:00,1.8356,1.8394,1.8353,1.8378,3398.1244
2019-11-25 18:10:00,1.8358,1.836,1.8349,1.8349,3217.7205
2019-11-25 18:09:00,1.8349,1.836,1.8346,1.8358,2401.433
2019-11-25 18:08:00,1.8329,1.8357,1.8323,1.8348,6358.045
2019-11-25 18:07:00,1.8304,1.8343,1.8304,1.834,12361.4407
2019-11-25 18:06:00,1.8306,1.8306,1.8301,1.8301,6657.9775
2019-11-25 18:05:00,1.8298,1.8306,1.8298,1.8303,6342.3756
2019-11-25 18:04:00,1.8283,1.83,1.8283,1.8298,684.8067
2019-11-25 18:03:00,1.8276,1.8278,1.823,1.8273,3198.6657
2019-11-25 18:02:00,1.8328,1.8343,1.8248,1.8248,7737.8455
2019-11-25 18:01:00,1.8343,1.8355,1.8319,1.8319,3098.5604
2019-11-25 18:00:00,1.8356,1.8378,1.8355,1.8355,11774.6561
2019-11-25 17:59:00,1.8294,1.8357,1.8294,1.8357,2387.9051
2019-11-25 17:58:00,1.8284,1.8313,1.8255,1.8305,2214.3606
2019-11-25 17:57:00,1.8273,1.8321,1.8258,1.8321,3467.5233
2019-11-25 17:56:00,1.8259,1.8328,1.8259,1.8285,21960.4443
2019-11-25 17:55:00,1.826,1.8272,1.8244,1.826,664.2811
2019-11-25 17:54:00,1.8276,1.8276,1.8242,1.8248,4759.1296
2019-11-25 17:53:00,1.8273,1.8273,1.8241,1.8247,10612.243
2019-11-25 17:52:00,1.8218,1.828,1.8218,1.8253,4287.7357
2019-11-25 17:51:00,1.823,1.8278,1.8174,1.8278,27416.1887
2019-11-25 17:50:00,1.828,1.8334,1.8213,1.8213,26491.7839
2019-11-25 17:49:00,1.8307,1.8332,1.8214,1.8286,24458.2936
2019-11-25 17:48:00,1.8296,1.8347,1.8296,1.8347,3695.1872
2019-11-25 17:47:00,1.8335,1.8366,1.826,1.832,7098.264
2019-11-25 17:46:00,1.8502,1.8527,1.8314,1.8372,25173.6223
2019-11-25 17:45:00,1.8463,1.85,1.8462,1.85,18871.4077
2019-11-25 17:44:00,1.8439,1.8499,1.8424,1.8495,28762.817
2019-11-25 17:43:00,1.8427,1.844,1.8408,1.844,3130.9424
2019-11-25 17:42:00,1.8393,1.844,1.8374,1.844,16608.3357
2019-11-25 17:41:00,1.8389,1.8398,1.8361,1.8392,771.456
2019-11-25 17:40:00,1.84,1.842,1.8396,1.8397,5544.6618
2019-11-25 17:39:00,1.839,1.8409,1.836,1.8379,8104.9332
2019-11-25 17:38:00,1.8373,1.8397,1.8353,1.837,11514.7561
2019-11-25 17:37:00,1.8333,1.8369,1.8333,1.8369,5409.437
2019-11-25 17:36:00,1.835,1.835,1.8293,1.834,33321.4778
2019-11-25 17:35:00,1.8272,1.835,1.8272,1.8329,29450.0785
2019-11-25 17:34:00,1.8263,1.8275,1.8258,1.8263,2791.1264
2019-11-25 17:33:00,1.8258,1.8285,1.8236,1.8266,10472.9989
2019-11-25 17:32:00,1.8237,1.8255,1.8185,1.823,4293.7627
2019-11-25 17:31:00,1.8209,1.8281,1.8201,1.8253,16179.2744
2019-11-25 17:30:00,1.8168,1.818,1.8142,1.818,11783.4813
2019-11-25 17:29:00,1.8199,1.82,1.8138,1.8149,12596.6163
2019-11-25 17:28:00,1.8214,1.8217,1.8188,1.8214,6524.3344
2019-11-25 17:27:00,1.8235,1.8249,1.8203,1.8206,5502.6376
2019-11-25 17:26:00,1.8212,1.8244,1.8212,1.8235,13292.5713
2019-11-25 17:25:00,1.8144,1.8235,1.8139,1.8217,5976.4657
2019-11-25 17:24:00,1.8157,1.822,1.8125,1.8138,5720.8558
2019-11-25 17:23:00,1.8206,1.8209,1.8148,1.8154,9569.1732
2019-11-25 17:22:00,1.826,1.8279,1.8158,1.8158,15364.512
2019-11-25 17:21:00,1.8307,1.833,1.8266,1.8267,10680.9173
2019-11-25 17:20:00,1.8286,1.8313,1.8279,1.8307,7562.376
2019-11-25 17:19:00,1.8283,1.829,1.8258,1.8258,7908.4288
2019-11-25 17:18:00,1.8335,1.8335,1.8275,1.8289,5147.4317
2019-11-25 17:17:00,1.8298,1.834,1.8289,1.8313,3564.2185
2019-11-25 17:16:00,1.8293,1.8343,1.8263,1.8343,2692.1976
2019-11-25 17:15:00,1.825,1.829,1.824,1.829,5254.6566
2019-11-25 17:14:00,1.823,1.825,1.823,1.8241,3403.2505
2019-11-25 17:13:00,1.8234,1.825,1.8223,1.8229,2771.9412
2019-11-25 17:12:00,1.8234,1.8249,1.8231,1.8233,1172.9592
2019-11-25 17:11:00,1.8214,1.8249,1.8213,1.8249,11189.9233
2019-11-25 17:10:00,1.8285,1.8293,1.8214,1.8217,34866.1865
2019-11-25 17:09:00,1.8305,1.8313,1.8275,1.8289,3983.1849
2019-11-25 17:08:00,1.823,1.835,1.8229,1.83,54456.1624
2019-11-25 17:07:00,1.8256,1.8256,1.82,1.8234,5598.7617
2019-11-25 17:06:00,1.8265,1.8267,1.8252,1.826,9497.8304
2019-11-25 17:05:00,1.8258,1.8271,1.8241,1.8268,1551.3338
2019-11-25 17:04:00,1.8254,1.8316,1.8217,1.8237,24842.6055
2019-11-25 17:03:00,1.8244,1.8304,1.8241,1.8303,7084.8379
2019-11-25 17:02:00,1.8271,1.8271,1.8237,1.8246,6708.4213
2019-11-25 17:01:00,1.824,1.8284,1.824,1.8265,16641.1406
2019-11-25 17:00:00,1.8179,1.825,1.8169,1.825,7234.6818
2019-11-25 16:59:00,1.8182,1.8191,1.8169,1.8179,7134.0987
2019-11-25 16:58:00,1.8178,1.819,1.8163,1.8183,5636.1371
2019-11-25 16:57:00,1.8179,1.8193,1.8164,1.8177,5645.9081
2019-11-25 16:56:00,1.815,1.8196,1.815,1.8164,12626.1377
2019-11-25 16:55:00,1.8102,1.8147,1.8085,1.8147,5726.4148
2019-11-25 16:54:00,1.8057,1.8126,1.8053,1.8126,10726.7938
2019-11-25 16:53:00,1.799,1.808,1.799,1.808,19131.4622
2019-11-25 16:52:00,1.7973,1.799,1.7969,1.7981,6565.9345
2019-11-25 16:51:00,1.7976,1.799,1.797,1.799,2571.6896
2019-11-25 16:50:00,1.7973,1.7989,1.7969,1.7989,5070.6583
2019-11-25 16:49:00,1.7963,1.798,1.7957,1.7964,11732.4693
2019-11-25 16:48:00,1.7967,1.798,1.7956,1.798,3442.143
2019-11-25 16:47:00,1.7955,1.798,1.795,1.798,5470.6671
2019-11-25 16:46:00,1.796,1.796,1.7954,1.796,12622.1294
2019-11-25 16:45:00,1.7955,1.796,1.7954,1.796,7790.3161
2019-11-25 16:44:00,1.7953,1.796,1.7928,1.796,5005.7439
2019-11-25 16:43:00,1.7959,1.796,1.795,1.796,5591.9111
2019-11-25 16:42:00,1.796,1.796,1.7951,1.7954,12453.809
2019-11-25 16:41:00,1.7959,1.7959,1.7959,1.7959,1217.414
2019-11-25 16:40:00,1.7921,1.7959,1.792,1.7959,10971.4887
2019-11-25 16:39:00,1.7927,1.7927,1.7917,1.7927,3035.6474
2019-11-25 16:38:00,1.7906,1.7927,1.7898,1.7927,2054.2747
2019-11-25 16:37:00,1.7927,1.7952,1.7891,1.7907,7807.8834
2019-11-25 16:36:00,1.7925,1.7943,1.7894,1.7924,2071.2723
2019-11-25 16:35:00,1.7915,1.7947,1.7915,1.793,2698.3098
2019-11-25 16:34:00,1.7951,1.7951,1.7906,1.7906,6913.0351
2019-11-25 16:33:00,1.7958,1.7958,1.789,1.7933,1566.5496
2019-11-25 16:32:00,1.7876,1.7973,1.7876,1.7958,7399.834
2019-11-25 16:31:00,1.7972,1.7983,1.7904,1.7916,6407.2294
2019-11-25 16:30:00,1.7984,1.7985,1.7954,1.7983,24481.9948
2019-11-25 16:29:00,1.7998,1.7998,1.7953,1.7953,1809.1628
2019-11-25 16:28:00,1.7998,1.7998,1.7981,1.7998,2887.8073
2019-11-25 16:27:00,1.7983,1.7998,1.7971,1.7993,4331.1195
2019-11-25 16:26:00,1.7999,1.8,1.7985,1.7985,6048.386
2019-11-25 16:25:00,1.7989,1.8,1.7968,1.7984,3013.1572
2019-11-25 16:24:00,1.7999,1.8,1.7974,1.7992,5363.6807
2019-11-25 16:23:00,1.8041,1.8056,1.7995,1.7995,26409.6921
2019-11-25 16:22:00,1.8079,1.8085,1.803,1.8059,17790.6871
2019-11-25 16:21:00,1.8067,1.8091,1.8067,1.8079,5370.5347
2019-11-25 16:20:00,1.8096,1.8105,1.8063,1.8063,22445.3038
2019-11-25 16:19:00,1.8087,1.8118,1.8075,1.8091,4536.6726
2019-11-25 16:18:00,1.8102,1.8127,1.8095,1.8101,1845.8076
2019-11-25 16:17:00,1.8089,1.8128,1.8089,1.8097,2349.7307
2019-11-25 16:16:00,1.8135,1.8151,1.8114,1.8131,1750.5946
2019-11-25 16:15:00,1.8129,1.816,1.8116,1.8139,2266.4643
2019-11-25 16:14:00,1.8129,1.82,1.8129,1.8134,28982.4869
2019-11-25 16:13:00,1.8127,1.813,1.8063,1.8099,5991.9313
2019-11-25 16:12:00,1.8097,1.813,1.8062,1.8095,9976.4506
2019-11-25 16:11:00,1.8086,1.8107,1.8024,1.8085,7885.9149
2019-11-25 16:10:00,1.8069,1.8112,1.8052,1.8079,17089.7431
2019-11-25 16:09:00,1.8108,1.813,1.8037,1.8069,20955.3202
2019-11-25 16:08:00,1.813,1.8152,1.8102,1.8152,17498.6415
2019-11-25 16:07:00,1.8118,1.8125,1.8114,1.8124,1630.1134
2019-11-25 16:06:00,1.8099,1.8131,1.8099,1.8128,17304.0826
2019-11-25 16:05:00,1.8116,1.8116,1.8095,1.8099,10283.2039
2019-11-25 16:04:00,1.813,1.8162,1.81,1.8108,9355.2549
2019-11-25 16:03:00,1.81,1.8128,1.8097,1.8128,13271.7656
2019-11-25 16:02:00,1.8095,1.81,1.8077,1.8096,8816.7347
2019-11-25 16:01:00,1.8061,1.8085,1.8043,1.8085,9376.459
2019-11-25 16:00:00,1.8045,1.8063,1.8005,1.8047,2475.7471
2019-11-25 15:59:00,1.8042,1.8079,1.8029,1.8042,1551.9639
2019-11-25 15:58:00,1.8042,1.8045,1.8002,1.8043,1660.9957
2019-11-25 15:57:00,1.8019,1.8062,1.8008,1.8042,24784.054
2019-11-25 15:56:00,1.799,1.8028,1.7981,1.8019,7761.1598
2019-11-25 15:55:00,1.7971,1.799,1.7959,1.7977,4627.3552
2019-11-25 15:54:00,1.7969,1.799,1.7952,1.799,5164.7005
2019-11-25 15:53:00,1.7978,1.7989,1.7955,1.7969,10313.6039
2019-11-25 15:52:00,1.7965,1.799,1.793,1.798,19126.1384
2019-11-25 15:51:00,1.795,1.7986,1.7937,1.7986,4829.8768
2019-11-25 15:50:00,1.795,1.797,1.7937,1.7968,18538.4451
2019-11-25 15:49:00,1.7964,1.799,1.7941,1.7967,6849.9665
2019-11-25 15:48:00,1.7952,1.799,1.7945,1.796,4742.5535
2019-11-25 15:47:00,1.793,1.7983,1.7913,1.795,11708.6598
2019-11-25 15:46:00,1.7819,1.7986,1.7808,1.7896,15171.448
2019-11-25 15:45:00,1.7793,1.782,1.7787,1.7819,12848.5696
2019-11-25 15:44:00,1.7793,1.7795,1.7782,1.7792,5805.0969
2019-11-25 15:43:00,1.78,1.78,1.7786,1.7793,3802.1591
2019-11-25 15:42:00,1.7789,1.78,1.778,1.78,12345.4581
2019-11-25 15:41:00,1.7807,1.7807,1.7779,1.7782,16933.0624
2019-11-25 15:40:00,1.7825,1.7841,1.7807,1.7807,5038.8764
2019-11-25 15:39:00,1.7866,1.7866,1.7833,1.7833,1550.6537
2019-11-25 15:38:00,1.7878,1.7879,1.785,1.785,3106.4215
2019-11-25 15:37:00,1.7879,1.7879,1.7867,1.7876,2901.8131
2019-11-25 15:36:00,1.787,1.7884,1.785,1.7876,2378.0063
2019-11-25 15:35:00,1.7862,1.79,1.784,1.7899,12709.5866
2019-11-25 15:34:00,1.7926,1.7929,1.7872,1.7872,12841.3698
2019-11-25 15:33:00,1.7916,1.7947,1.791,1.7946,8276.2798
2019-11-25 15:32:00,1.7919,1.7923,1.7883,1.7913,10099.8877
2019-11-25 15:31:00,1.7925,1.7925,1.783,1.7876,11966.9559
2019-11-25 15:30:00,1.789,1.7925,1.7856,1.7899,3316.2325
2019-11-25 15:29:00,1.7978,1.7997,1.7859,1.7874,40257.275
2019-11-25 15:28:00,1.7991,1.8,1.7952,1.7954,4540.5012
2019-11-25 15:27:00,1.8023,1.8044,1.7991,1.7998,27195.0361
2019-11-25 15:26:00,1.806,1.813,1.8033,1.805,3882.0158
2019-11-25 15:25:00,1.8121,1.8143,1.8015,1.8038,14436.2737
2019-11-25 15:24:00,1.81,1.8144,1.8092,1.8144,2316.7079
2019-11-25 15:23:00,1.8083,1.8113,1.8083,1.8105,8811.412
2019-11-25 15:22:00,1.8048,1.808,1.8038,1.808,14582.9442
2019-11-25 15:21:00,1.8016,1.8063,1.8015,1.8063,4992.0569
2019-11-25 15:20:00,1.7958,1.8034,1.7958,1.8031,13006.2764
2019-11-25 15:19:00,1.7939,1.8,1.7932,1.7971,9647.0933
2019-11-25 15:18:00,1.7928,1.7947,1.7912,1.7933,2996.6857
2019-11-25 15:17:00,1.7934,1.7946,1.7917,1.7946,1458.1723
2019-11-25 15:16:00,1.7942,1.7942,1.7918,1.7938,8013.167
2019-11-25 15:15:00,1.7837,1.7939,1.7837,1.7921,40502.4012
2019-11-25 15:14:00,1.7919,1.7926,1.7804,1.7838,15277.0821
2019-11-25 15:13:00,1.7939,1.7939,1.7921,1.7921,4249.0346
2019-11-25 15:12:00,1.7891,1.7999,1.7891,1.7919,29734.4118
2019-11-25 15:11:00,1.7864,1.79,1.7864,1.79,2686.2399
2019-11-25 15:10:00,1.7879,1.79,1.7822,1.7879,21965.3588
2019-11-25 15:09:00,1.7849,1.7879,1.7826,1.7852,12917.8482
2019-11-25 15:08:00,1.7787,1.788,1.7787,1.7871,9867.2909
2019-11-25 15:07:00,1.7778,1.7794,1.7776,1.7794,4098.2015
2019-11-25 15:06:00,1.7762,1.7795,1.7731,1.7795,7453.9548
2019-11-25 15:05:00,1.781,1.7878,1.776,1.776,15625.8108
2019-11-25 15:04:00,1.7811,1.7816,1.7806,1.7811,1982.0475
2019-11-25 15:03:00,1.7772,1.7811,1.7772,1.7804,4874.052
2019-11-25 15:02:00,1.7725,1.7799,1.7725,1.7765,17437.2875
2019-11-25 15:01:00,1.7708,1.7724,1.7708,1.7724,10096.0654
2019-11-25 15:00:00,1.7709,1.771,1.7703,1.771,14049.5804
2019-11-25 14:59:00,1.7718,1.7726,1.7705,1.7705,5535.1785
2019-11-25 14:58:00,1.7684,1.775,1.7684,1.7732,17558.0599
2019-11-25 14:57:00,1.7648,1.77,1.7639,1.77,19251.889
2019-11-25 14:56:00,1.7704,1.771,1.7634,1.766,48999.7872
2019-11-25 14:55:00,1.7751,1.7765,1.772,1.772,43262.723
2019-11-25 14:54:00,1.7725,1.7752,1.771,1.7751,13602.0192
2019-11-25 14:53:00,1.7685,1.7771,1.7685,1.7728,29623.1463
2019-11-25 14:52:00,1.7681,1.7702,1.767,1.7683,6763.7926
2019-11-25 14:51:00,1.7729,1.7767,1.7662,1.7677,19824.5047
2019-11-25 14:50:00,1.7679,1.7773,1.7671,1.7767,42453.4539
2019-11-25 14:49:00,1.7629,1.768,1.7629,1.768,15778.4465
2019-11-25 14:48:00,1.764,1.7661,1.7631,1.7648,5687.979
2019-11-25 14:47:00,1.7566,1.767,1.7563,1.7639,26803.5763
2019-11-25 14:46:00,1.7522,1.7612,1.7516,1.7543,151776.723
2019-11-25 14:45:00,1.7519,1.7522,1.75,1.7522,13829.0461
2019-11-25 14:44:00,1.7519,1.7522,1.7517,1.7522,1429.5606
2019-11-25 14:43:00,1.7511,1.7522,1.7506,1.7516,15830.8032
2019-11-25 14:42:00,1.7505,1.7521,1.7495,1.7521,22115.5798
2019-11-25 14:41:00,1.7478,1.7521,1.7478,1.7521,6825.9174
2019-11-25 14:40:00,1.7477,1.7483,1.7475,1.7478,7490.0425
2019-11-25 14:39:00,1.7493,1.7493,1.7478,1.7478,2959.5979
2019-11-25 14:38:00,1.7482,1.7493,1.7479,1.7493,18597.4206
2019-11-25 14:37:00,1.7459,1.7521,1.7442,1.7493,5857.2691
2019-11-25 14:36:00,1.749,1.75,1.7435,1.7447,21533.8267
2019-11-25 14:35:00,1.7495,1.7501,1.7463,1.748,16580.2411
2019-11-25 14:34:00,1.7506,1.7522,1.7483,1.7501,16163.6144
2019-11-25 14:33:00,1.7494,1.7522,1.747,1.7483,18821.4253
2019-11-25 14:32:00,1.7477,1.7494,1.7474,1.7494,32703.4033
2019-11-25 14:31:00,1.7463,1.7491,1.7455,1.7472,8135.4279
2019-11-25 14:30:00,1.7496,1.7496,1.7452,1.747,10414.307
2019-11-25 14:29:00,1.7487,1.7513,1.7481,1.7494,10432.418
2019-11-25 14:28:00,1.7497,1.7521,1.7477,1.7501,1708.8182
2019-11-25 14:27:00,1.7505,1.752,1.7497,1.7497,6266.0964
2019-11-25 14:26:00,1.7459,1.752,1.7424,1.7512,19826.3198
2019-11-25 14:25:00,1.75,1.7519,1.7449,1.7473,4115.7087
2019-11-25 14:24:00,1.7471,1.7511,1.7471,1.748,5231.9808
2019-11-25 14:23:00,1.7489,1.7514,1.746,1.749,8120.1197
2019-11-25 14:22:00,1.7585,1.7587,1.7422,1.7548,15284.9689
2019-11-25 14:21:00,1.7578,1.7598,1.7568,1.7576,9116.9313
2019-11-25 14:20:00,1.7558,1.7586,1.7529,1.7577,4485.7375
2019-11-25 14:19:00,1.7658,1.7678,1.75,1.7598,34948.8754
2019-11-25 14:18:00,1.7633,1.7667,1.763,1.7656,15523.6168
2019-11-25 14:17:00,1.7638,1.7638,1.761,1.7632,11574.4441
2019-11-25 14:16:00,1.754,1.7639,1.7533,1.7638,26320.4663
2019-11-25 14:15:00,1.7523,1.7546,1.7522,1.7528,15531.5447
2019-11-25 14:14:00,1.7531,1.7531,1.7511,1.7518,10865.0842
2019-11-25 14:13:00,1.7516,1.7549,1.7516,1.7524,3755.2826
2019-11-25 14:12:00,1.7509,1.755,1.75,1.7532,6764.9393
2019-11-25 14:11:00,1.7546,1.755,1.75,1.7523,5453.1256
2019-11-25 14:10:00,1.753,1.7546,1.7502,1.751,11430.2
2019-11-25 14:09:00,1.7577,1.7588,1.7515,1.7525,10408.4994
2019-11-25 14:08:00,1.7673,1.7677,1.751,1.7577,47105.1715
2019-11-25 14:07:00,1.7562,1.7699,1.756,1.7577,21371.9462
2019-11-25 14:06:00,1.7456,1.7562,1.7422,1.7562,72437.2897
2019-11-25 14:05:00,1.7399,1.7463,1.7399,1.7463,30827.3149
2019-11-25 14:04:00,1.7368,1.7422,1.734,1.7386,9812.4669
2019-11-25 14:03:00,1.7339,1.739,1.7331,1.7378,40184.4242
2019-11-25 14:02:00,1.7155,1.7361,1.7155,1.7361,58741.6762
2019-11-25 14:01:00,1.7154,1.7155,1.7042,1.7155,57122.7221
2019-11-25 14:00:00,1.7232,1.7254,1.7018,1.7112,288072.0013
2019-11-25 13:59:00,1.744,1.7499,1.7101,1.7236,147831.198
2019-11-25 13:58:00,1.7533,1.7543,1.7164,1.7415,167952.2454
2019-11-25 13:57:00,1.7544,1.7544,1.7511,1.754,22877.9201
2019-11-25 13:56:00,1.764,1.7667,1.7511,1.7556,48741.6496
2019-11-25 13:55:00,1.774,1.775,1.76,1.76,33106.7722
2019-11-25 13:54:00,1.7756,1.7756,1.7734,1.7736,6652.045
2019-11-25 13:53:00,1.7794,1.7795,1.775,1.7758,9977.8098
2019-11-25 13:52:00,1.7798,1.7798,1.7759,1.7778,3030.5304
2019-11-25 13:51:00,1.7777,1.7799,1.7751,1.7782,12446.867
2019-11-25 13:50:00,1.7861,1.7893,1.7759,1.7794,30278.3033
2019-11-25 13:49:00,1.7911,1.7952,1.7812,1.789,19333.7862
2019-11-25 13:48:00,1.7785,1.8,1.7785,1.7952,35604.0319
2019-11-25 13:47:00,1.7763,1.78,1.776,1.78,36901.8496
2019-11-25 13:46:00,1.7763,1.777,1.7756,1.7769,6585.8493
2019-11-25 13:45:00,1.777,1.777,1.7756,1.7769,15675.3844
2019-11-25 13:44:00,1.7754,1.78,1.7754,1.777,18801.9169
2019-11-25 13:43:00,1.7756,1.777,1.7749,1.7749,6673.4009
2019-11-25 13:42:00,1.7749,1.7764,1.774,1.7749,9945.2573
2019-11-25 13:41:00,1.776,1.7799,1.7734,1.7763,18123.8891
2019-11-25 13:40:00,1.7844,1.7894,1.7733,1.7787,33698.0624
2019-11-25 13:39:00,1.7772,1.7894,1.7772,1.7894,86831.8647
2019-11-25 13:38:00,1.7798,1.7799,1.7767,1.7799,10094.6958
2019-11-25 13:37:00,1.7771,1.7798,1.775,1.7798,21785.8547
2019-11-25 13:36:00,1.7734,1.78,1.77,1.7769,25827.6704
2019-11-25 13:35:00,1.7834,1.7838,1.7718,1.7754,16580.3706
2019-11-25 13:34:00,1.7915,1.7921,1.7828,1.7838,5089.3496
2019-11-25 13:33:00,1.7919,1.7936,1.785,1.7887,36361.5007
2019-11-25 13:32:00,1.7963,1.7999,1.79,1.7915,11761.1339
2019-11-25 13:31:00,1.7976,1.7999,1.7898,1.7964,17878.2462
2019-11-25 13:30:00,1.8073,1.8075,1.7975,1.8,398601.6727
2019-11-25 13:29:00,1.81,1.81,1.8073,1.8075,17753.8387
2019-11-25 13:28:00,1.8129,1.8172,1.8034,1.8116,29675.5474
2019-11-25 13:27:00,1.8174,1.8198,1.8034,1.8151,14800.1093
2019-11-25 13:26:00,1.8199,1.82,1.8165,1.8165,6325.0535
2019-11-25 13:25:00,1.8199,1.82,1.8177,1.82,33865.8996
2019-11-25 13:24:00,1.8129,1.824,1.8071,1.8172,14631.6701
2019-11-25 13:23:00,1.8175,1.8226,1.8066,1.8121,24086.4914
2019-11-25 13:22:00,1.8172,1.8242,1.8146,1.8237,30497.0764
2019-11-25 13:21:00,1.8259,1.8285,1.8162,1.8162,15762.0748
2019-11-25 13:20:00,1.8202,1.83,1.8177,1.82,15032.7015
2019-11-25 13:19:00,1.83,1.83,1.8201,1.822,6900.2295
2019-11-25 13:18:00,1.8342,1.8343,1.8246,1.8316,24578.0465
2019-11-25 13:17:00,1.8187,1.8405,1.8154,1.8352,97645.3172
2019-11-25 13:16:00,1.823,1.823,1.8145,1.8199,10517.7369
2019-11-25 13:15:00,1.82,1.8253,1.8108,1.8213,19209.8423
2019-11-25 13:14:00,1.8287,1.83,1.8091,1.82,163343.1997
2019-11-25 13:13:00,1.8334,1.841,1.8288,1.8288,15414.3444
2019-11-25 13:12:00,1.8336,1.8503,1.81,1.8455,70563.7393
2019-11-25 13:11:00,1.8237,1.8364,1.8178,1.8312,42702.6084
2019-11-25 13:10:00,1.8337,1.8361,1.8142,1.8249,67143.3006
2019-11-25 13:09:00,1.8445,1.8445,1.8357,1.8357,6442.0365
2019-11-25 13:08:00,1.8427,1.849,1.8427,1.8457,5555.8359
2019-11-25 13:07:00,1.8436,1.8468,1.8409,1.8446,1857.0301
2019-11-25 13:06:00,1.8466,1.8497,1.84,1.8446,3051.7444
2019-11-25 13:05:00,1.8454,1.85,1.841,1.8464,4966.568
2019-11-25 13:04:00,1.8541,1.8541,1.84,1.8449,20030.4444
2019-11-25 13:03:00,1.8548,1.8552,1.8511,1.8519,2517.0876
2019-11-25 13:02:00,1.8533,1.8563,1.8511,1.8533,2819.3965
2019-11-25 13:01:00,1.8541,1.8569,1.851,1.8511,15898.139
2019-11-25 13:00:00,1.8553,1.857,1.8542,1.8555,7058.1005
2019-11-25 12:59:00,1.8563,1.8576,1.854,1.8544,9742.6004
2019-11-25 12:58:00,1.8629,1.863,1.8539,1.8542,8199.4167
2019-11-25 12:57:00,1.8648,1.8665,1.862,1.862,9400.4835
2019-11-25 12:56:00,1.8653,1.8668,1.8624,1.8647,5777.2051
2019-11-25 12:55:00,1.8643,1.8675,1.8621,1.8651,25029.0632
2019-11-25 12:54:00,1.8642,1.8659,1.86,1.86,12915.9408
2019-11-25 12:53:00,1.8618,1.8663,1.8608,1.8663,3254.7256
2019-11-25 12:52:00,1.8619,1.864,1.8579,1.8579,4940.1622
2019-11-25 12:51:00,1.8595,1.864,1.8575,1.8627,16650.1048
2019-11-25 12:50:00,1.8629,1.8629,1.8504,1.8584,1493.051
2019-11-25 12:49:00,1.8619,1.8666,1.857,1.8625,2013.5365
2019-11-25 12:48:00,1.8663,1.8663,1.8625,1.8635,1265.4141
2019-11-25 12:47:00,1.8663,1.8675,1.8663,1.8663,626.1218
2019-11-25 12:46:00,1.8662,1.8675,1.8662,1.8663,1106.1208
2019-11-25 12:45:00,1.8663,1.8675,1.8657,1.8663,10755.5863
2019-11-25 12:44:00,1.8711,1.8716,1.8675,1.8675,14775.8893
2019-11-25 12:43:00,1.8699,1.8722,1.8699,1.8717,7973.1658
2019-11-25 12:42:00,1.8657,1.87,1.8657,1.87,5002.9891
2019-11-25 12:41:00,1.8634,1.8646,1.8631,1.8646,24988.0027
2019-11-25 12:40:00,1.8621,1.8635,1.8519,1.8635,13451.2338
2019-11-25 12:39:00,1.8616,1.8635,1.8598,1.8635,3357.0198
2019-11-25 12:38:00,1.8633,1.8634,1.8615,1.8617,1531.6582
2019-11-25 12:37:00,1.8632,1.8634,1.8594,1.8634,1632.5779
2019-11-25 12:36:00,1.8622,1.8635,1.8622,1.8632,8195.0106
2019-11-25 12:35:00,1.8619,1.8635,1.8615,1.8635,12482.2526
2019-11-25 12:34:00,1.8627,1.8635,1.8614,1.8635,2289.2364
2019-11-25 12:33:00,1.8592,1.8618,1.8592,1.8618,3020.2305
2019-11-25 12:32:00,1.8599,1.8601,1.8581,1.8601,188.6092
2019-11-25 12:31:00,1.8591,1.86,1.8531,1.8581,14564.398
2019-11-25 12:30:00,1.86,1.8602,1.858,1.8587,2020.162
2019-11-25 12:29:00,1.8628,1.8628,1.8598,1.8598,1527.5042
2019-11-25 12:28:00,1.8626,1.865,1.8595,1.8612,790.6489
2019-11-25 12:27:00,1.844,1.8627,1.839,1.8626,8365.0553
2019-11-25 12:26:00,1.8464,1.85,1.835,1.85,11745.4063
2019-11-25 12:25:00,1.8464,1.8464,1.8464,1.8464,0
2019-11-25 12:24:00,1.8464,1.8465,1.8464,1.8464,9974.757
2019-11-25 12:23:00,1.8462,1.8478,1.8462,1.8464,873.9549
2019-11-25 12:22:00,1.8302,1.8302,1.8302,1.8302,0
2019-11-25 12:21:00,1.8357,1.8357,1.8302,1.8302,114.9794
2019-11-25 12:20:00,1.8351,1.8479,1.83,1.8479,8222.5102
2019-11-25 12:19:00,1.8357,1.8357,1.8351,1.8351,45.912
2019-11-25 12:18:00,1.8282,1.8337,1.8265,1.8337,399.6889
2019-11-25 12:17:00,1.8285,1.835,1.8265,1.835,4550.2523
2019-11-25 12:16:00,1.8265,1.827,1.8201,1.827,1178.7015
2019-11-25 12:15:00,1.8201,1.8265,1.8201,1.8265,13924.3842
2019-11-25 12:14:00,1.8319,1.8337,1.8111,1.82,7571.0455
2019-11-25 12:13:00,1.82,1.8285,1.8176,1.8285,7790.522
2019-11-25 12:12:00,1.8337,1.835,1.8199,1.8255,14048.1439
2019-11-25 12:11:00,1.8396,1.8396,1.833,1.8337,3969.1459
2019-11-25 12:10:00,1.8434,1.8455,1.8397,1.8397,3844.9473
2019-11-25 12:09:00,1.8463,1.8477,1.845,1.8456,377.1244
2019-11-25 12:08:00,1.8459,1.8473,1.8459,1.846,820.8841
2019-11-25 12:07:00,1.847,1.847,1.8427,1.8467,7758.4478
2019-11-25 12:06:00,1.8477,1.8479,1.8465,1.8472,5289.6365
2019-11-25 12:05:00,1.8501,1.8537,1.8464,1.847,6908.5861
2019-11-25 12:04:00,1.8461,1.8536,1.8427,1.8509,10179.4836
2019-11-25 12:03:00,1.8481,1.8481,1.839,1.8466,12315.4997
2019-11-25 12:02:00,1.8486,1.8529,1.8271,1.8496,65836.268
2019-11-25 12:01:00,1.8535,1.8535,1.8464,1.8508,9049.9852
2019-11-25 12:00:00,1.8529,1.8542,1.8528,1.8539,41158.257
2019-11-25 11:59:00,1.8556,1.8556,1.8529,1.8529,1498.9691
2019-11-25 11:58:00,1.853,1.8591,1.8529,1.8543,11088.8742
2019-11-25 11:57:00,1.8558,1.8593,1.8529,1.8563,15052.9074
2019-11-25 11:56:00,1.8582,1.8617,1.853,1.857,8197.6961
2019-11-25 11:55:00,1.8621,1.8621,1.8536,1.8595,6457.9562
2019-11-25 11:54:00,1.8578,1.8604,1.8577,1.8592,1362.5604
2019-11-25 11:53:00,1.8589,1.8596,1.8578,1.8578,2245.058
2019-11-25 11:52:00,1.859,1.8605,1.8586,1.8589,2382.0324
2019-11-25 11:51:00,1.861,1.8658,1.8572,1.8591,24654.3387
2019-11-25 11:50:00,1.8571,1.8611,1.856,1.8579,2415.8579
2019-11-25 11:49:00,1.8574,1.86,1.8528,1.86,25392.77
2019-11-25 11:48:00,1.8629,1.8631,1.8599,1.8604,3067.8919
2019-11-25 11:47:00,1.8641,1.8641,1.8627,1.864,7436.6649
2019-11-25 11:46:00,1.8616,1.8658,1.8616,1.8642,7946.1472
2019-11-25 11:45:00,1.8631,1.8658,1.8618,1.8618,4056.0995
2019-11-25 11:44:00,1.8615,1.8654,1.8615,1.8654,8176.2779
2019-11-25 11:43:00,1.8653,1.8653,1.8619,1.8619,3875.5113
2019-11-25 11:42:00,1.8637,1.8659,1.8637,1.8656,6817.8005
2019-11-25 11:41:00,1.8621,1.8653,1.8621,1.8637,3911.3194
2019-11-25 11:40:00,1.8627,1.8648,1.8607,1.8634,1400.7145
2019-11-25 11:39:00,1.8611,1.8642,1.8611,1.8612,3234.0181
2019-11-25 11:38:00,1.8633,1.8646,1.8611,1.8611,4233.6457
2019-11-25 11:37:00,1.8639,1.8644,1.8605,1.8644,6206.4699
2019-11-25 11:36:00,1.8642,1.8649,1.8614,1.8649,1269.4813
2019-11-25 11:35:00,1.864,1.8653,1.8611,1.8642,12225.1867
2019-11-25 11:34:00,1.8626,1.8669,1.8626,1.8636,7258.4361
2019-11-25 11:33:00,1.8609,1.867,1.8567,1.8596,17401.4957
2019-11-25 11:32:00,1.8641,1.8657,1.8567,1.8567,24690.2419
2019-11-25 11:31:00,1.8652,1.8677,1.8626,1.8673,4223.3485
2019-11-25 11:30:00,1.8605,1.8644,1.857,1.8601,1801.2773
2019-11-25 11:29:00,1.8604,1.8643,1.8574,1.8618,9451.1778
2019-11-25 11:28:00,1.8568,1.8618,1.8537,1.8603,10657.8668
2019-11-25 11:27:00,1.857,1.8592,1.8528,1.8578,4506.2463
2019-11-25 11:26:00,1.8521,1.8551,1.8481,1.8549,5614.2527
2019-11-25 11:25:00,1.8484,1.851,1.8313,1.851,50394.5643
2019-11-25 11:24:00,1.86,1.86,1.8491,1.8491,13613.7338
2019-11-25 11:23:00,1.863,1.8656,1.8584,1.86,19181.6695
2019-11-25 11:22:00,1.8653,1.8658,1.8635,1.8657,5677.3626
2019-11-25 11:21:00,1.8652,1.8682,1.8652,1.8665,9275.4053
2019-11-25 11:20:00,1.8654,1.8666,1.863,1.8655,3447.8668
2019-11-25 11:19:00,1.8674,1.8692,1.8634,1.8661,14423.8346
2019-11-25 11:18:00,1.8643,1.868,1.8643,1.8656,5098.1604
2019-11-25 11:17:00,1.8657,1.8665,1.8637,1.8651,2040.9348
2019-11-25 11:16:00,1.8659,1.8659,1.8617,1.8639,5094.1802
2019-11-25 11:15:00,1.8672,1.8687,1.8634,1.8634,2506.3287
2019-11-25 11:14:00,1.8677,1.8691,1.8664,1.8664,4038.0897
2019-11-25 11:13:00,1.8684,1.8692,1.8657,1.8692,7521.0617
2019-11-25 11:12:00,1.8686,1.8713,1.868,1.868,3204.2174
2019-11-25 11:11:00,1.8686,1.8713,1.8659,1.8659,20595.7192
2019-11-25 11:10:00,1.8643,1.8701,1.8604,1.8685,20775.7042
2019-11-25 11:09:00,1.8606,1.8666,1.8606,1.8644,13157.619
2019-11-25 11:08:00,1.8584,1.8627,1.8584,1.8599,1341.4551
2019-11-25 11:07:00,1.856,1.8622,1.8552,1.8622,6743.5453
2019-11-25 11:06:00,1.8563,1.8574,1.8498,1.855,52310.4037
2019-11-25 11:05:00,1.8575,1.8582,1.8506,1.8564,7845.7276
2019-11-25 11:04:00,1.8626,1.8651,1.85,1.8576,18721.4183
2019-11-25 11:03:00,1.8634,1.8653,1.8624,1.8632,3943.0537
2019-11-25 11:02:00,1.8652,1.8652,1.8612,1.8636,13828.591
2019-11-25 11:01:00,1.8619,1.8644,1.861,1.8644,5087.3238
2019-11-25 11:00:00,1.8687,1.8699,1.8561,1.862,27513.3
2019-11-25 10:59:00,1.8707,1.8707,1.8691,1.87,2151.5299
2019-11-25 10:58:00,1.8708,1.8712,1.8701,1.8712,2210.2155
2019-11-25 10:57:00,1.8717,1.8722,1.8708,1.8708,1529.8553
2019-11-25 10:56:00,1.8722,1.8723,1.8712,1.8722,1906.5581
2019-11-25 10:55:00,1.8737,1.8737,1.8674,1.87,29114.6551
2019-11-25 10:54:00,1.8668,1.8737,1.8668,1.8737,7482.8818
2019-11-25 10:53:00,1.8669,1.868,1.8659,1.8663,2806.7637
2019-11-25 10:52:00,1.868,1.868,1.867,1.867,8980.9599
2019-11-25 10:51:00,1.8699,1.8699,1.8679,1.8679,3100.0711
2019-11-25 10:50:00,1.8772,1.8774,1.8688,1.8688,27395.9146
2019-11-25 10:49:00,1.8823,1.8828,1.8761,1.8782,4465.4879
2019-11-25 10:48:00,1.8843,1.887,1.8815,1.8842,1502.2562
2019-11-25 10:47:00,1.8849,1.8853,1.8823,1.8839,3021.1467
2019-11-25 10:46:00,1.8882,1.8882,1.8842,1.8875,15557.0597
2019-11-25 10:45:00,1.8859,1.8872,1.88,1.8872,7919.4611
2019-11-25 10:44:00,1.8839,1.9,1.8802,1.8884,45091.2971
2019-11-25 10:43:00,1.88,1.8823,1.8772,1.8811,4288.0792
2019-11-25 10:42:00,1.8852,1.8852,1.8715,1.8797,34915.557
2019-11-25 10:41:00,1.8883,1.8883,1.884,1.884,6373.3515
2019-11-25 10:40:00,1.8858,1.8901,1.8858,1.8881,9160.9244
2019-11-25 10:39:00,1.8827,1.8869,1.8794,1.8846,5807.803
2019-11-25 10:38:00,1.8852,1.886,1.88,1.8824,10341.5997
2019-11-25 10:37:00,1.888,1.8888,1.88,1.8864,12497.9732
2019-11-25 10:36:00,1.8869,1.8929,1.8847,1.8891,4250.0624
2019-11-25 10:35:00,1.8907,1.8937,1.88,1.8882,12146.0242
2019-11-25 10:34:00,1.8896,1.8957,1.885,1.8926,23345.6284
2019-11-25 10:33:00,1.8928,1.8928,1.888,1.8899,2657.2656
2019-11-25 10:32:00,1.8946,1.8957,1.8912,1.8948,21114.5398
2019-11-25 10:31:00,1.8903,1.8956,1.8848,1.8956,10579.125
2019-11-25 10:30:00,1.8801,1.89,1.8801,1.8893,8760.3323
2019-11-25 10:29:00,1.8758,1.8823,1.8753,1.88,18388.0646
2019-11-25 10:28:00,1.8715,1.8754,1.8703,1.8754,6738.8741
2019-11-25 10:27:00,1.8716,1.875,1.8703,1.8722,6399.5443
2019-11-25 10:26:00,1.8728,1.8749,1.8699,1.8749,6595.3875
2019-11-25 10:25:00,1.8727,1.8738,1.8716,1.8728,6244.5573
2019-11-25 10:24:00,1.8686,1.8745,1.8686,1.8745,12060.6432
2019-11-25 10:23:00,1.8706,1.8718,1.864,1.8718,10330.7856
2019-11-25 10:22:00,1.8704,1.876,1.8693,1.8697,3895.9933
2019-11-25 10:21:00,1.8724,1.8761,1.8668,1.8701,14661.7784
2019-11-25 10:20:00,1.8613,1.8784,1.8588,1.8718,50450.5938
2019-11-25 10:19:00,1.859,1.8616,1.8583,1.8613,5877.2634
2019-11-25 10:18:00,1.88,1.8801,1.8532,1.8532,22092.6944
2019-11-25 10:17:00,1.8884,1.8884,1.8785,1.8794,12660.4428
2019-11-25 10:16:00,1.89,1.89,1.8878,1.8885,3305.809
2019-11-25 10:15:00,1.8856,1.8958,1.8848,1.8885,18518.1178
2019-11-25 10:14:00,1.896,1.898,1.8892,1.8892,6853.7197
2019-11-25 10:13:00,1.8883,1.9,1.8883,1.896,8230.867
2019-11-25 10:12:00,1.8641,1.8911,1.8641,1.8883,46547.3753
2019-11-25 10:11:00,1.8661,1.8717,1.8606,1.8713,24319.1369
2019-11-25 10:10:00,1.859,1.8718,1.859,1.8631,9309.279
2019-11-25 10:09:00,1.8464,1.8656,1.8464,1.8587,51427.0633
2019-11-25 10:08:00,1.8505,1.8599,1.8453,1.8503,31349.4986
2019-11-25 10:07:00,1.8528,1.8528,1.8496,1.8496,3928.4273
2019-11-25 10:06:00,1.8469,1.8526,1.8461,1.8526,7943.7187
2019-11-25 10:05:00,1.841,1.8481,1.8358,1.8468,19602.9852
2019-11-25 10:04:00,1.8451,1.8498,1.8359,1.8405,28439.3514
2019-11-25 10:03:00,1.8472,1.8498,1.83,1.8489,176800.03
2019-11-25 10:02:00,1.852,1.852,1.8455,1.8455,22049.0022
2019-11-25 10:01:00,1.8537,1.8545,1.8511,1.852,4646.5333
2019-11-25 10:00:00,1.8617,1.8617,1.8521,1.8558,70051.7979
2019-11-25 09:59:00,1.8575,1.8629,1.8573,1.8608,38528.9038
2019-11-25 09:58:00,1.8593,1.8629,1.8561,1.8602,9358.0726
2019-11-25 09:57:00,1.8577,1.8631,1.8559,1.8631,1260.8538
2019-11-25 09:56:00,1.8603,1.8625,1.857,1.857,8661.5449
2019-11-25 09:55:00,1.8618,1.8649,1.8593,1.8625,9291.0273
2019-11-25 09:54:00,1.8628,1.87,1.8591,1.8594,5782.5153
2019-11-25 09:53:00,1.8584,1.8683,1.8583,1.861,12442.6672
2019-11-25 09:52:00,1.858,1.862,1.8529,1.8574,18001.2052
2019-11-25 09:51:00,1.8577,1.8577,1.85,1.8551,26224.4034
2019-11-25 09:50:00,1.8561,1.8599,1.85,1.859,78888.5014
2019-11-25 09:49:00,1.8641,1.8641,1.851,1.8606,27946.7696
2019-11-25 09:48:00,1.8738,1.8738,1.8641,1.8694,43106.6279
2019-11-25 09:47:00,1.87,1.875,1.8668,1.8692,29000.7707
2019-11-25 09:46:00,1.873,1.8879,1.8534,1.875,24033.2323
2019-11-25 09:45:00,1.8726,1.8735,1.87,1.87,43646.5399
2019-11-25 09:44:00,1.8686,1.8735,1.8685,1.8735,26285.4568
2019-11-25 09:43:00,1.8678,1.8846,1.8663,1.8686,41818.2643
2019-11-25 09:42:00,1.8592,1.8734,1.8569,1.8651,18634.4766
2019-11-25 09:41:00,1.8592,1.87,1.856,1.8643,158569.6479
2019-11-25 09:40:00,1.8678,1.8736,1.8591,1.8603,54927.8538
2019-11-25 09:39:00,1.883,1.8949,1.8689,1.8689,73997.4147
2019-11-25 09:38:00,1.8959,1.901,1.87,1.8824,82035.8466
2019-11-25 09:37:00,1.9056,1.9086,1.896,1.896,19753.2387
2019-11-25 09:36:00,1.9066,1.91,1.8878,1.9031,80156.3602
2019-11-25 09:35:00,1.9091,1.9106,1.9022,1.9077,49641.3344
2019-11-25 09:34:00,1.9171,1.9175,1.91,1.91,19449.0975
2019-11-25 09:33:00,1.9273,1.928,1.91,1.9151,29796.3034
2019-11-25 09:32:00,1.9274,1.9293,1.9257,1.9275,12530.8145
2019-11-25 09:31:00,1.9261,1.9297,1.9251,1.9274,9872.1445
2019-11-25 09:30:00,1.928,1.9301,1.9257,1.9259,3299.1868
2019-11-25 09:29:00,1.9287,1.9334,1.9282,1.9297,7893.5891
2019-11-25 09:28:00,1.9304,1.9312,1.9289,1.9289,4530.0547
2019-11-25 09:27:00,1.9298,1.933,1.9294,1.9306,5761.082
2019-11-25 09:26:00,1.9252,1.934,1.9251,1.9315,16871.6192
2019-11-25 09:25:00,1.9487,1.9509,1.9,1.9288,90720.6571
2019-11-25 09:24:00,1.9484,1.9508,1.9484,1.9501,2721.1478
2019-11-25 09:23:00,1.9481,1.95,1.9455,1.95,7480.4444
2019-11-25 09:22:00,1.9484,1.9521,1.946,1.95,3130.5979
2019-11-25 09:21:00,1.9522,1.9533,1.9488,1.9498,11020.655
2019-11-25 09:20:00,1.953,1.954,1.9515,1.9515,4295.9516
2019-11-25 09:19:00,1.9504,1.9551,1.9504,1.9542,10952.6752
2019-11-25 09:18:00,1.9515,1.9536,1.948,1.9536,7861.9316
2019-11-25 09:17:00,1.9509,1.9578,1.9509,1.9551,12963.6688
2019-11-25 09:16:00,1.9575,1.9613,1.9509,1.9509,4541.4605
2019-11-25 09:15:00,1.9631,1.9642,1.9522,1.9575,12269.7482
2019-11-25 09:14:00,1.9647,1.9653,1.9638,1.9647,5243.8536
2019-11-25 09:13:00,1.9628,1.9646,1.9628,1.9641,534.796
2019-11-25 09:12:00,1.9611,1.9637,1.9603,1.9627,9888.9183
2019-11-25 09:11:00,1.963,1.9635,1.9611,1.9622,1741.9571
2019-11-25 09:10:00,1.9646,1.9653,1.9622,1.9634,2863.3399
2019-11-25 09:09:00,1.9655,1.9688,1.9637,1.9653,2067.0479
2019-11-25 09:08:00,1.9678,1.9678,1.9637,1.9644,6627.0666
2019-11-25 09:07:00,1.9696,1.9738,1.958,1.9655,8253.4315
2019-11-25 09:06:00,1.9592,1.9707,1.9592,1.9691,17404.8535
2019-11-25 09:05:00,1.9554,1.9592,1.9522,1.9592,16379.8671
2019-11-25 09:04:00,1.9563,1.9563,1.9432,1.9555,10770.9976
2019-11-25 09:03:00,1.949,1.9554,1.949,1.9554,46201.4268
2019-11-25 09:02:00,1.9498,1.95,1.9458,1.9458,3244.3693
2019-11-25 09:01:00,1.9475,1.9498,1.945,1.947,7360.1256
2019-11-25 09:00:00,1.947,1.9495,1.9439,1.9439,5453.9021
2019-11-25 08:59:00,1.9479,1.9495,1.9408,1.947,6464.5868
2019-11-25 08:58:00,1.9493,1.9493,1.9484,1.9488,1221.7226
2019-11-25 08:57:00,1.9521,1.9521,1.9487,1.9489,544.0875
2019-11-25 08:56:00,1.9519,1.9534,1.9485,1.9534,5678.7697
2019-11-25 08:55:00,1.9543,1.9543,1.9517,1.9517,2476.5095
2019-11-25 08:54:00,1.956,1.956,1.9556,1.9556,2368.6449
2019-11-25 08:53:00,1.9547,1.9561,1.9544,1.9561,6926.8416
2019-11-25 08:52:00,1.9569,1.9569,1.9535,1.9546,6558.9164
2019-11-25 08:51:00,1.9548,1.9586,1.9548,1.9559,8403.9688
2019-11-25 08:50:00,1.9567,1.9571,1.9505,1.9571,1685.6453
2019-11-25 08:49:00,1.9554,1.9583,1.9507,1.9525,5673.5828
2019-11-25 08:48:00,1.9532,1.959,1.9507,1.9564,5593.4718
2019-11-25 08:47:00,1.952,1.9539,1.9501,1.9519,12304.8225
2019-11-25 08:46:00,1.9462,1.9553,1.9462,1.9508,19870.1338
2019-11-25 08:45:00,1.9457,1.956,1.9431,1.9505,5976.1582
2019-11-25 08:44:00,1.9442,1.952,1.9406,1.9494,4824.9769
2019-11-25 08:43:00,1.9375,1.9445,1.935,1.9445,13983.0292
2019-11-25 08:42:00,1.9364,1.9405,1.9343,1.9374,24436.4306
2019-11-25 08:41:00,1.9405,1.9405,1.9328,1.9364,11123.6117
2019-11-25 08:40:00,1.9428,1.9428,1.9383,1.9394,20835.5386
2019-11-25 08:39:00,1.9325,1.9429,1.9325,1.9428,15313.2683
2019-11-25 08:38:00,1.9277,1.9354,1.9264,1.9319,9483.0229
2019-11-25 08:37:00,1.9261,1.9282,1.9261,1.9277,4368.0646
2019-11-25 08:36:00,1.9272,1.93,1.9244,1.9278,7050.7779
2019-11-25 08:35:00,1.9215,1.9299,1.9215,1.9299,29028.4489
2019-11-25 08:34:00,1.9213,1.9229,1.92,1.9214,10163.7732
2019-11-25 08:33:00,1.9198,1.9212,1.916,1.919,23205.3884
2019-11-25 08:32:00,1.9182,1.921,1.9182,1.9198,10087.6181
2019-11-25 08:31:00,1.9149,1.9186,1.9104,1.9181,7088.4956
2019-11-25 08:30:00,1.9115,1.919,1.9102,1.9105,10450.7549
2019-11-25 08:29:00,1.914,1.9166,1.91,1.9115,13693.719
2019-11-25 08:28:00,1.9144,1.9179,1.9114,1.9152,4288.87
2019-11-25 08:27:00,1.9152,1.9194,1.913,1.913,21036.0676
2019-11-25 08:26:00,1.919,1.9209,1.9147,1.9179,31536.3079
2019-11-25 08:25:00,1.9154,1.9199,1.9119,1.9199,3662.2533
2019-11-25 08:24:00,1.9214,1.9214,1.9112,1.9151,4400.1464
2019-11-25 08:23:00,1.9202,1.9229,1.92,1.9214,19498.0595
2019-11-25 08:22:00,1.9205,1.9217,1.9199,1.9205,3891.2513
2019-11-25 08:21:00,1.9195,1.9208,1.9195,1.9205,819.0418
2019-11-25 08:20:00,1.9192,1.9206,1.9192,1.9193,9278.91
2019-11-25 08:19:00,1.9199,1.9217,1.9179,1.9217,2445.5682
2019-11-25 08:18:00,1.923,1.923,1.9181,1.9187,4169.8815
2019-11-25 08:17:00,1.9223,1.9245,1.9173,1.9245,5373.5901
2019-11-25 08:16:00,1.9242,1.927,1.91,1.9236,26292.1398
2019-11-25 08:15:00,1.9237,1.9274,1.92,1.9242,10837.5617
2019-11-25 08:14:00,1.9267,1.9278,1.9195,1.9238,4157.6209
2019-11-25 08:13:00,1.9242,1.9279,1.9195,1.926,12973.6868
2019-11-25 08:12:00,1.9239,1.9358,1.9239,1.93,28200.2548
2019-11-25 08:11:00,1.9188,1.9214,1.9177,1.9213,8975.4589
2019-11-25 08:10:00,1.9158,1.9197,1.915,1.9181,11140.9767
2019-11-25 08:09:00,1.9232,1.9232,1.9105,1.9154,12854.0704
2019-11-25 08:08:00,1.9259,1.9303,1.9219,1.9219,11559.6654
2019-11-25 08:07:00,1.9239,1.9295,1.9239,1.9295,2881.8585
2019-11-25 08:06:00,1.9254,1.9323,1.923,1.9236,1834.2605
2019-11-25 08:05:00,1.9262,1.9276,1.9232,1.9232,6231.085
2019-11-25 08:04:00,1.932,1.932,1.9266,1.9266,9299.2283
2019-11-25 08:03:00,1.9372,1.9381,1.9299,1.93,26318.6201
2019-11-25 08:02:00,1.9393,1.9396,1.9358,1.9372,2175.0117
2019-11-25 08:01:00,1.9382,1.9394,1.9328,1.9394,9438.4147
2019-11-25 08:00:00,1.9396,1.9396,1.9286,1.9382,18096.8244
2019-11-25 07:59:00,1.9384,1.9394,1.9383,1.9394,5683.0844
2019-11-25 07:58:00,1.9371,1.9397,1.9351,1.9352,8777.2767
2019-11-25 07:57:00,1.9295,1.94,1.91,1.9372,147940.6955
2019-11-25 07:56:00,1.9336,1.9415,1.9261,1.9261,10986.6355
2019-11-25 07:55:00,1.9418,1.9486,1.932,1.9324,18911.8248
2019-11-25 07:54:00,1.9504,1.9526,1.9263,1.9421,15297.8492
2019-11-25 07:53:00,1.9515,1.9515,1.9491,1.9491,19526.0797
2019-11-25 07:52:00,1.9584,1.9584,1.9501,1.9515,8643.9873
2019-11-25 07:51:00,1.9559,1.9638,1.9533,1.9599,32211.4513
2019-11-25 07:50:00,1.9656,1.9656,1.9567,1.9573,12640.1303
2019-11-25 07:49:00,1.9656,1.966,1.9648,1.9658,4233.5781
2019-11-25 07:48:00,1.9683,1.9683,1.965,1.9656,8475.8511
2019-11-25 07:47:00,1.9684,1.9709,1.9652,1.9683,5925.1765
2019-11-25 07:46:00,1.9725,1.9732,1.9683,1.9683,8162.4788
2019-11-25 07:45:00,1.9725,1.9725,1.9723,1.9725,1986.7397
2019-11-25 07:44:00,1.9748,1.9757,1.9492,1.9732,110405.1519
2019-11-25 07:43:00,1.9745,1.9748,1.974,1.9748,612.6328
2019-11-25 07:42:00,1.9735,1.9745,1.9735,1.9738,6931.0049
2019-11-25 07:41:00,1.9733,1.9744,1.9708,1.9744,1826.1891
2019-11-25 07:40:00,1.9733,1.9753,1.971,1.971,4588.5783
2019-11-25 07:39:00,1.9759,1.9759,1.9696,1.9731,6707.1843
2019-11-25 07:38:00,1.9734,1.9759,1.9734,1.9759,13390.3127
2019-11-25 07:37:00,1.9733,1.975,1.9717,1.9734,1725.3908
2019-11-25 07:36:00,1.9719,1.975,1.9719,1.9732,7029.8451
2019-11-25 07:35:00,1.9715,1.9743,1.9708,1.971,12082.9681
2019-11-25 07:34:00,1.9729,1.9747,1.9688,1.9688,4742.0883
2019-11-25 07:33:00,1.9748,1.9748,1.9697,1.9743,8626.533
2019-11-25 07:32:00,1.974,1.9764,1.9731,1.9748,2133.178
2019-11-25 07:31:00,1.9717,1.9736,1.9711,1.9732,828.7792
2019-11-25 07:30:00,1.9739,1.9741,1.9712,1.9722,3735.6891
2019-11-25 07:29:00,1.9671,1.9741,1.9661,1.9741,14226.6159
2019-11-25 07:28:00,1.9699,1.9699,1.967,1.9685,11346.3334
2019-11-25 07:27:00,1.97,1.97,1.97,1.97,638.7429
2019-11-25 07:26:00,1.9765,1.9765,1.9699,1.97,9471.0497
2019-11-25 07:25:00,1.9763,1.9764,1.9749,1.9763,5322.8634
2019-11-25 07:24:00,1.979,1.9799,1.9733,1.9763,26544.0304
2019-11-25 07:23:00,1.979,1.9816,1.979,1.9797,6715.3301
2019-11-25 07:22:00,1.9773,1.9797,1.977,1.979,3760.2919
2019-11-25 07:21:00,1.9837,1.9837,1.9753,1.9804,7937.2386
2019-11-25 07:20:00,1.9837,1.9852,1.9809,1.9837,5886.9253
2019-11-25 07:19:00,1.978,1.9856,1.978,1.9835,32037.7685
2019-11-25 07:18:00,1.9781,1.9782,1.978,1.978,5772.8088
2019-11-25 07:17:00,1.977,1.9778,1.977,1.9778,3965.6771
2019-11-25 07:16:00,1.9783,1.979,1.9773,1.9783,9415.4506
2019-11-25 07:15:00,1.9795,1.9795,1.9783,1.9783,7839.7471
2019-11-25 07:14:00,1.9795,1.9795,1.9792,1.9795,1441.9332
2019-11-25 07:13:00,1.9788,1.9796,1.9786,1.9793,7667.7919
2019-11-25 07:12:00,1.9779,1.9789,1.9779,1.9787,5404.1035
2019-11-25 07:11:00,1.9794,1.9794,1.9743,1.9778,6967.155
2019-11-25 07:10:00,1.9795,1.9795,1.9727,1.9759,10834.9459
2019-11-25 07:09:00,1.9731,1.975,1.9722,1.975,6636.6681
2019-11-25 07:08:00,1.9791,1.9791,1.9736,1.9736,9868.9866
2019-11-25 07:07:00,1.979,1.9795,1.978,1.9787,3142.3564
2019-11-25 07:06:00,1.9824,1.9824,1.978,1.9792,15666.5969
2019-11-25 07:05:00,1.9825,1.9827,1.9818,1.9824,9075.5445
2019-11-25 07:04:00,1.9822,1.9828,1.9822,1.9827,4111.1549
2019-11-25 07:03:00,1.9813,1.983,1.9811,1.9825,8401.2827
2019-11-25 07:02:00,1.9817,1.9825,1.9809,1.9809,6218.3778
2019-11-25 07:01:00,1.9832,1.9832,1.9817,1.9822,6393.1576
2019-11-25 07:00:00,1.9827,1.9831,1.9812,1.9822,1566.4181
2019-11-25 06:59:00,1.9846,1.9849,1.982,1.983,2940.7382
2019-11-25 06:58:00,1.983,1.9866,1.983,1.9845,21821.5404
2019-11-25 06:57:00,1.9838,1.9838,1.9823,1.983,1399.9659
2019-11-25 06:56:00,1.9823,1.984,1.9822,1.9822,2309.7418
2019-11-25 06:55:00,1.9841,1.9841,1.9783,1.9821,4105.024
2019-11-25 06:54:00,1.9832,1.9859,1.9827,1.9842,3071.4615
2019-11-25 06:53:00,1.9833,1.9864,1.9833,1.9859,5862.1334
2019-11-25 06:52:00,1.9844,1.9871,1.983,1.9852,6750.0415
2019-11-25 06:51:00,1.9825,1.9859,1.9791,1.9859,6489.0946
2019-11-25 06:50:00,1.9866,1.9896,1.9824,1.9824,2208.4721
2019-11-25 06:49:00,1.9859,1.987,1.9854,1.986,1408.5126
2019-11-25 06:48:00,1.9862,1.9863,1.9832,1.9863,986.9692
2019-11-25 06:47:00,1.9888,1.9896,1.983,1.983,9540.7188
2019-11-25 06:46:00,1.9892,1.9892,1.9887,1.9888,827.345
2019-11-25 06:45:00,1.9877,1.9894,1.9877,1.9894,6176.0472
2019-11-25 06:44:00,1.9863,1.9882,1.9836,1.9872,1783.2516
2019-11-25 06:43:00,1.9863,1.9863,1.9844,1.9863,837.0511
2019-11-25 06:42:00,1.9816,1.9863,1.9816,1.9863,5985.4042
2019-11-25 06:41:00,1.9786,1.9823,1.9786,1.9816,11984.7239
2019-11-25 06:40:00,1.9785,1.9786,1.9782,1.9786,6965.6179
2019-11-25 06:39:00,1.978,1.9784,1.9743,1.9784,2112.213
2019-11-25 06:38:00,1.9767,1.9782,1.9717,1.9762,13402.8796
2019-11-25 06:37:00,1.982,1.982,1.9777,1.9777,1535.6628
2019-11-25 06:36:00,1.9838,1.9838,1.9808,1.9825,2743.3802
2019-11-25 06:35:00,1.9853,1.9889,1.9812,1.9848,2809.9799
2019-11-25 06:34:00,1.984,1.9872,1.9818,1.9818,9186.9286
2019-11-25 06:33:00,1.9819,1.9839,1.9816,1.9836,1336.8286
2019-11-25 06:32:00,1.9829,1.9829,1.979,1.9829,2143.3026
2019-11-25 06:31:00,1.9825,1.9865,1.9798,1.983,8046.4582
2019-11-25 06:30:00,1.9783,1.99,1.9766,1.9814,26803.1802
2019-11-25 06:29:00,1.9768,1.9792,1.9768,1.9783,5641.5213
2019-11-25 06:28:00,1.9777,1.9781,1.9751,1.9781,3020.7498
2019-11-25 06:27:00,1.9763,1.9798,1.9753,1.9753,7449.0242
2019-11-25 06:26:00,1.976,1.9797,1.976,1.9763,4345.6039
2019-11-25 06:25:00,1.9758,1.9787,1.9724,1.9724,6099.8017
2019-11-25 06:24:00,1.9734,1.9749,1.9711,1.9724,873.6616
2019-11-25 06:23:00,1.9734,1.975,1.9699,1.9741,9319.3553
2019-11-25 06:22:00,1.9726,1.9744,1.9717,1.9729,2098.3028
2019-11-25 06:21:00,1.973,1.9764,1.9692,1.9752,3279.1945
2019-11-25 06:20:00,1.9721,1.9743,1.9694,1.9727,8732.7228
2019-11-25 06:19:00,1.9765,1.9765,1.9634,1.9753,25191.4892
2019-11-25 06:18:00,1.9825,1.9831,1.9774,1.9826,5581.442
2019-11-25 06:17:00,1.9799,1.9841,1.9763,1.9803,3403.0072
2019-11-25 06:16:00,1.988,1.988,1.9758,1.9835,18804.2543
2019-11-25 06:15:00,1.9775,1.982,1.9754,1.982,936.4771
2019-11-25 06:14:00,1.9754,1.9794,1.9754,1.9794,3038.7457
2019-11-25 06:13:00,1.9759,1.9775,1.9752,1.9775,4235.5719
2019-11-25 06:12:00,1.9789,1.9818,1.9755,1.9764,10984.09
2019-11-25 06:11:00,1.9825,1.9853,1.9797,1.9797,1806.3033
2019-11-25 06:10:00,1.9851,1.9862,1.9793,1.9825,9686.2018
2019-11-25 06:09:00,1.9851,1.9859,1.9847,1.985,6236.8106
2019-11-25 06:08:00,1.9858,1.9858,1.9837,1.9842,7962.8189
2019-11-25 06:07:00,1.9831,1.9859,1.9831,1.9842,3962.7242
2019-11-25 06:06:00,1.9831,1.986,1.9818,1.986,837.9279
2019-11-25 06:05:00,1.9842,1.9882,1.9809,1.9809,5958.1005
2019-11-25 06:04:00,1.9804,1.9884,1.9804,1.9842,2833.5959
2019-11-25 06:03:00,1.9849,1.988,1.9802,1.9837,1092.9927
2019-11-25 06:02:00,1.9845,1.9884,1.9809,1.9849,17194.5764
2019-11-25 06:01:00,1.9849,1.9876,1.9842,1.9845,1258.2741
2019-11-25 06:00:00,1.9882,1.9889,1.9808,1.9808,14870.94
2019-11-25 05:59:00,1.9904,1.9911,1.9872,1.988,1189.7057
2019-11-25 05:58:00,1.9852,1.9888,1.9808,1.9872,3992.7309
2019-11-25 05:57:00,1.985,1.985,1.9804,1.9843,8960.1645
2019-11-25 05:56:00,1.9833,1.9869,1.9833,1.9858,3265.6471
2019-11-25 05:55:00,1.9851,1.9872,1.9804,1.9837,8109.8863
2019-11-25 05:54:00,1.9859,1.9863,1.9827,1.9862,4338.7548
2019-11-25 05:53:00,1.9939,1.9939,1.986,1.986,8521.7378
2019-11-25 05:52:00,1.989,1.9916,1.9888,1.9888,7990.4862
2019-11-25 05:51:00,1.9864,1.9925,1.9864,1.9902,7111.1782
2019-11-25 05:50:00,1.9883,1.9884,1.9882,1.9883,2315.231
2019-11-25 05:49:00,1.9881,1.9882,1.9881,1.9882,789.1234
2019-11-25 05:48:00,1.9881,1.9882,1.9879,1.9882,1429.1752
2019-11-25 05:47:00,1.9885,1.9885,1.9881,1.9881,7079.9537
2019-11-25 05:46:00,1.9879,1.9879,1.9879,1.9879,200.0597
2019-11-25 05:45:00,1.986,1.9899,1.986,1.9883,1130.9712
2019-11-25 05:44:00,1.9862,1.9894,1.98,1.9871,16174.6801
2019-11-25 05:43:00,1.9928,1.9928,1.9858,1.9858,18738.8965
2019-11-25 05:42:00,1.9956,1.9983,1.9905,1.9929,14565.7298
2019-11-25 05:41:00,1.9965,1.9973,1.9951,1.9973,481.5383
2019-11-25 05:40:00,1.9939,1.9982,1.9917,1.9965,1704.6151
2019-11-25 05:39:00,1.993,1.9965,1.9924,1.9938,10544.0109
2019-11-25 05:38:00,1.9937,1.9994,1.9931,1.9931,21002.984
2019-11-25 05:37:00,1.9964,1.9995,1.9954,1.9954,2924.9252
2019-11-25 05:36:00,1.9985,1.9995,1.998,1.9991,527.3121
2019-11-25 05:35:00,1.9983,1.9986,1.9976,1.9981,5472.5835
2019-11-25 05:34:00,1.9977,1.9979,1.996,1.9976,863.2242
2019-11-25 05:33:00,1.9974,1.9991,1.9958,1.9977,2061.9569
2019-11-25 05:32:00,2.0023,2.0023,1.9968,1.997,3499.6074
2019-11-25 05:31:00,2.003,2.0046,2.0025,2.0046,8560.919
2019-11-25 05:30:00,1.9942,2.0024,1.9942,2.0024,8446.7056
2019-11-25 05:29:00,1.9974,1.9974,1.9957,1.9958,5182.121
2019-11-25 05:28:00,1.9997,1.9998,1.9934,1.9959,1081.504
2019-11-25 05:27:00,2.0012,2.0015,1.9955,1.9955,8957.8075
2019-11-25 05:26:00,2.0034,2.0034,2.0012,2.0012,2032.5734
2019-11-25 05:25:00,2.0048,2.0058,2.0045,2.0045,1488.328
2019-11-25 05:24:00,2.0045,2.0052,2.0038,2.0044,839.3909
2019-11-25 05:23:00,2.0041,2.006,2.0038,2.0042,2583.4419
2019-11-25 05:22:00,2.0073,2.0073,2.001,2.0053,35344.603
2019-11-25 05:21:00,2.0039,2.01,2.0013,2.0049,2052.7238
2019-11-25 05:20:00,2.0039,2.0062,2.0018,2.0023,6605.6822
2019-11-25 05:19:00,2.0032,2.0061,2.0032,2.0037,6081.5285
2019-11-25 05:18:00,2.0014,2.0055,2.001,2.0055,4802.5547
2019-11-25 05:17:00,1.9984,2.0008,1.9984,1.9996,1852.228
2019-11-25 05:16:00,2.002,2.002,1.9986,2.0018,4683.2359
2019-11-25 05:15:00,1.9991,2.0033,1.998,2.0033,1998.3093
2019-11-25 05:14:00,2,2.002,1.998,1.9983,15288.212
2019-11-25 05:13:00,1.9993,2.0006,1.998,1.9993,1374.2958
2019-11-25 05:12:00,1.9992,2.002,1.9985,1.9996,9314.791
2019-11-25 05:11:00,2.0032,2.0032,1.9992,1.9992,379.8097
2019-11-25 05:10:00,2.0019,2.0028,2.0019,2.0022,21.2563
2019-11-25 05:09:00,2.0023,2.0031,2.0023,2.0029,28.4609
2019-11-25 05:08:00,1.9992,2.005,1.9992,2.0025,1216.8144
2019-11-25 05:07:00,1.9994,2.0004,1.9991,2.0004,6865.1751
2019-11-25 05:06:00,1.9987,1.9991,1.997,1.9972,3160.5267
2019-11-25 05:05:00,1.9987,1.9987,1.9987,1.9987,10
2019-11-25 05:04:00,1.9976,1.9988,1.9975,1.9975,128
2019-11-25 05:03:00,1.9955,1.9995,1.9955,1.9976,7487.2903
2019-11-25 05:02:00,1.9959,1.9961,1.9957,1.9961,34.9908
2019-11-25 05:01:00,1.9955,1.9979,1.9955,1.9957,18.833
2019-11-25 05:00:00,1.9955,1.9955,1.9955,1.9955,19.2065
2019-11-25 04:59:00,1.9958,1.9981,1.9936,1.9954,3239.4944
2019-11-25 04:58:00,1.9957,1.9981,1.9957,1.9958,3044.2114
2019-11-25 04:57:00,1.9972,1.9981,1.9936,1.9957,19731.4728
2019-11-25 04:56:00,1.9932,1.9981,1.9925,1.9981,7030.8992
2019-11-25 04:55:00,1.9933,1.9933,1.9927,1.9932,12.9361
2019-11-25 04:54:00,1.9932,1.9933,1.9926,1.9926,108.3199
2019-11-25 04:53:00,1.9932,1.9932,1.9932,1.9932,20.4889
2019-11-25 04:52:00,1.9949,1.9949,1.9933,1.9933,37.2345
2019-11-25 04:51:00,1.9954,1.9954,1.9939,1.9939,25.6359
2019-11-25 04:50:00,1.9953,1.9957,1.9946,1.9954,14678.3252
2019-11-25 04:49:00,1.994,1.9952,1.9939,1.9952,67.5759
2019-11-25 04:48:00,1.9937,1.9953,1.9937,1.994,720.8229
2019-11-25 04:47:00,1.9925,1.9937,1.9925,1.9937,28.7409
2019-11-25 04:46:00,1.9923,1.9944,1.9923,1.9944,36.2872
2019-11-25 04:45:00,1.9927,1.9937,1.9923,1.9923,24.7089
2019-11-25 04:44:00,1.9927,1.9927,1.9927,1.9927,35.8062
2019-11-25 04:43:00,1.9904,1.9927,1.9904,1.9927,83.9817
2019-11-25 04:42:00,1.9904,1.9904,1.9892,1.9904,24.7026
2019-11-25 04:41:00,1.9894,1.9904,1.9894,1.9904,25.802
2019-11-25 04:40:00,1.9894,1.9906,1.9854,1.9893,1583.914
2019-11-25 04:39:00,1.9873,1.9877,1.9854,1.9877,93.7828
2019-11-25 04:38:00,1.9873,1.9873,1.9873,1.9873,0
2019-11-25 04:37:00,1.9873,1.9873,1.9873,1.9873,0
2019-11-25 04:36:00,1.9876,1.9876,1.9856,1.9873,1052.8427
2019-11-25 04:35:00,1.9874,1.9874,1.9874,1.9874,8.9235
2019-11-25 04:34:00,1.9881,1.9881,1.9881,1.9881,0
2019-11-25 04:33:00,1.9881,1.9881,1.9881,1.9881,0
2019-11-25 04:32:00,1.9881,1.9881,1.9881,1.9881,0
2019-11-25 04:31:00,1.9881,1.9881,1.9881,1.9881,65.6379
2019-11-25 04:30:00,1.9899,1.9899,1.9879,1.9881,1234.3536
2019-11-25 04:29:00,1.99,1.9918,1.99,1.9918,99.1956
2019-11-25 04:28:00,1.9852,1.9852,1.9852,1.9852,0
2019-11-25 04:27:00,1.9852,1.9852,1.9852,1.9852,0
2019-11-25 04:26:00,1.9852,1.9852,1.9852,1.9852,0
2019-11-25 04:25:00,1.9852,1.9852,1.9852,1.9852,0
2019-11-25 04:24:00,1.9852,1.9852,1.9852,1.9852,5.76
2019-11-25 04:23:00,1.9874,1.9874,1.9864,1.9864,12.5944
2019-11-25 04:22:00,1.9751,1.9751,1.9751,1.9751,13.405
2019-11-25 04:21:00,1.99,1.99,1.99,1.99,109.4134
2019-11-25 04:20:00,1.99,1.99,1.99,1.99,3521.5987
2019-11-25 04:19:00,1.99,1.9901,1.99,1.99,4095.2726
2019-11-25 04:18:00,1.9799,1.9901,1.9799,1.99,9849.1419
2019-11-25 04:17:00,1.9743,1.9743,1.9743,1.9743,0
2019-11-25 04:16:00,1.9743,1.9743,1.9743,1.9743,2239.1535
2019-11-25 04:15:00,1.974,1.9743,1.9739,1.9743,831.8215
2019-11-25 04:14:00,1.9741,1.9741,1.9741,1.9741,0
2019-11-25 04:13:00,1.9786,1.9786,1.9741,1.9741,2508.7448
2019-11-25 04:12:00,1.9757,1.9833,1.9757,1.98,2331.5557
2019-11-25 04:11:00,1.9763,1.9771,1.9752,1.9757,1189.9779
2019-11-25 04:10:00,1.9853,1.9853,1.9741,1.9741,2696.8632
2019-11-25 04:09:00,1.9911,1.9953,1.9853,1.9853,2346.4504
2019-11-25 04:08:00,1.9911,1.9911,1.9911,1.9911,0
2019-11-25 04:07:00,1.9953,1.9953,1.9953,1.9953,0
2019-11-25 04:06:00,1.9953,1.9953,1.9953,1.9953,8
2019-11-25 04:05:00,1.992,1.9953,1.9912,1.9953,1118.3668
2019-11-25 04:04:00,1.9953,1.9953,1.9953,1.9953,0
2019-11-25 04:03:00,1.9953,1.9953,1.9953,1.9953,0
2019-11-25 04:02:00,1.9953,1.9953,1.9953,1.9953,0
2019-11-25 04:01:00,1.9953,1.9953,1.9953,1.9953,0
2019-11-25 04:00:00,1.9953,1.9953,1.9953,1.9953,0
2019-11-25 03:59:00,1.9953,1.9953,1.9953,1.9953,0
2019-11-25 03:58:00,1.9953,1.9953,1.9953,1.9953,0
2019-11-25 03:57:00,1.9953,1.9953,1.9953,1.9953,550.7637
2019-11-25 03:56:00,1.996,1.996,1.996,1.996,0
2019-11-25 03:55:00,1.996,1.996,1.996,1.996,0
2019-11-25 03:54:00,1.996,1.996,1.996,1.996,0
2019-11-25 03:53:00,1.996,1.996,1.996,1.996,0
2019-11-25 03:52:00,1.996,1.996,1.996,1.996,0
2019-11-25 03:51:00,1.996,1.996,1.996,1.996,0
2019-11-25 03:50:00,1.996,1.996,1.996,1.996,0
2019-11-25 03:49:00,1.996,1.996,1.996,1.996,0
2019-11-25 03:48:00,1.996,1.996,1.996,1.996,0
2019-11-25 03:47:00,1.996,1.996,1.996,1.996,0
2019-11-25 03:46:00,1.996,1.996,1.996,1.996,0
2019-11-25 03:45:00,1.996,1.996,1.996,1.996,0
2019-11-25 03:44:00,1.996,1.996,1.996,1.996,0
2019-11-25 03:43:00,1.996,1.996,1.996,1.996,0
2019-11-25 03:42:00,1.996,1.996,1.996,1.996,0
2019-11-25 03:41:00,1.996,1.996,1.996,1.996,0
2019-11-25 03:40:00,1.996,1.996,1.996,1.996,0
2019-11-25 03:39:00,1.996,1.996,1.996,1.996,0
2019-11-25 03:38:00,1.996,1.996,1.996,1.996,0
2019-11-25 03:37:00,1.996,1.996,1.996,1.996,0
2019-11-25 03:36:00,1.996,1.996,1.996,1.996,0
2019-11-25 03:35:00,1.996,1.996,1.996,1.996,0
2019-11-25 03:34:00,1.996,1.996,1.996,1.996,0
2019-11-25 03:33:00,1.996,1.996,1.996,1.996,0
2019-11-25 03:32:00,1.996,1.996,1.996,1.996,0
2019-11-25 03:31:00,1.996,1.996,1.996,1.996,0
2019-11-25 03:30:00,1.996,1.996,1.996,1.996,0
2019-11-25 03:29:00,1.996,1.996,1.996,1.996,0
2019-11-25 03:28:00,1.996,1.996,1.996,1.996,0
2019-11-25 03:27:00,1.996,1.996,1.996,1.996,0
2019-11-25 03:26:00,1.996,1.996,1.996,1.996,0
2019-11-25 03:25:00,1.996,1.996,1.996,1.996,0
2019-11-25 03:24:00,1.996,1.996,1.996,1.996,0
2019-11-25 03:23:00,1.996,1.996,1.996,1.996,0
2019-11-25 03:22:00,1.996,1.996,1.996,1.996,0
2019-11-25 03:21:00,1.996,1.996,1.996,1.996,0
2019-11-25 03:20:00,1.996,1.996,1.996,1.996,0
2019-11-25 03:19:00,1.996,1.996,1.996,1.996,0
2019-11-25 03:18:00,1.996,1.996,1.996,1.996,0
2019-11-25 03:17:00,1.996,1.996,1.996,1.996,0
2019-11-25 03:16:00,1.996,1.996,1.996,1.996,0
2019-11-25 03:15:00,1.996,1.996,1.996,1.996,0
2019-11-25 03:14:00,1.996,1.996,1.996,1.996,8.5031
2019-11-25 03:13:00,1.996,1.996,1.996,1.996,0
2019-11-25 03:12:00,1.996,1.996,1.996,1.996,20
2019-11-25 03:11:00,1.996,1.996,1.996,1.996,0
2019-11-25 03:10:00,1.996,1.996,1.996,1.996,0
2019-11-25 03:09:00,1.996,1.996,1.996,1.996,0
2019-11-25 03:08:00,1.9953,1.996,1.9953,1.996,31.6503
2019-11-25 03:07:00,1.9962,1.9962,1.9958,1.9958,68.1201
2019-11-25 03:06:00,1.9969,1.9969,1.9969,1.9969,0
2019-11-25 03:05:00,1.9969,1.9969,1.9969,1.9969,0
2019-11-25 03:04:00,1.997,1.997,1.9962,1.9969,4036.4208
2019-11-25 03:03:00,1.9976,1.9976,1.997,1.997,420.7571
2019-11-25 03:02:00,1.9979,1.9979,1.9974,1.9977,48.4142
2019-11-25 03:01:00,1.9976,1.998,1.9976,1.998,1755.1659
2019-11-25 03:00:00,1.9976,1.998,1.9976,1.9976,645.57
2019-11-25 02:59:00,1.9988,1.9988,1.9979,1.998,1405.5464
2019-11-25 02:58:00,1.9995,1.9995,1.999,1.999,97.0044
2019-11-25 02:57:00,1.9995,1.9995,1.9994,1.9995,16
2019-11-25 02:56:00,1.9995,1.9995,1.9995,1.9995,4
2019-11-25 02:55:00,1.9995,1.9995,1.9995,1.9995,8
2019-11-25 02:54:00,1.9999,2.0004,1.9986,2.0004,393.8757
2019-11-25 02:53:00,1.9984,1.9993,1.9984,1.999,38.372
2019-11-25 02:52:00,1.998,2.0004,1.998,1.9982,670.053
2019-11-25 02:51:00,2.0002,2.0002,1.997,1.998,251.1688
2019-11-25 02:50:00,1.9938,2.0004,1.9938,1.9978,1568.0579
2019-11-25 02:49:00,1.9939,1.9957,1.9939,1.9939,78.9051
2019-11-25 02:48:00,1.9989,1.9989,1.9964,1.9964,16.909
2019-11-25 02:47:00,1.9994,2.001,1.9968,1.999,492.4039
2019-11-25 02:46:00,2.0019,2.0024,1.9975,2.0015,102.7648
2019-11-25 02:45:00,1.997,2.0028,1.997,2.0018,1650.2014
2019-11-25 02:44:00,1.9998,1.9998,1.996,1.9995,8696.3596
2019-11-25 02:43:00,1.9986,1.9998,1.9969,1.9998,4357.4739
2019-11-25 02:42:00,1.9987,2.0001,1.9984,1.9985,1681.3287
2019-11-25 02:41:00,1.9984,2,1.9984,2,5076.4207
2019-11-25 02:40:00,1.9981,2.0001,1.9957,1.9983,6125.7842
2019-11-25 02:39:00,1.9961,2.0005,1.9961,1.9981,5690.7283
2019-11-25 02:38:00,1.9969,1.9975,1.9952,1.9952,3626.7091
2019-11-25 02:37:00,1.9952,1.9968,1.9952,1.9961,1138.3509
2019-11-25 02:36:00,1.9963,1.9963,1.9944,1.9963,4852.2482
2019-11-25 02:35:00,1.9977,1.9991,1.9963,1.9963,14557.6939
2019-11-25 02:34:00,1.9975,1.9992,1.9941,1.9967,9180.4541
2019-11-25 02:33:00,1.9958,2.0003,1.9958,1.9976,1410.3341
2019-11-25 02:32:00,1.998,2.0005,1.9935,1.996,8517.5855
2019-11-25 02:31:00,2.001,2.001,1.9963,1.9976,20735.9093
2019-11-25 02:30:00,2.0017,2.0038,1.993,1.9996,17774.4805
2019-11-25 02:29:00,2.0017,2.0062,1.9989,2.0033,15724.1489
2019-11-25 02:28:00,2.0017,2.0047,2.0012,2.0023,4011.6945
2019-11-25 02:27:00,2.0044,2.0084,1.9969,2.002,26416.2188
2019-11-25 02:26:00,2.0077,2.0111,2.0028,2.0111,4766.6287
2019-11-25 02:25:00,2.0122,2.0124,2.003,2.0124,57837.3969
2019-11-25 02:24:00,2.0149,2.0149,2.0112,2.0122,1816.3015
2019-11-25 02:23:00,2.0123,2.0123,2.0101,2.0112,841.246
2019-11-25 02:22:00,2.0105,2.0178,2.0101,2.0121,3606.5969
2019-11-25 02:21:00,2.0139,2.0169,2.0094,2.0094,5305.9363
2019-11-25 02:20:00,2.0139,2.017,2.0137,2.0166,1162.4224
2019-11-25 02:19:00,2.0135,2.0169,2.0126,2.0162,2539.7093
2019-11-25 02:18:00,2.0167,2.0171,2.0123,2.0125,9070.4386
2019-11-25 02:17:00,2.0115,2.0154,2.0104,2.0154,1257.5519
2019-11-25 02:16:00,2.0134,2.0164,2.0092,2.0164,9820.7909
2019-11-25 02:15:00,2.014,2.0141,2.0111,2.013,1949.3229
2019-11-25 02:14:00,2.0129,2.0185,2.0082,2.0185,2227.3123
2019-11-25 02:13:00,2.0108,2.0188,2.0075,2.0137,4262.9875
2019-11-25 02:12:00,2.0099,2.0132,2.0075,2.012,2835.8402
2019-11-25 02:11:00,2.0102,2.0122,2.0073,2.0115,4912.4498
2019-11-25 02:10:00,2.0129,2.0129,2.0081,2.0109,4044.9388
2019-11-25 02:09:00,2.0167,2.0167,2.0081,2.0081,15695.88
2019-11-25 02:08:00,2.0139,2.0169,2.0139,2.0156,2232.7211
2019-11-25 02:07:00,2.0173,2.0173,2.0148,2.0159,760.1262
2019-11-25 02:06:00,2.0216,2.0216,2.0155,2.018,4740.7308
2019-11-25 02:05:00,2.0174,2.0214,2.0174,2.019,4772.3898
2019-11-25 02:04:00,2.0126,2.0184,2.0126,2.0184,7459.8317
2019-11-25 02:03:00,2.0117,2.012,2.0101,2.012,1042.0415
2019-11-25 02:02:00,2.0089,2.0136,2.0088,2.0093,10414.4283
2019-11-25 02:01:00,2.005,2.0115,2.005,2.0097,6976.7319
2019-11-25 02:00:00,2.0074,2.0091,2.005,2.0051,6420.7512
2019-11-25 01:59:00,2.0081,2.0086,2.007,2.0081,632.0269
2019-11-25 01:58:00,2.0068,2.0093,2.0068,2.0093,3551.6094
2019-11-25 01:57:00,2.0084,2.0088,2.0073,2.0073,1856.2203
2019-11-25 01:56:00,2.0065,2.0133,2.0065,2.009,13666.5664
2019-11-25 01:55:00,2.0186,2.0186,2.0071,2.0071,2003.995
2019-11-25 01:54:00,2.0149,2.0149,2.0102,2.0143,3393.3921
2019-11-25 01:53:00,2.0124,2.0192,2.0061,2.0145,3548.67
2019-11-25 01:52:00,2.0144,2.0172,2.011,2.0125,3118.3838
2019-11-25 01:51:00,2.0085,2.0145,2.0069,2.0145,5108.7282
2019-11-25 01:50:00,2.0107,2.0108,2.0078,2.0078,11103.8133
2019-11-25 01:49:00,2.0067,2.0105,2.0065,2.0104,2017.1257
2019-11-25 01:48:00,2.0154,2.0164,2.0071,2.0071,8603.2998
2019-11-25 01:47:00,2.0146,2.0187,2.0129,2.0156,1876.5752
2019-11-25 01:46:00,2.0129,2.0189,2.0122,2.0159,3380.7834
2019-11-25 01:45:00,2.0175,2.0191,2.0143,2.0191,3647.1977
2019-11-25 01:44:00,2.019,2.023,2.0164,2.0164,14223.4285
2019-11-25 01:43:00,2.0206,2.0257,2.0182,2.0186,23271.4165
2019-11-25 01:42:00,2.0257,2.0257,2.021,2.021,4773.4804
2019-11-25 01:41:00,2.0221,2.0257,2.022,2.0249,6582.915
2019-11-25 01:40:00,2.0212,2.0244,2.0197,2.0224,5347.2133
2019-11-25 01:39:00,2.0206,2.0211,2.0141,2.0203,1967.769
2019-11-25 01:38:00,2.0167,2.0182,2.0157,2.018,1117.0749
2019-11-25 01:37:00,2.0155,2.018,2.013,2.018,2680.7058
2019-11-25 01:36:00,2.0179,2.0179,2.0129,2.0167,9130.7111
2019-11-25 01:35:00,2.018,2.0225,2.018,2.0187,2409.5194
2019-11-25 01:34:00,2.0216,2.0222,2.0182,2.0182,11818.9773
2019-11-25 01:33:00,2.02,2.0238,2.018,2.018,4454.7399
2019-11-25 01:32:00,2.0144,2.0264,2.0144,2.019,30772.4271
2019-11-25 01:31:00,2.0096,2.0161,2.0096,2.0161,14171.4563
2019-11-25 01:30:00,2.0061,2.0087,2.0033,2.0086,1482.045
2019-11-25 01:29:00,2.0072,2.0075,2.0064,2.0064,1381.6644
2019-11-25 01:28:00,2.0053,2.006,2.0023,2.0041,2552.3749
2019-11-25 01:27:00,2.0026,2.0078,2.0013,2.0036,4479.9407
2019-11-25 01:26:00,2.0034,2.0057,2.0028,2.0035,1843.3925
2019-11-25 01:25:00,2.0028,2.0036,2.0008,2.0012,1605.1366
2019-11-25 01:24:00,2.0031,2.0086,2.0002,2.0034,9163.7414
2019-11-25 01:23:00,2.0032,2.006,2.0003,2.0003,2404.5623
2019-11-25 01:22:00,2.0007,2.0043,2.0007,2.0008,13228.9244
2019-11-25 01:21:00,2.0087,2.0125,2,2,9749.8268
2019-11-25 01:20:00,2.0069,2.0126,2.0046,2.0087,4270.9202
2019-11-25 01:19:00,2.0114,2.0114,2.0039,2.007,1670.7294
2019-11-25 01:18:00,2.0088,2.0112,2.0086,2.0112,1890.3159
2019-11-25 01:17:00,2.0016,2.01,2.0016,2.0056,8497.7265
2019-11-25 01:16:00,2.0038,2.0062,2.0038,2.0052,4169.0389
2019-11-25 01:15:00,2.004,2.0062,2.0038,2.005,9465.7239
2019-11-25 01:14:00,1.9998,2.0037,1.9982,2.0037,20870.1422
2019-11-25 01:13:00,1.9964,1.9998,1.9961,1.9989,5221.2513
2019-11-25 01:12:00,1.9958,1.9995,1.9939,1.9939,13865.4355
2019-11-25 01:11:00,1.9982,1.9985,1.9935,1.9983,3807.7279
2019-11-25 01:10:00,1.9953,1.9999,1.9953,1.9968,9822.5538
2019-11-25 01:09:00,1.9955,1.9999,1.9955,1.9966,2751.818
2019-11-25 01:08:00,1.9998,1.9999,1.9944,1.9944,1295.2028
2019-11-25 01:07:00,2,2,1.9953,1.9999,511.9252
2019-11-25 01:06:00,1.9945,2.0035,1.9917,1.9917,6570.2134
2019-11-25 01:05:00,2.0031,2.0036,1.9971,1.9971,10663.9936
2019-11-25 01:04:00,1.9948,2.0032,1.9948,2.001,8681.9346
2019-11-25 01:03:00,1.9868,2.0026,1.9868,2.0026,20464.8921
2019-11-25 01:02:00,1.9974,1.9981,1.9783,1.9881,9578.5499
2019-11-25 01:01:00,1.9766,1.9994,1.9766,1.9947,29613.7779
2019-11-25 01:00:00,1.9746,1.976,1.9743,1.976,3186.755
2019-11-25 00:59:00,1.9713,1.9747,1.9708,1.9746,17458.6717
2019-11-25 00:58:00,1.971,1.9774,1.9701,1.9732,19908.52
2019-11-25 00:57:00,1.9651,1.9716,1.9651,1.9716,21634.2393
2019-11-25 00:56:00,1.9634,1.9659,1.9608,1.9638,1924.535
2019-11-25 00:55:00,1.96,1.964,1.96,1.9632,11694.416
2019-11-25 00:54:00,1.9603,1.9607,1.9599,1.9599,1102.5468
2019-11-25 00:53:00,1.9598,1.9603,1.9596,1.9603,3650.7028
2019-11-25 00:52:00,1.9606,1.964,1.9597,1.9597,1735.1805
2019-11-25 00:51:00,1.957,1.9628,1.9549,1.9618,31497.1585
2019-11-25 00:50:00,1.955,1.9586,1.9533,1.9564,8163.952
2019-11-25 00:49:00,1.9524,1.957,1.9517,1.9551,2390.9565
2019-11-25 00:48:00,1.9489,1.9513,1.9489,1.9513,9881.2857
2019-11-25 00:47:00,1.9526,1.953,1.9465,1.9465,5118.9273
2019-11-25 00:46:00,1.9525,1.9531,1.9519,1.9519,1596.4752
2019-11-25 00:45:00,1.9561,1.9578,1.9512,1.9512,4981.6816
2019-11-25 00:44:00,1.9555,1.9594,1.9553,1.957,40951.2207
2019-11-25 00:43:00,1.9544,1.9564,1.9523,1.9556,6369.4048
2019-11-25 00:42:00,1.9555,1.9561,1.9511,1.9527,7957.1124
2019-11-25 00:41:00,1.9544,1.9569,1.95,1.9569,7604.4798
2019-11-25 00:40:00,1.9563,1.9571,1.9508,1.9534,4136.4932
2019-11-25 00:39:00,1.955,1.9576,1.9549,1.9573,8733.0742
2019-11-25 00:38:00,1.9619,1.9619,1.951,1.9573,7278.8426
2019-11-25 00:37:00,1.9563,1.96,1.9563,1.96,10796.9986
2019-11-25 00:36:00,1.9524,1.96,1.9524,1.9563,5648.9599
2019-11-25 00:35:00,1.9494,1.9581,1.949,1.9523,15356.1703
2019-11-25 00:34:00,1.9494,1.9499,1.9489,1.9494,2505.0923
2019-11-25 00:33:00,1.949,1.95,1.9459,1.9495,21148.7811
2019-11-25 00:32:00,1.9471,1.95,1.947,1.949,10911.6551
2019-11-25 00:31:00,1.95,1.95,1.9473,1.9498,38856.3233
2019-11-25 00:30:00,1.9458,1.95,1.9458,1.9499,7163.1958
2019-11-25 00:29:00,1.9479,1.9479,1.9458,1.946,2297.0528
2019-11-25 00:28:00,1.9489,1.9491,1.9469,1.9476,8493.9179
2019-11-25 00:27:00,1.9467,1.9494,1.9455,1.949,1922.5066
2019-11-25 00:26:00,1.9487,1.9499,1.9454,1.948,7260.9653
2019-11-25 00:25:00,1.9471,1.95,1.9459,1.9491,9040.5543
2019-11-25 00:24:00,1.9542,1.955,1.9479,1.9479,12133.3695
2019-11-25 00:23:00,1.9551,1.9576,1.9535,1.9545,2966.283
2019-11-25 00:22:00,1.964,1.9641,1.9514,1.9582,14248.3871
2019-11-25 00:21:00,1.9533,1.9641,1.9525,1.9641,17099.182
2019-11-25 00:20:00,1.9478,1.9621,1.9463,1.9577,23652.494
2019-11-25 00:19:00,1.9475,1.9499,1.9475,1.9479,4547.8583
2019-11-25 00:18:00,1.9478,1.9549,1.9465,1.9466,49141.6726
2019-11-25 00:17:00,1.9499,1.95,1.945,1.9456,29307.3642
2019-11-25 00:16:00,1.95,1.9542,1.94,1.9476,74124.855
2019-11-25 00:15:00,1.9524,1.9574,1.95,1.95,56915.809
2019-11-25 00:14:00,1.9611,1.9611,1.95,1.9509,45842.0599
2019-11-25 00:13:00,1.9634,1.9636,1.95,1.95,21632.2979
2019-11-25 00:12:00,1.9681,1.9681,1.96,1.9627,11195.206
2019-11-25 00:11:00,1.966,1.9701,1.9632,1.9682,3517.6343
2019-11-25 00:10:00,1.9727,1.9763,1.9666,1.9668,16108.7461
2019-11-25 00:09:00,1.9773,1.98,1.9697,1.98,8505.3219
2019-11-25 00:08:00,1.9858,1.9858,1.9711,1.9742,21099.2013
2019-11-25 00:07:00,1.9825,1.99,1.9798,1.9867,46403.6261
2019-11-25 00:06:00,1.9777,1.9838,1.9772,1.9825,5880.3881
2019-11-25 00:05:00,1.9782,1.9815,1.971,1.9768,13189.9515
2019-11-25 00:04:00,1.9781,1.9814,1.9745,1.9814,6826.1833
2019-11-25 00:03:00,1.9801,1.9878,1.9745,1.9745,22246.5195
2019-11-25 00:02:00,1.9599,1.9934,1.9599,1.9839,92890.9005
2019-11-25 00:01:00,1.9631,1.9641,1.95,1.96,228016.0127
2019-11-25 00:00:00,1.9643,1.9679,1.9604,1.9656,19539.3639
