2019-12-01 23:59:00,2.4127,2.415,2.4108,2.415,9751.4949
2019-12-01 23:58:00,2.4118,2.415,2.4103,2.4129,5518.9449
2019-12-01 23:57:00,2.4139,2.4139,2.4107,2.412,5153.4627
2019-12-01 23:56:00,2.4121,2.4172,2.4091,2.4148,10134.8281
2019-12-01 23:55:00,2.4229,2.4231,2.4091,2.4092,19253.7033
2019-12-01 23:54:00,2.4276,2.4276,2.4223,2.4224,6881.024
2019-12-01 23:53:00,2.4278,2.429,2.4264,2.4265,4381.6515
2019-12-01 23:52:00,2.4272,2.4292,2.4256,2.4277,5924.4847
2019-12-01 23:51:00,2.4235,2.43,2.4222,2.43,7646.8268
2019-12-01 23:50:00,2.4243,2.4243,2.4223,2.4232,846.9102
2019-12-01 23:49:00,2.4252,2.4262,2.4252,2.4252,6331.8235
2019-12-01 23:48:00,2.4252,2.4253,2.4248,2.4253,6208.8782
2019-12-01 23:47:00,2.4211,2.4262,2.42,2.4243,21561.8857
2019-12-01 23:46:00,2.4215,2.4245,2.418,2.4211,6023.606
2019-12-01 23:45:00,2.425,2.4262,2.4178,2.4235,73713.2252
2019-12-01 23:44:00,2.4153,2.424,2.4153,2.421,5589.3807
2019-12-01 23:43:00,2.4202,2.4252,2.415,2.4206,7878.6716
2019-12-01 23:42:00,2.424,2.426,2.4202,2.4213,3938.6927
2019-12-01 23:41:00,2.416,2.428,2.4152,2.4256,20562.4042
2019-12-01 23:40:00,2.423,2.423,2.4152,2.4152,12156.3954
2019-12-01 23:39:00,2.4259,2.4286,2.4231,2.4231,1514.4983
2019-12-01 23:38:00,2.4228,2.4281,2.42,2.4238,21413.3913
2019-12-01 23:37:00,2.4217,2.4236,2.4204,2.4231,5537.1348
2019-12-01 23:36:00,2.4232,2.4232,2.4202,2.4202,3174.2092
2019-12-01 23:35:00,2.4236,2.4236,2.4201,2.4231,12927.1825
2019-12-01 23:34:00,2.4319,2.4319,2.4201,2.4221,10667.4547
2019-12-01 23:33:00,2.4286,2.4327,2.4274,2.4274,6682.5991
2019-12-01 23:32:00,2.4361,2.438,2.429,2.4304,5001.3051
2019-12-01 23:31:00,2.4443,2.4443,2.437,2.437,5104.9474
2019-12-01 23:30:00,2.4416,2.446,2.4414,2.4439,1704.8634
2019-12-01 23:29:00,2.4424,2.4426,2.4388,2.4392,3848.2857
2019-12-01 23:28:00,2.4459,2.4464,2.4384,2.4453,13626.4279
2019-12-01 23:27:00,2.426,2.4456,2.426,2.4456,24064.925
2019-12-01 23:26:00,2.4266,2.4266,2.4229,2.425,6271.0021
2019-12-01 23:25:00,2.4295,2.43,2.42,2.426,27538.4014
2019-12-01 23:24:00,2.4319,2.4319,2.4291,2.4291,14673.0198
2019-12-01 23:23:00,2.4318,2.432,2.4317,2.4317,2622.6706
2019-12-01 23:22:00,2.4352,2.4359,2.4318,2.4318,16195.5767
2019-12-01 23:21:00,2.4351,2.436,2.4351,2.4355,1908.6487
2019-12-01 23:20:00,2.4409,2.4409,2.4349,2.4354,20054.0915
2019-12-01 23:19:00,2.4467,2.4467,2.437,2.4409,22708.3029
2019-12-01 23:18:00,2.4526,2.4526,2.4444,2.4489,16291.979
2019-12-01 23:17:00,2.4501,2.4548,2.4489,2.451,29445.154
2019-12-01 23:16:00,2.4525,2.4567,2.45,2.4525,20611.074
2019-12-01 23:15:00,2.4567,2.4589,2.4505,2.4525,23778.9359
2019-12-01 23:14:00,2.451,2.461,2.4505,2.4551,9598.8585
2019-12-01 23:13:00,2.4544,2.4584,2.4501,2.451,21825.618
2019-12-01 23:12:00,2.4518,2.4591,2.45,2.4503,33440.9976
2019-12-01 23:11:00,2.4502,2.4607,2.45,2.456,46370.5962
2019-12-01 23:10:00,2.4647,2.466,2.45,2.45,19963.1164
2019-12-01 23:09:00,2.4666,2.4729,2.46,2.4667,61419.5724
2019-12-01 23:08:00,2.492,2.4944,2.4666,2.4666,59647.9169
2019-12-01 23:07:00,2.4985,2.4999,2.492,2.492,16884.4675
2019-12-01 23:06:00,2.4977,2.4983,2.4949,2.4983,6580.3982
2019-12-01 23:05:00,2.4999,2.5,2.4961,2.4975,5563.6021
2019-12-01 23:04:00,2.496,2.5,2.4951,2.4951,10623.323
2019-12-01 23:03:00,2.4953,2.5,2.4952,2.4999,4174.2188
2019-12-01 23:02:00,2.4985,2.4985,2.4951,2.4966,6947.1948
2019-12-01 23:01:00,2.4925,2.4985,2.487,2.4985,34606.0657
2019-12-01 23:00:00,2.4917,2.495,2.4917,2.4923,5012.5508
2019-12-01 22:59:00,2.4912,2.4925,2.4891,2.4917,11117.4048
2019-12-01 22:58:00,2.4905,2.4914,2.49,2.4908,2114.5186
2019-12-01 22:57:00,2.4917,2.4939,2.4904,2.4918,12029.1266
2019-12-01 22:56:00,2.4929,2.495,2.491,2.4918,7663.0873
2019-12-01 22:55:00,2.4927,2.495,2.4897,2.4914,5761.7919
2019-12-01 22:54:00,2.4913,2.495,2.4902,2.4942,10884.9003
2019-12-01 22:53:00,2.4908,2.495,2.4899,2.4926,644.9179
2019-12-01 22:52:00,2.4915,2.495,2.4886,2.4911,10395.5383
2019-12-01 22:51:00,2.4865,2.49,2.4865,2.49,1650.5032
2019-12-01 22:50:00,2.4886,2.4886,2.4861,2.4866,6014.62
2019-12-01 22:49:00,2.4929,2.4929,2.4869,2.4894,6091.7891
2019-12-01 22:48:00,2.4905,2.495,2.4898,2.4938,12534.2674
2019-12-01 22:47:00,2.486,2.4909,2.4855,2.4885,11474.7348
2019-12-01 22:46:00,2.4897,2.49,2.4835,2.4866,12590.7028
2019-12-01 22:45:00,2.4852,2.49,2.4852,2.4896,5307.1784
2019-12-01 22:44:00,2.483,2.4872,2.4823,2.4872,7556.0988
2019-12-01 22:43:00,2.486,2.486,2.4805,2.4812,7703.3018
2019-12-01 22:42:00,2.4847,2.4895,2.48,2.4808,28268.4176
2019-12-01 22:41:00,2.4917,2.493,2.48,2.4855,85320.0007
2019-12-01 22:40:00,2.4956,2.4956,2.49,2.4915,18691.6002
2019-12-01 22:39:00,2.4969,2.497,2.4963,2.4969,4527.6545
2019-12-01 22:38:00,2.4979,2.4981,2.4956,2.4962,2108.9248
2019-12-01 22:37:00,2.4989,2.4998,2.4978,2.4981,5717.68
2019-12-01 22:36:00,2.499,2.4999,2.4979,2.4998,4127.3556
2019-12-01 22:35:00,2.501,2.5014,2.4981,2.4988,9483.1101
2019-12-01 22:34:00,2.5009,2.502,2.5,2.5012,6141.0265
2019-12-01 22:33:00,2.5007,2.502,2.4981,2.4981,2683.7822
2019-12-01 22:32:00,2.5025,2.5025,2.5,2.5011,601.8036
2019-12-01 22:31:00,2.502,2.5044,2.4992,2.5026,5993.2267
2019-12-01 22:30:00,2.4994,2.5048,2.4981,2.5028,21897.5171
2019-12-01 22:29:00,2.5041,2.5048,2.499,2.5,10924.1315
2019-12-01 22:28:00,2.5046,2.5048,2.5041,2.5045,3846.5985
2019-12-01 22:27:00,2.5045,2.5048,2.5045,2.5046,6504.3996
2019-12-01 22:26:00,2.5043,2.5048,2.5043,2.5046,17806.0318
2019-12-01 22:25:00,2.5044,2.5044,2.5033,2.5042,8938.5336
2019-12-01 22:24:00,2.5045,2.5048,2.5044,2.5044,7158.1729
2019-12-01 22:23:00,2.5114,2.512,2.5037,2.5045,15384.793
2019-12-01 22:22:00,2.5046,2.5114,2.5,2.5114,11601.9838
2019-12-01 22:21:00,2.5041,2.5062,2.5032,2.5062,1390.7576
2019-12-01 22:20:00,2.5,2.5063,2.4995,2.5063,9527.8725
2019-12-01 22:19:00,2.518,2.518,2.4991,2.4991,123434.9369
2019-12-01 22:18:00,2.5209,2.521,2.5185,2.5185,2637.882
2019-12-01 22:17:00,2.5204,2.5209,2.5195,2.5195,4384.2123
2019-12-01 22:16:00,2.5205,2.521,2.5193,2.5193,27533.5446
2019-12-01 22:15:00,2.522,2.522,2.52,2.52,4898.3813
2019-12-01 22:14:00,2.5224,2.523,2.521,2.522,7803.8208
2019-12-01 22:13:00,2.5247,2.5247,2.52,2.5223,29362.0234
2019-12-01 22:12:00,2.528,2.53,2.525,2.525,17753.4781
2019-12-01 22:11:00,2.5282,2.53,2.5267,2.5286,2220.279
2019-12-01 22:10:00,2.5278,2.5298,2.5269,2.5281,7158.7081
2019-12-01 22:09:00,2.5255,2.5275,2.5231,2.5245,4586.3546
2019-12-01 22:08:00,2.5242,2.526,2.5221,2.5229,8721.488
2019-12-01 22:07:00,2.5274,2.5284,2.5242,2.5242,16664.5628
2019-12-01 22:06:00,2.525,2.5298,2.5243,2.5279,11379.7237
2019-12-01 22:05:00,2.5266,2.527,2.5244,2.5249,3178.7718
2019-12-01 22:04:00,2.5289,2.529,2.5237,2.525,5203.7552
2019-12-01 22:03:00,2.5258,2.5281,2.5221,2.5278,4878.8637
2019-12-01 22:02:00,2.5257,2.53,2.5213,2.5276,6518.8019
2019-12-01 22:01:00,2.5296,2.5319,2.52,2.52,47955.4254
2019-12-01 22:00:00,2.5167,2.5296,2.5142,2.5283,31846.9994
2019-12-01 21:59:00,2.5158,2.5198,2.5128,2.5198,5885.4645
2019-12-01 21:58:00,2.5154,2.5188,2.5127,2.5179,10540.3377
2019-12-01 21:57:00,2.519,2.5198,2.5124,2.5181,11359.7232
2019-12-01 21:56:00,2.5097,2.5199,2.5097,2.519,23307.2221
2019-12-01 21:55:00,2.5096,2.5143,2.5049,2.5143,25941.2711
2019-12-01 21:54:00,2.5009,2.509,2.5009,2.509,3704.8037
2019-12-01 21:53:00,2.5058,2.5089,2.5008,2.5033,12732.6499
2019-12-01 21:52:00,2.5034,2.5058,2.4977,2.504,25908.2434
2019-12-01 21:51:00,2.5098,2.51,2.498,2.5055,18407.4799
2019-12-01 21:50:00,2.5041,2.51,2.5034,2.51,5226.4315
2019-12-01 21:49:00,2.5024,2.5093,2.5024,2.5093,6528.3943
2019-12-01 21:48:00,2.5062,2.5078,2.5024,2.5065,13782.3478
2019-12-01 21:47:00,2.499,2.51,2.499,2.51,19981.291
2019-12-01 21:46:00,2.4994,2.5,2.4947,2.499,8966.8909
2019-12-01 21:45:00,2.4849,2.501,2.4812,2.5,26344.4131
2019-12-01 21:44:00,2.4785,2.485,2.4763,2.4824,18957.2986
2019-12-01 21:43:00,2.496,2.496,2.479,2.479,21011.0393
2019-12-01 21:42:00,2.5028,2.5038,2.4959,2.4959,7294.7051
2019-12-01 21:41:00,2.5089,2.509,2.5,2.5,14504.6661
2019-12-01 21:40:00,2.5123,2.513,2.504,2.5089,11464.9848
2019-12-01 21:39:00,2.5171,2.5172,2.513,2.5132,1156.6529
2019-12-01 21:38:00,2.5206,2.5215,2.5176,2.5176,3102.4937
2019-12-01 21:37:00,2.5279,2.5279,2.518,2.518,10153.3973
2019-12-01 21:36:00,2.5277,2.529,2.5246,2.5254,6138.8725
2019-12-01 21:35:00,2.5228,2.5278,2.5228,2.5277,13307.3764
2019-12-01 21:34:00,2.5307,2.5308,2.52,2.5228,32218.2379
2019-12-01 21:33:00,2.5277,2.5308,2.526,2.5308,18238.9113
2019-12-01 21:32:00,2.5282,2.5319,2.523,2.5274,9321.6437
2019-12-01 21:31:00,2.5056,2.5321,2.5,2.528,64602.2257
2019-12-01 21:30:00,2.5202,2.5202,2.5,2.5,81376.2223
2019-12-01 21:29:00,2.5301,2.5353,2.5154,2.5187,21255.5638
2019-12-01 21:28:00,2.5373,2.5379,2.52,2.5322,30192.3678
2019-12-01 21:27:00,2.5392,2.5392,2.5316,2.5338,2899.7425
2019-12-01 21:26:00,2.5389,2.54,2.5359,2.538,50603.8309
2019-12-01 21:25:00,2.538,2.539,2.535,2.535,20383.977
2019-12-01 21:24:00,2.5356,2.538,2.5354,2.537,4036.5508
2019-12-01 21:23:00,2.538,2.538,2.5353,2.5367,797.6846
2019-12-01 21:22:00,2.5375,2.538,2.5352,2.538,4119.7202
2019-12-01 21:21:00,2.5363,2.5376,2.5352,2.5376,7338.4195
2019-12-01 21:20:00,2.5366,2.5376,2.5357,2.5357,3174.3754
2019-12-01 21:19:00,2.5363,2.5376,2.5353,2.5364,6437.0888
2019-12-01 21:18:00,2.5376,2.5376,2.535,2.5376,6992.0214
2019-12-01 21:17:00,2.5354,2.5376,2.534,2.5365,5563.3391
2019-12-01 21:16:00,2.535,2.5366,2.5345,2.5366,8238.7975
2019-12-01 21:15:00,2.535,2.535,2.5307,2.535,16805.9881
2019-12-01 21:14:00,2.532,2.535,2.5304,2.5335,14932.0822
2019-12-01 21:13:00,2.53,2.5347,2.528,2.532,21750.5386
2019-12-01 21:12:00,2.5331,2.5332,2.5288,2.53,22007.0418
2019-12-01 21:11:00,2.5346,2.5346,2.5327,2.5327,6771.3406
2019-12-01 21:10:00,2.5363,2.5366,2.5324,2.5347,20818.0765
2019-12-01 21:09:00,2.5345,2.5389,2.5324,2.5363,6207.2609
2019-12-01 21:08:00,2.5386,2.54,2.5323,2.5368,19622.1028
2019-12-01 21:07:00,2.5372,2.5397,2.5337,2.5379,7476.1891
2019-12-01 21:06:00,2.5391,2.54,2.5326,2.537,19621.0459
2019-12-01 21:05:00,2.5225,2.5391,2.5225,2.5334,1722.2275
2019-12-01 21:04:00,2.5168,2.522,2.5159,2.522,44777.3214
2019-12-01 21:03:00,2.5144,2.518,2.5144,2.5176,5890.1233
2019-12-01 21:02:00,2.5136,2.518,2.5132,2.518,5796.6803
2019-12-01 21:01:00,2.518,2.5185,2.5129,2.5151,15791.0755
2019-12-01 21:00:00,2.5207,2.527,2.5171,2.5185,35601.7182
2019-12-01 20:59:00,2.5303,2.5303,2.5183,2.5225,33279.6245
2019-12-01 20:58:00,2.5252,2.5329,2.524,2.5304,37532.3845
2019-12-01 20:57:00,2.5486,2.5486,2.5251,2.5339,13294.5089
2019-12-01 20:56:00,2.5498,2.5498,2.5421,2.5457,22550.8481
2019-12-01 20:55:00,2.5495,2.5499,2.546,2.5498,21218.6331
2019-12-01 20:54:00,2.5419,2.5495,2.5409,2.549,17508.011
2019-12-01 20:53:00,2.5152,2.542,2.5141,2.542,84792.3735
2019-12-01 20:52:00,2.5399,2.5407,2.513,2.5189,36790.8859
2019-12-01 20:51:00,2.5359,2.5409,2.533,2.54,50730.8295
2019-12-01 20:50:00,2.5323,2.5365,2.5306,2.5362,57928.3829
2019-12-01 20:49:00,2.5199,2.5339,2.5199,2.5305,48922.6561
2019-12-01 20:48:00,2.516,2.52,2.5147,2.5199,18663.7515
2019-12-01 20:47:00,2.5147,2.516,2.5119,2.516,21722.8891
2019-12-01 20:46:00,2.5136,2.5144,2.5113,2.5129,26854.4572
2019-12-01 20:45:00,2.5135,2.5166,2.5113,2.5116,7151.8358
2019-12-01 20:44:00,2.512,2.5135,2.5112,2.5135,6879.1339
2019-12-01 20:43:00,2.5077,2.5167,2.5073,2.5112,19530.9779
2019-12-01 20:42:00,2.5027,2.51,2.5017,2.5068,31574.6902
2019-12-01 20:41:00,2.5032,2.507,2.5014,2.5034,14483.9026
2019-12-01 20:40:00,2.5,2.505,2.5,2.504,25276.2943
2019-12-01 20:39:00,2.4979,2.5,2.4977,2.5,21499.2927
2019-12-01 20:38:00,2.4962,2.5,2.4962,2.4989,29240.8572
2019-12-01 20:37:00,2.4975,2.4976,2.4912,2.4959,31008.9567
2019-12-01 20:36:00,2.4984,2.5,2.4914,2.4952,23834.2568
2019-12-01 20:35:00,2.493,2.499,2.493,2.4985,21126.4979
2019-12-01 20:34:00,2.4857,2.493,2.4857,2.4927,91576.077
2019-12-01 20:33:00,2.4738,2.488,2.4728,2.488,44518.3354
2019-12-01 20:32:00,2.4671,2.4736,2.4671,2.4736,25178.41
2019-12-01 20:31:00,2.466,2.4672,2.4645,2.4658,11380.6179
2019-12-01 20:30:00,2.4643,2.4672,2.4643,2.4654,10985.5567
2019-12-01 20:29:00,2.4629,2.4673,2.4629,2.4643,13077.8632
2019-12-01 20:28:00,2.464,2.4673,2.4625,2.4658,11786.0651
2019-12-01 20:27:00,2.462,2.465,2.4614,2.4648,2382.0439
2019-12-01 20:26:00,2.464,2.4655,2.461,2.4617,32514.1588
2019-12-01 20:25:00,2.465,2.4669,2.4631,2.465,3757.4038
2019-12-01 20:24:00,2.4659,2.466,2.462,2.4645,5557.7704
2019-12-01 20:23:00,2.4619,2.4667,2.4619,2.4627,5196.3559
2019-12-01 20:22:00,2.4621,2.4632,2.4618,2.4632,14286.1024
2019-12-01 20:21:00,2.461,2.4629,2.4607,2.4623,4786.1608
2019-12-01 20:20:00,2.4605,2.4611,2.46,2.4606,33383.7258
2019-12-01 20:19:00,2.4599,2.4605,2.4599,2.4603,2269.2802
2019-12-01 20:18:00,2.4599,2.4599,2.4599,2.4599,15104.1592
2019-12-01 20:17:00,2.4581,2.4599,2.456,2.4598,16975.4459
2019-12-01 20:16:00,2.453,2.4599,2.452,2.4576,34543.5385
2019-12-01 20:15:00,2.4524,2.453,2.4519,2.4521,6880.6175
2019-12-01 20:14:00,2.452,2.453,2.452,2.4521,1042.048
2019-12-01 20:13:00,2.4512,2.453,2.4497,2.453,2954.8435
2019-12-01 20:12:00,2.4512,2.4519,2.4512,2.4512,902.0037
2019-12-01 20:11:00,2.4498,2.4526,2.4495,2.4498,6766.5626
2019-12-01 20:10:00,2.45,2.4509,2.4478,2.4497,2217.2053
2019-12-01 20:09:00,2.4508,2.4511,2.4485,2.45,4923.0057
2019-12-01 20:08:00,2.449,2.4503,2.449,2.4491,5047.2773
2019-12-01 20:07:00,2.4505,2.4505,2.449,2.449,5065.6132
2019-12-01 20:06:00,2.45,2.4516,2.4478,2.4492,1392.4995
2019-12-01 20:05:00,2.4486,2.4504,2.448,2.45,12183.4597
2019-12-01 20:04:00,2.4512,2.452,2.4481,2.4494,5686.687
2019-12-01 20:03:00,2.4497,2.4516,2.4481,2.4481,2545.5664
2019-12-01 20:02:00,2.4505,2.4525,2.4485,2.4497,5091.3135
2019-12-01 20:01:00,2.4487,2.4529,2.4475,2.4503,10325.4792
2019-12-01 20:00:00,2.4486,2.4498,2.4465,2.4498,6934.7702
2019-12-01 19:59:00,2.4482,2.4493,2.4478,2.4484,1954.8286
2019-12-01 19:58:00,2.4465,2.4493,2.4464,2.4482,11026.3945
2019-12-01 19:57:00,2.4469,2.4489,2.4464,2.4482,7709.4227
2019-12-01 19:56:00,2.4468,2.4475,2.4464,2.4469,2433.854
2019-12-01 19:55:00,2.4464,2.447,2.4464,2.4469,3004.7098
2019-12-01 19:54:00,2.4464,2.4464,2.4452,2.4464,4618.806
2019-12-01 19:53:00,2.4483,2.4494,2.4453,2.4458,7771.5168
2019-12-01 19:52:00,2.4475,2.449,2.4475,2.449,9656.1098
2019-12-01 19:51:00,2.4455,2.4477,2.4455,2.4475,6896.8902
2019-12-01 19:50:00,2.445,2.4465,2.445,2.4465,4489.868
2019-12-01 19:49:00,2.4449,2.445,2.4449,2.4449,161.3566
2019-12-01 19:48:00,2.445,2.445,2.4449,2.4449,2633.0065
2019-12-01 19:47:00,2.4446,2.445,2.4443,2.445,12130.4671
2019-12-01 19:46:00,2.4442,2.445,2.4442,2.4446,1484.4021
2019-12-01 19:45:00,2.4439,2.4446,2.4439,2.4444,18224.0645
2019-12-01 19:44:00,2.4439,2.444,2.4439,2.4439,3267.7967
2019-12-01 19:43:00,2.4435,2.444,2.4434,2.4439,5852.5884
2019-12-01 19:42:00,2.4433,2.4439,2.4433,2.4433,874.7713
2019-12-01 19:41:00,2.4428,2.444,2.4426,2.4428,1683.3709
2019-12-01 19:40:00,2.4425,2.4447,2.4417,2.4431,7466.2327
2019-12-01 19:39:00,2.4426,2.444,2.4415,2.4433,3311.6312
2019-12-01 19:38:00,2.4425,2.4436,2.4424,2.4426,2561.5984
2019-12-01 19:37:00,2.4416,2.4457,2.441,2.4442,19399.8249
2019-12-01 19:36:00,2.4438,2.4456,2.4416,2.4416,7696.315
2019-12-01 19:35:00,2.4425,2.4456,2.4415,2.4415,7613.892
2019-12-01 19:34:00,2.4448,2.4488,2.4441,2.4443,13337.5104
2019-12-01 19:33:00,2.4445,2.449,2.4445,2.4466,24797.5887
2019-12-01 19:32:00,2.4492,2.4492,2.4443,2.4443,5619.9163
2019-12-01 19:31:00,2.448,2.4516,2.4454,2.4516,9152.503
2019-12-01 19:30:00,2.444,2.4488,2.444,2.448,3000.4815
2019-12-01 19:29:00,2.4468,2.4468,2.4418,2.4443,556.2426
2019-12-01 19:28:00,2.4428,2.445,2.4399,2.445,10795.3383
2019-12-01 19:27:00,2.4531,2.4532,2.4401,2.4401,16050.1888
2019-12-01 19:26:00,2.4533,2.4536,2.4511,2.4531,7819.9339
2019-12-01 19:25:00,2.4546,2.4546,2.4511,2.4527,3776.0111
2019-12-01 19:24:00,2.456,2.4569,2.4544,2.4544,5902.9023
2019-12-01 19:23:00,2.4567,2.4582,2.4543,2.4569,15256.1705
2019-12-01 19:22:00,2.4559,2.4567,2.4549,2.4563,11176.2168
2019-12-01 19:21:00,2.4559,2.456,2.4515,2.4524,8785.2876
2019-12-01 19:20:00,2.452,2.456,2.452,2.4543,7479.5813
2019-12-01 19:19:00,2.4502,2.4548,2.4502,2.4526,2236.6245
2019-12-01 19:18:00,2.4545,2.4563,2.4502,2.4526,30011.151
2019-12-01 19:17:00,2.4499,2.4555,2.4499,2.4502,25528.2323
2019-12-01 19:16:00,2.4452,2.45,2.4451,2.4475,26896.4044
2019-12-01 19:15:00,2.4436,2.4452,2.4412,2.4452,2384.9124
2019-12-01 19:14:00,2.4426,2.4486,2.4402,2.4467,36301.1222
2019-12-01 19:13:00,2.4371,2.4449,2.4371,2.4408,75607.301
2019-12-01 19:12:00,2.4369,2.4393,2.4355,2.4366,7747.8769
2019-12-01 19:11:00,2.4352,2.4397,2.4351,2.4397,2039.262
2019-12-01 19:10:00,2.4352,2.4392,2.4352,2.4359,6054.5882
2019-12-01 19:09:00,2.4409,2.4409,2.4361,2.4374,3963.6282
2019-12-01 19:08:00,2.4432,2.4432,2.44,2.44,6894.8956
2019-12-01 19:07:00,2.4379,2.4422,2.4379,2.4422,12673.5997
2019-12-01 19:06:00,2.4316,2.4392,2.4305,2.4384,18111.6594
2019-12-01 19:05:00,2.4261,2.4316,2.4261,2.4309,51289.1861
2019-12-01 19:04:00,2.4231,2.4265,2.4231,2.4252,8904.9237
2019-12-01 19:03:00,2.4249,2.4249,2.4225,2.4237,4628.2451
2019-12-01 19:02:00,2.4249,2.4249,2.4222,2.4233,5713.8016
2019-12-01 19:01:00,2.424,2.4249,2.4212,2.4249,3033.1964
2019-12-01 19:00:00,2.4214,2.4245,2.4191,2.424,2424.5796
2019-12-01 18:59:00,2.419,2.4246,2.419,2.4218,1893.2499
2019-12-01 18:58:00,2.414,2.4191,2.414,2.4186,12914.2707
2019-12-01 18:57:00,2.413,2.4157,2.413,2.4136,6859.0465
2019-12-01 18:56:00,2.4144,2.4177,2.4129,2.4163,10277.1431
2019-12-01 18:55:00,2.4134,2.4155,2.4103,2.4153,6114.1097
2019-12-01 18:54:00,2.4192,2.4196,2.41,2.416,21276.6733
2019-12-01 18:53:00,2.4199,2.42,2.4164,2.418,2634.3016
2019-12-01 18:52:00,2.4246,2.4246,2.4184,2.4189,5889.1496
2019-12-01 18:51:00,2.4203,2.424,2.4194,2.423,7212.6453
2019-12-01 18:50:00,2.4213,2.4249,2.4159,2.424,11472.2321
2019-12-01 18:49:00,2.4296,2.4297,2.421,2.4248,15827.4437
2019-12-01 18:48:00,2.4299,2.43,2.428,2.4298,7560.7924
2019-12-01 18:47:00,2.4299,2.43,2.4281,2.429,15701.4749
2019-12-01 18:46:00,2.4292,2.4299,2.428,2.4299,15557.6826
2019-12-01 18:45:00,2.4284,2.4299,2.4282,2.4291,4622.2346
2019-12-01 18:44:00,2.4248,2.4299,2.4242,2.4299,18113.8787
2019-12-01 18:43:00,2.4278,2.429,2.4253,2.4271,6350.9628
2019-12-01 18:42:00,2.4278,2.428,2.4234,2.4255,6892.3196
2019-12-01 18:41:00,2.4185,2.4278,2.4185,2.4278,40050.2292
2019-12-01 18:40:00,2.4178,2.4192,2.4152,2.4192,12280.7853
2019-12-01 18:39:00,2.4096,2.42,2.4096,2.4128,22180.5338
2019-12-01 18:38:00,2.41,2.41,2.4095,2.4096,5882.2736
2019-12-01 18:37:00,2.4099,2.41,2.4098,2.4099,7756.2719
2019-12-01 18:36:00,2.4081,2.41,2.4074,2.4097,5496.2148
2019-12-01 18:35:00,2.4099,2.41,2.4063,2.4063,7749.5807
2019-12-01 18:34:00,2.4071,2.41,2.4061,2.4088,2583.5788
2019-12-01 18:33:00,2.4047,2.4099,2.4039,2.4071,12052.8735
2019-12-01 18:32:00,2.4097,2.4099,2.4041,2.4057,5582.4567
2019-12-01 18:31:00,2.4056,2.4099,2.4053,2.4091,18057.3594
2019-12-01 18:30:00,2.4084,2.4099,2.4029,2.4067,11116.6141
2019-12-01 18:29:00,2.4076,2.4084,2.4047,2.4084,10606.7621
2019-12-01 18:28:00,2.4044,2.4079,2.4016,2.4076,4279.5947
2019-12-01 18:27:00,2.3974,2.4085,2.3947,2.3986,13136.5322
2019-12-01 18:26:00,2.3921,2.3999,2.392,2.3945,23404.0589
2019-12-01 18:25:00,2.3899,2.3928,2.3891,2.3928,41125.232
2019-12-01 18:24:00,2.3899,2.3899,2.3877,2.3891,2806.4678
2019-12-01 18:23:00,2.3882,2.39,2.3877,2.3877,10183.6918
2019-12-01 18:22:00,2.388,2.39,2.385,2.3899,9655.0325
2019-12-01 18:21:00,2.387,2.39,2.387,2.39,2886.7766
2019-12-01 18:20:00,2.39,2.39,2.384,2.388,6857.3357
2019-12-01 18:19:00,2.3899,2.39,2.3893,2.39,4654.3563
2019-12-01 18:18:00,2.3882,2.39,2.388,2.3899,14342.6572
2019-12-01 18:17:00,2.3882,2.39,2.3882,2.3885,1819.817
2019-12-01 18:16:00,2.3875,2.39,2.3854,2.3882,3083.2691
2019-12-01 18:15:00,2.3875,2.39,2.3857,2.39,14186.8442
2019-12-01 18:14:00,2.3876,2.39,2.386,2.39,3487.7155
2019-12-01 18:13:00,2.3877,2.3898,2.3855,2.389,5561.3664
2019-12-01 18:12:00,2.387,2.3898,2.3847,2.3893,5014.2887
2019-12-01 18:11:00,2.3874,2.39,2.385,2.3873,3802.8575
2019-12-01 18:10:00,2.3847,2.3892,2.3847,2.3873,5177.7349
2019-12-01 18:09:00,2.3874,2.39,2.3859,2.39,2961.2766
2019-12-01 18:08:00,2.3877,2.39,2.3856,2.39,2317.8816
2019-12-01 18:07:00,2.389,2.39,2.3857,2.3899,9221.2502
2019-12-01 18:06:00,2.3817,2.39,2.3817,2.3876,11416.9202
2019-12-01 18:05:00,2.39,2.39,2.3869,2.3872,9955.6053
2019-12-01 18:04:00,2.3873,2.39,2.385,2.3872,3442.0101
2019-12-01 18:03:00,2.3873,2.39,2.3873,2.3879,1427.4948
2019-12-01 18:02:00,2.3896,2.39,2.3869,2.3872,11250.7176
2019-12-01 18:01:00,2.39,2.39,2.3894,2.3898,53661.8924
2019-12-01 18:00:00,2.3899,2.39,2.3891,2.39,2737.4762
2019-12-01 17:59:00,2.3898,2.39,2.389,2.3894,2429.254
2019-12-01 17:58:00,2.3896,2.39,2.3895,2.3896,3528.1506
2019-12-01 17:57:00,2.3894,2.39,2.3893,2.39,3734.2535
2019-12-01 17:56:00,2.3892,2.3899,2.3888,2.389,4958.3505
2019-12-01 17:55:00,2.3895,2.3895,2.389,2.3894,1184.0399
2019-12-01 17:54:00,2.39,2.39,2.3889,2.3894,4155.1528
2019-12-01 17:53:00,2.3886,2.39,2.3885,2.3888,39758.515
2019-12-01 17:52:00,2.3896,2.39,2.388,2.3898,6467.0356
2019-12-01 17:51:00,2.3869,2.3898,2.3836,2.3875,10092.9207
2019-12-01 17:50:00,2.3867,2.3896,2.3867,2.3896,2405.7871
2019-12-01 17:49:00,2.3871,2.3899,2.3823,2.389,24368.1069
2019-12-01 17:48:00,2.3857,2.3899,2.3856,2.3895,12972.1925
2019-12-01 17:47:00,2.3834,2.3899,2.3834,2.3899,21247.7502
2019-12-01 17:46:00,2.3847,2.387,2.38,2.3823,15301.6651
2019-12-01 17:45:00,2.3878,2.389,2.3847,2.3847,2589.2411
2019-12-01 17:44:00,2.3877,2.3894,2.3876,2.3878,7518.5814
2019-12-01 17:43:00,2.3873,2.3894,2.386,2.3877,6345.1444
2019-12-01 17:42:00,2.3868,2.3892,2.3864,2.3892,3798.8007
2019-12-01 17:41:00,2.3871,2.3871,2.3854,2.3864,9059.8284
2019-12-01 17:40:00,2.3863,2.3871,2.3861,2.3871,4430.3507
2019-12-01 17:39:00,2.3871,2.3871,2.3857,2.3871,9840.0403
2019-12-01 17:38:00,2.3871,2.3871,2.3853,2.3859,6921.7548
2019-12-01 17:37:00,2.3891,2.3892,2.387,2.3871,4984.3342
2019-12-01 17:36:00,2.3866,2.3892,2.3866,2.387,5060.6661
2019-12-01 17:35:00,2.3872,2.3894,2.385,2.385,1631.8743
2019-12-01 17:34:00,2.3861,2.3894,2.3852,2.3871,1987.2006
2019-12-01 17:33:00,2.3865,2.3879,2.3856,2.3856,10359.7699
2019-12-01 17:32:00,2.389,2.3894,2.3848,2.3869,7574.5671
2019-12-01 17:31:00,2.388,2.3894,2.3852,2.3872,3752.4503
2019-12-01 17:30:00,2.3872,2.3894,2.3849,2.3871,17831.422
2019-12-01 17:29:00,2.3894,2.3894,2.3854,2.3854,10496.7882
2019-12-01 17:28:00,2.3894,2.3894,2.3872,2.3878,1232.0928
2019-12-01 17:27:00,2.387,2.3894,2.3855,2.3875,3704.0382
2019-12-01 17:26:00,2.3853,2.3891,2.3853,2.387,8930.1803
2019-12-01 17:25:00,2.3859,2.3894,2.3859,2.3873,6026.6869
2019-12-01 17:24:00,2.387,2.3894,2.387,2.3874,587.5399
2019-12-01 17:23:00,2.3891,2.3894,2.3852,2.3886,11739.2095
2019-12-01 17:22:00,2.3891,2.3894,2.3891,2.3891,8339.5545
2019-12-01 17:21:00,2.3889,2.3894,2.3889,2.3891,7854.4245
2019-12-01 17:20:00,2.389,2.3891,2.3889,2.3891,1259.917
2019-12-01 17:19:00,2.389,2.3891,2.3889,2.3891,5527.8755
2019-12-01 17:18:00,2.3869,2.3891,2.3868,2.389,5010.4705
2019-12-01 17:17:00,2.3888,2.3891,2.3846,2.3889,3049.748
2019-12-01 17:16:00,2.388,2.3891,2.3869,2.3869,5064.6423
2019-12-01 17:15:00,2.3879,2.3889,2.3866,2.3888,7559.5209
2019-12-01 17:14:00,2.3891,2.3891,2.3864,2.3876,2588.6646
2019-12-01 17:13:00,2.3891,2.3894,2.3889,2.3891,2919.0441
2019-12-01 17:12:00,2.3891,2.3894,2.3888,2.3891,2697.993
2019-12-01 17:11:00,2.3887,2.3899,2.3885,2.3894,19211.6787
2019-12-01 17:10:00,2.3884,2.3888,2.3884,2.3885,2712.3007
2019-12-01 17:09:00,2.3891,2.3899,2.3885,2.3885,7323.825
2019-12-01 17:08:00,2.3891,2.3899,2.3882,2.3882,6737.5569
2019-12-01 17:07:00,2.3896,2.3898,2.3881,2.389,3683.5773
2019-12-01 17:06:00,2.3876,2.3899,2.3875,2.3881,3236.6132
2019-12-01 17:05:00,2.39,2.39,2.3858,2.3875,5201.9907
2019-12-01 17:04:00,2.39,2.39,2.3883,2.3885,1210.165
2019-12-01 17:03:00,2.3899,2.39,2.3863,2.3885,6625.1509
2019-12-01 17:02:00,2.3871,2.39,2.3861,2.3899,11484.151
2019-12-01 17:01:00,2.3848,2.3897,2.3846,2.3897,3405.5447
2019-12-01 17:00:00,2.3875,2.39,2.3844,2.3873,11159.3206
2019-12-01 16:59:00,2.3901,2.3909,2.3855,2.3875,3960.2356
2019-12-01 16:58:00,2.391,2.3922,2.389,2.3913,7650.7532
2019-12-01 16:57:00,2.391,2.3922,2.3902,2.3908,3929.3329
2019-12-01 16:56:00,2.3908,2.3922,2.3883,2.3902,1611.3886
2019-12-01 16:55:00,2.3908,2.3909,2.3894,2.3894,4324.2897
2019-12-01 16:54:00,2.3909,2.3909,2.3895,2.3908,8037.8921
2019-12-01 16:53:00,2.3909,2.3909,2.3884,2.3897,1819.0373
2019-12-01 16:52:00,2.3903,2.3906,2.3897,2.3899,1454.0178
2019-12-01 16:51:00,2.3904,2.3922,2.3904,2.3919,13999.1317
2019-12-01 16:50:00,2.3911,2.3922,2.389,2.3922,6124.9143
2019-12-01 16:49:00,2.3922,2.3922,2.3902,2.3911,4862.0911
2019-12-01 16:48:00,2.3988,2.399,2.3901,2.3911,13729.6094
2019-12-01 16:47:00,2.3951,2.399,2.3926,2.3958,16725.4139
2019-12-01 16:46:00,2.3978,2.399,2.3938,2.3977,3294.8626
2019-12-01 16:45:00,2.3979,2.399,2.3935,2.3957,7299.649
2019-12-01 16:44:00,2.3946,2.3979,2.394,2.3979,8851.8719
2019-12-01 16:43:00,2.3956,2.399,2.3917,2.3956,6855.1119
2019-12-01 16:42:00,2.3925,2.3983,2.3925,2.3956,8491.9373
2019-12-01 16:41:00,2.3978,2.3978,2.392,2.395,2523.7305
2019-12-01 16:40:00,2.3871,2.3978,2.3871,2.3978,10141.6911
2019-12-01 16:39:00,2.387,2.3898,2.3856,2.3871,10120.9132
2019-12-01 16:38:00,2.39,2.39,2.3861,2.3872,6771.5545
2019-12-01 16:37:00,2.3959,2.3983,2.3899,2.39,12201.1526
2019-12-01 16:36:00,2.392,2.399,2.392,2.3981,6744.9997
2019-12-01 16:35:00,2.3928,2.399,2.3922,2.393,14137.9825
2019-12-01 16:34:00,2.3913,2.3927,2.391,2.3927,859.5923
2019-12-01 16:33:00,2.391,2.3916,2.391,2.3912,4704.7573
2019-12-01 16:32:00,2.3912,2.392,2.3903,2.391,7916.3792
2019-12-01 16:31:00,2.39,2.391,2.3892,2.391,6850.8294
2019-12-01 16:30:00,2.3893,2.391,2.3871,2.3887,9116.3851
2019-12-01 16:29:00,2.3885,2.3898,2.3884,2.3887,6267.0217
2019-12-01 16:28:00,2.3899,2.39,2.3886,2.3887,2572.4065
2019-12-01 16:27:00,2.3881,2.39,2.387,2.389,2044.9281
2019-12-01 16:26:00,2.3881,2.3883,2.3872,2.3872,4045.1861
2019-12-01 16:25:00,2.3879,2.3882,2.3879,2.3882,5999.7957
2019-12-01 16:24:00,2.3878,2.3881,2.3867,2.3881,7739.2794
2019-12-01 16:23:00,2.39,2.39,2.3866,2.3883,5165.8176
2019-12-01 16:22:00,2.3906,2.391,2.3896,2.3906,4101.0568
2019-12-01 16:21:00,2.3877,2.3905,2.3877,2.3905,6471.0646
2019-12-01 16:20:00,2.3896,2.3896,2.3873,2.3877,3163.2845
2019-12-01 16:19:00,2.389,2.3896,2.389,2.389,3608.2458
2019-12-01 16:18:00,2.3863,2.3895,2.3863,2.389,2161.2203
2019-12-01 16:17:00,2.3869,2.3871,2.3861,2.3863,7537.5759
2019-12-01 16:16:00,2.386,2.3875,2.386,2.387,6972.4799
2019-12-01 16:15:00,2.3854,2.3872,2.3851,2.3868,1492.715
2019-12-01 16:14:00,2.383,2.3876,2.3829,2.3849,2268.0836
2019-12-01 16:13:00,2.383,2.3884,2.3824,2.3824,15788.1808
2019-12-01 16:12:00,2.3796,2.3825,2.3784,2.3825,3672.9495
2019-12-01 16:11:00,2.3811,2.3812,2.3789,2.3796,1508.0149
2019-12-01 16:10:00,2.3795,2.3812,2.3775,2.3791,5926.3011
2019-12-01 16:09:00,2.379,2.3812,2.379,2.3812,1801.2329
2019-12-01 16:08:00,2.3805,2.381,2.3769,2.3804,3485.8179
2019-12-01 16:07:00,2.376,2.3811,2.376,2.3811,12788.5974
2019-12-01 16:06:00,2.3739,2.3759,2.3739,2.3759,2831.6005
2019-12-01 16:05:00,2.369,2.3739,2.3684,2.3739,5155.5956
2019-12-01 16:04:00,2.367,2.3691,2.36,2.3683,10162.0296
2019-12-01 16:03:00,2.367,2.3723,2.3664,2.3685,4805.9341
2019-12-01 16:02:00,2.3767,2.3792,2.366,2.367,19414.7131
2019-12-01 16:01:00,2.3758,2.3803,2.3752,2.3793,1769.4537
2019-12-01 16:00:00,2.381,2.3862,2.375,2.3812,31464.7046
2019-12-01 15:59:00,2.3876,2.3877,2.381,2.381,17785.1513
2019-12-01 15:58:00,2.3865,2.3905,2.384,2.3859,12899.1007
2019-12-01 15:57:00,2.389,2.3894,2.386,2.3884,3523.325
2019-12-01 15:56:00,2.3861,2.391,2.3861,2.389,14427.5423
2019-12-01 15:55:00,2.3905,2.3907,2.3861,2.3861,2595.421
2019-12-01 15:54:00,2.396,2.3961,2.39,2.392,7197.2071
2019-12-01 15:53:00,2.3973,2.41,2.3938,2.3972,6556.3622
2019-12-01 15:52:00,2.4018,2.4026,2.3985,2.3985,9624.4896
2019-12-01 15:51:00,2.4023,2.4024,2.4013,2.4024,6413.2682
2019-12-01 15:50:00,2.4002,2.4024,2.3984,2.4005,3407.2841
2019-12-01 15:49:00,2.3989,2.4024,2.3979,2.4002,7606.2608
2019-12-01 15:48:00,2.3981,2.3997,2.3968,2.3982,9316.8394
2019-12-01 15:47:00,2.405,2.405,2.3984,2.4002,14319.5943
2019-12-01 15:46:00,2.4084,2.4084,2.4043,2.4043,10980.3045
2019-12-01 15:45:00,2.4139,2.4147,2.4085,2.4085,7106.8577
2019-12-01 15:44:00,2.4177,2.4177,2.415,2.415,11556.9566
2019-12-01 15:43:00,2.4119,2.417,2.4115,2.4164,18042.3754
2019-12-01 15:42:00,2.4097,2.4119,2.4097,2.4115,836.432
2019-12-01 15:41:00,2.4066,2.412,2.4066,2.4109,17272.83
2019-12-01 15:40:00,2.4116,2.412,2.4102,2.4102,3571.7538
2019-12-01 15:39:00,2.41,2.412,2.41,2.412,7053.3658
2019-12-01 15:38:00,2.409,2.4093,2.4061,2.4092,6689.7522
2019-12-01 15:37:00,2.4078,2.4094,2.4078,2.4088,7344.6575
2019-12-01 15:36:00,2.4083,2.41,2.4065,2.4085,25478.4156
2019-12-01 15:35:00,2.4,2.4087,2.4,2.4061,7226.2848
2019-12-01 15:34:00,2.4,2.4,2.3972,2.3999,2994.3447
2019-12-01 15:33:00,2.3998,2.4,2.3963,2.3985,27898.2116
2019-12-01 15:32:00,2.3976,2.4,2.3952,2.4,3783.7008
2019-12-01 15:31:00,2.3968,2.4,2.3948,2.3999,13920.9982
2019-12-01 15:30:00,2.3975,2.3999,2.3952,2.3999,10707.3039
2019-12-01 15:29:00,2.3943,2.3999,2.3943,2.3999,6250.3595
2019-12-01 15:28:00,2.3993,2.3999,2.3967,2.397,7125.7797
2019-12-01 15:27:00,2.3969,2.3999,2.3968,2.3969,4581.9722
2019-12-01 15:26:00,2.3907,2.3999,2.3899,2.3999,10493.0201
2019-12-01 15:25:00,2.3907,2.3921,2.39,2.3921,10745.3707
2019-12-01 15:24:00,2.3921,2.3921,2.3897,2.3908,6519.3281
2019-12-01 15:23:00,2.3906,2.3921,2.3899,2.3907,10053.6863
2019-12-01 15:22:00,2.39,2.3921,2.39,2.3921,4154.5853
2019-12-01 15:21:00,2.395,2.397,2.391,2.391,7744.4418
2019-12-01 15:20:00,2.3985,2.3995,2.395,2.395,36420.3726
2019-12-01 15:19:00,2.3985,2.3999,2.397,2.3995,7008.5732
2019-12-01 15:18:00,2.3973,2.3999,2.3973,2.399,8084.5357
2019-12-01 15:17:00,2.3962,2.4,2.3941,2.3972,8971.1498
2019-12-01 15:16:00,2.3999,2.4,2.3962,2.3962,3254.7427
2019-12-01 15:15:00,2.398,2.4,2.3978,2.398,1519.5732
2019-12-01 15:14:00,2.397,2.3998,2.3961,2.398,169.897
2019-12-01 15:13:00,2.3913,2.397,2.3913,2.397,2212.6088
2019-12-01 15:12:00,2.3916,2.393,2.3911,2.3927,328.1363
2019-12-01 15:11:00,2.3982,2.3982,2.389,2.3919,5513.0963
2019-12-01 15:10:00,2.3935,2.4,2.3935,2.3979,25356.1029
2019-12-01 15:09:00,2.3874,2.3953,2.3874,2.3953,44648.1706
2019-12-01 15:08:00,2.3872,2.3886,2.3872,2.3875,734.6095
2019-12-01 15:07:00,2.3849,2.3876,2.3807,2.3869,415.8438
2019-12-01 15:06:00,2.3798,2.386,2.3791,2.3845,1674.1472
2019-12-01 15:05:00,2.3789,2.3798,2.3789,2.3798,2561.8273
2019-12-01 15:04:00,2.3782,2.3798,2.3782,2.3789,9995.9032
2019-12-01 15:03:00,2.3789,2.3798,2.3782,2.379,1192.952
2019-12-01 15:02:00,2.3797,2.3797,2.3789,2.3797,1679.7295
2019-12-01 15:01:00,2.3796,2.3797,2.3788,2.3791,1269.3372
2019-12-01 15:00:00,2.3779,2.3798,2.3779,2.3788,1684.6396
2019-12-01 14:59:00,2.3779,2.3799,2.3772,2.3784,2222.8242
2019-12-01 14:58:00,2.3784,2.3788,2.3755,2.3769,11888.6147
2019-12-01 14:57:00,2.3779,2.379,2.3769,2.3769,9570.9575
2019-12-01 14:56:00,2.3782,2.3788,2.3752,2.3788,4858.0963
2019-12-01 14:55:00,2.3762,2.379,2.3756,2.3788,5331.1884
2019-12-01 14:54:00,2.3739,2.379,2.3739,2.377,16799.8219
2019-12-01 14:53:00,2.3727,2.3789,2.371,2.3752,5582.9802
2019-12-01 14:52:00,2.3713,2.3732,2.369,2.369,4002.9058
2019-12-01 14:51:00,2.3678,2.3748,2.3675,2.3696,6552.5178
2019-12-01 14:50:00,2.3734,2.3743,2.367,2.3684,24135.196
2019-12-01 14:49:00,2.3736,2.3739,2.3727,2.3727,3915.1392
2019-12-01 14:48:00,2.3738,2.3738,2.3712,2.3735,3612.0639
2019-12-01 14:47:00,2.3721,2.3738,2.3713,2.3738,4391.8317
2019-12-01 14:46:00,2.3733,2.3765,2.372,2.372,11246.3646
2019-12-01 14:45:00,2.3777,2.3793,2.3739,2.3739,5177.5053
2019-12-01 14:44:00,2.3799,2.3799,2.3753,2.3792,7135.3316
2019-12-01 14:43:00,2.3781,2.3799,2.378,2.3781,7867.3152
2019-12-01 14:42:00,2.3797,2.3797,2.3788,2.3788,5153.2999
2019-12-01 14:41:00,2.3796,2.38,2.378,2.3789,3781.2132
2019-12-01 14:40:00,2.3796,2.3796,2.3786,2.3796,4598.026
2019-12-01 14:39:00,2.377,2.3796,2.377,2.3796,4027.3357
2019-12-01 14:38:00,2.3784,2.3787,2.3725,2.377,17729.7201
2019-12-01 14:37:00,2.3763,2.3786,2.3724,2.3752,2263.7748
2019-12-01 14:36:00,2.3756,2.3782,2.3743,2.3782,1851.9407
2019-12-01 14:35:00,2.3769,2.3787,2.3723,2.3723,16885.7293
2019-12-01 14:34:00,2.3729,2.3771,2.3729,2.3752,3287.6146
2019-12-01 14:33:00,2.376,2.3771,2.3723,2.3756,6923.8703
2019-12-01 14:32:00,2.377,2.377,2.3765,2.3765,917.5763
2019-12-01 14:31:00,2.3771,2.3771,2.3771,2.3771,2
2019-12-01 14:30:00,2.3789,2.3789,2.3771,2.3787,6238.4495
2019-12-01 14:29:00,2.3787,2.3793,2.377,2.3792,4993.7632
2019-12-01 14:28:00,2.376,2.3787,2.376,2.3784,12027.0666
2019-12-01 14:27:00,2.3714,2.3761,2.3714,2.3761,7285.3996
2019-12-01 14:26:00,2.3714,2.3714,2.3714,2.3714,0
2019-12-01 14:25:00,2.3714,2.3714,2.3714,2.3714,1260.0842
2019-12-01 14:24:00,2.3714,2.3714,2.3714,2.3714,310.897
2019-12-01 14:23:00,2.3714,2.3714,2.3713,2.3713,3542.2051
2019-12-01 14:22:00,2.3714,2.3714,2.3714,2.3714,166.9147
2019-12-01 14:21:00,2.3713,2.3714,2.3713,2.3714,15738.1811
2019-12-01 14:20:00,2.3714,2.3714,2.3713,2.3714,3805.7528
2019-12-01 14:19:00,2.3714,2.3714,2.3712,2.3714,3209.3583
2019-12-01 14:18:00,2.3713,2.3714,2.371,2.3712,5754.034
2019-12-01 14:17:00,2.3712,2.3714,2.371,2.3713,4313.4077
2019-12-01 14:16:00,2.3711,2.3714,2.371,2.3714,6120.7137
2019-12-01 14:15:00,2.3712,2.3713,2.3709,2.3711,5226.0652
2019-12-01 14:14:00,2.3714,2.3714,2.3712,2.3712,2663.6614
2019-12-01 14:13:00,2.3709,2.3714,2.3709,2.3714,5886.2872
2019-12-01 14:12:00,2.3692,2.3714,2.3671,2.3671,7398.2201
2019-12-01 14:11:00,2.3686,2.371,2.3677,2.3694,3671.074
2019-12-01 14:10:00,2.3674,2.371,2.3654,2.3686,16645.8643
2019-12-01 14:09:00,2.3611,2.3697,2.3611,2.3697,9568.0184
2019-12-01 14:08:00,2.3616,2.3653,2.3598,2.3635,11987.0582
2019-12-01 14:07:00,2.3672,2.3683,2.36,2.3646,18829.8279
2019-12-01 14:06:00,2.3645,2.3712,2.3645,2.3712,5301.9946
2019-12-01 14:05:00,2.371,2.3714,2.36,2.3657,9934.7178
2019-12-01 14:04:00,2.3697,2.3714,2.3659,2.371,9985.2759
2019-12-01 14:03:00,2.3667,2.3713,2.358,2.3713,8799.802
2019-12-01 14:02:00,2.3687,2.3714,2.3663,2.3691,4416.0238
2019-12-01 14:01:00,2.367,2.3714,2.367,2.369,4222.8574
2019-12-01 14:00:00,2.3672,2.3705,2.3672,2.3687,3520.8037
2019-12-01 13:59:00,2.3685,2.3711,2.3658,2.3709,11304.8019
2019-12-01 13:58:00,2.3698,2.3714,2.3658,2.3658,161492.9695
2019-12-01 13:57:00,2.3594,2.372,2.3594,2.3715,18439.5815
2019-12-01 13:56:00,2.3689,2.3731,2.3597,2.3597,26429.0425
2019-12-01 13:55:00,2.3717,2.3736,2.365,2.365,3399.9854
2019-12-01 13:54:00,2.3716,2.373,2.3705,2.3717,4170.8833
2019-12-01 13:53:00,2.3735,2.3736,2.3711,2.3719,2330.3622
2019-12-01 13:52:00,2.3725,2.3736,2.3703,2.372,7203.0284
2019-12-01 13:51:00,2.3763,2.3769,2.3725,2.3725,3552.9269
2019-12-01 13:50:00,2.3724,2.376,2.3724,2.3747,2682.8503
2019-12-01 13:49:00,2.3716,2.3724,2.371,2.3723,6371.9486
2019-12-01 13:48:00,2.3724,2.3724,2.3698,2.3724,9334.5168
2019-12-01 13:47:00,2.3696,2.3724,2.3684,2.3707,10583.4546
2019-12-01 13:46:00,2.3674,2.3724,2.3665,2.3696,5752.3094
2019-12-01 13:45:00,2.3699,2.3724,2.3667,2.3691,17312.4743
2019-12-01 13:44:00,2.3689,2.3723,2.3687,2.3697,2636.9175
2019-12-01 13:43:00,2.367,2.3718,2.365,2.3714,5534.4977
2019-12-01 13:42:00,2.3663,2.3724,2.3572,2.37,36974.019
2019-12-01 13:41:00,2.3724,2.373,2.364,2.3659,8255.4041
2019-12-01 13:40:00,2.3724,2.3726,2.3719,2.3724,1645.7641
2019-12-01 13:39:00,2.371,2.3723,2.3698,2.3723,761.4344
2019-12-01 13:38:00,2.363,2.376,2.3629,2.3688,2395.9326
2019-12-01 13:37:00,2.3649,2.3651,2.3594,2.3632,7387.5346
2019-12-01 13:36:00,2.3586,2.3649,2.3572,2.361,22271.0854
2019-12-01 13:35:00,2.3652,2.3689,2.3572,2.36,26822.2132
2019-12-01 13:34:00,2.3662,2.37,2.3612,2.3619,5459.1081
2019-12-01 13:33:00,2.3817,2.3817,2.3615,2.366,19222.5898
2019-12-01 13:32:00,2.3814,2.3816,2.3806,2.3806,2631.8987
2019-12-01 13:31:00,2.3824,2.3825,2.3817,2.3817,7752.8351
2019-12-01 13:30:00,2.3825,2.3829,2.382,2.382,3267.9018
2019-12-01 13:29:00,2.383,2.383,2.3825,2.3829,8891.4608
2019-12-01 13:28:00,2.383,2.383,2.3827,2.3827,1402.0937
2019-12-01 13:27:00,2.383,2.383,2.3823,2.383,883.2603
2019-12-01 13:26:00,2.3834,2.3834,2.3821,2.3824,4380.4474
2019-12-01 13:25:00,2.3832,2.3843,2.383,2.383,876.8101
2019-12-01 13:24:00,2.3873,2.3873,2.3822,2.3838,5066.2366
2019-12-01 13:23:00,2.3855,2.3888,2.3847,2.3873,4889.2613
2019-12-01 13:22:00,2.389,2.389,2.3852,2.3869,12104.2924
2019-12-01 13:21:00,2.3891,2.3891,2.3891,2.3891,1281.4417
2019-12-01 13:20:00,2.3891,2.3891,2.3891,2.3891,1338.894
2019-12-01 13:19:00,2.3891,2.3891,2.3891,2.3891,0
2019-12-01 13:18:00,2.389,2.3891,2.389,2.3891,1781.5025
2019-12-01 13:17:00,2.3891,2.3891,2.389,2.3891,8555.2457
2019-12-01 13:16:00,2.3885,2.3891,2.3885,2.389,2555.9623
2019-12-01 13:15:00,2.3888,2.3888,2.3886,2.3888,1212.7706
2019-12-01 13:14:00,2.3884,2.3888,2.388,2.3888,5903.0151
2019-12-01 13:13:00,2.3886,2.3886,2.388,2.3884,2396.9385
2019-12-01 13:12:00,2.3887,2.3889,2.3884,2.3886,4313.8227
2019-12-01 13:11:00,2.3886,2.3891,2.3886,2.3886,4645.014
2019-12-01 13:10:00,2.3886,2.389,2.3886,2.389,1616.4173
2019-12-01 13:09:00,2.388,2.389,2.3876,2.3876,3622.6714
2019-12-01 13:08:00,2.3875,2.3891,2.3875,2.3891,4220.0371
2019-12-01 13:07:00,2.3891,2.3891,2.3878,2.3881,1009.4725
2019-12-01 13:06:00,2.388,2.3891,2.3872,2.388,7757.3007
2019-12-01 13:05:00,2.388,2.3891,2.3877,2.3891,3701.1794
2019-12-01 13:04:00,2.3841,2.389,2.3841,2.388,7116.4632
2019-12-01 13:03:00,2.3866,2.3882,2.3834,2.3834,4957.3867
2019-12-01 13:02:00,2.3894,2.3914,2.385,2.3867,6418.5992
2019-12-01 13:01:00,2.39,2.3914,2.3889,2.39,772.8475
2019-12-01 13:00:00,2.3884,2.3914,2.3883,2.3889,5054.4382
2019-12-01 12:59:00,2.3898,2.3913,2.3889,2.3889,1746.9665
2019-12-01 12:58:00,2.3899,2.3913,2.3884,2.3913,6746.9447
2019-12-01 12:57:00,2.3898,2.3913,2.389,2.3913,1678.627
2019-12-01 12:56:00,2.3896,2.3913,2.3886,2.3897,4979.1122
2019-12-01 12:55:00,2.3896,2.3898,2.3883,2.3896,9068.3346
2019-12-01 12:54:00,2.3898,2.3913,2.3882,2.3897,6664.5848
2019-12-01 12:53:00,2.3889,2.3913,2.3889,2.3896,7327.9451
2019-12-01 12:52:00,2.3889,2.3911,2.3873,2.3911,3587.3662
2019-12-01 12:51:00,2.3879,2.3888,2.3851,2.3875,1861.6781
2019-12-01 12:50:00,2.3881,2.389,2.3869,2.3879,4443.429
2019-12-01 12:49:00,2.3892,2.3911,2.3884,2.3887,2209.1606
2019-12-01 12:48:00,2.3877,2.3911,2.3856,2.3911,8036.8134
2019-12-01 12:47:00,2.3881,2.3894,2.3881,2.3894,10893.2581
2019-12-01 12:46:00,2.39,2.39,2.3881,2.3883,710.3185
2019-12-01 12:45:00,2.3899,2.39,2.3867,2.39,2955.2568
2019-12-01 12:44:00,2.3894,2.39,2.3859,2.3872,15023.5361
2019-12-01 12:43:00,2.3799,2.3896,2.3799,2.3888,15999.1033
2019-12-01 12:42:00,2.379,2.3814,2.379,2.3813,2252.3172
2019-12-01 12:41:00,2.3795,2.3806,2.377,2.377,8155.5173
2019-12-01 12:40:00,2.3766,2.3814,2.3766,2.3814,1534.9715
2019-12-01 12:39:00,2.3793,2.38,2.3764,2.3764,6069.9838
2019-12-01 12:38:00,2.371,2.38,2.371,2.3768,5863.1601
2019-12-01 12:37:00,2.3694,2.3709,2.3687,2.3709,5469.0216
2019-12-01 12:36:00,2.369,2.37,2.3686,2.37,2516.121
2019-12-01 12:35:00,2.3683,2.37,2.368,2.37,2477.5019
2019-12-01 12:34:00,2.3689,2.3699,2.3668,2.3689,12029.425
2019-12-01 12:33:00,2.3698,2.3699,2.366,2.366,8886.4529
2019-12-01 12:32:00,2.3673,2.3698,2.3654,2.3681,2478.5524
2019-12-01 12:31:00,2.3671,2.3699,2.3654,2.3685,6999.4059
2019-12-01 12:30:00,2.3677,2.3699,2.3662,2.3676,2249.8319
2019-12-01 12:29:00,2.367,2.3695,2.362,2.3673,14713.8335
2019-12-01 12:28:00,2.3693,2.3693,2.3653,2.367,1783.0486
2019-12-01 12:27:00,2.3677,2.3695,2.367,2.3679,3423.3366
2019-12-01 12:26:00,2.3664,2.3698,2.3652,2.3681,1650.2302
2019-12-01 12:25:00,2.3659,2.3668,2.3645,2.3668,2460.746
2019-12-01 12:24:00,2.3659,2.3659,2.3638,2.3638,5298.2088
2019-12-01 12:23:00,2.3665,2.3665,2.364,2.3644,1655.3086
2019-12-01 12:22:00,2.3641,2.366,2.3628,2.3644,1601.4812
2019-12-01 12:21:00,2.364,2.3646,2.3621,2.3642,1900.3253
2019-12-01 12:20:00,2.3644,2.3651,2.3639,2.3648,4834.6209
2019-12-01 12:19:00,2.3659,2.3666,2.3629,2.3637,27202.108
2019-12-01 12:18:00,2.365,2.3655,2.3613,2.3655,1138.806
2019-12-01 12:17:00,2.3645,2.3659,2.3645,2.3654,6951.2581
2019-12-01 12:16:00,2.3649,2.365,2.3639,2.365,1080.7454
2019-12-01 12:15:00,2.3666,2.3666,2.363,2.3639,12148.461
2019-12-01 12:14:00,2.3648,2.3649,2.3642,2.3646,17.5013
2019-12-01 12:13:00,2.3642,2.3666,2.3642,2.3665,3180.8078
2019-12-01 12:12:00,2.3655,2.3655,2.363,2.3649,4888.0876
2019-12-01 12:11:00,2.3638,2.3666,2.3638,2.364,3460.2616
2019-12-01 12:10:00,2.363,2.3655,2.363,2.3638,1759.4295
2019-12-01 12:09:00,2.3635,2.3655,2.3634,2.3654,3512.6342
2019-12-01 12:08:00,2.3637,2.3655,2.3602,2.3655,9112.2274
2019-12-01 12:07:00,2.3623,2.3655,2.3623,2.3655,4345.5243
2019-12-01 12:06:00,2.3654,2.3666,2.3621,2.3621,8290.9372
2019-12-01 12:05:00,2.3658,2.3666,2.362,2.3635,13011.3601
2019-12-01 12:04:00,2.3641,2.3663,2.3611,2.3662,15759.18
2019-12-01 12:03:00,2.3651,2.3665,2.3622,2.3645,979.7704
2019-12-01 12:02:00,2.3617,2.3643,2.3617,2.3643,5644.1001
2019-12-01 12:01:00,2.3615,2.3666,2.3615,2.364,1629.1983
2019-12-01 12:00:00,2.3637,2.364,2.3614,2.364,2353.8293
2019-12-01 11:59:00,2.3657,2.3668,2.3612,2.364,11399.3499
2019-12-01 11:58:00,2.3624,2.3665,2.3624,2.3646,11932.9941
2019-12-01 11:57:00,2.3647,2.3647,2.36,2.3642,1085.7028
2019-12-01 11:56:00,2.3668,2.3668,2.36,2.3635,6067.8987
2019-12-01 11:55:00,2.3641,2.3668,2.364,2.366,13870.1601
2019-12-01 11:54:00,2.3638,2.3671,2.3629,2.3655,11171.9211
2019-12-01 11:53:00,2.362,2.3638,2.3604,2.3634,4712.8793
2019-12-01 11:52:00,2.3612,2.3638,2.3612,2.3636,3362.9824
2019-12-01 11:51:00,2.3632,2.3639,2.3601,2.3607,7265.7387
2019-12-01 11:50:00,2.3618,2.3638,2.3618,2.3632,5576.5056
2019-12-01 11:49:00,2.3654,2.3664,2.3611,2.3636,7137.2879
2019-12-01 11:48:00,2.3647,2.3648,2.3615,2.3624,6771.8975
2019-12-01 11:47:00,2.3624,2.3648,2.3607,2.363,3199.3574
2019-12-01 11:46:00,2.3613,2.3659,2.3613,2.3659,4489.084
2019-12-01 11:45:00,2.3618,2.3648,2.3605,2.3622,3055.7112
2019-12-01 11:44:00,2.36,2.3635,2.3598,2.3623,5302.5198
2019-12-01 11:43:00,2.3619,2.362,2.3591,2.3596,7025.2529
2019-12-01 11:42:00,2.3616,2.3616,2.359,2.3605,3188.7044
2019-12-01 11:41:00,2.3622,2.3637,2.36,2.3618,1818.7517
2019-12-01 11:40:00,2.3625,2.3625,2.36,2.3619,12293.6596
2019-12-01 11:39:00,2.3625,2.3648,2.3606,2.3625,2891.0236
2019-12-01 11:38:00,2.3641,2.3652,2.3625,2.3625,1980.2183
2019-12-01 11:37:00,2.3625,2.3659,2.3601,2.3659,10281.1433
2019-12-01 11:36:00,2.3624,2.3628,2.362,2.3623,2165.2148
2019-12-01 11:35:00,2.3625,2.364,2.3609,2.3609,1829.4715
2019-12-01 11:34:00,2.3626,2.3638,2.3601,2.3626,3334.4774
2019-12-01 11:33:00,2.3624,2.3626,2.3603,2.3626,8301.9555
2019-12-01 11:32:00,2.3639,2.364,2.3625,2.3634,7461.3482
2019-12-01 11:31:00,2.3644,2.3659,2.3634,2.3634,658.2881
2019-12-01 11:30:00,2.3637,2.3659,2.3625,2.3653,2837.8021
2019-12-01 11:29:00,2.3617,2.3659,2.3617,2.3624,15552.1242
2019-12-01 11:28:00,2.362,2.362,2.3601,2.3602,3798.1029
2019-12-01 11:27:00,2.3607,2.3659,2.3607,2.362,14529.2724
2019-12-01 11:26:00,2.3702,2.3705,2.36,2.3623,10201.5977
2019-12-01 11:25:00,2.3644,2.374,2.3644,2.3716,8313.0251
2019-12-01 11:24:00,2.3681,2.3689,2.36,2.3678,31687.3289
2019-12-01 11:23:00,2.3684,2.3689,2.3667,2.3689,3540.2938
2019-12-01 11:22:00,2.3693,2.3693,2.3671,2.3681,6216.4573
2019-12-01 11:21:00,2.3679,2.3695,2.3678,2.369,5896.7981
2019-12-01 11:20:00,2.371,2.3715,2.3688,2.37,2924.6149
2019-12-01 11:19:00,2.3722,2.3752,2.3684,2.3716,10628.713
2019-12-01 11:18:00,2.37,2.374,2.3682,2.374,6157.3764
2019-12-01 11:17:00,2.3659,2.37,2.3649,2.3694,11753.4439
2019-12-01 11:16:00,2.362,2.365,2.3616,2.365,11662.6524
2019-12-01 11:15:00,2.3623,2.3631,2.3618,2.3618,2296.3478
2019-12-01 11:14:00,2.3622,2.3641,2.3606,2.3621,2336.6746
2019-12-01 11:13:00,2.3649,2.3649,2.3601,2.3626,9099.3587
2019-12-01 11:12:00,2.3604,2.3662,2.3604,2.3636,21313.9458
2019-12-01 11:11:00,2.3612,2.3612,2.3604,2.3604,2608.65
2019-12-01 11:10:00,2.3635,2.3635,2.3606,2.3606,5564.8719
2019-12-01 11:09:00,2.3664,2.3667,2.3603,2.363,6899.8388
2019-12-01 11:08:00,2.3651,2.3671,2.3651,2.3651,3462.1507
2019-12-01 11:07:00,2.368,2.3701,2.3651,2.3652,6653.7626
2019-12-01 11:06:00,2.366,2.37,2.3656,2.3674,5308.7701
2019-12-01 11:05:00,2.3651,2.3656,2.3651,2.3656,4002.0961
2019-12-01 11:04:00,2.3653,2.3656,2.365,2.3651,3388.9851
2019-12-01 11:03:00,2.3654,2.366,2.365,2.3652,10772.9342
2019-12-01 11:02:00,2.3642,2.365,2.3623,2.365,12640.0148
2019-12-01 11:01:00,2.363,2.3653,2.3613,2.3629,11061.3015
2019-12-01 11:00:00,2.3635,2.3637,2.3601,2.3635,4594.7499
2019-12-01 10:59:00,2.3642,2.3649,2.3638,2.3639,10830.8697
2019-12-01 10:58:00,2.3645,2.3654,2.3633,2.3645,5736.3232
2019-12-01 10:57:00,2.3716,2.3716,2.363,2.363,17343.935
2019-12-01 10:56:00,2.3707,2.3725,2.3696,2.3709,20315.8528
2019-12-01 10:55:00,2.3727,2.3727,2.3696,2.3708,2311.0312
2019-12-01 10:54:00,2.3793,2.3793,2.37,2.3735,16766.2879
2019-12-01 10:53:00,2.3799,2.3799,2.3744,2.3763,2307.7684
2019-12-01 10:52:00,2.3836,2.3861,2.375,2.3781,5655.4398
2019-12-01 10:51:00,2.3885,2.39,2.3822,2.383,4500.0286
2019-12-01 10:50:00,2.397,2.397,2.388,2.3893,13940.8953
2019-12-01 10:49:00,2.3947,2.3973,2.39,2.3906,5645.4603
2019-12-01 10:48:00,2.4009,2.403,2.3909,2.3957,34688.6457
2019-12-01 10:47:00,2.4,2.401,2.3966,2.4,8160.5804
2019-12-01 10:46:00,2.3937,2.4,2.3931,2.4,27590.3654
2019-12-01 10:45:00,2.3867,2.3937,2.3867,2.3937,6861.0669
2019-12-01 10:44:00,2.3864,2.39,2.3857,2.3868,3547.9405
2019-12-01 10:43:00,2.3921,2.393,2.3857,2.3857,24037.2659
2019-12-01 10:42:00,2.386,2.3927,2.3842,2.392,6690.156
2019-12-01 10:41:00,2.3879,2.3885,2.3856,2.3859,19294.81
2019-12-01 10:40:00,2.3845,2.3921,2.3845,2.388,3233.1776
2019-12-01 10:39:00,2.38,2.3868,2.3751,2.3867,26009.716
2019-12-01 10:38:00,2.3839,2.3852,2.381,2.381,8959.0917
2019-12-01 10:37:00,2.3848,2.3851,2.3834,2.3851,5084.7791
2019-12-01 10:36:00,2.3851,2.3865,2.3849,2.3849,4100.4606
2019-12-01 10:35:00,2.3865,2.3871,2.3846,2.3858,4983.1684
2019-12-01 10:34:00,2.3826,2.3854,2.3825,2.3846,631.3698
2019-12-01 10:33:00,2.3855,2.3868,2.383,2.3861,6381.9279
2019-12-01 10:32:00,2.3869,2.39,2.3832,2.387,4294.8583
2019-12-01 10:31:00,2.3877,2.39,2.38,2.3861,15826.2212
2019-12-01 10:30:00,2.3813,2.3884,2.3813,2.3852,13954.7041
2019-12-01 10:29:00,2.3794,2.3818,2.3794,2.3818,6974.1389
2019-12-01 10:28:00,2.381,2.3827,2.3787,2.3787,4894.5767
2019-12-01 10:27:00,2.3822,2.3827,2.3801,2.3803,5336.5827
2019-12-01 10:26:00,2.3791,2.3825,2.3791,2.38,3153.7813
2019-12-01 10:25:00,2.377,2.3799,2.377,2.3799,1774.0053
2019-12-01 10:24:00,2.377,2.377,2.3749,2.3768,2514.4951
2019-12-01 10:23:00,2.3768,2.3777,2.3756,2.377,4137.2026
2019-12-01 10:22:00,2.3765,2.3799,2.376,2.3765,7023.4409
2019-12-01 10:21:00,2.3719,2.3765,2.3715,2.3764,5284.1628
2019-12-01 10:20:00,2.3669,2.3731,2.3669,2.373,3187.1699
2019-12-01 10:19:00,2.3605,2.3665,2.36,2.3664,7413.9961
2019-12-01 10:18:00,2.3594,2.3639,2.3572,2.3606,8436.7924
2019-12-01 10:17:00,2.359,2.3604,2.359,2.3594,4626.4705
2019-12-01 10:16:00,2.3557,2.36,2.3557,2.359,1819.8971
2019-12-01 10:15:00,2.3493,2.357,2.3493,2.357,12894.7197
2019-12-01 10:14:00,2.35,2.35,2.3491,2.35,21324.2961
2019-12-01 10:13:00,2.3486,2.35,2.3486,2.3493,13102.6373
2019-12-01 10:12:00,2.3493,2.35,2.3478,2.3485,23446.9544
2019-12-01 10:11:00,2.3578,2.3583,2.348,2.3485,17319.1436
2019-12-01 10:10:00,2.3552,2.3588,2.3502,2.3568,4299.234
2019-12-01 10:09:00,2.3604,2.365,2.3502,2.3548,50585.6883
2019-12-01 10:08:00,2.3611,2.3698,2.3601,2.3651,33221.559
2019-12-01 10:07:00,2.3714,2.3714,2.3601,2.3601,24157.8254
2019-12-01 10:06:00,2.3721,2.373,2.37,2.3701,7250.9675
2019-12-01 10:05:00,2.373,2.373,2.371,2.373,5434.3942
2019-12-01 10:04:00,2.371,2.373,2.3708,2.3729,1476.5084
2019-12-01 10:03:00,2.3755,2.3755,2.37,2.3724,5898.9654
2019-12-01 10:02:00,2.378,2.38,2.3739,2.374,3214.4229
2019-12-01 10:01:00,2.3756,2.3786,2.3754,2.3779,4748.9756
2019-12-01 10:00:00,2.3782,2.3803,2.3776,2.3776,1144.5009
2019-12-01 09:59:00,2.3788,2.3804,2.375,2.3804,25166.9521
2019-12-01 09:58:00,2.3793,2.3802,2.3779,2.3802,8691.5958
2019-12-01 09:57:00,2.3793,2.3801,2.3751,2.379,7517.6344
2019-12-01 09:56:00,2.3754,2.3816,2.3745,2.3802,9851.5458
2019-12-01 09:55:00,2.3735,2.376,2.372,2.3728,14093.5826
2019-12-01 09:54:00,2.372,2.375,2.3696,2.3735,3158.0119
2019-12-01 09:53:00,2.3686,2.378,2.3686,2.3774,4881.1987
2019-12-01 09:52:00,2.3699,2.3707,2.3697,2.3699,5176.5336
2019-12-01 09:51:00,2.3705,2.3707,2.3693,2.3699,5809.2725
2019-12-01 09:50:00,2.3663,2.3709,2.3663,2.3691,294.5576
2019-12-01 09:49:00,2.3705,2.3705,2.3594,2.3645,26634.859
2019-12-01 09:48:00,2.3647,2.3712,2.3647,2.3705,1833.2682
2019-12-01 09:47:00,2.3641,2.3649,2.3641,2.3648,612.8237
2019-12-01 09:46:00,2.3722,2.3722,2.3639,2.3639,2268.7602
2019-12-01 09:45:00,2.3745,2.3765,2.3717,2.3726,2551.3107
2019-12-01 09:44:00,2.379,2.379,2.37,2.373,25603.1572
2019-12-01 09:43:00,2.379,2.38,2.379,2.379,73543.0532
2019-12-01 09:42:00,2.3815,2.3827,2.379,2.379,15047.6291
2019-12-01 09:41:00,2.3864,2.3899,2.382,2.382,4685.1115
2019-12-01 09:40:00,2.3861,2.3864,2.3856,2.3858,5966.4035
2019-12-01 09:39:00,2.3752,2.387,2.3752,2.3792,4602.0713
2019-12-01 09:38:00,2.368,2.378,2.368,2.378,13870.0374
2019-12-01 09:37:00,2.3679,2.3701,2.3656,2.3676,2409.4367
2019-12-01 09:36:00,2.3625,2.368,2.3625,2.3669,5573.7323
2019-12-01 09:35:00,2.3604,2.3705,2.3604,2.367,29474.3284
2019-12-01 09:34:00,2.3587,2.3604,2.3587,2.3604,14684.972
2019-12-01 09:33:00,2.3601,2.3604,2.3561,2.3578,11440.859
2019-12-01 09:32:00,2.3633,2.3634,2.3601,2.3601,2138.3037
2019-12-01 09:31:00,2.3616,2.3653,2.3604,2.3607,14622.0875
2019-12-01 09:30:00,2.3648,2.366,2.3604,2.362,19829.4514
2019-12-01 09:29:00,2.37,2.3711,2.3648,2.3648,12450.3591
2019-12-01 09:28:00,2.38,2.3863,2.3697,2.3697,39587.2502
2019-12-01 09:27:00,2.386,2.386,2.38,2.38,12909.8241
2019-12-01 09:26:00,2.3903,2.3903,2.386,2.3895,11959.6619
2019-12-01 09:25:00,2.3938,2.3938,2.387,2.3872,4197.8957
2019-12-01 09:24:00,2.3825,2.3912,2.3825,2.3912,6131.0875
2019-12-01 09:23:00,2.3841,2.3938,2.381,2.3938,23644.6342
2019-12-01 09:22:00,2.3876,2.3876,2.3821,2.3849,7160.585
2019-12-01 09:21:00,2.3878,2.3895,2.3855,2.3855,2742.3199
2019-12-01 09:20:00,2.3883,2.39,2.3869,2.3889,1681.8584
2019-12-01 09:19:00,2.3879,2.39,2.38,2.387,15825.1771
2019-12-01 09:18:00,2.3907,2.3907,2.3867,2.3867,7403.301
2019-12-01 09:17:00,2.3914,2.3914,2.3903,2.3903,1677.4674
2019-12-01 09:16:00,2.384,2.3931,2.3818,2.3895,5109.7131
2019-12-01 09:15:00,2.3836,2.3857,2.3824,2.385,6256.5416
2019-12-01 09:14:00,2.38,2.3855,2.3796,2.3806,15307.4847
2019-12-01 09:13:00,2.385,2.385,2.3792,2.38,5124.1928
2019-12-01 09:12:00,2.3889,2.3896,2.3857,2.3864,3592.828
2019-12-01 09:11:00,2.3927,2.393,2.391,2.391,6441.7182
2019-12-01 09:10:00,2.3944,2.3952,2.3927,2.3933,2256.1886
2019-12-01 09:09:00,2.3894,2.3943,2.3882,2.3943,11500.6926
2019-12-01 09:08:00,2.3897,2.39,2.389,2.3894,3329.6297
2019-12-01 09:07:00,2.3943,2.3952,2.3897,2.3897,12299.4262
2019-12-01 09:06:00,2.3954,2.3971,2.3941,2.3941,3607.6416
2019-12-01 09:05:00,2.3971,2.3974,2.3954,2.3971,3043.1547
2019-12-01 09:04:00,2.3952,2.3971,2.3952,2.3971,2302.8668
2019-12-01 09:03:00,2.3958,2.3985,2.3954,2.3971,1823.2597
2019-12-01 09:02:00,2.3928,2.399,2.3928,2.3966,8279.5652
2019-12-01 09:01:00,2.3963,2.3967,2.3947,2.3955,1756.3139
2019-12-01 09:00:00,2.3965,2.3993,2.3917,2.3951,9276.6081
2019-12-01 08:59:00,2.3978,2.3993,2.39,2.39,15171.3614
2019-12-01 08:58:00,2.4055,2.406,2.397,2.3984,10428.4818
2019-12-01 08:57:00,2.4099,2.4099,2.405,2.4056,13542.6158
2019-12-01 08:56:00,2.4076,2.41,2.4076,2.4085,13126.3389
2019-12-01 08:55:00,2.4118,2.4155,2.408,2.4085,19778.5332
2019-12-01 08:54:00,2.4158,2.4176,2.411,2.4139,1117.9715
2019-12-01 08:53:00,2.415,2.417,2.4116,2.4116,10019.3131
2019-12-01 08:52:00,2.4135,2.4169,2.4134,2.4143,724.2044
2019-12-01 08:51:00,2.4234,2.4244,2.4088,2.4131,6535.8354
2019-12-01 08:50:00,2.4232,2.4244,2.423,2.4239,1759.6629
2019-12-01 08:49:00,2.4232,2.4244,2.4225,2.4244,9255.1868
2019-12-01 08:48:00,2.4229,2.4244,2.4198,2.4232,13317.3204
2019-12-01 08:47:00,2.4248,2.4248,2.4193,2.4224,8443.8295
2019-12-01 08:46:00,2.4249,2.4254,2.4236,2.4236,3144.2932
2019-12-01 08:45:00,2.4261,2.4261,2.4249,2.4249,684.9958
2019-12-01 08:44:00,2.4235,2.4261,2.4233,2.4255,8055.4156
2019-12-01 08:43:00,2.4228,2.4235,2.4228,2.4234,2183.073
2019-12-01 08:42:00,2.4231,2.4236,2.4231,2.4231,1658.7975
2019-12-01 08:41:00,2.423,2.4236,2.4226,2.4236,2090.8372
2019-12-01 08:40:00,2.4228,2.4236,2.4225,2.423,8190.0577
2019-12-01 08:39:00,2.4228,2.423,2.4223,2.4228,5274.4868
2019-12-01 08:38:00,2.4236,2.4261,2.4225,2.4228,13756.07
2019-12-01 08:37:00,2.4262,2.4262,2.423,2.4235,3604.0332
2019-12-01 08:36:00,2.4223,2.4261,2.4223,2.4241,6681.2374
2019-12-01 08:35:00,2.4217,2.4251,2.4217,2.4241,8289.5834
2019-12-01 08:34:00,2.4194,2.4217,2.4186,2.4217,10160.0142
2019-12-01 08:33:00,2.4197,2.42,2.4192,2.42,3166.745
2019-12-01 08:32:00,2.4178,2.4196,2.417,2.4187,2665.4667
2019-12-01 08:31:00,2.4127,2.4189,2.4127,2.4174,15064.5411
2019-12-01 08:30:00,2.4128,2.4131,2.4109,2.4131,1609.695
2019-12-01 08:29:00,2.4099,2.4137,2.4099,2.412,4620.3493
2019-12-01 08:28:00,2.4069,2.4099,2.4059,2.4099,7316.813
2019-12-01 08:27:00,2.4057,2.4068,2.4043,2.4068,2587.3322
2019-12-01 08:26:00,2.4043,2.4057,2.4038,2.4038,2594.7416
2019-12-01 08:25:00,2.4062,2.4068,2.4044,2.406,560.7744
2019-12-01 08:24:00,2.3998,2.4063,2.3996,2.4063,5528.3959
2019-12-01 08:23:00,2.3994,2.4,2.3981,2.3995,2210.556
2019-12-01 08:22:00,2.4079,2.4079,2.3987,2.3994,22194.2143
2019-12-01 08:21:00,2.4059,2.4078,2.4059,2.4059,1711.6139
2019-12-01 08:20:00,2.4069,2.4069,2.4046,2.4064,2195.1613
2019-12-01 08:19:00,2.4077,2.4082,2.4064,2.4067,1177.873
2019-12-01 08:18:00,2.4039,2.407,2.4017,2.4069,6863.8642
2019-12-01 08:17:00,2.3994,2.4051,2.3994,2.4033,5461.4066
2019-12-01 08:16:00,2.3999,2.4,2.3989,2.3999,4738.9118
2019-12-01 08:15:00,2.3997,2.3999,2.3986,2.3999,7306.4351
2019-12-01 08:14:00,2.4006,2.4006,2.3971,2.3986,1184.5554
2019-12-01 08:13:00,2.399,2.4006,2.399,2.4006,1304.5386
2019-12-01 08:12:00,2.3972,2.3993,2.3972,2.399,2101.5824
2019-12-01 08:11:00,2.3989,2.3998,2.3988,2.399,1412.7272
2019-12-01 08:10:00,2.4,2.4,2.3977,2.3992,1414.0913
2019-12-01 08:09:00,2.3989,2.3998,2.3978,2.3989,7024.5437
2019-12-01 08:08:00,2.4,2.4006,2.3971,2.4006,2482.0618
2019-12-01 08:07:00,2.4008,2.4008,2.3987,2.3991,8017.7192
2019-12-01 08:06:00,2.4003,2.4017,2.399,2.4,19641.8943
2019-12-01 08:05:00,2.4008,2.4031,2.398,2.4031,2309.1892
2019-12-01 08:04:00,2.4107,2.4107,2.397,2.4008,26591.0298
2019-12-01 08:03:00,2.4159,2.4159,2.41,2.4107,2952.3596
2019-12-01 08:02:00,2.4247,2.4264,2.4142,2.418,26654.4083
2019-12-01 08:01:00,2.4326,2.4346,2.4106,2.4248,9478.2519
2019-12-01 08:00:00,2.4299,2.4344,2.4262,2.43,7463.6034
2019-12-01 07:59:00,2.4315,2.4315,2.4278,2.43,1570.7397
2019-12-01 07:58:00,2.4361,2.4361,2.428,2.428,14548.5712
2019-12-01 07:57:00,2.4298,2.4371,2.4269,2.4329,5600.3424
2019-12-01 07:56:00,2.4367,2.4387,2.425,2.4299,10276.8167
2019-12-01 07:55:00,2.4331,2.4441,2.4331,2.4393,5029.6477
2019-12-01 07:54:00,2.4436,2.4463,2.427,2.431,46228.8707
2019-12-01 07:53:00,2.447,2.4477,2.4393,2.4421,11334.9613
2019-12-01 07:52:00,2.447,2.4476,2.4469,2.4469,13786.5836
2019-12-01 07:51:00,2.4481,2.4484,2.4476,2.4476,2888.4344
2019-12-01 07:50:00,2.4489,2.449,2.4477,2.4477,4151.7796
2019-12-01 07:49:00,2.4493,2.4493,2.4489,2.4493,1056.2575
2019-12-01 07:48:00,2.45,2.45,2.4487,2.4493,7337.9146
2019-12-01 07:47:00,2.4485,2.45,2.4485,2.4497,4357.6434
2019-12-01 07:46:00,2.4475,2.45,2.4475,2.4485,9271.7967
2019-12-01 07:45:00,2.4487,2.45,2.4485,2.4485,3106.5514
2019-12-01 07:44:00,2.45,2.45,2.4485,2.4499,5953.9592
2019-12-01 07:43:00,2.4493,2.45,2.448,2.4487,10611.4504
2019-12-01 07:42:00,2.4499,2.45,2.4474,2.45,4167.3684
2019-12-01 07:41:00,2.4487,2.45,2.4472,2.4485,4787.6157
2019-12-01 07:40:00,2.45,2.45,2.4493,2.4494,7918.4615
2019-12-01 07:39:00,2.4493,2.45,2.4487,2.4494,2236.4378
2019-12-01 07:38:00,2.4486,2.45,2.4485,2.4499,4968.8143
2019-12-01 07:37:00,2.4485,2.45,2.4472,2.45,8979.4021
2019-12-01 07:36:00,2.4485,2.45,2.4481,2.4486,13917.2388
2019-12-01 07:35:00,2.4492,2.45,2.4472,2.4498,7920.8284
2019-12-01 07:34:00,2.4492,2.4499,2.447,2.4499,3130.8174
2019-12-01 07:33:00,2.4481,2.4491,2.4475,2.4481,8372.4637
2019-12-01 07:32:00,2.4491,2.4491,2.447,2.449,3117.9941
2019-12-01 07:31:00,2.4484,2.4491,2.4464,2.4491,8316.013
2019-12-01 07:30:00,2.4471,2.4473,2.4463,2.4472,1554.2328
2019-12-01 07:29:00,2.4475,2.4485,2.4469,2.4473,1583.7333
2019-12-01 07:28:00,2.4467,2.4481,2.4467,2.4467,5998.7462
2019-12-01 07:27:00,2.4468,2.4468,2.4459,2.4468,4143.754
2019-12-01 07:26:00,2.4463,2.4481,2.4451,2.4481,13534.1866
2019-12-01 07:25:00,2.4453,2.4464,2.4446,2.4451,6656.7454
2019-12-01 07:24:00,2.4463,2.4464,2.4429,2.4451,4035.1738
2019-12-01 07:23:00,2.4431,2.446,2.44,2.4457,62219.7617
2019-12-01 07:22:00,2.4441,2.4456,2.4431,2.4456,707.5536
2019-12-01 07:21:00,2.4433,2.4456,2.4424,2.444,4094.5315
2019-12-01 07:20:00,2.4432,2.4466,2.4432,2.4441,3523.3533
2019-12-01 07:19:00,2.444,2.444,2.4428,2.4432,9947.459
2019-12-01 07:18:00,2.4433,2.444,2.4432,2.4432,6019.8597
2019-12-01 07:17:00,2.4409,2.444,2.4409,2.4432,12735.4776
2019-12-01 07:16:00,2.4407,2.4423,2.4399,2.4423,10233.3533
2019-12-01 07:15:00,2.4405,2.4423,2.4394,2.4394,2858.4451
2019-12-01 07:14:00,2.4423,2.4423,2.4395,2.4408,1818.6552
2019-12-01 07:13:00,2.4423,2.4423,2.4422,2.4423,411.6209
2019-12-01 07:12:00,2.4433,2.444,2.4422,2.4422,9814.5653
2019-12-01 07:11:00,2.4441,2.4442,2.4431,2.444,4660.9023
2019-12-01 07:10:00,2.4436,2.4442,2.4431,2.4435,7172.409
2019-12-01 07:09:00,2.4442,2.4443,2.4428,2.4436,11824.574
2019-12-01 07:08:00,2.4437,2.4443,2.4437,2.4443,606.0161
2019-12-01 07:07:00,2.4404,2.4422,2.4403,2.4422,9678.9501
2019-12-01 07:06:00,2.4403,2.4404,2.4403,2.4403,2583.0055
2019-12-01 07:05:00,2.4403,2.4403,2.4402,2.4403,4153.2087
2019-12-01 07:04:00,2.4308,2.4404,2.4303,2.4403,49001.497
2019-12-01 07:03:00,2.4307,2.4316,2.4307,2.4316,5219.5895
2019-12-01 07:02:00,2.4306,2.4313,2.4264,2.4313,10940.2377
2019-12-01 07:01:00,2.4268,2.4306,2.4264,2.4298,3357.8379
2019-12-01 07:00:00,2.4272,2.4297,2.4272,2.4276,4832.4303
2019-12-01 06:59:00,2.425,2.4306,2.4226,2.428,11033.308
2019-12-01 06:58:00,2.4244,2.4263,2.4231,2.4231,7306.9618
2019-12-01 06:57:00,2.4245,2.4252,2.4245,2.4245,1359.2432
2019-12-01 06:56:00,2.4245,2.4251,2.423,2.4244,11411.4991
2019-12-01 06:55:00,2.4259,2.4263,2.4242,2.4247,2620.6619
2019-12-01 06:54:00,2.4256,2.4262,2.4256,2.4257,780.2771
2019-12-01 06:53:00,2.426,2.426,2.4249,2.4249,3911.9839
2019-12-01 06:52:00,2.426,2.4266,2.4251,2.4251,1292.9759
2019-12-01 06:51:00,2.4254,2.4271,2.4254,2.426,1700.1015
2019-12-01 06:50:00,2.4269,2.4269,2.4259,2.4259,2686.4413
2019-12-01 06:49:00,2.4252,2.4264,2.4252,2.4259,8379.4582
2019-12-01 06:48:00,2.4251,2.4271,2.4251,2.4255,6432.0325
2019-12-01 06:47:00,2.4258,2.4271,2.4258,2.4271,3991.0039
2019-12-01 06:46:00,2.4261,2.4271,2.4259,2.4269,3928.429
2019-12-01 06:45:00,2.4247,2.4271,2.4247,2.4261,13539.5497
2019-12-01 06:44:00,2.425,2.425,2.4246,2.4247,3784.1088
2019-12-01 06:43:00,2.4249,2.425,2.4246,2.4246,8096.6693
2019-12-01 06:42:00,2.425,2.425,2.4235,2.425,2164.3018
2019-12-01 06:41:00,2.4247,2.425,2.4238,2.424,2486.9826
2019-12-01 06:40:00,2.4202,2.425,2.42,2.4249,8385.6756
2019-12-01 06:39:00,2.4249,2.425,2.4206,2.4226,2327.8408
2019-12-01 06:38:00,2.4249,2.425,2.4219,2.4245,2374.5731
2019-12-01 06:37:00,2.4217,2.4243,2.4187,2.422,7312.1447
2019-12-01 06:36:00,2.4219,2.425,2.4178,2.425,5079.2195
2019-12-01 06:35:00,2.4223,2.425,2.4192,2.4211,8848.1702
2019-12-01 06:34:00,2.4231,2.4245,2.422,2.422,2439.7021
2019-12-01 06:33:00,2.4234,2.4234,2.4224,2.4224,24.3577
2019-12-01 06:32:00,2.4228,2.4242,2.422,2.422,5804.7057
2019-12-01 06:31:00,2.4229,2.425,2.4216,2.4229,2312.8282
2019-12-01 06:30:00,2.4226,2.425,2.4226,2.4231,2793.2003
2019-12-01 06:29:00,2.4222,2.4242,2.4208,2.4223,1472.8265
2019-12-01 06:28:00,2.4233,2.4243,2.4203,2.4222,2388.8655
2019-12-01 06:27:00,2.4208,2.4229,2.4201,2.422,793.2869
2019-12-01 06:26:00,2.4214,2.4237,2.4206,2.4209,3012.9356
2019-12-01 06:25:00,2.4228,2.4247,2.4199,2.4212,3542.3644
2019-12-01 06:24:00,2.4178,2.4227,2.4178,2.4204,12066.0564
2019-12-01 06:23:00,2.4195,2.42,2.4173,2.4184,1217.9418
2019-12-01 06:22:00,2.4172,2.4227,2.4172,2.4218,9100.1906
2019-12-01 06:21:00,2.4182,2.4182,2.4152,2.4182,8088.718
2019-12-01 06:20:00,2.4182,2.4182,2.415,2.4182,8605.3524
2019-12-01 06:19:00,2.4213,2.423,2.4169,2.4169,3299.1497
2019-12-01 06:18:00,2.425,2.425,2.4224,2.423,2858.3137
2019-12-01 06:17:00,2.4249,2.425,2.4216,2.4232,6966.9067
2019-12-01 06:16:00,2.4241,2.425,2.4212,2.4227,4567.3989
2019-12-01 06:15:00,2.4231,2.425,2.423,2.423,2134.2747
2019-12-01 06:14:00,2.4244,2.425,2.4227,2.423,2270.7832
2019-12-01 06:13:00,2.4229,2.425,2.4211,2.4228,9313.974
2019-12-01 06:12:00,2.4213,2.4249,2.4213,2.4249,2209.0966
2019-12-01 06:11:00,2.4207,2.4227,2.4202,2.4227,1553.8003
2019-12-01 06:10:00,2.4214,2.422,2.4206,2.4207,8682.4087
2019-12-01 06:09:00,2.425,2.425,2.4227,2.4249,1730.6614
2019-12-01 06:08:00,2.4227,2.425,2.4206,2.4225,2087.9048
2019-12-01 06:07:00,2.425,2.425,2.4224,2.4224,2702.861
2019-12-01 06:06:00,2.425,2.425,2.4227,2.4227,3382.6852
2019-12-01 06:05:00,2.423,2.425,2.4204,2.425,3403.2622
2019-12-01 06:04:00,2.424,2.4249,2.4226,2.4227,4713.8362
2019-12-01 06:03:00,2.4229,2.425,2.4228,2.423,3830.1681
2019-12-01 06:02:00,2.4244,2.425,2.4224,2.4229,2427.9486
2019-12-01 06:01:00,2.425,2.425,2.4199,2.4223,1882.7333
2019-12-01 06:00:00,2.4204,2.425,2.4204,2.425,20187.3125
2019-12-01 05:59:00,2.425,2.425,2.423,2.425,1859.147
2019-12-01 05:58:00,2.4251,2.427,2.423,2.4246,3445.2011
2019-12-01 05:57:00,2.4251,2.427,2.4238,2.427,4732.3899
2019-12-01 05:56:00,2.4259,2.4271,2.4241,2.427,2706.6779
2019-12-01 05:55:00,2.4307,2.4307,2.4246,2.4271,6526.3856
2019-12-01 05:54:00,2.4274,2.4307,2.4269,2.4285,6675.7333
2019-12-01 05:53:00,2.4258,2.43,2.4258,2.4277,2917.6196
2019-12-01 05:52:00,2.4274,2.43,2.4274,2.4276,2810.4563
2019-12-01 05:51:00,2.427,2.43,2.4257,2.4274,9618.6216
2019-12-01 05:50:00,2.427,2.4291,2.427,2.4291,2101.5744
2019-12-01 05:49:00,2.4263,2.4291,2.4249,2.4249,5714.0138
2019-12-01 05:48:00,2.4268,2.4278,2.4258,2.4263,4228.8341
2019-12-01 05:47:00,2.4259,2.4276,2.4244,2.4276,3395.6469
2019-12-01 05:46:00,2.4248,2.4276,2.4243,2.4243,1978.4256
2019-12-01 05:45:00,2.4231,2.4259,2.4231,2.4248,2687.3669
2019-12-01 05:44:00,2.4222,2.4241,2.4222,2.4241,2736.6383
2019-12-01 05:43:00,2.422,2.4241,2.421,2.4241,4259.489
2019-12-01 05:42:00,2.4217,2.4236,2.4217,2.4219,1467.6758
2019-12-01 05:41:00,2.4197,2.4226,2.4197,2.4215,5670.5587
2019-12-01 05:40:00,2.4178,2.4202,2.4178,2.4202,4250.6588
2019-12-01 05:39:00,2.4176,2.4194,2.417,2.4194,5993.1191
2019-12-01 05:38:00,2.4195,2.4215,2.4177,2.4184,2937.122
2019-12-01 05:37:00,2.4181,2.4203,2.4181,2.4184,2563.5158
2019-12-01 05:36:00,2.4205,2.4205,2.419,2.4196,558.5929
2019-12-01 05:35:00,2.4185,2.4221,2.4185,2.4211,668.0485
2019-12-01 05:34:00,2.4205,2.4212,2.4187,2.4192,903.5961
2019-12-01 05:33:00,2.4194,2.4209,2.4194,2.4209,1417.7611
2019-12-01 05:32:00,2.4213,2.4222,2.4204,2.4205,1030.6321
2019-12-01 05:31:00,2.4202,2.4219,2.4202,2.4204,1098.5644
2019-12-01 05:30:00,2.4191,2.4232,2.4191,2.4224,1943.7054
2019-12-01 05:29:00,2.42,2.4202,2.4189,2.4192,2653.5119
2019-12-01 05:28:00,2.42,2.42,2.4181,2.4191,5757.9252
2019-12-01 05:27:00,2.4205,2.4226,2.4189,2.4189,4368.8356
2019-12-01 05:26:00,2.4204,2.4205,2.4191,2.4205,2654.6704
2019-12-01 05:25:00,2.4198,2.4205,2.4185,2.4198,10710.777
2019-12-01 05:24:00,2.4197,2.42,2.4197,2.42,3751.3938
2019-12-01 05:23:00,2.42,2.42,2.4185,2.4193,3099.0123
2019-12-01 05:22:00,2.4193,2.42,2.4185,2.4191,2097.3276
2019-12-01 05:21:00,2.4182,2.4193,2.4174,2.4185,3119.1483
2019-12-01 05:20:00,2.4167,2.4192,2.4167,2.4175,4286.0202
2019-12-01 05:19:00,2.4166,2.4187,2.4145,2.4179,7894.0986
2019-12-01 05:18:00,2.4154,2.4187,2.415,2.4166,6392.4693
2019-12-01 05:17:00,2.4151,2.4159,2.4146,2.4153,9393.1921
2019-12-01 05:16:00,2.4185,2.4186,2.4127,2.4162,4921.1959
2019-12-01 05:15:00,2.4166,2.4186,2.4166,2.4186,3295.0782
2019-12-01 05:14:00,2.4156,2.4187,2.4134,2.4166,17209.9783
2019-12-01 05:13:00,2.4158,2.418,2.4125,2.4159,7733.3186
2019-12-01 05:12:00,2.4113,2.4158,2.411,2.412,20003.1826
2019-12-01 05:11:00,2.4121,2.4149,2.4112,2.4115,9852.5205
2019-12-01 05:10:00,2.409,2.4122,2.409,2.4112,2549.6931
2019-12-01 05:09:00,2.41,2.41,2.4077,2.41,3083.8938
2019-12-01 05:08:00,2.41,2.41,2.4066,2.4086,4786.9181
2019-12-01 05:07:00,2.4082,2.41,2.4082,2.4088,2537.7296
2019-12-01 05:06:00,2.4079,2.41,2.4071,2.4071,5649.8351
2019-12-01 05:05:00,2.4095,2.4095,2.4055,2.4095,12239.7442
2019-12-01 05:04:00,2.4095,2.4095,2.4069,2.4074,12061.4786
2019-12-01 05:03:00,2.4077,2.4095,2.4061,2.4061,4548.3292
2019-12-01 05:02:00,2.4072,2.4095,2.4042,2.4042,2511.079
2019-12-01 05:01:00,2.407,2.4095,2.4057,2.4057,8847.3009
2019-12-01 05:00:00,2.4095,2.4095,2.4062,2.4095,5365.2971
2019-12-01 04:59:00,2.41,2.41,2.4072,2.4072,2644.6124
2019-12-01 04:58:00,2.4075,2.41,2.4075,2.408,906.8152
2019-12-01 04:57:00,2.4042,2.41,2.4042,2.4079,8298.1473
2019-12-01 04:56:00,2.4006,2.4087,2.4006,2.4065,8116.3525
2019-12-01 04:55:00,2.4049,2.4069,2.4047,2.4049,4710.5901
2019-12-01 04:54:00,2.4075,2.4075,2.4036,2.4056,10918.2473
2019-12-01 04:53:00,2.4047,2.4075,2.4006,2.403,9850.372
2019-12-01 04:52:00,2.4047,2.4073,2.403,2.4071,8377.9817
2019-12-01 04:51:00,2.401,2.407,2.401,2.407,13446.6056
2019-12-01 04:50:00,2.4038,2.407,2.4038,2.4042,8485.7602
2019-12-01 04:49:00,2.4035,2.4057,2.4019,2.4038,8078.0454
2019-12-01 04:48:00,2.4038,2.405,2.4002,2.405,3730.8916
2019-12-01 04:47:00,2.4021,2.405,2.3987,2.4029,4471.4943
2019-12-01 04:46:00,2.4049,2.4049,2.4006,2.4038,1698.7352
2019-12-01 04:45:00,2.4034,2.4049,2.4022,2.4026,4358.7033
2019-12-01 04:44:00,2.4015,2.4049,2.4002,2.4045,3363.8424
2019-12-01 04:43:00,2.403,2.4049,2.4014,2.4022,2985.2707
2019-12-01 04:42:00,2.403,2.403,2.398,2.4,7652.0597
2019-12-01 04:41:00,2.3974,2.403,2.3974,2.4009,4780.5703
2019-12-01 04:40:00,2.4,2.4,2.3961,2.4,6802.6563
2019-12-01 04:39:00,2.3996,2.4,2.3976,2.3986,4762.9146
2019-12-01 04:38:00,2.3981,2.3999,2.3975,2.3978,6538.5003
2019-12-01 04:37:00,2.3973,2.3982,2.396,2.3981,3651.4467
2019-12-01 04:36:00,2.3957,2.3994,2.3948,2.3948,1479.9566
2019-12-01 04:35:00,2.3967,2.3997,2.3942,2.398,4055.4888
2019-12-01 04:34:00,2.3964,2.3999,2.3937,2.3937,17455.6201
2019-12-01 04:33:00,2.3962,2.3993,2.3929,2.3965,4763.1407
2019-12-01 04:32:00,2.3964,2.3992,2.3946,2.3946,862.1252
2019-12-01 04:31:00,2.3963,2.3998,2.3917,2.3997,8611.7391
2019-12-01 04:30:00,2.3971,2.4,2.395,2.3976,11815.3443
2019-12-01 04:29:00,2.3959,2.3991,2.3945,2.3991,2110.0608
2019-12-01 04:28:00,2.4,2.4,2.396,2.4,3290.5178
2019-12-01 04:27:00,2.3979,2.4,2.3959,2.4,3361.588
2019-12-01 04:26:00,2.3968,2.4,2.3957,2.4,6269.2593
2019-12-01 04:25:00,2.3935,2.3992,2.3935,2.3967,2856.5223
2019-12-01 04:24:00,2.3998,2.3998,2.3961,2.3967,3089.1264
2019-12-01 04:23:00,2.3977,2.4,2.3963,2.3963,8071.9603
2019-12-01 04:22:00,2.3992,2.4,2.3944,2.4,3805.5785
2019-12-01 04:21:00,2.3957,2.4,2.3957,2.4,2499.3038
2019-12-01 04:20:00,2.4,2.4,2.3939,2.3979,4344.708
2019-12-01 04:19:00,2.3975,2.4,2.3951,2.3955,5359.2215
2019-12-01 04:18:00,2.3977,2.4,2.3941,2.3941,12291.008
2019-12-01 04:17:00,2.3973,2.4,2.3966,2.4,5898.7218
2019-12-01 04:16:00,2.3975,2.4,2.3958,2.3958,2140.1889
2019-12-01 04:15:00,2.3998,2.4,2.3948,2.398,5096.5653
2019-12-01 04:14:00,2.4,2.4,2.3948,2.3968,2834.0148
2019-12-01 04:13:00,2.3987,2.4,2.3983,2.4,5876.3193
2019-12-01 04:12:00,2.3982,2.4,2.3982,2.3986,9111.1565
2019-12-01 04:11:00,2.3999,2.3999,2.3948,2.3995,27524.391
2019-12-01 04:10:00,2.3968,2.3999,2.3958,2.3976,3202.9881
2019-12-01 04:09:00,2.398,2.3999,2.3976,2.3981,4684.0989
2019-12-01 04:08:00,2.3999,2.3999,2.3969,2.3979,2440.3607
2019-12-01 04:07:00,2.397,2.3999,2.394,2.3996,13882.9109
2019-12-01 04:06:00,2.3998,2.3999,2.3946,2.3999,17225.7546
2019-12-01 04:05:00,2.3971,2.3998,2.3971,2.3977,3074.3598
2019-12-01 04:04:00,2.3997,2.3998,2.3947,2.3947,7731.3242
2019-12-01 04:03:00,2.3977,2.399,2.3977,2.399,602.3765
2019-12-01 04:02:00,2.3937,2.3998,2.3937,2.3975,6090.5734
2019-12-01 04:01:00,2.3953,2.3997,2.3953,2.3973,509.5694
2019-12-01 04:00:00,2.3969,2.3998,2.3922,2.3965,5136.9314
2019-12-01 03:59:00,2.3994,2.3994,2.3961,2.3975,4241.6746
2019-12-01 03:58:00,2.3995,2.3995,2.3967,2.397,1299.2611
2019-12-01 03:57:00,2.3975,2.3998,2.3956,2.3967,3715.772
2019-12-01 03:56:00,2.3991,2.3998,2.3966,2.397,3526.7987
2019-12-01 03:55:00,2.3972,2.3998,2.3925,2.3972,6333.5693
2019-12-01 03:54:00,2.3998,2.3998,2.3975,2.3996,7506.8269
2019-12-01 03:53:00,2.3978,2.3998,2.3969,2.3969,2952.3807
2019-12-01 03:52:00,2.3979,2.3998,2.395,2.3974,2762.2246
2019-12-01 03:51:00,2.3957,2.3993,2.3944,2.3993,11654.8565
2019-12-01 03:50:00,2.3996,2.3996,2.3965,2.3965,1045.086
2019-12-01 03:49:00,2.3985,2.3998,2.3945,2.3969,13402.1068
2019-12-01 03:48:00,2.391,2.3982,2.391,2.3982,6349.5263
2019-12-01 03:47:00,2.393,2.3952,2.3926,2.3938,1694.8434
2019-12-01 03:46:00,2.3924,2.396,2.3915,2.396,6962.8092
2019-12-01 03:45:00,2.3918,2.3926,2.3907,2.3907,2267.3197
2019-12-01 03:44:00,2.3873,2.3917,2.3873,2.3916,2594.8223
2019-12-01 03:43:00,2.3876,2.39,2.3865,2.3882,4631.4675
2019-12-01 03:42:00,2.3877,2.3887,2.387,2.3873,1448.5016
2019-12-01 03:41:00,2.3858,2.3896,2.3858,2.3873,15895.2245
2019-12-01 03:40:00,2.3855,2.3862,2.3855,2.386,611.0123
2019-12-01 03:39:00,2.3853,2.3863,2.3848,2.3857,3150.8486
2019-12-01 03:38:00,2.386,2.386,2.3845,2.3859,4144.9918
2019-12-01 03:37:00,2.3866,2.3868,2.386,2.386,5166.6622
2019-12-01 03:36:00,2.3849,2.3866,2.3849,2.3853,1309.2473
2019-12-01 03:35:00,2.3818,2.387,2.3818,2.3849,7788.7333
2019-12-01 03:34:00,2.3782,2.3818,2.3778,2.381,7097.8954
2019-12-01 03:33:00,2.3787,2.3799,2.3758,2.3799,1648.1725
2019-12-01 03:32:00,2.378,2.3799,2.378,2.3799,983.4716
2019-12-01 03:31:00,2.3787,2.3799,2.3785,2.3796,4489.3052
2019-12-01 03:30:00,2.3783,2.3799,2.3777,2.3799,2866.0258
2019-12-01 03:29:00,2.3783,2.3799,2.3775,2.378,9309.3405
2019-12-01 03:28:00,2.3773,2.3799,2.3773,2.3782,5407.0385
2019-12-01 03:27:00,2.3783,2.3799,2.3772,2.3783,14171.3252
2019-12-01 03:26:00,2.379,2.3799,2.3775,2.3799,3195.6592
2019-12-01 03:25:00,2.3782,2.379,2.3768,2.3776,8173.0385
2019-12-01 03:24:00,2.378,2.379,2.3776,2.379,7004.7476
2019-12-01 03:23:00,2.379,2.379,2.3774,2.379,4733.2296
2019-12-01 03:22:00,2.3758,2.379,2.3758,2.3771,4906.0635
2019-12-01 03:21:00,2.3769,2.379,2.3765,2.3778,2342.3512
2019-12-01 03:20:00,2.3748,2.379,2.3748,2.3788,4769.3361
2019-12-01 03:19:00,2.379,2.379,2.3765,2.3768,2324.3328
2019-12-01 03:18:00,2.3764,2.379,2.3746,2.3765,1556.5211
2019-12-01 03:17:00,2.379,2.379,2.3746,2.3765,4069.7335
2019-12-01 03:16:00,2.3772,2.379,2.3765,2.3765,4543.2946
2019-12-01 03:15:00,2.3766,2.379,2.3755,2.379,875.0184
2019-12-01 03:14:00,2.3765,2.379,2.376,2.3784,4228.8741
2019-12-01 03:13:00,2.3771,2.379,2.3764,2.3764,1395.464
2019-12-01 03:12:00,2.3767,2.379,2.3756,2.3788,2647.5669
2019-12-01 03:11:00,2.3766,2.3788,2.3765,2.3767,1442.8999
2019-12-01 03:10:00,2.379,2.379,2.3742,2.3766,3647.3844
2019-12-01 03:09:00,2.3764,2.379,2.374,2.3769,9610.7791
2019-12-01 03:08:00,2.3773,2.379,2.3764,2.379,6290.8397
2019-12-01 03:07:00,2.3774,2.379,2.3774,2.3774,5107.26
2019-12-01 03:06:00,2.3781,2.379,2.3781,2.379,1570.7637
2019-12-01 03:05:00,2.3781,2.379,2.3781,2.3783,4996.3857
2019-12-01 03:04:00,2.3779,2.379,2.3772,2.3772,5211.9846
2019-12-01 03:03:00,2.3778,2.379,2.3768,2.379,3599.7235
2019-12-01 03:02:00,2.379,2.379,2.3757,2.379,4527.1859
2019-12-01 03:01:00,2.3773,2.379,2.377,2.3774,2206.0792
2019-12-01 03:00:00,2.3769,2.379,2.3769,2.3773,11455.4263
2019-12-01 02:59:00,2.379,2.379,2.3766,2.3788,6585.6668
2019-12-01 02:58:00,2.3751,2.379,2.3744,2.3744,5313.4503
2019-12-01 02:57:00,2.3772,2.3789,2.3755,2.3755,2947.9597
2019-12-01 02:56:00,2.3772,2.3789,2.3761,2.3789,10151.1247
2019-12-01 02:55:00,2.3772,2.3772,2.3755,2.3771,7644.5703
2019-12-01 02:54:00,2.3773,2.3786,2.3755,2.3772,3024.5695
2019-12-01 02:53:00,2.3789,2.3789,2.376,2.3773,2085.5683
2019-12-01 02:52:00,2.3773,2.3789,2.3761,2.3761,10516.6304
2019-12-01 02:51:00,2.3773,2.3789,2.3765,2.378,2899.388
2019-12-01 02:50:00,2.3773,2.3789,2.3763,2.3789,2605.4184
2019-12-01 02:49:00,2.3789,2.3789,2.3763,2.3789,3616.9836
2019-12-01 02:48:00,2.3773,2.3789,2.376,2.3773,6574.3201
2019-12-01 02:47:00,2.3773,2.3789,2.3756,2.3789,5043.6797
2019-12-01 02:46:00,2.3773,2.3789,2.3773,2.3773,6346.5428
2019-12-01 02:45:00,2.3775,2.3789,2.3761,2.3773,1854.5716
2019-12-01 02:44:00,2.3789,2.3789,2.3775,2.3789,9745.8418
2019-12-01 02:43:00,2.3789,2.3789,2.3774,2.3774,2646.7322
2019-12-01 02:42:00,2.3762,2.3789,2.3762,2.3775,13396.5728
2019-12-01 02:41:00,2.3773,2.3789,2.3756,2.3756,4310.4237
2019-12-01 02:40:00,2.377,2.3789,2.3761,2.3789,2919.165
2019-12-01 02:39:00,2.3774,2.3788,2.3761,2.3782,4879.6606
2019-12-01 02:38:00,2.3788,2.3788,2.3764,2.3788,6750.9806
2019-12-01 02:37:00,2.3776,2.3788,2.3761,2.3788,1311.4993
2019-12-01 02:36:00,2.3788,2.3788,2.3761,2.3761,8297.9053
2019-12-01 02:35:00,2.3769,2.3788,2.3769,2.3773,4862.5142
2019-12-01 02:34:00,2.3788,2.3788,2.3762,2.3771,7222.9067
2019-12-01 02:33:00,2.378,2.3788,2.3771,2.3788,1225.2157
2019-12-01 02:32:00,2.377,2.3788,2.377,2.3775,8475.083
2019-12-01 02:31:00,2.3778,2.3789,2.3753,2.3789,7799.5551
2019-12-01 02:30:00,2.3774,2.3779,2.3757,2.3779,1492.0216
2019-12-01 02:29:00,2.3751,2.3785,2.3738,2.3776,7026.6822
2019-12-01 02:28:00,2.3774,2.3798,2.3751,2.377,4182.7804
2019-12-01 02:27:00,2.3778,2.3798,2.3747,2.378,3425.1634
2019-12-01 02:26:00,2.3798,2.3798,2.3755,2.3798,12337.2456
2019-12-01 02:25:00,2.3765,2.3798,2.3753,2.3779,19270.5688
2019-12-01 02:24:00,2.3798,2.3798,2.3766,2.3777,1205.8847
2019-12-01 02:23:00,2.378,2.3798,2.3779,2.3779,4227.115
2019-12-01 02:22:00,2.3763,2.3798,2.3763,2.3763,8971.5501
2019-12-01 02:21:00,2.3797,2.3798,2.3771,2.3775,2181.2703
2019-12-01 02:20:00,2.3764,2.3799,2.375,2.3789,2868.6761
2019-12-01 02:19:00,2.376,2.378,2.3755,2.378,5356.3301
2019-12-01 02:18:00,2.3761,2.378,2.3744,2.3759,6144.7483
2019-12-01 02:17:00,2.3762,2.3763,2.3742,2.3759,1785.0194
2019-12-01 02:16:00,2.3763,2.3772,2.3755,2.3761,3806.1092
2019-12-01 02:15:00,2.3778,2.3799,2.3771,2.3795,6526.0085
2019-12-01 02:14:00,2.3779,2.3799,2.3771,2.3799,2413.618
2019-12-01 02:13:00,2.3773,2.3796,2.3773,2.3778,10063.5096
2019-12-01 02:12:00,2.3796,2.3799,2.377,2.3772,3971.8311
2019-12-01 02:11:00,2.3759,2.3799,2.3743,2.377,7387.7147
2019-12-01 02:10:00,2.3754,2.38,2.3754,2.3799,20145.5875
2019-12-01 02:09:00,2.3786,2.3809,2.3777,2.38,2299.0326
2019-12-01 02:08:00,2.3802,2.381,2.3767,2.3803,9594.4378
2019-12-01 02:07:00,2.3806,2.381,2.3784,2.3784,4392.9189
2019-12-01 02:06:00,2.3805,2.381,2.38,2.38,990.5976
2019-12-01 02:05:00,2.3802,2.381,2.3802,2.381,5048.8799
2019-12-01 02:04:00,2.3798,2.381,2.3794,2.38,7492.7426
2019-12-01 02:03:00,2.3801,2.3811,2.3798,2.3798,3442.6663
2019-12-01 02:02:00,2.3766,2.3811,2.3758,2.3792,4892.3695
2019-12-01 02:01:00,2.3698,2.378,2.3698,2.3768,2639.4158
2019-12-01 02:00:00,2.3669,2.3714,2.3666,2.3666,10098.661
2019-12-01 01:59:00,2.3652,2.3688,2.3652,2.3676,700.0603
2019-12-01 01:58:00,2.3641,2.368,2.3628,2.368,18963.0624
2019-12-01 01:57:00,2.3641,2.3668,2.3615,2.3636,4879.5884
2019-12-01 01:56:00,2.3627,2.3663,2.3627,2.3636,1737.1158
2019-12-01 01:55:00,2.3595,2.3647,2.3595,2.364,3806.6747
2019-12-01 01:54:00,2.3646,2.3646,2.3612,2.3617,5262.3829
2019-12-01 01:53:00,2.3639,2.3649,2.3609,2.3647,13732.6178
2019-12-01 01:52:00,2.3654,2.3654,2.3598,2.3616,2991.6765
2019-12-01 01:51:00,2.3664,2.3684,2.3581,2.3637,22124.7342
2019-12-01 01:50:00,2.3715,2.3731,2.3591,2.3648,18084.1019
2019-12-01 01:49:00,2.3717,2.3736,2.3686,2.3726,4068.1391
2019-12-01 01:48:00,2.3738,2.3741,2.367,2.3725,482.8528
2019-12-01 01:47:00,2.369,2.377,2.3671,2.3696,11217.9886
2019-12-01 01:46:00,2.3807,2.3807,2.364,2.3684,14785.2584
2019-12-01 01:45:00,2.3766,2.3782,2.373,2.3773,2536.14
2019-12-01 01:44:00,2.3766,2.3784,2.3739,2.3768,1857.5412
2019-12-01 01:43:00,2.3781,2.3802,2.3771,2.3771,5501.3816
2019-12-01 01:42:00,2.3769,2.3811,2.3769,2.3774,3235.5449
2019-12-01 01:41:00,2.3794,2.3806,2.3729,2.3772,27444.9082
2019-12-01 01:40:00,2.384,2.3851,2.3822,2.3825,7021.3228
2019-12-01 01:39:00,2.3834,2.3856,2.3819,2.384,2174.6375
2019-12-01 01:38:00,2.3835,2.386,2.3834,2.3834,2104.2051
2019-12-01 01:37:00,2.3859,2.3859,2.3826,2.3836,8546.816
2019-12-01 01:36:00,2.3841,2.3859,2.3828,2.3843,3394.0174
2019-12-01 01:35:00,2.3836,2.3859,2.3836,2.3859,4484.5628
2019-12-01 01:34:00,2.3831,2.3859,2.3812,2.3836,3325.321
2019-12-01 01:33:00,2.3859,2.386,2.381,2.386,6997.3684
2019-12-01 01:32:00,2.3837,2.386,2.3791,2.386,8112.6637
2019-12-01 01:31:00,2.3828,2.386,2.3813,2.386,2034.9553
2019-12-01 01:30:00,2.385,2.386,2.3804,2.3834,16136.9895
2019-12-01 01:29:00,2.3849,2.3849,2.3845,2.3845,3661.2155
2019-12-01 01:28:00,2.3876,2.3879,2.3843,2.3849,4268.1177
2019-12-01 01:27:00,2.3866,2.3879,2.3856,2.3866,12462.7557
2019-12-01 01:26:00,2.3879,2.3879,2.3861,2.3866,10016.0692
2019-12-01 01:25:00,2.3864,2.3879,2.3853,2.3865,6016.5273
2019-12-01 01:24:00,2.3867,2.388,2.3846,2.3861,2848.9927
2019-12-01 01:23:00,2.388,2.388,2.3853,2.3853,5724.873
2019-12-01 01:22:00,2.3865,2.3867,2.3853,2.3865,985.2469
2019-12-01 01:21:00,2.3862,2.388,2.3862,2.388,2731.6579
2019-12-01 01:20:00,2.3862,2.388,2.3849,2.3862,12483.2511
2019-12-01 01:19:00,2.3865,2.388,2.3853,2.388,6010.76
2019-12-01 01:18:00,2.3856,2.388,2.385,2.385,1768.5576
2019-12-01 01:17:00,2.3857,2.3878,2.3834,2.3877,2828.1528
2019-12-01 01:16:00,2.3872,2.3883,2.3864,2.3866,8243.0751
2019-12-01 01:15:00,2.3849,2.3883,2.3848,2.3883,1756.3659
2019-12-01 01:14:00,2.3823,2.3874,2.3775,2.3874,6645.0725
2019-12-01 01:13:00,2.3822,2.3833,2.379,2.382,2392.8268
2019-12-01 01:12:00,2.3894,2.3894,2.3763,2.3824,10744.9315
2019-12-01 01:11:00,2.39,2.3902,2.3892,2.3894,4867.6123
2019-12-01 01:10:00,2.3896,2.3906,2.3896,2.3902,1341.3068
2019-12-01 01:09:00,2.3898,2.3906,2.3892,2.3903,8082.1537
2019-12-01 01:08:00,2.39,2.3907,2.3897,2.3898,1609.4143
2019-12-01 01:07:00,2.3901,2.3914,2.39,2.39,531.5478
2019-12-01 01:06:00,2.3909,2.3909,2.3892,2.3893,1487.2202
2019-12-01 01:05:00,2.3919,2.3921,2.3902,2.3902,10594.345
2019-12-01 01:04:00,2.3921,2.3939,2.3903,2.3903,4486.408
2019-12-01 01:03:00,2.3896,2.3939,2.3896,2.3939,3825.3407
2019-12-01 01:02:00,2.3896,2.3899,2.389,2.3899,2080.4605
2019-12-01 01:01:00,2.3891,2.3898,2.3871,2.3896,5919.9952
2019-12-01 01:00:00,2.3895,2.39,2.3878,2.3891,1482.5465
2019-12-01 00:59:00,2.3845,2.39,2.3845,2.3895,25368.2289
2019-12-01 00:58:00,2.385,2.385,2.3837,2.3847,12703.2116
2019-12-01 00:57:00,2.3848,2.385,2.3831,2.385,14467.5647
2019-12-01 00:56:00,2.3795,2.3848,2.3795,2.383,3504.9925
2019-12-01 00:55:00,2.3849,2.385,2.3813,2.3823,9105.7011
2019-12-01 00:54:00,2.3831,2.3849,2.3821,2.3821,3508.3797
2019-12-01 00:53:00,2.3819,2.3848,2.3814,2.3848,7025.4494
2019-12-01 00:52:00,2.3803,2.3849,2.3803,2.3814,14996.5341
2019-12-01 00:51:00,2.3793,2.3849,2.3793,2.3821,2882.1435
2019-12-01 00:50:00,2.3847,2.3849,2.3804,2.3819,20701.8704
2019-12-01 00:49:00,2.3785,2.3849,2.3785,2.3849,3921.7221
2019-12-01 00:48:00,2.3768,2.3791,2.3755,2.3783,3929.7046
2019-12-01 00:47:00,2.3782,2.38,2.3775,2.3775,6069.4565
2019-12-01 00:46:00,2.3777,2.38,2.3721,2.3778,6728.4583
2019-12-01 00:45:00,2.3775,2.38,2.3771,2.3772,3477.4798
2019-12-01 00:44:00,2.3783,2.38,2.3744,2.3792,2487.6584
2019-12-01 00:43:00,2.375,2.38,2.3746,2.3755,8800.5879
2019-12-01 00:42:00,2.3791,2.38,2.3741,2.3771,8806.8173
2019-12-01 00:41:00,2.3774,2.3799,2.3734,2.3767,2717.6661
2019-12-01 00:40:00,2.3784,2.3799,2.3755,2.3797,8376.6441
2019-12-01 00:39:00,2.3771,2.3799,2.3746,2.3774,5531.1567
2019-12-01 00:38:00,2.3781,2.3781,2.3727,2.377,6723.2953
2019-12-01 00:37:00,2.3773,2.3798,2.3767,2.3781,2023.1945
2019-12-01 00:36:00,2.3754,2.3775,2.3753,2.3775,4297.2988
2019-12-01 00:35:00,2.3727,2.3754,2.372,2.3754,1419.6719
2019-12-01 00:34:00,2.3669,2.3725,2.3664,2.3725,5533.5464
2019-12-01 00:33:00,2.3654,2.3669,2.3653,2.3669,9879.661
2019-12-01 00:32:00,2.3704,2.3705,2.3653,2.3662,13079.9181
2019-12-01 00:31:00,2.3781,2.3781,2.37,2.371,11185.388
2019-12-01 00:30:00,2.384,2.3846,2.3769,2.3769,2191.888
2019-12-01 00:29:00,2.3785,2.385,2.3774,2.3837,34785.727
2019-12-01 00:28:00,2.376,2.3787,2.3753,2.3773,23694.8377
2019-12-01 00:27:00,2.3758,2.376,2.3746,2.3753,8104.0461
2019-12-01 00:26:00,2.3756,2.376,2.3737,2.376,6648.5666
2019-12-01 00:25:00,2.3756,2.3757,2.3738,2.3747,4720.2987
2019-12-01 00:24:00,2.3735,2.3759,2.3692,2.3747,6328.417
2019-12-01 00:23:00,2.3682,2.376,2.3682,2.3739,22018.6511
2019-12-01 00:22:00,2.3655,2.3695,2.3655,2.3679,923.1222
2019-12-01 00:21:00,2.3673,2.37,2.3632,2.37,2465.7183
2019-12-01 00:20:00,2.3663,2.37,2.3658,2.368,8324.001
2019-12-01 00:19:00,2.3679,2.3679,2.3653,2.366,4122.3742
2019-12-01 00:18:00,2.3632,2.3683,2.3599,2.3667,12569.5512
2019-12-01 00:17:00,2.3607,2.3653,2.3607,2.3653,8471.9053
2019-12-01 00:16:00,2.3555,2.36,2.3536,2.3587,3173.5666
2019-12-01 00:15:00,2.3542,2.3565,2.3542,2.3565,5585.1605
2019-12-01 00:14:00,2.3551,2.356,2.3534,2.3539,2483.5659
2019-12-01 00:13:00,2.3547,2.3547,2.351,2.3536,1831.3583
2019-12-01 00:12:00,2.3547,2.3558,2.3522,2.3529,590.69
2019-12-01 00:11:00,2.3552,2.3564,2.3518,2.3518,3394.7455
2019-12-01 00:10:00,2.3532,2.358,2.3532,2.357,14725.1303
2019-12-01 00:09:00,2.35,2.3537,2.3485,2.3537,6633.7726
2019-12-01 00:08:00,2.3484,2.35,2.3484,2.3499,9488.3463
2019-12-01 00:07:00,2.3496,2.35,2.3468,2.3484,6834.5454
2019-12-01 00:06:00,2.3472,2.35,2.347,2.3496,12182.3922
2019-12-01 00:05:00,2.35,2.35,2.3473,2.3484,37775.6315
2019-12-01 00:04:00,2.3513,2.354,2.3479,2.3487,19231.8191
2019-12-01 00:03:00,2.3528,2.3533,2.3481,2.3488,4108.7474
2019-12-01 00:02:00,2.3575,2.3575,2.3485,2.349,7811.8543
2019-12-01 00:01:00,2.3576,2.358,2.3559,2.3559,1001.9196
2019-12-01 00:00:00,2.3562,2.3578,2.3545,2.3545,1201.8198
