2019-12-08 23:59:00,2.6915,2.6957,2.6915,2.6957,2802.9146
2019-12-08 23:58:00,2.6915,2.6917,2.6905,2.6914,4493.3844
2019-12-08 23:57:00,2.6892,2.6915,2.6892,2.6915,7449.4116
2019-12-08 23:56:00,2.6894,2.6894,2.689,2.6891,3399.4158
2019-12-08 23:55:00,2.6898,2.6898,2.6894,2.6894,7093.8849
2019-12-08 23:54:00,2.6897,2.6899,2.6897,2.6899,6489.3948
2019-12-08 23:53:00,2.6897,2.6897,2.6897,2.6897,0
2019-12-08 23:52:00,2.6897,2.6897,2.6897,2.6897,0
2019-12-08 23:51:00,2.6898,2.6898,2.6897,2.6897,1742.9895
2019-12-08 23:50:00,2.6895,2.6898,2.6891,2.6898,525.856
2019-12-08 23:49:00,2.6894,2.6899,2.6894,2.6898,1881.0488
2019-12-08 23:48:00,2.6893,2.6898,2.6889,2.6894,2098.5961
2019-12-08 23:47:00,2.6887,2.6894,2.6887,2.6891,920.424
2019-12-08 23:46:00,2.6885,2.6898,2.6885,2.6886,5619.0018
2019-12-08 23:45:00,2.6884,2.689,2.6878,2.6885,5811.6022
2019-12-08 23:44:00,2.688,2.6895,2.688,2.6895,4025.267
2019-12-08 23:43:00,2.6887,2.6887,2.6868,2.6876,3952.447
2019-12-08 23:42:00,2.686,2.6898,2.686,2.6884,2810.7626
2019-12-08 23:41:00,2.6865,2.6869,2.6838,2.6848,2916.4107
2019-12-08 23:40:00,2.6852,2.6867,2.6849,2.6849,1799.583
2019-12-08 23:39:00,2.6859,2.6886,2.683,2.6859,11234.1637
2019-12-08 23:38:00,2.6881,2.6884,2.6859,2.6873,11157.1039
2019-12-08 23:37:00,2.6877,2.6888,2.6865,2.6877,8254.7298
2019-12-08 23:36:00,2.6887,2.6887,2.686,2.6883,1968.7724
2019-12-08 23:35:00,2.6887,2.6891,2.6887,2.6889,2881.1651
2019-12-08 23:34:00,2.6888,2.6892,2.6875,2.6892,9609.3578
2019-12-08 23:33:00,2.6883,2.6888,2.6875,2.6888,1857.8428
2019-12-08 23:32:00,2.6874,2.6891,2.6853,2.6878,2917.2788
2019-12-08 23:31:00,2.6896,2.6896,2.6874,2.6874,2276.8536
2019-12-08 23:30:00,2.6895,2.6898,2.6895,2.6898,967.0409
2019-12-08 23:29:00,2.6894,2.6899,2.6892,2.6899,7498.0034
2019-12-08 23:28:00,2.6868,2.6894,2.6868,2.6892,4282.7279
2019-12-08 23:27:00,2.6876,2.6895,2.6876,2.6881,1827.5893
2019-12-08 23:26:00,2.6872,2.6899,2.6851,2.6899,3001.0701
2019-12-08 23:25:00,2.6841,2.685,2.6836,2.685,9702.9713
2019-12-08 23:24:00,2.6844,2.685,2.6832,2.6839,7828.4795
2019-12-08 23:23:00,2.6833,2.685,2.6821,2.6836,5115.4801
2019-12-08 23:22:00,2.6826,2.685,2.682,2.6841,9956.4146
2019-12-08 23:21:00,2.6863,2.6864,2.6826,2.6826,2408.4343
2019-12-08 23:20:00,2.6921,2.6921,2.6874,2.6874,4816.0102
2019-12-08 23:19:00,2.6945,2.6945,2.6905,2.6923,6236.8833
2019-12-08 23:18:00,2.6954,2.6968,2.6941,2.6941,3625.2629
2019-12-08 23:17:00,2.6957,2.6974,2.6927,2.6935,5016.4393
2019-12-08 23:16:00,2.6988,2.6992,2.694,2.6948,9914.6658
2019-12-08 23:15:00,2.6985,2.6985,2.684,2.6966,53070.8159
2019-12-08 23:14:00,2.6988,2.699,2.6975,2.6977,2037.3604
2019-12-08 23:13:00,2.6984,2.7003,2.6976,2.6984,2905.944
2019-12-08 23:12:00,2.7001,2.7019,2.698,2.701,5288.2252
2019-12-08 23:11:00,2.7023,2.704,2.701,2.7014,7577.0331
2019-12-08 23:10:00,2.7038,2.7038,2.7,2.7023,5351.2787
2019-12-08 23:09:00,2.705,2.705,2.7005,2.7048,13857.9426
2019-12-08 23:08:00,2.6991,2.705,2.6979,2.7034,25266.1197
2019-12-08 23:07:00,2.6986,2.7,2.6976,2.6986,8016.8085
2019-12-08 23:06:00,2.6972,2.6987,2.6972,2.6982,6125.1668
2019-12-08 23:05:00,2.6971,2.6971,2.697,2.6971,2999.995
2019-12-08 23:04:00,2.6966,2.6967,2.6959,2.6967,6156.6335
2019-12-08 23:03:00,2.6971,2.6971,2.6957,2.6959,493.6266
2019-12-08 23:02:00,2.6963,2.6978,2.6959,2.6963,2481.8364
2019-12-08 23:01:00,2.6977,2.6984,2.6961,2.6964,14618.5034
2019-12-08 23:00:00,2.6985,2.6998,2.6971,2.6971,6979.2052
2019-12-08 22:59:00,2.6997,2.6997,2.698,2.6986,3773.9462
2019-12-08 22:58:00,2.7011,2.7011,2.6998,2.6998,1208.8336
2019-12-08 22:57:00,2.7014,2.7019,2.7005,2.7019,3501.4071
2019-12-08 22:56:00,2.7009,2.7017,2.7008,2.7008,8263.6839
2019-12-08 22:55:00,2.7,2.7014,2.6999,2.7014,7039.4316
2019-12-08 22:54:00,2.7014,2.7018,2.7002,2.7002,2224.2395
2019-12-08 22:53:00,2.7015,2.7028,2.7004,2.7015,9987.8769
2019-12-08 22:52:00,2.7017,2.703,2.7007,2.7015,1417.3828
2019-12-08 22:51:00,2.7031,2.7051,2.7005,2.7005,2778.7134
2019-12-08 22:50:00,2.7061,2.7066,2.7,2.7021,12070.3976
2019-12-08 22:49:00,2.7037,2.706,2.703,2.706,2835.096
2019-12-08 22:48:00,2.7018,2.7068,2.7018,2.7055,4226.18
2019-12-08 22:47:00,2.7048,2.7061,2.7036,2.7038,3360.4382
2019-12-08 22:46:00,2.702,2.7072,2.702,2.7068,5746.8779
2019-12-08 22:45:00,2.7044,2.7044,2.7001,2.7015,3439.0883
2019-12-08 22:44:00,2.7019,2.7062,2.7,2.7037,11143.8197
2019-12-08 22:43:00,2.7017,2.7027,2.6999,2.7019,2003.1964
2019-12-08 22:42:00,2.7039,2.7039,2.7,2.7014,1379.9874
2019-12-08 22:41:00,2.7073,2.7073,2.6991,2.7019,37867.192
2019-12-08 22:40:00,2.7108,2.7135,2.7051,2.7081,22829.3651
2019-12-08 22:39:00,2.7135,2.714,2.7128,2.7128,1886.3359
2019-12-08 22:38:00,2.7163,2.7167,2.714,2.7142,7195.1436
2019-12-08 22:37:00,2.7167,2.7167,2.7162,2.7162,2628.5633
2019-12-08 22:36:00,2.713,2.7166,2.713,2.7166,7443.6781
2019-12-08 22:35:00,2.7158,2.7158,2.713,2.713,8236.4831
2019-12-08 22:34:00,2.7165,2.7165,2.71,2.7158,16032.9007
2019-12-08 22:33:00,2.7187,2.7188,2.717,2.7177,3583.6672
2019-12-08 22:32:00,2.7188,2.7188,2.7188,2.7188,0
2019-12-08 22:31:00,2.7221,2.7221,2.7188,2.7188,3860.2624
2019-12-08 22:30:00,2.7221,2.7228,2.7209,2.7221,1822.5022
2019-12-08 22:29:00,2.7209,2.7229,2.7209,2.7221,3290.4937
2019-12-08 22:28:00,2.7218,2.7247,2.7214,2.7247,8099.0603
2019-12-08 22:27:00,2.7221,2.7221,2.7212,2.7214,1027.9777
2019-12-08 22:26:00,2.7228,2.7229,2.7212,2.7212,5781.9707
2019-12-08 22:25:00,2.7225,2.7235,2.7225,2.7232,1591.5854
2019-12-08 22:24:00,2.7228,2.7234,2.7217,2.723,3381.8253
2019-12-08 22:23:00,2.7264,2.7264,2.7206,2.7233,6881.0164
2019-12-08 22:22:00,2.7278,2.728,2.7267,2.7272,5135.6965
2019-12-08 22:21:00,2.7258,2.728,2.7258,2.7273,7164.2962
2019-12-08 22:20:00,2.7263,2.7263,2.7263,2.7263,0
2019-12-08 22:19:00,2.7248,2.7263,2.7248,2.7263,756.3695
2019-12-08 22:18:00,2.7236,2.7255,2.7232,2.7234,9238.946
2019-12-08 22:17:00,2.7245,2.7258,2.7227,2.7244,4591.7967
2019-12-08 22:16:00,2.7255,2.7256,2.7245,2.7247,4273.7094
2019-12-08 22:15:00,2.7241,2.725,2.7241,2.725,2126.163
2019-12-08 22:14:00,2.7246,2.7254,2.7224,2.7224,7207.9183
2019-12-08 22:13:00,2.724,2.7245,2.7225,2.7241,11150.2474
2019-12-08 22:12:00,2.7224,2.7238,2.7224,2.7235,2218.9498
2019-12-08 22:11:00,2.7214,2.7221,2.7214,2.7221,2268.6393
2019-12-08 22:10:00,2.7184,2.725,2.7184,2.7217,13546.0254
2019-12-08 22:09:00,2.7184,2.7199,2.7174,2.7184,3718.3641
2019-12-08 22:08:00,2.7184,2.72,2.7171,2.72,7377.2875
2019-12-08 22:07:00,2.7199,2.72,2.7184,2.7184,7653.4792
2019-12-08 22:06:00,2.7199,2.7199,2.7184,2.7184,3531.135
2019-12-08 22:05:00,2.7178,2.7199,2.7168,2.7184,8327.9096
2019-12-08 22:04:00,2.7181,2.7199,2.7181,2.7189,6466.1334
2019-12-08 22:03:00,2.7198,2.7199,2.7171,2.718,5400.3564
2019-12-08 22:02:00,2.7184,2.72,2.7171,2.7186,11414.6947
2019-12-08 22:01:00,2.7199,2.7199,2.7185,2.7199,10031.6249
2019-12-08 22:00:00,2.7186,2.7199,2.7173,2.7184,1274.2054
2019-12-08 21:59:00,2.7199,2.7199,2.7176,2.7194,2700.0527
2019-12-08 21:58:00,2.7191,2.7199,2.7183,2.7184,5977.9293
2019-12-08 21:57:00,2.7196,2.7217,2.7185,2.7194,1901.0431
2019-12-08 21:56:00,2.72,2.7222,2.7173,2.7197,2228.1321
2019-12-08 21:55:00,2.72,2.72,2.7171,2.7187,11406.982
2019-12-08 21:54:00,2.7165,2.7224,2.7165,2.72,14358.2916
2019-12-08 21:53:00,2.7255,2.7255,2.718,2.7185,14925.0548
2019-12-08 21:52:00,2.7218,2.725,2.7218,2.725,4930.9337
2019-12-08 21:51:00,2.7205,2.7225,2.7205,2.7218,8687.4281
2019-12-08 21:50:00,2.7209,2.7217,2.7205,2.7207,3084.4637
2019-12-08 21:49:00,2.7227,2.7227,2.7203,2.7211,4683.4827
2019-12-08 21:48:00,2.7224,2.7234,2.7201,2.7215,2650.0476
2019-12-08 21:47:00,2.7221,2.7223,2.7221,2.7223,3503.6488
2019-12-08 21:46:00,2.7202,2.722,2.7198,2.722,12770.8399
2019-12-08 21:45:00,2.72,2.7218,2.7194,2.7194,2025.6926
2019-12-08 21:44:00,2.7159,2.72,2.7144,2.72,8872.875
2019-12-08 21:43:00,2.7149,2.7149,2.7141,2.7149,434.7974
2019-12-08 21:42:00,2.7156,2.7159,2.7139,2.7139,2496.827
2019-12-08 21:41:00,2.7155,2.7156,2.7129,2.7156,14961.6306
2019-12-08 21:40:00,2.7154,2.7155,2.7123,2.7139,1263.135
2019-12-08 21:39:00,2.7138,2.7155,2.7127,2.7138,4613.5645
2019-12-08 21:38:00,2.7141,2.7155,2.7136,2.715,7655.4241
2019-12-08 21:37:00,2.713,2.7155,2.713,2.7155,10359.4121
2019-12-08 21:36:00,2.7141,2.7159,2.7132,2.715,2626.4818
2019-12-08 21:35:00,2.7137,2.7159,2.7137,2.7159,4634.6983
2019-12-08 21:34:00,2.7136,2.715,2.7125,2.7145,3591.518
2019-12-08 21:33:00,2.7131,2.715,2.7131,2.715,8625.8118
2019-12-08 21:32:00,2.7129,2.715,2.7129,2.7142,4242.1103
2019-12-08 21:31:00,2.7129,2.7148,2.7116,2.7116,5637.3342
2019-12-08 21:30:00,2.715,2.715,2.7077,2.7133,3907.6203
2019-12-08 21:29:00,2.7133,2.715,2.711,2.711,3186.04
2019-12-08 21:28:00,2.715,2.715,2.7122,2.7145,4516.4038
2019-12-08 21:27:00,2.7132,2.715,2.7103,2.7125,3838.3575
2019-12-08 21:26:00,2.7114,2.7149,2.7097,2.7149,9031.7114
2019-12-08 21:25:00,2.7131,2.7159,2.7033,2.7159,8895.2862
2019-12-08 21:24:00,2.7122,2.7156,2.7108,2.7123,2174.1574
2019-12-08 21:23:00,2.7138,2.7167,2.7118,2.7144,9587.8652
2019-12-08 21:22:00,2.7167,2.7168,2.7126,2.7143,5566.7749
2019-12-08 21:21:00,2.7128,2.7168,2.7128,2.7139,7881.982
2019-12-08 21:20:00,2.7127,2.7148,2.7126,2.7139,3488.8279
2019-12-08 21:19:00,2.715,2.715,2.713,2.713,2392.2773
2019-12-08 21:18:00,2.714,2.7157,2.7115,2.7155,3940.5009
2019-12-08 21:17:00,2.7141,2.7168,2.7141,2.7146,8449.3678
2019-12-08 21:16:00,2.7125,2.7141,2.7116,2.7141,4597.2757
2019-12-08 21:15:00,2.7122,2.714,2.7112,2.714,3900.753
2019-12-08 21:14:00,2.7147,2.7166,2.714,2.715,1252.5608
2019-12-08 21:13:00,2.7119,2.7161,2.7118,2.716,4040.6043
2019-12-08 21:12:00,2.7119,2.7119,2.71,2.711,7596.7109
2019-12-08 21:11:00,2.7105,2.7119,2.7096,2.7119,5615.3318
2019-12-08 21:10:00,2.7096,2.711,2.7096,2.711,2969.2653
2019-12-08 21:09:00,2.7113,2.7119,2.7095,2.7095,11807.4303
2019-12-08 21:08:00,2.7104,2.7119,2.71,2.7114,7526.5241
2019-12-08 21:07:00,2.711,2.7119,2.7084,2.7099,6011.3781
2019-12-08 21:06:00,2.7084,2.7119,2.7074,2.711,4120.3229
2019-12-08 21:05:00,2.7092,2.7116,2.7052,2.7062,8552.4748
2019-12-08 21:04:00,2.7076,2.7125,2.7076,2.7086,1257.8677
2019-12-08 21:03:00,2.7062,2.7089,2.7059,2.7086,5939.3729
2019-12-08 21:02:00,2.7049,2.7061,2.7033,2.7061,3685.6614
2019-12-08 21:01:00,2.7004,2.7044,2.7,2.7044,5127.3656
2019-12-08 21:00:00,2.7021,2.7021,2.699,2.7007,9016.0996
2019-12-08 20:59:00,2.7048,2.7064,2.7033,2.7036,4786.5714
2019-12-08 20:58:00,2.7072,2.7097,2.7058,2.7058,8351.8107
2019-12-08 20:57:00,2.7094,2.7095,2.706,2.7072,7802.1647
2019-12-08 20:56:00,2.7088,2.7106,2.7062,2.7094,3529.2111
2019-12-08 20:55:00,2.7152,2.7152,2.6949,2.708,75874.1856
2019-12-08 20:54:00,2.7176,2.7181,2.7134,2.7157,1797.8903
2019-12-08 20:53:00,2.7176,2.72,2.7159,2.7176,4229.0512
2019-12-08 20:52:00,2.7198,2.72,2.7175,2.7175,1802.1638
2019-12-08 20:51:00,2.7192,2.72,2.7175,2.7175,3303.8811
2019-12-08 20:50:00,2.7176,2.7193,2.7176,2.7177,477.2629
2019-12-08 20:49:00,2.7173,2.72,2.7157,2.7198,7899.374
2019-12-08 20:48:00,2.7167,2.719,2.7167,2.7171,7855.4398
2019-12-08 20:47:00,2.7162,2.7178,2.7152,2.7161,6041.2125
2019-12-08 20:46:00,2.7162,2.7181,2.7151,2.7162,3609.1091
2019-12-08 20:45:00,2.7182,2.7182,2.7168,2.7172,3175.2506
2019-12-08 20:44:00,2.7199,2.72,2.7166,2.7166,4497.2474
2019-12-08 20:43:00,2.718,2.7199,2.717,2.7181,10752.1689
2019-12-08 20:42:00,2.7171,2.7199,2.7165,2.7199,5620.8542
2019-12-08 20:41:00,2.7173,2.7182,2.7167,2.7172,5508.3829
2019-12-08 20:40:00,2.7188,2.7198,2.7162,2.7163,7219.8554
2019-12-08 20:39:00,2.7209,2.7209,2.7163,2.7194,4229.3589
2019-12-08 20:38:00,2.721,2.721,2.7204,2.7206,4634.3616
2019-12-08 20:37:00,2.7209,2.7212,2.7209,2.7212,2892.749
2019-12-08 20:36:00,2.7233,2.7233,2.7207,2.7207,3459.9083
2019-12-08 20:35:00,2.7224,2.723,2.7218,2.7226,12947.1182
2019-12-08 20:34:00,2.7224,2.7224,2.7224,2.7224,899.8159
2019-12-08 20:33:00,2.7224,2.7228,2.7218,2.7228,4574.2584
2019-12-08 20:32:00,2.7225,2.7229,2.7224,2.7227,5246.8991
2019-12-08 20:31:00,2.7228,2.7229,2.7224,2.7229,6125.3879
2019-12-08 20:30:00,2.7224,2.7229,2.7221,2.7223,1378.8178
2019-12-08 20:29:00,2.7231,2.7231,2.7189,2.723,4401.9759
2019-12-08 20:28:00,2.7235,2.7236,2.723,2.723,3380.0224
2019-12-08 20:27:00,2.7228,2.7242,2.7227,2.7235,5159.2958
2019-12-08 20:26:00,2.7198,2.7242,2.7198,2.7232,18594.715
2019-12-08 20:25:00,2.718,2.721,2.718,2.7201,3551.4735
2019-12-08 20:24:00,2.7176,2.718,2.7176,2.7176,1971.9552
2019-12-08 20:23:00,2.7171,2.718,2.7171,2.7178,6057.7649
2019-12-08 20:22:00,2.7181,2.7181,2.7171,2.7171,1391.1625
2019-12-08 20:21:00,2.719,2.719,2.7181,2.7182,5934.7003
2019-12-08 20:20:00,2.719,2.7191,2.7182,2.7186,6332.4028
2019-12-08 20:19:00,2.7194,2.7194,2.7183,2.719,1163.275
2019-12-08 20:18:00,2.7215,2.7221,2.7191,2.7191,3196.5655
2019-12-08 20:17:00,2.7216,2.7236,2.72,2.7209,8079.5111
2019-12-08 20:16:00,2.7208,2.7228,2.72,2.7213,4270.4119
2019-12-08 20:15:00,2.7214,2.7221,2.7208,2.7208,7938.1011
2019-12-08 20:14:00,2.7217,2.7227,2.7207,2.7207,2576.0676
2019-12-08 20:13:00,2.7219,2.7227,2.7213,2.7213,3274.8996
2019-12-08 20:12:00,2.7214,2.7216,2.721,2.7216,2977.8904
2019-12-08 20:11:00,2.7215,2.7227,2.7205,2.7205,2457.0909
2019-12-08 20:10:00,2.7214,2.7222,2.7212,2.7219,2714.023
2019-12-08 20:09:00,2.7206,2.722,2.7203,2.7203,2219.2019
2019-12-08 20:08:00,2.7212,2.7212,2.7197,2.721,1629.0979
2019-12-08 20:07:00,2.7211,2.7214,2.7199,2.7213,10470.8641
2019-12-08 20:06:00,2.7234,2.7234,2.7219,2.7219,1403.2174
2019-12-08 20:05:00,2.7244,2.7248,2.7235,2.7237,1368.8959
2019-12-08 20:04:00,2.7242,2.7258,2.7242,2.7244,13547.7759
2019-12-08 20:03:00,2.7241,2.7255,2.7241,2.7255,7388.8424
2019-12-08 20:02:00,2.7245,2.7255,2.7231,2.7242,6216.5265
2019-12-08 20:01:00,2.7248,2.726,2.7226,2.7246,9493.5353
2019-12-08 20:00:00,2.7241,2.7255,2.7232,2.7248,11212.8829
2019-12-08 19:59:00,2.7255,2.7259,2.7237,2.7244,14926.9345
2019-12-08 19:58:00,2.725,2.7256,2.7247,2.7253,1531.9043
2019-12-08 19:57:00,2.7237,2.7253,2.7237,2.7253,4856.9872
2019-12-08 19:56:00,2.7244,2.725,2.7244,2.7249,5029.457
2019-12-08 19:55:00,2.7232,2.7248,2.7231,2.7244,1949.3864
2019-12-08 19:54:00,2.7271,2.728,2.7232,2.7246,5941.5001
2019-12-08 19:53:00,2.7271,2.7275,2.7265,2.7275,11563.7223
2019-12-08 19:52:00,2.7264,2.728,2.7264,2.7271,3543.7177
2019-12-08 19:51:00,2.728,2.728,2.7268,2.7271,4083.3203
2019-12-08 19:50:00,2.7267,2.728,2.7267,2.728,7821.4834
2019-12-08 19:49:00,2.7265,2.729,2.7261,2.7267,1691.0595
2019-12-08 19:48:00,2.7274,2.7274,2.7254,2.7267,6953.1885
2019-12-08 19:47:00,2.7294,2.7298,2.7264,2.729,8260.5468
2019-12-08 19:46:00,2.7275,2.7296,2.7261,2.7261,11972.469
2019-12-08 19:45:00,2.7296,2.7299,2.7254,2.7285,5082.1771
2019-12-08 19:44:00,2.7286,2.7299,2.7268,2.7291,3993.7379
2019-12-08 19:43:00,2.7278,2.7299,2.7265,2.7269,1207.5766
2019-12-08 19:42:00,2.7273,2.728,2.7256,2.7257,1987.7218
2019-12-08 19:41:00,2.7254,2.7273,2.7247,2.7259,4279.5181
2019-12-08 19:40:00,2.7266,2.7271,2.7253,2.7253,2569.7339
2019-12-08 19:39:00,2.7265,2.7272,2.7263,2.7272,2891.2436
2019-12-08 19:38:00,2.7259,2.7275,2.7258,2.7264,3307.129
2019-12-08 19:37:00,2.7245,2.726,2.7245,2.7258,5892.8932
2019-12-08 19:36:00,2.7241,2.7256,2.7241,2.7244,1264.9935
2019-12-08 19:35:00,2.7235,2.7256,2.7235,2.7244,1791.7017
2019-12-08 19:34:00,2.7225,2.7245,2.7224,2.7231,5829.9271
2019-12-08 19:33:00,2.7206,2.724,2.7183,2.7219,6867.9458
2019-12-08 19:32:00,2.7223,2.723,2.7216,2.7221,2339.8757
2019-12-08 19:31:00,2.7205,2.723,2.7205,2.7223,5226.3709
2019-12-08 19:30:00,2.7208,2.723,2.7195,2.7216,2668.0253
2019-12-08 19:29:00,2.7223,2.7223,2.7205,2.7215,5705.9568
2019-12-08 19:28:00,2.7213,2.7223,2.721,2.7211,8089.2689
2019-12-08 19:27:00,2.7196,2.7223,2.7173,2.7211,5108.7084
2019-12-08 19:26:00,2.7196,2.7196,2.7163,2.7196,3315.3548
2019-12-08 19:25:00,2.7183,2.7196,2.7167,2.7196,12166.6584
2019-12-08 19:24:00,2.7187,2.7196,2.7173,2.7173,5610.7564
2019-12-08 19:23:00,2.7185,2.7196,2.7181,2.7196,4345.51
2019-12-08 19:22:00,2.7186,2.7196,2.7177,2.7185,1316.47
2019-12-08 19:21:00,2.7183,2.7184,2.7173,2.7184,2104.0687
2019-12-08 19:20:00,2.7185,2.7196,2.7173,2.7196,6204.0857
2019-12-08 19:19:00,2.7177,2.7196,2.7177,2.7192,4305.0345
2019-12-08 19:18:00,2.7173,2.7196,2.7156,2.7196,2831.7438
2019-12-08 19:17:00,2.7161,2.7194,2.7154,2.7194,907.9884
2019-12-08 19:16:00,2.7141,2.7196,2.7137,2.7145,12656.2706
2019-12-08 19:15:00,2.7156,2.7169,2.7152,2.7169,6927.9024
2019-12-08 19:14:00,2.7139,2.7167,2.7127,2.7139,7818.6541
2019-12-08 19:13:00,2.7137,2.7167,2.7133,2.7161,3388.8769
2019-12-08 19:12:00,2.7131,2.716,2.7116,2.7133,7286.9801
2019-12-08 19:11:00,2.7112,2.7131,2.7091,2.712,7095.6873
2019-12-08 19:10:00,2.7103,2.713,2.7103,2.7111,1705.2037
2019-12-08 19:09:00,2.7098,2.7124,2.7089,2.7089,1379.8798
2019-12-08 19:08:00,2.7119,2.7127,2.7106,2.7106,8908.3077
2019-12-08 19:07:00,2.7139,2.7139,2.7089,2.71,7387.9842
2019-12-08 19:06:00,2.7096,2.7146,2.7041,2.7146,63963.0023
2019-12-08 19:05:00,2.7056,2.7096,2.7056,2.7096,7161.3318
2019-12-08 19:04:00,2.7072,2.7096,2.7069,2.707,6343.7038
2019-12-08 19:03:00,2.7095,2.7097,2.707,2.7096,1685.9768
2019-12-08 19:02:00,2.7069,2.7096,2.7048,2.7071,7521.3182
2019-12-08 19:01:00,2.7063,2.7095,2.7041,2.7069,2316.3108
2019-12-08 19:00:00,2.7062,2.7096,2.7013,2.7064,2756.6246
2019-12-08 18:59:00,2.706,2.709,2.7059,2.7062,1351.7849
2019-12-08 18:58:00,2.7045,2.7098,2.7026,2.7072,3975.077
2019-12-08 18:57:00,2.7039,2.7062,2.7032,2.7052,2325.7001
2019-12-08 18:56:00,2.701,2.704,2.7001,2.704,5645.476
2019-12-08 18:55:00,2.7005,2.701,2.7,2.7005,2581.6844
2019-12-08 18:54:00,2.6982,2.701,2.6982,2.7005,4846.5131
2019-12-08 18:53:00,2.6975,2.6982,2.6969,2.6982,3278.159
2019-12-08 18:52:00,2.6974,2.6975,2.6968,2.6968,16389.2485
2019-12-08 18:51:00,2.6979,2.6985,2.6974,2.6975,3657.0874
2019-12-08 18:50:00,2.7029,2.7029,2.6976,2.6976,5423.8051
2019-12-08 18:49:00,2.6982,2.7034,2.6973,2.7,5480.2818
2019-12-08 18:48:00,2.6985,2.7,2.6985,2.6991,7430.4585
2019-12-08 18:47:00,2.6994,2.7031,2.6973,2.6978,15295.9845
2019-12-08 18:46:00,2.6989,2.7,2.6975,2.6975,2986.8432
2019-12-08 18:45:00,2.7002,2.7002,2.6975,2.6989,8799.6425
2019-12-08 18:44:00,2.703,2.703,2.699,2.7009,4953.1166
2019-12-08 18:43:00,2.7035,2.7079,2.7,2.703,27575.5681
2019-12-08 18:42:00,2.7086,2.7094,2.7035,2.7035,12439.9394
2019-12-08 18:41:00,2.709,2.7125,2.7078,2.7082,6294.9393
2019-12-08 18:40:00,2.7118,2.7125,2.7099,2.71,3772.9488
2019-12-08 18:39:00,2.7124,2.7125,2.7113,2.7118,2916.3308
2019-12-08 18:38:00,2.714,2.7143,2.7117,2.713,3452.9015
2019-12-08 18:37:00,2.7115,2.7163,2.7115,2.7163,3466.2763
2019-12-08 18:36:00,2.7131,2.7167,2.7114,2.7141,6425.6836
2019-12-08 18:35:00,2.7136,2.7144,2.7123,2.7131,2368.1749
2019-12-08 18:34:00,2.7145,2.7146,2.7127,2.7135,2902.2109
2019-12-08 18:33:00,2.715,2.715,2.7137,2.7144,1645.6635
2019-12-08 18:32:00,2.7156,2.7164,2.7146,2.7148,16171.1828
2019-12-08 18:31:00,2.7166,2.7167,2.7156,2.7156,5363.0648
2019-12-08 18:30:00,2.7144,2.7178,2.7144,2.7162,989.6857
2019-12-08 18:29:00,2.7155,2.7155,2.7144,2.7144,819.6727
2019-12-08 18:28:00,2.7154,2.7158,2.7142,2.7144,1419.757
2019-12-08 18:27:00,2.7171,2.7171,2.7144,2.7153,1216.4787
2019-12-08 18:26:00,2.7164,2.7195,2.7155,2.7172,10954.7031
2019-12-08 18:25:00,2.7159,2.7181,2.7151,2.7181,4740.9336
2019-12-08 18:24:00,2.7156,2.7175,2.7149,2.7175,5993.5153
2019-12-08 18:23:00,2.7129,2.7175,2.7129,2.7175,13746.0983
2019-12-08 18:22:00,2.7126,2.713,2.7126,2.713,3232.7456
2019-12-08 18:21:00,2.713,2.713,2.7125,2.7125,4659.9854
2019-12-08 18:20:00,2.7133,2.7142,2.7126,2.7129,6423.5325
2019-12-08 18:19:00,2.7144,2.715,2.7131,2.714,2977.8644
2019-12-08 18:18:00,2.715,2.716,2.714,2.715,7089.666
2019-12-08 18:17:00,2.7179,2.7179,2.7141,2.715,10713.9928
2019-12-08 18:16:00,2.72,2.72,2.7173,2.7182,3346.1107
2019-12-08 18:15:00,2.7196,2.7199,2.7181,2.7181,5033.3591
2019-12-08 18:14:00,2.7195,2.7199,2.7194,2.7197,2648.5639
2019-12-08 18:13:00,2.7193,2.7204,2.7175,2.7192,11325.1646
2019-12-08 18:12:00,2.7206,2.7217,2.7189,2.7189,7835.2812
2019-12-08 18:11:00,2.7224,2.7224,2.7199,2.7206,3552.5217
2019-12-08 18:10:00,2.7235,2.7235,2.7224,2.7224,4693.308
2019-12-08 18:09:00,2.7235,2.724,2.7232,2.7232,2766.7504
2019-12-08 18:08:00,2.7224,2.7245,2.7223,2.7236,13802.7975
2019-12-08 18:07:00,2.7211,2.723,2.7211,2.7229,5566.7758
2019-12-08 18:06:00,2.7207,2.723,2.7207,2.7216,2089.0745
2019-12-08 18:05:00,2.719,2.723,2.719,2.7214,5319.9322
2019-12-08 18:04:00,2.7209,2.723,2.7187,2.721,1589.4387
2019-12-08 18:03:00,2.719,2.7215,2.7187,2.7193,6830.0954
2019-12-08 18:02:00,2.7172,2.7189,2.7172,2.7173,10614.3096
2019-12-08 18:01:00,2.72,2.7212,2.7172,2.7173,21573.4112
2019-12-08 18:00:00,2.7216,2.723,2.72,2.723,5028.4919
2019-12-08 17:59:00,2.7216,2.7221,2.7216,2.7217,597.4134
2019-12-08 17:58:00,2.7217,2.7222,2.721,2.721,4131.9651
2019-12-08 17:57:00,2.7213,2.7223,2.7206,2.7223,6731.1801
2019-12-08 17:56:00,2.7202,2.7211,2.7202,2.7209,684.7207
2019-12-08 17:55:00,2.7204,2.7204,2.7189,2.7203,3382.7072
2019-12-08 17:54:00,2.7228,2.7229,2.7204,2.7204,1970.2344
2019-12-08 17:53:00,2.7182,2.7226,2.7182,2.7209,7413.4022
2019-12-08 17:52:00,2.7218,2.7218,2.7194,2.7196,2068.2138
2019-12-08 17:51:00,2.727,2.727,2.718,2.7199,5951.7268
2019-12-08 17:50:00,2.7277,2.7299,2.7242,2.7242,21473.2264
2019-12-08 17:49:00,2.7277,2.7282,2.7277,2.7277,1149.4277
2019-12-08 17:48:00,2.7282,2.7283,2.727,2.727,3342.8813
2019-12-08 17:47:00,2.7288,2.7291,2.7286,2.7286,2850.6845
2019-12-08 17:46:00,2.729,2.73,2.7281,2.7286,2033.3276
2019-12-08 17:45:00,2.7275,2.73,2.7261,2.7297,4749.7071
2019-12-08 17:44:00,2.725,2.73,2.725,2.73,17259.358
2019-12-08 17:43:00,2.725,2.725,2.7249,2.725,2077.174
2019-12-08 17:42:00,2.725,2.725,2.7247,2.725,965.2533
2019-12-08 17:41:00,2.7246,2.7248,2.7241,2.7246,4015.1047
2019-12-08 17:40:00,2.7206,2.725,2.7205,2.7247,3818.1348
2019-12-08 17:39:00,2.7186,2.7217,2.7179,2.7217,17817.142
2019-12-08 17:38:00,2.7199,2.72,2.7181,2.72,2949.4468
2019-12-08 17:37:00,2.7174,2.72,2.7172,2.72,3328.6005
2019-12-08 17:36:00,2.7178,2.7181,2.7178,2.7178,1374.1442
2019-12-08 17:35:00,2.7191,2.7192,2.7178,2.7181,4828.8124
2019-12-08 17:34:00,2.7156,2.7209,2.7139,2.7189,10987.5038
2019-12-08 17:33:00,2.7246,2.7246,2.715,2.716,3535.1424
2019-12-08 17:32:00,2.7266,2.727,2.7227,2.7235,2519.0515
2019-12-08 17:31:00,2.7226,2.73,2.7223,2.7244,7980.6026
2019-12-08 17:30:00,2.7127,2.7299,2.7127,2.7226,46053.2333
2019-12-08 17:29:00,2.7109,2.715,2.7109,2.7126,4715.459
2019-12-08 17:28:00,2.7092,2.7118,2.7092,2.7116,5333.1289
2019-12-08 17:27:00,2.7078,2.712,2.7034,2.7102,4442.1657
2019-12-08 17:26:00,2.7132,2.7133,2.7032,2.7078,11355.9281
2019-12-08 17:25:00,2.712,2.7131,2.7113,2.7121,4302.6773
2019-12-08 17:24:00,2.7127,2.7143,2.7123,2.7123,2256.7748
2019-12-08 17:23:00,2.7111,2.715,2.7111,2.7136,9113.5985
2019-12-08 17:22:00,2.7095,2.7111,2.7083,2.7111,11253.2774
2019-12-08 17:21:00,2.7053,2.7095,2.7053,2.7082,9050.9886
2019-12-08 17:20:00,2.7056,2.708,2.702,2.7064,9678.0133
2019-12-08 17:19:00,2.7094,2.7096,2.7068,2.7077,3273.2999
2019-12-08 17:18:00,2.7062,2.7094,2.7059,2.7094,1262.7306
2019-12-08 17:17:00,2.7054,2.71,2.7054,2.7056,6210.0317
2019-12-08 17:16:00,2.709,2.709,2.7049,2.7055,10252.0757
2019-12-08 17:15:00,2.71,2.7111,2.7091,2.7091,3799.4416
2019-12-08 17:14:00,2.7105,2.7111,2.7089,2.7111,12773.6912
2019-12-08 17:13:00,2.7102,2.7103,2.7089,2.7099,9585.3886
2019-12-08 17:12:00,2.7091,2.7111,2.7091,2.7111,5466.837
2019-12-08 17:11:00,2.709,2.709,2.709,2.709,165.5454
2019-12-08 17:10:00,2.7089,2.7095,2.7089,2.7091,942.1864
2019-12-08 17:09:00,2.7084,2.7091,2.7084,2.7091,1523.9168
2019-12-08 17:08:00,2.7063,2.7111,2.7063,2.7084,48874.1012
2019-12-08 17:07:00,2.705,2.7065,2.705,2.7061,1562.7058
2019-12-08 17:06:00,2.7045,2.705,2.7045,2.705,4472.5629
2019-12-08 17:05:00,2.7042,2.705,2.7041,2.7045,3373.3811
2019-12-08 17:04:00,2.7031,2.7037,2.7026,2.7037,5984.12
2019-12-08 17:03:00,2.7032,2.7049,2.7018,2.704,12147.2877
2019-12-08 17:02:00,2.704,2.7062,2.7013,2.7034,5809.7324
2019-12-08 17:01:00,2.7057,2.7083,2.705,2.705,6825.5626
2019-12-08 17:00:00,2.703,2.7056,2.7016,2.7052,16430.604
2019-12-08 16:59:00,2.7001,2.7029,2.7001,2.7029,10443.4128
2019-12-08 16:58:00,2.7006,2.701,2.7,2.7005,18666.1158
2019-12-08 16:57:00,2.7,2.7008,2.7,2.7008,1903.5541
2019-12-08 16:56:00,2.7,2.7,2.6999,2.7,527.661
2019-12-08 16:55:00,2.7003,2.7008,2.7,2.7,4621.7011
2019-12-08 16:54:00,2.6998,2.7008,2.6998,2.7008,1928.2727
2019-12-08 16:53:00,2.6985,2.6999,2.697,2.6999,13712.1289
2019-12-08 16:52:00,2.6986,2.6999,2.6985,2.6991,1198.1494
2019-12-08 16:51:00,2.6983,2.6999,2.6983,2.6986,4631.2082
2019-12-08 16:50:00,2.6976,2.6999,2.6972,2.6999,2092.8532
2019-12-08 16:49:00,2.6977,2.699,2.697,2.6981,1007.8326
2019-12-08 16:48:00,2.699,2.699,2.6968,2.699,2282.2357
2019-12-08 16:47:00,2.6976,2.699,2.6967,2.6985,2015.4838
2019-12-08 16:46:00,2.6982,2.6999,2.6969,2.6969,2090.0047
2019-12-08 16:45:00,2.698,2.6999,2.6964,2.6999,10654.4911
2019-12-08 16:44:00,2.6985,2.6989,2.6975,2.6979,3082.0119
2019-12-08 16:43:00,2.7001,2.7008,2.6985,2.6985,3160.4456
2019-12-08 16:42:00,2.7006,2.7008,2.6992,2.6992,6590.3982
2019-12-08 16:41:00,2.6987,2.7008,2.6987,2.7004,31533.0474
2019-12-08 16:40:00,2.6974,2.6988,2.6972,2.6988,2846.8871
2019-12-08 16:39:00,2.6948,2.698,2.6929,2.6975,12715.8778
2019-12-08 16:38:00,2.6938,2.6949,2.6937,2.6948,3188.3521
2019-12-08 16:37:00,2.692,2.6949,2.692,2.6949,2304.4396
2019-12-08 16:36:00,2.692,2.692,2.692,2.692,164.8678
2019-12-08 16:35:00,2.6918,2.6918,2.6918,2.6918,0
2019-12-08 16:34:00,2.6918,2.6918,2.6918,2.6918,4
2019-12-08 16:33:00,2.69,2.692,2.69,2.692,1773.3096
2019-12-08 16:32:00,2.6892,2.6914,2.6885,2.6914,2290.321
2019-12-08 16:31:00,2.69,2.6903,2.687,2.6887,6142.0755
2019-12-08 16:30:00,2.6886,2.69,2.6873,2.6887,2580.596
2019-12-08 16:29:00,2.6882,2.69,2.686,2.6898,5653.0687
2019-12-08 16:28:00,2.6877,2.69,2.6869,2.6879,7363.3513
2019-12-08 16:27:00,2.6888,2.69,2.6883,2.6883,12598.3671
2019-12-08 16:26:00,2.69,2.69,2.6881,2.69,2268.5436
2019-12-08 16:25:00,2.6883,2.69,2.6882,2.6889,6912.9149
2019-12-08 16:24:00,2.688,2.69,2.6879,2.69,5261.1611
2019-12-08 16:23:00,2.6881,2.6889,2.6876,2.6878,4176.9268
2019-12-08 16:22:00,2.6881,2.69,2.688,2.6887,4880.1781
2019-12-08 16:21:00,2.6897,2.6903,2.6885,2.6888,5264.8833
2019-12-08 16:20:00,2.6896,2.6905,2.6881,2.6898,1875.6834
2019-12-08 16:19:00,2.6892,2.692,2.6888,2.6907,3932.6213
2019-12-08 16:18:00,2.6895,2.6898,2.6888,2.6894,6809.9579
2019-12-08 16:17:00,2.6915,2.6915,2.6888,2.69,5651.9005
2019-12-08 16:16:00,2.6896,2.6904,2.6892,2.6892,1832.0242
2019-12-08 16:15:00,2.6903,2.6918,2.6899,2.6899,1432.7772
2019-12-08 16:14:00,2.6907,2.6912,2.6902,2.6904,11062.4914
2019-12-08 16:13:00,2.692,2.692,2.6907,2.6912,3195.1553
2019-12-08 16:12:00,2.6911,2.692,2.6909,2.6911,1632.2165
2019-12-08 16:11:00,2.6911,2.692,2.6902,2.6902,1960.4479
2019-12-08 16:10:00,2.6931,2.6932,2.69,2.6911,19927.6735
2019-12-08 16:09:00,2.694,2.694,2.6932,2.6932,1144.9513
2019-12-08 16:08:00,2.6934,2.6955,2.6932,2.6938,5286.372
2019-12-08 16:07:00,2.6929,2.695,2.6916,2.6933,3513.2348
2019-12-08 16:06:00,2.6922,2.695,2.692,2.6925,3203.7052
2019-12-08 16:05:00,2.6921,2.693,2.6915,2.6922,1394.3789
2019-12-08 16:04:00,2.6916,2.6922,2.6916,2.6916,1590.1514
2019-12-08 16:03:00,2.6907,2.693,2.6907,2.692,5191.8195
2019-12-08 16:02:00,2.691,2.691,2.6902,2.6902,3386.3159
2019-12-08 16:01:00,2.6904,2.6917,2.6903,2.6906,6082.3398
2019-12-08 16:00:00,2.6898,2.6912,2.6892,2.6904,17172.3646
2019-12-08 15:59:00,2.69,2.69,2.6897,2.6897,2341.4146
2019-12-08 15:58:00,2.6904,2.6904,2.69,2.6904,8283.6324
2019-12-08 15:57:00,2.6904,2.6906,2.6896,2.6904,4999.8741
2019-12-08 15:56:00,2.6906,2.6911,2.6902,2.6904,1501.8373
2019-12-08 15:55:00,2.6906,2.6912,2.6901,2.6901,4737.9963
2019-12-08 15:54:00,2.6881,2.6914,2.6881,2.6903,11157.6674
2019-12-08 15:53:00,2.6913,2.6913,2.6881,2.6887,185.8294
2019-12-08 15:52:00,2.6904,2.6919,2.6904,2.6914,634.5913
2019-12-08 15:51:00,2.692,2.6935,2.6876,2.6894,3702.8133
2019-12-08 15:50:00,2.6848,2.6939,2.6848,2.6919,6266.2587
2019-12-08 15:49:00,2.6862,2.6926,2.6832,2.6832,79963.1822
2019-12-08 15:48:00,2.6847,2.6895,2.6839,2.686,6916.8967
2019-12-08 15:47:00,2.6829,2.6847,2.6829,2.6847,3202.77
2019-12-08 15:46:00,2.6804,2.6831,2.6804,2.6828,3255.5468
2019-12-08 15:45:00,2.6799,2.6804,2.6792,2.6803,2453.5829
2019-12-08 15:44:00,2.6791,2.6804,2.6782,2.6793,2226.2767
2019-12-08 15:43:00,2.6782,2.6802,2.6782,2.6791,6571.2271
2019-12-08 15:42:00,2.6787,2.6802,2.6776,2.6791,1898.2389
2019-12-08 15:41:00,2.6797,2.6802,2.678,2.6801,2942.2906
2019-12-08 15:40:00,2.6777,2.68,2.6768,2.6786,1637.1647
2019-12-08 15:39:00,2.6784,2.6797,2.6779,2.6779,3577.9704
2019-12-08 15:38:00,2.6795,2.6795,2.6779,2.6779,1690.4175
2019-12-08 15:37:00,2.6784,2.6799,2.677,2.6782,1809.7826
2019-12-08 15:36:00,2.6784,2.68,2.6783,2.6799,1342.6294
2019-12-08 15:35:00,2.6773,2.68,2.6772,2.6799,5134.7165
2019-12-08 15:34:00,2.676,2.678,2.676,2.678,3217.8916
2019-12-08 15:33:00,2.677,2.678,2.6759,2.6762,5575.9878
2019-12-08 15:32:00,2.677,2.677,2.6764,2.6765,799.9775
2019-12-08 15:31:00,2.677,2.677,2.6759,2.6759,4485.2654
2019-12-08 15:30:00,2.6765,2.678,2.6762,2.6769,1219.778
2019-12-08 15:29:00,2.6746,2.678,2.6746,2.6772,5899.3908
2019-12-08 15:28:00,2.6757,2.676,2.674,2.676,7139.8405
2019-12-08 15:27:00,2.6751,2.6754,2.6742,2.6752,1220.4715
2019-12-08 15:26:00,2.6756,2.6763,2.6734,2.6763,2795.1529
2019-12-08 15:25:00,2.674,2.6756,2.674,2.6747,2937.7566
2019-12-08 15:24:00,2.6757,2.6771,2.6729,2.6758,10812.5478
2019-12-08 15:23:00,2.6761,2.6767,2.675,2.6757,4364.5094
2019-12-08 15:22:00,2.6761,2.6775,2.6754,2.676,8494.6675
2019-12-08 15:21:00,2.6745,2.6771,2.6745,2.676,3045.0258
2019-12-08 15:20:00,2.6754,2.6762,2.6751,2.6753,2332.911
2019-12-08 15:19:00,2.6761,2.6776,2.6754,2.676,6170.0766
2019-12-08 15:18:00,2.6755,2.6776,2.6748,2.6761,10153.9567
2019-12-08 15:17:00,2.6761,2.678,2.6723,2.6761,10378.3078
2019-12-08 15:16:00,2.6757,2.6759,2.6755,2.6758,5309.529
2019-12-08 15:15:00,2.6753,2.6762,2.675,2.6754,9705.1383
2019-12-08 15:14:00,2.6753,2.6762,2.6753,2.6762,2058.6207
2019-12-08 15:13:00,2.6759,2.6762,2.6734,2.6762,9234.9637
2019-12-08 15:12:00,2.6753,2.6771,2.6753,2.6762,3703.8354
2019-12-08 15:11:00,2.6753,2.6779,2.6744,2.6762,6439.6567
2019-12-08 15:10:00,2.6749,2.6769,2.6735,2.6769,1604.9174
2019-12-08 15:09:00,2.6779,2.6779,2.6723,2.6736,5673.7092
2019-12-08 15:08:00,2.6763,2.6779,2.6744,2.6763,5697.8452
2019-12-08 15:07:00,2.6773,2.6779,2.6759,2.6764,2154.7303
2019-12-08 15:06:00,2.6773,2.6778,2.677,2.6773,2208.2965
2019-12-08 15:05:00,2.677,2.6779,2.677,2.6776,9012.9191
2019-12-08 15:04:00,2.677,2.6779,2.6761,2.6776,3310.1704
2019-12-08 15:03:00,2.676,2.6779,2.6759,2.6776,7553.8388
2019-12-08 15:02:00,2.6778,2.678,2.6759,2.676,40525.0901
2019-12-08 15:01:00,2.6779,2.6779,2.677,2.677,1511.4051
2019-12-08 15:00:00,2.6779,2.6779,2.6779,2.6779,363.7552
2019-12-08 14:59:00,2.6778,2.6779,2.677,2.6779,1537.1044
2019-12-08 14:58:00,2.6745,2.6777,2.6742,2.6777,12079.4131
2019-12-08 14:57:00,2.6739,2.6749,2.6735,2.6739,6398.9565
2019-12-08 14:56:00,2.6755,2.6755,2.6734,2.6739,2879.4453
2019-12-08 14:55:00,2.6753,2.6754,2.6716,2.6745,8936.7627
2019-12-08 14:54:00,2.6752,2.6772,2.6752,2.6753,934.4645
2019-12-08 14:53:00,2.6749,2.6757,2.6744,2.6757,7917.7641
2019-12-08 14:52:00,2.675,2.6761,2.6735,2.6749,488.8128
2019-12-08 14:51:00,2.6749,2.6776,2.6741,2.6758,1886.228
2019-12-08 14:50:00,2.674,2.6765,2.674,2.6744,5090.5257
2019-12-08 14:49:00,2.6741,2.6745,2.6718,2.6745,1736.7418
2019-12-08 14:48:00,2.6742,2.6754,2.6733,2.6739,2431.5233
2019-12-08 14:47:00,2.6774,2.6774,2.6721,2.6743,9445.4271
2019-12-08 14:46:00,2.6737,2.6747,2.6723,2.6738,1406.4338
2019-12-08 14:45:00,2.6728,2.6745,2.6727,2.6745,6682.8619
2019-12-08 14:44:00,2.6746,2.6784,2.6727,2.6728,6415.9088
2019-12-08 14:43:00,2.6741,2.6741,2.6714,2.6728,6807.4681
2019-12-08 14:42:00,2.6727,2.6761,2.6707,2.6737,4744.5429
2019-12-08 14:41:00,2.676,2.6788,2.6746,2.6788,4850.4424
2019-12-08 14:40:00,2.6771,2.6784,2.6742,2.6759,1696.3027
2019-12-08 14:39:00,2.6751,2.6778,2.675,2.6769,3019.6484
2019-12-08 14:38:00,2.6714,2.6793,2.6714,2.6792,8988.8651
2019-12-08 14:37:00,2.6802,2.6802,2.6744,2.677,5230.8698
2019-12-08 14:36:00,2.6804,2.6804,2.68,2.6802,4507.1998
2019-12-08 14:35:00,2.6801,2.6803,2.68,2.6803,3092.1623
2019-12-08 14:34:00,2.6802,2.6804,2.6801,2.6802,3360.2421
2019-12-08 14:33:00,2.6787,2.6802,2.6787,2.6801,8933.5908
2019-12-08 14:32:00,2.6733,2.68,2.672,2.6767,26559.2479
2019-12-08 14:31:00,2.6723,2.6731,2.6713,2.6726,1936.5741
2019-12-08 14:30:00,2.6741,2.6763,2.6725,2.6725,3092.9866
2019-12-08 14:29:00,2.6731,2.6756,2.6719,2.6749,9878.4087
2019-12-08 14:28:00,2.6768,2.6776,2.6745,2.6745,4352.9357
2019-12-08 14:27:00,2.6751,2.6764,2.6751,2.6759,3819.4391
2019-12-08 14:26:00,2.6718,2.6768,2.6715,2.6745,9819.6447
2019-12-08 14:25:00,2.6692,2.6728,2.6692,2.6711,1443.6416
2019-12-08 14:24:00,2.6735,2.6738,2.6726,2.6726,8589.9811
2019-12-08 14:23:00,2.6777,2.6777,2.6722,2.6749,3789.0525
2019-12-08 14:22:00,2.6716,2.6786,2.6716,2.6777,13192.4982
2019-12-08 14:21:00,2.6686,2.6716,2.6686,2.6716,14302.6225
2019-12-08 14:20:00,2.668,2.6692,2.668,2.6686,10740.9611
2019-12-08 14:19:00,2.6673,2.6691,2.6673,2.6684,2225.7579
2019-12-08 14:18:00,2.6669,2.6682,2.6669,2.6673,6954.393
2019-12-08 14:17:00,2.6669,2.6682,2.6665,2.6669,3915.9333
2019-12-08 14:16:00,2.6673,2.6682,2.667,2.6673,3038.9256
2019-12-08 14:15:00,2.6661,2.6682,2.6656,2.6672,4084.8688
2019-12-08 14:14:00,2.6653,2.6666,2.665,2.6666,1748.4157
2019-12-08 14:13:00,2.6649,2.6649,2.6649,2.6649,5218.0456
2019-12-08 14:12:00,2.6652,2.666,2.6647,2.6649,4515.5802
2019-12-08 14:11:00,2.6636,2.665,2.6628,2.6646,2372.8402
2019-12-08 14:10:00,2.6627,2.6636,2.6627,2.6631,9720.5099
2019-12-08 14:09:00,2.6619,2.663,2.6619,2.663,1435.9004
2019-12-08 14:08:00,2.659,2.6621,2.659,2.6616,4046.7423
2019-12-08 14:07:00,2.6592,2.66,2.6592,2.66,5666.6911
2019-12-08 14:06:00,2.6586,2.66,2.6586,2.6594,4400.8768
2019-12-08 14:05:00,2.6575,2.6593,2.6575,2.6584,2089.7882
2019-12-08 14:04:00,2.6582,2.6585,2.6573,2.6573,2290.1659
2019-12-08 14:03:00,2.6581,2.6584,2.6579,2.6581,5492.5833
2019-12-08 14:02:00,2.6528,2.658,2.6521,2.658,18814.3705
2019-12-08 14:01:00,2.652,2.653,2.652,2.653,9523.5973
2019-12-08 14:00:00,2.6511,2.653,2.6494,2.652,5022.9358
2019-12-08 13:59:00,2.6529,2.653,2.6504,2.651,10041.5835
2019-12-08 13:58:00,2.6505,2.6529,2.6493,2.6525,10159.0842
2019-12-08 13:57:00,2.6518,2.6529,2.6505,2.6529,2523.4381
2019-12-08 13:56:00,2.6517,2.6518,2.6492,2.6503,7257.7379
2019-12-08 13:55:00,2.6492,2.6518,2.6482,2.65,1884.8493
2019-12-08 13:54:00,2.6489,2.6518,2.646,2.6509,9309.6313
2019-12-08 13:53:00,2.6489,2.6518,2.6474,2.6489,4687.7801
2019-12-08 13:52:00,2.6495,2.651,2.6469,2.6488,4646.2953
2019-12-08 13:51:00,2.6493,2.6493,2.6447,2.6447,4021.8144
2019-12-08 13:50:00,2.6475,2.6477,2.6456,2.6471,3873.3562
2019-12-08 13:49:00,2.6471,2.6496,2.6456,2.6456,9348.6921
2019-12-08 13:48:00,2.6466,2.6486,2.6466,2.6468,594.4073
2019-12-08 13:47:00,2.6469,2.6487,2.6449,2.647,1251.7429
2019-12-08 13:46:00,2.6476,2.6497,2.6453,2.6471,1554.6602
2019-12-08 13:45:00,2.6486,2.6507,2.6451,2.6473,2929.0705
2019-12-08 13:44:00,2.6494,2.6498,2.645,2.6469,5471.3933
2019-12-08 13:43:00,2.6469,2.6485,2.6446,2.6469,5609.1609
2019-12-08 13:42:00,2.6481,2.6503,2.6454,2.649,5336.381
2019-12-08 13:41:00,2.6431,2.6495,2.6431,2.6459,5979.416
2019-12-08 13:40:00,2.6459,2.6477,2.6393,2.6425,4445.3354
2019-12-08 13:39:00,2.648,2.6486,2.6452,2.6462,1836.2451
2019-12-08 13:38:00,2.6471,2.6482,2.6443,2.6467,1535.8226
2019-12-08 13:37:00,2.6482,2.6506,2.6447,2.6473,6297.7402
2019-12-08 13:36:00,2.6493,2.6511,2.6482,2.6488,6541.0782
2019-12-08 13:35:00,2.6492,2.6508,2.6481,2.6481,3317.1922
2019-12-08 13:34:00,2.649,2.6508,2.6487,2.6496,4547.6985
2019-12-08 13:33:00,2.6498,2.6508,2.649,2.6492,1804.7629
2019-12-08 13:32:00,2.6502,2.6502,2.6476,2.649,1334.4644
2019-12-08 13:31:00,2.6493,2.651,2.6484,2.649,1616.0799
2019-12-08 13:30:00,2.6496,2.651,2.6479,2.65,4655.47
2019-12-08 13:29:00,2.6485,2.651,2.6485,2.651,2175.0678
2019-12-08 13:28:00,2.6487,2.651,2.6476,2.6488,2305.2971
2019-12-08 13:27:00,2.6501,2.6501,2.6472,2.6487,8855.137
2019-12-08 13:26:00,2.6499,2.6501,2.6473,2.6485,10596.886
2019-12-08 13:25:00,2.6472,2.65,2.6456,2.65,1767.7245
2019-12-08 13:24:00,2.6503,2.6504,2.6453,2.6478,8297.271
2019-12-08 13:23:00,2.6494,2.6505,2.6441,2.6471,9956.0069
2019-12-08 13:22:00,2.6494,2.6507,2.6492,2.6507,5061.2356
2019-12-08 13:21:00,2.6507,2.6507,2.6483,2.6494,5483.2621
2019-12-08 13:20:00,2.6487,2.6507,2.6483,2.6503,5955.1889
2019-12-08 13:19:00,2.6484,2.6507,2.6455,2.6483,3402.9742
2019-12-08 13:18:00,2.6464,2.6507,2.646,2.646,17449.1275
2019-12-08 13:17:00,2.6484,2.6507,2.645,2.6485,1777.5723
2019-12-08 13:16:00,2.6508,2.6508,2.6462,2.6507,7331.8111
2019-12-08 13:15:00,2.65,2.6508,2.6478,2.648,5296.8767
2019-12-08 13:14:00,2.6459,2.6508,2.6458,2.6484,5786.2786
2019-12-08 13:13:00,2.6455,2.6509,2.6455,2.6508,17850.5957
2019-12-08 13:12:00,2.6502,2.6509,2.6477,2.6477,4924.9531
2019-12-08 13:11:00,2.6478,2.6509,2.6459,2.6478,6045.4443
2019-12-08 13:10:00,2.6486,2.651,2.6478,2.6478,8642.487
2019-12-08 13:09:00,2.6479,2.651,2.6479,2.6485,5293.4724
2019-12-08 13:08:00,2.6488,2.651,2.645,2.65,18314.0515
2019-12-08 13:07:00,2.6463,2.651,2.6463,2.6486,861.334
2019-12-08 13:06:00,2.6489,2.65,2.6414,2.6457,22424.2911
2019-12-08 13:05:00,2.6492,2.65,2.6489,2.6489,2690.3842
2019-12-08 13:04:00,2.649,2.6496,2.6489,2.6489,2415.996
2019-12-08 13:03:00,2.6472,2.65,2.6472,2.6489,677.6589
2019-12-08 13:02:00,2.6458,2.6499,2.6458,2.6477,17896.6181
2019-12-08 13:01:00,2.6463,2.65,2.6457,2.6475,3901.7538
2019-12-08 13:00:00,2.6476,2.6497,2.6453,2.6454,5634.7
2019-12-08 12:59:00,2.649,2.6502,2.6444,2.6477,9021.1735
2019-12-08 12:58:00,2.6482,2.649,2.6448,2.6469,8145.1572
2019-12-08 12:57:00,2.6481,2.649,2.6478,2.6482,2186.9909
2019-12-08 12:56:00,2.6477,2.6487,2.6466,2.6487,4778.6363
2019-12-08 12:55:00,2.6497,2.653,2.6455,2.6477,16233.5579
2019-12-08 12:54:00,2.6488,2.6493,2.6469,2.6493,5079.5754
2019-12-08 12:53:00,2.6479,2.6493,2.6464,2.6477,6606.9004
2019-12-08 12:52:00,2.6446,2.6492,2.6446,2.6465,1723.7565
2019-12-08 12:51:00,2.6469,2.6492,2.6463,2.6465,12573.5715
2019-12-08 12:50:00,2.6403,2.651,2.6364,2.6465,15879.4398
2019-12-08 12:49:00,2.639,2.64,2.6356,2.638,5424.3572
2019-12-08 12:48:00,2.6366,2.6398,2.6366,2.6383,4543.9375
2019-12-08 12:47:00,2.6354,2.6379,2.6354,2.6379,2202.8197
2019-12-08 12:46:00,2.6359,2.637,2.6347,2.6352,20576.8048
2019-12-08 12:45:00,2.6348,2.636,2.6344,2.6359,5422.2207
2019-12-08 12:44:00,2.634,2.6359,2.634,2.6359,5780.4905
2019-12-08 12:43:00,2.6336,2.636,2.6319,2.6357,1476.7863
2019-12-08 12:42:00,2.635,2.6358,2.6319,2.6353,2488.4173
2019-12-08 12:41:00,2.6356,2.6365,2.6323,2.6336,4086.5849
2019-12-08 12:40:00,2.6331,2.6378,2.632,2.6339,5326.2547
2019-12-08 12:39:00,2.6377,2.6378,2.6318,2.6321,14093.779
2019-12-08 12:38:00,2.6358,2.6378,2.6357,2.6358,1865.2197
2019-12-08 12:37:00,2.6374,2.6382,2.6347,2.6379,9053.7758
2019-12-08 12:36:00,2.636,2.6385,2.6345,2.6375,4424.1541
2019-12-08 12:35:00,2.638,2.638,2.6335,2.6361,11374.9155
2019-12-08 12:34:00,2.6359,2.6403,2.6357,2.6357,1592.7639
2019-12-08 12:33:00,2.6313,2.6356,2.6312,2.635,2128.0907
2019-12-08 12:32:00,2.6282,2.632,2.6251,2.6285,17366.7997
2019-12-08 12:31:00,2.6289,2.629,2.6234,2.6272,2642.6425
2019-12-08 12:30:00,2.635,2.6364,2.6183,2.6249,19409.9747
2019-12-08 12:29:00,2.6347,2.6351,2.6313,2.6338,4822.412
2019-12-08 12:28:00,2.6324,2.6361,2.6314,2.6333,5386.6736
2019-12-08 12:27:00,2.6282,2.6328,2.6264,2.6303,1860.3007
2019-12-08 12:26:00,2.6238,2.64,2.6238,2.6257,9953.9492
2019-12-08 12:25:00,2.6219,2.6285,2.6201,2.6232,5908.7483
2019-12-08 12:24:00,2.624,2.6254,2.6188,2.6225,4806.7886
2019-12-08 12:23:00,2.6211,2.624,2.6209,2.6226,4824.529
2019-12-08 12:22:00,2.6201,2.6222,2.6196,2.6211,1230.0702
2019-12-08 12:21:00,2.6203,2.6222,2.6192,2.6204,1193.4502
2019-12-08 12:20:00,2.6196,2.6209,2.6196,2.6196,656.4568
2019-12-08 12:19:00,2.6199,2.6214,2.6192,2.6206,1905.3347
2019-12-08 12:18:00,2.6201,2.6204,2.6184,2.6189,6539.8231
2019-12-08 12:17:00,2.6206,2.6208,2.6203,2.6206,1694.4013
2019-12-08 12:16:00,2.6194,2.6207,2.6194,2.6207,3544.4851
2019-12-08 12:15:00,2.6184,2.62,2.6184,2.62,3708.0316
2019-12-08 12:14:00,2.6183,2.6198,2.6183,2.6184,10527.1013
2019-12-08 12:13:00,2.6185,2.6185,2.6183,2.6185,1374.8383
2019-12-08 12:12:00,2.6128,2.6187,2.6128,2.6185,3000.9308
2019-12-08 12:11:00,2.6074,2.6125,2.6074,2.6125,1224.3943
2019-12-08 12:10:00,2.6076,2.6091,2.6047,2.6087,5339.1905
2019-12-08 12:09:00,2.6052,2.6102,2.6046,2.6071,8395.6213
2019-12-08 12:08:00,2.6053,2.6053,2.6,2.605,5940.1575
2019-12-08 12:07:00,2.6031,2.6055,2.6003,2.6028,8364.4017
2019-12-08 12:06:00,2.6021,2.608,2.6021,2.6066,9977.4722
2019-12-08 12:05:00,2.6009,2.6034,2.6007,2.6034,5823.0993
2019-12-08 12:04:00,2.602,2.6032,2.6001,2.6014,1288.9391
2019-12-08 12:03:00,2.6018,2.6035,2.6006,2.6035,6030.0546
2019-12-08 12:02:00,2.6032,2.6032,2.6013,2.6018,1155.4662
2019-12-08 12:01:00,2.6002,2.6032,2.6,2.6024,1351.9131
2019-12-08 12:00:00,2.5991,2.604,2.5991,2.6031,6915.59
2019-12-08 11:59:00,2.596,2.5991,2.596,2.5984,10249.1353
2019-12-08 11:58:00,2.5956,2.5957,2.5956,2.5957,4517.4957
2019-12-08 11:57:00,2.5934,2.5956,2.593,2.5956,6290.3586
2019-12-08 11:56:00,2.5928,2.5941,2.5925,2.593,7638.8611
2019-12-08 11:55:00,2.5928,2.5941,2.5919,2.5929,4599.1523
2019-12-08 11:54:00,2.5941,2.5941,2.5923,2.5928,8543.9022
2019-12-08 11:53:00,2.5931,2.5941,2.5927,2.5941,9853.7135
2019-12-08 11:52:00,2.5927,2.5941,2.5923,2.5941,4365.3403
2019-12-08 11:51:00,2.5924,2.594,2.5918,2.5928,7945.0333
2019-12-08 11:50:00,2.594,2.594,2.5912,2.594,2331.8579
2019-12-08 11:49:00,2.5939,2.594,2.5907,2.5925,5813.3047
2019-12-08 11:48:00,2.5922,2.594,2.5922,2.5934,3334.7288
2019-12-08 11:47:00,2.5907,2.594,2.5907,2.594,3915.0306
2019-12-08 11:46:00,2.591,2.591,2.5903,2.5908,1858.7192
2019-12-08 11:45:00,2.5902,2.591,2.5897,2.5901,9607.9859
2019-12-08 11:44:00,2.5904,2.591,2.5897,2.5902,1861.9538
2019-12-08 11:43:00,2.5895,2.591,2.5895,2.5903,6969.085
2019-12-08 11:42:00,2.5903,2.5903,2.5896,2.59,7584.0856
2019-12-08 11:41:00,2.5904,2.591,2.5899,2.5901,3837.6748
2019-12-08 11:40:00,2.5892,2.5904,2.5889,2.5904,3405.8691
2019-12-08 11:39:00,2.59,2.5904,2.5891,2.5892,4296.6349
2019-12-08 11:38:00,2.5909,2.591,2.5899,2.59,4178.5396
2019-12-08 11:37:00,2.5908,2.591,2.5904,2.5905,4409.6645
2019-12-08 11:36:00,2.591,2.591,2.5901,2.5904,8134.3245
2019-12-08 11:35:00,2.5903,2.5908,2.5896,2.5903,3915.163
2019-12-08 11:34:00,2.5908,2.5916,2.5898,2.591,2592.206
2019-12-08 11:33:00,2.5909,2.5917,2.5907,2.5913,4863.2777
2019-12-08 11:32:00,2.5903,2.5915,2.5895,2.5909,6000.8811
2019-12-08 11:31:00,2.5928,2.5945,2.5895,2.5897,10894.2475
2019-12-08 11:30:00,2.593,2.593,2.5926,2.593,10541.2075
2019-12-08 11:29:00,2.5927,2.593,2.5926,2.5926,8250.7663
2019-12-08 11:28:00,2.593,2.593,2.5912,2.5925,6212.5471
2019-12-08 11:27:00,2.5897,2.5931,2.5887,2.5931,3890.7227
2019-12-08 11:26:00,2.5909,2.591,2.5886,2.59,2851.0703
2019-12-08 11:25:00,2.5909,2.5909,2.5896,2.5909,8288.8675
2019-12-08 11:24:00,2.5906,2.591,2.5906,2.5908,3320.3415
2019-12-08 11:23:00,2.591,2.591,2.5893,2.5905,3011.6207
2019-12-08 11:22:00,2.5949,2.5949,2.5892,2.591,7713.0699
2019-12-08 11:21:00,2.5875,2.5949,2.5875,2.5949,12769.7573
2019-12-08 11:20:00,2.5902,2.591,2.5869,2.5891,9862.5945
2019-12-08 11:19:00,2.5896,2.5902,2.5875,2.5885,8789.6733
2019-12-08 11:18:00,2.5847,2.5897,2.5837,2.5873,1485.0539
2019-12-08 11:17:00,2.5859,2.5876,2.5854,2.5857,5102.045
2019-12-08 11:16:00,2.5848,2.5881,2.5846,2.5855,4234.3343
2019-12-08 11:15:00,2.5838,2.5845,2.5811,2.5829,5040.9622
2019-12-08 11:14:00,2.5826,2.585,2.5806,2.5827,2665.6038
2019-12-08 11:13:00,2.5833,2.5833,2.5816,2.5827,5369.5517
2019-12-08 11:12:00,2.5812,2.5832,2.5806,2.5822,6990.7851
2019-12-08 11:11:00,2.5789,2.5835,2.5779,2.582,10721.6055
2019-12-08 11:10:00,2.579,2.5795,2.5782,2.5782,7093.0716
2019-12-08 11:09:00,2.572,2.5791,2.572,2.5791,3568.0047
2019-12-08 11:08:00,2.5698,2.5718,2.5666,2.5718,7482.3186
2019-12-08 11:07:00,2.5661,2.5713,2.5631,2.5685,15506.9184
2019-12-08 11:06:00,2.5798,2.5799,2.56,2.5665,76055.9456
2019-12-08 11:05:00,2.5811,2.5811,2.58,2.58,5802.7708
2019-12-08 11:04:00,2.5858,2.5863,2.5809,2.5812,5149.3497
2019-12-08 11:03:00,2.5856,2.5861,2.58,2.5851,11628.8397
2019-12-08 11:02:00,2.5867,2.5867,2.5861,2.5865,4263.4561
2019-12-08 11:01:00,2.5875,2.5875,2.5849,2.5865,12780.9044
2019-12-08 11:00:00,2.5874,2.5875,2.5863,2.5865,6376.5843
2019-12-08 10:59:00,2.587,2.5877,2.587,2.5871,4015.06
2019-12-08 10:58:00,2.5866,2.5877,2.5863,2.5877,4716.5099
2019-12-08 10:57:00,2.5877,2.5884,2.5849,2.5871,8024.0348
2019-12-08 10:56:00,2.5884,2.5893,2.587,2.5893,4317.3342
2019-12-08 10:55:00,2.5895,2.5895,2.5882,2.5887,3691.779
2019-12-08 10:54:00,2.5903,2.5903,2.5892,2.5898,9529.1682
2019-12-08 10:53:00,2.5919,2.5919,2.59,2.59,5303.4158
2019-12-08 10:52:00,2.59,2.5923,2.5899,2.59,4535.6216
2019-12-08 10:51:00,2.5986,2.5986,2.59,2.5915,38772.0881
2019-12-08 10:50:00,2.5949,2.5971,2.5942,2.5971,1690.0301
2019-12-08 10:49:00,2.596,2.597,2.596,2.5967,2033.7822
2019-12-08 10:48:00,2.5951,2.5974,2.5951,2.5967,6180.166
2019-12-08 10:47:00,2.5963,2.5973,2.5938,2.5961,4159.5932
2019-12-08 10:46:00,2.5959,2.5966,2.5942,2.5966,3601.0005
2019-12-08 10:45:00,2.6016,2.6016,2.5959,2.5959,1248.9652
2019-12-08 10:44:00,2.6021,2.6021,2.6015,2.6017,2681.25
2019-12-08 10:43:00,2.6037,2.6037,2.601,2.6024,4986.1465
2019-12-08 10:42:00,2.603,2.603,2.601,2.6013,1870.3833
2019-12-08 10:41:00,2.5962,2.6017,2.5962,2.6017,2938.8877
2019-12-08 10:40:00,2.5969,2.6006,2.5949,2.5991,2213.7091
2019-12-08 10:39:00,2.5954,2.6059,2.5936,2.5992,26056.3489
2019-12-08 10:38:00,2.5974,2.5986,2.593,2.5961,1277.0097
2019-12-08 10:37:00,2.5904,2.6,2.5904,2.5997,4663.6671
2019-12-08 10:36:00,2.5898,2.5914,2.5895,2.5897,5460.1086
2019-12-08 10:35:00,2.5896,2.5909,2.588,2.5893,2565.6262
2019-12-08 10:34:00,2.589,2.5914,2.5877,2.5914,6416.4005
2019-12-08 10:33:00,2.5893,2.5902,2.5893,2.5893,1824.3904
2019-12-08 10:32:00,2.5896,2.5907,2.5881,2.5881,3711.6395
2019-12-08 10:31:00,2.5888,2.5908,2.5888,2.5896,11453.8098
2019-12-08 10:30:00,2.5926,2.5928,2.5879,2.5881,15806.8071
2019-12-08 10:29:00,2.5946,2.5946,2.5916,2.5921,10289.3163
2019-12-08 10:28:00,2.5914,2.5978,2.5914,2.593,38.9129
2019-12-08 10:27:00,2.5914,2.5914,2.5913,2.5914,4907.1813
2019-12-08 10:26:00,2.5919,2.5938,2.5914,2.5914,2181.8706
2019-12-08 10:25:00,2.5924,2.5924,2.5919,2.5919,4776.7155
2019-12-08 10:24:00,2.5947,2.5947,2.5926,2.5926,233.033
2019-12-08 10:23:00,2.5943,2.5964,2.5931,2.5957,4591.2062
2019-12-08 10:22:00,2.5969,2.5969,2.5925,2.5963,1737.3063
2019-12-08 10:21:00,2.5995,2.6018,2.5969,2.5969,6595.5516
2019-12-08 10:20:00,2.6004,2.6004,2.5971,2.5997,3436.8075
2019-12-08 10:19:00,2.6022,2.6022,2.5982,2.602,5092.9139
2019-12-08 10:18:00,2.6032,2.6033,2.6022,2.6031,2100.2855
2019-12-08 10:17:00,2.6039,2.6044,2.6036,2.604,1675.8779
2019-12-08 10:16:00,2.6028,2.6041,2.6027,2.6039,5860.9874
2019-12-08 10:15:00,2.6043,2.6052,2.6031,2.6045,1561.266
2019-12-08 10:14:00,2.6038,2.606,2.6038,2.6049,5274.3292
2019-12-08 10:13:00,2.6053,2.6053,2.6021,2.6021,5825.8861
2019-12-08 10:12:00,2.6028,2.6038,2.6018,2.6021,11309.639
2019-12-08 10:11:00,2.6015,2.6026,2.5992,2.6021,14425.8188
2019-12-08 10:10:00,2.6025,2.6049,2.6023,2.6023,8070.9311
2019-12-08 10:09:00,2.601,2.6023,2.5987,2.6014,8312.5351
2019-12-08 10:08:00,2.6032,2.6049,2.6006,2.6013,3856.8844
2019-12-08 10:07:00,2.6068,2.6077,2.5985,2.6009,1897.5881
2019-12-08 10:06:00,2.6048,2.6094,2.6032,2.6094,4404.3779
2019-12-08 10:05:00,2.6029,2.6045,2.6019,2.6027,2868.6571
2019-12-08 10:04:00,2.6261,2.6294,2.5984,2.6045,158116.8392
2019-12-08 10:03:00,2.6307,2.6346,2.62,2.62,11460.1399
2019-12-08 10:02:00,2.6345,2.6345,2.6288,2.6322,7191.3095
2019-12-08 10:01:00,2.6345,2.6346,2.6343,2.6343,3205.3408
2019-12-08 10:00:00,2.634,2.6355,2.634,2.6349,18292.111
2019-12-08 09:59:00,2.6335,2.634,2.6335,2.6335,6797.9262
2019-12-08 09:58:00,2.6315,2.6339,2.6314,2.6332,6655.1318
2019-12-08 09:57:00,2.6323,2.6323,2.6302,2.6316,1412.6811
2019-12-08 09:56:00,2.6325,2.6325,2.63,2.6305,7938.7089
2019-12-08 09:55:00,2.6324,2.6333,2.6324,2.6325,13075.1625
2019-12-08 09:54:00,2.6325,2.6325,2.6325,2.6325,1833.8091
2019-12-08 09:53:00,2.6327,2.6327,2.6324,2.6327,2164.9271
2019-12-08 09:52:00,2.6318,2.6327,2.6301,2.6313,7240.887
2019-12-08 09:51:00,2.63,2.6316,2.63,2.6316,8201.3873
2019-12-08 09:50:00,2.6262,2.631,2.6224,2.63,9602.3843
2019-12-08 09:49:00,2.6263,2.6271,2.6245,2.6261,5203.8117
2019-12-08 09:48:00,2.6242,2.6289,2.6235,2.6263,5301.4297
2019-12-08 09:47:00,2.6239,2.625,2.6221,2.6242,10049.1442
2019-12-08 09:46:00,2.617,2.624,2.616,2.622,11481.7726
2019-12-08 09:45:00,2.6153,2.6175,2.613,2.6175,4557.3594
2019-12-08 09:44:00,2.6121,2.6151,2.611,2.6151,9059.5749
2019-12-08 09:43:00,2.6104,2.6125,2.6094,2.611,14729.7529
2019-12-08 09:42:00,2.6089,2.6116,2.6086,2.6116,3091.4953
2019-12-08 09:41:00,2.6073,2.6093,2.6072,2.6089,6313.7549
2019-12-08 09:40:00,2.6072,2.6076,2.6069,2.6073,2472.9493
2019-12-08 09:39:00,2.6068,2.6076,2.6068,2.6072,849.4398
2019-12-08 09:38:00,2.6067,2.6076,2.6064,2.6076,8763.2887
2019-12-08 09:37:00,2.6067,2.6068,2.6067,2.6067,7211.6084
2019-12-08 09:36:00,2.6066,2.6076,2.606,2.6068,6140.8321
2019-12-08 09:35:00,2.6075,2.6075,2.606,2.6061,1613.8288
2019-12-08 09:34:00,2.606,2.6076,2.6056,2.6076,1859.1511
2019-12-08 09:33:00,2.6055,2.6062,2.6055,2.6059,3373.9724
2019-12-08 09:32:00,2.6051,2.6051,2.6051,2.6051,358.1357
2019-12-08 09:31:00,2.6067,2.6067,2.605,2.6051,17794.5362
2019-12-08 09:30:00,2.6088,2.6088,2.6067,2.6068,11620.9011
2019-12-08 09:29:00,2.6107,2.6108,2.6066,2.6088,2998.3711
2019-12-08 09:28:00,2.6079,2.6109,2.6065,2.6109,5133.0333
2019-12-08 09:27:00,2.6074,2.6104,2.6036,2.6065,8159.3527
2019-12-08 09:26:00,2.6072,2.61,2.6037,2.6081,3802.0078
2019-12-08 09:25:00,2.6037,2.6097,2.6036,2.6096,7327.4471
2019-12-08 09:24:00,2.6058,2.6058,2.6036,2.6037,5218.8512
2019-12-08 09:23:00,2.6051,2.6085,2.6042,2.6057,4200.109
2019-12-08 09:22:00,2.6115,2.6126,2.604,2.6051,68940.0669
2019-12-08 09:21:00,2.6105,2.6126,2.6105,2.6125,1662.1302
2019-12-08 09:20:00,2.6125,2.6148,2.6102,2.6122,14734.0515
2019-12-08 09:19:00,2.6138,2.6172,2.6127,2.6151,1515.7147
2019-12-08 09:18:00,2.6127,2.6127,2.611,2.612,4167.3484
2019-12-08 09:17:00,2.6315,2.6321,2.6095,2.6099,45148.9422
2019-12-08 09:16:00,2.632,2.6323,2.6315,2.6316,1553.7326
2019-12-08 09:15:00,2.6328,2.6329,2.632,2.632,1548.2425
2019-12-08 09:14:00,2.6319,2.6329,2.6317,2.632,6304.9662
2019-12-08 09:13:00,2.6313,2.632,2.6308,2.6319,1578.1376
2019-12-08 09:12:00,2.6314,2.6322,2.6314,2.6314,4753.376
2019-12-08 09:11:00,2.6308,2.6328,2.6308,2.6328,5493.7875
2019-12-08 09:10:00,2.6347,2.6348,2.631,2.6311,4516.0573
2019-12-08 09:09:00,2.635,2.635,2.6336,2.6346,1792.1575
2019-12-08 09:08:00,2.6339,2.6359,2.6339,2.6343,5930.2487
2019-12-08 09:07:00,2.6354,2.6364,2.63,2.6346,7510.4264
2019-12-08 09:06:00,2.6362,2.6362,2.6326,2.6351,6160.7344
2019-12-08 09:05:00,2.6361,2.6364,2.6358,2.6358,1690.5736
2019-12-08 09:04:00,2.6364,2.6364,2.6359,2.6359,1723.1628
2019-12-08 09:03:00,2.6401,2.6401,2.6357,2.6364,12182.7691
2019-12-08 09:02:00,2.6404,2.6433,2.6401,2.6401,4775.2315
2019-12-08 09:01:00,2.6401,2.6418,2.6387,2.6404,1512.8422
2019-12-08 09:00:00,2.6423,2.6429,2.6399,2.6401,2032.891
2019-12-08 08:59:00,2.6424,2.644,2.6421,2.643,5155.8554
2019-12-08 08:58:00,2.646,2.646,2.6429,2.6429,10535.0628
2019-12-08 08:57:00,2.6447,2.6464,2.6437,2.6461,4130.8621
2019-12-08 08:56:00,2.6449,2.6463,2.6436,2.6443,1035.1018
2019-12-08 08:55:00,2.645,2.6464,2.6442,2.6442,496.8192
2019-12-08 08:54:00,2.6449,2.6495,2.6449,2.647,12410.5254
2019-12-08 08:53:00,2.6468,2.6468,2.6433,2.6455,7974.9091
2019-12-08 08:52:00,2.643,2.6473,2.6422,2.6457,4409.0132
2019-12-08 08:51:00,2.6438,2.6499,2.6421,2.6441,19523.7684
2019-12-08 08:50:00,2.6474,2.6498,2.6432,2.6432,5601.694
2019-12-08 08:49:00,2.6498,2.6499,2.6469,2.6474,5108.8776
2019-12-08 08:48:00,2.6443,2.6499,2.6443,2.6499,7945.2386
2019-12-08 08:47:00,2.6409,2.646,2.6394,2.646,2904.5673
2019-12-08 08:46:00,2.6397,2.643,2.6385,2.6415,3642.1201
2019-12-08 08:45:00,2.6377,2.6408,2.6377,2.6408,1873.4269
2019-12-08 08:44:00,2.6479,2.6479,2.6361,2.6401,2460.2649
2019-12-08 08:43:00,2.649,2.649,2.6469,2.6469,1705.3379
2019-12-08 08:42:00,2.6495,2.6499,2.6488,2.6488,2279.1361
2019-12-08 08:41:00,2.6495,2.6496,2.6491,2.6495,5260.3965
2019-12-08 08:40:00,2.6495,2.6499,2.6495,2.6495,3681.8503
2019-12-08 08:39:00,2.6507,2.6507,2.6492,2.6499,8406.9992
2019-12-08 08:38:00,2.6514,2.6514,2.6498,2.6511,1598.8911
2019-12-08 08:37:00,2.6518,2.6521,2.6497,2.6508,8696.556
2019-12-08 08:36:00,2.6512,2.6539,2.6505,2.6522,3976.8518
2019-12-08 08:35:00,2.6542,2.6549,2.6497,2.6507,10070.8241
2019-12-08 08:34:00,2.6543,2.6548,2.6542,2.6542,5429.6096
2019-12-08 08:33:00,2.6545,2.6545,2.6545,2.6545,0
2019-12-08 08:32:00,2.6548,2.6548,2.6545,2.6545,3047.8441
2019-12-08 08:31:00,2.6555,2.6583,2.6555,2.6555,4594.2708
2019-12-08 08:30:00,2.6549,2.6563,2.6549,2.6554,1287.7229
2019-12-08 08:29:00,2.6559,2.657,2.6542,2.6565,7159.9462
2019-12-08 08:28:00,2.6551,2.6567,2.6551,2.6552,3150.4404
2019-12-08 08:27:00,2.6564,2.6564,2.6553,2.6553,11099.2699
2019-12-08 08:26:00,2.6568,2.6579,2.6559,2.6568,1910.2906
2019-12-08 08:25:00,2.6568,2.6582,2.6557,2.6568,1680.7941
2019-12-08 08:24:00,2.6568,2.6582,2.6567,2.658,1567.554
2019-12-08 08:23:00,2.6567,2.6581,2.6566,2.6566,8007.2234
2019-12-08 08:22:00,2.6567,2.6567,2.6555,2.6566,1159.0276
2019-12-08 08:21:00,2.6568,2.6568,2.6555,2.6567,8491.8692
2019-12-08 08:20:00,2.6568,2.6584,2.6558,2.6568,4672.5609
2019-12-08 08:19:00,2.6567,2.6575,2.6555,2.6568,1169.9758
2019-12-08 08:18:00,2.6575,2.6583,2.655,2.6583,6578.2751
2019-12-08 08:17:00,2.6575,2.6575,2.6571,2.6571,1350.358
2019-12-08 08:16:00,2.6573,2.6583,2.6566,2.6575,2959.0056
2019-12-08 08:15:00,2.658,2.6583,2.6578,2.658,6446.9497
2019-12-08 08:14:00,2.6551,2.6582,2.6551,2.658,1637.9975
2019-12-08 08:13:00,2.6551,2.6579,2.6551,2.6565,2002.7715
2019-12-08 08:12:00,2.6565,2.6576,2.6565,2.6565,644.8773
2019-12-08 08:11:00,2.6564,2.6575,2.6549,2.6549,5352.9453
2019-12-08 08:10:00,2.6552,2.6582,2.6552,2.6564,3794.281
2019-12-08 08:09:00,2.6563,2.6569,2.6549,2.6563,4162.4236
2019-12-08 08:08:00,2.656,2.6577,2.6548,2.6564,7587.9566
2019-12-08 08:07:00,2.6563,2.6563,2.6546,2.6557,1090.01
2019-12-08 08:06:00,2.6542,2.6579,2.6542,2.6545,2023.2452
2019-12-08 08:05:00,2.6593,2.6598,2.6542,2.6568,15549.6785
2019-12-08 08:04:00,2.6603,2.6607,2.6591,2.6599,3591.8037
2019-12-08 08:03:00,2.6602,2.661,2.6592,2.6593,2581.9022
2019-12-08 08:02:00,2.6604,2.6625,2.6591,2.6603,3796.7016
2019-12-08 08:01:00,2.6604,2.661,2.6603,2.661,1050.2579
2019-12-08 08:00:00,2.6609,2.6612,2.6596,2.6603,3503.1095
2019-12-08 07:59:00,2.6609,2.6612,2.6609,2.6612,610.4471
2019-12-08 07:58:00,2.6609,2.6615,2.6607,2.6608,1474.5541
2019-12-08 07:57:00,2.6619,2.662,2.6608,2.6609,1740.4146
2019-12-08 07:56:00,2.6613,2.6618,2.6607,2.6613,2190.3939
2019-12-08 07:55:00,2.6613,2.6617,2.6613,2.6613,2195.3239
2019-12-08 07:54:00,2.6612,2.662,2.6607,2.6613,2322.8168
2019-12-08 07:53:00,2.6611,2.6616,2.6609,2.6612,2252.8883
2019-12-08 07:52:00,2.6611,2.6611,2.6607,2.6607,2534.91
2019-12-08 07:51:00,2.6611,2.6615,2.6609,2.6612,994.1284
2019-12-08 07:50:00,2.6609,2.6618,2.6606,2.6611,1877.6816
2019-12-08 07:49:00,2.6611,2.6615,2.6606,2.6609,1218.5465
2019-12-08 07:48:00,2.6613,2.6613,2.6608,2.6608,4036.0076
2019-12-08 07:47:00,2.6607,2.6613,2.6599,2.6613,1686.6049
2019-12-08 07:46:00,2.6597,2.6608,2.6596,2.6607,4531.3573
2019-12-08 07:45:00,2.6596,2.6598,2.6596,2.6598,4926.4229
2019-12-08 07:44:00,2.6583,2.6592,2.6579,2.6579,5066.044
2019-12-08 07:43:00,2.6583,2.6597,2.6583,2.6583,4270.3454
2019-12-08 07:42:00,2.658,2.6583,2.657,2.6583,1904.4482
2019-12-08 07:41:00,2.6592,2.6599,2.6552,2.658,2229.0888
2019-12-08 07:40:00,2.6575,2.6609,2.6542,2.6542,6419.4557
2019-12-08 07:39:00,2.6586,2.6593,2.6576,2.6588,3503.4125
2019-12-08 07:38:00,2.6589,2.6604,2.6578,2.658,1686.531
2019-12-08 07:37:00,2.6612,2.6612,2.6591,2.6591,6406.4314
2019-12-08 07:36:00,2.6612,2.6613,2.6612,2.6612,2510.2532
2019-12-08 07:35:00,2.6609,2.6615,2.6609,2.6612,1712.7455
2019-12-08 07:34:00,2.6601,2.6616,2.6601,2.6615,2007.7735
2019-12-08 07:33:00,2.6617,2.6617,2.6602,2.6616,1592.0429
2019-12-08 07:32:00,2.6613,2.6615,2.6612,2.6615,1927.3226
2019-12-08 07:31:00,2.6617,2.6619,2.6613,2.6613,2212.627
2019-12-08 07:30:00,2.6612,2.6613,2.6604,2.6613,8892.0483
2019-12-08 07:29:00,2.6615,2.662,2.6603,2.6612,1552.902
2019-12-08 07:28:00,2.6591,2.6618,2.6591,2.6618,3683.3984
2019-12-08 07:27:00,2.6596,2.6599,2.6596,2.6596,5351.5412
2019-12-08 07:26:00,2.6596,2.6598,2.6594,2.6595,1190.5603
2019-12-08 07:25:00,2.6596,2.6597,2.6593,2.6596,5739.6935
2019-12-08 07:24:00,2.6596,2.6597,2.6591,2.6591,1280.4565
2019-12-08 07:23:00,2.6592,2.6596,2.6592,2.6596,4515.1749
2019-12-08 07:22:00,2.6591,2.6596,2.6584,2.6596,1615.3114
2019-12-08 07:21:00,2.6585,2.6591,2.6585,2.6591,1739.5111
2019-12-08 07:20:00,2.6586,2.6596,2.6586,2.6596,6361.7116
2019-12-08 07:19:00,2.658,2.6592,2.658,2.6586,5727.1153
2019-12-08 07:18:00,2.6585,2.6594,2.6585,2.6586,6878.5386
2019-12-08 07:17:00,2.6585,2.6586,2.657,2.6577,4830.0268
2019-12-08 07:16:00,2.6585,2.6593,2.657,2.6585,1996.3508
2019-12-08 07:15:00,2.6585,2.6598,2.6575,2.6585,4790.4335
2019-12-08 07:14:00,2.6585,2.6598,2.6574,2.6585,2542.1268
2019-12-08 07:13:00,2.6584,2.6595,2.6584,2.6585,815.9692
2019-12-08 07:12:00,2.6583,2.6591,2.6575,2.6586,3769.3932
2019-12-08 07:11:00,2.6585,2.6594,2.6573,2.6583,1893.5987
2019-12-08 07:10:00,2.6585,2.6591,2.6569,2.6588,3649.4459
2019-12-08 07:09:00,2.6574,2.6586,2.6574,2.6583,13555.2101
2019-12-08 07:08:00,2.6586,2.6586,2.6571,2.6584,544.0381
2019-12-08 07:07:00,2.6588,2.6591,2.6578,2.6578,9485.2619
2019-12-08 07:06:00,2.6582,2.6583,2.6569,2.658,5703.7443
2019-12-08 07:05:00,2.6569,2.6594,2.6569,2.6583,824.583
2019-12-08 07:04:00,2.6576,2.6588,2.6568,2.6571,6982.9385
2019-12-08 07:03:00,2.6582,2.66,2.6577,2.6577,1880.9451
2019-12-08 07:02:00,2.6586,2.6596,2.6579,2.6587,2572.4541
2019-12-08 07:01:00,2.6594,2.6594,2.6581,2.6587,1745.7647
2019-12-08 07:00:00,2.6587,2.6596,2.6583,2.6593,8520.6185
2019-12-08 06:59:00,2.6586,2.6599,2.657,2.6587,3361.3855
2019-12-08 06:58:00,2.6595,2.6595,2.6579,2.6586,3935.8556
2019-12-08 06:57:00,2.658,2.66,2.6571,2.6579,7979.4983
2019-12-08 06:56:00,2.6579,2.6587,2.6579,2.658,1302.2085
2019-12-08 06:55:00,2.6579,2.6581,2.6575,2.6575,1978.4743
2019-12-08 06:54:00,2.6579,2.6588,2.6579,2.6588,4369.6992
2019-12-08 06:53:00,2.6578,2.6583,2.6575,2.6579,1833.8795
2019-12-08 06:52:00,2.6578,2.6589,2.6578,2.6578,5214.9544
2019-12-08 06:51:00,2.6578,2.6585,2.6571,2.6585,6198.2858
2019-12-08 06:50:00,2.6578,2.6582,2.6566,2.6578,2174.7941
2019-12-08 06:49:00,2.6578,2.658,2.657,2.6578,15361.2296
2019-12-08 06:48:00,2.6578,2.6578,2.6572,2.6578,3016.7637
2019-12-08 06:47:00,2.6578,2.6583,2.6575,2.6578,5656.1757
2019-12-08 06:46:00,2.6578,2.6581,2.657,2.657,1899.3682
2019-12-08 06:45:00,2.6578,2.6581,2.6568,2.6568,2928.6978
2019-12-08 06:44:00,2.658,2.6583,2.6567,2.6578,2020.3555
2019-12-08 06:43:00,2.6575,2.658,2.6572,2.658,3671.5581
2019-12-08 06:42:00,2.6577,2.6589,2.6577,2.658,3914.4794
2019-12-08 06:41:00,2.6581,2.6581,2.6576,2.6579,414.4055
2019-12-08 06:40:00,2.6581,2.6593,2.6581,2.6586,9790.4474
2019-12-08 06:39:00,2.6573,2.6583,2.657,2.6581,1735.021
2019-12-08 06:38:00,2.6569,2.6583,2.6564,2.6564,4116.4575
2019-12-08 06:37:00,2.6582,2.6598,2.6582,2.6583,5365.3635
2019-12-08 06:36:00,2.658,2.658,2.6553,2.6564,6096.7475
2019-12-08 06:35:00,2.6561,2.6585,2.6561,2.6581,1781.7104
2019-12-08 06:34:00,2.6576,2.6579,2.6571,2.6571,4629.7781
2019-12-08 06:33:00,2.6576,2.659,2.6569,2.6569,5662.4037
2019-12-08 06:32:00,2.6575,2.6587,2.656,2.656,3912.9085
2019-12-08 06:31:00,2.6574,2.6576,2.6566,2.6566,4743.0255
2019-12-08 06:30:00,2.6578,2.6584,2.6561,2.6576,1819.5073
2019-12-08 06:29:00,2.6583,2.6584,2.6575,2.6575,26.4616
2019-12-08 06:28:00,2.6577,2.6585,2.6563,2.6584,2659.3995
2019-12-08 06:27:00,2.6585,2.6592,2.6572,2.658,2028.3451
2019-12-08 06:26:00,2.6579,2.6579,2.6567,2.6577,1957.1722
2019-12-08 06:25:00,2.6611,2.6611,2.6564,2.6574,17413.1734
2019-12-08 06:24:00,2.6582,2.6604,2.6582,2.6586,5792.0685
2019-12-08 06:23:00,2.6572,2.6583,2.6536,2.6583,6042.4293
2019-12-08 06:22:00,2.6552,2.6611,2.6539,2.6539,5911.186
2019-12-08 06:21:00,2.6556,2.66,2.6539,2.655,2020.4117
2019-12-08 06:20:00,2.6558,2.6559,2.6537,2.6544,1317.5957
2019-12-08 06:19:00,2.657,2.6573,2.6545,2.6545,8935.9186
2019-12-08 06:18:00,2.6563,2.6581,2.6546,2.655,10546.3623
2019-12-08 06:17:00,2.6579,2.6579,2.6548,2.656,546.902
2019-12-08 06:16:00,2.6563,2.6572,2.6541,2.6565,7714.2542
2019-12-08 06:15:00,2.6575,2.6579,2.6564,2.6565,1955.605
2019-12-08 06:14:00,2.659,2.6607,2.657,2.6578,2356.6027
2019-12-08 06:13:00,2.6587,2.6592,2.6571,2.6592,3264.1386
2019-12-08 06:12:00,2.6586,2.6601,2.6571,2.6587,2946.7837
2019-12-08 06:11:00,2.6581,2.66,2.6576,2.6589,5756.3436
2019-12-08 06:10:00,2.6607,2.6607,2.6568,2.6569,8491.6947
2019-12-08 06:09:00,2.6523,2.6635,2.6518,2.6563,12859.8008
2019-12-08 06:08:00,2.6523,2.6548,2.6523,2.6523,4336.8507
2019-12-08 06:07:00,2.6523,2.6531,2.6512,2.6512,4722.2605
2019-12-08 06:06:00,2.6521,2.6538,2.6517,2.6523,4340.7068
2019-12-08 06:05:00,2.6529,2.6529,2.6509,2.6526,2465.9071
2019-12-08 06:04:00,2.6532,2.6537,2.6529,2.6529,3788.9224
2019-12-08 06:03:00,2.6542,2.6542,2.6525,2.6532,5884.0265
2019-12-08 06:02:00,2.6524,2.6525,2.651,2.6525,2301.905
2019-12-08 06:01:00,2.6514,2.6535,2.6514,2.6535,11735.6826
2019-12-08 06:00:00,2.6514,2.6522,2.6512,2.6514,2418.7906
2019-12-08 05:59:00,2.6514,2.6514,2.651,2.6514,2359.4645
2019-12-08 05:58:00,2.6518,2.6518,2.6507,2.6507,2364.8443
2019-12-08 05:57:00,2.6504,2.652,2.6504,2.6514,849.7281
2019-12-08 05:56:00,2.6499,2.6523,2.6468,2.6504,17355.0545
2019-12-08 05:55:00,2.6496,2.6522,2.6496,2.6522,1453.2532
2019-12-08 05:54:00,2.6503,2.6519,2.6488,2.65,1118.4846
2019-12-08 05:53:00,2.6488,2.6502,2.6471,2.6502,1368.0589
2019-12-08 05:52:00,2.6496,2.6518,2.6495,2.6502,932.0328
2019-12-08 05:51:00,2.6523,2.6523,2.647,2.6499,2646.1274
2019-12-08 05:50:00,2.6523,2.6523,2.6523,2.6523,236.9762
2019-12-08 05:49:00,2.6523,2.6523,2.6523,2.6523,0
2019-12-08 05:48:00,2.6523,2.6523,2.6523,2.6523,276.7403
2019-12-08 05:47:00,2.6523,2.6523,2.6523,2.6523,4432.5521
2019-12-08 05:46:00,2.6523,2.6523,2.6523,2.6523,0
2019-12-08 05:45:00,2.6469,2.6523,2.6469,2.6523,2619.1166
2019-12-08 05:44:00,2.6495,2.6514,2.6489,2.6495,3261.5635
2019-12-08 05:43:00,2.6469,2.6495,2.6469,2.6474,2957.9251
2019-12-08 05:42:00,2.649,2.6495,2.6473,2.6495,3619.322
2019-12-08 05:41:00,2.6472,2.6495,2.6472,2.6495,1644.3526
2019-12-08 05:40:00,2.6503,2.652,2.6496,2.6496,1261.213
2019-12-08 05:39:00,2.6495,2.6522,2.6495,2.6506,1281.571
2019-12-08 05:38:00,2.6496,2.6519,2.6481,2.6495,1559.4499
2019-12-08 05:37:00,2.6496,2.6496,2.6472,2.6496,5590.3376
2019-12-08 05:36:00,2.6488,2.6524,2.6471,2.6496,11877.6539
2019-12-08 05:35:00,2.6488,2.6512,2.6468,2.6487,1907.9933
2019-12-08 05:34:00,2.6487,2.6501,2.6472,2.6491,7843.0406
2019-12-08 05:33:00,2.6523,2.6524,2.6464,2.6487,10800.5427
2019-12-08 05:32:00,2.6524,2.6524,2.6524,2.6524,0
2019-12-08 05:31:00,2.6524,2.6524,2.6524,2.6524,0
2019-12-08 05:30:00,2.6524,2.6524,2.6524,2.6524,0
2019-12-08 05:29:00,2.6524,2.6524,2.6524,2.6524,0
2019-12-08 05:28:00,2.6524,2.6524,2.6524,2.6524,0
2019-12-08 05:27:00,2.6524,2.6524,2.6524,2.6524,0
2019-12-08 05:26:00,2.6524,2.6524,2.6524,2.6524,0
2019-12-08 05:25:00,2.6524,2.6524,2.6524,2.6524,0
2019-12-08 05:24:00,2.6524,2.6524,2.6524,2.6524,0
2019-12-08 05:23:00,2.6524,2.6524,2.6524,2.6524,0
2019-12-08 05:22:00,2.6524,2.6524,2.6524,2.6524,96.1078
2019-12-08 05:21:00,2.6529,2.6529,2.6529,2.6529,0
2019-12-08 05:20:00,2.6535,2.6535,2.6521,2.6529,3749.5058
2019-12-08 05:19:00,2.6533,2.6533,2.6517,2.6528,5034.947
2019-12-08 05:18:00,2.6525,2.6534,2.6523,2.6534,3753.0754
2019-12-08 05:17:00,2.6517,2.6533,2.6503,2.6527,3514.1751
2019-12-08 05:16:00,2.6527,2.6527,2.6496,2.6519,952.3115
2019-12-08 05:15:00,2.6507,2.6524,2.6489,2.6492,11967.9512
2019-12-08 05:14:00,2.6503,2.6511,2.6469,2.6508,2844.3374
2019-12-08 05:13:00,2.6529,2.6531,2.6467,2.6508,4559.8472
2019-12-08 05:12:00,2.6521,2.6521,2.6505,2.6518,1262.9916
2019-12-08 05:11:00,2.6515,2.6535,2.6515,2.652,2601.2201
2019-12-08 05:10:00,2.6516,2.6523,2.6496,2.6512,5754.0802
2019-12-08 05:09:00,2.6518,2.6534,2.6492,2.6514,7504.6461
2019-12-08 05:08:00,2.6504,2.6534,2.6474,2.6503,8571.7604
2019-12-08 05:07:00,2.647,2.6508,2.6469,2.6472,7131.445
2019-12-08 05:06:00,2.6503,2.6507,2.6471,2.6506,4252.7865
2019-12-08 05:05:00,2.6502,2.6545,2.6499,2.6502,4133.5524
2019-12-08 05:04:00,2.6467,2.6503,2.6467,2.6472,1522.7165
2019-12-08 05:03:00,2.65,2.6533,2.6495,2.6503,6811.4829
2019-12-08 05:02:00,2.6501,2.6502,2.6466,2.6496,2972.3069
2019-12-08 05:01:00,2.6489,2.6509,2.6466,2.6506,1999.5172
2019-12-08 05:00:00,2.6528,2.6537,2.6464,2.6464,20484.9199
2019-12-08 04:59:00,2.6527,2.6529,2.6518,2.6523,8339.3984
2019-12-08 04:58:00,2.6532,2.6533,2.6514,2.6527,1763.1792
2019-12-08 04:57:00,2.6535,2.6535,2.6521,2.6532,1852.5351
2019-12-08 04:56:00,2.6528,2.6536,2.651,2.6536,1003.9057
2019-12-08 04:55:00,2.6524,2.6531,2.6511,2.6529,2140.7509
2019-12-08 04:54:00,2.6507,2.6535,2.6494,2.6494,4088.5371
2019-12-08 04:53:00,2.6509,2.6528,2.6492,2.6528,6549.3531
2019-12-08 04:52:00,2.6525,2.6539,2.6505,2.6507,2440.7586
2019-12-08 04:51:00,2.6504,2.6519,2.6499,2.6499,5026.4299
2019-12-08 04:50:00,2.6525,2.6525,2.6497,2.6516,410.1802
2019-12-08 04:49:00,2.6505,2.6537,2.6505,2.6523,2845.0503
2019-12-08 04:48:00,2.65,2.6536,2.6495,2.6536,5069.807
2019-12-08 04:47:00,2.6513,2.6539,2.6496,2.6496,1228.89
2019-12-08 04:46:00,2.6509,2.6509,2.6469,2.6505,4046.717
2019-12-08 04:45:00,2.6511,2.6542,2.6499,2.6508,3799.3771
2019-12-08 04:44:00,2.647,2.6513,2.647,2.6475,3582.1157
2019-12-08 04:43:00,2.6512,2.6512,2.6473,2.6502,4399.8632
2019-12-08 04:42:00,2.6529,2.6544,2.6497,2.6503,6945.0857
2019-12-08 04:41:00,2.6491,2.6517,2.6464,2.6502,55518.7081
2019-12-08 04:40:00,2.6521,2.6521,2.6493,2.6503,4317.0104
2019-12-08 04:39:00,2.652,2.6549,2.652,2.6549,2854.2524
2019-12-08 04:38:00,2.6533,2.6545,2.65,2.6518,3934.6422
2019-12-08 04:37:00,2.6526,2.6542,2.6507,2.6534,2933.7681
2019-12-08 04:36:00,2.6509,2.6554,2.65,2.6524,1011.7468
2019-12-08 04:35:00,2.653,2.653,2.6508,2.6508,1981.6333
2019-12-08 04:34:00,2.6526,2.6557,2.6511,2.6534,3939.5645
2019-12-08 04:33:00,2.6528,2.6534,2.651,2.651,2987.86
2019-12-08 04:32:00,2.6532,2.6534,2.6503,2.6528,8133.5035
2019-12-08 04:31:00,2.6533,2.6549,2.6514,2.6533,6690.0595
2019-12-08 04:30:00,2.653,2.6533,2.6511,2.6529,3867.9963
2019-12-08 04:29:00,2.6511,2.6548,2.6494,2.6548,5214.9191
2019-12-08 04:28:00,2.6512,2.6523,2.6492,2.6523,1286.2808
2019-12-08 04:27:00,2.6524,2.6527,2.65,2.6517,6827.8392
2019-12-08 04:26:00,2.6531,2.6531,2.6523,2.6527,1061.1678
2019-12-08 04:25:00,2.6544,2.6544,2.6534,2.6534,1555.5064
2019-12-08 04:24:00,2.6538,2.6545,2.6537,2.6545,1411.377
2019-12-08 04:23:00,2.6548,2.6548,2.6532,2.6544,1554.8837
2019-12-08 04:22:00,2.6574,2.6574,2.6542,2.6548,6434.9102
2019-12-08 04:21:00,2.6567,2.659,2.6554,2.6572,1644.9355
2019-12-08 04:20:00,2.6564,2.6572,2.6545,2.6569,2933.0976
2019-12-08 04:19:00,2.6561,2.6584,2.6546,2.6546,3865.031
2019-12-08 04:18:00,2.6563,2.6584,2.6546,2.6584,1861.8535
2019-12-08 04:17:00,2.6577,2.6577,2.6538,2.6538,2789.485
2019-12-08 04:16:00,2.656,2.6569,2.6545,2.6569,597.611
2019-12-08 04:15:00,2.6565,2.659,2.6541,2.6561,1273.1696
2019-12-08 04:14:00,2.6561,2.6562,2.654,2.6555,1986.4566
2019-12-08 04:13:00,2.6561,2.6576,2.6557,2.6576,3593.9821
2019-12-08 04:12:00,2.656,2.6579,2.656,2.6567,445.5348
2019-12-08 04:11:00,2.6561,2.6581,2.6556,2.6565,1294.1311
2019-12-08 04:10:00,2.6588,2.6588,2.6544,2.6564,3612.1306
2019-12-08 04:09:00,2.6563,2.6565,2.6546,2.6565,3080.6274
2019-12-08 04:08:00,2.6571,2.6571,2.6547,2.6561,3840.3233
2019-12-08 04:07:00,2.6569,2.6569,2.6552,2.6552,2899.0217
2019-12-08 04:06:00,2.6566,2.6583,2.6544,2.6563,1841.8101
2019-12-08 04:05:00,2.6581,2.6598,2.6554,2.6559,5098.3619
2019-12-08 04:04:00,2.6575,2.6586,2.6563,2.6575,982.5483
2019-12-08 04:03:00,2.6576,2.6594,2.6567,2.6594,3745.458
2019-12-08 04:02:00,2.657,2.6582,2.6547,2.6552,843.3861
2019-12-08 04:01:00,2.6573,2.6593,2.657,2.657,4833.2929
2019-12-08 04:00:00,2.6563,2.6583,2.6563,2.6571,5954.9906
2019-12-08 03:59:00,2.654,2.6564,2.654,2.6554,2284.3656
2019-12-08 03:58:00,2.6568,2.6568,2.6555,2.6555,19.1736
2019-12-08 03:57:00,2.6557,2.6576,2.654,2.6562,1607.4628
2019-12-08 03:56:00,2.6585,2.6598,2.655,2.655,5831.5501
2019-12-08 03:55:00,2.6562,2.6605,2.6548,2.6587,2722.3277
2019-12-08 03:54:00,2.6565,2.6585,2.6541,2.6561,1290.3079
2019-12-08 03:53:00,2.6548,2.6589,2.6548,2.6589,2805.5955
2019-12-08 03:52:00,2.6565,2.6581,2.6551,2.6551,2315.8365
2019-12-08 03:51:00,2.6575,2.6575,2.6547,2.6561,2410.8611
2019-12-08 03:50:00,2.6576,2.6591,2.6554,2.6591,2906.6097
2019-12-08 03:49:00,2.6574,2.66,2.6567,2.657,2833.7592
2019-12-08 03:48:00,2.6584,2.659,2.6575,2.6577,2320.3336
2019-12-08 03:47:00,2.6574,2.6592,2.6568,2.6592,2690.8713
2019-12-08 03:46:00,2.658,2.6592,2.6573,2.6581,3648.6462
2019-12-08 03:45:00,2.6539,2.659,2.6539,2.6578,11638.7586
2019-12-08 03:44:00,2.6533,2.6536,2.6524,2.6536,3963.3675
2019-12-08 03:43:00,2.6533,2.6535,2.6533,2.6533,1897.1364
2019-12-08 03:42:00,2.6528,2.6533,2.6521,2.6533,1619.6299
2019-12-08 03:41:00,2.6526,2.6527,2.6526,2.6527,1020.0961
2019-12-08 03:40:00,2.6523,2.6531,2.6523,2.6531,7669.9167
2019-12-08 03:39:00,2.6522,2.6522,2.6521,2.6521,521.4087
2019-12-08 03:38:00,2.6511,2.6522,2.6507,2.6521,414.9697
2019-12-08 03:37:00,2.6507,2.651,2.6489,2.651,5905.5361
2019-12-08 03:36:00,2.651,2.6521,2.6493,2.6505,1887.7534
2019-12-08 03:35:00,2.653,2.6533,2.6506,2.6506,2835.1011
2019-12-08 03:34:00,2.651,2.6516,2.6488,2.6516,1055.3853
2019-12-08 03:33:00,2.651,2.6519,2.6491,2.6491,1450.3651
2019-12-08 03:32:00,2.6512,2.653,2.6506,2.6506,1574.8383
2019-12-08 03:31:00,2.652,2.6537,2.6487,2.6487,3620.648
2019-12-08 03:30:00,2.6504,2.6534,2.6504,2.6511,5841.3853
2019-12-08 03:29:00,2.6485,2.6529,2.6485,2.652,4691.1299
2019-12-08 03:28:00,2.6515,2.6531,2.6495,2.6517,4991.873
2019-12-08 03:27:00,2.6507,2.6515,2.6489,2.6515,1712.2439
2019-12-08 03:26:00,2.6516,2.6534,2.6502,2.6508,1393.8148
2019-12-08 03:25:00,2.6506,2.6534,2.6506,2.6515,6938.7013
2019-12-08 03:24:00,2.6496,2.6511,2.6446,2.6511,6491.5189
2019-12-08 03:23:00,2.6504,2.6522,2.6459,2.6498,4670.8274
2019-12-08 03:22:00,2.6496,2.6526,2.6484,2.6502,6158.561
2019-12-08 03:21:00,2.6479,2.6507,2.6476,2.6495,1097.9075
2019-12-08 03:20:00,2.6492,2.6492,2.6464,2.6485,469.9401
2019-12-08 03:19:00,2.6484,2.6527,2.6462,2.6504,7900.893
2019-12-08 03:18:00,2.6474,2.6494,2.6458,2.6486,9608.923
2019-12-08 03:17:00,2.651,2.651,2.6475,2.6475,1005.8497
2019-12-08 03:16:00,2.6537,2.6537,2.6479,2.6507,10005.4328
2019-12-08 03:15:00,2.6507,2.6508,2.6483,2.6506,3537.9216
2019-12-08 03:14:00,2.6449,2.653,2.644,2.6479,20708.1181
2019-12-08 03:13:00,2.6483,2.6486,2.6444,2.6448,14472.1128
2019-12-08 03:12:00,2.6476,2.6487,2.6476,2.6485,3149.0578
2019-12-08 03:11:00,2.6423,2.6487,2.6423,2.6458,3444.2304
2019-12-08 03:10:00,2.6419,2.6443,2.6384,2.6421,6579.1577
2019-12-08 03:09:00,2.6453,2.6453,2.6389,2.6403,5552.1383
2019-12-08 03:08:00,2.6415,2.6457,2.6415,2.6436,5341.9015
2019-12-08 03:07:00,2.6429,2.6442,2.6409,2.6436,5613.329
2019-12-08 03:06:00,2.6395,2.6452,2.6395,2.6444,4838.461
2019-12-08 03:05:00,2.6426,2.643,2.6395,2.6395,1538.5121
2019-12-08 03:04:00,2.6437,2.6438,2.6403,2.6421,11429.4305
2019-12-08 03:03:00,2.6421,2.6433,2.6421,2.6421,1335.364
2019-12-08 03:02:00,2.6396,2.6421,2.6388,2.6409,4260.2195
2019-12-08 03:01:00,2.6396,2.6402,2.6391,2.6396,1021.9617
2019-12-08 03:00:00,2.6431,2.6431,2.6395,2.6396,3500.0595
2019-12-08 02:59:00,2.6442,2.6445,2.6385,2.6401,1833.6117
2019-12-08 02:58:00,2.6449,2.6472,2.6443,2.6472,7822.9612
2019-12-08 02:57:00,2.6436,2.6472,2.642,2.6452,2011.4165
2019-12-08 02:56:00,2.6436,2.6476,2.6436,2.6476,3407.7148
2019-12-08 02:55:00,2.6491,2.6491,2.6382,2.6411,4394.23
2019-12-08 02:54:00,2.6516,2.6516,2.6486,2.6486,5460.4156
2019-12-08 02:53:00,2.645,2.65,2.6412,2.65,4281.4768
2019-12-08 02:52:00,2.6441,2.6487,2.6415,2.6487,15664.5213
2019-12-08 02:51:00,2.644,2.6479,2.6417,2.6451,9282.7775
2019-12-08 02:50:00,2.6453,2.648,2.6422,2.6464,4846.0441
2019-12-08 02:49:00,2.6479,2.6486,2.6432,2.6476,5980.951
2019-12-08 02:48:00,2.6472,2.6477,2.6447,2.6454,1733.2531
2019-12-08 02:47:00,2.644,2.6496,2.6416,2.6479,32939.5073
2019-12-08 02:46:00,2.6575,2.6586,2.645,2.6471,6557.9813
2019-12-08 02:45:00,2.6542,2.6645,2.6542,2.656,18842.9529
2019-12-08 02:44:00,2.6541,2.6569,2.6541,2.6551,989.7892
2019-12-08 02:43:00,2.6569,2.6573,2.6548,2.6553,5520.6283
2019-12-08 02:42:00,2.6561,2.6584,2.6561,2.6582,1826.0154
2019-12-08 02:41:00,2.6584,2.6584,2.6569,2.6569,2910.5687
2019-12-08 02:40:00,2.6559,2.6573,2.6559,2.6569,866.703
2019-12-08 02:39:00,2.6568,2.6568,2.6555,2.6555,5103.927
2019-12-08 02:38:00,2.6555,2.657,2.6555,2.6567,5597.5432
2019-12-08 02:37:00,2.656,2.6583,2.6553,2.6571,10560.6594
2019-12-08 02:36:00,2.6574,2.6577,2.6563,2.6566,5057.0915
2019-12-08 02:35:00,2.657,2.658,2.6567,2.6568,8568.2931
2019-12-08 02:34:00,2.6558,2.6567,2.6558,2.6566,5149.4595
2019-12-08 02:33:00,2.6558,2.6576,2.6553,2.6564,2003.6019
2019-12-08 02:32:00,2.6579,2.6579,2.6561,2.6566,1574.3222
2019-12-08 02:31:00,2.6565,2.6567,2.6556,2.6567,1275.3364
2019-12-08 02:30:00,2.6568,2.6568,2.6553,2.6567,12352.0292
2019-12-08 02:29:00,2.6565,2.6576,2.6563,2.6568,1693.9335
2019-12-08 02:28:00,2.656,2.6565,2.6546,2.6565,7364.3545
2019-12-08 02:27:00,2.6557,2.6562,2.6546,2.6549,4508.4582
2019-12-08 02:26:00,2.6567,2.66,2.6547,2.6547,6392.9338
2019-12-08 02:25:00,2.6545,2.66,2.6535,2.6586,4070.2191
2019-12-08 02:24:00,2.6535,2.6548,2.6535,2.6536,697.5289
2019-12-08 02:23:00,2.6535,2.6538,2.6523,2.6535,3341.8538
2019-12-08 02:22:00,2.6535,2.6546,2.6529,2.6529,5726.8884
2019-12-08 02:21:00,2.6535,2.6547,2.6529,2.6537,10768.1912
2019-12-08 02:20:00,2.6535,2.6537,2.6524,2.6535,6967.3059
2019-12-08 02:19:00,2.6541,2.6541,2.6527,2.6535,946.4133
2019-12-08 02:18:00,2.6535,2.6544,2.6526,2.6535,5050.1576
2019-12-08 02:17:00,2.6534,2.6549,2.653,2.6535,10478.4454
2019-12-08 02:16:00,2.6473,2.653,2.646,2.653,8219.1876
2019-12-08 02:15:00,2.643,2.6471,2.6415,2.6459,5463.7779
2019-12-08 02:14:00,2.6417,2.6438,2.6393,2.642,3602.1001
2019-12-08 02:13:00,2.6429,2.6436,2.6419,2.6419,4973.2219
2019-12-08 02:12:00,2.6436,2.6436,2.6405,2.6427,1277.7677
2019-12-08 02:11:00,2.641,2.646,2.641,2.6418,4530.5934
2019-12-08 02:10:00,2.646,2.6462,2.6447,2.6453,692.2867
2019-12-08 02:09:00,2.6418,2.6494,2.6411,2.6467,3211.2508
2019-12-08 02:08:00,2.6403,2.6416,2.6385,2.6392,2172.4117
2019-12-08 02:07:00,2.6414,2.6424,2.6372,2.6406,5466.407
2019-12-08 02:06:00,2.6413,2.6417,2.6411,2.6416,1738.3573
2019-12-08 02:05:00,2.642,2.6422,2.6412,2.6413,6258.1123
2019-12-08 02:04:00,2.6407,2.6423,2.6399,2.6413,6110.3791
2019-12-08 02:03:00,2.6405,2.6429,2.639,2.639,4862.3094
2019-12-08 02:02:00,2.6394,2.6417,2.6393,2.6393,5068.6223
2019-12-08 02:01:00,2.6396,2.6396,2.6369,2.6395,1493.4082
2019-12-08 02:00:00,2.6408,2.6412,2.6368,2.6396,6865.1083
2019-12-08 01:59:00,2.6411,2.642,2.6399,2.6404,8959.7528
2019-12-08 01:58:00,2.6405,2.6429,2.6384,2.6409,4308.9296
2019-12-08 01:57:00,2.6408,2.6413,2.6389,2.6413,8671.7514
2019-12-08 01:56:00,2.6397,2.6423,2.6397,2.6407,5724.7035
2019-12-08 01:55:00,2.6403,2.6429,2.6388,2.6399,3677.9079
2019-12-08 01:54:00,2.6393,2.6404,2.6385,2.6397,7341.0017
2019-12-08 01:53:00,2.6404,2.641,2.6394,2.6402,2528.8016
2019-12-08 01:52:00,2.6405,2.6405,2.6396,2.6404,1651.3667
2019-12-08 01:51:00,2.6387,2.6411,2.6387,2.6407,5247.1631
2019-12-08 01:50:00,2.6411,2.6418,2.6394,2.6394,1056.421
2019-12-08 01:49:00,2.6402,2.6412,2.6384,2.6397,10743.4
2019-12-08 01:48:00,2.6402,2.6405,2.639,2.6403,816.238
2019-12-08 01:47:00,2.64,2.6403,2.6373,2.6392,5031.9743
2019-12-08 01:46:00,2.6403,2.6416,2.6383,2.6403,3703.7364
2019-12-08 01:45:00,2.6402,2.6414,2.6389,2.6414,3440.3658
2019-12-08 01:44:00,2.6406,2.6413,2.639,2.6413,1415.7113
2019-12-08 01:43:00,2.6398,2.6412,2.6389,2.6404,3141.6259
2019-12-08 01:42:00,2.6397,2.6416,2.6395,2.6405,5499.6167
2019-12-08 01:41:00,2.6387,2.6387,2.6382,2.6383,6693.1279
2019-12-08 01:40:00,2.6393,2.6397,2.6387,2.6387,2301.7697
2019-12-08 01:39:00,2.6386,2.6398,2.6386,2.6386,3437.5916
2019-12-08 01:38:00,2.6382,2.6395,2.6372,2.6382,4294.6316
2019-12-08 01:37:00,2.6367,2.6382,2.6367,2.6382,4684.5162
2019-12-08 01:36:00,2.6383,2.6397,2.6366,2.6381,1369.4685
2019-12-08 01:35:00,2.6382,2.6389,2.6371,2.6381,2971.9123
2019-12-08 01:34:00,2.6381,2.6394,2.6381,2.6382,1457.6192
2019-12-08 01:33:00,2.6363,2.6394,2.6363,2.6379,2024.0009
2019-12-08 01:32:00,2.6324,2.6345,2.6313,2.6339,2584.9097
2019-12-08 01:31:00,2.6324,2.6354,2.6324,2.6325,5895.196
2019-12-08 01:30:00,2.6324,2.6393,2.6294,2.6332,1580.9983
2019-12-08 01:29:00,2.6294,2.632,2.6291,2.632,6364.7832
2019-12-08 01:28:00,2.6312,2.6323,2.629,2.6294,7039.9468
2019-12-08 01:27:00,2.6309,2.6326,2.63,2.6306,2052.6941
2019-12-08 01:26:00,2.632,2.632,2.6304,2.6316,5080.5306
2019-12-08 01:25:00,2.6303,2.6323,2.63,2.6315,3518.4769
2019-12-08 01:24:00,2.6315,2.6323,2.63,2.6309,975.8798
2019-12-08 01:23:00,2.6307,2.6329,2.6301,2.6315,3575.3968
2019-12-08 01:22:00,2.6304,2.6332,2.6304,2.6315,2127.3868
2019-12-08 01:21:00,2.6327,2.6351,2.6323,2.6325,4652.3055
2019-12-08 01:20:00,2.6342,2.6371,2.6332,2.6339,3409.2826
2019-12-08 01:19:00,2.6322,2.634,2.6311,2.634,3508.5757
2019-12-08 01:18:00,2.6322,2.6335,2.63,2.6328,16004.5074
2019-12-08 01:17:00,2.6318,2.6334,2.6306,2.6331,2855.3812
2019-12-08 01:16:00,2.6319,2.6326,2.6315,2.6326,4175.225
2019-12-08 01:15:00,2.6307,2.6324,2.6307,2.6315,3166.9681
2019-12-08 01:14:00,2.6328,2.6328,2.6314,2.6318,1706.1456
2019-12-08 01:13:00,2.6323,2.6323,2.6316,2.6316,11419.4313
2019-12-08 01:12:00,2.6331,2.6332,2.6303,2.6311,7616.4959
2019-12-08 01:11:00,2.6326,2.6337,2.6308,2.6337,3014.3505
2019-12-08 01:10:00,2.6325,2.6344,2.6315,2.6344,8416.4788
2019-12-08 01:09:00,2.6326,2.634,2.6311,2.6326,3710.8121
2019-12-08 01:08:00,2.6323,2.6338,2.6308,2.6324,6357.4191
2019-12-08 01:07:00,2.6324,2.6341,2.6305,2.6338,7901.3616
2019-12-08 01:06:00,2.6317,2.633,2.6304,2.6317,1459.6541
2019-12-08 01:05:00,2.6328,2.6331,2.6316,2.6316,554.514
2019-12-08 01:04:00,2.6318,2.6328,2.631,2.6327,6462.6253
2019-12-08 01:03:00,2.633,2.6336,2.6308,2.6335,565.3418
2019-12-08 01:02:00,2.632,2.6331,2.6306,2.6316,3984.1574
2019-12-08 01:01:00,2.6318,2.6333,2.6303,2.6303,2001.8617
2019-12-08 01:00:00,2.6302,2.6333,2.6302,2.6303,2887.0808
2019-12-08 00:59:00,2.6326,2.6354,2.6304,2.6354,7144.2936
2019-12-08 00:58:00,2.6327,2.6336,2.63,2.6319,10364.4709
2019-12-08 00:57:00,2.6315,2.6332,2.6315,2.6327,3480.8412
2019-12-08 00:56:00,2.634,2.6355,2.6317,2.6334,2171.5854
2019-12-08 00:55:00,2.6326,2.6335,2.6315,2.6329,1837.1485
2019-12-08 00:54:00,2.6322,2.633,2.6307,2.6326,5801.3555
2019-12-08 00:53:00,2.6329,2.6337,2.63,2.6305,11307.2707
2019-12-08 00:52:00,2.6329,2.6347,2.6315,2.6347,2592.8895
2019-12-08 00:51:00,2.6327,2.6333,2.6302,2.6302,2117.4565
2019-12-08 00:50:00,2.6327,2.6369,2.63,2.6337,18054.5966
2019-12-08 00:49:00,2.6347,2.635,2.6323,2.635,4568.4728
2019-12-08 00:48:00,2.6342,2.6365,2.6331,2.6347,1684.6206
2019-12-08 00:47:00,2.6334,2.6354,2.632,2.6346,5556.514
2019-12-08 00:46:00,2.6366,2.637,2.6334,2.6334,3572.5114
2019-12-08 00:45:00,2.637,2.6392,2.6312,2.6367,43623.9882
2019-12-08 00:44:00,2.6386,2.6386,2.6312,2.6366,22527.9904
2019-12-08 00:43:00,2.6385,2.6387,2.6312,2.6385,10321.8696
2019-12-08 00:42:00,2.6405,2.641,2.6391,2.6391,2135.0957
2019-12-08 00:41:00,2.6405,2.6411,2.6398,2.6405,1540.0992
2019-12-08 00:40:00,2.6402,2.6402,2.6393,2.6402,1480.0688
2019-12-08 00:39:00,2.6393,2.641,2.6383,2.641,2922.7835
2019-12-08 00:38:00,2.6389,2.6412,2.6385,2.6412,1505.1057
2019-12-08 00:37:00,2.6408,2.6436,2.6312,2.6399,11803.0457
2019-12-08 00:36:00,2.6378,2.6387,2.637,2.6387,5969.0741
2019-12-08 00:35:00,2.645,2.645,2.636,2.6378,22700.2104
2019-12-08 00:34:00,2.6465,2.6473,2.6451,2.6451,1679.7998
2019-12-08 00:33:00,2.6461,2.6517,2.6459,2.6466,1470.5568
2019-12-08 00:32:00,2.6476,2.6476,2.6461,2.6461,2627.2585
2019-12-08 00:31:00,2.6478,2.6481,2.6474,2.6479,1727.8965
2019-12-08 00:30:00,2.6491,2.6494,2.6475,2.6478,4294.6832
2019-12-08 00:29:00,2.6481,2.6491,2.6481,2.6491,1091.0533
2019-12-08 00:28:00,2.6493,2.6493,2.6472,2.6478,1856.0935
2019-12-08 00:27:00,2.6549,2.6588,2.649,2.6493,5748.7723
2019-12-08 00:26:00,2.6524,2.6539,2.6509,2.6527,2284.2526
2019-12-08 00:25:00,2.6528,2.6543,2.6517,2.652,4107.9376
2019-12-08 00:24:00,2.6495,2.653,2.6495,2.6522,6238.8022
2019-12-08 00:23:00,2.6476,2.6491,2.6476,2.649,1989.0533
2019-12-08 00:22:00,2.6475,2.6476,2.6463,2.6476,1017.1616
2019-12-08 00:21:00,2.6475,2.6498,2.6458,2.648,6672.2984
2019-12-08 00:20:00,2.6486,2.6497,2.6452,2.6472,5546.3021
2019-12-08 00:19:00,2.648,2.6494,2.6476,2.6486,4625.0967
2019-12-08 00:18:00,2.647,2.648,2.6447,2.648,1386.2316
2019-12-08 00:17:00,2.6497,2.6501,2.647,2.647,1590.0765
2019-12-08 00:16:00,2.65,2.652,2.6485,2.6501,1881.2188
2019-12-08 00:15:00,2.6486,2.6516,2.6461,2.6461,1703.2835
2019-12-08 00:14:00,2.6492,2.6516,2.6475,2.6486,4825.7268
2019-12-08 00:13:00,2.6481,2.6515,2.6461,2.6503,6199.0275
2019-12-08 00:12:00,2.6487,2.6518,2.6456,2.6518,3250.0489
2019-12-08 00:11:00,2.6459,2.65,2.6459,2.65,5359.892
2019-12-08 00:10:00,2.6479,2.6496,2.6454,2.6466,1264.545
2019-12-08 00:09:00,2.6442,2.6459,2.6436,2.6456,5704.639
2019-12-08 00:08:00,2.6442,2.6462,2.6425,2.6445,6436.6872
2019-12-08 00:07:00,2.6433,2.6447,2.6426,2.6436,1767.309
2019-12-08 00:06:00,2.6445,2.6461,2.6436,2.6461,604.7498
2019-12-08 00:05:00,2.6438,2.6461,2.6438,2.6455,3236.5412
2019-12-08 00:04:00,2.6447,2.6455,2.6425,2.6425,10339.2655
2019-12-08 00:03:00,2.6474,2.6494,2.6437,2.6449,22769.4645
2019-12-08 00:02:00,2.6502,2.6502,2.6473,2.6475,2929.0614
2019-12-08 00:01:00,2.649,2.6508,2.648,2.6489,5960.8085
2019-12-08 00:00:00,2.6492,2.6496,2.6487,2.6488,2180.7921
