2019-11-04 23:59:00,3.2121,3.2134,3.208,3.208,2623.5136
2019-11-04 23:58:00,3.2105,3.2138,3.2105,3.2113,6746.6804
2019-11-04 23:57:00,3.213,3.2131,3.2103,3.2126,778.8795
2019-11-04 23:56:00,3.209,3.2137,3.209,3.2137,2639.9235
2019-11-04 23:55:00,3.2089,3.209,3.2089,3.209,454.1288
2019-11-04 23:54:00,3.207,3.2072,3.2056,3.2072,3066.0288
2019-11-04 23:53:00,3.2132,3.2132,3.2053,3.2053,13577.7087
2019-11-04 23:52:00,3.2103,3.2129,3.2054,3.2102,1894.6328
2019-11-04 23:51:00,3.2094,3.2137,3.2059,3.209,3761.583
2019-11-04 23:50:00,3.2167,3.2167,3.2072,3.2078,7883.2754
2019-11-04 23:49:00,3.2068,3.2068,3.2013,3.2067,3221.0611
2019-11-04 23:48:00,3.2097,3.2097,3.2006,3.2069,5961.0201
2019-11-04 23:47:00,3.215,3.2161,3.2005,3.2008,2162.4689
2019-11-04 23:46:00,3.2032,3.22,3.2032,3.216,49019.8801
2019-11-04 23:45:00,3.1987,3.21,3.1976,3.2064,13299.7197
2019-11-04 23:44:00,3.1993,3.1993,3.1979,3.1987,7698.0651
2019-11-04 23:43:00,3.1988,3.1998,3.1987,3.1988,1738.1343
2019-11-04 23:42:00,3.1988,3.1994,3.1987,3.1987,2750.1009
2019-11-04 23:41:00,3.1996,3.1996,3.1976,3.1991,1712.5772
2019-11-04 23:40:00,3.1985,3.1998,3.198,3.1998,3960.0031
2019-11-04 23:39:00,3.1978,3.1989,3.1971,3.1985,1345.5668
2019-11-04 23:38:00,3.1989,3.1989,3.197,3.1985,1420.1348
2019-11-04 23:37:00,3.1985,3.1996,3.197,3.1971,2554.4681
2019-11-04 23:36:00,3.2,3.2,3.194,3.1985,18962.5795
2019-11-04 23:35:00,3.2,3.2,3.2,3.2,95.9614
2019-11-04 23:34:00,3.2,3.2,3.2,3.2,25.5842
2019-11-04 23:33:00,3.2,3.2001,3.2,3.2,805.4498
2019-11-04 23:32:00,3.2,3.2,3.2,3.2,568.4975
2019-11-04 23:31:00,3.2,3.2,3.2,3.2,159.1671
2019-11-04 23:30:00,3.2,3.2,3.2,3.2,316.4997
2019-11-04 23:29:00,3.2,3.2,3.2,3.2,0
2019-11-04 23:28:00,3.198,3.2,3.193,3.2,1878.1012
2019-11-04 23:27:00,3.2001,3.2026,3.2,3.2,6280.7148
2019-11-04 23:26:00,3.1944,3.2001,3.1944,3.2,1752.4219
2019-11-04 23:25:00,3.1946,3.1948,3.1906,3.1948,9108.9304
2019-11-04 23:24:00,3.1961,3.1968,3.1927,3.1927,1639.2793
2019-11-04 23:23:00,3.1918,3.1946,3.1906,3.1942,626.692
2019-11-04 23:22:00,3.1915,3.1944,3.1902,3.1902,613.9118
2019-11-04 23:21:00,3.1931,3.1963,3.1915,3.1915,2259.786
2019-11-04 23:20:00,3.1943,3.1952,3.1925,3.1951,10703.381
2019-11-04 23:19:00,3.1947,3.1954,3.1934,3.1935,1446.1683
2019-11-04 23:18:00,3.1969,3.197,3.1894,3.1932,10720.416
2019-11-04 23:17:00,3.1912,3.192,3.1897,3.192,1799.3789
2019-11-04 23:16:00,3.1893,3.1911,3.1893,3.1903,1834.1879
2019-11-04 23:15:00,3.1916,3.1916,3.1894,3.1906,696.5984
2019-11-04 23:14:00,3.1917,3.1919,3.1901,3.1903,1899.8345
2019-11-04 23:13:00,3.1907,3.192,3.1891,3.1916,4634.9978
2019-11-04 23:12:00,3.19,3.1913,3.1875,3.19,3223.9349
2019-11-04 23:11:00,3.1892,3.1911,3.187,3.187,2732.3869
2019-11-04 23:10:00,3.1891,3.1914,3.1862,3.1889,1441.6834
2019-11-04 23:09:00,3.1894,3.1917,3.1841,3.186,2310.6224
2019-11-04 23:08:00,3.1886,3.1926,3.1884,3.1907,1787.0249
2019-11-04 23:07:00,3.1921,3.1936,3.1883,3.1883,10995.6316
2019-11-04 23:06:00,3.1888,3.1967,3.1888,3.189,11471.4065
2019-11-04 23:05:00,3.1855,3.1888,3.1827,3.1888,3202.7985
2019-11-04 23:04:00,3.1848,3.1861,3.1848,3.1848,1108.0369
2019-11-04 23:03:00,3.1836,3.1861,3.1834,3.1848,3389.5342
2019-11-04 23:02:00,3.1845,3.1861,3.1822,3.1834,6607.1988
2019-11-04 23:01:00,3.1881,3.1881,3.1841,3.1845,4731.6018
2019-11-04 23:00:00,3.185,3.1882,3.1845,3.1863,2761.3697
2019-11-04 22:59:00,3.1869,3.1888,3.185,3.185,4807.3295
2019-11-04 22:58:00,3.1923,3.1931,3.1888,3.1931,5732.9033
2019-11-04 22:57:00,3.1922,3.1944,3.1901,3.1921,10725.3714
2019-11-04 22:56:00,3.1957,3.1957,3.1898,3.1898,1910.5959
2019-11-04 22:55:00,3.2013,3.2013,3.1947,3.1947,13368.7072
2019-11-04 22:54:00,3.2014,3.2016,3.1972,3.1972,2434.6562
2019-11-04 22:53:00,3.2056,3.2063,3.1973,3.2014,6107.6515
2019-11-04 22:52:00,3.2011,3.2056,3.1927,3.2013,18436.6318
2019-11-04 22:51:00,3.206,3.2063,3.1954,3.2015,7769.4049
2019-11-04 22:50:00,3.2039,3.2039,3.1934,3.2013,5685.3153
2019-11-04 22:49:00,3.2063,3.2076,3.19,3.2009,7135.74
2019-11-04 22:48:00,3.2048,3.2073,3.2048,3.2073,18333.2453
2019-11-04 22:47:00,3.205,3.205,3.2047,3.205,5839.4285
2019-11-04 22:46:00,3.205,3.205,3.2048,3.205,757.2698
2019-11-04 22:45:00,3.2048,3.205,3.2046,3.2048,3898.2527
2019-11-04 22:44:00,3.2049,3.205,3.2047,3.205,4018.3273
2019-11-04 22:43:00,3.2048,3.2048,3.2046,3.2046,2469.8908
2019-11-04 22:42:00,3.2047,3.2048,3.2047,3.2047,2941.9482
2019-11-04 22:41:00,3.2048,3.2048,3.2047,3.2048,534.8433
2019-11-04 22:40:00,3.2045,3.2048,3.2045,3.2047,580.9248
2019-11-04 22:39:00,3.2038,3.2048,3.2032,3.2044,1954.0678
2019-11-04 22:38:00,3.2043,3.205,3.2,3.2048,8193.6384
2019-11-04 22:37:00,3.2058,3.2058,3.2035,3.2035,2608.909
2019-11-04 22:36:00,3.2053,3.2056,3.2053,3.2053,175.1184
2019-11-04 22:35:00,3.206,3.2063,3.2051,3.2051,2264.9279
2019-11-04 22:34:00,3.2061,3.207,3.2053,3.2061,2120.1944
2019-11-04 22:33:00,3.2072,3.2072,3.2045,3.2069,1166.8919
2019-11-04 22:32:00,3.2074,3.2074,3.2048,3.2048,2772.7219
2019-11-04 22:31:00,3.2073,3.2073,3.2073,3.2073,4045.263
2019-11-04 22:30:00,3.2074,3.2079,3.2073,3.2073,7587.132
2019-11-04 22:29:00,3.2074,3.2075,3.2072,3.2074,2048.5988
2019-11-04 22:28:00,3.2073,3.2079,3.2072,3.2073,18536.7656
2019-11-04 22:27:00,3.2078,3.2079,3.2073,3.2076,2268.3567
2019-11-04 22:26:00,3.2075,3.2079,3.2047,3.2078,9219.0662
2019-11-04 22:25:00,3.201,3.2074,3.1974,3.2074,12551.4013
2019-11-04 22:24:00,3.2013,3.2052,3.1923,3.2052,12068.5595
2019-11-04 22:23:00,3.1999,3.2,3.1969,3.1978,1921.0593
2019-11-04 22:22:00,3.197,3.1999,3.1933,3.1994,8567.1641
2019-11-04 22:21:00,3.1944,3.1955,3.1923,3.1945,2047.5306
2019-11-04 22:20:00,3.1925,3.1944,3.1919,3.1921,3791.2727
2019-11-04 22:19:00,3.192,3.1944,3.1887,3.1944,7437.9427
2019-11-04 22:18:00,3.1898,3.1955,3.188,3.1955,4234.1029
2019-11-04 22:17:00,3.1876,3.1895,3.1852,3.1876,3909.0168
2019-11-04 22:16:00,3.1871,3.1899,3.1864,3.1864,1411.4984
2019-11-04 22:15:00,3.1868,3.1901,3.1867,3.1871,836.4084
2019-11-04 22:14:00,3.1869,3.1889,3.1828,3.184,2737.476
2019-11-04 22:13:00,3.184,3.1947,3.184,3.1848,34032.2287
2019-11-04 22:12:00,3.1867,3.1908,3.1845,3.1871,3054.82
2019-11-04 22:11:00,3.1879,3.1926,3.1803,3.1832,5683.6975
2019-11-04 22:10:00,3.1883,3.1933,3.1864,3.188,5266.3084
2019-11-04 22:09:00,3.188,3.1901,3.1832,3.1832,8152.8244
2019-11-04 22:08:00,3.1859,3.1934,3.1859,3.1874,2483.3729
2019-11-04 22:07:00,3.182,3.186,3.182,3.1859,9147.3269
2019-11-04 22:06:00,3.1851,3.186,3.182,3.182,1511.8606
2019-11-04 22:05:00,3.1812,3.1841,3.1804,3.1841,4988.6781
2019-11-04 22:04:00,3.1803,3.182,3.1802,3.1803,10226.8529
2019-11-04 22:03:00,3.1819,3.182,3.1802,3.1803,17117.2922
2019-11-04 22:02:00,3.1818,3.182,3.1817,3.1818,5131.0378
2019-11-04 22:01:00,3.1815,3.1819,3.1815,3.1818,5268.0054
2019-11-04 22:00:00,3.1802,3.182,3.1802,3.1818,10529.1243
2019-11-04 21:59:00,3.182,3.182,3.1802,3.1802,3271.294
2019-11-04 21:58:00,3.1831,3.1832,3.1802,3.1802,11538.0924
2019-11-04 21:57:00,3.1803,3.1839,3.1802,3.1826,1987.9995
2019-11-04 21:56:00,3.1809,3.185,3.1802,3.1821,3151.9363
2019-11-04 21:55:00,3.1813,3.1839,3.1803,3.1832,1806.3894
2019-11-04 21:54:00,3.1849,3.1849,3.1804,3.1804,2547.1301
2019-11-04 21:53:00,3.185,3.1852,3.1841,3.1841,1363.6167
2019-11-04 21:52:00,3.185,3.1857,3.1841,3.1849,1367.6931
2019-11-04 21:51:00,3.185,3.1855,3.185,3.1852,7047.197
2019-11-04 21:50:00,3.185,3.1857,3.185,3.1855,4810.327
2019-11-04 21:49:00,3.1849,3.185,3.1841,3.185,4492.2242
2019-11-04 21:48:00,3.1845,3.1859,3.1841,3.1841,6849.907
2019-11-04 21:47:00,3.186,3.1885,3.1841,3.1841,11069.5106
2019-11-04 21:46:00,3.186,3.1892,3.186,3.1892,6079.895
2019-11-04 21:45:00,3.186,3.1884,3.186,3.1865,2559.9099
2019-11-04 21:44:00,3.1868,3.1868,3.186,3.186,5458.4749
2019-11-04 21:43:00,3.187,3.1874,3.1868,3.1868,2466.975
2019-11-04 21:42:00,3.186,3.1873,3.186,3.1872,5448.7584
2019-11-04 21:41:00,3.1874,3.1889,3.186,3.1866,8176.409
2019-11-04 21:40:00,3.1889,3.1889,3.1858,3.1861,6906.4674
2019-11-04 21:39:00,3.1875,3.1885,3.1859,3.1874,1068.4345
2019-11-04 21:38:00,3.1888,3.1891,3.186,3.188,7133.4419
2019-11-04 21:37:00,3.1896,3.1896,3.1878,3.1878,1636.0871
2019-11-04 21:36:00,3.1869,3.1887,3.1858,3.1876,2390.9383
2019-11-04 21:35:00,3.1871,3.1881,3.1844,3.1881,3699.0443
2019-11-04 21:34:00,3.1896,3.1896,3.184,3.1862,6336.55
2019-11-04 21:33:00,3.1864,3.1865,3.183,3.1862,1444.0512
2019-11-04 21:32:00,3.1846,3.1848,3.1841,3.1848,3984.6096
2019-11-04 21:31:00,3.1837,3.1844,3.1833,3.1837,772.1524
2019-11-04 21:30:00,3.1838,3.1847,3.1822,3.1841,3495.0007
2019-11-04 21:29:00,3.184,3.1848,3.1836,3.1836,1405.2069
2019-11-04 21:28:00,3.1837,3.1838,3.1803,3.1836,2216.2792
2019-11-04 21:27:00,3.1835,3.1841,3.1826,3.1837,4478.2872
2019-11-04 21:26:00,3.182,3.1837,3.1812,3.1832,1126.7121
2019-11-04 21:25:00,3.1841,3.1841,3.1803,3.1803,8678.8605
2019-11-04 21:24:00,3.1825,3.1838,3.1802,3.1825,623.2641
2019-11-04 21:23:00,3.1848,3.1881,3.1802,3.1825,6202.5011
2019-11-04 21:22:00,3.1849,3.1849,3.18,3.1842,12709.1198
2019-11-04 21:21:00,3.1834,3.189,3.18,3.185,2471.7044
2019-11-04 21:20:00,3.1845,3.1888,3.18,3.18,9826.5279
2019-11-04 21:19:00,3.185,3.1889,3.18,3.1845,3207.0782
2019-11-04 21:18:00,3.1946,3.1979,3.18,3.185,39316.8573
2019-11-04 21:17:00,3.2007,3.2037,3.19,3.2008,12216.3943
2019-11-04 21:16:00,3.1964,3.1984,3.1962,3.1984,7880.5435
2019-11-04 21:15:00,3.2008,3.2036,3.1969,3.1987,4329.4267
2019-11-04 21:14:00,3.2021,3.205,3.1997,3.2022,7787.7222
2019-11-04 21:13:00,3.2068,3.2068,3.2008,3.2008,2969.7663
2019-11-04 21:12:00,3.2161,3.2161,3.2,3.2074,7890.3517
2019-11-04 21:11:00,3.2162,3.2162,3.2162,3.2162,0
2019-11-04 21:10:00,3.2162,3.2162,3.2162,3.2162,0
2019-11-04 21:09:00,3.2161,3.2162,3.216,3.2162,2949.0524
2019-11-04 21:08:00,3.2188,3.2188,3.2156,3.216,7573.6342
2019-11-04 21:07:00,3.214,3.218,3.214,3.2171,5531.552
2019-11-04 21:06:00,3.2205,3.2238,3.208,3.2166,41674.7313
2019-11-04 21:05:00,3.2239,3.2239,3.2219,3.2221,5545.4298
2019-11-04 21:04:00,3.2223,3.223,3.2211,3.223,785.985
2019-11-04 21:03:00,3.2223,3.2254,3.2197,3.2197,1608.3634
2019-11-04 21:02:00,3.2254,3.2255,3.2169,3.2213,4544.0858
2019-11-04 21:01:00,3.2208,3.2254,3.2186,3.2254,3740.614
2019-11-04 21:00:00,3.2157,3.2255,3.2157,3.222,4021.6102
2019-11-04 20:59:00,3.2167,3.2241,3.2167,3.2205,13637.0118
2019-11-04 20:58:00,3.2199,3.225,3.2143,3.225,25057.7473
2019-11-04 20:57:00,3.2201,3.2243,3.2142,3.219,10470.6377
2019-11-04 20:56:00,3.2234,3.2255,3.2142,3.2142,4175.9389
2019-11-04 20:55:00,3.2217,3.2255,3.2174,3.2208,1645.7895
2019-11-04 20:54:00,3.2204,3.2255,3.2163,3.2246,5106.591
2019-11-04 20:53:00,3.2234,3.2255,3.2161,3.2255,31534.1125
2019-11-04 20:52:00,3.2279,3.228,3.223,3.2255,1677.8818
2019-11-04 20:51:00,3.2249,3.227,3.2243,3.2244,886.0046
2019-11-04 20:50:00,3.2277,3.2279,3.2224,3.2245,1682.2165
2019-11-04 20:49:00,3.2226,3.2279,3.2183,3.2221,2708.6269
2019-11-04 20:48:00,3.221,3.2269,3.221,3.2258,8661.4029
2019-11-04 20:47:00,3.2232,3.2233,3.2157,3.2225,29602.805
2019-11-04 20:46:00,3.2247,3.2276,3.2227,3.2267,4630.1467
2019-11-04 20:45:00,3.225,3.225,3.2227,3.2231,2146.8457
2019-11-04 20:44:00,3.2239,3.2278,3.2233,3.2233,4759.0909
2019-11-04 20:43:00,3.2242,3.2258,3.2231,3.2258,1486.3106
2019-11-04 20:42:00,3.227,3.227,3.2222,3.2244,3313.1398
2019-11-04 20:41:00,3.224,3.2278,3.2182,3.2236,6421.0708
2019-11-04 20:40:00,3.2208,3.228,3.2142,3.2206,19969.042
2019-11-04 20:39:00,3.226,3.2309,3.2215,3.2231,16007.8336
2019-11-04 20:38:00,3.2246,3.2313,3.2198,3.231,6580.9819
2019-11-04 20:37:00,3.2267,3.2309,3.2262,3.2262,1541.698
2019-11-04 20:36:00,3.2314,3.2314,3.2211,3.228,11402.7856
2019-11-04 20:35:00,3.2274,3.2315,3.2208,3.2208,2700.7419
2019-11-04 20:34:00,3.2284,3.2321,3.2225,3.2225,3609.1811
2019-11-04 20:33:00,3.2254,3.2284,3.2236,3.2272,10352.1265
2019-11-04 20:32:00,3.2282,3.2284,3.221,3.2236,5343.6819
2019-11-04 20:31:00,3.226,3.2284,3.2255,3.2284,2251.0521
2019-11-04 20:30:00,3.2284,3.2284,3.2257,3.2257,1882.623
2019-11-04 20:29:00,3.2275,3.2284,3.2225,3.2264,2413.569
2019-11-04 20:28:00,3.2284,3.2284,3.2245,3.2284,1658.1228
2019-11-04 20:27:00,3.224,3.2284,3.2208,3.2208,6801.4908
2019-11-04 20:26:00,3.2187,3.2284,3.2187,3.2244,16266.2838
2019-11-04 20:25:00,3.2252,3.2285,3.2235,3.2235,5084.8307
2019-11-04 20:24:00,3.2279,3.2285,3.2196,3.2285,9267.4392
2019-11-04 20:23:00,3.2284,3.2285,3.2213,3.2245,7841.154
2019-11-04 20:22:00,3.225,3.2285,3.2198,3.2235,5058.745
2019-11-04 20:21:00,3.2254,3.2285,3.2213,3.2285,7702.1139
2019-11-04 20:20:00,3.2285,3.2285,3.2217,3.226,11226.7284
2019-11-04 20:19:00,3.2237,3.2285,3.2237,3.2285,1903.7817
2019-11-04 20:18:00,3.2274,3.2274,3.2241,3.2262,6576.4471
2019-11-04 20:17:00,3.2267,3.2276,3.2245,3.2276,4055.1024
2019-11-04 20:16:00,3.224,3.2267,3.224,3.2255,2429.8345
2019-11-04 20:15:00,3.2267,3.2267,3.2239,3.2242,1868.093
2019-11-04 20:14:00,3.2245,3.2267,3.2245,3.2245,7534.0271
2019-11-04 20:13:00,3.2218,3.2267,3.2199,3.2267,19122.068
2019-11-04 20:12:00,3.2259,3.2267,3.2237,3.224,1471.4671
2019-11-04 20:11:00,3.2232,3.2258,3.2232,3.2258,6844.9374
2019-11-04 20:10:00,3.223,3.2252,3.2202,3.2218,4986.5563
2019-11-04 20:09:00,3.2231,3.2236,3.2212,3.2223,4555.2205
2019-11-04 20:08:00,3.2218,3.2252,3.2208,3.2252,3892.7798
2019-11-04 20:07:00,3.2228,3.2251,3.2203,3.2231,6297.4368
2019-11-04 20:06:00,3.2221,3.2252,3.22,3.2227,2861.1972
2019-11-04 20:05:00,3.2204,3.2252,3.2204,3.222,3861.0721
2019-11-04 20:04:00,3.2188,3.2204,3.2188,3.2204,3807.2367
2019-11-04 20:03:00,3.2238,3.2253,3.22,3.2205,4352.9964
2019-11-04 20:02:00,3.2249,3.2253,3.2216,3.2237,4313.3033
2019-11-04 20:01:00,3.2258,3.2262,3.2201,3.2233,7919.3603
2019-11-04 20:00:00,3.2234,3.2258,3.2181,3.2258,13153.7821
2019-11-04 19:59:00,3.2186,3.2238,3.2172,3.2238,8745.3169
2019-11-04 19:58:00,3.2177,3.2242,3.2177,3.2239,2882.3495
2019-11-04 19:57:00,3.2175,3.2184,3.2135,3.2184,2002.0988
2019-11-04 19:56:00,3.2203,3.2243,3.218,3.218,7368.9753
2019-11-04 19:55:00,3.2162,3.2214,3.2162,3.2203,4345.2946
2019-11-04 19:54:00,3.2142,3.2162,3.2142,3.2162,1746.2277
2019-11-04 19:53:00,3.2141,3.2165,3.2139,3.2139,2828.0971
2019-11-04 19:52:00,3.2129,3.2141,3.2129,3.214,997.6117
2019-11-04 19:51:00,3.2141,3.2167,3.2132,3.2138,8381.7813
2019-11-04 19:50:00,3.2139,3.2142,3.2131,3.2141,2057.6199
2019-11-04 19:49:00,3.2132,3.2147,3.2121,3.2138,1856.8667
2019-11-04 19:48:00,3.2124,3.2155,3.2119,3.2124,3878.8514
2019-11-04 19:47:00,3.2124,3.2185,3.2071,3.2132,15266.3438
2019-11-04 19:46:00,3.2016,3.2193,3.2016,3.214,8750.2729
2019-11-04 19:45:00,3.197,3.2007,3.1929,3.1984,7147.9019
2019-11-04 19:44:00,3.1891,3.1971,3.1809,3.197,8606.8153
2019-11-04 19:43:00,3.2303,3.2303,3.1891,3.1898,84023.0917
2019-11-04 19:42:00,3.2399,3.2412,3.2284,3.2297,12601.8366
2019-11-04 19:41:00,3.2413,3.2428,3.2388,3.2399,3843.4117
2019-11-04 19:40:00,3.2428,3.243,3.2426,3.2426,11213.2379
2019-11-04 19:39:00,3.2428,3.243,3.2426,3.2428,6296.9933
2019-11-04 19:38:00,3.2431,3.2442,3.2426,3.2428,7779.2482
2019-11-04 19:37:00,3.2465,3.2465,3.2439,3.2443,1890.6984
2019-11-04 19:36:00,3.2466,3.2466,3.2434,3.2434,2784.0539
2019-11-04 19:35:00,3.2449,3.2466,3.2436,3.2449,2175.9058
2019-11-04 19:34:00,3.2446,3.2466,3.2433,3.245,7108.2371
2019-11-04 19:33:00,3.2458,3.2461,3.2436,3.2461,8159.2728
2019-11-04 19:32:00,3.2466,3.2466,3.2436,3.2466,3940.9409
2019-11-04 19:31:00,3.2439,3.2466,3.2432,3.2454,4794.1137
2019-11-04 19:30:00,3.2436,3.2437,3.2409,3.2429,4287.5109
2019-11-04 19:29:00,3.2441,3.2441,3.2437,3.2437,718.9879
2019-11-04 19:28:00,3.2429,3.244,3.2421,3.244,4110.9828
2019-11-04 19:27:00,3.2417,3.2433,3.2409,3.2421,14902.803
2019-11-04 19:26:00,3.2429,3.243,3.2394,3.2417,20243.2294
2019-11-04 19:25:00,3.2419,3.2429,3.2398,3.2414,3160.9307
2019-11-04 19:24:00,3.2402,3.2429,3.2402,3.2429,7558.7554
2019-11-04 19:23:00,3.2398,3.2403,3.2382,3.2403,18610.9776
2019-11-04 19:22:00,3.2399,3.24,3.2381,3.2382,1688.8466
2019-11-04 19:21:00,3.2398,3.2399,3.2371,3.239,9918.8327
2019-11-04 19:20:00,3.2399,3.24,3.2361,3.2379,10045.0348
2019-11-04 19:19:00,3.2397,3.24,3.2376,3.2398,3625.4708
2019-11-04 19:18:00,3.24,3.24,3.2359,3.24,3189.4083
2019-11-04 19:17:00,3.2418,3.243,3.2387,3.2389,7465.827
2019-11-04 19:16:00,3.2428,3.243,3.2409,3.2429,4551.4715
2019-11-04 19:15:00,3.2416,3.243,3.2404,3.2428,11358.1973
2019-11-04 19:14:00,3.242,3.243,3.2405,3.2416,20843.0706
2019-11-04 19:13:00,3.2435,3.2438,3.2418,3.2437,3887.4491
2019-11-04 19:12:00,3.2417,3.2431,3.2409,3.2422,3756.9862
2019-11-04 19:11:00,3.2418,3.2418,3.241,3.2417,845.068
2019-11-04 19:10:00,3.2403,3.2428,3.2403,3.2417,3221.7252
2019-11-04 19:09:00,3.2383,3.24,3.2379,3.24,4925.6172
2019-11-04 19:08:00,3.2371,3.239,3.2362,3.2374,5930.9187
2019-11-04 19:07:00,3.2361,3.2371,3.2355,3.237,4627.0053
2019-11-04 19:06:00,3.2368,3.2371,3.2341,3.2368,2581.7936
2019-11-04 19:05:00,3.2368,3.2369,3.2337,3.2368,5469.5981
2019-11-04 19:04:00,3.2362,3.2369,3.2348,3.235,2441.9975
2019-11-04 19:03:00,3.2318,3.2362,3.2303,3.2358,11375.4555
2019-11-04 19:02:00,3.2332,3.2354,3.2306,3.2314,9554.465
2019-11-04 19:01:00,3.2297,3.2342,3.2297,3.2342,17523.3521
2019-11-04 19:00:00,3.2299,3.2299,3.2284,3.2295,6925.5478
2019-11-04 18:59:00,3.2288,3.2299,3.2276,3.228,4050.9319
2019-11-04 18:58:00,3.2291,3.2299,3.2275,3.2299,7433.7905
2019-11-04 18:57:00,3.2288,3.2299,3.228,3.229,3641.188
2019-11-04 18:56:00,3.2299,3.2299,3.2284,3.2288,10648.0864
2019-11-04 18:55:00,3.2285,3.2299,3.228,3.2288,7751.6629
2019-11-04 18:54:00,3.2282,3.2299,3.2273,3.2299,7572.6281
2019-11-04 18:53:00,3.2277,3.2299,3.2274,3.2299,8129.8842
2019-11-04 18:52:00,3.2264,3.2299,3.2264,3.2299,8192.0125
2019-11-04 18:51:00,3.2278,3.2296,3.2277,3.2296,1237.4816
2019-11-04 18:50:00,3.2294,3.2299,3.2264,3.2299,2663.4851
2019-11-04 18:49:00,3.2299,3.2299,3.2271,3.2279,2588.5848
2019-11-04 18:48:00,3.2263,3.2299,3.222,3.2296,3343.0769
2019-11-04 18:47:00,3.2262,3.2299,3.2238,3.2265,11152.6201
2019-11-04 18:46:00,3.2243,3.2298,3.2217,3.2298,3510.5836
2019-11-04 18:45:00,3.2239,3.2254,3.2224,3.2254,1979.2079
2019-11-04 18:44:00,3.2227,3.2239,3.2227,3.2228,1536.647
2019-11-04 18:43:00,3.2231,3.2239,3.222,3.2226,5049.6822
2019-11-04 18:42:00,3.2234,3.2239,3.2221,3.2239,4469.9448
2019-11-04 18:41:00,3.2237,3.2248,3.2215,3.2248,3654.5317
2019-11-04 18:40:00,3.2274,3.2298,3.2212,3.2232,12387.5739
2019-11-04 18:39:00,3.2274,3.2297,3.225,3.2274,3284.6505
2019-11-04 18:38:00,3.2274,3.2297,3.2252,3.2297,7933.9336
2019-11-04 18:37:00,3.225,3.2299,3.225,3.2297,1827.6035
2019-11-04 18:36:00,3.2275,3.2299,3.2255,3.2255,2458.5266
2019-11-04 18:35:00,3.2253,3.2299,3.2235,3.2275,4226.7433
2019-11-04 18:34:00,3.2267,3.2293,3.2248,3.2276,6663.958
2019-11-04 18:33:00,3.2278,3.2293,3.2266,3.2278,5101.0573
2019-11-04 18:32:00,3.229,3.2293,3.2219,3.2278,6749.8407
2019-11-04 18:31:00,3.2235,3.2299,3.2218,3.2262,5653.8483
2019-11-04 18:30:00,3.2211,3.2235,3.2211,3.2223,3087.9864
2019-11-04 18:29:00,3.2248,3.2253,3.2211,3.2211,4073.042
2019-11-04 18:28:00,3.225,3.2275,3.2231,3.2231,13700.3937
2019-11-04 18:27:00,3.2296,3.2297,3.2251,3.2251,3201.5661
2019-11-04 18:26:00,3.2277,3.23,3.2252,3.2294,13774.0481
2019-11-04 18:25:00,3.227,3.2277,3.2263,3.2265,6694.2486
2019-11-04 18:24:00,3.2277,3.2277,3.2265,3.2265,4260.5718
2019-11-04 18:23:00,3.2287,3.2287,3.2265,3.2265,5194.3032
2019-11-04 18:22:00,3.2287,3.23,3.2287,3.2296,3083.9033
2019-11-04 18:21:00,3.23,3.23,3.2287,3.2298,2758.8063
2019-11-04 18:20:00,3.2285,3.23,3.227,3.2277,6097.0723
2019-11-04 18:19:00,3.2285,3.2299,3.2284,3.2299,10021.4412
2019-11-04 18:18:00,3.2295,3.2299,3.2273,3.2285,3380.8223
2019-11-04 18:17:00,3.2275,3.2299,3.2254,3.2284,2540.3352
2019-11-04 18:16:00,3.2286,3.2296,3.2257,3.2257,2840.5546
2019-11-04 18:15:00,3.2299,3.2299,3.2256,3.2256,5325.5776
2019-11-04 18:14:00,3.2282,3.2299,3.2264,3.2299,4304.8672
2019-11-04 18:13:00,3.2276,3.2299,3.2252,3.2282,5785.445
2019-11-04 18:12:00,3.2295,3.2299,3.2254,3.2299,5556.1615
2019-11-04 18:11:00,3.2275,3.23,3.2275,3.2275,3903.6227
2019-11-04 18:10:00,3.229,3.23,3.225,3.2258,18566.8053
2019-11-04 18:09:00,3.229,3.23,3.229,3.2297,7247.1802
2019-11-04 18:08:00,3.23,3.23,3.2266,3.23,6024.1818
2019-11-04 18:07:00,3.2275,3.23,3.2253,3.2287,2385.8131
2019-11-04 18:06:00,3.226,3.2275,3.225,3.2275,7676.7278
2019-11-04 18:05:00,3.2253,3.2275,3.2246,3.226,2733.6452
2019-11-04 18:04:00,3.2272,3.2275,3.2258,3.226,1211.0999
2019-11-04 18:03:00,3.224,3.2275,3.224,3.2272,5511.1133
2019-11-04 18:02:00,3.229,3.23,3.2238,3.227,6456.1813
2019-11-04 18:01:00,3.2225,3.227,3.2215,3.227,9173.2757
2019-11-04 18:00:00,3.2235,3.2245,3.2226,3.2226,4556.5582
2019-11-04 17:59:00,3.2259,3.2286,3.2213,3.2213,4840.9312
2019-11-04 17:58:00,3.2272,3.23,3.2264,3.2265,5546.544
2019-11-04 17:57:00,3.2286,3.23,3.227,3.23,11578.7594
2019-11-04 17:56:00,3.2287,3.2287,3.2287,3.2287,100.2094
2019-11-04 17:55:00,3.2286,3.2287,3.2285,3.2286,3055.3165
2019-11-04 17:54:00,3.2253,3.2287,3.2253,3.2286,3880.171
2019-11-04 17:53:00,3.2252,3.2262,3.2251,3.226,8620.674
2019-11-04 17:52:00,3.2248,3.2267,3.2234,3.2244,3398.1346
2019-11-04 17:51:00,3.224,3.227,3.224,3.224,2885.6363
2019-11-04 17:50:00,3.2249,3.2253,3.223,3.2252,515.3578
2019-11-04 17:49:00,3.2233,3.2285,3.2213,3.2246,12686.147
2019-11-04 17:48:00,3.2246,3.225,3.2227,3.224,2150.3515
2019-11-04 17:47:00,3.2243,3.2261,3.223,3.223,2675.3626
2019-11-04 17:46:00,3.225,3.2272,3.2217,3.2244,4314.9569
2019-11-04 17:45:00,3.2214,3.2276,3.2212,3.2249,2858.7161
2019-11-04 17:44:00,3.2215,3.222,3.221,3.2213,2780.7349
2019-11-04 17:43:00,3.2217,3.222,3.2206,3.222,17165.6803
2019-11-04 17:42:00,3.2211,3.2214,3.2209,3.2209,6791.901
2019-11-04 17:41:00,3.2233,3.2278,3.2212,3.2212,4015.1563
2019-11-04 17:40:00,3.2241,3.2271,3.2241,3.225,8540.9236
2019-11-04 17:39:00,3.2267,3.2285,3.2228,3.2252,6247.3252
2019-11-04 17:38:00,3.2262,3.2285,3.2245,3.2285,9087.1881
2019-11-04 17:37:00,3.2238,3.2259,3.2237,3.2252,5244.1202
2019-11-04 17:36:00,3.2246,3.2273,3.223,3.2249,2346.5857
2019-11-04 17:35:00,3.224,3.227,3.2222,3.2227,11351.8057
2019-11-04 17:34:00,3.2244,3.2253,3.2217,3.2242,7714.0764
2019-11-04 17:33:00,3.225,3.2253,3.2218,3.2235,5111.0119
2019-11-04 17:32:00,3.223,3.225,3.2215,3.2234,4911.4534
2019-11-04 17:31:00,3.2222,3.2244,3.2222,3.2244,7366.3017
2019-11-04 17:30:00,3.22,3.2241,3.22,3.2222,4745.0064
2019-11-04 17:29:00,3.2188,3.22,3.2187,3.22,1792.9294
2019-11-04 17:28:00,3.22,3.22,3.2187,3.22,1908.3758
2019-11-04 17:27:00,3.2186,3.22,3.218,3.2187,5080.3007
2019-11-04 17:26:00,3.2187,3.22,3.2186,3.2186,3489.4151
2019-11-04 17:25:00,3.2187,3.22,3.2173,3.22,3175.5771
2019-11-04 17:24:00,3.2187,3.22,3.218,3.2195,1863.3713
2019-11-04 17:23:00,3.2186,3.22,3.2186,3.22,1907.3015
2019-11-04 17:22:00,3.2186,3.2198,3.2178,3.2178,7002.7906
2019-11-04 17:21:00,3.2198,3.2198,3.2175,3.2183,5174.4585
2019-11-04 17:20:00,3.2186,3.2198,3.2186,3.2198,1979.0942
2019-11-04 17:19:00,3.2181,3.2198,3.2181,3.2195,13886.4933
2019-11-04 17:18:00,3.2186,3.2189,3.2179,3.2181,5274.2924
2019-11-04 17:17:00,3.2186,3.2186,3.2179,3.2186,2372.2959
2019-11-04 17:16:00,3.2185,3.2197,3.2185,3.2197,4086.851
2019-11-04 17:15:00,3.2177,3.2197,3.2171,3.2174,3748.6292
2019-11-04 17:14:00,3.2191,3.2197,3.2143,3.2173,3498.8808
2019-11-04 17:13:00,3.2172,3.2197,3.2141,3.2165,14346.4281
2019-11-04 17:12:00,3.2169,3.2197,3.2155,3.217,5470.8988
2019-11-04 17:11:00,3.2167,3.2197,3.2167,3.2197,4033.7319
2019-11-04 17:10:00,3.219,3.2195,3.2146,3.2167,1318.8786
2019-11-04 17:09:00,3.2164,3.219,3.214,3.2167,3488.5115
2019-11-04 17:08:00,3.2169,3.2196,3.2146,3.2168,5477.6007
2019-11-04 17:07:00,3.2187,3.2197,3.2176,3.2183,3622.0764
2019-11-04 17:06:00,3.2198,3.2198,3.2185,3.2187,11718.7868
2019-11-04 17:05:00,3.22,3.2203,3.2186,3.2187,7027.8038
2019-11-04 17:04:00,3.2204,3.2205,3.2185,3.219,5525.8554
2019-11-04 17:03:00,3.2229,3.2238,3.2177,3.2193,16585.7925
2019-11-04 17:02:00,3.2215,3.2248,3.22,3.2238,4018.1755
2019-11-04 17:01:00,3.2228,3.2228,3.2207,3.2218,3587.2441
2019-11-04 17:00:00,3.2216,3.2216,3.22,3.2215,864.08
2019-11-04 16:59:00,3.2196,3.223,3.2196,3.2213,8455.1315
2019-11-04 16:58:00,3.2214,3.2217,3.2192,3.2192,11851.3786
2019-11-04 16:57:00,3.2197,3.2214,3.2197,3.2209,1796.3089
2019-11-04 16:56:00,3.2202,3.2202,3.2188,3.2197,5223.3682
2019-11-04 16:55:00,3.218,3.2204,3.218,3.2194,2534.9382
2019-11-04 16:54:00,3.2202,3.2202,3.2184,3.2188,3929.6356
2019-11-04 16:53:00,3.2214,3.2215,3.22,3.2208,1011.997
2019-11-04 16:52:00,3.2214,3.223,3.2204,3.223,2063.1989
2019-11-04 16:51:00,3.2225,3.223,3.2199,3.2204,5610.7924
2019-11-04 16:50:00,3.2209,3.2236,3.2185,3.2231,3630.7414
2019-11-04 16:49:00,3.223,3.2254,3.2176,3.2227,4061.723
2019-11-04 16:48:00,3.2227,3.2259,3.22,3.2252,7365.7866
2019-11-04 16:47:00,3.2213,3.226,3.2167,3.2167,7326.971
2019-11-04 16:46:00,3.2209,3.226,3.2159,3.2159,2901.071
2019-11-04 16:45:00,3.2203,3.2264,3.2191,3.2256,12439.3651
2019-11-04 16:44:00,3.2239,3.2276,3.2142,3.2255,7656.0222
2019-11-04 16:43:00,3.2272,3.2273,3.2211,3.2219,2569.0685
2019-11-04 16:42:00,3.2229,3.228,3.2206,3.2238,13634.6293
2019-11-04 16:41:00,3.2251,3.2254,3.2205,3.2229,6505.7012
2019-11-04 16:40:00,3.2233,3.2251,3.2224,3.2251,11092.5006
2019-11-04 16:39:00,3.2234,3.2251,3.2217,3.2251,1098.4647
2019-11-04 16:38:00,3.2246,3.225,3.2215,3.2237,9876.5478
2019-11-04 16:37:00,3.2281,3.2283,3.2246,3.2246,14583.1552
2019-11-04 16:36:00,3.2283,3.2284,3.2248,3.2248,4581.0582
2019-11-04 16:35:00,3.2284,3.2285,3.2284,3.2284,8694.8948
2019-11-04 16:34:00,3.2284,3.2286,3.2284,3.2284,1242.0267
2019-11-04 16:33:00,3.2281,3.2286,3.2279,3.228,3829.107
2019-11-04 16:32:00,3.2285,3.2287,3.2276,3.2276,8926.0196
2019-11-04 16:31:00,3.2315,3.2318,3.2283,3.2284,28791.3164
2019-11-04 16:30:00,3.2305,3.2315,3.2299,3.2315,4310.9336
2019-11-04 16:29:00,3.2288,3.2313,3.2284,3.2299,3698.3405
2019-11-04 16:28:00,3.2324,3.2326,3.2286,3.2288,9421.6223
2019-11-04 16:27:00,3.2323,3.2325,3.2311,3.2311,2487.9882
2019-11-04 16:26:00,3.234,3.2361,3.2314,3.2314,10079.3252
2019-11-04 16:25:00,3.2328,3.2358,3.2295,3.2338,11869.3568
2019-11-04 16:24:00,3.2336,3.2364,3.2335,3.2335,683.7816
2019-11-04 16:23:00,3.2356,3.2365,3.2328,3.2364,2104.8664
2019-11-04 16:22:00,3.2329,3.2364,3.2325,3.2364,2172.2725
2019-11-04 16:21:00,3.2365,3.2365,3.2286,3.2293,3646.4439
2019-11-04 16:20:00,3.2367,3.2368,3.2335,3.2365,5697.3109
2019-11-04 16:19:00,3.234,3.2368,3.2335,3.2368,7757.0935
2019-11-04 16:18:00,3.2361,3.2365,3.2315,3.2365,11813.7903
2019-11-04 16:17:00,3.2358,3.2361,3.2318,3.234,4169.5283
2019-11-04 16:16:00,3.2339,3.2366,3.2323,3.2334,2334.5648
2019-11-04 16:15:00,3.2365,3.2368,3.2319,3.2368,19252.0493
2019-11-04 16:14:00,3.2362,3.2368,3.2362,3.2367,8495.5864
2019-11-04 16:13:00,3.2364,3.2368,3.2358,3.2365,4849.2241
2019-11-04 16:12:00,3.236,3.2368,3.2359,3.2361,2051.4449
2019-11-04 16:11:00,3.2368,3.2368,3.2359,3.2361,2037.2423
2019-11-04 16:10:00,3.236,3.2368,3.236,3.2367,1447.9359
2019-11-04 16:09:00,3.2344,3.2364,3.234,3.2356,10906.9648
2019-11-04 16:08:00,3.2362,3.2362,3.2348,3.2352,883.477
2019-11-04 16:07:00,3.2363,3.237,3.2337,3.2337,7175.9928
2019-11-04 16:06:00,3.2307,3.2367,3.2298,3.2367,3362.3972
2019-11-04 16:05:00,3.2305,3.2323,3.2305,3.2307,6049.5923
2019-11-04 16:04:00,3.2303,3.232,3.2286,3.2305,6024.1386
2019-11-04 16:03:00,3.231,3.232,3.2283,3.2283,1993.2256
2019-11-04 16:02:00,3.231,3.232,3.2303,3.231,5676.3861
2019-11-04 16:01:00,3.2312,3.232,3.2274,3.231,3836.4775
2019-11-04 16:00:00,3.2258,3.2313,3.2258,3.2287,3945.0989
2019-11-04 15:59:00,3.2277,3.2307,3.2266,3.2286,4186.9893
2019-11-04 15:58:00,3.2275,3.231,3.2248,3.2281,1081.7865
2019-11-04 15:57:00,3.2249,3.2311,3.2249,3.2276,13964.8058
2019-11-04 15:56:00,3.2307,3.2307,3.2249,3.2276,1783.5406
2019-11-04 15:55:00,3.2317,3.232,3.2277,3.2277,6722.2085
2019-11-04 15:54:00,3.2266,3.232,3.2266,3.2314,29773.4971
2019-11-04 15:53:00,3.2267,3.2291,3.2265,3.2291,4774.4128
2019-11-04 15:52:00,3.2262,3.2283,3.2244,3.2262,2356.92
2019-11-04 15:51:00,3.2291,3.2292,3.2262,3.2283,4891.7914
2019-11-04 15:50:00,3.2289,3.2292,3.2267,3.2267,3196.0355
2019-11-04 15:49:00,3.2289,3.229,3.2287,3.2288,4053.6177
2019-11-04 15:48:00,3.2293,3.2294,3.2287,3.229,4439.7538
2019-11-04 15:47:00,3.2295,3.2295,3.2291,3.2293,1356.1937
2019-11-04 15:46:00,3.2292,3.2295,3.2292,3.2294,7088.2971
2019-11-04 15:45:00,3.2299,3.2299,3.2287,3.2292,3663.0323
2019-11-04 15:44:00,3.2294,3.2299,3.2287,3.2299,3615.116
2019-11-04 15:43:00,3.2287,3.2295,3.2261,3.2295,12157.7473
2019-11-04 15:42:00,3.2259,3.2321,3.2259,3.228,10060.3331
2019-11-04 15:41:00,3.2242,3.2259,3.223,3.2259,10179.2877
2019-11-04 15:40:00,3.2242,3.2254,3.2242,3.2242,1607.9923
2019-11-04 15:39:00,3.2193,3.2257,3.2193,3.2242,4241.2842
2019-11-04 15:38:00,3.218,3.2193,3.218,3.2193,575.1021
2019-11-04 15:37:00,3.2139,3.2192,3.2139,3.2184,2873.9337
2019-11-04 15:36:00,3.2148,3.2172,3.2123,3.2155,2046.4458
2019-11-04 15:35:00,3.2142,3.2172,3.2119,3.2119,1848.8224
2019-11-04 15:34:00,3.2147,3.2172,3.2125,3.2144,1705.7095
2019-11-04 15:33:00,3.2174,3.2174,3.2144,3.2146,1197.3904
2019-11-04 15:32:00,3.2189,3.2189,3.2168,3.2168,1990.8356
2019-11-04 15:31:00,3.2151,3.2207,3.2151,3.2207,14028.8867
2019-11-04 15:30:00,3.2146,3.219,3.211,3.219,7935.136
2019-11-04 15:29:00,3.2181,3.2185,3.2136,3.2144,2572.5292
2019-11-04 15:28:00,3.219,3.219,3.2108,3.2147,9235.0194
2019-11-04 15:27:00,3.2221,3.2221,3.2148,3.2148,4833.3025
2019-11-04 15:26:00,3.2302,3.2302,3.21,3.2166,5227.5231
2019-11-04 15:25:00,3.2302,3.2302,3.2302,3.2302,27.468
2019-11-04 15:24:00,3.2296,3.2303,3.2284,3.2303,412.7372
2019-11-04 15:23:00,3.2269,3.2303,3.2269,3.2288,4186.3305
2019-11-04 15:22:00,3.226,3.2268,3.226,3.2268,931.6742
2019-11-04 15:21:00,3.2256,3.226,3.2256,3.226,1652.6071
2019-11-04 15:20:00,3.2213,3.2261,3.2213,3.2257,11331.1517
2019-11-04 15:19:00,3.2241,3.2263,3.2204,3.2229,2211.4624
2019-11-04 15:18:00,3.2232,3.2263,3.2209,3.2214,1611.3677
2019-11-04 15:17:00,3.2251,3.226,3.2188,3.2234,12668.6273
2019-11-04 15:16:00,3.2269,3.2269,3.2245,3.2256,3318.0672
2019-11-04 15:15:00,3.227,3.2273,3.2269,3.2269,2602.7331
2019-11-04 15:14:00,3.227,3.2273,3.2269,3.227,5028.3425
2019-11-04 15:13:00,3.2256,3.2269,3.2245,3.2269,6702.1397
2019-11-04 15:12:00,3.2245,3.2268,3.2245,3.2259,3649.6979
2019-11-04 15:11:00,3.2202,3.2247,3.2201,3.2247,6650.8701
2019-11-04 15:10:00,3.2155,3.2202,3.2145,3.2193,13880.0538
2019-11-04 15:09:00,3.2196,3.2199,3.2111,3.2199,5050.4722
2019-11-04 15:08:00,3.219,3.2196,3.2147,3.2196,7750.2521
2019-11-04 15:07:00,3.214,3.2193,3.21,3.2156,907.8455
2019-11-04 15:06:00,3.2141,3.2166,3.2089,3.2103,8699.2838
2019-11-04 15:05:00,3.2096,3.2163,3.2096,3.21,2164.3414
2019-11-04 15:04:00,3.2125,3.2155,3.2079,3.2124,5932.7054
2019-11-04 15:03:00,3.2075,3.2153,3.2075,3.215,9675.9157
2019-11-04 15:02:00,3.2068,3.2076,3.2068,3.2073,7447.6347
2019-11-04 15:01:00,3.206,3.2069,3.2039,3.205,3157.7295
2019-11-04 15:00:00,3.206,3.206,3.202,3.2048,5076.1546
2019-11-04 14:59:00,3.2033,3.2072,3.2033,3.206,4722.1916
2019-11-04 14:58:00,3.2034,3.2067,3.2034,3.205,4286.2695
2019-11-04 14:57:00,3.203,3.2056,3.203,3.2046,977.8942
2019-11-04 14:56:00,3.2021,3.203,3.2021,3.2029,1450.4804
2019-11-04 14:55:00,3.2029,3.2029,3.202,3.2021,1150.1973
2019-11-04 14:54:00,3.2022,3.2027,3.202,3.202,1387.2589
2019-11-04 14:53:00,3.202,3.203,3.2015,3.2022,1668.1558
2019-11-04 14:52:00,3.2024,3.203,3.2019,3.2025,3956.8944
2019-11-04 14:51:00,3.2035,3.2035,3.2009,3.2028,1717.9453
2019-11-04 14:50:00,3.2053,3.2053,3.2035,3.2035,5604.6795
2019-11-04 14:49:00,3.2069,3.2069,3.2036,3.2052,1765.5398
2019-11-04 14:48:00,3.205,3.2055,3.2042,3.2053,4400.0918
2019-11-04 14:47:00,3.2053,3.2054,3.203,3.203,5501.3437
2019-11-04 14:46:00,3.2035,3.2053,3.2031,3.2053,3693.1538
2019-11-04 14:45:00,3.2017,3.2035,3.2017,3.2028,12442.0905
2019-11-04 14:44:00,3.2024,3.2028,3.202,3.2024,746.1294
2019-11-04 14:43:00,3.2022,3.2035,3.2022,3.2024,5970.9486
2019-11-04 14:42:00,3.2031,3.2032,3.2021,3.2022,1892.4405
2019-11-04 14:41:00,3.2028,3.2032,3.2028,3.2031,4109.4929
2019-11-04 14:40:00,3.2028,3.2032,3.2025,3.2028,4456.1537
2019-11-04 14:39:00,3.2032,3.2032,3.2023,3.2023,3754.3293
2019-11-04 14:38:00,3.2031,3.2032,3.2023,3.2031,1756.36
2019-11-04 14:37:00,3.2022,3.203,3.2022,3.2027,6235.26
2019-11-04 14:36:00,3.2022,3.2026,3.202,3.2022,1504.8042
2019-11-04 14:35:00,3.2021,3.2028,3.2012,3.2022,1246.8361
2019-11-04 14:34:00,3.203,3.203,3.2015,3.2021,7058.7452
2019-11-04 14:33:00,3.2022,3.2032,3.2013,3.203,7451.3154
2019-11-04 14:32:00,3.2022,3.2032,3.2011,3.2022,7554.1857
2019-11-04 14:31:00,3.2025,3.2035,3.2025,3.2032,6716.9138
2019-11-04 14:30:00,3.2064,3.2074,3.2029,3.2032,7473.7603
2019-11-04 14:29:00,3.2046,3.2169,3.2015,3.2065,9530.2534
2019-11-04 14:28:00,3.2036,3.205,3.2029,3.2046,2469.5424
2019-11-04 14:27:00,3.2033,3.205,3.2014,3.205,8164.2016
2019-11-04 14:26:00,3.2012,3.205,3.2012,3.2033,5834.2649
2019-11-04 14:25:00,3.2027,3.205,3.2013,3.2031,2183.4657
2019-11-04 14:24:00,3.2033,3.205,3.2021,3.2043,10267.4062
2019-11-04 14:23:00,3.2017,3.205,3.2017,3.2033,8633.8183
2019-11-04 14:22:00,3.204,3.205,3.2021,3.2033,13811.3576
2019-11-04 14:21:00,3.205,3.205,3.2014,3.2045,5062.0586
2019-11-04 14:20:00,3.2019,3.205,3.2019,3.2023,10421.3442
2019-11-04 14:19:00,3.2046,3.205,3.2024,3.2031,1292.0556
2019-11-04 14:18:00,3.201,3.2046,3.201,3.2046,3911.8756
2019-11-04 14:17:00,3.2033,3.2039,3.2016,3.203,2085.4207
2019-11-04 14:16:00,3.202,3.2033,3.2014,3.2033,1588.0977
2019-11-04 14:15:00,3.203,3.2033,3.2005,3.2021,3221.1305
2019-11-04 14:14:00,3.2017,3.203,3.2004,3.2017,3443.7959
2019-11-04 14:13:00,3.203,3.203,3.2006,3.2017,8699.5702
2019-11-04 14:12:00,3.2016,3.203,3.2013,3.2013,5638.9381
2019-11-04 14:11:00,3.2058,3.2058,3.2009,3.2016,9117.884
2019-11-04 14:10:00,3.2035,3.2058,3.2006,3.2031,3604.4545
2019-11-04 14:09:00,3.2039,3.2062,3.2022,3.2035,1932.872
2019-11-04 14:08:00,3.2034,3.2063,3.2025,3.2036,5962.5401
2019-11-04 14:07:00,3.2003,3.2063,3.2003,3.2032,8538.1611
2019-11-04 14:06:00,3.2031,3.2044,3.2023,3.2044,1842.9189
2019-11-04 14:05:00,3.2024,3.2044,3.2007,3.2044,2348.5035
2019-11-04 14:04:00,3.2016,3.2042,3.2008,3.2025,2631.9886
2019-11-04 14:03:00,3.2016,3.2031,3.2016,3.2016,1657.0975
2019-11-04 14:02:00,3.2014,3.203,3.2006,3.2016,7366.4704
2019-11-04 14:01:00,3.2046,3.205,3.2007,3.2025,7509.1823
2019-11-04 14:00:00,3.2028,3.205,3.2014,3.203,1449.3088
2019-11-04 13:59:00,3.2034,3.205,3.2009,3.205,7837.6927
2019-11-04 13:58:00,3.2024,3.2063,3.2024,3.2033,2997.2848
2019-11-04 13:57:00,3.2019,3.2034,3.201,3.2014,2851.8902
2019-11-04 13:56:00,3.2051,3.2051,3.2,3.2,9353.667
2019-11-04 13:55:00,3.2043,3.2043,3.201,3.201,1696.5314
2019-11-04 13:54:00,3.2029,3.2055,3.2027,3.2043,1541.5672
2019-11-04 13:53:00,3.203,3.2034,3.2023,3.2023,7447.817
2019-11-04 13:52:00,3.2036,3.2065,3.2003,3.2031,15336.47
2019-11-04 13:51:00,3.2058,3.2063,3.2034,3.2034,673.1619
2019-11-04 13:50:00,3.2059,3.2063,3.2058,3.2063,2132.3473
2019-11-04 13:49:00,3.2035,3.2053,3.2035,3.2053,5115.3284
2019-11-04 13:48:00,3.2031,3.2035,3.203,3.2035,2265.8996
2019-11-04 13:47:00,3.2009,3.2025,3.2009,3.2023,2191.6189
2019-11-04 13:46:00,3.2009,3.2009,3.2009,3.2009,1111.7055
2019-11-04 13:45:00,3.2009,3.2009,3.2009,3.2009,439.0492
2019-11-04 13:44:00,3.2008,3.2009,3.2008,3.2009,3342.1609
2019-11-04 13:43:00,3.2001,3.2009,3.2,3.2009,13755.5471
2019-11-04 13:42:00,3.1998,3.2,3.1998,3.2,5433.9254
2019-11-04 13:41:00,3.1994,3.2,3.1994,3.1998,2727.411
2019-11-04 13:40:00,3.2002,3.2002,3.1994,3.1994,2820.8268
2019-11-04 13:39:00,3.2008,3.2008,3.1997,3.2008,3073.9666
2019-11-04 13:38:00,3.2002,3.2008,3.2002,3.2005,5114.2517
2019-11-04 13:37:00,3.2,3.2008,3.1998,3.2008,1654.2695
2019-11-04 13:36:00,3.2,3.2,3.1998,3.2,11070.2896
2019-11-04 13:35:00,3.2,3.2,3.1998,3.1999,1650.0728
2019-11-04 13:34:00,3.2,3.2,3.1998,3.2,3429.9224
2019-11-04 13:33:00,3.1995,3.2,3.1995,3.2,3255.1593
2019-11-04 13:32:00,3.198,3.2,3.198,3.1995,10159.462
2019-11-04 13:31:00,3.1982,3.2,3.1969,3.198,11594.0834
2019-11-04 13:30:00,3.1996,3.2,3.1966,3.1981,17339.8954
2019-11-04 13:29:00,3.1984,3.2,3.1977,3.1996,2171.9321
2019-11-04 13:28:00,3.1969,3.1999,3.1964,3.1984,5068.8826
2019-11-04 13:27:00,3.1944,3.2,3.1934,3.1969,5637.8043
2019-11-04 13:26:00,3.193,3.196,3.193,3.196,10120.6807
2019-11-04 13:25:00,3.1971,3.1971,3.1896,3.193,6431.2566
2019-11-04 13:24:00,3.1979,3.2,3.1926,3.1971,7439.0565
2019-11-04 13:23:00,3.1906,3.1979,3.1906,3.1979,9132.3314
2019-11-04 13:22:00,3.1894,3.192,3.1893,3.1906,4354.6643
2019-11-04 13:21:00,3.1894,3.1894,3.1894,3.1894,190.9313
2019-11-04 13:20:00,3.1894,3.1894,3.1894,3.1894,1718.8673
2019-11-04 13:19:00,3.1894,3.1894,3.1894,3.1894,1416.4692
2019-11-04 13:18:00,3.1915,3.192,3.1894,3.1894,6619.5833
2019-11-04 13:17:00,3.1909,3.192,3.1909,3.1915,6520.6988
2019-11-04 13:16:00,3.1899,3.192,3.1883,3.1909,2953.3676
2019-11-04 13:15:00,3.1938,3.1939,3.1896,3.1899,5674.7349
2019-11-04 13:14:00,3.192,3.195,3.19,3.1938,8644.1968
2019-11-04 13:13:00,3.1948,3.195,3.191,3.1925,8189.4452
2019-11-04 13:12:00,3.1949,3.1949,3.1948,3.1949,1622.4579
2019-11-04 13:11:00,3.1949,3.195,3.1949,3.195,3228.7537
2019-11-04 13:10:00,3.1948,3.1949,3.1948,3.1948,1513.9284
2019-11-04 13:09:00,3.195,3.195,3.1948,3.1949,1981.6011
2019-11-04 13:08:00,3.195,3.195,3.195,3.195,2380.3433
2019-11-04 13:07:00,3.1949,3.195,3.1949,3.195,1276.4486
2019-11-04 13:06:00,3.195,3.195,3.1948,3.1949,1660.3863
2019-11-04 13:05:00,3.195,3.195,3.1948,3.195,6938.7123
2019-11-04 13:04:00,3.1949,3.195,3.1949,3.1949,1015.3136
2019-11-04 13:03:00,3.1949,3.195,3.1941,3.1946,8415.5571
2019-11-04 13:02:00,3.195,3.195,3.195,3.195,501.7804
2019-11-04 13:01:00,3.1946,3.195,3.1945,3.1949,3950.7121
2019-11-04 13:00:00,3.1946,3.1948,3.1944,3.1944,6739.4192
2019-11-04 12:59:00,3.1946,3.1948,3.1944,3.1945,4809.2958
2019-11-04 12:58:00,3.1948,3.1948,3.194,3.1946,6084.7801
2019-11-04 12:57:00,3.1948,3.1948,3.1947,3.1947,5910.8666
2019-11-04 12:56:00,3.1948,3.1948,3.1947,3.1948,2523.982
2019-11-04 12:55:00,3.1948,3.1948,3.1948,3.1948,1364.0943
2019-11-04 12:54:00,3.1948,3.1948,3.1948,3.1948,1567.2854
2019-11-04 12:53:00,3.1943,3.1948,3.1943,3.1948,2063.6202
2019-11-04 12:52:00,3.1947,3.1948,3.1942,3.1943,3756.5508
2019-11-04 12:51:00,3.1947,3.1948,3.1947,3.1947,368.6985
2019-11-04 12:50:00,3.1947,3.1948,3.1947,3.1947,3390.3319
2019-11-04 12:49:00,3.1948,3.1948,3.1947,3.1947,1517.5621
2019-11-04 12:48:00,3.1948,3.1948,3.1947,3.1947,366.0392
2019-11-04 12:47:00,3.1947,3.1947,3.1947,3.1947,0
2019-11-04 12:46:00,3.1947,3.1947,3.1947,3.1947,1584.1376
2019-11-04 12:45:00,3.1934,3.1948,3.1934,3.1947,3778.0683
2019-11-04 12:44:00,3.1929,3.1948,3.1901,3.1934,8644.9067
2019-11-04 12:43:00,3.1923,3.1948,3.1913,3.1929,2411.0661
2019-11-04 12:42:00,3.1925,3.1948,3.191,3.1923,6477.5924
2019-11-04 12:41:00,3.1934,3.1948,3.1925,3.1925,5834.2464
2019-11-04 12:40:00,3.192,3.1948,3.192,3.194,3186.0803
2019-11-04 12:39:00,3.1924,3.1948,3.1909,3.192,9250.4143
2019-11-04 12:38:00,3.1945,3.195,3.1924,3.1924,3056.4732
2019-11-04 12:37:00,3.1945,3.195,3.1945,3.1947,1736.3386
2019-11-04 12:36:00,3.194,3.195,3.1939,3.1945,5376.9014
2019-11-04 12:35:00,3.1949,3.195,3.194,3.194,4786.2256
2019-11-04 12:34:00,3.1994,3.2,3.1948,3.1949,9133.9368
2019-11-04 12:33:00,3.1989,3.2,3.1989,3.1997,3312.0799
2019-11-04 12:32:00,3.1989,3.199,3.1989,3.1989,3219.8177
2019-11-04 12:31:00,3.1989,3.199,3.1988,3.199,935.965
2019-11-04 12:30:00,3.1989,3.199,3.1987,3.1989,8303.1793
2019-11-04 12:29:00,3.1989,3.199,3.1989,3.1989,4027.3604
2019-11-04 12:28:00,3.1989,3.199,3.1988,3.1988,1252.5839
2019-11-04 12:27:00,3.1989,3.199,3.1987,3.1989,8958.408
2019-11-04 12:26:00,3.1989,3.199,3.1989,3.1989,3071.9751
2019-11-04 12:25:00,3.1989,3.199,3.1988,3.1989,3567.8306
2019-11-04 12:24:00,3.1987,3.1988,3.1987,3.1988,294.7926
2019-11-04 12:23:00,3.1985,3.199,3.1984,3.1987,3465.2242
2019-11-04 12:22:00,3.1983,3.1985,3.1983,3.1985,1547.6742
2019-11-04 12:21:00,3.1986,3.199,3.1982,3.1983,6407.4632
2019-11-04 12:20:00,3.1986,3.199,3.1983,3.1986,3817.8581
2019-11-04 12:19:00,3.1984,3.199,3.1977,3.1986,3058.7139
2019-11-04 12:18:00,3.1977,3.199,3.1976,3.1981,2900.8265
2019-11-04 12:17:00,3.1981,3.199,3.1977,3.1977,2149.6926
2019-11-04 12:16:00,3.1978,3.199,3.1956,3.199,2686.7154
2019-11-04 12:15:00,3.1971,3.199,3.1968,3.1971,8442.5127
2019-11-04 12:14:00,3.1968,3.199,3.1964,3.1971,6670.3686
2019-11-04 12:13:00,3.1959,3.1979,3.1958,3.1968,6349.6543
2019-11-04 12:12:00,3.1957,3.196,3.1955,3.196,4182.2774
2019-11-04 12:11:00,3.1951,3.196,3.1951,3.1957,4291.3946
2019-11-04 12:10:00,3.1947,3.1951,3.1947,3.1947,7041.6935
2019-11-04 12:09:00,3.1947,3.1951,3.1941,3.1947,4238.2249
2019-11-04 12:08:00,3.1949,3.1951,3.1944,3.1945,4190.2986
2019-11-04 12:07:00,3.1954,3.1958,3.1949,3.1949,1521.1167
2019-11-04 12:06:00,3.1956,3.196,3.1954,3.1954,3144.3947
2019-11-04 12:05:00,3.1954,3.196,3.195,3.1956,4493.9323
2019-11-04 12:04:00,3.1947,3.196,3.1947,3.1954,6740.5596
2019-11-04 12:03:00,3.196,3.196,3.1701,3.1947,38455.279
2019-11-04 12:02:00,3.1986,3.1986,3.196,3.196,1846.5068
2019-11-04 12:01:00,3.1988,3.199,3.1986,3.1986,2289.2645
2019-11-04 12:00:00,3.1986,3.199,3.1986,3.1988,7459.8713
2019-11-04 11:59:00,3.197,3.199,3.197,3.1986,5953.4335
2019-11-04 11:58:00,3.1944,3.1971,3.1944,3.1968,3468.5588
2019-11-04 11:57:00,3.1998,3.1998,3.1802,3.1942,6754.3747
2019-11-04 11:56:00,3.1999,3.2,3.1998,3.1998,1609.5711
2019-11-04 11:55:00,3.2,3.2003,3.1999,3.2,5645.344
2019-11-04 11:54:00,3.1999,3.2009,3.1998,3.2004,2131.4291
2019-11-04 11:53:00,3.1998,3.1998,3.1998,3.1998,17.69
2019-11-04 11:52:00,3.2,3.2,3.1999,3.1999,153.3758
2019-11-04 11:51:00,3.1999,3.1999,3.1999,3.1999,0
2019-11-04 11:50:00,3.1999,3.1999,3.1999,3.1999,0
2019-11-04 11:49:00,3.1999,3.1999,3.1999,3.1999,0
2019-11-04 11:48:00,3.1999,3.1999,3.1999,3.1999,0
2019-11-04 11:47:00,3.1999,3.1999,3.1999,3.1999,39.6681
2019-11-04 11:46:00,3.1986,3.2009,3.1986,3.2,935.6296
2019-11-04 11:45:00,3.201,3.2013,3.1986,3.1986,4407.5319
2019-11-04 11:44:00,3.1969,3.2048,3.1969,3.2006,1023.7062
2019-11-04 11:43:00,3.2012,3.2026,3.1897,3.1926,15922.816
2019-11-04 11:42:00,3.2037,3.2049,3.2025,3.2025,10638.7991
2019-11-04 11:41:00,3.2037,3.2049,3.2028,3.2049,5361.6565
2019-11-04 11:40:00,3.2027,3.2049,3.2027,3.2037,4317.7721
2019-11-04 11:39:00,3.2031,3.2068,3.2,3.2035,12832.3983
2019-11-04 11:38:00,3.2162,3.2162,3.2,3.2077,29431.4145
2019-11-04 11:37:00,3.2222,3.2239,3.2118,3.2162,3614.8751
2019-11-04 11:36:00,3.2339,3.235,3.2159,3.219,37855.8989
2019-11-04 11:35:00,3.2331,3.2342,3.2287,3.2342,13242.7397
2019-11-04 11:34:00,3.2356,3.236,3.23,3.2343,30190.1935
2019-11-04 11:33:00,3.2377,3.2377,3.2355,3.2356,13692.3539
2019-11-04 11:32:00,3.2415,3.2416,3.2364,3.2377,11005.8645
2019-11-04 11:31:00,3.2412,3.2419,3.2412,3.2419,3388.845
2019-11-04 11:30:00,3.2396,3.2414,3.2396,3.2396,2089.8511
2019-11-04 11:29:00,3.2395,3.2419,3.2392,3.2395,6128.541
2019-11-04 11:28:00,3.2419,3.2423,3.2377,3.2377,5186.6805
2019-11-04 11:27:00,3.2429,3.243,3.2388,3.2419,4559.0357
2019-11-04 11:26:00,3.2405,3.2423,3.239,3.2404,2070.3292
2019-11-04 11:25:00,3.2393,3.2427,3.2381,3.2405,2512.1173
2019-11-04 11:24:00,3.2425,3.2428,3.2387,3.2404,8257.1196
2019-11-04 11:23:00,3.2408,3.243,3.2382,3.243,2384.2142
2019-11-04 11:22:00,3.2421,3.243,3.2382,3.2408,6175.1341
2019-11-04 11:21:00,3.2456,3.246,3.2405,3.2405,7973.957
2019-11-04 11:20:00,3.2459,3.2489,3.2438,3.246,9128.6215
2019-11-04 11:19:00,3.2411,3.2461,3.241,3.2446,8846.2635
2019-11-04 11:18:00,3.2399,3.2432,3.2385,3.2432,7842.4224
2019-11-04 11:17:00,3.2395,3.2429,3.2383,3.2383,4391.1339
2019-11-04 11:16:00,3.2412,3.2414,3.2368,3.2394,1407.7746
2019-11-04 11:15:00,3.2431,3.2462,3.2346,3.2369,9053.9375
2019-11-04 11:14:00,3.2422,3.2422,3.2373,3.2412,1904.5493
2019-11-04 11:13:00,3.2395,3.2431,3.2385,3.2394,11628.7128
2019-11-04 11:12:00,3.2338,3.2396,3.2337,3.2354,17719.7745
2019-11-04 11:11:00,3.2336,3.2347,3.2321,3.2346,6747.7564
2019-11-04 11:10:00,3.2336,3.2342,3.2321,3.2323,3754.1468
2019-11-04 11:09:00,3.2322,3.2336,3.2305,3.2318,1133.8718
2019-11-04 11:08:00,3.2309,3.2345,3.2309,3.2343,15106.6518
2019-11-04 11:07:00,3.2315,3.233,3.2315,3.2316,2523.8334
2019-11-04 11:06:00,3.2305,3.233,3.2305,3.2305,27340.837
2019-11-04 11:05:00,3.2316,3.233,3.2316,3.2316,1613.8206
2019-11-04 11:04:00,3.2315,3.233,3.2313,3.2316,4561.5112
2019-11-04 11:03:00,3.2327,3.2344,3.23,3.2329,4633.5524
2019-11-04 11:02:00,3.2328,3.2344,3.2316,3.2316,2643.4754
2019-11-04 11:01:00,3.2324,3.2344,3.2324,3.2328,2238.3631
2019-11-04 11:00:00,3.2348,3.2349,3.2315,3.233,6483.712
2019-11-04 10:59:00,3.2331,3.2349,3.2312,3.2326,7062.7869
2019-11-04 10:58:00,3.2308,3.2331,3.2302,3.2318,2229.5185
2019-11-04 10:57:00,3.2318,3.2352,3.2302,3.2329,3419.8092
2019-11-04 10:56:00,3.2351,3.2369,3.2331,3.2331,1705.1296
2019-11-04 10:55:00,3.2366,3.2367,3.2338,3.2356,7621.943
2019-11-04 10:54:00,3.2364,3.2368,3.2328,3.236,2814.5665
2019-11-04 10:53:00,3.2326,3.2379,3.2303,3.236,6166.3473
2019-11-04 10:52:00,3.2314,3.2327,3.2308,3.2327,6044.8257
2019-11-04 10:51:00,3.2307,3.2328,3.2307,3.2314,2129.8476
2019-11-04 10:50:00,3.2312,3.2328,3.2312,3.2313,1187.6444
2019-11-04 10:49:00,3.2312,3.2322,3.2311,3.2312,6411.2618
2019-11-04 10:48:00,3.2319,3.2336,3.2301,3.2311,1797.2698
2019-11-04 10:47:00,3.2305,3.2312,3.2304,3.2312,8264.2445
2019-11-04 10:46:00,3.2309,3.2312,3.23,3.2303,5477.551
2019-11-04 10:45:00,3.2315,3.2318,3.23,3.23,2595.3599
2019-11-04 10:44:00,3.2324,3.2335,3.2316,3.2316,1169.6617
2019-11-04 10:43:00,3.2333,3.2333,3.23,3.2324,5921.7252
2019-11-04 10:42:00,3.2327,3.2352,3.23,3.2333,12560.3682
2019-11-04 10:41:00,3.2324,3.2331,3.2302,3.2326,8649.2429
2019-11-04 10:40:00,3.2342,3.2342,3.2308,3.2316,1978.7676
2019-11-04 10:39:00,3.2373,3.2373,3.2315,3.2323,8969.7339
2019-11-04 10:38:00,3.2375,3.2398,3.2344,3.2393,3263.8157
2019-11-04 10:37:00,3.2336,3.2377,3.2328,3.2377,12514.0389
2019-11-04 10:36:00,3.2313,3.2338,3.2313,3.2338,5693.3488
2019-11-04 10:35:00,3.2292,3.2339,3.2292,3.2315,2685.4908
2019-11-04 10:34:00,3.2321,3.2337,3.228,3.228,14173.1085
2019-11-04 10:33:00,3.2303,3.232,3.2275,3.2275,4815.5822
2019-11-04 10:32:00,3.2272,3.2303,3.2252,3.2303,5502.2236
2019-11-04 10:31:00,3.2204,3.229,3.2195,3.2288,14230.7695
2019-11-04 10:30:00,3.2202,3.2204,3.2187,3.2194,4542.6378
2019-11-04 10:29:00,3.222,3.2222,3.2193,3.2202,5419.0606
2019-11-04 10:28:00,3.2189,3.2222,3.2163,3.2222,13714.9112
2019-11-04 10:27:00,3.2121,3.2177,3.2116,3.2177,9642.9628
2019-11-04 10:26:00,3.2107,3.213,3.2107,3.2123,3036.1885
2019-11-04 10:25:00,3.209,3.2107,3.2081,3.209,4445.8397
2019-11-04 10:24:00,3.2095,3.2107,3.2086,3.2107,7942.4664
2019-11-04 10:23:00,3.2071,3.2096,3.2067,3.2095,12929.1822
2019-11-04 10:22:00,3.2069,3.2073,3.2068,3.2071,4457.5173
2019-11-04 10:21:00,3.2053,3.2069,3.2053,3.2068,2306.4644
2019-11-04 10:20:00,3.2031,3.2055,3.2013,3.2047,9210.8575
2019-11-04 10:19:00,3.2125,3.2125,3.2,3.2038,9385.7987
2019-11-04 10:18:00,3.2111,3.213,3.2089,3.2125,6073.523
2019-11-04 10:17:00,3.2083,3.213,3.2083,3.2111,5846.8087
2019-11-04 10:16:00,3.2093,3.2107,3.2083,3.2091,3780.1441
2019-11-04 10:15:00,3.2103,3.2121,3.2086,3.2087,6855.9289
2019-11-04 10:14:00,3.2062,3.2127,3.2059,3.2127,4685.8812
2019-11-04 10:13:00,3.2061,3.2075,3.2041,3.2062,8508.1017
2019-11-04 10:12:00,3.2096,3.21,3.2041,3.209,3584.6755
2019-11-04 10:11:00,3.2166,3.2166,3.2041,3.2111,17222.6713
2019-11-04 10:10:00,3.2166,3.2166,3.2166,3.2166,1335.5377
2019-11-04 10:09:00,3.2112,3.2178,3.2112,3.2166,12609.3296
2019-11-04 10:08:00,3.2071,3.2101,3.2064,3.2101,20717.345
2019-11-04 10:07:00,3.2068,3.207,3.2051,3.2065,10300.3222
2019-11-04 10:06:00,3.2058,3.2068,3.2057,3.2068,2469.1985
2019-11-04 10:05:00,3.2057,3.207,3.2048,3.2058,7138.6447
2019-11-04 10:04:00,3.2021,3.2064,3.2021,3.2064,16213.1276
2019-11-04 10:03:00,3.2021,3.2021,3.2008,3.2021,1075.488
2019-11-04 10:02:00,3.2005,3.2021,3.2,3.2021,2186.5491
2019-11-04 10:01:00,3.1914,3.2,3.1914,3.2,4648.0361
2019-11-04 10:00:00,3.1947,3.1948,3.1918,3.1943,7226.6914
2019-11-04 09:59:00,3.1948,3.1948,3.19,3.1914,4942.6363
2019-11-04 09:58:00,3.1909,3.1951,3.1909,3.1946,1077.2708
2019-11-04 09:57:00,3.185,3.1907,3.185,3.1907,6935.869
2019-11-04 09:56:00,3.185,3.185,3.185,3.185,388.053
2019-11-04 09:55:00,3.185,3.185,3.185,3.185,539.1403
2019-11-04 09:54:00,3.1835,3.185,3.1835,3.1849,1734.7516
2019-11-04 09:53:00,3.1828,3.1846,3.1827,3.1836,4986.0795
2019-11-04 09:52:00,3.1806,3.1846,3.1785,3.1828,9385.4856
2019-11-04 09:51:00,3.1826,3.1846,3.1747,3.1806,8110.459
2019-11-04 09:50:00,3.1823,3.1846,3.1801,3.1824,6844.0455
2019-11-04 09:49:00,3.181,3.1843,3.1806,3.1824,4723.4337
2019-11-04 09:48:00,3.1768,3.181,3.1758,3.181,4234.6867
2019-11-04 09:47:00,3.1778,3.1779,3.1762,3.1767,6077.0088
2019-11-04 09:46:00,3.1778,3.1778,3.1777,3.1777,737.8095
2019-11-04 09:45:00,3.1778,3.1778,3.1777,3.1778,2565.4678
2019-11-04 09:44:00,3.1749,3.1779,3.1749,3.1778,3108.5775
2019-11-04 09:43:00,3.1751,3.1777,3.1715,3.1777,6904.8326
2019-11-04 09:42:00,3.1746,3.1778,3.1734,3.1749,2094.5674
2019-11-04 09:41:00,3.1737,3.1772,3.1737,3.1749,3385.6489
2019-11-04 09:40:00,3.175,3.1767,3.1728,3.1738,4090.5254
2019-11-04 09:39:00,3.1748,3.1772,3.1742,3.1742,1815.0148
2019-11-04 09:38:00,3.1771,3.1778,3.1744,3.1744,8068.6292
2019-11-04 09:37:00,3.179,3.179,3.1766,3.1779,4086.9409
2019-11-04 09:36:00,3.1779,3.1785,3.1779,3.1779,3157.1576
2019-11-04 09:35:00,3.1776,3.1793,3.1774,3.1793,1553.4912
2019-11-04 09:34:00,3.179,3.1792,3.1782,3.1783,3574.009
2019-11-04 09:33:00,3.1787,3.1792,3.178,3.179,8842.6427
2019-11-04 09:32:00,3.1776,3.1794,3.1776,3.1789,11499.8904
2019-11-04 09:31:00,3.1772,3.1795,3.1772,3.1781,5604.3259
2019-11-04 09:30:00,3.1741,3.1791,3.1741,3.1791,10261.3439
2019-11-04 09:29:00,3.1724,3.1738,3.1724,3.1738,3573.7797
2019-11-04 09:28:00,3.1731,3.1739,3.1728,3.1728,5273.0013
2019-11-04 09:27:00,3.1735,3.1744,3.1722,3.1726,3024.154
2019-11-04 09:26:00,3.1728,3.1744,3.1725,3.1732,999.5064
2019-11-04 09:25:00,3.1736,3.1741,3.1723,3.1723,1841.0712
2019-11-04 09:24:00,3.1725,3.1748,3.1715,3.1746,3752.5707
2019-11-04 09:23:00,3.1727,3.1744,3.171,3.1726,6707.3678
2019-11-04 09:22:00,3.174,3.1743,3.1726,3.1731,7664.3872
2019-11-04 09:21:00,3.1718,3.1739,3.1718,3.1731,2785.8198
2019-11-04 09:20:00,3.1714,3.1725,3.1701,3.1725,965.5468
2019-11-04 09:19:00,3.1725,3.1728,3.1715,3.1715,3523.1041
2019-11-04 09:18:00,3.1746,3.1766,3.1705,3.1724,3136.872
2019-11-04 09:17:00,3.1689,3.177,3.1679,3.1746,14557.3691
2019-11-04 09:16:00,3.1676,3.1698,3.1658,3.1689,1483.7939
2019-11-04 09:15:00,3.1686,3.17,3.1664,3.1676,2963.3567
2019-11-04 09:14:00,3.1717,3.1717,3.17,3.17,1835.1408
2019-11-04 09:13:00,3.1715,3.1715,3.1706,3.1711,2865.9171
2019-11-04 09:12:00,3.1718,3.1718,3.1704,3.1713,5411.7544
2019-11-04 09:11:00,3.1779,3.1779,3.1707,3.1712,4563.8815
2019-11-04 09:10:00,3.1781,3.1783,3.1779,3.1779,4471.0829
2019-11-04 09:09:00,3.1794,3.1797,3.178,3.1783,1877.7607
2019-11-04 09:08:00,3.1802,3.1805,3.179,3.1794,4897.9933
2019-11-04 09:07:00,3.1823,3.1824,3.172,3.1802,4308.156
2019-11-04 09:06:00,3.1827,3.1827,3.1815,3.1822,2930.5555
2019-11-04 09:05:00,3.1855,3.1856,3.1827,3.1828,4979.2554
2019-11-04 09:04:00,3.1866,3.188,3.185,3.1856,7114.4237
2019-11-04 09:03:00,3.1862,3.188,3.1862,3.1866,989.5389
2019-11-04 09:02:00,3.1857,3.188,3.1847,3.1853,3154.9497
2019-11-04 09:01:00,3.1876,3.1876,3.185,3.1857,1569.3874
2019-11-04 09:00:00,3.1875,3.1904,3.1849,3.1874,2106.3306
2019-11-04 08:59:00,3.1899,3.1912,3.1878,3.1905,1799.5332
2019-11-04 08:58:00,3.1864,3.1927,3.1846,3.1902,2388.8538
2019-11-04 08:57:00,3.1969,3.1971,3.189,3.1893,9946.8507
2019-11-04 08:56:00,3.1979,3.1985,3.1941,3.1969,3399.7249
2019-11-04 08:55:00,3.1877,3.2,3.1877,3.1975,15265.6625
2019-11-04 08:54:00,3.1859,3.1887,3.1846,3.1873,2234.3186
2019-11-04 08:53:00,3.1865,3.194,3.1845,3.1851,17726.0384
2019-11-04 08:52:00,3.2011,3.2029,3.1853,3.1866,3871.1453
2019-11-04 08:51:00,3.2021,3.203,3.202,3.2021,1611.4912
2019-11-04 08:50:00,3.2023,3.2035,3.2015,3.2033,5324.5058
2019-11-04 08:49:00,3.2022,3.2028,3.2019,3.2023,3245.6789
2019-11-04 08:48:00,3.2024,3.2039,3.2015,3.2027,2368.4335
2019-11-04 08:47:00,3.2035,3.2035,3.2009,3.2015,7979.0744
2019-11-04 08:46:00,3.195,3.2026,3.1932,3.2025,20717.01
2019-11-04 08:45:00,3.1819,3.2,3.1819,3.1931,19122.8706
2019-11-04 08:44:00,3.1802,3.1941,3.1801,3.186,30055.5921
2019-11-04 08:43:00,3.178,3.1801,3.1757,3.1801,9115.0881
2019-11-04 08:42:00,3.1758,3.1802,3.1736,3.1753,6677.2481
2019-11-04 08:41:00,3.1689,3.1753,3.1657,3.1752,8708.7436
2019-11-04 08:40:00,3.1588,3.1695,3.1496,3.1689,21443.5581
2019-11-04 08:39:00,3.1328,3.1595,3.1328,3.1491,51337.2193
2019-11-04 08:38:00,3.1335,3.1335,3.1302,3.1306,2445.4088
2019-11-04 08:37:00,3.1331,3.1334,3.1301,3.1334,3737.2618
2019-11-04 08:36:00,3.1363,3.1363,3.1349,3.1349,1627.6502
2019-11-04 08:35:00,3.1359,3.1373,3.1352,3.1354,3268.8527
2019-11-04 08:34:00,3.1378,3.1378,3.1352,3.1359,1645.3482
2019-11-04 08:33:00,3.1372,3.1372,3.1335,3.1361,8706.919
2019-11-04 08:32:00,3.1371,3.1371,3.133,3.1349,991.6867
2019-11-04 08:31:00,3.137,3.1378,3.1329,3.1378,2940.1798
2019-11-04 08:30:00,3.136,3.1374,3.1346,3.1346,2012.0907
2019-11-04 08:29:00,3.135,3.1358,3.135,3.135,2337.1786
2019-11-04 08:28:00,3.1325,3.135,3.1325,3.1347,4297.2452
2019-11-04 08:27:00,3.1307,3.1336,3.1302,3.1327,4297.0856
2019-11-04 08:26:00,3.1306,3.131,3.1305,3.1309,6051.9308
2019-11-04 08:25:00,3.1308,3.131,3.1302,3.1304,2678.8987
2019-11-04 08:24:00,3.1309,3.1309,3.1306,3.1309,1449.8074
2019-11-04 08:23:00,3.1301,3.131,3.1301,3.1309,791.8385
2019-11-04 08:22:00,3.1298,3.1309,3.1288,3.1295,1693.3897
2019-11-04 08:21:00,3.1309,3.131,3.1298,3.1307,4506.8041
2019-11-04 08:20:00,3.1293,3.131,3.1293,3.131,116.5857
2019-11-04 08:19:00,3.1293,3.1298,3.1293,3.1293,2631.4553
2019-11-04 08:18:00,3.1298,3.1298,3.1293,3.1293,3980.8476
2019-11-04 08:17:00,3.1286,3.1294,3.1285,3.1293,576.7336
2019-11-04 08:16:00,3.1278,3.1291,3.1262,3.1287,2046.7698
2019-11-04 08:15:00,3.1283,3.1295,3.1266,3.1282,1440.4436
2019-11-04 08:14:00,3.1289,3.1295,3.1255,3.1283,1302.7304
2019-11-04 08:13:00,3.1294,3.13,3.129,3.129,5486.3348
2019-11-04 08:12:00,3.1289,3.1293,3.1285,3.129,6540.9231
2019-11-04 08:11:00,3.13,3.13,3.1278,3.1289,7006.0267
2019-11-04 08:10:00,3.1306,3.1306,3.1258,3.1279,10982.6052
2019-11-04 08:09:00,3.1307,3.1308,3.1306,3.1307,1170.3713
2019-11-04 08:08:00,3.1308,3.1308,3.1307,3.1307,4296.9481
2019-11-04 08:07:00,3.1308,3.131,3.1308,3.131,1330.4291
2019-11-04 08:06:00,3.131,3.131,3.1307,3.1308,2873.3938
2019-11-04 08:05:00,3.1308,3.1314,3.1306,3.131,4046.0805
2019-11-04 08:04:00,3.1312,3.1313,3.1302,3.1313,451.0758
2019-11-04 08:03:00,3.1317,3.1317,3.1305,3.1307,2833.0749
2019-11-04 08:02:00,3.1317,3.1318,3.131,3.1314,6214.4455
2019-11-04 08:01:00,3.1302,3.1302,3.1302,3.1302,0
2019-11-04 08:00:00,3.1304,3.1304,3.1302,3.1302,3295.1197
2019-11-04 07:59:00,3.1288,3.1315,3.1288,3.1301,5859.5305
2019-11-04 07:58:00,3.1309,3.1317,3.1287,3.1292,7822.4389
2019-11-04 07:57:00,3.1295,3.1312,3.1291,3.1291,1088.2829
2019-11-04 07:56:00,3.1295,3.1295,3.1274,3.1274,8165.6223
2019-11-04 07:55:00,3.1295,3.1309,3.1268,3.1268,3485.7982
2019-11-04 07:54:00,3.1325,3.1325,3.1289,3.1304,1089.7814
2019-11-04 07:53:00,3.1306,3.1314,3.1283,3.1302,1289.8739
2019-11-04 07:52:00,3.1305,3.1324,3.1296,3.1324,3344.3289
2019-11-04 07:51:00,3.1289,3.132,3.127,3.132,3957.3544
2019-11-04 07:50:00,3.1294,3.1319,3.127,3.1297,4471.8655
2019-11-04 07:49:00,3.1304,3.1327,3.1294,3.1311,1913.6069
2019-11-04 07:48:00,3.1304,3.1304,3.1283,3.1304,881.6727
2019-11-04 07:47:00,3.13,3.1304,3.1277,3.1304,1707.0344
2019-11-04 07:46:00,3.1293,3.1309,3.1288,3.1309,8330.0542
2019-11-04 07:45:00,3.1295,3.1326,3.1295,3.1304,1700.3076
2019-11-04 07:44:00,3.1316,3.1316,3.1289,3.1297,686.5774
2019-11-04 07:43:00,3.1314,3.1321,3.1281,3.1281,7052.1713
2019-11-04 07:42:00,3.1308,3.1311,3.128,3.1309,5894.2171
2019-11-04 07:41:00,3.1295,3.1308,3.1286,3.1305,3563.0784
2019-11-04 07:40:00,3.1266,3.13,3.1266,3.1291,2244.7805
2019-11-04 07:39:00,3.1266,3.13,3.1266,3.1278,7497.5817
2019-11-04 07:38:00,3.1276,3.1276,3.125,3.1273,3649.115
2019-11-04 07:37:00,3.1246,3.1283,3.1246,3.1275,9150.0814
2019-11-04 07:36:00,3.1253,3.1276,3.1253,3.1276,4492.6712
2019-11-04 07:35:00,3.1255,3.1255,3.125,3.125,1504.9908
2019-11-04 07:34:00,3.1247,3.126,3.1245,3.1253,2144.3741
2019-11-04 07:33:00,3.1241,3.1246,3.124,3.1241,487.6855
2019-11-04 07:32:00,3.1195,3.13,3.1186,3.1241,7248.3186
2019-11-04 07:31:00,3.1195,3.12,3.1195,3.1195,5442.3407
2019-11-04 07:30:00,3.1165,3.1206,3.1165,3.1194,11098.36
2019-11-04 07:29:00,3.1172,3.1177,3.1172,3.1173,2836.956
2019-11-04 07:28:00,3.1175,3.1179,3.1161,3.1161,12313.138
2019-11-04 07:27:00,3.1168,3.1174,3.1165,3.1174,963.9953
2019-11-04 07:26:00,3.1171,3.1179,3.1161,3.1161,1374.0202
2019-11-04 07:25:00,3.1174,3.1183,3.1166,3.1179,2563.1898
2019-11-04 07:24:00,3.1172,3.1174,3.1164,3.1164,9726.4206
2019-11-04 07:23:00,3.1187,3.1187,3.1169,3.1186,4460.5397
2019-11-04 07:22:00,3.1167,3.1186,3.1144,3.1186,1654.4291
2019-11-04 07:21:00,3.117,3.1194,3.1166,3.117,1577.1654
2019-11-04 07:20:00,3.117,3.119,3.1128,3.1172,2287.1456
2019-11-04 07:19:00,3.1169,3.1202,3.1165,3.1172,1842.172
2019-11-04 07:18:00,3.1176,3.1205,3.1176,3.1186,4349.7429
2019-11-04 07:17:00,3.1173,3.12,3.1144,3.1144,1167.964
2019-11-04 07:16:00,3.1176,3.1187,3.1132,3.1132,2523.8489
2019-11-04 07:15:00,3.1166,3.1201,3.1166,3.1169,7798.0398
2019-11-04 07:14:00,3.1177,3.1188,3.1166,3.1166,990.8557
2019-11-04 07:13:00,3.1198,3.1198,3.1127,3.1149,17256.5848
2019-11-04 07:12:00,3.1171,3.119,3.1011,3.1166,7772.2735
2019-11-04 07:11:00,3.1199,3.1199,3.1173,3.1173,829.5042
2019-11-04 07:10:00,3.1178,3.1195,3.1177,3.1191,1727.4804
2019-11-04 07:09:00,3.1245,3.1245,3.1178,3.1189,9735.5394
2019-11-04 07:08:00,3.1207,3.1259,3.117,3.1245,4110.0311
2019-11-04 07:07:00,3.1244,3.1244,3.1184,3.1184,2285.8753
2019-11-04 07:06:00,3.1252,3.1266,3.1219,3.1251,3987.0691
2019-11-04 07:05:00,3.1315,3.1315,3.1212,3.1268,14842.1656
2019-11-04 07:04:00,3.1315,3.1324,3.1302,3.1315,1423.089
2019-11-04 07:03:00,3.1308,3.1315,3.1277,3.1315,4756.9638
2019-11-04 07:02:00,3.1311,3.133,3.1273,3.1278,6858.2338
2019-11-04 07:01:00,3.1285,3.1326,3.1277,3.1294,12706.5687
2019-11-04 07:00:00,3.1302,3.1327,3.1272,3.1293,2160.074
2019-11-04 06:59:00,3.1303,3.1327,3.13,3.1327,5923.763
2019-11-04 06:58:00,3.1303,3.1307,3.1287,3.129,2507.3766
2019-11-04 06:57:00,3.13,3.1322,3.1288,3.1306,6163.6519
2019-11-04 06:56:00,3.1296,3.1326,3.1296,3.1302,2428.1782
2019-11-04 06:55:00,3.1295,3.1322,3.1269,3.1322,2507.3186
2019-11-04 06:54:00,3.1295,3.132,3.1271,3.1296,2760.9019
2019-11-04 06:53:00,3.1289,3.1294,3.126,3.1292,2031.3279
2019-11-04 06:52:00,3.13,3.1326,3.1243,3.1325,2503.8795
2019-11-04 06:51:00,3.1275,3.1318,3.125,3.1301,6654.0913
2019-11-04 06:50:00,3.126,3.1319,3.122,3.1262,8339.0351
2019-11-04 06:49:00,3.1274,3.1306,3.122,3.1283,11194.9287
2019-11-04 06:48:00,3.1272,3.1274,3.1215,3.1274,2389.2651
2019-11-04 06:47:00,3.1227,3.1264,3.1205,3.124,11679.7
2019-11-04 06:46:00,3.125,3.1271,3.1221,3.1266,7298.1235
2019-11-04 06:45:00,3.1232,3.1252,3.1205,3.1229,4070.5278
2019-11-04 06:44:00,3.1191,3.1256,3.119,3.1234,3059.3899
2019-11-04 06:43:00,3.1228,3.1269,3.1203,3.1203,3484.609
2019-11-04 06:42:00,3.1186,3.1264,3.1186,3.1228,1634.5663
2019-11-04 06:41:00,3.1229,3.1242,3.1225,3.1228,4977.6956
2019-11-04 06:40:00,3.1233,3.1243,3.1214,3.1243,1994.3733
2019-11-04 06:39:00,3.1219,3.1239,3.1184,3.1206,1755.7884
2019-11-04 06:38:00,3.121,3.1248,3.1197,3.1207,6073.1348
2019-11-04 06:37:00,3.1231,3.1241,3.1209,3.1229,2072.3377
2019-11-04 06:36:00,3.1256,3.1256,3.123,3.1245,2645.4375
2019-11-04 06:35:00,3.1234,3.1251,3.1203,3.1231,9323.7385
2019-11-04 06:34:00,3.1244,3.1244,3.1198,3.1227,1438.8257
2019-11-04 06:33:00,3.1234,3.1244,3.1211,3.1222,2225.8655
2019-11-04 06:32:00,3.1238,3.1238,3.1216,3.1234,3394.7275
2019-11-04 06:31:00,3.1238,3.1238,3.1219,3.1226,3192.2108
2019-11-04 06:30:00,3.1214,3.1236,3.1214,3.123,2781.5975
2019-11-04 06:29:00,3.1219,3.1236,3.12,3.12,4324.5539
2019-11-04 06:28:00,3.1192,3.1236,3.1189,3.1236,3302.9052
2019-11-04 06:27:00,3.1149,3.1202,3.1146,3.1192,2400.7521
2019-11-04 06:26:00,3.1188,3.1188,3.1146,3.1146,789.2253
2019-11-04 06:25:00,3.1188,3.1208,3.1174,3.1188,6355.6507
2019-11-04 06:24:00,3.121,3.121,3.117,3.1187,4470.5291
2019-11-04 06:23:00,3.1165,3.1205,3.1165,3.1188,1623.3948
2019-11-04 06:22:00,3.1165,3.1165,3.1165,3.1165,2.2326
2019-11-04 06:21:00,3.1166,3.1183,3.1162,3.1164,2077.8759
2019-11-04 06:20:00,3.1208,3.13,3.1157,3.1166,26566.7032
2019-11-04 06:19:00,3.1183,3.1208,3.1171,3.1207,5381.3431
2019-11-04 06:18:00,3.1164,3.1172,3.1159,3.1172,2927.3237
2019-11-04 06:17:00,3.1173,3.1178,3.1155,3.1164,1153.7877
2019-11-04 06:16:00,3.1204,3.1209,3.1173,3.1173,14623.8261
2019-11-04 06:15:00,3.1207,3.1214,3.1193,3.1204,6652.4729
2019-11-04 06:14:00,3.1208,3.1221,3.1206,3.1206,675.3392
2019-11-04 06:13:00,3.1209,3.1218,3.1196,3.1208,2248.6474
2019-11-04 06:12:00,3.1202,3.1218,3.1202,3.1209,10374.5481
2019-11-04 06:11:00,3.1215,3.1225,3.1208,3.1208,3778.588
2019-11-04 06:10:00,3.1217,3.1225,3.1217,3.1225,1034.0233
2019-11-04 06:09:00,3.1209,3.1225,3.1201,3.1209,1304.0912
2019-11-04 06:08:00,3.1213,3.1225,3.1194,3.1209,2268.3592
2019-11-04 06:07:00,3.1208,3.1224,3.1201,3.1224,4293.9006
2019-11-04 06:06:00,3.1199,3.1208,3.1186,3.1206,5420.9239
2019-11-04 06:05:00,3.1189,3.1212,3.1182,3.119,4067.3869
2019-11-04 06:04:00,3.1156,3.1196,3.1156,3.1189,820.8193
2019-11-04 06:03:00,3.1156,3.1163,3.1155,3.1158,1214.3318
2019-11-04 06:02:00,3.1156,3.1158,3.1154,3.1156,4223.7188
2019-11-04 06:01:00,3.1151,3.1156,3.1148,3.1156,3723.8746
2019-11-04 06:00:00,3.1151,3.1153,3.1149,3.1151,5868.9686
2019-11-04 05:59:00,3.1147,3.1151,3.1143,3.1151,5720.7973
2019-11-04 05:58:00,3.1177,3.1186,3.1139,3.1146,12163.4997
2019-11-04 05:57:00,3.1179,3.1192,3.1165,3.1185,9091.0139
2019-11-04 05:56:00,3.1176,3.1197,3.1129,3.1179,7667.0886
2019-11-04 05:55:00,3.1067,3.1171,3.1057,3.1162,4433.0795
2019-11-04 05:54:00,3.1075,3.1075,3.1057,3.1067,2368.5207
2019-11-04 05:53:00,3.1006,3.1192,3.0999,3.1087,19008.9542
2019-11-04 05:52:00,3.0958,3.099,3.095,3.099,5847.9282
2019-11-04 05:51:00,3.0992,3.1003,3.0938,3.0958,7519.7253
2019-11-04 05:50:00,3.095,3.0996,3.0946,3.099,7889.0049
2019-11-04 05:49:00,3.0979,3.0979,3.0941,3.0941,3281.5703
2019-11-04 05:48:00,3.0948,3.098,3.0948,3.0949,2496.644
2019-11-04 05:47:00,3.0948,3.0975,3.0919,3.0948,1581.8178
2019-11-04 05:46:00,3.0952,3.0952,3.0915,3.0948,8307.0366
2019-11-04 05:45:00,3.1039,3.1046,3.095,3.0983,3377.119
2019-11-04 05:44:00,3.1049,3.1049,3.1016,3.1039,3938.4255
2019-11-04 05:43:00,3.1038,3.1076,3.1024,3.1049,6639.9415
2019-11-04 05:42:00,3.1071,3.1084,3.1046,3.1046,3868.4136
2019-11-04 05:41:00,3.1076,3.1076,3.1068,3.1068,1199.9052
2019-11-04 05:40:00,3.1068,3.1083,3.1068,3.107,2678.0706
2019-11-04 05:39:00,3.1073,3.108,3.1067,3.108,5233.7649
2019-11-04 05:38:00,3.1078,3.1078,3.1068,3.107,7224.6683
2019-11-04 05:37:00,3.1073,3.1073,3.1054,3.106,3797.9441
2019-11-04 05:36:00,3.1087,3.1087,3.1059,3.1059,3193.115
2019-11-04 05:35:00,3.1075,3.1078,3.1061,3.1072,1752.916
2019-11-04 05:34:00,3.1074,3.1082,3.1068,3.1082,8177.1017
2019-11-04 05:33:00,3.1071,3.1076,3.1069,3.1073,7803.9078
2019-11-04 05:32:00,3.107,3.1083,3.1055,3.1074,1815.4396
2019-11-04 05:31:00,3.1075,3.1088,3.107,3.107,1103.2678
2019-11-04 05:30:00,3.1082,3.1091,3.1078,3.1078,2250.3374
2019-11-04 05:29:00,3.1053,3.1082,3.1053,3.1079,8354.446
2019-11-04 05:28:00,3.1074,3.1082,3.1074,3.1076,7839.6541
2019-11-04 05:27:00,3.107,3.1081,3.1055,3.107,3083.4374
2019-11-04 05:26:00,3.107,3.1087,3.1058,3.1072,9044.7099
2019-11-04 05:25:00,3.107,3.1089,3.1054,3.1073,6521.027
2019-11-04 05:24:00,3.1108,3.1108,3.1074,3.1075,1732.4303
2019-11-04 05:23:00,3.1134,3.1143,3.1119,3.1119,2694.4476
2019-11-04 05:22:00,3.1136,3.1141,3.1133,3.1138,2831.1688
2019-11-04 05:21:00,3.1137,3.1141,3.1136,3.1136,459.3683
2019-11-04 05:20:00,3.1118,3.1161,3.111,3.1136,3830.1504
2019-11-04 05:19:00,3.1118,3.1123,3.1113,3.1117,8019.517
2019-11-04 05:18:00,3.1118,3.1126,3.1108,3.1118,1353.9703
2019-11-04 05:17:00,3.1125,3.1126,3.1116,3.1126,6275.7339
2019-11-04 05:16:00,3.1117,3.1121,3.1108,3.1116,4317.6295
2019-11-04 05:15:00,3.1133,3.1133,3.1107,3.1107,2707.2791
2019-11-04 05:14:00,3.1125,3.1149,3.1118,3.1149,5557.5523
2019-11-04 05:13:00,3.1102,3.1173,3.1102,3.1135,1498.5234
2019-11-04 05:12:00,3.1131,3.1131,3.1094,3.1116,3617.6642
2019-11-04 05:11:00,3.1093,3.1111,3.107,3.1108,1307.0526
2019-11-04 05:10:00,3.1057,3.1105,3.1057,3.1105,12214.1962
2019-11-04 05:09:00,3.1107,3.1111,3.1085,3.1085,789.8374
2019-11-04 05:08:00,3.1115,3.1132,3.1106,3.1111,10417.6564
2019-11-04 05:07:00,3.1112,3.1129,3.1071,3.1115,4286.174
2019-11-04 05:06:00,3.1064,3.1115,3.1064,3.1113,1401.392
2019-11-04 05:05:00,3.1089,3.1089,3.107,3.1083,810.9018
2019-11-04 05:04:00,3.1118,3.112,3.106,3.1083,2559.677
2019-11-04 05:03:00,3.1113,3.1113,3.1064,3.1096,4890.73
2019-11-04 05:02:00,3.1116,3.1126,3.1116,3.1119,1920.8506
2019-11-04 05:01:00,3.1103,3.1129,3.1103,3.1116,1313.7245
2019-11-04 05:00:00,3.1106,3.1133,3.1106,3.1117,1561.9148
2019-11-04 04:59:00,3.1117,3.1127,3.1108,3.1127,833.2677
2019-11-04 04:58:00,3.1117,3.1124,3.11,3.1112,2636.2681
2019-11-04 04:57:00,3.1112,3.1132,3.1112,3.1121,780.1035
2019-11-04 04:56:00,3.1112,3.1112,3.1092,3.1093,5378.7121
2019-11-04 04:55:00,3.1114,3.1125,3.1099,3.1113,2742.2063
2019-11-04 04:54:00,3.1091,3.1111,3.109,3.1108,4735.1086
2019-11-04 04:53:00,3.1105,3.1108,3.1089,3.1107,3439.7748
2019-11-04 04:52:00,3.1106,3.1134,3.1077,3.1106,2863.0991
2019-11-04 04:51:00,3.1105,3.1129,3.1084,3.111,1394.0184
2019-11-04 04:50:00,3.1094,3.1126,3.1093,3.1126,3793.4953
2019-11-04 04:49:00,3.1107,3.1107,3.11,3.1103,6987.3394
2019-11-04 04:48:00,3.109,3.111,3.1084,3.1084,9642.0196
2019-11-04 04:47:00,3.1091,3.1091,3.1059,3.1083,2723.5411
2019-11-04 04:46:00,3.1063,3.1131,3.1063,3.1091,5696.4237
2019-11-04 04:45:00,3.1107,3.1111,3.1089,3.11,773.752
2019-11-04 04:44:00,3.1096,3.1128,3.1094,3.1094,1560.3982
2019-11-04 04:43:00,3.111,3.111,3.1074,3.1106,8576.4371
2019-11-04 04:42:00,3.1111,3.1114,3.1092,3.1109,2241.1452
2019-11-04 04:41:00,3.1127,3.1127,3.1074,3.11,4019.7882
2019-11-04 04:40:00,3.1087,3.1094,3.1075,3.1094,1048.3173
2019-11-04 04:39:00,3.1107,3.1109,3.1075,3.1075,7686.1752
2019-11-04 04:38:00,3.1091,3.1111,3.1091,3.1104,8380.3155
2019-11-04 04:37:00,3.1099,3.1099,3.108,3.1093,3944.0153
2019-11-04 04:36:00,3.1097,3.1105,3.1083,3.1083,1580.945
2019-11-04 04:35:00,3.1097,3.111,3.109,3.1094,5506.9762
2019-11-04 04:34:00,3.1085,3.109,3.1065,3.1087,6654.1526
2019-11-04 04:33:00,3.1084,3.1096,3.1066,3.1066,1594.7137
2019-11-04 04:32:00,3.1092,3.1111,3.1078,3.1087,3489.0417
2019-11-04 04:31:00,3.1103,3.1109,3.1091,3.1104,891.8086
2019-11-04 04:30:00,3.1125,3.1125,3.1069,3.1091,10238.9058
2019-11-04 04:29:00,3.1124,3.1131,3.1113,3.1131,2913.6383
2019-11-04 04:28:00,3.1114,3.1129,3.1112,3.1115,1555.9477
2019-11-04 04:27:00,3.1117,3.1117,3.1103,3.1114,1684.1005
2019-11-04 04:26:00,3.1126,3.113,3.1113,3.1113,658.9815
2019-11-04 04:25:00,3.1115,3.1133,3.1115,3.1125,750.7734
2019-11-04 04:24:00,3.1087,3.1129,3.1087,3.1108,6200.105
2019-11-04 04:23:00,3.1102,3.1105,3.1074,3.11,5462.7619
2019-11-04 04:22:00,3.1065,3.1131,3.1065,3.1088,7050.0262
2019-11-04 04:21:00,3.1082,3.1108,3.1081,3.1099,2928.1486
2019-11-04 04:20:00,3.1104,3.1133,3.1089,3.1089,468.0842
2019-11-04 04:19:00,3.1095,3.11,3.1082,3.1083,1883.5883
2019-11-04 04:18:00,3.1096,3.1116,3.107,3.1108,7189.527
2019-11-04 04:17:00,3.1093,3.1095,3.1078,3.1095,3435.571
2019-11-04 04:16:00,3.1102,3.1119,3.1073,3.1073,2645.4038
2019-11-04 04:15:00,3.1099,3.1099,3.1065,3.1087,983.5614
2019-11-04 04:14:00,3.1095,3.1099,3.1062,3.1063,2912.0755
2019-11-04 04:13:00,3.1109,3.113,3.1079,3.1097,1305.4893
2019-11-04 04:12:00,3.1105,3.1105,3.1092,3.1092,1836.0177
2019-11-04 04:11:00,3.1097,3.1123,3.1065,3.1094,1477.9659
2019-11-04 04:10:00,3.1152,3.1152,3.111,3.111,5969.7005
2019-11-04 04:09:00,3.1142,3.1169,3.1142,3.1154,697.2102
2019-11-04 04:08:00,3.1111,3.1143,3.1111,3.1141,4144.5738
2019-11-04 04:07:00,3.1067,3.1108,3.1061,3.1102,5629.8245
2019-11-04 04:06:00,3.1055,3.1087,3.1055,3.1066,2787.2519
2019-11-04 04:05:00,3.1067,3.1085,3.1067,3.1069,562.7722
2019-11-04 04:04:00,3.1076,3.1082,3.1055,3.1082,2057.1497
2019-11-04 04:03:00,3.1078,3.1092,3.1076,3.1078,9164.4817
2019-11-04 04:02:00,3.1076,3.1093,3.1057,3.108,3652.3666
2019-11-04 04:01:00,3.1065,3.1075,3.1058,3.1075,2544.2361
2019-11-04 04:00:00,3.1093,3.1093,3.1061,3.1066,1959.9548
2019-11-04 03:59:00,3.1071,3.1071,3.1062,3.1062,974.6665
2019-11-04 03:58:00,3.1063,3.1066,3.1054,3.1064,1519.3278
2019-11-04 03:57:00,3.1079,3.1094,3.1054,3.1068,7560.2705
2019-11-04 03:56:00,3.1102,3.1102,3.1067,3.1067,1852.6487
2019-11-04 03:55:00,3.108,3.108,3.1062,3.108,820.1373
2019-11-04 03:54:00,3.1088,3.1089,3.1062,3.1078,7225.7729
2019-11-04 03:53:00,3.1089,3.1093,3.1067,3.1091,4890.2386
2019-11-04 03:52:00,3.1081,3.1107,3.1081,3.1096,1477.6259
2019-11-04 03:51:00,3.1091,3.1093,3.1074,3.1074,4866.6383
2019-11-04 03:50:00,3.1107,3.1107,3.1107,3.1107,0
2019-11-04 03:49:00,3.1107,3.1107,3.1107,3.1107,0
2019-11-04 03:48:00,3.1107,3.1107,3.1107,3.1107,0
2019-11-04 03:47:00,3.1107,3.1107,3.1107,3.1107,811.5362
2019-11-04 03:46:00,3.1107,3.1107,3.1107,3.1107,8521.6931
2019-11-04 03:45:00,3.1098,3.1106,3.1096,3.1098,6820.4282
2019-11-04 03:44:00,3.1103,3.1105,3.1088,3.1105,2335.9638
2019-11-04 03:43:00,3.1098,3.1104,3.1093,3.1093,10047.946
2019-11-04 03:42:00,3.1091,3.1104,3.1091,3.1104,3454.7671
2019-11-04 03:41:00,3.1102,3.1106,3.1095,3.1104,2669.24
2019-11-04 03:40:00,3.1103,3.1107,3.1092,3.1103,2410.1023
2019-11-04 03:39:00,3.1087,3.1103,3.1077,3.1097,3484.7876
2019-11-04 03:38:00,3.109,3.109,3.1081,3.1087,1498.9987
2019-11-04 03:37:00,3.109,3.1094,3.1082,3.1094,5673.494
2019-11-04 03:36:00,3.109,3.1098,3.1077,3.109,1373.3459
2019-11-04 03:35:00,3.1085,3.1092,3.1083,3.1083,3666.6462
2019-11-04 03:34:00,3.1088,3.1089,3.1082,3.1085,1943.2882
2019-11-04 03:33:00,3.1091,3.1101,3.1089,3.1089,3458.8576
2019-11-04 03:32:00,3.1089,3.1093,3.1077,3.1091,8881.4084
2019-11-04 03:31:00,3.109,3.109,3.1077,3.1089,1562.8503
2019-11-04 03:30:00,3.1093,3.1105,3.1086,3.1105,3406.4341
2019-11-04 03:29:00,3.1094,3.1094,3.1081,3.1083,4622.1446
2019-11-04 03:28:00,3.1078,3.1097,3.1078,3.1097,4048.914
2019-11-04 03:27:00,3.1081,3.1099,3.1073,3.1073,3217.4339
2019-11-04 03:26:00,3.1089,3.1102,3.1072,3.1101,4985.165
2019-11-04 03:25:00,3.1078,3.1094,3.1062,3.1094,1092.655
2019-11-04 03:24:00,3.1073,3.1105,3.1053,3.1078,1415.2912
2019-11-04 03:23:00,3.1061,3.1073,3.1053,3.106,1623.3719
2019-11-04 03:22:00,3.1052,3.1081,3.1052,3.1067,1053.9572
2019-11-04 03:21:00,3.1077,3.1105,3.1063,3.1063,5441.0372
2019-11-04 03:20:00,3.1077,3.1103,3.1048,3.1077,5711.9665
2019-11-04 03:19:00,3.1097,3.1102,3.1055,3.1081,14522.9798
2019-11-04 03:18:00,3.1077,3.1104,3.1077,3.1077,3347.022
2019-11-04 03:17:00,3.1072,3.1097,3.1056,3.1084,5710.9136
2019-11-04 03:16:00,3.1117,3.1122,3.1073,3.1073,2630.0084
2019-11-04 03:15:00,3.112,3.112,3.1109,3.1117,6779.0494
2019-11-04 03:14:00,3.112,3.1124,3.1115,3.112,2759.1853
2019-11-04 03:13:00,3.1125,3.113,3.1119,3.112,1662.5971
2019-11-04 03:12:00,3.1129,3.1129,3.1128,3.1128,628.5716
2019-11-04 03:11:00,3.113,3.1131,3.1127,3.1129,8343.4632
2019-11-04 03:10:00,3.1124,3.1133,3.1124,3.1129,12729.2655
2019-11-04 03:09:00,3.1134,3.1137,3.1134,3.1134,4537.1759
2019-11-04 03:08:00,3.1135,3.1142,3.1134,3.1134,5440.6556
2019-11-04 03:07:00,3.1134,3.1143,3.1134,3.1134,5969.1313
2019-11-04 03:06:00,3.1147,3.1147,3.1134,3.1138,7494.171
2019-11-04 03:05:00,3.1171,3.1171,3.1128,3.1139,3816.3614
2019-11-04 03:04:00,3.1172,3.1172,3.1172,3.1172,0
2019-11-04 03:03:00,3.1172,3.1172,3.1172,3.1172,0
2019-11-04 03:02:00,3.1172,3.1172,3.1172,3.1172,0
2019-11-04 03:01:00,3.1163,3.1173,3.1163,3.1172,3528.8959
2019-11-04 03:00:00,3.115,3.1171,3.115,3.1171,2078.8277
2019-11-04 02:59:00,3.1139,3.115,3.1128,3.1149,1473.1338
2019-11-04 02:58:00,3.105,3.1142,3.105,3.1138,8388.3032
2019-11-04 02:57:00,3.1038,3.1046,3.1038,3.1046,2459.2782
2019-11-04 02:56:00,3.1037,3.1037,3.1037,3.1037,0
2019-11-04 02:55:00,3.1035,3.1037,3.1035,3.1037,416.5895
2019-11-04 02:54:00,3.1032,3.1035,3.1032,3.1035,1418.0365
2019-11-04 02:53:00,3.1035,3.1035,3.1031,3.1032,3182.2256
2019-11-04 02:52:00,3.1027,3.1034,3.1026,3.1031,3823.7838
2019-11-04 02:51:00,3.1027,3.1027,3.1017,3.1017,9700.775
2019-11-04 02:50:00,3.1026,3.1028,3.1025,3.1028,2755.5593
2019-11-04 02:49:00,3.1026,3.1036,3.1026,3.1026,705.0843
2019-11-04 02:48:00,3.1026,3.1028,3.1022,3.1022,3095.0042
2019-11-04 02:47:00,3.1017,3.1028,3.1017,3.1028,3580.5365
2019-11-04 02:46:00,3.101,3.1022,3.1009,3.1017,5302.3508
2019-11-04 02:45:00,3.1036,3.1036,3.0936,3.101,4701.1877
2019-11-04 02:44:00,3.1036,3.1036,3.1036,3.1036,0
2019-11-04 02:43:00,3.1036,3.1036,3.1036,3.1036,0
2019-11-04 02:42:00,3.1036,3.1036,3.1036,3.1036,0
2019-11-04 02:41:00,3.1035,3.1036,3.1034,3.1036,121.0538
2019-11-04 02:40:00,3.1021,3.1029,3.1021,3.1028,392.9225
2019-11-04 02:39:00,3.1016,3.1016,3.1016,3.1016,0
2019-11-04 02:38:00,3.1016,3.1016,3.1016,3.1016,0
2019-11-04 02:37:00,3.1016,3.1016,3.1016,3.1016,0
2019-11-04 02:36:00,3.1016,3.1017,3.1016,3.1016,3808.613
2019-11-04 02:35:00,3.1016,3.102,3.1012,3.1015,1679.7112
2019-11-04 02:34:00,3.102,3.102,3.1015,3.1018,3049.4205
2019-11-04 02:33:00,3.1009,3.102,3.1009,3.102,960.6854
2019-11-04 02:32:00,3.1009,3.101,3.1009,3.101,30.2435
2019-11-04 02:31:00,3.102,3.102,3.1003,3.1009,3116.589
2019-11-04 02:30:00,3.0998,3.1006,3.0998,3.1006,446.7283
2019-11-04 02:29:00,3.0997,3.0997,3.0997,3.0997,0
2019-11-04 02:28:00,3.0995,3.0997,3.0995,3.0997,664.1986
2019-11-04 02:27:00,3.0983,3.0996,3.0983,3.0996,907.7371
2019-11-04 02:26:00,3.0974,3.0992,3.0974,3.0977,1841.2057
2019-11-04 02:25:00,3.0991,3.0991,3.0937,3.0978,10319.6043
2019-11-04 02:24:00,3.0984,3.0995,3.0981,3.0989,4174.3739
2019-11-04 02:23:00,3.0969,3.0987,3.0968,3.0987,1510.1131
2019-11-04 02:22:00,3.0989,3.0991,3.0969,3.0969,9006.4749
2019-11-04 02:21:00,3.0975,3.0998,3.0969,3.0969,907.5724
2019-11-04 02:20:00,3.0963,3.0989,3.0949,3.0978,1621.7465
2019-11-04 02:19:00,3.0974,3.1016,3.0974,3.1015,9500.4887
2019-11-04 02:18:00,3.1012,3.1016,3.0966,3.0985,5849.5227
2019-11-04 02:17:00,3.0972,3.0999,3.0972,3.0975,3760.8498
2019-11-04 02:16:00,3.0973,3.1006,3.0945,3.1006,4112.7457
2019-11-04 02:15:00,3.096,3.1019,3.0936,3.0979,10669.5509
2019-11-04 02:14:00,3.1001,3.1003,3.0985,3.0997,616.4543
2019-11-04 02:13:00,3.1007,3.1009,3.0989,3.0989,1342.7946
2019-11-04 02:12:00,3.1029,3.1072,3.1007,3.1011,3399.9565
2019-11-04 02:11:00,3.1004,3.1029,3.1004,3.1029,1139.0844
2019-11-04 02:10:00,3.0987,3.1047,3.0899,3.1004,13321.604
2019-11-04 02:09:00,3.0949,3.0985,3.0944,3.0967,2149.9461
2019-11-04 02:08:00,3.1053,3.1053,3.0917,3.0917,3836.4746
2019-11-04 02:07:00,3.1149,3.1149,3.1041,3.1056,3313.517
2019-11-04 02:06:00,3.1146,3.1171,3.1145,3.1168,5889.7738
2019-11-04 02:05:00,3.1144,3.1167,3.112,3.1143,5475.6278
2019-11-04 02:04:00,3.1157,3.1157,3.1114,3.1142,1055.1533
2019-11-04 02:03:00,3.1148,3.1173,3.1131,3.1131,6010.2531
2019-11-04 02:02:00,3.1153,3.1173,3.1122,3.1142,11232.1307
2019-11-04 02:01:00,3.1142,3.1156,3.1126,3.1135,2339.6412
2019-11-04 02:00:00,3.1114,3.1135,3.1083,3.1126,2328.0032
2019-11-04 01:59:00,3.1049,3.1114,3.1049,3.1114,8702.5324
2019-11-04 01:58:00,3.1087,3.1087,3.0921,3.1047,37651.8284
2019-11-04 01:57:00,3.1063,3.1105,3.1063,3.1075,1984.0242
2019-11-04 01:56:00,3.1076,3.1079,3.1063,3.1079,797.5412
2019-11-04 01:55:00,3.1045,3.1113,3.103,3.1107,11019.1676
2019-11-04 01:54:00,3.1038,3.106,3.103,3.1045,4772.7617
2019-11-04 01:53:00,3.1059,3.1059,3.1028,3.1031,2264.4803
2019-11-04 01:52:00,3.0956,3.1059,3.0955,3.1055,5299.3287
2019-11-04 01:51:00,3.1123,3.1124,3.0958,3.0958,4180.1704
2019-11-04 01:50:00,3.1115,3.1156,3.1081,3.1156,2274.4159
2019-11-04 01:49:00,3.1104,3.1158,3.1067,3.1067,6409.5922
2019-11-04 01:48:00,3.105,3.1166,3.105,3.1104,2394.2717
2019-11-04 01:47:00,3.0963,3.1166,3.0963,3.1098,30372.7914
2019-11-04 01:46:00,3.0968,3.0975,3.0959,3.0963,2472.7518
2019-11-04 01:45:00,3.097,3.0988,3.096,3.0965,2611.4977
2019-11-04 01:44:00,3.0964,3.0971,3.096,3.097,1611.2411
2019-11-04 01:43:00,3.0961,3.0967,3.0955,3.0962,2953.6482
2019-11-04 01:42:00,3.0959,3.0971,3.0959,3.0961,4719.2884
2019-11-04 01:41:00,3.0967,3.0973,3.095,3.0955,3747.8835
2019-11-04 01:40:00,3.0973,3.0973,3.096,3.0967,1517.8752
2019-11-04 01:39:00,3.0965,3.0986,3.0942,3.0984,1266.1543
2019-11-04 01:38:00,3.1005,3.101,3.0968,3.0972,2360.6881
2019-11-04 01:37:00,3.1064,3.1111,3.1002,3.1004,22818.4217
2019-11-04 01:36:00,3.1105,3.1105,3.101,3.1064,5988.7869
2019-11-04 01:35:00,3.1112,3.1115,3.1104,3.1105,547.6513
2019-11-04 01:34:00,3.1118,3.1123,3.1111,3.112,1339.4722
2019-11-04 01:33:00,3.1115,3.1122,3.111,3.111,3316.7444
2019-11-04 01:32:00,3.1115,3.112,3.1113,3.1115,5224.5122
2019-11-04 01:31:00,3.1123,3.1123,3.1106,3.1106,2753.3226
2019-11-04 01:30:00,3.1115,3.1116,3.1113,3.1115,5975.1666
2019-11-04 01:29:00,3.1116,3.1119,3.1112,3.1115,2762.1544
2019-11-04 01:28:00,3.1124,3.1124,3.1115,3.1116,1265.1855
2019-11-04 01:27:00,3.1128,3.1128,3.1116,3.1117,7168.7186
2019-11-04 01:26:00,3.1128,3.114,3.1115,3.1123,5856.7483
2019-11-04 01:25:00,3.1148,3.1149,3.1135,3.1143,548.8681
2019-11-04 01:24:00,3.1144,3.1144,3.112,3.1137,5852.1989
2019-11-04 01:23:00,3.1127,3.1159,3.1127,3.1137,1128.8561
2019-11-04 01:22:00,3.1146,3.1146,3.1128,3.1143,529.0192
2019-11-04 01:21:00,3.114,3.1152,3.1128,3.1152,1240.2622
2019-11-04 01:20:00,3.116,3.116,3.1122,3.1145,1933.7199
2019-11-04 01:19:00,3.1131,3.1137,3.1116,3.1137,1965.729
2019-11-04 01:18:00,3.1131,3.114,3.1131,3.1134,1614.7978
2019-11-04 01:17:00,3.113,3.1147,3.113,3.1131,1904.077
2019-11-04 01:16:00,3.1135,3.1135,3.1122,3.1134,2681.4066
2019-11-04 01:15:00,3.1129,3.1144,3.1129,3.1133,15396.7101
2019-11-04 01:14:00,3.1134,3.1137,3.1127,3.1134,3611.929
2019-11-04 01:13:00,3.113,3.1134,3.1125,3.1133,511.4417
2019-11-04 01:12:00,3.1135,3.1135,3.1126,3.1134,1080.9729
2019-11-04 01:11:00,3.1132,3.1145,3.1131,3.1131,6954.3269
2019-11-04 01:10:00,3.114,3.1152,3.1124,3.1132,6553.8291
2019-11-04 01:09:00,3.1143,3.1156,3.1133,3.1144,1532.4349
2019-11-04 01:08:00,3.1127,3.1161,3.1127,3.1155,7216.1842
2019-11-04 01:07:00,3.1159,3.1159,3.114,3.1143,325.6739
2019-11-04 01:06:00,3.1156,3.1167,3.1147,3.116,9923.6901
2019-11-04 01:05:00,3.1157,3.1171,3.1156,3.1157,7364.2442
2019-11-04 01:04:00,3.1147,3.1172,3.1147,3.1157,4448.9051
2019-11-04 01:03:00,3.1156,3.1165,3.1148,3.1156,6857.8243
2019-11-04 01:02:00,3.1156,3.1167,3.1156,3.1156,453.7006
2019-11-04 01:01:00,3.1141,3.1156,3.1141,3.1156,1319.0716
2019-11-04 01:00:00,3.1158,3.1172,3.1152,3.1172,708.8336
2019-11-04 00:59:00,3.1156,3.1158,3.1143,3.1158,6037.7924
2019-11-04 00:58:00,3.1156,3.1168,3.1154,3.1156,814.0315
2019-11-04 00:57:00,3.1156,3.1161,3.1144,3.1161,1622.8789
2019-11-04 00:56:00,3.1153,3.1164,3.1153,3.1156,2975.1911
2019-11-04 00:55:00,3.1168,3.1168,3.114,3.1156,1121.1826
2019-11-04 00:54:00,3.1155,3.1168,3.1143,3.1168,3072.4484
2019-11-04 00:53:00,3.1166,3.1166,3.1148,3.1148,2161.3698
2019-11-04 00:52:00,3.1157,3.1163,3.1147,3.1153,6238.6194
2019-11-04 00:51:00,3.1157,3.1171,3.1157,3.1157,6883.8359
2019-11-04 00:50:00,3.1163,3.1171,3.1155,3.1157,9657.9198
2019-11-04 00:49:00,3.117,3.1171,3.1147,3.1153,1329.3814
2019-11-04 00:48:00,3.1149,3.1171,3.1142,3.1147,5990.0435
2019-11-04 00:47:00,3.117,3.1171,3.114,3.1164,6106.7793
2019-11-04 00:46:00,3.1173,3.1173,3.1135,3.1147,1752.4055
2019-11-04 00:45:00,3.1198,3.1221,3.1193,3.1196,4508.1624
2019-11-04 00:44:00,3.1202,3.1239,3.1173,3.1193,6032.9957
2019-11-04 00:43:00,3.1202,3.1225,3.1194,3.1194,5351.5502
2019-11-04 00:42:00,3.1174,3.1226,3.1172,3.1197,5192.4886
2019-11-04 00:41:00,3.12,3.1242,3.1173,3.1173,11648.9977
2019-11-04 00:40:00,3.1211,3.1231,3.1211,3.1211,3755.2285
2019-11-04 00:39:00,3.1218,3.1244,3.1188,3.1227,1829.0414
2019-11-04 00:38:00,3.1228,3.1249,3.1212,3.1212,7337.4878
2019-11-04 00:37:00,3.1197,3.1242,3.1185,3.1213,7533.1198
2019-11-04 00:36:00,3.1208,3.1212,3.1172,3.1202,2111.6762
2019-11-04 00:35:00,3.1203,3.1234,3.1173,3.1173,1901.549
2019-11-04 00:34:00,3.1196,3.1233,3.1186,3.1205,3479.4431
2019-11-04 00:33:00,3.1182,3.12,3.1181,3.1191,1840.2701
2019-11-04 00:32:00,3.1174,3.1188,3.1149,3.1188,445.26
2019-11-04 00:31:00,3.1148,3.1184,3.1137,3.1138,2838.3815
2019-11-04 00:30:00,3.1074,3.12,3.1074,3.1173,6961.8239
2019-11-04 00:29:00,3.1054,3.1085,3.1054,3.1085,3225.4924
2019-11-04 00:28:00,3.1054,3.1054,3.1054,3.1054,0
2019-11-04 00:27:00,3.1055,3.1055,3.1054,3.1054,572.4604
2019-11-04 00:26:00,3.1036,3.1055,3.1035,3.1055,548.9727
2019-11-04 00:25:00,3.0998,3.104,3.0998,3.1034,2994.9706
2019-11-04 00:24:00,3.0993,3.0996,3.0993,3.0996,2560.9367
2019-11-04 00:23:00,3.0993,3.0993,3.0993,3.0993,0
2019-11-04 00:22:00,3.0991,3.0993,3.0991,3.0993,734.237
2019-11-04 00:21:00,3.0992,3.0993,3.099,3.0993,4823.9772
2019-11-04 00:20:00,3.0986,3.0992,3.0981,3.0992,10812.1091
2019-11-04 00:19:00,3.0993,3.0993,3.0985,3.0987,1262.1141
2019-11-04 00:18:00,3.0967,3.0998,3.0967,3.0994,1478.2628
2019-11-04 00:17:00,3.0962,3.0966,3.0961,3.0966,8567.5055
2019-11-04 00:16:00,3.0968,3.0968,3.0959,3.0962,969.373
2019-11-04 00:15:00,3.0954,3.097,3.0954,3.0968,233.182
2019-11-04 00:14:00,3.0946,3.0954,3.0942,3.0954,9454.74
2019-11-04 00:13:00,3.0946,3.0962,3.0924,3.0946,877.8104
2019-11-04 00:12:00,3.0965,3.0969,3.0946,3.0946,3559.6641
2019-11-04 00:11:00,3.0965,3.0966,3.096,3.0965,3631.7955
2019-11-04 00:10:00,3.0967,3.0969,3.0959,3.0965,1179.4459
2019-11-04 00:09:00,3.096,3.0961,3.0952,3.0961,2177.9761
2019-11-04 00:08:00,3.0961,3.097,3.0957,3.096,3835.5576
2019-11-04 00:07:00,3.095,3.0964,3.0937,3.0964,6091.4872
2019-11-04 00:06:00,3.092,3.0966,3.092,3.0947,8244.2647
2019-11-04 00:05:00,3.0919,3.092,3.0919,3.0919,8669.1675
2019-11-04 00:04:00,3.0917,3.0919,3.0915,3.0919,1441.6112
2019-11-04 00:03:00,3.0917,3.0919,3.0917,3.0917,857.9875
2019-11-04 00:02:00,3.0914,3.0918,3.0914,3.0918,3994.2758
2019-11-04 00:01:00,3.091,3.092,3.091,3.0919,3280.1909
2019-11-04 00:00:00,3.0912,3.092,3.0912,3.0912,4870.3368
