2019-11-28 23:59:00,2.43,2.4313,2.4196,2.4196,12431.0976
2019-11-28 23:58:00,2.4261,2.43,2.426,2.4291,6291.9298
2019-11-28 23:57:00,2.4204,2.4272,2.4204,2.4272,14250.1792
2019-11-28 23:56:00,2.4186,2.4206,2.4186,2.4202,1089.3379
2019-11-28 23:55:00,2.4205,2.4205,2.4168,2.4168,3458.8512
2019-11-28 23:54:00,2.4195,2.4214,2.4183,2.4206,9900.6133
2019-11-28 23:53:00,2.4201,2.4201,2.4176,2.4197,9608.5247
2019-11-28 23:52:00,2.4219,2.4222,2.421,2.421,3725.7643
2019-11-28 23:51:00,2.4163,2.4236,2.4163,2.4226,19103.1865
2019-11-28 23:50:00,2.4141,2.4158,2.4136,2.4158,5855.662
2019-11-28 23:49:00,2.4139,2.4165,2.4137,2.4144,3170.3753
2019-11-28 23:48:00,2.4163,2.4167,2.4142,2.4142,1910.1476
2019-11-28 23:47:00,2.415,2.4169,2.4127,2.4163,7084.8586
2019-11-28 23:46:00,2.4111,2.4163,2.4064,2.4159,22287.3208
2019-11-28 23:45:00,2.4169,2.4197,2.4072,2.4081,9084.068
2019-11-28 23:44:00,2.4176,2.4205,2.4157,2.4205,9532.3852
2019-11-28 23:43:00,2.418,2.4184,2.4157,2.4162,1547.5721
2019-11-28 23:42:00,2.414,2.42,2.4114,2.4175,26923.154
2019-11-28 23:41:00,2.4061,2.4149,2.406,2.409,11658.7833
2019-11-28 23:40:00,2.4061,2.4093,2.4043,2.4086,9291.5251
2019-11-28 23:39:00,2.4055,2.4094,2.4044,2.4084,13476.7866
2019-11-28 23:38:00,2.4065,2.407,2.403,2.4044,6069.3202
2019-11-28 23:37:00,2.4067,2.4067,2.3988,2.4021,33155.4988
2019-11-28 23:36:00,2.4085,2.4085,2.4065,2.407,4932.917
2019-11-28 23:35:00,2.4088,2.4106,2.4063,2.4085,6079.6102
2019-11-28 23:34:00,2.4063,2.4106,2.4063,2.4089,5986.9105
2019-11-28 23:33:00,2.4035,2.407,2.4035,2.407,5756.1607
2019-11-28 23:32:00,2.4057,2.4057,2.4023,2.4023,5190.8021
2019-11-28 23:31:00,2.4038,2.4057,2.4013,2.4057,11021.24
2019-11-28 23:30:00,2.3987,2.4049,2.3984,2.4038,22359.0982
2019-11-28 23:29:00,2.3989,2.4,2.3961,2.4,17362.1349
2019-11-28 23:28:00,2.3988,2.3988,2.3885,2.3938,17268.8113
2019-11-28 23:27:00,2.3915,2.3988,2.3915,2.3988,7527.6752
2019-11-28 23:26:00,2.3866,2.3927,2.3861,2.3927,3139.6336
2019-11-28 23:25:00,2.3902,2.3902,2.3766,2.3835,33668.0216
2019-11-28 23:24:00,2.4004,2.4031,2.3905,2.3905,22696.4721
2019-11-28 23:23:00,2.3986,2.4,2.3971,2.4,81808.3842
2019-11-28 23:22:00,2.3976,2.3976,2.3951,2.3973,1239.4419
2019-11-28 23:21:00,2.3957,2.4,2.3944,2.398,19366.5485
2019-11-28 23:20:00,2.3927,2.4,2.3925,2.3959,8108.7126
2019-11-28 23:19:00,2.3853,2.3925,2.3853,2.3925,9904.2685
2019-11-28 23:18:00,2.3783,2.3927,2.3766,2.3897,53495.1526
2019-11-28 23:17:00,2.375,2.3783,2.375,2.3783,1379.3673
2019-11-28 23:16:00,2.385,2.385,2.3739,2.3743,18928.3555
2019-11-28 23:15:00,2.378,2.39,2.377,2.385,36331.3144
2019-11-28 23:14:00,2.3757,2.38,2.3739,2.3769,20208.3615
2019-11-28 23:13:00,2.3771,2.3775,2.3734,2.3759,10392.0706
2019-11-28 23:12:00,2.3761,2.3771,2.3746,2.3771,4324.7122
2019-11-28 23:11:00,2.3721,2.3752,2.3721,2.3751,3326.4593
2019-11-28 23:10:00,2.3746,2.3749,2.3733,2.3733,523.7314
2019-11-28 23:09:00,2.3743,2.3775,2.3733,2.3733,16031.8679
2019-11-28 23:08:00,2.3739,2.374,2.3739,2.374,2260.6281
2019-11-28 23:07:00,2.3693,2.374,2.3693,2.374,6135.9886
2019-11-28 23:06:00,2.3686,2.3703,2.3674,2.3699,6904.7759
2019-11-28 23:05:00,2.3683,2.3699,2.3672,2.3685,1026.6736
2019-11-28 23:04:00,2.3625,2.3692,2.3618,2.368,4767.0065
2019-11-28 23:03:00,2.3623,2.364,2.36,2.3627,8798.228
2019-11-28 23:02:00,2.3601,2.364,2.3601,2.3616,2367.0654
2019-11-28 23:01:00,2.3595,2.3621,2.3589,2.3601,8440.489
2019-11-28 23:00:00,2.3616,2.3648,2.3587,2.3592,12378.6287
2019-11-28 22:59:00,2.3643,2.3648,2.358,2.3601,5504.6409
2019-11-28 22:58:00,2.3622,2.3645,2.3611,2.3645,5506.978
2019-11-28 22:57:00,2.3647,2.3659,2.3617,2.3619,2986.357
2019-11-28 22:56:00,2.3662,2.3699,2.36,2.3634,19220.6747
2019-11-28 22:55:00,2.3695,2.3705,2.366,2.366,11626.8104
2019-11-28 22:54:00,2.3702,2.3724,2.3685,2.3706,1004.7529
2019-11-28 22:53:00,2.3703,2.3724,2.3703,2.3724,1436.6904
2019-11-28 22:52:00,2.3668,2.3727,2.3668,2.3689,26530.481
2019-11-28 22:51:00,2.3623,2.3645,2.3621,2.3645,5856.7465
2019-11-28 22:50:00,2.363,2.363,2.3623,2.3623,6154.1024
2019-11-28 22:49:00,2.3617,2.363,2.3617,2.363,2998.5854
2019-11-28 22:48:00,2.3644,2.3644,2.3619,2.3632,15754.6117
2019-11-28 22:47:00,2.3631,2.3644,2.3621,2.3634,2268.9265
2019-11-28 22:46:00,2.3632,2.3644,2.3632,2.3632,785.5489
2019-11-28 22:45:00,2.3642,2.3644,2.362,2.3638,5889.3009
2019-11-28 22:44:00,2.3632,2.3637,2.3625,2.3637,1030.0727
2019-11-28 22:43:00,2.3637,2.3644,2.3617,2.3625,3446.6138
2019-11-28 22:42:00,2.3685,2.3686,2.3631,2.3637,6897.8016
2019-11-28 22:41:00,2.369,2.369,2.3646,2.3646,7001.7832
2019-11-28 22:40:00,2.369,2.369,2.369,2.369,652.9289
2019-11-28 22:39:00,2.3692,2.3696,2.3689,2.3689,22069.0211
2019-11-28 22:38:00,2.3697,2.371,2.3681,2.3692,3045.7815
2019-11-28 22:37:00,2.3695,2.3698,2.3685,2.3688,5150.1531
2019-11-28 22:36:00,2.3684,2.3699,2.3681,2.3681,2403.0461
2019-11-28 22:35:00,2.3702,2.3705,2.3677,2.3691,6284.1926
2019-11-28 22:34:00,2.3699,2.3708,2.3679,2.3688,3073.3733
2019-11-28 22:33:00,2.3704,2.3708,2.368,2.3702,2273.8651
2019-11-28 22:32:00,2.371,2.371,2.3697,2.3704,3241.2024
2019-11-28 22:31:00,2.3655,2.371,2.3655,2.371,13620.6973
2019-11-28 22:30:00,2.3673,2.3697,2.3652,2.3676,5957.1044
2019-11-28 22:29:00,2.3714,2.3714,2.3627,2.3684,12301.0613
2019-11-28 22:28:00,2.3728,2.3728,2.3687,2.3687,3032.2938
2019-11-28 22:27:00,2.3812,2.3812,2.3728,2.3728,6774.3914
2019-11-28 22:26:00,2.3815,2.3838,2.3803,2.3803,4601.7184
2019-11-28 22:25:00,2.381,2.3842,2.3797,2.3834,8105.1346
2019-11-28 22:24:00,2.3815,2.3841,2.3793,2.3807,3870.5192
2019-11-28 22:23:00,2.3782,2.384,2.3777,2.3805,4526.9028
2019-11-28 22:22:00,2.3836,2.3846,2.3808,2.3808,11626.093
2019-11-28 22:21:00,2.3811,2.3839,2.3797,2.3837,5238.4417
2019-11-28 22:20:00,2.3797,2.3822,2.3776,2.3822,3504.245
2019-11-28 22:19:00,2.3803,2.3822,2.3781,2.3786,2630.3974
2019-11-28 22:18:00,2.3818,2.3824,2.3812,2.3814,1575.7436
2019-11-28 22:17:00,2.3814,2.383,2.3814,2.3823,1816.7367
2019-11-28 22:16:00,2.3813,2.3845,2.3813,2.3829,6603.433
2019-11-28 22:15:00,2.3817,2.3845,2.3806,2.3843,1349.7823
2019-11-28 22:14:00,2.3823,2.3845,2.3795,2.3803,5312.2555
2019-11-28 22:13:00,2.3845,2.3846,2.3807,2.384,8219.0866
2019-11-28 22:12:00,2.382,2.3846,2.3819,2.3824,2064.7032
2019-11-28 22:11:00,2.3813,2.384,2.3801,2.382,4079.8943
2019-11-28 22:10:00,2.3798,2.3836,2.3798,2.3828,6196.7522
2019-11-28 22:09:00,2.3815,2.3846,2.3803,2.3803,2502.5673
2019-11-28 22:08:00,2.3827,2.3846,2.3819,2.3819,7283.2468
2019-11-28 22:07:00,2.3827,2.3848,2.3826,2.3845,6990.4052
2019-11-28 22:06:00,2.3823,2.3849,2.3822,2.3824,6885.1424
2019-11-28 22:05:00,2.3824,2.3842,2.3822,2.3829,3121.496
2019-11-28 22:04:00,2.3822,2.384,2.3822,2.3823,7924.4059
2019-11-28 22:03:00,2.3869,2.39,2.38,2.3826,17244.43
2019-11-28 22:02:00,2.3843,2.39,2.3804,2.3899,22433.8557
2019-11-28 22:01:00,2.3813,2.383,2.3802,2.3822,14046.0573
2019-11-28 22:00:00,2.3836,2.3836,2.38,2.3819,5088.7496
2019-11-28 21:59:00,2.3849,2.39,2.38,2.3868,7190.1163
2019-11-28 21:58:00,2.3898,2.39,2.3821,2.3824,18557.6235
2019-11-28 21:57:00,2.3986,2.3986,2.3826,2.3843,71909.9294
2019-11-28 21:56:00,2.3983,2.4,2.3976,2.3976,2366.9922
2019-11-28 21:55:00,2.3988,2.3988,2.3971,2.3983,3379.8953
2019-11-28 21:54:00,2.3995,2.3995,2.3986,2.3986,12637.012
2019-11-28 21:53:00,2.3996,2.3997,2.3992,2.3997,4258.4011
2019-11-28 21:52:00,2.399,2.3999,2.3985,2.3992,839.4533
2019-11-28 21:51:00,2.394,2.4008,2.394,2.3988,29917.9196
2019-11-28 21:50:00,2.3912,2.4,2.3912,2.3934,126864.7293
2019-11-28 21:49:00,2.3912,2.3921,2.3903,2.3921,1886.1097
2019-11-28 21:48:00,2.39,2.3915,2.39,2.3911,4263.4813
2019-11-28 21:47:00,2.3885,2.3922,2.3885,2.3911,24183.5113
2019-11-28 21:46:00,2.386,2.3885,2.385,2.3871,14453.6756
2019-11-28 21:45:00,2.3814,2.3856,2.3814,2.3846,723.0155
2019-11-28 21:44:00,2.3875,2.3888,2.3837,2.3863,11207.1849
2019-11-28 21:43:00,2.385,2.3888,2.385,2.3875,26596.6937
2019-11-28 21:42:00,2.3635,2.3842,2.3635,2.3806,105143.891
2019-11-28 21:41:00,2.3605,2.365,2.3604,2.365,3915.3057
2019-11-28 21:40:00,2.3605,2.3606,2.3603,2.3606,5869.9973
2019-11-28 21:39:00,2.3602,2.3605,2.3602,2.3603,4229.9123
2019-11-28 21:38:00,2.3602,2.3602,2.3601,2.3601,1574.3579
2019-11-28 21:37:00,2.3604,2.3605,2.3602,2.3602,2838.7295
2019-11-28 21:36:00,2.3603,2.3604,2.3602,2.3604,7044.4333
2019-11-28 21:35:00,2.3592,2.3604,2.3592,2.3604,1183.5523
2019-11-28 21:34:00,2.3543,2.36,2.3543,2.3584,7659.7896
2019-11-28 21:33:00,2.3518,2.3552,2.3518,2.354,8317.6654
2019-11-28 21:32:00,2.3499,2.353,2.3499,2.3529,10997.503
2019-11-28 21:31:00,2.35,2.35,2.3499,2.3499,1330.9122
2019-11-28 21:30:00,2.3498,2.35,2.3498,2.3498,1656.0679
2019-11-28 21:29:00,2.3498,2.35,2.3496,2.3498,4482.5576
2019-11-28 21:28:00,2.3493,2.3498,2.3493,2.3498,3586.5923
2019-11-28 21:27:00,2.3499,2.35,2.349,2.3495,13062.7275
2019-11-28 21:26:00,2.3498,2.3499,2.3491,2.3495,3783.8294
2019-11-28 21:25:00,2.3494,2.3499,2.3494,2.3494,5028.2537
2019-11-28 21:24:00,2.3495,2.35,2.3492,2.3496,5602.8046
2019-11-28 21:23:00,2.35,2.35,2.3492,2.35,3930.05
2019-11-28 21:22:00,2.35,2.35,2.3492,2.3496,1985.6401
2019-11-28 21:21:00,2.3496,2.35,2.3496,2.3497,2323.2984
2019-11-28 21:20:00,2.3497,2.35,2.3492,2.3495,4330.0104
2019-11-28 21:19:00,2.3513,2.3514,2.3496,2.3497,3813.8601
2019-11-28 21:18:00,2.3528,2.353,2.3511,2.3529,2119.2017
2019-11-28 21:17:00,2.3503,2.353,2.3491,2.3503,5201.8485
2019-11-28 21:16:00,2.35,2.3517,2.3484,2.3502,1290.2868
2019-11-28 21:15:00,2.3508,2.3516,2.3474,2.3474,2936.8562
2019-11-28 21:14:00,2.3511,2.3518,2.3485,2.35,5517.6751
2019-11-28 21:13:00,2.35,2.3529,2.3434,2.3494,8809.3408
2019-11-28 21:12:00,2.3589,2.3594,2.3519,2.3519,2361.8501
2019-11-28 21:11:00,2.3531,2.3597,2.3531,2.3558,1098.1294
2019-11-28 21:10:00,2.3499,2.355,2.3499,2.3539,22667.5939
2019-11-28 21:09:00,2.3494,2.35,2.3494,2.3499,3169.5373
2019-11-28 21:08:00,2.3485,2.3499,2.3477,2.3493,7377.7614
2019-11-28 21:07:00,2.3485,2.3499,2.3476,2.349,12088.4406
2019-11-28 21:06:00,2.3462,2.35,2.3462,2.3488,20510.1376
2019-11-28 21:05:00,2.3438,2.3482,2.3438,2.348,4717.0221
2019-11-28 21:04:00,2.3456,2.3469,2.3434,2.3458,10580.0793
2019-11-28 21:03:00,2.3424,2.349,2.3424,2.3465,10914.417
2019-11-28 21:02:00,2.341,2.344,2.3399,2.3434,5868.3927
2019-11-28 21:01:00,2.3379,2.3408,2.3372,2.3396,8189.6317
2019-11-28 21:00:00,2.3399,2.34,2.3344,2.3379,12957.6101
2019-11-28 20:59:00,2.3364,2.3398,2.3331,2.3398,12545.6413
2019-11-28 20:58:00,2.3423,2.3443,2.3306,2.34,5540.3023
2019-11-28 20:57:00,2.3332,2.3472,2.3294,2.3428,10559.6431
2019-11-28 20:56:00,2.3289,2.3388,2.325,2.3388,20045.4321
2019-11-28 20:55:00,2.3285,2.3296,2.328,2.3288,10366.8295
2019-11-28 20:54:00,2.3289,2.329,2.3272,2.3285,2377.6
2019-11-28 20:53:00,2.3283,2.329,2.3271,2.3281,1268.1949
2019-11-28 20:52:00,2.3271,2.3298,2.3265,2.3273,13682.1977
2019-11-28 20:51:00,2.3307,2.3307,2.3245,2.3268,17375.5
2019-11-28 20:50:00,2.3298,2.3311,2.3298,2.3308,8240.956
2019-11-28 20:49:00,2.3293,2.3299,2.3293,2.3297,2225.134
2019-11-28 20:48:00,2.3296,2.3296,2.3293,2.3293,341.9124
2019-11-28 20:47:00,2.3281,2.3296,2.3281,2.3291,3314.4244
2019-11-28 20:46:00,2.3283,2.3296,2.328,2.329,4987.3419
2019-11-28 20:45:00,2.328,2.3295,2.32,2.3295,38976.3881
2019-11-28 20:44:00,2.328,2.3289,2.3273,2.3282,7878.0657
2019-11-28 20:43:00,2.3242,2.3279,2.3242,2.327,1836.8236
2019-11-28 20:42:00,2.3257,2.3269,2.3232,2.325,9106.2392
2019-11-28 20:41:00,2.3268,2.3291,2.325,2.3265,15317.0075
2019-11-28 20:40:00,2.3279,2.3309,2.325,2.3278,20585.4162
2019-11-28 20:39:00,2.3335,2.3349,2.3289,2.331,1546.2109
2019-11-28 20:38:00,2.3335,2.335,2.3333,2.3346,6733.4252
2019-11-28 20:37:00,2.3351,2.3351,2.332,2.3335,6275.2073
2019-11-28 20:36:00,2.3272,2.3373,2.3272,2.3359,14434.71
2019-11-28 20:35:00,2.3264,2.3278,2.3258,2.3278,4838.1431
2019-11-28 20:34:00,2.3293,2.3293,2.326,2.326,7784.4555
2019-11-28 20:33:00,2.33,2.3309,2.3271,2.3293,3152.7978
2019-11-28 20:32:00,2.3319,2.332,2.3281,2.3281,2506.9672
2019-11-28 20:31:00,2.3287,2.3322,2.3263,2.3294,4806.1007
2019-11-28 20:30:00,2.3258,2.3324,2.3238,2.3287,9062.0647
2019-11-28 20:29:00,2.3211,2.3251,2.3208,2.3236,1350.482
2019-11-28 20:28:00,2.32,2.322,2.32,2.321,4436.6621
2019-11-28 20:27:00,2.322,2.322,2.32,2.32,8719.0754
2019-11-28 20:26:00,2.3325,2.3325,2.32,2.322,37641.799
2019-11-28 20:25:00,2.33,2.333,2.33,2.3322,16002.7985
2019-11-28 20:24:00,2.3296,2.3335,2.3291,2.3321,16626.3724
2019-11-28 20:23:00,2.3275,2.3339,2.3251,2.3339,8806.4283
2019-11-28 20:22:00,2.3376,2.3394,2.32,2.3252,41814.5201
2019-11-28 20:21:00,2.341,2.3462,2.3383,2.339,9897.2087
2019-11-28 20:20:00,2.3457,2.3457,2.341,2.3422,6321.3124
2019-11-28 20:19:00,2.3476,2.3495,2.343,2.3469,11358.4503
2019-11-28 20:18:00,2.3463,2.3497,2.345,2.3481,9321.537
2019-11-28 20:17:00,2.3487,2.3489,2.3458,2.3466,2875.7466
2019-11-28 20:16:00,2.3478,2.3487,2.3463,2.3468,8403.618
2019-11-28 20:15:00,2.3487,2.3492,2.346,2.3468,2156.1417
2019-11-28 20:14:00,2.3436,2.3481,2.3424,2.3469,12980.2373
2019-11-28 20:13:00,2.349,2.3497,2.341,2.3444,7398.8232
2019-11-28 20:12:00,2.3437,2.353,2.34,2.349,22339.44
2019-11-28 20:11:00,2.35,2.3525,2.34,2.3469,13054.5491
2019-11-28 20:10:00,2.3724,2.3724,2.3491,2.3491,16952.2484
2019-11-28 20:09:00,2.3719,2.3732,2.3719,2.3724,2094.6149
2019-11-28 20:08:00,2.3726,2.3728,2.3712,2.3727,3631.4104
2019-11-28 20:07:00,2.374,2.374,2.3716,2.3716,8923.8122
2019-11-28 20:06:00,2.3764,2.3784,2.372,2.3725,16588.6122
2019-11-28 20:05:00,2.375,2.3766,2.3742,2.3742,7384.9995
2019-11-28 20:04:00,2.375,2.375,2.3741,2.3741,4832.613
2019-11-28 20:03:00,2.3746,2.3746,2.3734,2.3741,1168.4245
2019-11-28 20:02:00,2.3745,2.375,2.3736,2.3745,3493.738
2019-11-28 20:01:00,2.3734,2.3766,2.3732,2.3748,8345.7645
2019-11-28 20:00:00,2.3748,2.3766,2.3748,2.3766,5340.1526
2019-11-28 19:59:00,2.3748,2.3766,2.3748,2.3766,7084.0088
2019-11-28 19:58:00,2.3767,2.3768,2.3738,2.3738,3427.599
2019-11-28 19:57:00,2.3742,2.3784,2.3736,2.3766,4728.1035
2019-11-28 19:56:00,2.3779,2.3784,2.3742,2.3742,4505.3
2019-11-28 19:55:00,2.3756,2.3784,2.3742,2.3764,1325.5882
2019-11-28 19:54:00,2.3754,2.376,2.3744,2.3757,1732.7593
2019-11-28 19:53:00,2.375,2.3754,2.3734,2.3743,3308.4176
2019-11-28 19:52:00,2.3712,2.373,2.3708,2.373,5110.9689
2019-11-28 19:51:00,2.371,2.372,2.3706,2.372,1807.2507
2019-11-28 19:50:00,2.3715,2.372,2.3707,2.3711,10282.7045
2019-11-28 19:49:00,2.3705,2.372,2.3705,2.3709,3012.8315
2019-11-28 19:48:00,2.3705,2.372,2.3693,2.372,5477.6958
2019-11-28 19:47:00,2.372,2.372,2.3692,2.3692,2739.6108
2019-11-28 19:46:00,2.3705,2.372,2.3696,2.3705,1519.2295
2019-11-28 19:45:00,2.3693,2.372,2.3691,2.3719,3933.4804
2019-11-28 19:44:00,2.3711,2.3741,2.3693,2.3693,10180.8612
2019-11-28 19:43:00,2.3715,2.3739,2.3707,2.3727,5719.5881
2019-11-28 19:42:00,2.3733,2.3754,2.3701,2.3711,7557.4721
2019-11-28 19:41:00,2.3753,2.3754,2.3715,2.3732,2662.5443
2019-11-28 19:40:00,2.3755,2.3769,2.3747,2.3747,2384.5492
2019-11-28 19:39:00,2.3784,2.3784,2.3753,2.3768,6595.8019
2019-11-28 19:38:00,2.3766,2.3784,2.3757,2.3768,2536.1033
2019-11-28 19:37:00,2.3787,2.3788,2.375,2.3755,1849.2088
2019-11-28 19:36:00,2.3786,2.38,2.3781,2.3788,3094.7762
2019-11-28 19:35:00,2.3786,2.3799,2.378,2.3786,5576.1129
2019-11-28 19:34:00,2.3799,2.38,2.378,2.3784,3066.0244
2019-11-28 19:33:00,2.38,2.38,2.3799,2.3799,3513.647
2019-11-28 19:32:00,2.3799,2.38,2.3799,2.3799,2793.7843
2019-11-28 19:31:00,2.3789,2.38,2.3773,2.38,9602.2165
2019-11-28 19:30:00,2.3783,2.379,2.3754,2.3776,3224.1514
2019-11-28 19:29:00,2.3763,2.379,2.3757,2.3767,5708.5099
2019-11-28 19:28:00,2.377,2.377,2.3759,2.376,3753.4309
2019-11-28 19:27:00,2.376,2.377,2.375,2.3761,3806.283
2019-11-28 19:26:00,2.3765,2.377,2.373,2.377,6865.9682
2019-11-28 19:25:00,2.3769,2.3769,2.375,2.3758,1268.2964
2019-11-28 19:24:00,2.377,2.377,2.3745,2.3757,2421.0504
2019-11-28 19:23:00,2.3757,2.3771,2.3757,2.376,4711.6962
2019-11-28 19:22:00,2.3755,2.377,2.375,2.377,8789.2536
2019-11-28 19:21:00,2.3731,2.3758,2.3731,2.375,8688.1346
2019-11-28 19:20:00,2.3724,2.374,2.3724,2.3735,6206.1301
2019-11-28 19:19:00,2.3736,2.374,2.3722,2.3727,13231.7944
2019-11-28 19:18:00,2.3736,2.3736,2.3732,2.3736,3361.5419
2019-11-28 19:17:00,2.373,2.374,2.3721,2.3732,4127.3993
2019-11-28 19:16:00,2.3727,2.3733,2.3717,2.3719,5797.4906
2019-11-28 19:15:00,2.3731,2.374,2.3723,2.3731,1139.1941
2019-11-28 19:14:00,2.3712,2.374,2.3712,2.3731,8382.519
2019-11-28 19:13:00,2.3711,2.374,2.3689,2.3712,4576.3716
2019-11-28 19:12:00,2.3714,2.3737,2.3696,2.3737,3435.8767
2019-11-28 19:11:00,2.3704,2.374,2.3689,2.3732,12134.0887
2019-11-28 19:10:00,2.3716,2.3735,2.3692,2.3695,5812.273
2019-11-28 19:09:00,2.3706,2.374,2.3696,2.3716,3207.8018
2019-11-28 19:08:00,2.369,2.3707,2.369,2.3699,3738.2346
2019-11-28 19:07:00,2.369,2.3697,2.369,2.369,3475.9912
2019-11-28 19:06:00,2.3699,2.3699,2.369,2.369,732.7051
2019-11-28 19:05:00,2.3696,2.3699,2.3696,2.3698,3082.3304
2019-11-28 19:04:00,2.3712,2.3712,2.3671,2.3698,653.4932
2019-11-28 19:03:00,2.3719,2.374,2.3683,2.3683,3395.7506
2019-11-28 19:02:00,2.3702,2.374,2.3695,2.3719,1192.3541
2019-11-28 19:01:00,2.3722,2.3723,2.3713,2.3713,4003.8553
2019-11-28 19:00:00,2.3684,2.3723,2.3671,2.3719,15484.3369
2019-11-28 18:59:00,2.3671,2.3689,2.367,2.3689,1334.4646
2019-11-28 18:58:00,2.3662,2.3688,2.3652,2.3687,2400.5656
2019-11-28 18:57:00,2.3678,2.3678,2.3662,2.3662,1154.2464
2019-11-28 18:56:00,2.3647,2.368,2.3642,2.3674,4080.447
2019-11-28 18:55:00,2.3645,2.3655,2.3645,2.3646,1795.87
2019-11-28 18:54:00,2.3641,2.3661,2.3633,2.3653,7398.3135
2019-11-28 18:53:00,2.3636,2.3648,2.3636,2.3641,1811.7456
2019-11-28 18:52:00,2.364,2.364,2.3634,2.3636,630.7326
2019-11-28 18:51:00,2.3641,2.3645,2.3639,2.364,1791.9621
2019-11-28 18:50:00,2.3623,2.3641,2.3621,2.3641,1154.8403
2019-11-28 18:49:00,2.3612,2.362,2.3612,2.3618,1467.9896
2019-11-28 18:48:00,2.3615,2.3624,2.3598,2.3608,2066.1576
2019-11-28 18:47:00,2.359,2.3639,2.358,2.3604,6704.7955
2019-11-28 18:46:00,2.3645,2.366,2.3582,2.3601,5203.2748
2019-11-28 18:45:00,2.3608,2.3662,2.3606,2.3662,5531.76
2019-11-28 18:44:00,2.3605,2.3619,2.3601,2.3612,5403.3125
2019-11-28 18:43:00,2.3592,2.3602,2.3586,2.3601,2717.9123
2019-11-28 18:42:00,2.3593,2.3599,2.3582,2.3591,3565.0637
2019-11-28 18:41:00,2.36,2.3615,2.3582,2.3582,2482.9164
2019-11-28 18:40:00,2.3658,2.3662,2.36,2.3611,4823.9114
2019-11-28 18:39:00,2.366,2.3663,2.362,2.3629,2840.8405
2019-11-28 18:38:00,2.3644,2.366,2.3637,2.3648,1254.7663
2019-11-28 18:37:00,2.3637,2.3648,2.3626,2.3626,3313.3493
2019-11-28 18:36:00,2.3664,2.3664,2.3625,2.3641,30216.1107
2019-11-28 18:35:00,2.3651,2.3674,2.3641,2.3666,8883.6142
2019-11-28 18:34:00,2.365,2.3694,2.3649,2.3672,597.7605
2019-11-28 18:33:00,2.3639,2.3671,2.3586,2.365,10079.568
2019-11-28 18:32:00,2.3716,2.3716,2.36,2.3648,7508.0717
2019-11-28 18:31:00,2.3719,2.3729,2.37,2.3707,5844.797
2019-11-28 18:30:00,2.372,2.372,2.37,2.3718,612.3792
2019-11-28 18:29:00,2.372,2.3739,2.3708,2.3708,4988.842
2019-11-28 18:28:00,2.372,2.3739,2.372,2.372,1500.7007
2019-11-28 18:27:00,2.37,2.3729,2.3689,2.372,10342.4494
2019-11-28 18:26:00,2.3725,2.3745,2.37,2.3719,9274.413
2019-11-28 18:25:00,2.3745,2.3753,2.3725,2.3725,6319.0598
2019-11-28 18:24:00,2.3771,2.3772,2.3724,2.3726,16202.3544
2019-11-28 18:23:00,2.3698,2.3748,2.3685,2.3748,7205.4589
2019-11-28 18:22:00,2.3724,2.3724,2.3701,2.3701,3395.7509
2019-11-28 18:21:00,2.3739,2.3744,2.3722,2.3722,3382.2649
2019-11-28 18:20:00,2.3769,2.3771,2.37,2.37,8948.2429
2019-11-28 18:19:00,2.3719,2.3772,2.3718,2.3768,17604.8051
2019-11-28 18:18:00,2.37,2.3748,2.37,2.3715,20473.3996
2019-11-28 18:17:00,2.3662,2.3717,2.3647,2.37,5753.6205
2019-11-28 18:16:00,2.359,2.37,2.3575,2.37,3773.7518
2019-11-28 18:15:00,2.3579,2.3604,2.3568,2.3586,706.9404
2019-11-28 18:14:00,2.3545,2.358,2.3545,2.3579,4589.9053
2019-11-28 18:13:00,2.3546,2.355,2.3543,2.3544,8150.1858
2019-11-28 18:12:00,2.3581,2.3582,2.35,2.3545,17785.959
2019-11-28 18:11:00,2.3591,2.3592,2.3583,2.3583,1901.267
2019-11-28 18:10:00,2.36,2.36,2.3591,2.3592,2735.5102
2019-11-28 18:09:00,2.3612,2.3612,2.36,2.3601,3482.1469
2019-11-28 18:08:00,2.3611,2.3612,2.3611,2.3612,353.0848
2019-11-28 18:07:00,2.3618,2.3618,2.3612,2.3612,1133.621
2019-11-28 18:06:00,2.3618,2.3618,2.3618,2.3618,291.2892
2019-11-28 18:05:00,2.3661,2.3662,2.3617,2.3618,7996.3368
2019-11-28 18:04:00,2.37,2.37,2.366,2.3661,2211.0004
2019-11-28 18:03:00,2.3701,2.3701,2.37,2.3701,3869.9108
2019-11-28 18:02:00,2.3745,2.3749,2.37,2.3701,22163.1472
2019-11-28 18:01:00,2.3758,2.3758,2.3748,2.3748,3939.3291
2019-11-28 18:00:00,2.3776,2.3776,2.3735,2.3756,10086.0336
2019-11-28 17:59:00,2.3744,2.3768,2.3744,2.3758,4462.7638
2019-11-28 17:58:00,2.372,2.3767,2.3715,2.3745,13534.6699
2019-11-28 17:57:00,2.3755,2.3768,2.3738,2.3738,1050.2977
2019-11-28 17:56:00,2.3759,2.3759,2.3722,2.3742,14168.6799
2019-11-28 17:55:00,2.3767,2.3772,2.3742,2.3753,8257.3803
2019-11-28 17:54:00,2.376,2.378,2.3731,2.375,12060.6252
2019-11-28 17:53:00,2.3781,2.3781,2.3752,2.3753,14289.4716
2019-11-28 17:52:00,2.375,2.3825,2.3728,2.378,14284.5317
2019-11-28 17:51:00,2.3658,2.3779,2.3585,2.3751,13361.1246
2019-11-28 17:50:00,2.3614,2.3856,2.3614,2.3657,13201.3611
2019-11-28 17:49:00,2.3553,2.3656,2.3547,2.3627,3268.6633
2019-11-28 17:48:00,2.3509,2.3546,2.3505,2.3546,5239.6829
2019-11-28 17:47:00,2.3539,2.3539,2.3501,2.3506,14394.3469
2019-11-28 17:46:00,2.3585,2.3585,2.3541,2.3543,11604.2665
2019-11-28 17:45:00,2.3624,2.3624,2.3562,2.3579,6668.0336
2019-11-28 17:44:00,2.3631,2.3686,2.3625,2.3647,3919.9389
2019-11-28 17:43:00,2.3649,2.3665,2.3605,2.3665,3753.2836
2019-11-28 17:42:00,2.359,2.3661,2.359,2.3661,5361.6785
2019-11-28 17:41:00,2.3591,2.3592,2.3589,2.3589,1349.8488
2019-11-28 17:40:00,2.3637,2.364,2.3588,2.3596,15132.4126
2019-11-28 17:39:00,2.3649,2.3678,2.3613,2.3637,4605.2543
2019-11-28 17:38:00,2.3707,2.3715,2.3658,2.3668,3396.6548
2019-11-28 17:37:00,2.3723,2.3737,2.37,2.3724,10989.3471
2019-11-28 17:36:00,2.3701,2.3749,2.3701,2.3749,5651.8882
2019-11-28 17:35:00,2.3701,2.3743,2.3701,2.3705,4432.2357
2019-11-28 17:34:00,2.3719,2.375,2.3711,2.3711,3605.685
2019-11-28 17:33:00,2.3649,2.3719,2.3632,2.37,17715.815
2019-11-28 17:32:00,2.3593,2.3642,2.3593,2.3631,13044.0187
2019-11-28 17:31:00,2.3592,2.3613,2.3586,2.3586,4224.1006
2019-11-28 17:30:00,2.365,2.365,2.3501,2.3598,10293.7337
2019-11-28 17:29:00,2.3626,2.365,2.3612,2.3621,4854.0607
2019-11-28 17:28:00,2.3587,2.3628,2.3558,2.3628,6743.8736
2019-11-28 17:27:00,2.35,2.3592,2.35,2.3572,5662.4507
2019-11-28 17:26:00,2.351,2.351,2.3498,2.3498,7855.4636
2019-11-28 17:25:00,2.3504,2.3515,2.3504,2.3509,3485.9346
2019-11-28 17:24:00,2.351,2.351,2.3499,2.3501,6830.9833
2019-11-28 17:23:00,2.3485,2.351,2.3473,2.3506,3811.6813
2019-11-28 17:22:00,2.3481,2.3486,2.3465,2.3472,6621.3209
2019-11-28 17:21:00,2.341,2.3477,2.341,2.3477,2331.1939
2019-11-28 17:20:00,2.3384,2.34,2.3381,2.3396,12580.68
2019-11-28 17:19:00,2.3382,2.3389,2.338,2.3384,1747.2778
2019-11-28 17:18:00,2.3385,2.3388,2.3377,2.3379,4606.3848
2019-11-28 17:17:00,2.3395,2.3395,2.3389,2.3389,1296.118
2019-11-28 17:16:00,2.3389,2.3395,2.3389,2.3395,3812.889
2019-11-28 17:15:00,2.3375,2.3396,2.3375,2.3386,2447.9414
2019-11-28 17:14:00,2.3326,2.337,2.3326,2.337,3696.832
2019-11-28 17:13:00,2.33,2.3332,2.33,2.3306,4704.6624
2019-11-28 17:12:00,2.3294,2.33,2.3285,2.33,11686.8965
2019-11-28 17:11:00,2.3337,2.3368,2.3291,2.3291,5844.6417
2019-11-28 17:10:00,2.3392,2.3395,2.3316,2.3351,21100.7954
2019-11-28 17:09:00,2.3372,2.3391,2.3372,2.3381,4108.3626
2019-11-28 17:08:00,2.338,2.3396,2.338,2.3381,3701.7419
2019-11-28 17:07:00,2.3383,2.3389,2.3335,2.337,18360.8332
2019-11-28 17:06:00,2.3389,2.3396,2.3372,2.3375,10360.2804
2019-11-28 17:05:00,2.3388,2.3396,2.3386,2.3396,2745.4375
2019-11-28 17:04:00,2.341,2.341,2.3383,2.3395,6340.7528
2019-11-28 17:03:00,2.346,2.346,2.3412,2.3412,2015.7547
2019-11-28 17:02:00,2.3447,2.3476,2.3446,2.3461,3015.2346
2019-11-28 17:01:00,2.3502,2.3522,2.3477,2.3477,4297.7603
2019-11-28 17:00:00,2.3473,2.3537,2.3473,2.3499,4128.6962
2019-11-28 16:59:00,2.352,2.3557,2.34,2.3474,7681.7619
2019-11-28 16:58:00,2.3484,2.3576,2.3477,2.3551,4832.0663
2019-11-28 16:57:00,2.3465,2.35,2.3465,2.35,6421.4404
2019-11-28 16:56:00,2.3475,2.3475,2.3449,2.3475,649.1778
2019-11-28 16:55:00,2.347,2.3471,2.3465,2.3465,923.0393
2019-11-28 16:54:00,2.3462,2.348,2.3462,2.3468,4204.5957
2019-11-28 16:53:00,2.3429,2.3492,2.3428,2.3463,8598.4542
2019-11-28 16:52:00,2.3423,2.3431,2.3418,2.3431,2445.7015
2019-11-28 16:51:00,2.3423,2.3428,2.3414,2.3428,6108.1135
2019-11-28 16:50:00,2.3416,2.3425,2.3411,2.3419,1075.3851
2019-11-28 16:49:00,2.3395,2.3428,2.3395,2.3408,16971.2668
2019-11-28 16:48:00,2.3345,2.3395,2.3341,2.3395,7471.2737
2019-11-28 16:47:00,2.332,2.3341,2.332,2.3341,3864.5142
2019-11-28 16:46:00,2.3304,2.332,2.3304,2.332,22549.5145
2019-11-28 16:45:00,2.328,2.3306,2.328,2.3306,28293.8268
2019-11-28 16:44:00,2.3276,2.328,2.3276,2.328,4622.1583
2019-11-28 16:43:00,2.3278,2.328,2.3277,2.3279,4812.4222
2019-11-28 16:42:00,2.3291,2.3292,2.3275,2.3277,6880.4456
2019-11-28 16:41:00,2.3292,2.3292,2.3267,2.3283,8584.1678
2019-11-28 16:40:00,2.3262,2.3292,2.3262,2.329,1210.0162
2019-11-28 16:39:00,2.3298,2.3305,2.3253,2.3277,6275.012
2019-11-28 16:38:00,2.3303,2.3306,2.33,2.3302,8284.6364
2019-11-28 16:37:00,2.3303,2.3305,2.3302,2.3303,2969.9657
2019-11-28 16:36:00,2.3411,2.3411,2.33,2.3303,36593.1785
2019-11-28 16:35:00,2.3503,2.3517,2.3304,2.3374,10835.6672
2019-11-28 16:34:00,2.3492,2.352,2.3492,2.352,6360.4908
2019-11-28 16:33:00,2.3489,2.352,2.3485,2.3512,5622.8127
2019-11-28 16:32:00,2.3482,2.3499,2.3476,2.3499,692.0673
2019-11-28 16:31:00,2.3478,2.3492,2.3476,2.3482,2807.5928
2019-11-28 16:30:00,2.3482,2.3497,2.3472,2.349,2905.3405
2019-11-28 16:29:00,2.3488,2.3492,2.3479,2.3487,4444.54
2019-11-28 16:28:00,2.3477,2.3499,2.3443,2.3482,3576.3621
2019-11-28 16:27:00,2.3482,2.35,2.3464,2.348,9488.8658
2019-11-28 16:26:00,2.3503,2.3503,2.3462,2.3462,4691.4288
2019-11-28 16:25:00,2.3499,2.352,2.3492,2.3503,10627.262
2019-11-28 16:24:00,2.3499,2.3512,2.3482,2.3502,2874.5053
2019-11-28 16:23:00,2.3503,2.3505,2.3478,2.3498,5718.0522
2019-11-28 16:22:00,2.352,2.352,2.3487,2.351,2792.6379
2019-11-28 16:21:00,2.3482,2.352,2.3467,2.349,17534.1726
2019-11-28 16:20:00,2.3508,2.353,2.3436,2.349,26694.0708
2019-11-28 16:19:00,2.353,2.353,2.3487,2.3508,2509.081
2019-11-28 16:18:00,2.3529,2.353,2.3482,2.353,5578.7941
2019-11-28 16:17:00,2.3508,2.353,2.3487,2.3505,6835.5021
2019-11-28 16:16:00,2.3503,2.3529,2.3502,2.3508,4539.5187
2019-11-28 16:15:00,2.3504,2.3529,2.3503,2.3529,5442.0511
2019-11-28 16:14:00,2.3504,2.3518,2.3487,2.3507,5221.8704
2019-11-28 16:13:00,2.3508,2.353,2.3492,2.353,11452.7592
2019-11-28 16:12:00,2.3494,2.353,2.3484,2.353,8553.8849
2019-11-28 16:11:00,2.349,2.3556,2.349,2.3553,4365.8334
2019-11-28 16:10:00,2.344,2.3481,2.344,2.3481,1848.2983
2019-11-28 16:09:00,2.3375,2.3438,2.3375,2.3438,14274.9894
2019-11-28 16:08:00,2.3372,2.3375,2.3369,2.3375,9388.5498
2019-11-28 16:07:00,2.3361,2.3373,2.3358,2.3371,5853.3701
2019-11-28 16:06:00,2.3358,2.3375,2.3341,2.336,7991.2319
2019-11-28 16:05:00,2.3375,2.3375,2.3339,2.3347,10047.2503
2019-11-28 16:04:00,2.3375,2.3375,2.3357,2.3358,4726.6915
2019-11-28 16:03:00,2.3355,2.3375,2.3355,2.3357,1849.6781
2019-11-28 16:02:00,2.3354,2.3375,2.3345,2.3356,3054.2121
2019-11-28 16:01:00,2.3398,2.34,2.3332,2.3332,8359.6427
2019-11-28 16:00:00,2.3415,2.3415,2.3311,2.3368,12030.2834
2019-11-28 15:59:00,2.3415,2.3415,2.3415,2.3415,0
2019-11-28 15:58:00,2.3424,2.3424,2.3401,2.3415,2488.7426
2019-11-28 15:57:00,2.342,2.343,2.341,2.342,6699.9361
2019-11-28 15:56:00,2.3433,2.3433,2.3394,2.3419,2785.7704
2019-11-28 15:55:00,2.3439,2.3439,2.3434,2.3438,16293.631
2019-11-28 15:54:00,2.3443,2.345,2.3438,2.3439,5314.3097
2019-11-28 15:53:00,2.3444,2.3451,2.3443,2.3443,9491.322
2019-11-28 15:52:00,2.3474,2.3482,2.3443,2.3444,2791.0351
2019-11-28 15:51:00,2.3498,2.35,2.347,2.3487,9129.8108
2019-11-28 15:50:00,2.3598,2.364,2.347,2.3499,22769.4154
2019-11-28 15:49:00,2.3625,2.3646,2.36,2.36,9078.1516
2019-11-28 15:48:00,2.3641,2.3641,2.3606,2.3625,5635.6188
2019-11-28 15:47:00,2.3629,2.3647,2.3629,2.364,6960.7596
2019-11-28 15:46:00,2.3608,2.3634,2.3608,2.3624,9553.5348
2019-11-28 15:45:00,2.3649,2.3649,2.3606,2.3621,3539.6117
2019-11-28 15:44:00,2.3611,2.3647,2.3611,2.3626,9083.9988
2019-11-28 15:43:00,2.3666,2.3666,2.3601,2.3606,3137.6168
2019-11-28 15:42:00,2.3613,2.3664,2.3613,2.3658,23656.6731
2019-11-28 15:41:00,2.355,2.3656,2.355,2.3628,8822.435
2019-11-28 15:40:00,2.347,2.3561,2.347,2.3538,16160.4113
2019-11-28 15:39:00,2.347,2.347,2.3453,2.347,6137.6381
2019-11-28 15:38:00,2.342,2.347,2.3403,2.347,14251.7745
2019-11-28 15:37:00,2.3366,2.34,2.3366,2.34,8616.213
2019-11-28 15:36:00,2.3385,2.3392,2.3363,2.3373,5453.7362
2019-11-28 15:35:00,2.3361,2.3395,2.3357,2.3381,6206.0768
2019-11-28 15:34:00,2.3452,2.3491,2.331,2.3356,25293.0547
2019-11-28 15:33:00,2.3515,2.3515,2.34,2.345,13336.9981
2019-11-28 15:32:00,2.3519,2.3525,2.348,2.3502,30767.591
2019-11-28 15:31:00,2.3621,2.3637,2.3516,2.3552,8569.9321
2019-11-28 15:30:00,2.363,2.3637,2.3627,2.3627,5461.7103
2019-11-28 15:29:00,2.3638,2.3648,2.3629,2.3632,11603.378
2019-11-28 15:28:00,2.3657,2.3657,2.3627,2.3642,2764.5788
2019-11-28 15:27:00,2.3679,2.3696,2.3631,2.366,1139.575
2019-11-28 15:26:00,2.3694,2.37,2.3624,2.366,18765.7258
2019-11-28 15:25:00,2.3778,2.3794,2.37,2.37,29087.108
2019-11-28 15:24:00,2.38,2.3861,2.3753,2.3785,5814.1099
2019-11-28 15:23:00,2.3876,2.3876,2.3775,2.3775,31670.7676
2019-11-28 15:22:00,2.384,2.39,2.3833,2.3862,15656.0399
2019-11-28 15:21:00,2.3875,2.388,2.3838,2.385,8169.0597
2019-11-28 15:20:00,2.3862,2.3878,2.3853,2.386,2529.5476
2019-11-28 15:19:00,2.3843,2.3903,2.3825,2.388,5499.7859
2019-11-28 15:18:00,2.386,2.39,2.38,2.3844,38582.7423
2019-11-28 15:17:00,2.385,2.3896,2.375,2.3896,12378.3943
2019-11-28 15:16:00,2.3879,2.3883,2.3779,2.3802,22233.747
2019-11-28 15:15:00,2.3899,2.3899,2.3878,2.3884,7789.4388
2019-11-28 15:14:00,2.3903,2.3904,2.3901,2.3901,1841.3182
2019-11-28 15:13:00,2.3904,2.3905,2.3884,2.3901,1878.341
2019-11-28 15:12:00,2.39,2.391,2.3884,2.3896,35482.0734
2019-11-28 15:11:00,2.39,2.3912,2.3892,2.3897,8358.8881
2019-11-28 15:10:00,2.3899,2.39,2.3879,2.3899,2528.8209
2019-11-28 15:09:00,2.3904,2.3909,2.3868,2.39,19715.284
2019-11-28 15:08:00,2.3891,2.3909,2.389,2.3895,35006.1775
2019-11-28 15:07:00,2.3881,2.39,2.3876,2.39,18763.8761
2019-11-28 15:06:00,2.3868,2.3882,2.3868,2.3882,6969.0503
2019-11-28 15:05:00,2.3829,2.3874,2.3829,2.3861,10656.424
2019-11-28 15:04:00,2.3818,2.3832,2.3807,2.3827,17100.0444
2019-11-28 15:03:00,2.3814,2.3824,2.3772,2.3824,26418.4801
2019-11-28 15:02:00,2.3768,2.3823,2.3753,2.3795,14471.4382
2019-11-28 15:01:00,2.38,2.3829,2.3746,2.3774,94067.3129
2019-11-28 15:00:00,2.3701,2.382,2.3613,2.38,28996.2878
2019-11-28 14:59:00,2.3736,2.3741,2.364,2.37,41280.0196
2019-11-28 14:58:00,2.37,2.3754,2.3613,2.3679,27836.9896
2019-11-28 14:57:00,2.38,2.3829,2.37,2.37,15269.4997
2019-11-28 14:56:00,2.3734,2.382,2.373,2.379,31276.7275
2019-11-28 14:55:00,2.3677,2.3724,2.3676,2.3713,15644.638
2019-11-28 14:54:00,2.378,2.378,2.3676,2.3676,56315.5352
2019-11-28 14:53:00,2.3829,2.3856,2.375,2.3809,14593.5074
2019-11-28 14:52:00,2.3799,2.3829,2.3761,2.3825,8416.7712
2019-11-28 14:51:00,2.3727,2.38,2.37,2.3782,13697.0404
2019-11-28 14:50:00,2.3679,2.38,2.3679,2.3726,23301.81
2019-11-28 14:49:00,2.364,2.3679,2.3628,2.3678,63582.0966
2019-11-28 14:48:00,2.3618,2.366,2.3612,2.3656,9772.5819
2019-11-28 14:47:00,2.3648,2.3648,2.361,2.3623,30624.1351
2019-11-28 14:46:00,2.3609,2.3648,2.3609,2.3648,19275.6723
2019-11-28 14:45:00,2.3605,2.3612,2.3605,2.361,10445.4711
2019-11-28 14:44:00,2.3558,2.3616,2.3558,2.3605,34268.5941
2019-11-28 14:43:00,2.3476,2.358,2.345,2.3553,93423.696
2019-11-28 14:42:00,2.3453,2.3497,2.3453,2.3477,12785.7704
2019-11-28 14:41:00,2.343,2.3469,2.3415,2.3453,46580.0874
2019-11-28 14:40:00,2.3416,2.3425,2.3399,2.3423,2333.9228
2019-11-28 14:39:00,2.3356,2.3415,2.3356,2.3415,7722.2642
2019-11-28 14:38:00,2.335,2.3432,2.3339,2.3375,48592.0124
2019-11-28 14:37:00,2.3428,2.345,2.3361,2.3396,50978.2301
2019-11-28 14:36:00,2.34,2.3417,2.3375,2.3417,12437.7138
2019-11-28 14:35:00,2.3372,2.34,2.3372,2.34,7294.603
2019-11-28 14:34:00,2.3346,2.3372,2.3346,2.337,20952.7852
2019-11-28 14:33:00,2.3286,2.3352,2.3286,2.3339,27090.5112
2019-11-28 14:32:00,2.3216,2.3285,2.3216,2.3285,21013.1667
2019-11-28 14:31:00,2.3192,2.3222,2.3178,2.3222,44026.7883
2019-11-28 14:30:00,2.3186,2.32,2.3161,2.3161,24876.5592
2019-11-28 14:29:00,2.3175,2.3195,2.3163,2.3186,12978.2259
2019-11-28 14:28:00,2.3171,2.3178,2.3163,2.3163,17618.6598
2019-11-28 14:27:00,2.3133,2.3174,2.3119,2.3174,34586.1002
2019-11-28 14:26:00,2.3051,2.3126,2.3014,2.3126,47812.8958
2019-11-28 14:25:00,2.3009,2.31,2.3007,2.3092,21214.5501
2019-11-28 14:24:00,2.2916,2.3035,2.2916,2.3009,45191.9376
2019-11-28 14:23:00,2.2863,2.2946,2.2863,2.2911,40620.9337
2019-11-28 14:22:00,2.2802,2.29,2.2801,2.2862,108338.12
2019-11-28 14:21:00,2.2717,2.281,2.2717,2.281,27652.501
2019-11-28 14:20:00,2.265,2.28,2.265,2.2711,102887.002
2019-11-28 14:19:00,2.265,2.265,2.2628,2.265,4287.8177
2019-11-28 14:18:00,2.2627,2.2647,2.2619,2.2623,2586.4593
2019-11-28 14:17:00,2.2594,2.265,2.2594,2.2624,5666.5315
2019-11-28 14:16:00,2.2558,2.262,2.2558,2.2582,2985.9555
2019-11-28 14:15:00,2.2557,2.2565,2.2548,2.2558,7393.6937
2019-11-28 14:14:00,2.2546,2.2567,2.2545,2.2558,9136.6044
2019-11-28 14:13:00,2.2542,2.2552,2.2539,2.2545,6712.926
2019-11-28 14:12:00,2.2532,2.2593,2.2532,2.2567,3832.6838
2019-11-28 14:11:00,2.2563,2.2589,2.254,2.2549,1668.5479
2019-11-28 14:10:00,2.253,2.2589,2.2522,2.257,1621.5375
2019-11-28 14:09:00,2.2498,2.2575,2.2496,2.253,12582.6392
2019-11-28 14:08:00,2.2498,2.25,2.2498,2.2498,5127.2304
2019-11-28 14:07:00,2.2498,2.25,2.2496,2.2496,3969.3647
2019-11-28 14:06:00,2.2498,2.25,2.2495,2.2498,5344.6457
2019-11-28 14:05:00,2.25,2.25,2.248,2.25,2774.1205
2019-11-28 14:04:00,2.249,2.25,2.2485,2.2485,1910.1864
2019-11-28 14:03:00,2.2489,2.25,2.2483,2.2489,1000.6842
2019-11-28 14:02:00,2.2489,2.25,2.2477,2.25,5260.404
2019-11-28 14:01:00,2.25,2.25,2.2489,2.25,3443.5618
2019-11-28 14:00:00,2.2488,2.25,2.2483,2.2489,10936.6888
2019-11-28 13:59:00,2.2491,2.25,2.2488,2.25,5862.5222
2019-11-28 13:58:00,2.2489,2.25,2.2489,2.2495,2920.046
2019-11-28 13:57:00,2.2478,2.25,2.2478,2.2489,1759.1547
2019-11-28 13:56:00,2.2488,2.25,2.2488,2.2489,3539.0384
2019-11-28 13:55:00,2.2489,2.25,2.2483,2.2484,2789.3046
2019-11-28 13:54:00,2.2486,2.25,2.2484,2.2492,4554.4199
2019-11-28 13:53:00,2.2489,2.2495,2.2479,2.2479,3570.9187
2019-11-28 13:52:00,2.2487,2.2499,2.2487,2.2494,1780.5398
2019-11-28 13:51:00,2.2483,2.25,2.2452,2.2452,5397.1869
2019-11-28 13:50:00,2.2472,2.25,2.246,2.246,4025.4838
2019-11-28 13:49:00,2.2476,2.25,2.2451,2.2464,5122.6976
2019-11-28 13:48:00,2.245,2.2535,2.2432,2.2499,4242.5686
2019-11-28 13:47:00,2.244,2.2457,2.2432,2.2439,5582.4179
2019-11-28 13:46:00,2.2423,2.2463,2.2423,2.2431,8000.0795
2019-11-28 13:45:00,2.2432,2.244,2.2412,2.244,4581.4025
2019-11-28 13:44:00,2.2455,2.2455,2.2425,2.2433,6592.4689
2019-11-28 13:43:00,2.2446,2.2464,2.2427,2.2437,12462.2527
2019-11-28 13:42:00,2.2465,2.2474,2.24,2.2436,36282.7205
2019-11-28 13:41:00,2.2472,2.2474,2.2448,2.2453,6481.622
2019-11-28 13:40:00,2.2473,2.2474,2.2473,2.2474,2562.4131
2019-11-28 13:39:00,2.2457,2.2474,2.2416,2.2473,6852.2904
2019-11-28 13:38:00,2.2473,2.2475,2.2462,2.2462,2881.1903
2019-11-28 13:37:00,2.2441,2.2479,2.2428,2.2448,3008.7059
2019-11-28 13:36:00,2.2552,2.2567,2.2442,2.2442,14103.4751
2019-11-28 13:35:00,2.2594,2.26,2.2568,2.2594,22817.0708
2019-11-28 13:34:00,2.2561,2.2588,2.2551,2.2571,948.3851
2019-11-28 13:33:00,2.2583,2.2591,2.2549,2.2556,8227.4485
2019-11-28 13:32:00,2.2548,2.2588,2.2547,2.258,3334.1491
2019-11-28 13:31:00,2.2591,2.2591,2.2553,2.2565,7832.111
2019-11-28 13:30:00,2.2592,2.2592,2.254,2.2544,5567.9798
2019-11-28 13:29:00,2.2592,2.2599,2.2592,2.2592,7570.7043
2019-11-28 13:28:00,2.2584,2.2593,2.2578,2.2584,8806.6726
2019-11-28 13:27:00,2.2562,2.2582,2.2562,2.258,4770.0692
2019-11-28 13:26:00,2.2514,2.2562,2.2514,2.2562,40369.6673
2019-11-28 13:25:00,2.2508,2.2539,2.2508,2.2525,1899.8528
2019-11-28 13:24:00,2.2515,2.2539,2.2485,2.2504,8148.1666
2019-11-28 13:23:00,2.2484,2.2539,2.2484,2.2539,3348.5447
2019-11-28 13:22:00,2.246,2.2504,2.246,2.2487,14232.1502
2019-11-28 13:21:00,2.2493,2.2512,2.24,2.2511,33838.7491
2019-11-28 13:20:00,2.2491,2.2499,2.2473,2.2499,2096.6351
2019-11-28 13:19:00,2.2537,2.2537,2.2478,2.2478,8512.7115
2019-11-28 13:18:00,2.2538,2.2538,2.2528,2.2529,11144.8073
2019-11-28 13:17:00,2.2539,2.2539,2.2539,2.2539,576.4068
2019-11-28 13:16:00,2.2539,2.2539,2.2539,2.2539,3416.2721
2019-11-28 13:15:00,2.2539,2.2539,2.2539,2.2539,642.6505
2019-11-28 13:14:00,2.2539,2.2539,2.2539,2.2539,1655.0207
2019-11-28 13:13:00,2.2539,2.254,2.2539,2.2539,4693.2255
2019-11-28 13:12:00,2.2539,2.254,2.2538,2.2539,5283.298
2019-11-28 13:11:00,2.2535,2.254,2.2535,2.2539,5702.3662
2019-11-28 13:10:00,2.2538,2.254,2.2535,2.254,9606.4075
2019-11-28 13:09:00,2.254,2.254,2.2537,2.2539,1510.1193
2019-11-28 13:08:00,2.2532,2.254,2.2528,2.2528,5967.0819
2019-11-28 13:07:00,2.2529,2.254,2.2526,2.2529,3521.2721
2019-11-28 13:06:00,2.2531,2.2531,2.2525,2.2531,4675.3049
2019-11-28 13:05:00,2.2526,2.2531,2.2525,2.2531,10358.0377
2019-11-28 13:04:00,2.2526,2.2531,2.2524,2.2525,5329.2386
2019-11-28 13:03:00,2.2536,2.254,2.2523,2.2531,3570.3709
2019-11-28 13:02:00,2.258,2.258,2.2531,2.254,8547.0851
2019-11-28 13:01:00,2.2599,2.2619,2.2584,2.2587,5044.7137
2019-11-28 13:00:00,2.2604,2.2615,2.2583,2.2603,5676.5501
2019-11-28 12:59:00,2.2586,2.2625,2.2586,2.26,4905.517
2019-11-28 12:58:00,2.2631,2.2631,2.2576,2.259,15677.1525
2019-11-28 12:57:00,2.2645,2.2645,2.2625,2.2629,3763.1687
2019-11-28 12:56:00,2.2622,2.2635,2.2612,2.2625,3915.9991
2019-11-28 12:55:00,2.2646,2.2667,2.2623,2.2636,17606.4679
2019-11-28 12:54:00,2.2622,2.2663,2.2622,2.2628,5990.6848
2019-11-28 12:53:00,2.2543,2.2649,2.2539,2.2623,23485.436
2019-11-28 12:52:00,2.254,2.2543,2.2538,2.2543,15222.2027
2019-11-28 12:51:00,2.2559,2.2559,2.2543,2.255,1220.0416
2019-11-28 12:50:00,2.2553,2.256,2.2548,2.2549,1185.1036
2019-11-28 12:49:00,2.2576,2.2576,2.2553,2.2554,12349.4732
2019-11-28 12:48:00,2.2569,2.2587,2.2563,2.257,5322.4915
2019-11-28 12:47:00,2.2562,2.2587,2.2562,2.2575,2062.3022
2019-11-28 12:46:00,2.2577,2.2586,2.2568,2.2571,6451.4572
2019-11-28 12:45:00,2.2573,2.2597,2.2561,2.2586,7324.2728
2019-11-28 12:44:00,2.2586,2.2586,2.2577,2.2581,1598.8755
2019-11-28 12:43:00,2.2585,2.259,2.258,2.2586,2308.4689
2019-11-28 12:42:00,2.2629,2.2629,2.2585,2.2585,7899.956
2019-11-28 12:41:00,2.2637,2.2637,2.2613,2.2614,10506.4617
2019-11-28 12:40:00,2.2641,2.2642,2.2612,2.2612,2027.9692
2019-11-28 12:39:00,2.2611,2.2642,2.261,2.2626,8776.7725
2019-11-28 12:38:00,2.2646,2.2668,2.2644,2.2646,656.6385
2019-11-28 12:37:00,2.2648,2.267,2.2621,2.2649,4467.9716
2019-11-28 12:36:00,2.2641,2.267,2.263,2.264,5873.7634
2019-11-28 12:35:00,2.265,2.267,2.2627,2.2653,5461.4877
2019-11-28 12:34:00,2.266,2.2661,2.2634,2.266,4477.5013
2019-11-28 12:33:00,2.2639,2.2661,2.2624,2.2635,5074.4862
2019-11-28 12:32:00,2.2633,2.2661,2.26,2.264,10344.5524
2019-11-28 12:31:00,2.2647,2.2661,2.26,2.2634,2523.5282
2019-11-28 12:30:00,2.266,2.2661,2.263,2.263,4657.7894
2019-11-28 12:29:00,2.2656,2.2661,2.2656,2.2661,2174.8587
2019-11-28 12:28:00,2.2656,2.2661,2.2656,2.2661,5211.6835
2019-11-28 12:27:00,2.2656,2.2661,2.2653,2.2658,1880.0986
2019-11-28 12:26:00,2.2656,2.266,2.2654,2.266,2009.6115
2019-11-28 12:25:00,2.2654,2.266,2.2654,2.2657,7622.7878
2019-11-28 12:24:00,2.2652,2.2654,2.2652,2.2653,5517.6962
2019-11-28 12:23:00,2.2653,2.2655,2.2653,2.2653,3576.6663
2019-11-28 12:22:00,2.2659,2.2659,2.2653,2.2653,951.0841
2019-11-28 12:21:00,2.2656,2.2659,2.2653,2.2658,8327.5384
2019-11-28 12:20:00,2.2659,2.2659,2.2651,2.2656,4608.0585
2019-11-28 12:19:00,2.2661,2.2661,2.2656,2.2659,3461.1496
2019-11-28 12:18:00,2.2656,2.2661,2.2656,2.2656,8838.102
2019-11-28 12:17:00,2.2657,2.2661,2.2655,2.2656,3476.1398
2019-11-28 12:16:00,2.2647,2.2661,2.2647,2.2661,7486.2815
2019-11-28 12:15:00,2.265,2.2661,2.2632,2.2632,3021.1342
2019-11-28 12:14:00,2.2649,2.265,2.2625,2.2642,6178.2057
2019-11-28 12:13:00,2.262,2.2642,2.2596,2.2619,2101.3765
2019-11-28 12:12:00,2.2586,2.2646,2.2582,2.262,8897.6996
2019-11-28 12:11:00,2.2585,2.259,2.2585,2.2586,2529.3362
2019-11-28 12:10:00,2.2584,2.259,2.2581,2.2585,2177.9048
2019-11-28 12:09:00,2.2585,2.2625,2.2585,2.2593,6786.6653
2019-11-28 12:08:00,2.259,2.259,2.2585,2.2585,3673.7126
2019-11-28 12:07:00,2.259,2.259,2.2585,2.259,5649.5822
2019-11-28 12:06:00,2.2599,2.2599,2.2586,2.259,3141.5354
2019-11-28 12:05:00,2.2589,2.2599,2.2582,2.259,1478.1026
2019-11-28 12:04:00,2.259,2.2592,2.258,2.2589,5515.935
2019-11-28 12:03:00,2.2601,2.2615,2.2589,2.259,10008.5645
2019-11-28 12:02:00,2.2608,2.2616,2.258,2.2597,4901.4294
2019-11-28 12:01:00,2.2605,2.2619,2.2586,2.2604,2391.3031
2019-11-28 12:00:00,2.2638,2.2646,2.2581,2.2602,2667.088
2019-11-28 11:59:00,2.2627,2.2642,2.2627,2.2638,1287.3871
2019-11-28 11:58:00,2.2624,2.264,2.2615,2.2629,2357.3201
2019-11-28 11:57:00,2.2595,2.262,2.2587,2.2612,6436.8863
2019-11-28 11:56:00,2.2592,2.2605,2.2592,2.2605,1792.993
2019-11-28 11:55:00,2.2595,2.2608,2.2559,2.2585,2128.189
2019-11-28 11:54:00,2.2569,2.2593,2.2569,2.2593,4559.5245
2019-11-28 11:53:00,2.2573,2.2606,2.2573,2.258,8556.9448
2019-11-28 11:52:00,2.2569,2.2599,2.2564,2.2564,3914.7421
2019-11-28 11:51:00,2.2552,2.2571,2.2542,2.2543,2844.3239
2019-11-28 11:50:00,2.2535,2.2539,2.2532,2.2532,2535.2307
2019-11-28 11:49:00,2.2554,2.2554,2.2531,2.2539,6608.2037
2019-11-28 11:48:00,2.2547,2.2555,2.2547,2.2549,2457.4425
2019-11-28 11:47:00,2.2537,2.2555,2.2537,2.2552,7732.5573
2019-11-28 11:46:00,2.2545,2.2545,2.2538,2.2538,1912.9553
2019-11-28 11:45:00,2.2538,2.2545,2.2534,2.2545,7849.7498
2019-11-28 11:44:00,2.254,2.2543,2.2535,2.2535,1486.688
2019-11-28 11:43:00,2.254,2.2543,2.2538,2.2538,3622.285
2019-11-28 11:42:00,2.2545,2.2545,2.2536,2.2545,6833.2483
2019-11-28 11:41:00,2.254,2.2545,2.2539,2.254,4298.4939
2019-11-28 11:40:00,2.2539,2.2545,2.2527,2.254,4501.4908
2019-11-28 11:39:00,2.2529,2.2543,2.2513,2.2531,1302.7815
2019-11-28 11:38:00,2.2545,2.2554,2.2513,2.2531,12966.3348
2019-11-28 11:37:00,2.2546,2.2546,2.2533,2.2545,4089.149
2019-11-28 11:36:00,2.2517,2.2555,2.2517,2.2536,2326.9405
2019-11-28 11:35:00,2.25,2.2543,2.25,2.2528,8289.0311
2019-11-28 11:34:00,2.2494,2.25,2.2494,2.25,1825.9821
2019-11-28 11:33:00,2.2489,2.25,2.2484,2.2497,11338.1195
2019-11-28 11:32:00,2.25,2.25,2.2487,2.2487,3287.5941
2019-11-28 11:31:00,2.25,2.25,2.2483,2.2492,3301.8709
2019-11-28 11:30:00,2.2495,2.25,2.2485,2.2492,6577.6143
2019-11-28 11:29:00,2.2489,2.25,2.2489,2.25,3799.2681
2019-11-28 11:28:00,2.25,2.25,2.2485,2.2492,7128.2573
2019-11-28 11:27:00,2.2489,2.25,2.2485,2.2489,2613.6656
2019-11-28 11:26:00,2.2475,2.25,2.2463,2.2489,7307.1914
2019-11-28 11:25:00,2.247,2.2479,2.2417,2.2477,6137.9272
2019-11-28 11:24:00,2.25,2.25,2.2484,2.2485,2825.3498
2019-11-28 11:23:00,2.25,2.25,2.2491,2.2496,5824.9227
2019-11-28 11:22:00,2.2485,2.25,2.2475,2.25,8593.6645
2019-11-28 11:21:00,2.2485,2.2492,2.2485,2.2485,1125.6761
2019-11-28 11:20:00,2.2469,2.2498,2.2463,2.2485,11575.8084
2019-11-28 11:19:00,2.2484,2.2498,2.2478,2.2478,4630.3966
2019-11-28 11:18:00,2.2497,2.2497,2.247,2.247,9059.7268
2019-11-28 11:17:00,2.2476,2.2498,2.2456,2.2476,5147.2834
2019-11-28 11:16:00,2.246,2.2498,2.246,2.2489,9703.5561
2019-11-28 11:15:00,2.2499,2.2499,2.2471,2.2477,1693.9677
2019-11-28 11:14:00,2.2486,2.2499,2.2474,2.2499,4197.2815
2019-11-28 11:13:00,2.2479,2.2486,2.244,2.2483,4844.9972
2019-11-28 11:12:00,2.2467,2.25,2.2454,2.2476,5481.4889
2019-11-28 11:11:00,2.2443,2.2493,2.2439,2.2451,2635.841
2019-11-28 11:10:00,2.2422,2.2449,2.2422,2.2448,1285.1136
2019-11-28 11:09:00,2.2397,2.2428,2.2396,2.2423,11353.2231
2019-11-28 11:08:00,2.2395,2.24,2.2395,2.24,5340.2299
2019-11-28 11:07:00,2.2391,2.24,2.2391,2.2396,5870.5038
2019-11-28 11:06:00,2.2394,2.24,2.2382,2.239,1725.7839
2019-11-28 11:05:00,2.239,2.24,2.239,2.2399,10310.5241
2019-11-28 11:04:00,2.2386,2.24,2.2384,2.239,3008.515
2019-11-28 11:03:00,2.24,2.24,2.2377,2.24,6936.5518
2019-11-28 11:02:00,2.2397,2.24,2.2379,2.2386,5142.1701
2019-11-28 11:01:00,2.24,2.24,2.2386,2.2387,4797.1222
2019-11-28 11:00:00,2.2386,2.24,2.2374,2.2386,6410.1313
2019-11-28 10:59:00,2.24,2.24,2.2386,2.24,2459.35
2019-11-28 10:58:00,2.2399,2.24,2.2386,2.2386,8253.8947
2019-11-28 10:57:00,2.2385,2.2399,2.2385,2.2386,3237.0668
2019-11-28 10:56:00,2.2375,2.2399,2.2364,2.2381,6384.0744
2019-11-28 10:55:00,2.2364,2.2373,2.2354,2.2373,1062.254
2019-11-28 10:54:00,2.2364,2.2365,2.2343,2.2364,5571.9288
2019-11-28 10:53:00,2.2326,2.2362,2.2315,2.2348,4203.3673
2019-11-28 10:52:00,2.2316,2.2341,2.2315,2.2315,2286.1974
2019-11-28 10:51:00,2.232,2.2327,2.2318,2.2321,2217.8284
2019-11-28 10:50:00,2.2321,2.2327,2.2319,2.232,6408.699
2019-11-28 10:49:00,2.2312,2.2327,2.2312,2.2327,766.5388
2019-11-28 10:48:00,2.231,2.2327,2.231,2.2313,7259.5885
2019-11-28 10:47:00,2.2317,2.2327,2.2311,2.2319,8150.4121
2019-11-28 10:46:00,2.2315,2.232,2.2311,2.2314,1103.2029
2019-11-28 10:45:00,2.2315,2.232,2.2309,2.2315,5058.1754
2019-11-28 10:44:00,2.2311,2.2316,2.2303,2.2316,12182.2455
2019-11-28 10:43:00,2.2309,2.2327,2.2292,2.2309,4338.232
2019-11-28 10:42:00,2.23,2.2323,2.2294,2.231,7418.6486
2019-11-28 10:41:00,2.2341,2.2356,2.2298,2.2303,5547.0577
2019-11-28 10:40:00,2.2343,2.2359,2.2321,2.2344,2026.6479
2019-11-28 10:39:00,2.2352,2.2362,2.2335,2.2362,10250.7296
2019-11-28 10:38:00,2.2325,2.2343,2.2319,2.2343,1340.7706
2019-11-28 10:37:00,2.2361,2.2369,2.2329,2.2342,14781.8624
2019-11-28 10:36:00,2.2319,2.2354,2.2319,2.2351,7790.0005
2019-11-28 10:35:00,2.2342,2.235,2.2319,2.2319,2179.9574
2019-11-28 10:34:00,2.2337,2.236,2.2331,2.236,8363.0521
2019-11-28 10:33:00,2.2381,2.2381,2.2339,2.2346,13414.6304
2019-11-28 10:32:00,2.2381,2.2384,2.2381,2.2384,11495.3382
2019-11-28 10:31:00,2.2382,2.2382,2.238,2.2381,11408.4971
2019-11-28 10:30:00,2.2383,2.2383,2.238,2.2381,8954.616
2019-11-28 10:29:00,2.2383,2.2399,2.2383,2.2384,7120.4392
2019-11-28 10:28:00,2.2392,2.2394,2.2383,2.2383,1368.5197
2019-11-28 10:27:00,2.2392,2.2396,2.239,2.239,5356.7605
2019-11-28 10:26:00,2.2386,2.2399,2.2386,2.2392,8672.4909
2019-11-28 10:25:00,2.2371,2.2399,2.2369,2.2389,3150.1437
2019-11-28 10:24:00,2.238,2.238,2.2368,2.2371,735.2214
2019-11-28 10:23:00,2.2376,2.2387,2.2371,2.2371,1577.0456
2019-11-28 10:22:00,2.237,2.2382,2.237,2.2379,8795.849
2019-11-28 10:21:00,2.2376,2.2384,2.2376,2.2377,1170.2155
2019-11-28 10:20:00,2.2376,2.238,2.2371,2.238,6354.571
2019-11-28 10:19:00,2.2376,2.2388,2.2364,2.2376,1550.6832
2019-11-28 10:18:00,2.2341,2.2363,2.2341,2.2363,1135.8432
2019-11-28 10:17:00,2.2277,2.2364,2.2277,2.2364,4881.8917
2019-11-28 10:16:00,2.228,2.2299,2.2272,2.2296,5159.1624
2019-11-28 10:15:00,2.2293,2.2298,2.2255,2.2298,5031.9486
2019-11-28 10:14:00,2.23,2.23,2.2277,2.229,2988.4686
2019-11-28 10:13:00,2.2289,2.23,2.2287,2.2289,2310.1637
2019-11-28 10:12:00,2.2295,2.23,2.2283,2.2289,4273.845
2019-11-28 10:11:00,2.2294,2.23,2.2293,2.2293,5814.6682
2019-11-28 10:10:00,2.2288,2.229,2.2279,2.229,3071.0161
2019-11-28 10:09:00,2.2287,2.23,2.2287,2.229,4390.9571
2019-11-28 10:08:00,2.2291,2.2291,2.2287,2.2287,1491.1618
2019-11-28 10:07:00,2.2296,2.23,2.2288,2.2293,7031.9125
2019-11-28 10:06:00,2.2348,2.2348,2.2249,2.2293,10104.4192
2019-11-28 10:05:00,2.2308,2.235,2.2308,2.2345,1726.2027
2019-11-28 10:04:00,2.2321,2.2321,2.2294,2.2316,1810.0085
2019-11-28 10:03:00,2.2289,2.2319,2.2283,2.2319,7992.3867
2019-11-28 10:02:00,2.237,2.2374,2.2259,2.2294,54140.9215
2019-11-28 10:01:00,2.2385,2.2385,2.2355,2.2364,4009.6987
2019-11-28 10:00:00,2.2389,2.2389,2.238,2.238,1994.6189
2019-11-28 09:59:00,2.2386,2.2399,2.2381,2.2399,3855.8816
2019-11-28 09:58:00,2.238,2.24,2.2378,2.2378,5284.2834
2019-11-28 09:57:00,2.239,2.2414,2.235,2.2388,10583.7784
2019-11-28 09:56:00,2.2421,2.2428,2.239,2.2403,21801.334
2019-11-28 09:55:00,2.2425,2.244,2.2415,2.2424,1231.4656
2019-11-28 09:54:00,2.2439,2.2439,2.2402,2.2425,5547.1247
2019-11-28 09:53:00,2.2463,2.2463,2.2435,2.2435,3578.543
2019-11-28 09:52:00,2.2467,2.2467,2.2457,2.2459,4514.6067
2019-11-28 09:51:00,2.2462,2.2463,2.2452,2.2452,3596.883
2019-11-28 09:50:00,2.2467,2.2477,2.2451,2.2467,3707.6322
2019-11-28 09:49:00,2.2461,2.2478,2.245,2.2467,7329.5925
2019-11-28 09:48:00,2.2461,2.2476,2.2461,2.2468,2562.9278
2019-11-28 09:47:00,2.2405,2.2454,2.2394,2.2454,1310.3481
2019-11-28 09:46:00,2.2397,2.2432,2.2374,2.2374,5437.6301
2019-11-28 09:45:00,2.2385,2.2476,2.2358,2.2397,46036.8344
2019-11-28 09:44:00,2.2416,2.2454,2.231,2.2379,4610.9963
2019-11-28 09:43:00,2.2458,2.2465,2.2337,2.242,3517.2596
2019-11-28 09:42:00,2.2455,2.2456,2.245,2.2453,2489.4755
2019-11-28 09:41:00,2.2452,2.2459,2.2443,2.2457,4273.0381
2019-11-28 09:40:00,2.245,2.2451,2.2449,2.2451,820.0594
2019-11-28 09:39:00,2.2453,2.2453,2.2446,2.2449,5560.9804
2019-11-28 09:38:00,2.2449,2.2454,2.2449,2.2453,2548.2359
2019-11-28 09:37:00,2.2464,2.2464,2.2438,2.245,1897.609
2019-11-28 09:36:00,2.2488,2.2488,2.2466,2.2466,3153.4341
2019-11-28 09:35:00,2.249,2.249,2.2488,2.2488,934.1851
2019-11-28 09:34:00,2.2494,2.2494,2.249,2.2491,4963.1015
2019-11-28 09:33:00,2.249,2.2499,2.249,2.2494,889.1767
2019-11-28 09:32:00,2.2493,2.2499,2.2492,2.2498,359.2395
2019-11-28 09:31:00,2.2488,2.2496,2.2486,2.2496,8844.3468
2019-11-28 09:30:00,2.249,2.249,2.2487,2.249,9780.6541
2019-11-28 09:29:00,2.249,2.249,2.249,2.249,0
2019-11-28 09:28:00,2.2492,2.2492,2.249,2.249,1573.5921
2019-11-28 09:27:00,2.2492,2.2496,2.249,2.2491,7025.8324
2019-11-28 09:26:00,2.2495,2.2495,2.249,2.2492,4384.807
2019-11-28 09:25:00,2.2493,2.2499,2.2486,2.2493,6229.8455
2019-11-28 09:24:00,2.2486,2.2495,2.2486,2.2493,1107.0747
2019-11-28 09:23:00,2.2508,2.2526,2.2493,2.2493,21498.9998
2019-11-28 09:22:00,2.2524,2.253,2.2511,2.252,4522.6303
2019-11-28 09:21:00,2.2536,2.2553,2.2524,2.2538,5933.4591
2019-11-28 09:20:00,2.2563,2.2563,2.2524,2.2541,1152.4064
2019-11-28 09:19:00,2.2538,2.2557,2.2515,2.2557,1776.1771
2019-11-28 09:18:00,2.254,2.2545,2.2507,2.2545,3989.6203
2019-11-28 09:17:00,2.2488,2.2525,2.2488,2.2525,9221.9963
2019-11-28 09:16:00,2.2483,2.2489,2.2482,2.2486,1303.6791
2019-11-28 09:15:00,2.2489,2.2493,2.2468,2.2492,5988.808
2019-11-28 09:14:00,2.2478,2.2499,2.246,2.2476,6874.001
2019-11-28 09:13:00,2.2491,2.2513,2.248,2.2496,8017.7512
2019-11-28 09:12:00,2.253,2.2535,2.246,2.2496,5013.1075
2019-11-28 09:11:00,2.2543,2.2543,2.2523,2.2526,1909.2491
2019-11-28 09:10:00,2.2544,2.2562,2.2543,2.2544,1737.15
2019-11-28 09:09:00,2.2544,2.2595,2.2535,2.2554,6870.0241
2019-11-28 09:08:00,2.2544,2.2544,2.254,2.254,4680.9182
2019-11-28 09:07:00,2.2551,2.2566,2.2542,2.2545,5697.5008
2019-11-28 09:06:00,2.2592,2.2601,2.2559,2.2559,4707.5159
2019-11-28 09:05:00,2.2582,2.2582,2.256,2.2572,7567.2563
2019-11-28 09:04:00,2.2618,2.2627,2.2564,2.2575,6142.2503
2019-11-28 09:03:00,2.26,2.2647,2.2567,2.2602,6770.5689
2019-11-28 09:02:00,2.2622,2.2622,2.2562,2.2574,4202.7943
2019-11-28 09:01:00,2.262,2.2635,2.2612,2.2619,1798.0607
2019-11-28 09:00:00,2.265,2.2653,2.2603,2.2621,7543.9949
2019-11-28 08:59:00,2.2664,2.2668,2.2644,2.2644,7768.4872
2019-11-28 08:58:00,2.263,2.27,2.263,2.2662,8521.0743
2019-11-28 08:57:00,2.26,2.2674,2.26,2.2644,14832.5815
2019-11-28 08:56:00,2.2572,2.2595,2.2572,2.2593,860.6968
2019-11-28 08:55:00,2.2562,2.2585,2.2562,2.2572,3853.9286
2019-11-28 08:54:00,2.2631,2.2688,2.2569,2.2594,6954.6092
2019-11-28 08:53:00,2.2525,2.2607,2.2525,2.2597,14968.6159
2019-11-28 08:52:00,2.25,2.2518,2.25,2.2518,867.9382
2019-11-28 08:51:00,2.2484,2.2508,2.2484,2.2508,1515.1401
2019-11-28 08:50:00,2.2486,2.2486,2.2468,2.2471,802.6353
2019-11-28 08:49:00,2.248,2.251,2.2464,2.2488,6656.2728
2019-11-28 08:48:00,2.2537,2.2537,2.2483,2.2484,11649.5313
2019-11-28 08:47:00,2.2578,2.2578,2.2521,2.2521,11000.0161
2019-11-28 08:46:00,2.2571,2.2579,2.2565,2.2565,7743.5237
2019-11-28 08:45:00,2.2627,2.2627,2.2542,2.2563,14430.3078
2019-11-28 08:44:00,2.2627,2.2635,2.2615,2.2622,7908.7388
2019-11-28 08:43:00,2.2631,2.2637,2.2608,2.2608,7375.6191
2019-11-28 08:42:00,2.2651,2.2651,2.2627,2.2628,6316.4597
2019-11-28 08:41:00,2.2583,2.265,2.2583,2.2633,18539.136
2019-11-28 08:40:00,2.2588,2.26,2.2574,2.26,2386.2872
2019-11-28 08:39:00,2.2554,2.2585,2.2554,2.2585,6215.796
2019-11-28 08:38:00,2.255,2.2557,2.255,2.2556,2219.4981
2019-11-28 08:37:00,2.2501,2.255,2.2501,2.255,4793.1291
2019-11-28 08:36:00,2.247,2.2506,2.2468,2.2495,6070.1854
2019-11-28 08:35:00,2.2457,2.2468,2.2454,2.2468,1750.0985
2019-11-28 08:34:00,2.2457,2.2457,2.2452,2.2452,3804.2171
2019-11-28 08:33:00,2.2457,2.2457,2.2445,2.2457,1272.4081
2019-11-28 08:32:00,2.2459,2.2469,2.2444,2.2457,1623.4005
2019-11-28 08:31:00,2.2463,2.2463,2.2457,2.2461,4308.7578
2019-11-28 08:30:00,2.2455,2.2465,2.2451,2.2451,3600.0831
2019-11-28 08:29:00,2.2453,2.2471,2.2441,2.2441,7803.0339
2019-11-28 08:28:00,2.2441,2.2471,2.2441,2.2451,6503.5957
2019-11-28 08:27:00,2.245,2.2471,2.2429,2.2453,765.0085
2019-11-28 08:26:00,2.2477,2.2477,2.245,2.2464,7963.8943
2019-11-28 08:25:00,2.2449,2.2457,2.2434,2.2435,1958.5251
2019-11-28 08:24:00,2.2414,2.2478,2.2402,2.2469,25599.1988
2019-11-28 08:23:00,2.2438,2.2449,2.24,2.2401,4623.251
2019-11-28 08:22:00,2.2463,2.247,2.244,2.244,967.1612
2019-11-28 08:21:00,2.2466,2.2475,2.2434,2.2475,1987.4299
2019-11-28 08:20:00,2.2464,2.2501,2.2464,2.2468,2489.0444
2019-11-28 08:19:00,2.2471,2.2488,2.2458,2.2458,4578.2561
2019-11-28 08:18:00,2.247,2.2488,2.2439,2.2488,2333.7043
2019-11-28 08:17:00,2.2452,2.248,2.2452,2.246,6364.2529
2019-11-28 08:16:00,2.2457,2.2489,2.2457,2.247,8495.0456
2019-11-28 08:15:00,2.2437,2.2465,2.2433,2.2465,2576.0959
2019-11-28 08:14:00,2.2443,2.2455,2.2439,2.2439,5650.9425
2019-11-28 08:13:00,2.2439,2.2449,2.2438,2.2438,2637.3078
2019-11-28 08:12:00,2.2438,2.2438,2.2427,2.2432,4288.272
2019-11-28 08:11:00,2.2439,2.2447,2.2432,2.2443,8462.3249
2019-11-28 08:10:00,2.244,2.2449,2.2398,2.2439,9850.8657
2019-11-28 08:09:00,2.2451,2.2457,2.245,2.2456,1495.196
2019-11-28 08:08:00,2.2438,2.2452,2.2405,2.2452,11034.2507
2019-11-28 08:07:00,2.2445,2.2456,2.2429,2.2429,1784.2183
2019-11-28 08:06:00,2.2449,2.245,2.2439,2.2445,1168.1833
2019-11-28 08:05:00,2.2442,2.245,2.243,2.243,2479.6563
2019-11-28 08:04:00,2.2418,2.2433,2.24,2.2429,1653.0479
2019-11-28 08:03:00,2.2409,2.2446,2.2405,2.2422,707.8035
2019-11-28 08:02:00,2.2415,2.2423,2.2388,2.2423,1756.6475
2019-11-28 08:01:00,2.2412,2.2433,2.2394,2.2404,4458.5879
2019-11-28 08:00:00,2.2388,2.2438,2.2388,2.2438,1311.3179
2019-11-28 07:59:00,2.2389,2.2404,2.2388,2.2404,1366.381
2019-11-28 07:58:00,2.2389,2.2405,2.2389,2.2398,528.2116
2019-11-28 07:57:00,2.2346,2.2412,2.2344,2.2412,11655.1579
2019-11-28 07:56:00,2.2328,2.238,2.2315,2.2325,12937.3577
2019-11-28 07:55:00,2.2399,2.2399,2.2315,2.2328,20282.0426
2019-11-28 07:54:00,2.2446,2.2446,2.2397,2.2398,3152.4071
2019-11-28 07:53:00,2.2412,2.246,2.24,2.243,3221.3246
2019-11-28 07:52:00,2.2435,2.2437,2.2409,2.2437,7852.9655
2019-11-28 07:51:00,2.2479,2.2484,2.2405,2.2433,12440.4862
2019-11-28 07:50:00,2.2516,2.2516,2.248,2.248,11983.497
2019-11-28 07:49:00,2.2482,2.2506,2.2435,2.2494,3178.2281
2019-11-28 07:48:00,2.2431,2.2493,2.243,2.2492,1048.6158
2019-11-28 07:47:00,2.2495,2.252,2.2459,2.252,14253.3491
2019-11-28 07:46:00,2.2464,2.2502,2.2444,2.249,1714.2564
2019-11-28 07:45:00,2.2456,2.2485,2.2406,2.2451,5076.7606
2019-11-28 07:44:00,2.246,2.2572,2.24,2.2489,20233.8452
2019-11-28 07:43:00,2.2487,2.2505,2.2458,2.2463,2530.173
2019-11-28 07:42:00,2.2516,2.2528,2.2461,2.2491,4353.2226
2019-11-28 07:41:00,2.2534,2.2541,2.2516,2.2516,5917.9674
2019-11-28 07:40:00,2.254,2.2544,2.2526,2.254,2304.8917
2019-11-28 07:39:00,2.2524,2.2538,2.2524,2.2538,1794.8804
2019-11-28 07:38:00,2.2533,2.2533,2.2511,2.2521,3644.4999
2019-11-28 07:37:00,2.2568,2.2573,2.25,2.2524,6524.3303
2019-11-28 07:36:00,2.2562,2.257,2.2561,2.2568,1057.3435
2019-11-28 07:35:00,2.2566,2.2571,2.2555,2.2562,1469.2827
2019-11-28 07:34:00,2.2547,2.2584,2.2547,2.2566,4069.0233
2019-11-28 07:33:00,2.2539,2.2568,2.2539,2.2558,8078.0163
2019-11-28 07:32:00,2.2573,2.2595,2.2531,2.2559,11883.9233
2019-11-28 07:31:00,2.2592,2.26,2.2548,2.2573,19383.4286
2019-11-28 07:30:00,2.2591,2.2594,2.2585,2.2589,3349.1841
2019-11-28 07:29:00,2.2596,2.2597,2.2584,2.2592,963.3011
2019-11-28 07:28:00,2.2592,2.26,2.2591,2.2596,1890.6466
2019-11-28 07:27:00,2.2592,2.26,2.2585,2.2588,1234.0588
2019-11-28 07:26:00,2.2528,2.26,2.2528,2.2587,5926.2095
2019-11-28 07:25:00,2.2524,2.2529,2.2522,2.2528,6715.1296
2019-11-28 07:24:00,2.2526,2.2527,2.252,2.2524,15979.0704
2019-11-28 07:23:00,2.2526,2.2526,2.2526,2.2526,0
2019-11-28 07:22:00,2.2527,2.2528,2.2525,2.2526,4253.3849
2019-11-28 07:21:00,2.2526,2.2528,2.2523,2.2526,19101.0223
2019-11-28 07:20:00,2.2522,2.2526,2.2522,2.2526,751.3503
2019-11-28 07:19:00,2.2519,2.2523,2.2519,2.2523,526.1486
2019-11-28 07:18:00,2.2523,2.2528,2.2518,2.2523,3437.6904
2019-11-28 07:17:00,2.2527,2.2529,2.2523,2.2523,1115.5339
2019-11-28 07:16:00,2.2524,2.2528,2.2524,2.2527,2440.6723
2019-11-28 07:15:00,2.2525,2.2529,2.2522,2.2524,6432.3412
2019-11-28 07:14:00,2.2525,2.2526,2.2522,2.2524,3859.9218
2019-11-28 07:13:00,2.2525,2.2526,2.252,2.252,8990.0263
2019-11-28 07:12:00,2.252,2.2525,2.252,2.2525,5547.0168
2019-11-28 07:11:00,2.2519,2.2524,2.2519,2.2522,734.4884
2019-11-28 07:10:00,2.2524,2.2526,2.2518,2.2521,1577.4144
2019-11-28 07:09:00,2.2537,2.2543,2.2523,2.253,3905.1628
2019-11-28 07:08:00,2.2523,2.2545,2.252,2.253,4494.0291
2019-11-28 07:07:00,2.253,2.2541,2.2529,2.2532,5220.8144
2019-11-28 07:06:00,2.2544,2.2544,2.2518,2.2535,1768.6721
2019-11-28 07:05:00,2.254,2.2546,2.254,2.2546,1116.0888
2019-11-28 07:04:00,2.2527,2.2546,2.2522,2.2539,4118.8341
2019-11-28 07:03:00,2.2547,2.2547,2.2523,2.2523,1121.9916
2019-11-28 07:02:00,2.2533,2.2547,2.2531,2.2533,5227.3108
2019-11-28 07:01:00,2.2544,2.2544,2.2521,2.2534,3872.5947
2019-11-28 07:00:00,2.2536,2.2549,2.2522,2.2534,3408.7421
2019-11-28 06:59:00,2.2533,2.2547,2.2518,2.2532,1694.1947
2019-11-28 06:58:00,2.2564,2.2564,2.2521,2.2536,1267.7461
2019-11-28 06:57:00,2.2509,2.2547,2.2492,2.2541,10189.7155
2019-11-28 06:56:00,2.2508,2.2575,2.2506,2.2522,3878.8641
2019-11-28 06:55:00,2.256,2.2563,2.246,2.2509,8757.3687
2019-11-28 06:54:00,2.2571,2.2573,2.2551,2.256,3872.1872
2019-11-28 06:53:00,2.258,2.258,2.255,2.2566,5153.9822
2019-11-28 06:52:00,2.2555,2.2579,2.255,2.2566,5672.0314
2019-11-28 06:51:00,2.2551,2.2555,2.255,2.255,3050.7357
2019-11-28 06:50:00,2.2551,2.2551,2.2551,2.2551,15.3143
2019-11-28 06:49:00,2.2551,2.2551,2.2551,2.2551,42.3431
2019-11-28 06:48:00,2.2551,2.2551,2.255,2.2551,757.9609
2019-11-28 06:47:00,2.252,2.2537,2.2513,2.2513,8204.7646
2019-11-28 06:46:00,2.2482,2.2518,2.2482,2.2518,8075.5
2019-11-28 06:45:00,2.248,2.2518,2.2466,2.2466,9920.0583
2019-11-28 06:44:00,2.2464,2.2509,2.2464,2.2493,4074.9617
2019-11-28 06:43:00,2.2467,2.2482,2.2457,2.247,1946.5309
2019-11-28 06:42:00,2.2472,2.2487,2.2449,2.2467,3369.8863
2019-11-28 06:41:00,2.2482,2.2513,2.2449,2.2475,4441.2076
2019-11-28 06:40:00,2.2506,2.2544,2.2457,2.2457,5911.3879
2019-11-28 06:39:00,2.2517,2.2579,2.249,2.249,2760.2991
2019-11-28 06:38:00,2.251,2.2544,2.251,2.2544,3665.1678
2019-11-28 06:37:00,2.2562,2.2585,2.2533,2.2553,2897.7228
2019-11-28 06:36:00,2.2502,2.2593,2.2502,2.2592,4832.4802
2019-11-28 06:35:00,2.2613,2.2613,2.2506,2.2507,7561.0211
2019-11-28 06:34:00,2.262,2.262,2.2614,2.2616,910.7111
2019-11-28 06:33:00,2.2607,2.262,2.2602,2.2615,3137.2259
2019-11-28 06:32:00,2.2596,2.2606,2.2596,2.2599,1132.8898
2019-11-28 06:31:00,2.2568,2.2608,2.2568,2.2603,7915.4913
2019-11-28 06:30:00,2.2584,2.2608,2.2571,2.2603,4831.4006
2019-11-28 06:29:00,2.2615,2.2615,2.2561,2.2584,10728.5657
2019-11-28 06:28:00,2.262,2.2634,2.2591,2.2591,686.6984
2019-11-28 06:27:00,2.2632,2.2649,2.2601,2.262,7338.5899
2019-11-28 06:26:00,2.2648,2.2658,2.2648,2.2648,1975.5242
2019-11-28 06:25:00,2.2654,2.2676,2.2648,2.2648,7798.0733
2019-11-28 06:24:00,2.2671,2.2683,2.2666,2.2673,1409.3385
2019-11-28 06:23:00,2.2658,2.2679,2.2648,2.2656,4871.6317
2019-11-28 06:22:00,2.2661,2.2681,2.2632,2.2663,626.709
2019-11-28 06:21:00,2.2594,2.2663,2.2594,2.265,18235.79
2019-11-28 06:20:00,2.2589,2.2596,2.2589,2.2595,1110.23
2019-11-28 06:19:00,2.258,2.2598,2.258,2.2593,15276.766
2019-11-28 06:18:00,2.2578,2.2598,2.2571,2.2571,8933.0012
2019-11-28 06:17:00,2.2555,2.2565,2.2548,2.2565,3008.2023
2019-11-28 06:16:00,2.2558,2.2565,2.2551,2.2563,2059.0179
2019-11-28 06:15:00,2.2566,2.2569,2.2558,2.2558,449.3339
2019-11-28 06:14:00,2.2555,2.2573,2.2544,2.2572,2905.2606
2019-11-28 06:13:00,2.2544,2.2552,2.2544,2.2548,1796.5803
2019-11-28 06:12:00,2.2548,2.2556,2.254,2.2544,1331.4906
2019-11-28 06:11:00,2.2558,2.2566,2.2546,2.2556,2131.4874
2019-11-28 06:10:00,2.2548,2.2569,2.2543,2.2543,5976.7787
2019-11-28 06:09:00,2.2556,2.2556,2.2546,2.2546,862.1622
2019-11-28 06:08:00,2.2543,2.2561,2.2539,2.255,8239.9175
2019-11-28 06:07:00,2.2546,2.2548,2.2538,2.2544,809.2972
2019-11-28 06:06:00,2.2544,2.2546,2.253,2.2544,1430.0433
2019-11-28 06:05:00,2.2534,2.2548,2.2534,2.2546,4669.4753
2019-11-28 06:04:00,2.2536,2.255,2.2525,2.2531,2762.1726
2019-11-28 06:03:00,2.2542,2.2569,2.2505,2.2505,3482.5712
2019-11-28 06:02:00,2.2572,2.2573,2.2552,2.2552,5147.1125
2019-11-28 06:01:00,2.2578,2.2581,2.257,2.2572,1490.3278
2019-11-28 06:00:00,2.2577,2.2582,2.2575,2.2578,2991.7774
2019-11-28 05:59:00,2.2556,2.2584,2.2556,2.2571,2417.0943
2019-11-28 05:58:00,2.2553,2.2556,2.2541,2.2554,2774.7508
2019-11-28 05:57:00,2.2556,2.2557,2.253,2.2546,2446.7419
2019-11-28 05:56:00,2.2499,2.255,2.2499,2.2531,6173.346
2019-11-28 05:55:00,2.2498,2.25,2.2496,2.2499,1371.918
2019-11-28 05:54:00,2.25,2.25,2.2493,2.25,4788.2415
2019-11-28 05:53:00,2.2485,2.25,2.2479,2.2486,4026.4062
2019-11-28 05:52:00,2.2479,2.25,2.2472,2.2485,1426.6086
2019-11-28 05:51:00,2.2479,2.2479,2.2461,2.2472,5752.2217
2019-11-28 05:50:00,2.2478,2.2479,2.2461,2.2464,2322.5811
2019-11-28 05:49:00,2.2471,2.2471,2.2446,2.2446,2341.2747
2019-11-28 05:48:00,2.2456,2.2472,2.2443,2.2456,6026.6185
2019-11-28 05:47:00,2.2458,2.2467,2.2458,2.2458,1323.0679
2019-11-28 05:46:00,2.2479,2.2479,2.244,2.2458,5262.8925
2019-11-28 05:45:00,2.2465,2.2479,2.2451,2.2466,1544.7182
2019-11-28 05:44:00,2.2465,2.2474,2.2457,2.247,5587.0447
2019-11-28 05:43:00,2.2487,2.2487,2.246,2.2467,1949.4702
2019-11-28 05:42:00,2.2511,2.2512,2.2487,2.2487,656.7233
2019-11-28 05:41:00,2.2506,2.252,2.2484,2.252,5981.0169
2019-11-28 05:40:00,2.2504,2.2539,2.2504,2.2505,5975.518
2019-11-28 05:39:00,2.2506,2.2557,2.2504,2.2504,2606.7289
2019-11-28 05:38:00,2.25,2.2503,2.2488,2.2502,1779.7045
2019-11-28 05:37:00,2.2485,2.2504,2.2485,2.2504,2083.8158
2019-11-28 05:36:00,2.2498,2.25,2.2489,2.2489,3267.2291
2019-11-28 05:35:00,2.249,2.2503,2.249,2.25,962.9265
2019-11-28 05:34:00,2.2493,2.2499,2.2475,2.2475,4320.9189
2019-11-28 05:33:00,2.2481,2.249,2.2478,2.2478,4637.1608
2019-11-28 05:32:00,2.2521,2.2521,2.2474,2.2489,4316.374
2019-11-28 05:31:00,2.2487,2.2545,2.2487,2.2545,1879.1377
2019-11-28 05:30:00,2.2513,2.2522,2.2493,2.2493,1599.0339
2019-11-28 05:29:00,2.2524,2.2524,2.249,2.2519,6795.1712
2019-11-28 05:28:00,2.253,2.2543,2.2509,2.2525,1604.2483
2019-11-28 05:27:00,2.2528,2.2545,2.2528,2.2531,1988.0839
2019-11-28 05:26:00,2.2528,2.2531,2.252,2.2525,668.6731
2019-11-28 05:25:00,2.2537,2.2543,2.2527,2.2534,1958.5456
2019-11-28 05:24:00,2.2557,2.2557,2.2532,2.2532,2405.5474
2019-11-28 05:23:00,2.2556,2.2558,2.255,2.255,351.1437
2019-11-28 05:22:00,2.256,2.2566,2.2537,2.2553,5604.3685
2019-11-28 05:21:00,2.2564,2.2564,2.2553,2.2562,858.1306
2019-11-28 05:20:00,2.2563,2.2594,2.2542,2.2542,6345.0988
2019-11-28 05:19:00,2.2625,2.2649,2.2563,2.2582,4217.7775
2019-11-28 05:18:00,2.2642,2.2642,2.2565,2.2622,6512.7075
2019-11-28 05:17:00,2.2637,2.2644,2.2632,2.2632,884.7593
2019-11-28 05:16:00,2.2645,2.2669,2.2629,2.2634,2262.4766
2019-11-28 05:15:00,2.2588,2.2674,2.2588,2.2674,4579.7077
2019-11-28 05:14:00,2.258,2.2589,2.258,2.2586,4660.8895
2019-11-28 05:13:00,2.2572,2.2581,2.2572,2.2579,1768.7063
2019-11-28 05:12:00,2.257,2.2586,2.2562,2.2574,3906.2943
2019-11-28 05:11:00,2.2574,2.2574,2.2553,2.2565,944.1652
2019-11-28 05:10:00,2.2571,2.2581,2.2566,2.2566,7479.1675
2019-11-28 05:09:00,2.2578,2.2578,2.2567,2.2567,749.14
2019-11-28 05:08:00,2.2592,2.2592,2.2567,2.2582,2144.6978
2019-11-28 05:07:00,2.2587,2.2597,2.2578,2.2578,2980.5829
2019-11-28 05:06:00,2.2585,2.2602,2.2568,2.2587,4273.6482
2019-11-28 05:05:00,2.2557,2.2589,2.2557,2.2584,1826.4925
2019-11-28 05:04:00,2.2602,2.2602,2.256,2.2579,5211.3203
2019-11-28 05:03:00,2.2629,2.2629,2.2551,2.2595,5807.1621
2019-11-28 05:02:00,2.2643,2.2662,2.2629,2.2629,14579.898
2019-11-28 05:01:00,2.266,2.266,2.2612,2.2624,5615.7509
2019-11-28 05:00:00,2.2609,2.2647,2.2604,2.2614,701.101
2019-11-28 04:59:00,2.2604,2.2644,2.2602,2.2602,6461.69
2019-11-28 04:58:00,2.2666,2.2669,2.2556,2.2632,9182.4084
2019-11-28 04:57:00,2.2656,2.2682,2.265,2.267,1306.6544
2019-11-28 04:56:00,2.2684,2.2684,2.2657,2.267,1761.1238
2019-11-28 04:55:00,2.2672,2.2675,2.266,2.2671,13569.0239
2019-11-28 04:54:00,2.2698,2.2698,2.2655,2.2684,7222.288
2019-11-28 04:53:00,2.2691,2.2696,2.2666,2.267,6759.9308
2019-11-28 04:52:00,2.2685,2.271,2.2654,2.2688,600.3122
2019-11-28 04:51:00,2.2691,2.2691,2.2654,2.2665,2004.8104
2019-11-28 04:50:00,2.2745,2.2745,2.2672,2.2683,4381.2892
2019-11-28 04:49:00,2.2742,2.2742,2.2687,2.2729,4616.415
2019-11-28 04:48:00,2.2758,2.2758,2.2687,2.2728,5254.2385
2019-11-28 04:47:00,2.2762,2.2773,2.2732,2.2751,5314.2275
2019-11-28 04:46:00,2.2732,2.2756,2.272,2.2756,3214.0485
2019-11-28 04:45:00,2.2722,2.2754,2.2719,2.2751,3649.7282
2019-11-28 04:44:00,2.2709,2.2755,2.2709,2.2737,907.2738
2019-11-28 04:43:00,2.2722,2.2755,2.2714,2.2749,3940.0716
2019-11-28 04:42:00,2.2738,2.2739,2.2709,2.273,1744.6908
2019-11-28 04:41:00,2.2712,2.2753,2.2705,2.273,1815.5026
2019-11-28 04:40:00,2.2691,2.2713,2.2663,2.2687,9529.9534
2019-11-28 04:39:00,2.2732,2.2739,2.2686,2.2697,5328.7561
2019-11-28 04:38:00,2.2737,2.2759,2.2706,2.2732,898.388
2019-11-28 04:37:00,2.2833,2.2834,2.275,2.275,3794.8013
2019-11-28 04:36:00,2.2836,2.286,2.2822,2.2822,2899.6873
2019-11-28 04:35:00,2.2838,2.286,2.2799,2.2833,27939.2754
2019-11-28 04:34:00,2.2766,2.2838,2.2766,2.2814,11765.7633
2019-11-28 04:33:00,2.2836,2.2837,2.2795,2.2833,3095.9006
2019-11-28 04:32:00,2.2838,2.286,2.2803,2.286,7920.0993
2019-11-28 04:31:00,2.2769,2.2837,2.2769,2.2792,12894.5412
2019-11-28 04:30:00,2.276,2.2836,2.2744,2.2789,23246.33
2019-11-28 04:29:00,2.2764,2.2796,2.2722,2.2722,4560.9596
2019-11-28 04:28:00,2.2737,2.2752,2.2737,2.2741,3405.139
2019-11-28 04:27:00,2.2761,2.2775,2.2748,2.2757,925.0149
2019-11-28 04:26:00,2.2754,2.277,2.2736,2.277,7395.8645
2019-11-28 04:25:00,2.2763,2.2782,2.276,2.2782,5999.1575
2019-11-28 04:24:00,2.2794,2.2794,2.2759,2.2759,1742.4071
2019-11-28 04:23:00,2.2757,2.2761,2.274,2.2751,1643.2031
2019-11-28 04:22:00,2.2751,2.279,2.269,2.2744,5176.5684
2019-11-28 04:21:00,2.2766,2.2766,2.273,2.273,4524.5599
2019-11-28 04:20:00,2.2768,2.2793,2.2705,2.2755,20743.5629
2019-11-28 04:19:00,2.2753,2.2759,2.2705,2.2759,4310.248
2019-11-28 04:18:00,2.2754,2.28,2.2711,2.2724,6336.8628
2019-11-28 04:17:00,2.2775,2.28,2.2732,2.2762,17034.3135
2019-11-28 04:16:00,2.2678,2.2763,2.2633,2.275,3827.8929
2019-11-28 04:15:00,2.2649,2.2691,2.2643,2.2686,1935.9214
2019-11-28 04:14:00,2.2662,2.2667,2.263,2.2662,10675.0905
2019-11-28 04:13:00,2.2637,2.2664,2.2624,2.2624,2656.6542
2019-11-28 04:12:00,2.2684,2.2685,2.2578,2.2637,4982.5499
2019-11-28 04:11:00,2.2665,2.2697,2.2648,2.2648,11663.604
2019-11-28 04:10:00,2.2649,2.2665,2.2626,2.2665,2234.1746
2019-11-28 04:09:00,2.2662,2.269,2.262,2.2688,4976.9181
2019-11-28 04:08:00,2.2667,2.269,2.2646,2.2649,1417.8646
2019-11-28 04:07:00,2.27,2.27,2.263,2.2671,7222.6119
2019-11-28 04:06:00,2.2664,2.27,2.2651,2.2671,4627.4209
2019-11-28 04:05:00,2.2663,2.268,2.2645,2.268,1700.1272
2019-11-28 04:04:00,2.2653,2.2681,2.2637,2.2658,11815.3007
2019-11-28 04:03:00,2.2682,2.2682,2.2637,2.2655,1698.9538
2019-11-28 04:02:00,2.2655,2.2684,2.2635,2.2651,8101.9867
2019-11-28 04:01:00,2.2601,2.2692,2.2601,2.2653,3425.1009
2019-11-28 04:00:00,2.2588,2.2628,2.2588,2.2628,16.9101
2019-11-28 03:59:00,2.2601,2.2604,2.2598,2.2603,5299.3788
2019-11-28 03:58:00,2.2588,2.2617,2.2546,2.2606,8295.1265
2019-11-28 03:57:00,2.2617,2.2632,2.2591,2.2591,1003.9301
2019-11-28 03:56:00,2.2614,2.2633,2.2594,2.262,1494.6614
2019-11-28 03:55:00,2.2617,2.264,2.2595,2.2604,4406.7068
2019-11-28 03:54:00,2.2566,2.2619,2.2566,2.2617,4090.4268
2019-11-28 03:53:00,2.2588,2.2591,2.2587,2.2589,3880.6286
2019-11-28 03:52:00,2.2583,2.2588,2.2583,2.2588,1434.0163
2019-11-28 03:51:00,2.2603,2.2603,2.259,2.259,828.6485
2019-11-28 03:50:00,2.2592,2.2602,2.2582,2.2601,4571.6053
2019-11-28 03:49:00,2.2561,2.2577,2.256,2.2577,5554.9003
2019-11-28 03:48:00,2.2573,2.2573,2.255,2.2567,7123.8226
2019-11-28 03:47:00,2.2576,2.26,2.2566,2.2577,725.7604
2019-11-28 03:46:00,2.2566,2.2581,2.2543,2.2577,12129.7773
2019-11-28 03:45:00,2.2548,2.2587,2.254,2.2587,8124.5271
2019-11-28 03:44:00,2.2522,2.2552,2.2522,2.2547,5627.1285
2019-11-28 03:43:00,2.2571,2.2571,2.2512,2.2542,10412.7392
2019-11-28 03:42:00,2.2574,2.2589,2.253,2.2565,7149.1488
2019-11-28 03:41:00,2.2576,2.2587,2.2548,2.2557,1320.4952
2019-11-28 03:40:00,2.2536,2.26,2.2531,2.2574,9802.2012
2019-11-28 03:39:00,2.2572,2.2593,2.2549,2.2562,1931.3296
2019-11-28 03:38:00,2.2556,2.2598,2.2556,2.2562,5097.2471
2019-11-28 03:37:00,2.2556,2.256,2.2514,2.2514,1805.8236
2019-11-28 03:36:00,2.2554,2.2598,2.2539,2.2595,15613.6084
2019-11-28 03:35:00,2.2543,2.2558,2.2528,2.2558,2978.0115
2019-11-28 03:34:00,2.2536,2.2546,2.253,2.2546,1976.6509
2019-11-28 03:33:00,2.2535,2.2552,2.2532,2.2538,1796.7112
2019-11-28 03:32:00,2.2511,2.2565,2.2503,2.2533,3068.158
2019-11-28 03:31:00,2.2432,2.2515,2.2432,2.2515,25168.1391
2019-11-28 03:30:00,2.2408,2.2474,2.2408,2.2458,6801.0903
2019-11-28 03:29:00,2.2439,2.2486,2.242,2.242,3241.2199
2019-11-28 03:28:00,2.2445,2.2478,2.2409,2.2431,3071.4058
2019-11-28 03:27:00,2.2433,2.2482,2.242,2.2482,10871.234
2019-11-28 03:26:00,2.2466,2.2466,2.2416,2.2416,4366.9709
2019-11-28 03:25:00,2.2451,2.2484,2.2423,2.2446,1549.5698
2019-11-28 03:24:00,2.2449,2.2466,2.2418,2.2458,4924.1268
2019-11-28 03:23:00,2.2425,2.2447,2.2409,2.2445,1076.8509
2019-11-28 03:22:00,2.25,2.25,2.2433,2.2433,6529.8076
2019-11-28 03:21:00,2.2499,2.2519,2.2478,2.2495,9690.8157
2019-11-28 03:20:00,2.246,2.2497,2.246,2.2478,3891.6796
2019-11-28 03:19:00,2.2473,2.2494,2.2451,2.2476,2391.4917
2019-11-28 03:18:00,2.2474,2.2474,2.2456,2.2471,2514.4219
2019-11-28 03:17:00,2.2474,2.2496,2.2468,2.2474,1472.7058
2019-11-28 03:16:00,2.2458,2.2472,2.2445,2.2472,3834.2439
2019-11-28 03:15:00,2.2447,2.2476,2.2447,2.2456,720.5064
2019-11-28 03:14:00,2.2455,2.2471,2.2437,2.2437,10766.2277
2019-11-28 03:13:00,2.2463,2.2483,2.2437,2.2448,5915.2919
2019-11-28 03:12:00,2.2466,2.2496,2.2465,2.2496,801.1896
2019-11-28 03:11:00,2.2459,2.2496,2.2437,2.2496,4790.4521
2019-11-28 03:10:00,2.2383,2.2459,2.238,2.2459,8124.9464
2019-11-28 03:09:00,2.2372,2.2386,2.2372,2.2383,2301.359
2019-11-28 03:08:00,2.2382,2.2388,2.2363,2.237,1584.7597
2019-11-28 03:07:00,2.2337,2.2388,2.2337,2.2366,6573.1271
2019-11-28 03:06:00,2.2346,2.2367,2.2339,2.236,607.5774
2019-11-28 03:05:00,2.2344,2.2352,2.2341,2.2341,1614.191
2019-11-28 03:04:00,2.235,2.235,2.2334,2.2342,8225.2489
2019-11-28 03:03:00,2.2336,2.2356,2.2327,2.235,2154.5365
2019-11-28 03:02:00,2.2336,2.2338,2.2324,2.2335,1190.6746
2019-11-28 03:01:00,2.2319,2.2341,2.2319,2.2334,10631.6835
2019-11-28 03:00:00,2.231,2.2331,2.2308,2.2324,4693.2535
2019-11-28 02:59:00,2.2337,2.2337,2.2309,2.2309,6920.1938
2019-11-28 02:58:00,2.2349,2.2349,2.2336,2.2336,8245.7542
2019-11-28 02:57:00,2.2358,2.2358,2.2337,2.2348,6277.0224
2019-11-28 02:56:00,2.2365,2.2365,2.2338,2.2357,3964.7433
2019-11-28 02:55:00,2.235,2.2387,2.235,2.2364,2894.0406
2019-11-28 02:54:00,2.2381,2.2381,2.2363,2.2363,666.3661
2019-11-28 02:53:00,2.2337,2.2362,2.2337,2.235,1377.7902
2019-11-28 02:52:00,2.232,2.2347,2.232,2.2336,508.5497
2019-11-28 02:51:00,2.2369,2.2369,2.2332,2.2347,2064.226
2019-11-28 02:50:00,2.236,2.236,2.2312,2.2348,11462.8233
2019-11-28 02:49:00,2.2322,2.2338,2.2297,2.2325,5065.1128
2019-11-28 02:48:00,2.2327,2.2337,2.2295,2.2337,2009.7526
2019-11-28 02:47:00,2.2284,2.2372,2.227,2.227,8957.1965
2019-11-28 02:46:00,2.23,2.23,2.2264,2.228,2565.9203
2019-11-28 02:45:00,2.2317,2.2337,2.2292,2.2313,2733.4712
2019-11-28 02:44:00,2.2359,2.237,2.2252,2.2312,7977.1111
2019-11-28 02:43:00,2.239,2.2393,2.2359,2.2359,1966.9624
2019-11-28 02:42:00,2.2373,2.2397,2.2354,2.2397,1414.596
2019-11-28 02:41:00,2.2397,2.2451,2.2392,2.2392,5144.3516
2019-11-28 02:40:00,2.2399,2.2452,2.2398,2.2398,3935.7112
2019-11-28 02:39:00,2.2351,2.2423,2.2351,2.2421,10548.1201
2019-11-28 02:38:00,2.2371,2.2383,2.234,2.236,1424.8376
2019-11-28 02:37:00,2.2386,2.2386,2.2336,2.2374,3993.5401
2019-11-28 02:36:00,2.2476,2.2479,2.2374,2.2388,49585.9047
2019-11-28 02:35:00,2.2526,2.253,2.2401,2.241,28383.8614
2019-11-28 02:34:00,2.2581,2.2581,2.25,2.253,7432.8567
2019-11-28 02:33:00,2.2581,2.26,2.2581,2.2581,6352.2672
2019-11-28 02:32:00,2.2581,2.2598,2.2581,2.2596,5274.4448
2019-11-28 02:31:00,2.261,2.261,2.2578,2.26,3304.667
2019-11-28 02:30:00,2.2577,2.2591,2.2573,2.2591,3092.9099
2019-11-28 02:29:00,2.2589,2.2598,2.2562,2.2589,3405.3698
2019-11-28 02:28:00,2.2594,2.2614,2.2568,2.2568,9669.7354
2019-11-28 02:27:00,2.2629,2.27,2.2603,2.2603,3691.8838
2019-11-28 02:26:00,2.2662,2.268,2.2635,2.268,4951.1831
2019-11-28 02:25:00,2.2622,2.2701,2.2595,2.2669,11831.7055
2019-11-28 02:24:00,2.2622,2.2647,2.2595,2.2595,2222.029
2019-11-28 02:23:00,2.2628,2.265,2.2601,2.2621,3435.7537
2019-11-28 02:22:00,2.2624,2.2655,2.2594,2.2655,22560.9604
2019-11-28 02:21:00,2.2681,2.2681,2.2581,2.2628,2483.6516
2019-11-28 02:20:00,2.2659,2.2714,2.2654,2.2714,1424.8087
2019-11-28 02:19:00,2.266,2.2685,2.265,2.2669,2139.7965
2019-11-28 02:18:00,2.2677,2.2707,2.2663,2.2692,1432.0342
2019-11-28 02:17:00,2.2696,2.2708,2.2681,2.269,807.02
2019-11-28 02:16:00,2.265,2.2713,2.2649,2.2675,17851.6885
2019-11-28 02:15:00,2.2691,2.2726,2.2625,2.268,12070.7661
2019-11-28 02:14:00,2.2696,2.2696,2.2642,2.2657,3008.2825
2019-11-28 02:13:00,2.2717,2.2717,2.2659,2.2706,13112.2022
2019-11-28 02:12:00,2.2717,2.2751,2.2686,2.2694,747.7665
2019-11-28 02:11:00,2.274,2.2755,2.2714,2.2719,9126.0331
2019-11-28 02:10:00,2.2794,2.2827,2.273,2.2761,6869.7669
2019-11-28 02:09:00,2.2808,2.2849,2.2808,2.2811,2094.9988
2019-11-28 02:08:00,2.2781,2.286,2.2781,2.2808,24756.3611
2019-11-28 02:07:00,2.2727,2.278,2.269,2.278,4904.156
2019-11-28 02:06:00,2.2671,2.27,2.2671,2.2695,8653.5284
2019-11-28 02:05:00,2.2699,2.2699,2.2675,2.2682,2553.7528
2019-11-28 02:04:00,2.2648,2.2691,2.2648,2.2682,3591.9104
2019-11-28 02:03:00,2.262,2.2667,2.2606,2.2666,1995.5926
2019-11-28 02:02:00,2.2674,2.27,2.2645,2.2647,9897.8966
2019-11-28 02:01:00,2.2668,2.2674,2.2631,2.2659,9241.1517
2019-11-28 02:00:00,2.2626,2.2663,2.2603,2.2659,14160.9144
2019-11-28 01:59:00,2.2597,2.2604,2.2573,2.2604,1498.2938
2019-11-28 01:58:00,2.2598,2.2598,2.2578,2.259,7144.2972
2019-11-28 01:57:00,2.2604,2.2605,2.2585,2.2604,1287.4904
2019-11-28 01:56:00,2.2592,2.2598,2.2572,2.2597,4056.4325
2019-11-28 01:55:00,2.2587,2.2636,2.258,2.2629,8594.9263
2019-11-28 01:54:00,2.2579,2.2638,2.2544,2.2638,9987.6568
2019-11-28 01:53:00,2.2547,2.2612,2.2547,2.2559,7987.6276
2019-11-28 01:52:00,2.2592,2.2592,2.2563,2.2563,3424.899
2019-11-28 01:51:00,2.2576,2.2593,2.2565,2.2581,6604.2281
2019-11-28 01:50:00,2.2583,2.2622,2.2564,2.2564,919.8836
2019-11-28 01:49:00,2.2675,2.2675,2.25,2.2588,27822.9998
2019-11-28 01:48:00,2.2678,2.2719,2.2642,2.2691,4877.7172
2019-11-28 01:47:00,2.2653,2.2688,2.2629,2.2642,3775.2013
2019-11-28 01:46:00,2.2708,2.2708,2.2653,2.2677,1938.5453
2019-11-28 01:45:00,2.2747,2.2773,2.2643,2.2667,14773.3152
2019-11-28 01:44:00,2.2685,2.275,2.2685,2.274,6745.2373
2019-11-28 01:43:00,2.269,2.2715,2.2674,2.2674,6020.1086
2019-11-28 01:42:00,2.2645,2.2711,2.2602,2.2711,1014.7533
2019-11-28 01:41:00,2.259,2.2662,2.2587,2.2587,17274.5987
2019-11-28 01:40:00,2.2586,2.259,2.2582,2.2589,1337.7452
2019-11-28 01:39:00,2.2607,2.2626,2.2587,2.2587,8849.2865
2019-11-28 01:38:00,2.2612,2.2633,2.2593,2.2608,4400.8292
2019-11-28 01:37:00,2.2557,2.2642,2.2553,2.264,15515.617
2019-11-28 01:36:00,2.2576,2.2609,2.2557,2.2609,15935.6415
2019-11-28 01:35:00,2.2626,2.2626,2.2558,2.2558,4501.6449
2019-11-28 01:34:00,2.2681,2.2681,2.2628,2.2628,2473.5456
2019-11-28 01:33:00,2.2733,2.2733,2.2644,2.2653,31810.9524
2019-11-28 01:32:00,2.2734,2.2738,2.2727,2.2727,858.8436
2019-11-28 01:31:00,2.2727,2.274,2.2727,2.2734,1765.7363
2019-11-28 01:30:00,2.272,2.274,2.272,2.2727,780.8723
2019-11-28 01:29:00,2.2722,2.2724,2.2722,2.2724,9037.2883
2019-11-28 01:28:00,2.2725,2.273,2.272,2.2723,1614.8102
2019-11-28 01:27:00,2.2751,2.2771,2.2733,2.2733,1498.8392
2019-11-28 01:26:00,2.2754,2.28,2.2725,2.2745,6253.9206
2019-11-28 01:25:00,2.2722,2.275,2.271,2.275,9049.4495
2019-11-28 01:24:00,2.2729,2.2737,2.271,2.2721,6745.2861
2019-11-28 01:23:00,2.2736,2.2741,2.271,2.271,38945.7559
2019-11-28 01:22:00,2.2717,2.2753,2.2717,2.2735,3558.6697
2019-11-28 01:21:00,2.2756,2.279,2.2715,2.2715,3704.8779
2019-11-28 01:20:00,2.2774,2.28,2.2724,2.2759,22926.6871
2019-11-28 01:19:00,2.2734,2.28,2.2719,2.2759,1487.896
2019-11-28 01:18:00,2.2707,2.2765,2.2699,2.276,8216.6495
2019-11-28 01:17:00,2.2593,2.2806,2.252,2.2748,21624.1306
2019-11-28 01:16:00,2.2638,2.2679,2.2384,2.2603,15712.0803
2019-11-28 01:15:00,2.2644,2.2673,2.26,2.2635,9046.8151
2019-11-28 01:14:00,2.2652,2.2705,2.2602,2.2604,6099.6616
2019-11-28 01:13:00,2.2695,2.2705,2.2654,2.2668,4461.4704
2019-11-28 01:12:00,2.2668,2.2711,2.257,2.267,16672.7345
2019-11-28 01:11:00,2.2617,2.282,2.2543,2.2652,55625.9328
2019-11-28 01:10:00,2.2593,2.2627,2.2552,2.2572,3822.322
2019-11-28 01:09:00,2.266,2.266,2.25,2.2578,19981.7924
2019-11-28 01:08:00,2.2646,2.2657,2.2588,2.26,8947.9712
2019-11-28 01:07:00,2.2654,2.2674,2.261,2.2674,8177.9573
2019-11-28 01:06:00,2.267,2.271,2.26,2.2639,24291.8177
2019-11-28 01:05:00,2.27,2.2714,2.2671,2.2671,25203.8127
2019-11-28 01:04:00,2.2675,2.2698,2.2642,2.2681,5574.2959
2019-11-28 01:03:00,2.2696,2.2729,2.2655,2.2655,7654.7678
2019-11-28 01:02:00,2.2725,2.2742,2.2667,2.2684,5980.0219
2019-11-28 01:01:00,2.2724,2.2747,2.263,2.2679,51214.1101
2019-11-28 01:00:00,2.2657,2.27,2.2622,2.27,37933.1426
2019-11-28 00:59:00,2.2617,2.2657,2.2615,2.2657,10634.7639
2019-11-28 00:58:00,2.2691,2.2696,2.2633,2.2634,7688.3706
2019-11-28 00:57:00,2.2693,2.2723,2.263,2.2691,26863.671
2019-11-28 00:56:00,2.2639,2.2699,2.2624,2.2633,7828.89
2019-11-28 00:55:00,2.2661,2.2685,2.26,2.266,7880.5363
2019-11-28 00:54:00,2.2661,2.2722,2.2608,2.2608,10430.7413
2019-11-28 00:53:00,2.2671,2.2674,2.2591,2.2635,30060.8243
2019-11-28 00:52:00,2.2577,2.269,2.2577,2.2671,35421.5841
2019-11-28 00:51:00,2.2575,2.2808,2.2506,2.2569,58796.4638
2019-11-28 00:50:00,2.2526,2.2575,2.2495,2.2575,35719.5382
2019-11-28 00:49:00,2.2322,2.2563,2.2322,2.2432,96100.9556
2019-11-28 00:48:00,2.2266,2.24,2.2259,2.24,32001.6261
2019-11-28 00:47:00,2.2267,2.227,2.2262,2.2267,9412.3642
2019-11-28 00:46:00,2.2262,2.227,2.2262,2.2263,3317.4149
2019-11-28 00:45:00,2.2222,2.226,2.221,2.226,24862.4044
2019-11-28 00:44:00,2.2189,2.2222,2.2183,2.2201,9815.2868
2019-11-28 00:43:00,2.2192,2.2211,2.2172,2.2172,1777.6947
2019-11-28 00:42:00,2.2181,2.2211,2.2169,2.2202,11100.7326
2019-11-28 00:41:00,2.2102,2.2169,2.2066,2.2155,1702.729
2019-11-28 00:40:00,2.2117,2.2129,2.207,2.207,3745.5219
2019-11-28 00:39:00,2.2136,2.2164,2.2059,2.2064,16571.7911
2019-11-28 00:38:00,2.2206,2.2211,2.2119,2.2137,13604.1816
2019-11-28 00:37:00,2.2211,2.2222,2.2206,2.2206,5403.9464
2019-11-28 00:36:00,2.2222,2.2222,2.2208,2.2212,6226.0652
2019-11-28 00:35:00,2.22,2.2211,2.219,2.2204,14060.4855
2019-11-28 00:34:00,2.219,2.22,2.219,2.219,12982.7765
2019-11-28 00:33:00,2.22,2.22,2.219,2.219,13903.0398
2019-11-28 00:32:00,2.2192,2.22,2.219,2.2191,8708.3803
2019-11-28 00:31:00,2.219,2.2199,2.2183,2.2192,6712.3798
2019-11-28 00:30:00,2.2206,2.2222,2.2179,2.2189,7104.5153
2019-11-28 00:29:00,2.218,2.2222,2.2179,2.2215,15694.4563
2019-11-28 00:28:00,2.219,2.2202,2.218,2.2196,2488.5681
2019-11-28 00:27:00,2.2194,2.2211,2.2185,2.2185,14422.0612
2019-11-28 00:26:00,2.2192,2.2209,2.2187,2.2194,5002.2562
2019-11-28 00:25:00,2.22,2.2206,2.2199,2.2205,1530.8734
2019-11-28 00:24:00,2.2201,2.2212,2.22,2.22,4259.3936
2019-11-28 00:23:00,2.219,2.2201,2.2182,2.2199,6486.8171
2019-11-28 00:22:00,2.219,2.2199,2.219,2.219,5941.3225
2019-11-28 00:21:00,2.2154,2.2199,2.2154,2.2193,10077.1625
2019-11-28 00:20:00,2.2134,2.2155,2.212,2.2155,3888.4471
2019-11-28 00:19:00,2.2115,2.214,2.2103,2.2134,8833.3919
2019-11-28 00:18:00,2.2113,2.2142,2.2112,2.2142,9750.5365
2019-11-28 00:17:00,2.2123,2.2142,2.2103,2.2127,8448.3574
2019-11-28 00:16:00,2.2142,2.2142,2.2108,2.2123,1545.4096
2019-11-28 00:15:00,2.2135,2.2142,2.2106,2.2122,10341.974
2019-11-28 00:14:00,2.2158,2.2168,2.2108,2.2108,4378.9008
2019-11-28 00:13:00,2.2107,2.2187,2.2094,2.2129,33289.545
2019-11-28 00:12:00,2.2075,2.2104,2.205,2.2104,3641.3454
2019-11-28 00:11:00,2.2042,2.21,2.2041,2.2099,16831.3346
2019-11-28 00:10:00,2.2028,2.2046,2.2024,2.2042,3280.3542
2019-11-28 00:09:00,2.2035,2.2061,2.2009,2.2039,9460.6676
2019-11-28 00:08:00,2.2003,2.2041,2.2002,2.2034,3432.9792
2019-11-28 00:07:00,2.2029,2.2041,2.2,2.2003,12494.6281
2019-11-28 00:06:00,2.2016,2.2055,2.2006,2.205,8011.6231
2019-11-28 00:05:00,2.2089,2.2089,2.2006,2.2016,29089.7792
2019-11-28 00:04:00,2.211,2.2135,2.203,2.2071,7089.8385
2019-11-28 00:03:00,2.2179,2.2185,2.2035,2.2048,54849.6287
2019-11-28 00:02:00,2.2177,2.2188,2.2177,2.2179,31082.7243
2019-11-28 00:01:00,2.2161,2.22,2.2138,2.2179,56255.9058
2019-11-28 00:00:00,2.2139,2.2172,2.2125,2.2161,7807.3408
