2019-11-07 23:59:00,3.2514,3.2569,3.249,3.2533,12119.8418
2019-11-07 23:58:00,3.244,3.25,3.2389,3.25,4297.911
2019-11-07 23:57:00,3.244,3.25,3.2428,3.2443,8881.1351
2019-11-07 23:56:00,3.2445,3.2451,3.2369,3.2451,18721.9895
2019-11-07 23:55:00,3.2533,3.2533,3.2371,3.2371,2277.3499
2019-11-07 23:54:00,3.2462,3.2527,3.2442,3.2527,1746.2041
2019-11-07 23:53:00,3.2564,3.2581,3.2451,3.247,4885.2376
2019-11-07 23:52:00,3.2643,3.2643,3.2477,3.2599,24356.5005
2019-11-07 23:51:00,3.2619,3.2619,3.255,3.2604,2721.4022
2019-11-07 23:50:00,3.2654,3.2659,3.2541,3.257,2487.2291
2019-11-07 23:49:00,3.2644,3.2697,3.2611,3.2643,15617.09
2019-11-07 23:48:00,3.2633,3.2651,3.2633,3.2643,1124.9438
2019-11-07 23:47:00,3.2582,3.2618,3.255,3.2618,3344.9838
2019-11-07 23:46:00,3.2556,3.27,3.2556,3.2602,23131.4392
2019-11-07 23:45:00,3.2449,3.2538,3.2449,3.2538,1923.2332
2019-11-07 23:44:00,3.2381,3.244,3.2381,3.2429,7856.666
2019-11-07 23:43:00,3.24,3.2405,3.2337,3.2405,9083.2258
2019-11-07 23:42:00,3.2454,3.2554,3.2399,3.24,53493.3649
2019-11-07 23:41:00,3.2461,3.2474,3.24,3.246,8344.8467
2019-11-07 23:40:00,3.2594,3.2594,3.245,3.2474,43383.8702
2019-11-07 23:39:00,3.2671,3.2677,3.2521,3.2603,10294.3489
2019-11-07 23:38:00,3.2666,3.2685,3.2645,3.2671,2258.8551
2019-11-07 23:37:00,3.2645,3.2672,3.261,3.2672,3641.3134
2019-11-07 23:36:00,3.261,3.2625,3.2605,3.2625,776.315
2019-11-07 23:35:00,3.2624,3.2624,3.26,3.26,10054.6181
2019-11-07 23:34:00,3.2579,3.265,3.2579,3.2619,4709.6611
2019-11-07 23:33:00,3.2654,3.2655,3.2561,3.2561,23404.579
2019-11-07 23:32:00,3.2665,3.2665,3.2606,3.2633,4675.3428
2019-11-07 23:31:00,3.2664,3.2681,3.2632,3.2633,4065.3237
2019-11-07 23:30:00,3.259,3.2668,3.259,3.2668,681.6414
2019-11-07 23:29:00,3.26,3.2613,3.2589,3.259,4266.2478
2019-11-07 23:28:00,3.258,3.262,3.258,3.26,5988.5653
2019-11-07 23:27:00,3.2563,3.2617,3.25,3.2586,14474.7252
2019-11-07 23:26:00,3.2601,3.2638,3.25,3.25,3940.6906
2019-11-07 23:25:00,3.2646,3.2646,3.2596,3.2622,3454.1513
2019-11-07 23:24:00,3.2789,3.2789,3.262,3.262,7614.613
2019-11-07 23:23:00,3.2791,3.2791,3.2788,3.2788,1676.458
2019-11-07 23:22:00,3.2797,3.2797,3.279,3.2791,6483.7905
2019-11-07 23:21:00,3.2795,3.2797,3.2787,3.2797,6550.2484
2019-11-07 23:20:00,3.2797,3.2797,3.2795,3.2795,876.1271
2019-11-07 23:19:00,3.2791,3.2797,3.2789,3.2797,1639.267
2019-11-07 23:18:00,3.28,3.28,3.2789,3.2791,14947.1664
2019-11-07 23:17:00,3.2788,3.2795,3.2788,3.2794,3065.8284
2019-11-07 23:16:00,3.2787,3.2787,3.2787,3.2787,0
2019-11-07 23:15:00,3.2787,3.2787,3.2787,3.2787,0
2019-11-07 23:14:00,3.2811,3.2811,3.2782,3.2787,1992.8012
2019-11-07 23:13:00,3.2738,3.281,3.2726,3.281,2530.069
2019-11-07 23:12:00,3.2727,3.2738,3.2666,3.2724,7439.0551
2019-11-07 23:11:00,3.2702,3.2736,3.2694,3.2722,4260.0616
2019-11-07 23:10:00,3.266,3.2702,3.266,3.2698,6583.5468
2019-11-07 23:09:00,3.268,3.2732,3.266,3.266,2788.0164
2019-11-07 23:08:00,3.2768,3.2768,3.266,3.2679,12657.4699
2019-11-07 23:07:00,3.2799,3.281,3.2788,3.2788,2514.7909
2019-11-07 23:06:00,3.2815,3.282,3.2797,3.2814,7422.8624
2019-11-07 23:05:00,3.2815,3.2828,3.2803,3.2811,4816.9636
2019-11-07 23:04:00,3.2835,3.2836,3.2808,3.2815,4640.7598
2019-11-07 23:03:00,3.2836,3.2836,3.2833,3.2835,950.9085
2019-11-07 23:02:00,3.2845,3.285,3.2836,3.2842,4986.2587
2019-11-07 23:01:00,3.2831,3.2845,3.2801,3.2845,2578.9822
2019-11-07 23:00:00,3.2848,3.2858,3.2828,3.2828,4340.309
2019-11-07 22:59:00,3.2861,3.2867,3.2837,3.2837,1776.1086
2019-11-07 22:58:00,3.2803,3.2867,3.2803,3.2847,6588.4175
2019-11-07 22:57:00,3.2836,3.2849,3.2825,3.2825,1692.1762
2019-11-07 22:56:00,3.2808,3.286,3.2804,3.2834,2225.3694
2019-11-07 22:55:00,3.2773,3.2807,3.2773,3.2807,5074.7402
2019-11-07 22:54:00,3.2741,3.2773,3.2741,3.2773,7667.2169
2019-11-07 22:53:00,3.2767,3.2769,3.274,3.275,5838.976
2019-11-07 22:52:00,3.2772,3.2779,3.2758,3.2758,11257.4087
2019-11-07 22:51:00,3.2779,3.28,3.2772,3.2774,2433.5141
2019-11-07 22:50:00,3.2812,3.2812,3.2753,3.2778,8711.7768
2019-11-07 22:49:00,3.2873,3.2899,3.2715,3.2766,34939.7666
2019-11-07 22:48:00,3.2887,3.291,3.2849,3.2889,2182.0775
2019-11-07 22:47:00,3.2908,3.2909,3.287,3.2889,4317.8305
2019-11-07 22:46:00,3.2899,3.2928,3.2899,3.2901,5685.795
2019-11-07 22:45:00,3.286,3.2914,3.286,3.2903,868.985
2019-11-07 22:44:00,3.287,3.287,3.2857,3.2867,3666.4974
2019-11-07 22:43:00,3.2825,3.2876,3.2825,3.2876,7892.2683
2019-11-07 22:42:00,3.2878,3.2898,3.279,3.2877,3112.4073
2019-11-07 22:41:00,3.2895,3.2921,3.2857,3.2891,6134.5656
2019-11-07 22:40:00,3.2908,3.291,3.2902,3.2906,3934.9032
2019-11-07 22:39:00,3.2922,3.2923,3.2899,3.2923,8287.3104
2019-11-07 22:38:00,3.2921,3.2923,3.2921,3.2921,3408.0435
2019-11-07 22:37:00,3.2915,3.2915,3.2915,3.2915,3.54
2019-11-07 22:36:00,3.2913,3.2921,3.2912,3.2918,1977.7612
2019-11-07 22:35:00,3.2914,3.2921,3.2899,3.2915,2027.2415
2019-11-07 22:34:00,3.2922,3.2922,3.2915,3.2915,1305.3819
2019-11-07 22:33:00,3.2922,3.2926,3.2921,3.2923,3889.676
2019-11-07 22:32:00,3.2918,3.2928,3.2918,3.2928,5631.1669
2019-11-07 22:31:00,3.291,3.2932,3.291,3.2922,4659.1436
2019-11-07 22:30:00,3.2961,3.2965,3.2917,3.2925,4493.4042
2019-11-07 22:29:00,3.2933,3.2965,3.2933,3.2937,696.2479
2019-11-07 22:28:00,3.2913,3.2951,3.2903,3.2919,1538.0076
2019-11-07 22:27:00,3.2876,3.2932,3.2876,3.2925,1881.8326
2019-11-07 22:26:00,3.2961,3.2961,3.2887,3.2918,5779.9475
2019-11-07 22:25:00,3.2981,3.2981,3.28,3.2909,22684.5416
2019-11-07 22:24:00,3.2991,3.2991,3.2963,3.2981,2667.8463
2019-11-07 22:23:00,3.2999,3.3,3.2982,3.2984,1165.616
2019-11-07 22:22:00,3.2969,3.3,3.2944,3.2984,15290.3156
2019-11-07 22:21:00,3.2942,3.2969,3.2926,3.2969,482.6874
2019-11-07 22:20:00,3.2983,3.3,3.2919,3.2965,7001.0137
2019-11-07 22:19:00,3.3045,3.3062,3.2989,3.2989,4617.0496
2019-11-07 22:18:00,3.3056,3.3056,3.3013,3.3034,15806.5648
2019-11-07 22:17:00,3.303,3.3102,3.2979,3.3013,2207.1238
2019-11-07 22:16:00,3.3066,3.3123,3.2939,3.2939,25260.7709
2019-11-07 22:15:00,3.3088,3.3094,3.3,3.3063,9414.9367
2019-11-07 22:14:00,3.3168,3.3169,3.3096,3.31,8883.2224
2019-11-07 22:13:00,3.3166,3.3168,3.3136,3.3168,6063.7334
2019-11-07 22:12:00,3.3189,3.3189,3.31,3.31,12156.6301
2019-11-07 22:11:00,3.3274,3.3274,3.3189,3.3194,15484.9633
2019-11-07 22:10:00,3.3296,3.3303,3.3274,3.3282,2479.0331
2019-11-07 22:09:00,3.3296,3.3303,3.3295,3.3296,3833.0241
2019-11-07 22:08:00,3.3304,3.3304,3.3289,3.3297,3329.0782
2019-11-07 22:07:00,3.3321,3.3321,3.3289,3.3289,8020.8768
2019-11-07 22:06:00,3.3351,3.3353,3.3287,3.3321,12735.8485
2019-11-07 22:05:00,3.3355,3.3356,3.3351,3.3355,2291.3821
2019-11-07 22:04:00,3.3363,3.3375,3.3353,3.3353,5244.6078
2019-11-07 22:03:00,3.3369,3.3374,3.3359,3.3359,833.8023
2019-11-07 22:02:00,3.3369,3.3373,3.3361,3.3369,6197.4428
2019-11-07 22:01:00,3.3374,3.3378,3.3365,3.3369,5262.8823
2019-11-07 22:00:00,3.3363,3.3377,3.3362,3.337,712.7242
2019-11-07 21:59:00,3.3362,3.3365,3.3362,3.3364,3874.3013
2019-11-07 21:58:00,3.3368,3.3368,3.3362,3.3362,693.1022
2019-11-07 21:57:00,3.3406,3.3406,3.336,3.3377,2064.0758
2019-11-07 21:56:00,3.3409,3.3431,3.34,3.3409,7574.3859
2019-11-07 21:55:00,3.3409,3.3417,3.3405,3.3409,8653.7997
2019-11-07 21:54:00,3.3404,3.3409,3.3402,3.3409,2544.2942
2019-11-07 21:53:00,3.3405,3.3407,3.3402,3.3405,1092.4379
2019-11-07 21:52:00,3.3409,3.3411,3.3405,3.3406,2919.4593
2019-11-07 21:51:00,3.34,3.3426,3.34,3.3418,2132.729
2019-11-07 21:50:00,3.3383,3.3415,3.3361,3.3401,6401.5804
2019-11-07 21:49:00,3.3382,3.3393,3.3369,3.3377,4885.1118
2019-11-07 21:48:00,3.3395,3.3431,3.3386,3.3386,4046.8275
2019-11-07 21:47:00,3.3382,3.3394,3.336,3.3394,2276.0248
2019-11-07 21:46:00,3.3394,3.3396,3.3361,3.3396,7145.0271
2019-11-07 21:45:00,3.3364,3.346,3.3363,3.339,5411.6965
2019-11-07 21:44:00,3.3392,3.3445,3.3364,3.3364,4229.9494
2019-11-07 21:43:00,3.3418,3.3418,3.3396,3.3396,3870.7009
2019-11-07 21:42:00,3.3407,3.3453,3.3368,3.3453,2573.1746
2019-11-07 21:41:00,3.3375,3.3431,3.3361,3.3393,7954.4984
2019-11-07 21:40:00,3.3368,3.3378,3.3358,3.3358,4605.7291
2019-11-07 21:39:00,3.3358,3.3378,3.3358,3.3368,8391.5745
2019-11-07 21:38:00,3.3366,3.3378,3.3351,3.3351,4813.8457
2019-11-07 21:37:00,3.3362,3.3374,3.3354,3.3366,7056.2884
2019-11-07 21:36:00,3.3374,3.3378,3.3349,3.3362,1241.6813
2019-11-07 21:35:00,3.3373,3.3388,3.3367,3.3381,1869.774
2019-11-07 21:34:00,3.3374,3.3374,3.3371,3.3373,3204.5333
2019-11-07 21:33:00,3.3379,3.3391,3.3363,3.3388,5884.2749
2019-11-07 21:32:00,3.3415,3.3417,3.3383,3.3383,5718.0397
2019-11-07 21:31:00,3.3398,3.3422,3.3394,3.341,5099.864
2019-11-07 21:30:00,3.3375,3.3425,3.3374,3.3374,2858.5855
2019-11-07 21:29:00,3.3373,3.3374,3.337,3.3374,1091.2247
2019-11-07 21:28:00,3.3369,3.3373,3.3368,3.3373,4131.9139
2019-11-07 21:27:00,3.3377,3.3382,3.3371,3.3373,4318.5791
2019-11-07 21:26:00,3.3402,3.3402,3.3371,3.3383,1658.4418
2019-11-07 21:25:00,3.3405,3.3415,3.3365,3.3397,2860.974
2019-11-07 21:24:00,3.34,3.3412,3.3378,3.3406,7364.8938
2019-11-07 21:23:00,3.338,3.3413,3.338,3.3412,271.2119
2019-11-07 21:22:00,3.3399,3.3399,3.3365,3.3381,7033.7517
2019-11-07 21:21:00,3.338,3.3399,3.3366,3.3379,2577.0217
2019-11-07 21:20:00,3.3375,3.34,3.3361,3.3394,4826.3866
2019-11-07 21:19:00,3.3362,3.339,3.3347,3.3364,3879.1091
2019-11-07 21:18:00,3.3389,3.3487,3.3354,3.3354,11700.935
2019-11-07 21:17:00,3.3367,3.3408,3.3364,3.3383,1379.0155
2019-11-07 21:16:00,3.3362,3.3369,3.3362,3.3367,2448.7743
2019-11-07 21:15:00,3.3358,3.3392,3.3342,3.3372,5799.2831
2019-11-07 21:14:00,3.3359,3.3359,3.3359,3.3359,62.6478
2019-11-07 21:13:00,3.3359,3.3392,3.3359,3.336,2635.2371
2019-11-07 21:12:00,3.3391,3.3401,3.3391,3.3391,1159.7483
2019-11-07 21:11:00,3.34,3.3409,3.34,3.34,2323.4378
2019-11-07 21:10:00,3.34,3.3409,3.337,3.3409,5305.6941
2019-11-07 21:09:00,3.3387,3.3409,3.3368,3.3389,2082.7243
2019-11-07 21:08:00,3.338,3.3407,3.3367,3.3384,7027.5532
2019-11-07 21:07:00,3.3378,3.338,3.3351,3.3352,5756.5323
2019-11-07 21:06:00,3.3374,3.3408,3.3345,3.3371,2336.5222
2019-11-07 21:05:00,3.3367,3.3391,3.3344,3.3391,4721.2207
2019-11-07 21:04:00,3.3396,3.3403,3.3299,3.3363,3693.0499
2019-11-07 21:03:00,3.3408,3.3409,3.3382,3.3382,4548.893
2019-11-07 21:02:00,3.3389,3.3409,3.3375,3.3375,6437.8716
2019-11-07 21:01:00,3.3391,3.3391,3.3375,3.3382,5308.5968
2019-11-07 21:00:00,3.3402,3.3404,3.3387,3.3388,1127.415
2019-11-07 20:59:00,3.3405,3.3418,3.3398,3.3403,1977.1289
2019-11-07 20:58:00,3.3405,3.3405,3.3381,3.3405,8309.2342
2019-11-07 20:57:00,3.3405,3.3434,3.3405,3.3434,948.2691
2019-11-07 20:56:00,3.3429,3.3438,3.3413,3.3414,2932.5062
2019-11-07 20:55:00,3.3428,3.3472,3.3428,3.3433,8839.4442
2019-11-07 20:54:00,3.3401,3.3474,3.3401,3.3446,1025.2605
2019-11-07 20:53:00,3.3381,3.3401,3.3368,3.3401,2294.3585
2019-11-07 20:52:00,3.3415,3.3427,3.3392,3.3397,726.5027
2019-11-07 20:51:00,3.3439,3.3439,3.3363,3.3395,13472.7376
2019-11-07 20:50:00,3.3423,3.3426,3.3423,3.3426,39.9411
2019-11-07 20:49:00,3.343,3.343,3.3406,3.3422,5830.931
2019-11-07 20:48:00,3.3426,3.3434,3.338,3.3422,2479.4533
2019-11-07 20:47:00,3.3444,3.3445,3.3414,3.3434,1613.316
2019-11-07 20:46:00,3.3475,3.3481,3.3445,3.3445,1428.4202
2019-11-07 20:45:00,3.3466,3.348,3.3455,3.348,2836.9005
2019-11-07 20:44:00,3.349,3.349,3.345,3.345,2271.4707
2019-11-07 20:43:00,3.3449,3.3476,3.3449,3.3467,557.6473
2019-11-07 20:42:00,3.3436,3.3489,3.3435,3.3457,2674.8423
2019-11-07 20:41:00,3.3382,3.35,3.3382,3.35,6148.2291
2019-11-07 20:40:00,3.3327,3.3397,3.3327,3.3387,2931.7773
2019-11-07 20:39:00,3.3438,3.3438,3.3372,3.3372,1754.1813
2019-11-07 20:38:00,3.3402,3.3429,3.3354,3.3392,4183.4228
2019-11-07 20:37:00,3.3476,3.35,3.3258,3.3357,14834.5286
2019-11-07 20:36:00,3.3455,3.3492,3.3455,3.3492,5895.0822
2019-11-07 20:35:00,3.3449,3.346,3.3439,3.346,2877.0022
2019-11-07 20:34:00,3.3428,3.346,3.3428,3.346,4951.9694
2019-11-07 20:33:00,3.34,3.346,3.3393,3.3444,7843.5028
2019-11-07 20:32:00,3.3345,3.34,3.3345,3.3397,4597.4573
2019-11-07 20:31:00,3.3468,3.3468,3.33,3.3356,13906.1577
2019-11-07 20:30:00,3.3517,3.3517,3.3454,3.3454,4323.256
2019-11-07 20:29:00,3.3527,3.354,3.3518,3.3526,5683.3878
2019-11-07 20:28:00,3.3542,3.3554,3.3511,3.3532,1157.5561
2019-11-07 20:27:00,3.3549,3.3554,3.3541,3.3542,6705.0296
2019-11-07 20:26:00,3.3541,3.3554,3.3537,3.3549,6097.9206
2019-11-07 20:25:00,3.3541,3.3553,3.353,3.353,4717.4004
2019-11-07 20:24:00,3.3538,3.3553,3.352,3.3553,11678.156
2019-11-07 20:23:00,3.3555,3.3576,3.3499,3.3529,9087.7968
2019-11-07 20:22:00,3.3612,3.3615,3.35,3.357,23249.0791
2019-11-07 20:21:00,3.3596,3.3619,3.3591,3.3604,3580.1833
2019-11-07 20:20:00,3.362,3.3629,3.3611,3.3611,6097.8456
2019-11-07 20:19:00,3.3618,3.3629,3.3618,3.3624,2291.3602
2019-11-07 20:18:00,3.3619,3.3629,3.3615,3.3624,10494.42
2019-11-07 20:17:00,3.3609,3.3629,3.3609,3.3616,4012.0942
2019-11-07 20:16:00,3.3609,3.3629,3.359,3.359,10677.38
2019-11-07 20:15:00,3.3612,3.3629,3.3595,3.3615,6156.9036
2019-11-07 20:14:00,3.363,3.363,3.3595,3.3609,5184.573
2019-11-07 20:13:00,3.3625,3.3632,3.3609,3.3609,8128.9069
2019-11-07 20:12:00,3.3665,3.3666,3.3613,3.364,13323.8238
2019-11-07 20:11:00,3.3639,3.3696,3.3635,3.3666,7962.3047
2019-11-07 20:10:00,3.3765,3.3766,3.3635,3.3635,13274.3908
2019-11-07 20:09:00,3.3758,3.3766,3.3721,3.3746,5444.9851
2019-11-07 20:08:00,3.372,3.376,3.3702,3.3731,3033.0444
2019-11-07 20:07:00,3.3766,3.377,3.3719,3.3747,5701.9037
2019-11-07 20:06:00,3.3716,3.378,3.371,3.378,3833.8946
2019-11-07 20:05:00,3.375,3.3779,3.3695,3.3744,6847.6065
2019-11-07 20:04:00,3.3746,3.3776,3.3741,3.3769,3387.0762
2019-11-07 20:03:00,3.3754,3.376,3.3729,3.3735,2660.2118
2019-11-07 20:02:00,3.3753,3.378,3.3752,3.3752,4159.8838
2019-11-07 20:01:00,3.3727,3.3779,3.3726,3.3753,11983.56
2019-11-07 20:00:00,3.3754,3.378,3.3753,3.3753,5185.9851
2019-11-07 19:59:00,3.376,3.3773,3.3754,3.3754,2474.2663
2019-11-07 19:58:00,3.3743,3.3769,3.3743,3.3769,3007.8446
2019-11-07 19:57:00,3.3753,3.3757,3.3729,3.3743,3130.0318
2019-11-07 19:56:00,3.3715,3.3764,3.3712,3.373,11516.6703
2019-11-07 19:55:00,3.3695,3.3728,3.3672,3.3695,3591.0758
2019-11-07 19:54:00,3.365,3.369,3.3633,3.3678,6987.7807
2019-11-07 19:53:00,3.3696,3.37,3.3622,3.3633,12734.2308
2019-11-07 19:52:00,3.3661,3.3686,3.3657,3.3686,1006.5654
2019-11-07 19:51:00,3.3698,3.3699,3.3656,3.3664,7286.9556
2019-11-07 19:50:00,3.361,3.37,3.361,3.3689,5364.5511
2019-11-07 19:49:00,3.35,3.361,3.35,3.361,13876.8192
2019-11-07 19:48:00,3.3472,3.35,3.3472,3.35,1471.1326
2019-11-07 19:47:00,3.3463,3.35,3.3463,3.3483,8687.6103
2019-11-07 19:46:00,3.3401,3.3452,3.3401,3.3452,2244.1843
2019-11-07 19:45:00,3.3342,3.34,3.3342,3.34,1950.6606
2019-11-07 19:44:00,3.3352,3.3352,3.333,3.3346,10598.6033
2019-11-07 19:43:00,3.3352,3.3352,3.3315,3.3322,11397.6926
2019-11-07 19:42:00,3.3335,3.3352,3.333,3.3342,2907.0768
2019-11-07 19:41:00,3.3332,3.3352,3.3322,3.3336,3150.8299
2019-11-07 19:40:00,3.3328,3.3352,3.3308,3.3317,3916.6782
2019-11-07 19:39:00,3.3351,3.3352,3.3315,3.3352,3926.9952
2019-11-07 19:38:00,3.3289,3.3341,3.3289,3.3341,5971.5781
2019-11-07 19:37:00,3.3284,3.331,3.3283,3.3289,5604.6953
2019-11-07 19:36:00,3.3281,3.3306,3.3267,3.3295,6979.4892
2019-11-07 19:35:00,3.3281,3.3281,3.3264,3.3269,6351.6868
2019-11-07 19:34:00,3.328,3.3281,3.325,3.3269,6851.3569
2019-11-07 19:33:00,3.3279,3.328,3.3249,3.325,4938.7823
2019-11-07 19:32:00,3.3271,3.3279,3.3242,3.3256,6303.1375
2019-11-07 19:31:00,3.3231,3.3279,3.3216,3.3256,5754.3236
2019-11-07 19:30:00,3.3231,3.3241,3.3208,3.3208,4193.7579
2019-11-07 19:29:00,3.328,3.328,3.3219,3.3244,7171.3767
2019-11-07 19:28:00,3.3271,3.328,3.3244,3.3278,11338.6022
2019-11-07 19:27:00,3.327,3.328,3.3264,3.3271,6905.6895
2019-11-07 19:26:00,3.328,3.328,3.3262,3.3271,2233.9402
2019-11-07 19:25:00,3.328,3.328,3.3262,3.328,1018.2598
2019-11-07 19:24:00,3.3318,3.3318,3.3281,3.3281,3102.0175
2019-11-07 19:23:00,3.3283,3.3322,3.3283,3.3314,6978.6404
2019-11-07 19:22:00,3.3279,3.333,3.3279,3.33,5265.0109
2019-11-07 19:21:00,3.3303,3.3309,3.3273,3.3278,3510.0252
2019-11-07 19:20:00,3.3263,3.3317,3.3261,3.3278,1556.1901
2019-11-07 19:19:00,3.3274,3.3294,3.3248,3.3267,4420.1314
2019-11-07 19:18:00,3.3262,3.3288,3.3258,3.3258,1636.0098
2019-11-07 19:17:00,3.3201,3.3271,3.3193,3.3248,9895.2987
2019-11-07 19:16:00,3.32,3.3205,3.3166,3.3201,3986.8145
2019-11-07 19:15:00,3.3179,3.3201,3.3159,3.3201,4469.4143
2019-11-07 19:14:00,3.3186,3.3194,3.3179,3.3179,3460.4867
2019-11-07 19:13:00,3.3187,3.3187,3.3174,3.3186,4111.5351
2019-11-07 19:12:00,3.3195,3.3205,3.3187,3.3187,4822.1232
2019-11-07 19:11:00,3.3193,3.3205,3.3187,3.319,4306.6151
2019-11-07 19:10:00,3.3173,3.32,3.3169,3.3193,2958.0681
2019-11-07 19:09:00,3.3196,3.3209,3.314,3.3206,9372.5125
2019-11-07 19:08:00,3.3173,3.3199,3.314,3.3199,885.2367
2019-11-07 19:07:00,3.3236,3.3236,3.3133,3.3173,6862.4636
2019-11-07 19:06:00,3.324,3.3242,3.3237,3.3237,734.1176
2019-11-07 19:05:00,3.3234,3.3243,3.3221,3.324,9435.6568
2019-11-07 19:04:00,3.3213,3.3236,3.3208,3.323,1691.3907
2019-11-07 19:03:00,3.3209,3.3242,3.3184,3.3221,19983.8436
2019-11-07 19:02:00,3.3257,3.3293,3.3224,3.3224,4229.2293
2019-11-07 19:01:00,3.3266,3.3289,3.3239,3.3273,728.7544
2019-11-07 19:00:00,3.3155,3.3419,3.3155,3.32,24237.3104
2019-11-07 18:59:00,3.3119,3.3151,3.3119,3.3138,3616.985
2019-11-07 18:58:00,3.308,3.3139,3.308,3.3122,1212.9525
2019-11-07 18:57:00,3.3067,3.3072,3.3001,3.3066,5862.4567
2019-11-07 18:56:00,3.308,3.308,3.3041,3.308,5321.6087
2019-11-07 18:55:00,3.3076,3.3098,3.3063,3.3074,3493.1383
2019-11-07 18:54:00,3.3012,3.31,3.3012,3.31,5877.5801
2019-11-07 18:53:00,3.3025,3.305,3.3011,3.3011,987.8808
2019-11-07 18:52:00,3.2986,3.3049,3.2972,3.3049,7289.9314
2019-11-07 18:51:00,3.2967,3.2989,3.2948,3.2972,3331.4467
2019-11-07 18:50:00,3.2929,3.2998,3.2907,3.2986,9730.6228
2019-11-07 18:49:00,3.305,3.305,3.29,3.2962,18163.5999
2019-11-07 18:48:00,3.3024,3.305,3.2983,3.3012,5420.8974
2019-11-07 18:47:00,3.302,3.305,3.301,3.302,1391.9364
2019-11-07 18:46:00,3.3084,3.3089,3.3,3.3027,6326.3785
2019-11-07 18:45:00,3.3084,3.3089,3.307,3.307,7173.6351
2019-11-07 18:44:00,3.3089,3.31,3.3089,3.3089,7284.1033
2019-11-07 18:43:00,3.3078,3.31,3.306,3.3089,7947.73
2019-11-07 18:42:00,3.308,3.31,3.3074,3.31,3726.521
2019-11-07 18:41:00,3.3051,3.31,3.3027,3.31,16291.5437
2019-11-07 18:40:00,3.303,3.31,3.3,3.3052,27230.327
2019-11-07 18:39:00,3.2999,3.3029,3.2936,3.3029,8951.042
2019-11-07 18:38:00,3.2898,3.2999,3.2884,3.2967,12706.1847
2019-11-07 18:37:00,3.2958,3.2981,3.2883,3.2883,2981.8525
2019-11-07 18:36:00,3.2874,3.3011,3.2825,3.2917,10502.5267
2019-11-07 18:35:00,3.28,3.29,3.2781,3.2855,9299.5847
2019-11-07 18:34:00,3.2717,3.2793,3.2717,3.2793,13017.0179
2019-11-07 18:33:00,3.2649,3.273,3.2643,3.2729,6445.4659
2019-11-07 18:32:00,3.2647,3.265,3.2647,3.265,4968.3959
2019-11-07 18:31:00,3.2564,3.265,3.2564,3.2643,14807.7158
2019-11-07 18:30:00,3.2566,3.2569,3.2561,3.2566,1371.5586
2019-11-07 18:29:00,3.2519,3.2569,3.2519,3.2569,2618.1845
2019-11-07 18:28:00,3.2511,3.2523,3.2508,3.2518,9443.2236
2019-11-07 18:27:00,3.2495,3.2524,3.2481,3.251,8168.3993
2019-11-07 18:26:00,3.2477,3.2496,3.2465,3.2466,6876.0792
2019-11-07 18:25:00,3.2495,3.2496,3.2462,3.2477,2249.3472
2019-11-07 18:24:00,3.251,3.251,3.2467,3.2476,1096.8951
2019-11-07 18:23:00,3.2478,3.2531,3.2431,3.2514,7818.8768
2019-11-07 18:22:00,3.2493,3.2505,3.2411,3.2487,3553.5907
2019-11-07 18:21:00,3.24,3.25,3.24,3.2496,8944.4756
2019-11-07 18:20:00,3.2541,3.2542,3.2387,3.2394,58888.8257
2019-11-07 18:19:00,3.2617,3.268,3.2518,3.2518,20498.9883
2019-11-07 18:18:00,3.2626,3.2751,3.2603,3.2623,6875.1934
2019-11-07 18:17:00,3.2615,3.2639,3.2496,3.2633,13880.9316
2019-11-07 18:16:00,3.24,3.2788,3.24,3.2651,56124.1215
2019-11-07 18:15:00,3.2196,3.2403,3.2196,3.2369,13817.3255
2019-11-07 18:14:00,3.218,3.2308,3.2036,3.2251,61074.9295
2019-11-07 18:13:00,3.2308,3.2308,3.2,3.2243,95756.4675
2019-11-07 18:12:00,3.2621,3.2725,3.2308,3.2308,105321.4033
2019-11-07 18:11:00,3.2677,3.2701,3.2607,3.2621,7528.8569
2019-11-07 18:10:00,3.2732,3.2836,3.2606,3.2725,24844.7381
2019-11-07 18:09:00,3.285,3.285,3.2715,3.2731,8772.8218
2019-11-07 18:08:00,3.2801,3.2903,3.28,3.2853,3910.8203
2019-11-07 18:07:00,3.2855,3.2855,3.28,3.2829,8128.9764
2019-11-07 18:06:00,3.2904,3.2904,3.28,3.2857,9632.7737
2019-11-07 18:05:00,3.3119,3.3133,3.2826,3.2826,9624.0715
2019-11-07 18:04:00,3.3062,3.3119,3.3,3.3088,20508.8552
2019-11-07 18:03:00,3.3061,3.3117,3.3016,3.3016,11802.3488
2019-11-07 18:02:00,3.3119,3.3129,3.2991,3.2995,16748.6788
2019-11-07 18:01:00,3.3101,3.3151,3.31,3.3122,1090.7113
2019-11-07 18:00:00,3.3094,3.3176,3.3075,3.3176,15541.1519
2019-11-07 17:59:00,3.3091,3.31,3.3091,3.31,738.614
2019-11-07 17:58:00,3.3077,3.31,3.3069,3.3091,7631.9019
2019-11-07 17:57:00,3.317,3.317,3.3069,3.308,19892.109
2019-11-07 17:56:00,3.3237,3.3237,3.3175,3.3185,3826.7957
2019-11-07 17:55:00,3.3215,3.3233,3.3212,3.3214,600.6364
2019-11-07 17:54:00,3.3187,3.3198,3.3184,3.3187,3205.6827
2019-11-07 17:53:00,3.3186,3.3198,3.3182,3.3186,867.5602
2019-11-07 17:52:00,3.3191,3.3198,3.3175,3.3186,3542.9329
2019-11-07 17:51:00,3.3191,3.3199,3.3184,3.3197,983.7275
2019-11-07 17:50:00,3.3241,3.3241,3.3183,3.3185,3215.3298
2019-11-07 17:49:00,3.3254,3.3254,3.3241,3.3241,5630.0081
2019-11-07 17:48:00,3.3235,3.326,3.3235,3.3254,6770.5471
2019-11-07 17:47:00,3.3254,3.3276,3.3241,3.3253,3893.1366
2019-11-07 17:46:00,3.3228,3.3276,3.3228,3.3274,3060.2698
2019-11-07 17:45:00,3.3252,3.3252,3.3226,3.3246,1572.8531
2019-11-07 17:44:00,3.3246,3.3277,3.321,3.3212,3711.4091
2019-11-07 17:43:00,3.3277,3.3277,3.3217,3.3237,1804.4262
2019-11-07 17:42:00,3.3299,3.3299,3.3272,3.3282,6641.4838
2019-11-07 17:41:00,3.3295,3.3295,3.328,3.3292,987.9038
2019-11-07 17:40:00,3.3271,3.33,3.3271,3.3289,9323.9526
2019-11-07 17:39:00,3.3236,3.329,3.3236,3.3273,3724.8753
2019-11-07 17:38:00,3.3252,3.3252,3.3204,3.3219,3018.7421
2019-11-07 17:37:00,3.3264,3.33,3.3183,3.3263,18563.1264
2019-11-07 17:36:00,3.3286,3.3286,3.3201,3.3248,1474.6722
2019-11-07 17:35:00,3.3347,3.3347,3.3278,3.3278,20221.8411
2019-11-07 17:34:00,3.3336,3.3358,3.3336,3.3344,2241.14
2019-11-07 17:33:00,3.3362,3.3369,3.3336,3.3336,7200.6082
2019-11-07 17:32:00,3.3336,3.3371,3.3336,3.3355,6264.7335
2019-11-07 17:31:00,3.3355,3.3364,3.3336,3.3336,1598.1481
2019-11-07 17:30:00,3.3357,3.3363,3.3336,3.3359,2583.2316
2019-11-07 17:29:00,3.336,3.336,3.3313,3.336,3273.9101
2019-11-07 17:28:00,3.3386,3.3386,3.336,3.3361,1492.5701
2019-11-07 17:27:00,3.3352,3.3399,3.3352,3.337,7833.7486
2019-11-07 17:26:00,3.3325,3.3401,3.3324,3.3389,4017.8984
2019-11-07 17:25:00,3.3306,3.3326,3.3306,3.3325,786.2373
2019-11-07 17:24:00,3.3294,3.3326,3.3286,3.3304,9211.2892
2019-11-07 17:23:00,3.3285,3.3325,3.3273,3.3297,3127.0327
2019-11-07 17:22:00,3.3259,3.3285,3.3227,3.3282,8462.0259
2019-11-07 17:21:00,3.3258,3.3285,3.3226,3.3259,2702.0459
2019-11-07 17:20:00,3.3244,3.3281,3.3244,3.3261,9219.2268
2019-11-07 17:19:00,3.3222,3.3265,3.3218,3.3255,3157.0569
2019-11-07 17:18:00,3.3218,3.3235,3.3211,3.3219,1642.8341
2019-11-07 17:17:00,3.3231,3.3234,3.3194,3.3194,1609.4914
2019-11-07 17:16:00,3.3187,3.3232,3.3187,3.3232,1756.652
2019-11-07 17:15:00,3.3193,3.3222,3.3181,3.3187,2124.8645
2019-11-07 17:14:00,3.3183,3.3207,3.3175,3.3199,5047.037
2019-11-07 17:13:00,3.3168,3.319,3.3168,3.3184,615.5937
2019-11-07 17:12:00,3.3151,3.319,3.305,3.3175,6304.8423
2019-11-07 17:11:00,3.3163,3.3184,3.3109,3.3124,11082.2642
2019-11-07 17:10:00,3.3147,3.3199,3.31,3.3163,5723.7312
2019-11-07 17:09:00,3.3236,3.3236,3.3098,3.315,4324.1731
2019-11-07 17:08:00,3.3243,3.3276,3.3176,3.32,11663.5342
2019-11-07 17:07:00,3.3252,3.3266,3.3229,3.3266,6923.8266
2019-11-07 17:06:00,3.3283,3.3287,3.3172,3.3244,11000.3331
2019-11-07 17:05:00,3.331,3.3327,3.3207,3.3207,8229.3975
2019-11-07 17:04:00,3.347,3.347,3.3287,3.3294,31336.0986
2019-11-07 17:03:00,3.348,3.3488,3.3474,3.3474,6136.4269
2019-11-07 17:02:00,3.35,3.35,3.3457,3.3494,6624.8265
2019-11-07 17:01:00,3.3495,3.3502,3.3457,3.3483,1780.698
2019-11-07 17:00:00,3.3445,3.3493,3.3445,3.3485,3486.3181
2019-11-07 16:59:00,3.3473,3.3476,3.3424,3.3451,3299.4693
2019-11-07 16:58:00,3.3465,3.3471,3.3455,3.3471,1645.7034
2019-11-07 16:57:00,3.3498,3.3498,3.3452,3.3464,1589.0576
2019-11-07 16:56:00,3.3506,3.3506,3.3457,3.3472,17881.5381
2019-11-07 16:55:00,3.3546,3.3546,3.3435,3.3482,5482.4458
2019-11-07 16:54:00,3.3565,3.3565,3.3543,3.3545,1723.1972
2019-11-07 16:53:00,3.3553,3.3566,3.3539,3.3563,4451.6845
2019-11-07 16:52:00,3.3505,3.3562,3.3505,3.3547,2776.2375
2019-11-07 16:51:00,3.3458,3.3513,3.3458,3.3513,11105.4063
2019-11-07 16:50:00,3.3461,3.35,3.3452,3.3484,6032.3723
2019-11-07 16:49:00,3.3456,3.3487,3.3456,3.3487,2405.0466
2019-11-07 16:48:00,3.3495,3.3495,3.3437,3.3444,7357.1844
2019-11-07 16:47:00,3.345,3.3486,3.345,3.3486,6607.9307
2019-11-07 16:46:00,3.3395,3.3501,3.337,3.35,5630.1608
2019-11-07 16:45:00,3.3348,3.3372,3.3348,3.3371,1925.2193
2019-11-07 16:44:00,3.3348,3.337,3.3348,3.336,2917.7611
2019-11-07 16:43:00,3.3296,3.3352,3.328,3.3348,4647.6756
2019-11-07 16:42:00,3.3317,3.332,3.3248,3.3277,2123.2894
2019-11-07 16:41:00,3.333,3.3334,3.3298,3.3316,1106.7428
2019-11-07 16:40:00,3.3363,3.3425,3.3332,3.3339,7798.6927
2019-11-07 16:39:00,3.3232,3.3353,3.3232,3.3353,7639.1664
2019-11-07 16:38:00,3.3203,3.3233,3.3203,3.3232,1049.6157
2019-11-07 16:37:00,3.3101,3.3228,3.3101,3.3193,11423.5112
2019-11-07 16:36:00,3.3054,3.3108,3.3054,3.3093,1183.7807
2019-11-07 16:35:00,3.3054,3.3081,3.3,3.3054,13377.8376
2019-11-07 16:34:00,3.3051,3.309,3.3,3.3054,40082.4706
2019-11-07 16:33:00,3.3078,3.3078,3.3,3.3046,6277.2367
2019-11-07 16:32:00,3.3014,3.3066,3.3014,3.3046,16699.564
2019-11-07 16:31:00,3.2997,3.3027,3.2994,3.2994,16145.0452
2019-11-07 16:30:00,3.3081,3.3088,3.298,3.3,30649.9886
2019-11-07 16:29:00,3.3098,3.3129,3.3071,3.3071,12214.4872
2019-11-07 16:28:00,3.3067,3.3128,3.3067,3.3115,13419.0562
2019-11-07 16:27:00,3.3088,3.31,3.2972,3.306,24308.171
2019-11-07 16:26:00,3.317,3.3178,3.3,3.3038,52006.908
2019-11-07 16:25:00,3.3163,3.3219,3.3,3.3087,31614.2681
2019-11-07 16:24:00,3.3171,3.3244,3.3162,3.3183,2588.3175
2019-11-07 16:23:00,3.3228,3.3243,3.3172,3.3183,15744.3325
2019-11-07 16:22:00,3.3307,3.3307,3.3228,3.3228,8438.5587
2019-11-07 16:21:00,3.3304,3.3316,3.3112,3.3283,7659.5741
2019-11-07 16:20:00,3.3289,3.3331,3.32,3.3287,13799.2299
2019-11-07 16:19:00,3.3441,3.3441,3.32,3.336,43163.7243
2019-11-07 16:18:00,3.3402,3.3451,3.3373,3.3431,5367.1591
2019-11-07 16:17:00,3.343,3.3453,3.343,3.343,3848.9477
2019-11-07 16:16:00,3.3461,3.3461,3.34,3.3421,5687.4565
2019-11-07 16:15:00,3.3447,3.3486,3.3437,3.3449,5272.0677
2019-11-07 16:14:00,3.3456,3.3478,3.3401,3.3442,6228.4008
2019-11-07 16:13:00,3.3482,3.3525,3.3461,3.3478,4643.297
2019-11-07 16:12:00,3.3485,3.3527,3.3456,3.348,7045.1497
2019-11-07 16:11:00,3.3604,3.3622,3.3428,3.3486,18973.3264
2019-11-07 16:10:00,3.3639,3.3647,3.3604,3.3604,6181.4997
2019-11-07 16:09:00,3.3612,3.3616,3.3609,3.3616,2086.3895
2019-11-07 16:08:00,3.3613,3.3616,3.3613,3.3614,870.0711
2019-11-07 16:07:00,3.3596,3.3616,3.359,3.3616,3726.4277
2019-11-07 16:06:00,3.3609,3.361,3.3571,3.361,12126.3467
2019-11-07 16:05:00,3.3639,3.366,3.3589,3.361,4670.893
2019-11-07 16:04:00,3.3623,3.366,3.3623,3.3626,8723.8526
2019-11-07 16:03:00,3.3592,3.3653,3.3575,3.3619,4560.668
2019-11-07 16:02:00,3.3624,3.3638,3.3568,3.3577,7867.9894
2019-11-07 16:01:00,3.3609,3.3654,3.3586,3.362,3569.67
2019-11-07 16:00:00,3.3621,3.3639,3.3597,3.3613,6997.6923
2019-11-07 15:59:00,3.364,3.3645,3.3616,3.3645,9547.1895
2019-11-07 15:58:00,3.3757,3.3758,3.3634,3.3661,30889.8596
2019-11-07 15:57:00,3.3635,3.3746,3.3635,3.3746,8459.422
2019-11-07 15:56:00,3.3571,3.3619,3.3571,3.3619,9010.2082
2019-11-07 15:55:00,3.3577,3.3591,3.3569,3.3574,10843.4255
2019-11-07 15:54:00,3.35,3.3603,3.35,3.3569,2966.9668
2019-11-07 15:53:00,3.3488,3.3535,3.345,3.3509,21435.5609
2019-11-07 15:52:00,3.3499,3.35,3.3455,3.3476,21754.6877
2019-11-07 15:51:00,3.3511,3.3511,3.3455,3.3499,4199.2696
2019-11-07 15:50:00,3.3513,3.3533,3.3499,3.3533,4322.8158
2019-11-07 15:49:00,3.3519,3.3533,3.3452,3.3453,6119.4559
2019-11-07 15:48:00,3.3512,3.358,3.3448,3.3491,21475.6476
2019-11-07 15:47:00,3.3578,3.358,3.3449,3.3459,11635.7182
2019-11-07 15:46:00,3.3743,3.3764,3.356,3.356,44047.067
2019-11-07 15:45:00,3.3859,3.3884,3.37,3.3747,80025.4766
2019-11-07 15:44:00,3.3825,3.3859,3.3825,3.3859,2622.2581
2019-11-07 15:43:00,3.383,3.3899,3.3825,3.383,7706.2258
2019-11-07 15:42:00,3.3861,3.3897,3.38,3.3854,21247.9473
2019-11-07 15:41:00,3.3904,3.3918,3.382,3.382,7400.1124
2019-11-07 15:40:00,3.3869,3.3918,3.3843,3.3918,5481.8491
2019-11-07 15:39:00,3.3808,3.3876,3.38,3.3868,33948.9677
2019-11-07 15:38:00,3.3863,3.3869,3.3802,3.3802,12508.7922
2019-11-07 15:37:00,3.3847,3.3895,3.3835,3.3895,3113.3359
2019-11-07 15:36:00,3.3904,3.3904,3.38,3.3846,9504.6111
2019-11-07 15:35:00,3.3919,3.3919,3.391,3.3912,7544.2089
2019-11-07 15:34:00,3.3912,3.3919,3.3911,3.3912,6947.9728
2019-11-07 15:33:00,3.3912,3.3919,3.3905,3.391,11668.1122
2019-11-07 15:32:00,3.3904,3.3919,3.3904,3.3912,8500.2347
2019-11-07 15:31:00,3.3904,3.3919,3.3903,3.3914,2287.8156
2019-11-07 15:30:00,3.3891,3.392,3.3878,3.3919,3868.3751
2019-11-07 15:29:00,3.3886,3.3929,3.3881,3.392,1322.9609
2019-11-07 15:28:00,3.394,3.394,3.3886,3.3912,5063.5953
2019-11-07 15:27:00,3.3951,3.3951,3.3919,3.394,1167.4914
2019-11-07 15:26:00,3.3935,3.3952,3.3913,3.3951,12706.4359
2019-11-07 15:25:00,3.3946,3.3971,3.3878,3.3942,6045.6383
2019-11-07 15:24:00,3.3968,3.3968,3.38,3.3945,17760.2511
2019-11-07 15:23:00,3.3962,3.397,3.3944,3.3968,7290.6373
2019-11-07 15:22:00,3.3987,3.4,3.3938,3.3962,8445.4825
2019-11-07 15:21:00,3.3987,3.3999,3.3987,3.3992,5830.2477
2019-11-07 15:20:00,3.4018,3.4018,3.3984,3.3992,3224.0287
2019-11-07 15:19:00,3.4015,3.4043,3.3989,3.4018,6567.0931
2019-11-07 15:18:00,3.3994,3.4043,3.396,3.4014,6118.6874
2019-11-07 15:17:00,3.4044,3.4044,3.3985,3.3986,5618.2085
2019-11-07 15:16:00,3.4056,3.4095,3.404,3.4044,5680.2888
2019-11-07 15:15:00,3.4032,3.4098,3.4028,3.4046,495.8122
2019-11-07 15:14:00,3.409,3.409,3.3935,3.3949,4227.9505
2019-11-07 15:13:00,3.4085,3.4099,3.4082,3.4092,9904.8247
2019-11-07 15:12:00,3.4056,3.4099,3.4056,3.409,3307.2337
2019-11-07 15:11:00,3.4071,3.4099,3.406,3.406,3870.6649
2019-11-07 15:10:00,3.4086,3.4086,3.4071,3.4071,6750.9547
2019-11-07 15:09:00,3.4081,3.4099,3.4074,3.4086,4332.9151
2019-11-07 15:08:00,3.4082,3.4097,3.4073,3.408,2789.5736
2019-11-07 15:07:00,3.4096,3.4099,3.4085,3.4085,5525.9955
2019-11-07 15:06:00,3.4099,3.4099,3.4096,3.4096,1652.0878
2019-11-07 15:05:00,3.4098,3.4098,3.4098,3.4098,0
2019-11-07 15:04:00,3.4098,3.4098,3.4098,3.4098,0
2019-11-07 15:03:00,3.4098,3.41,3.4097,3.4098,1921.2511
2019-11-07 15:02:00,3.4147,3.4149,3.4098,3.4098,5456.0406
2019-11-07 15:01:00,3.4144,3.4158,3.4144,3.4146,1411.7117
2019-11-07 15:00:00,3.4129,3.4143,3.4121,3.4143,1403.5631
2019-11-07 14:59:00,3.4127,3.4129,3.4126,3.4129,6423.729
2019-11-07 14:58:00,3.4123,3.4129,3.4123,3.4127,4447.3323
2019-11-07 14:57:00,3.4122,3.4128,3.4122,3.4128,3422.987
2019-11-07 14:56:00,3.4114,3.4129,3.4114,3.4122,1603.1323
2019-11-07 14:55:00,3.413,3.413,3.4108,3.4114,2021.721
2019-11-07 14:54:00,3.4115,3.4133,3.4114,3.4131,2622.6554
2019-11-07 14:53:00,3.412,3.4126,3.41,3.4114,1497.0197
2019-11-07 14:52:00,3.414,3.414,3.4112,3.4112,1599.5005
2019-11-07 14:51:00,3.4141,3.4141,3.4141,3.4141,0
2019-11-07 14:50:00,3.4141,3.4141,3.4141,3.4141,0
2019-11-07 14:49:00,3.4142,3.4142,3.4141,3.4141,57.5239
2019-11-07 14:48:00,3.4143,3.4143,3.4142,3.4142,2999.9517
2019-11-07 14:47:00,3.4121,3.414,3.4117,3.414,179.3296
2019-11-07 14:46:00,3.4122,3.4144,3.4114,3.4115,3640.9793
2019-11-07 14:45:00,3.4153,3.4153,3.4114,3.4127,9369.5968
2019-11-07 14:44:00,3.4139,3.4154,3.4139,3.4152,1337.4292
2019-11-07 14:43:00,3.4139,3.4139,3.4139,3.4139,0
2019-11-07 14:42:00,3.4139,3.4139,3.4139,3.4139,4.1125
2019-11-07 14:41:00,3.4139,3.4139,3.4139,3.4139,0
2019-11-07 14:40:00,3.4139,3.4139,3.4139,3.4139,0
2019-11-07 14:39:00,3.4139,3.4139,3.4139,3.4139,0
2019-11-07 14:38:00,3.4139,3.4139,3.4139,3.4139,0
2019-11-07 14:37:00,3.4139,3.4139,3.4139,3.4139,424.2359
2019-11-07 14:36:00,3.4139,3.4139,3.4139,3.4139,712.1674
2019-11-07 14:35:00,3.4129,3.4139,3.4112,3.4138,11060.3762
2019-11-07 14:34:00,3.4178,3.4187,3.412,3.412,5076.1867
2019-11-07 14:33:00,3.4179,3.4179,3.4179,3.4179,143.9292
2019-11-07 14:32:00,3.4195,3.4198,3.418,3.418,3417.6005
2019-11-07 14:31:00,3.42,3.42,3.4192,3.4196,6062.4768
2019-11-07 14:30:00,3.421,3.4214,3.4199,3.4209,5382.2357
2019-11-07 14:29:00,3.4191,3.422,3.4191,3.4217,8783.4244
2019-11-07 14:28:00,3.419,3.4198,3.419,3.4193,4840.1832
2019-11-07 14:27:00,3.4194,3.4194,3.419,3.4192,4794.4291
2019-11-07 14:26:00,3.42,3.42,3.419,3.4194,1011.6179
2019-11-07 14:25:00,3.4214,3.4234,3.4201,3.4201,2886.1776
2019-11-07 14:24:00,3.4246,3.4252,3.4214,3.4214,3358.2287
2019-11-07 14:23:00,3.428,3.428,3.4235,3.4246,1930.8255
2019-11-07 14:22:00,3.4282,3.4284,3.4282,3.4282,978.0077
2019-11-07 14:21:00,3.4271,3.4286,3.4271,3.4283,2449.957
2019-11-07 14:20:00,3.4217,3.428,3.4205,3.4271,6974.608
2019-11-07 14:19:00,3.4187,3.4217,3.4186,3.4217,2571.5177
2019-11-07 14:18:00,3.4197,3.4199,3.4177,3.4187,3478.3575
2019-11-07 14:17:00,3.4207,3.4207,3.4169,3.4182,8921.3093
2019-11-07 14:16:00,3.4209,3.4209,3.4201,3.4204,2740.0176
2019-11-07 14:15:00,3.4214,3.4228,3.42,3.4207,8620.6757
2019-11-07 14:14:00,3.4218,3.4222,3.42,3.4218,2412.0331
2019-11-07 14:13:00,3.4233,3.428,3.42,3.4235,13819.3352
2019-11-07 14:12:00,3.422,3.425,3.42,3.4233,4866.5308
2019-11-07 14:11:00,3.4281,3.4286,3.4219,3.4219,3963.4339
2019-11-07 14:10:00,3.427,3.4279,3.4256,3.4279,1227.7036
2019-11-07 14:09:00,3.427,3.4283,3.4251,3.4251,1380.6961
2019-11-07 14:08:00,3.4278,3.4285,3.4266,3.427,1741.8113
2019-11-07 14:07:00,3.4272,3.4278,3.4265,3.4265,3975.0087
2019-11-07 14:06:00,3.4288,3.433,3.4272,3.4277,3890.3519
2019-11-07 14:05:00,3.4281,3.4299,3.4262,3.4289,7312.7617
2019-11-07 14:04:00,3.4318,3.4331,3.425,3.427,11981.15
2019-11-07 14:03:00,3.4296,3.4331,3.4296,3.4325,6269.9971
2019-11-07 14:02:00,3.4322,3.4331,3.4296,3.4296,4747.0137
2019-11-07 14:01:00,3.4318,3.4331,3.4276,3.4312,11512.8447
2019-11-07 14:00:00,3.4278,3.4331,3.4278,3.4318,5480.1403
2019-11-07 13:59:00,3.43,3.4331,3.4261,3.4281,13509.5506
2019-11-07 13:58:00,3.4296,3.4317,3.4264,3.4294,15657.9925
2019-11-07 13:57:00,3.4262,3.4292,3.4236,3.428,5548.1283
2019-11-07 13:56:00,3.4202,3.4297,3.4194,3.425,6297.4359
2019-11-07 13:55:00,3.422,3.4258,3.4184,3.4202,9333.728
2019-11-07 13:54:00,3.4305,3.431,3.414,3.4223,16799.8972
2019-11-07 13:53:00,3.4305,3.431,3.4302,3.4308,5629.9725
2019-11-07 13:52:00,3.4299,3.431,3.4299,3.4305,3218.6909
2019-11-07 13:51:00,3.43,3.43,3.429,3.43,7344.7659
2019-11-07 13:50:00,3.4288,3.43,3.4287,3.429,3742.5289
2019-11-07 13:49:00,3.4286,3.43,3.4286,3.4288,9299.1081
2019-11-07 13:48:00,3.4282,3.4286,3.428,3.4283,6736.4864
2019-11-07 13:47:00,3.4294,3.43,3.4279,3.4283,9896.4332
2019-11-07 13:46:00,3.43,3.43,3.4293,3.43,3002.8363
2019-11-07 13:45:00,3.431,3.431,3.4294,3.43,10920.0527
2019-11-07 13:44:00,3.4299,3.431,3.429,3.4305,4482.403
2019-11-07 13:43:00,3.4299,3.431,3.4297,3.4299,2073.4865
2019-11-07 13:42:00,3.4294,3.431,3.4294,3.4299,1163.6687
2019-11-07 13:41:00,3.4299,3.431,3.4292,3.4299,3223.1542
2019-11-07 13:40:00,3.4317,3.4317,3.4288,3.431,10786.2155
2019-11-07 13:39:00,3.4318,3.433,3.4305,3.4328,3375.219
2019-11-07 13:38:00,3.4322,3.4331,3.4313,3.4318,2044.6342
2019-11-07 13:37:00,3.4318,3.4331,3.4305,3.4313,4300.6458
2019-11-07 13:36:00,3.4313,3.4331,3.4305,3.4331,13585.4198
2019-11-07 13:35:00,3.43,3.4331,3.4298,3.4312,3344.9048
2019-11-07 13:34:00,3.4283,3.4331,3.4276,3.43,16606.3583
2019-11-07 13:33:00,3.4293,3.4296,3.4278,3.4281,10427.5139
2019-11-07 13:32:00,3.4294,3.4331,3.4267,3.4287,4309.4217
2019-11-07 13:31:00,3.4289,3.4299,3.4286,3.4299,1430.8642
2019-11-07 13:30:00,3.4266,3.4301,3.4264,3.428,1537.7764
2019-11-07 13:29:00,3.4199,3.4265,3.4198,3.426,21937.5083
2019-11-07 13:28:00,3.4198,3.4199,3.4198,3.4199,860.6081
2019-11-07 13:27:00,3.4191,3.4199,3.4191,3.4194,3854.3774
2019-11-07 13:26:00,3.4192,3.4199,3.4191,3.4194,3733.056
2019-11-07 13:25:00,3.4192,3.4196,3.4183,3.4192,5678.5111
2019-11-07 13:24:00,3.4177,3.4199,3.4167,3.419,5997.6053
2019-11-07 13:23:00,3.4193,3.4198,3.416,3.4176,2747.0845
2019-11-07 13:22:00,3.4188,3.4199,3.4188,3.4193,2967.4557
2019-11-07 13:21:00,3.4176,3.4199,3.4176,3.4199,1389.1126
2019-11-07 13:20:00,3.4176,3.4187,3.4168,3.4168,1554.0357
2019-11-07 13:19:00,3.4184,3.4192,3.4148,3.4176,5510.4538
2019-11-07 13:18:00,3.4176,3.4199,3.4176,3.4199,3731.5051
2019-11-07 13:17:00,3.4184,3.4199,3.4176,3.4176,5643.5237
2019-11-07 13:16:00,3.4169,3.4199,3.4169,3.4199,2975.2455
2019-11-07 13:15:00,3.417,3.4199,3.4168,3.4168,6854.0628
2019-11-07 13:14:00,3.4142,3.4199,3.4142,3.417,2781.2337
2019-11-07 13:13:00,3.4139,3.4196,3.4139,3.4164,6610.0785
2019-11-07 13:12:00,3.4139,3.4139,3.4138,3.4138,59.0181
2019-11-07 13:11:00,3.4131,3.414,3.4131,3.414,5568.4946
2019-11-07 13:10:00,3.412,3.4145,3.41,3.4131,4942.2528
2019-11-07 13:09:00,3.4086,3.414,3.4083,3.412,13282.3228
2019-11-07 13:08:00,3.4096,3.41,3.4053,3.41,3130.4162
2019-11-07 13:07:00,3.4065,3.41,3.4023,3.4066,6034.3876
2019-11-07 13:06:00,3.4084,3.41,3.4014,3.406,5361.2639
2019-11-07 13:05:00,3.4121,3.4137,3.4079,3.4093,4546.3336
2019-11-07 13:04:00,3.4137,3.4153,3.4107,3.414,17212.8077
2019-11-07 13:03:00,3.4107,3.4146,3.4104,3.4143,6595.2502
2019-11-07 13:02:00,3.4121,3.4121,3.4106,3.4106,937.8048
2019-11-07 13:01:00,3.4121,3.4121,3.4121,3.4121,3861.9515
2019-11-07 13:00:00,3.4122,3.4122,3.4121,3.4121,118.7445
2019-11-07 12:59:00,3.4095,3.4121,3.4095,3.4121,1678.3614
2019-11-07 12:58:00,3.4074,3.4095,3.4074,3.4094,1742.4425
2019-11-07 12:57:00,3.406,3.4074,3.406,3.4072,5954.7604
2019-11-07 12:56:00,3.4036,3.406,3.4036,3.406,7149.8767
2019-11-07 12:55:00,3.3996,3.4034,3.3996,3.4034,1494.2699
2019-11-07 12:54:00,3.3992,3.3992,3.3992,3.3992,413.3266
2019-11-07 12:53:00,3.3986,3.3986,3.3986,3.3986,0
2019-11-07 12:52:00,3.3959,3.3986,3.3959,3.3986,711.6849
2019-11-07 12:51:00,3.3959,3.3959,3.3959,3.3959,786.052
2019-11-07 12:50:00,3.3959,3.3959,3.3959,3.3959,2365.9254
2019-11-07 12:49:00,3.3951,3.3959,3.3951,3.3959,2618.554
2019-11-07 12:48:00,3.3968,3.3989,3.3933,3.3947,13089.0825
2019-11-07 12:47:00,3.3934,3.3985,3.3934,3.3968,6578.2438
2019-11-07 12:46:00,3.3951,3.3969,3.3923,3.3939,7647.2814
2019-11-07 12:45:00,3.397,3.3976,3.3903,3.3963,5852.8857
2019-11-07 12:44:00,3.3996,3.3996,3.3858,3.397,2557.0573
2019-11-07 12:43:00,3.3984,3.3995,3.3984,3.3992,3273.7357
2019-11-07 12:42:00,3.395,3.3983,3.395,3.3983,4583.9325
2019-11-07 12:41:00,3.394,3.395,3.3938,3.395,1836.7225
2019-11-07 12:40:00,3.393,3.395,3.3929,3.3932,3774.9774
2019-11-07 12:39:00,3.3964,3.3965,3.3916,3.393,3229.8661
2019-11-07 12:38:00,3.3937,3.3984,3.3929,3.3965,8033.0615
2019-11-07 12:37:00,3.4024,3.4024,3.3903,3.3941,10902.0996
2019-11-07 12:36:00,3.4069,3.407,3.4024,3.4024,5745.7756
2019-11-07 12:35:00,3.4064,3.4076,3.4041,3.4041,2870.6645
2019-11-07 12:34:00,3.404,3.4095,3.404,3.4071,2734.9146
2019-11-07 12:33:00,3.4033,3.4047,3.4033,3.4046,6114.8165
2019-11-07 12:32:00,3.4035,3.4049,3.4028,3.4047,2556.5914
2019-11-07 12:31:00,3.4034,3.4049,3.4032,3.4032,9046.8326
2019-11-07 12:30:00,3.4065,3.4065,3.4009,3.402,7040.5405
2019-11-07 12:29:00,3.4072,3.4072,3.4051,3.4057,4885.0971
2019-11-07 12:28:00,3.4054,3.4093,3.4054,3.4072,2704.1428
2019-11-07 12:27:00,3.4047,3.406,3.4047,3.406,2877.4509
2019-11-07 12:26:00,3.4036,3.4047,3.401,3.4047,3712.1569
2019-11-07 12:25:00,3.4032,3.4046,3.4005,3.402,5322.3058
2019-11-07 12:24:00,3.4036,3.4061,3.4013,3.4032,5870.1775
2019-11-07 12:23:00,3.4004,3.4036,3.4001,3.4036,46607.9154
2019-11-07 12:22:00,3.4002,3.401,3.4001,3.4004,4339.0499
2019-11-07 12:21:00,3.4009,3.4009,3.3999,3.4003,1299.6604
2019-11-07 12:20:00,3.4009,3.4009,3.4009,3.4009,2435.5791
2019-11-07 12:19:00,3.401,3.401,3.4008,3.401,22940.365
2019-11-07 12:18:00,3.4009,3.4009,3.4006,3.4009,7357.8787
2019-11-07 12:17:00,3.4007,3.4009,3.4004,3.4008,6063.5631
2019-11-07 12:16:00,3.4009,3.4009,3.4007,3.4008,1174.4171
2019-11-07 12:15:00,3.4007,3.401,3.4006,3.4007,4523.5642
2019-11-07 12:14:00,3.4008,3.401,3.4007,3.4008,1627.5156
2019-11-07 12:13:00,3.401,3.401,3.4006,3.401,6400.7362
2019-11-07 12:12:00,3.4008,3.401,3.4005,3.401,45436.3052
2019-11-07 12:11:00,3.401,3.401,3.4007,3.4007,11763.4088
2019-11-07 12:10:00,3.401,3.401,3.4008,3.401,1963.7515
2019-11-07 12:09:00,3.4006,3.401,3.4005,3.401,2920.2458
2019-11-07 12:08:00,3.4007,3.401,3.4004,3.4006,4239.388
2019-11-07 12:07:00,3.4006,3.401,3.4004,3.401,6890.2859
2019-11-07 12:06:00,3.4001,3.401,3.4001,3.4006,1916.9084
2019-11-07 12:05:00,3.4001,3.401,3.4001,3.4001,3870.6109
2019-11-07 12:04:00,3.4002,3.401,3.4,3.4004,11868.3602
2019-11-07 12:03:00,3.4,3.4004,3.4,3.4002,19911.2821
2019-11-07 12:02:00,3.4003,3.4004,3.3998,3.4,3182.9344
2019-11-07 12:01:00,3.4003,3.4004,3.4003,3.4003,4508.4824
2019-11-07 12:00:00,3.4002,3.4004,3.4001,3.4003,2953.0673
2019-11-07 11:59:00,3.3999,3.4004,3.3999,3.4002,7388.0958
2019-11-07 11:58:00,3.4003,3.4004,3.3999,3.3999,4244.5002
2019-11-07 11:57:00,3.4,3.4009,3.4,3.4001,2350.5233
2019-11-07 11:56:00,3.4004,3.4004,3.3998,3.4,3861.3067
2019-11-07 11:55:00,3.4003,3.4009,3.4001,3.4004,2509.6585
2019-11-07 11:54:00,3.4003,3.401,3.4002,3.4002,4527.9376
2019-11-07 11:53:00,3.4004,3.401,3.4003,3.4003,2060.6754
2019-11-07 11:52:00,3.3998,3.401,3.3997,3.4004,7473.0182
2019-11-07 11:51:00,3.4005,3.401,3.3997,3.3998,11121.0887
2019-11-07 11:50:00,3.3998,3.401,3.3997,3.4005,1837.153
2019-11-07 11:49:00,3.3996,3.401,3.3994,3.4004,14566.3046
2019-11-07 11:48:00,3.4,3.401,3.3992,3.4,6173.9868
2019-11-07 11:47:00,3.4009,3.401,3.3988,3.3993,1336.0163
2019-11-07 11:46:00,3.3992,3.401,3.3992,3.4009,1433.658
2019-11-07 11:45:00,3.3999,3.4,3.3992,3.3992,5809.9131
2019-11-07 11:44:00,3.3999,3.401,3.3998,3.4004,2400.3783
2019-11-07 11:43:00,3.3985,3.401,3.3985,3.3996,4655.0089
2019-11-07 11:42:00,3.3985,3.401,3.3985,3.3989,9602.8956
2019-11-07 11:41:00,3.3986,3.4,3.3985,3.3986,7315.2878
2019-11-07 11:40:00,3.3985,3.4,3.3971,3.4,13205.8785
2019-11-07 11:39:00,3.4007,3.401,3.397,3.3984,4775.9833
2019-11-07 11:38:00,3.4001,3.401,3.4,3.4007,7629.3045
2019-11-07 11:37:00,3.3995,3.401,3.3992,3.4001,6240.4054
2019-11-07 11:36:00,3.3992,3.4,3.3992,3.4,5753.6346
2019-11-07 11:35:00,3.3999,3.4,3.3992,3.3992,8132.1426
2019-11-07 11:34:00,3.3994,3.4,3.3994,3.4,428.5183
2019-11-07 11:33:00,3.3984,3.3998,3.3984,3.3994,5895.6602
2019-11-07 11:32:00,3.3997,3.3998,3.3971,3.3984,3745.7245
2019-11-07 11:31:00,3.3998,3.3998,3.3997,3.3997,3787.5878
2019-11-07 11:30:00,3.3994,3.4,3.3994,3.3998,3309.7137
2019-11-07 11:29:00,3.3991,3.4,3.3988,3.3994,9030.271
2019-11-07 11:28:00,3.399,3.4,3.3985,3.3991,7026.8733
2019-11-07 11:27:00,3.3991,3.4,3.3983,3.399,2346.6804
2019-11-07 11:26:00,3.4,3.4,3.3985,3.3991,9564.892
2019-11-07 11:25:00,3.3991,3.401,3.3987,3.3991,5166.3195
2019-11-07 11:24:00,3.3989,3.401,3.3985,3.4,7937.2378
2019-11-07 11:23:00,3.3983,3.401,3.3982,3.3989,6387.9113
2019-11-07 11:22:00,3.3965,3.401,3.3954,3.3962,2862.3243
2019-11-07 11:21:00,3.3982,3.3998,3.3963,3.3967,3058.3787
2019-11-07 11:20:00,3.3966,3.401,3.3955,3.3986,9119.5876
2019-11-07 11:19:00,3.3981,3.3983,3.3931,3.3983,2242.7883
2019-11-07 11:18:00,3.397,3.3982,3.397,3.3982,2836.1367
2019-11-07 11:17:00,3.3982,3.4,3.3971,3.3971,1342.117
2019-11-07 11:16:00,3.3982,3.4078,3.3959,3.3983,10277.5561
2019-11-07 11:15:00,3.4059,3.4069,3.397,3.3983,13476.9079
2019-11-07 11:14:00,3.4057,3.4085,3.4034,3.4058,6067.1587
2019-11-07 11:13:00,3.3872,3.4085,3.3872,3.4058,6686.8095
2019-11-07 11:12:00,3.3902,3.3956,3.38,3.3872,21984.489
2019-11-07 11:11:00,3.389,3.3936,3.3802,3.3876,104248.7153
2019-11-07 11:10:00,3.3999,3.3999,3.39,3.39,32347.8988
2019-11-07 11:09:00,3.4152,3.4152,3.3999,3.4,23721.7448
2019-11-07 11:08:00,3.4222,3.4249,3.4126,3.417,6110.7263
2019-11-07 11:07:00,3.426,3.4277,3.4212,3.4231,11930.3681
2019-11-07 11:06:00,3.4244,3.4297,3.4179,3.4281,5302.6892
2019-11-07 11:05:00,3.4312,3.4312,3.4172,3.4237,12789.3878
2019-11-07 11:04:00,3.4344,3.4361,3.4312,3.4336,13610.0932
2019-11-07 11:03:00,3.4352,3.4361,3.4342,3.4346,3153.7043
2019-11-07 11:02:00,3.4341,3.4361,3.4314,3.436,1867.8565
2019-11-07 11:01:00,3.4361,3.4371,3.433,3.4331,4060.8389
2019-11-07 11:00:00,3.4359,3.4394,3.4358,3.4363,9254.2295
2019-11-07 10:59:00,3.4268,3.4359,3.4268,3.4359,8478.5165
2019-11-07 10:58:00,3.4246,3.43,3.4242,3.4262,5661.1562
2019-11-07 10:57:00,3.4245,3.4274,3.424,3.425,2137.474
2019-11-07 10:56:00,3.417,3.43,3.417,3.4266,11986.5193
2019-11-07 10:55:00,3.4139,3.422,3.41,3.4135,39929.2132
2019-11-07 10:54:00,3.4072,3.4146,3.4072,3.4146,10752.8933
2019-11-07 10:53:00,3.4052,3.4074,3.4052,3.4074,4155.1476
2019-11-07 10:52:00,3.4066,3.4066,3.4029,3.4051,7422.8775
2019-11-07 10:51:00,3.4048,3.4074,3.4048,3.4074,2502.8144
2019-11-07 10:50:00,3.3998,3.407,3.3997,3.4059,11144.9124
2019-11-07 10:49:00,3.3986,3.3999,3.3986,3.3997,7815.9714
2019-11-07 10:48:00,3.3973,3.3998,3.3973,3.3982,6727.8768
2019-11-07 10:47:00,3.3958,3.3997,3.39,3.3985,2035.1975
2019-11-07 10:46:00,3.3966,3.3972,3.3904,3.394,4728.3633
2019-11-07 10:45:00,3.3977,3.3998,3.3967,3.3974,1553.2299
2019-11-07 10:44:00,3.3999,3.4,3.3977,3.3977,3514.1821
2019-11-07 10:43:00,3.4,3.4,3.3999,3.4,3427.0476
2019-11-07 10:42:00,3.4,3.4,3.4,3.4,1330.2842
2019-11-07 10:41:00,3.4,3.4,3.4,3.4,1378.6323
2019-11-07 10:40:00,3.3995,3.4,3.3995,3.4,3725.6568
2019-11-07 10:39:00,3.3955,3.4,3.3955,3.4,3975.7808
2019-11-07 10:38:00,3.3946,3.4,3.3932,3.3954,3798.1651
2019-11-07 10:37:00,3.3934,3.3966,3.3921,3.3946,2006.4094
2019-11-07 10:36:00,3.3966,3.3966,3.3892,3.3932,5499.5282
2019-11-07 10:35:00,3.3935,3.4,3.3919,3.3933,4261.9771
2019-11-07 10:34:00,3.3836,3.4,3.3836,3.3926,13223.7423
2019-11-07 10:33:00,3.385,3.385,3.38,3.3836,25016.58
2019-11-07 10:32:00,3.3877,3.3877,3.3842,3.3847,2600.1586
2019-11-07 10:31:00,3.3881,3.3881,3.3877,3.3877,1051.4192
2019-11-07 10:30:00,3.389,3.3897,3.3881,3.3884,3895.2108
2019-11-07 10:29:00,3.3879,3.39,3.3879,3.3889,7758.89
2019-11-07 10:28:00,3.3873,3.3878,3.3873,3.3878,519.5481
2019-11-07 10:27:00,3.3876,3.3877,3.3873,3.3873,4109.9272
2019-11-07 10:26:00,3.3868,3.3874,3.3868,3.3874,2402.0882
2019-11-07 10:25:00,3.3867,3.3869,3.3842,3.3869,3115.046
2019-11-07 10:24:00,3.3813,3.3869,3.3813,3.3853,1324.7296
2019-11-07 10:23:00,3.38,3.3813,3.38,3.3813,2786.2292
2019-11-07 10:22:00,3.38,3.38,3.38,3.38,7.7003
2019-11-07 10:21:00,3.3797,3.3799,3.3797,3.3799,5134.0579
2019-11-07 10:20:00,3.3778,3.3799,3.3778,3.3797,7641.5977
2019-11-07 10:19:00,3.3773,3.3773,3.3773,3.3773,0
2019-11-07 10:18:00,3.3778,3.3779,3.3773,3.3773,8008.9599
2019-11-07 10:17:00,3.3758,3.378,3.3758,3.3775,3635.7176
2019-11-07 10:16:00,3.3726,3.3799,3.3726,3.3764,5136.5644
2019-11-07 10:15:00,3.3702,3.3719,3.3692,3.3719,2204.8792
2019-11-07 10:14:00,3.371,3.3711,3.37,3.3702,4459.3966
2019-11-07 10:13:00,3.3702,3.3724,3.3702,3.371,6262.1841
2019-11-07 10:12:00,3.3708,3.3709,3.3696,3.3702,6180.9791
2019-11-07 10:11:00,3.3712,3.3728,3.37,3.3706,6105.1882
2019-11-07 10:10:00,3.3724,3.3724,3.3692,3.3712,20614.7249
2019-11-07 10:09:00,3.3756,3.3764,3.3692,3.3714,6159.2395
2019-11-07 10:08:00,3.3726,3.3778,3.3725,3.3778,7649.5117
2019-11-07 10:07:00,3.372,3.3733,3.3711,3.3726,8403.3262
2019-11-07 10:06:00,3.37,3.3718,3.3692,3.3718,9668.6825
2019-11-07 10:05:00,3.373,3.3742,3.3726,3.3726,8058.6641
2019-11-07 10:04:00,3.38,3.3817,3.373,3.373,8456.2427
2019-11-07 10:03:00,3.3831,3.3873,3.3811,3.3816,9385.4343
2019-11-07 10:02:00,3.386,3.3882,3.3842,3.3856,4334.7579
2019-11-07 10:01:00,3.3898,3.3898,3.3857,3.3864,5584.2122
2019-11-07 10:00:00,3.3893,3.3911,3.3869,3.3898,4215.6956
2019-11-07 09:59:00,3.3893,3.3893,3.3893,3.3893,163.3709
2019-11-07 09:58:00,3.3875,3.3894,3.3875,3.389,2896.3655
2019-11-07 09:57:00,3.3886,3.3893,3.388,3.3881,4176.375
2019-11-07 09:56:00,3.386,3.391,3.3854,3.3886,2326.3026
2019-11-07 09:55:00,3.3869,3.3869,3.3852,3.386,1292.6408
2019-11-07 09:54:00,3.3884,3.3889,3.3859,3.3868,10542.4493
2019-11-07 09:53:00,3.3888,3.3922,3.3872,3.3884,2378.4077
2019-11-07 09:52:00,3.385,3.3851,3.385,3.3851,389.4082
2019-11-07 09:51:00,3.3878,3.3878,3.384,3.385,1242.9083
2019-11-07 09:50:00,3.3944,3.3947,3.3874,3.388,6709.2074
2019-11-07 09:49:00,3.3926,3.3945,3.3904,3.3945,5688.4772
2019-11-07 09:48:00,3.393,3.3931,3.3904,3.3926,3492.9328
2019-11-07 09:47:00,3.3956,3.3957,3.3908,3.393,5376.8243
2019-11-07 09:46:00,3.3956,3.3995,3.3956,3.3957,8151.7843
2019-11-07 09:45:00,3.3936,3.3956,3.3908,3.3956,10339.6069
2019-11-07 09:44:00,3.3966,3.3978,3.3915,3.393,20092.5242
2019-11-07 09:43:00,3.3955,3.4,3.3955,3.3982,17353.5628
2019-11-07 09:42:00,3.3942,3.4,3.3942,3.3955,13834.1115
2019-11-07 09:41:00,3.3936,3.3937,3.3933,3.3936,4735.569
2019-11-07 09:40:00,3.3936,3.3942,3.3936,3.3942,3216.5957
2019-11-07 09:39:00,3.3943,3.3951,3.3934,3.3936,4401.2751
2019-11-07 09:38:00,3.3949,3.3952,3.3929,3.3943,903.7244
2019-11-07 09:37:00,3.392,3.3971,3.392,3.3924,4286.1594
2019-11-07 09:36:00,3.3969,3.3969,3.3915,3.3916,2925.3291
2019-11-07 09:35:00,3.3903,3.4041,3.3881,3.3967,29491.7516
2019-11-07 09:34:00,3.388,3.3919,3.388,3.3886,2213.6922
2019-11-07 09:33:00,3.4,3.4018,3.38,3.3879,15175.2009
2019-11-07 09:32:00,3.4041,3.4041,3.4,3.4018,10323.706
2019-11-07 09:31:00,3.4041,3.4041,3.4041,3.4041,0
2019-11-07 09:30:00,3.4041,3.4041,3.4041,3.4041,0
2019-11-07 09:29:00,3.4039,3.4041,3.4038,3.4041,3126.0999
2019-11-07 09:28:00,3.4049,3.4049,3.4035,3.4036,1564.5012
2019-11-07 09:27:00,3.4067,3.4068,3.4038,3.4044,1972.2667
2019-11-07 09:26:00,3.407,3.407,3.4064,3.4065,3065.3651
2019-11-07 09:25:00,3.4055,3.4085,3.4055,3.4079,14977.4689
2019-11-07 09:24:00,3.4046,3.4067,3.4046,3.4054,1475.3202
2019-11-07 09:23:00,3.4036,3.41,3.4036,3.4056,8893.2304
2019-11-07 09:22:00,3.4042,3.4044,3.4036,3.4036,3280.8272
2019-11-07 09:21:00,3.4041,3.4046,3.4037,3.4042,2220.365
2019-11-07 09:20:00,3.4045,3.4045,3.402,3.4042,9160.4281
2019-11-07 09:19:00,3.4012,3.4044,3.4,3.4044,9085.3582
2019-11-07 09:18:00,3.398,3.4046,3.398,3.4014,7777.6166
2019-11-07 09:17:00,3.3936,3.3988,3.3936,3.3971,2511.6537
2019-11-07 09:16:00,3.3933,3.3959,3.3904,3.3935,9323.693
2019-11-07 09:15:00,3.3866,3.3917,3.3866,3.3917,1591.742
2019-11-07 09:14:00,3.3825,3.3862,3.3825,3.3862,8899.7308
2019-11-07 09:13:00,3.3819,3.3825,3.3819,3.3825,1769.4151
2019-11-07 09:12:00,3.3802,3.3824,3.3802,3.3819,6754.538
2019-11-07 09:11:00,3.38,3.38,3.38,3.38,0
2019-11-07 09:10:00,3.3799,3.3803,3.3799,3.38,1064.5672
2019-11-07 09:09:00,3.3792,3.3798,3.3787,3.3795,5291.4585
2019-11-07 09:08:00,3.3801,3.3801,3.378,3.3782,445.4925
2019-11-07 09:07:00,3.3791,3.3798,3.3791,3.3797,5246.5915
2019-11-07 09:06:00,3.3813,3.3814,3.3763,3.3787,6689.2535
2019-11-07 09:05:00,3.3809,3.3815,3.3805,3.381,1488.415
2019-11-07 09:04:00,3.3804,3.3808,3.3799,3.3808,3857.2685
2019-11-07 09:03:00,3.3806,3.3808,3.3799,3.3803,5927.948
2019-11-07 09:02:00,3.3762,3.3794,3.3754,3.3794,9326.4367
2019-11-07 09:01:00,3.3783,3.3783,3.374,3.374,2144.6829
2019-11-07 09:00:00,3.3775,3.3783,3.3775,3.378,756.726
2019-11-07 08:59:00,3.3774,3.378,3.3774,3.3777,3827.1837
2019-11-07 08:58:00,3.3774,3.3781,3.3771,3.3779,2897.1422
2019-11-07 08:57:00,3.3782,3.3785,3.3774,3.3775,7168.8581
2019-11-07 08:56:00,3.379,3.379,3.3772,3.3772,1116.8561
2019-11-07 08:55:00,3.3768,3.3786,3.3768,3.3786,2111.1775
2019-11-07 08:54:00,3.3788,3.3788,3.3763,3.3778,4912.2099
2019-11-07 08:53:00,3.3798,3.3798,3.3782,3.3788,1118.9471
2019-11-07 08:52:00,3.3782,3.3797,3.3782,3.3795,2702.5698
2019-11-07 08:51:00,3.3777,3.3787,3.3759,3.3774,5107.4598
2019-11-07 08:50:00,3.378,3.3783,3.3747,3.3777,5230.4152
2019-11-07 08:49:00,3.3782,3.3804,3.3773,3.378,3179.738
2019-11-07 08:48:00,3.377,3.377,3.375,3.3766,6694.775
2019-11-07 08:47:00,3.3774,3.3774,3.3756,3.376,7924.1379
2019-11-07 08:46:00,3.3763,3.3781,3.3763,3.3781,1756.9768
2019-11-07 08:45:00,3.3766,3.3776,3.3758,3.3776,5431.7527
2019-11-07 08:44:00,3.3749,3.3777,3.3749,3.3769,1689.0418
2019-11-07 08:43:00,3.3754,3.3779,3.375,3.3754,3109.8745
2019-11-07 08:42:00,3.3805,3.3805,3.3727,3.3743,32968.9618
2019-11-07 08:41:00,3.3805,3.3805,3.3805,3.3805,0
2019-11-07 08:40:00,3.3805,3.3805,3.3804,3.3805,937.124
2019-11-07 08:39:00,3.3805,3.3805,3.3805,3.3805,0
2019-11-07 08:38:00,3.3804,3.3805,3.3804,3.3805,984.5336
2019-11-07 08:37:00,3.3802,3.3805,3.3802,3.3805,3273.3931
2019-11-07 08:36:00,3.3799,3.3805,3.379,3.3795,2408.9665
2019-11-07 08:35:00,3.3773,3.3806,3.3773,3.3788,2733.9912
2019-11-07 08:34:00,3.374,3.3765,3.374,3.3765,6314.9084
2019-11-07 08:33:00,3.3728,3.374,3.3728,3.374,5558.9605
2019-11-07 08:32:00,3.3738,3.3745,3.3726,3.3732,862.8708
2019-11-07 08:31:00,3.3742,3.3745,3.3725,3.3731,2212.8753
2019-11-07 08:30:00,3.3766,3.3776,3.3753,3.3753,2706.8438
2019-11-07 08:29:00,3.3735,3.3766,3.3734,3.3766,1808.21
2019-11-07 08:28:00,3.3768,3.3768,3.3729,3.374,10433.2435
2019-11-07 08:27:00,3.3776,3.3776,3.376,3.376,4407.0435
2019-11-07 08:26:00,3.3776,3.3776,3.3776,3.3776,0
2019-11-07 08:25:00,3.3781,3.3781,3.3776,3.3776,4198.3051
2019-11-07 08:24:00,3.3774,3.3785,3.3774,3.378,1614.9209
2019-11-07 08:23:00,3.3767,3.378,3.3749,3.3773,8819.4232
2019-11-07 08:22:00,3.3779,3.378,3.3774,3.3775,3253.1834
2019-11-07 08:21:00,3.3786,3.3786,3.3776,3.378,5237.8051
2019-11-07 08:20:00,3.3774,3.3786,3.3771,3.378,2995.8753
2019-11-07 08:19:00,3.3803,3.3803,3.3758,3.3787,3428.9549
2019-11-07 08:18:00,3.3804,3.3804,3.3804,3.3804,133.1203
2019-11-07 08:17:00,3.3803,3.3805,3.3803,3.3803,80.7784
2019-11-07 08:16:00,3.3804,3.3805,3.3798,3.38,1231.0079
2019-11-07 08:15:00,3.3799,3.3802,3.3797,3.3802,2487.5116
2019-11-07 08:14:00,3.3794,3.38,3.3788,3.38,1075.4624
2019-11-07 08:13:00,3.3784,3.3795,3.3783,3.379,1495.0641
2019-11-07 08:12:00,3.3777,3.3788,3.3763,3.3782,6473.9098
2019-11-07 08:11:00,3.3789,3.3791,3.3778,3.3782,5011.1082
2019-11-07 08:10:00,3.3792,3.3801,3.3782,3.3789,3451.8052
2019-11-07 08:09:00,3.3794,3.3794,3.3789,3.3792,4019.5669
2019-11-07 08:08:00,3.3796,3.3798,3.3781,3.3787,7047.5942
2019-11-07 08:07:00,3.3804,3.3805,3.3802,3.3802,6142.3264
2019-11-07 08:06:00,3.3806,3.3809,3.3801,3.3802,913.5347
2019-11-07 08:05:00,3.3789,3.3807,3.3789,3.3804,2925.7181
2019-11-07 08:04:00,3.3797,3.3798,3.3792,3.3792,1068.1171
2019-11-07 08:03:00,3.3776,3.3797,3.3776,3.3797,1207.3331
2019-11-07 08:02:00,3.3795,3.3795,3.3765,3.3776,1741.8937
2019-11-07 08:01:00,3.3815,3.3825,3.3799,3.3799,2302.2475
2019-11-07 08:00:00,3.3804,3.3845,3.3804,3.3824,1600.3039
2019-11-07 07:59:00,3.3884,3.3884,3.3764,3.3785,6785.6941
2019-11-07 07:58:00,3.3917,3.3917,3.3882,3.3903,5504.4825
2019-11-07 07:57:00,3.3844,3.3917,3.3813,3.3916,3177.8247
2019-11-07 07:56:00,3.3742,3.385,3.3742,3.3844,14657.5199
2019-11-07 07:55:00,3.367,3.372,3.367,3.372,1223.1781
2019-11-07 07:54:00,3.3664,3.3666,3.3659,3.3662,1309.8318
2019-11-07 07:53:00,3.3667,3.367,3.362,3.3664,2173.7994
2019-11-07 07:52:00,3.3655,3.3692,3.3618,3.3654,1459.9263
2019-11-07 07:51:00,3.3649,3.37,3.3648,3.3656,6940.128
2019-11-07 07:50:00,3.3594,3.367,3.3594,3.367,2539.7629
2019-11-07 07:49:00,3.3594,3.3597,3.3591,3.3597,1453.1572
2019-11-07 07:48:00,3.3593,3.3599,3.3591,3.3591,5701.3696
2019-11-07 07:47:00,3.3629,3.3629,3.3591,3.3593,9830.0009
2019-11-07 07:46:00,3.3639,3.366,3.363,3.3639,3723.6503
2019-11-07 07:45:00,3.3669,3.3669,3.3658,3.3658,10215.4231
2019-11-07 07:44:00,3.3749,3.3789,3.367,3.367,6593.1854
2019-11-07 07:43:00,3.3777,3.3791,3.3742,3.3755,7364.6626
2019-11-07 07:42:00,3.3813,3.3814,3.3777,3.3777,10470.8934
2019-11-07 07:41:00,3.385,3.3879,3.3814,3.3814,12003.2678
2019-11-07 07:40:00,3.386,3.3905,3.3842,3.3879,3654.2741
2019-11-07 07:39:00,3.3859,3.386,3.3854,3.3859,1216.2848
2019-11-07 07:38:00,3.386,3.386,3.3854,3.386,4217.402
2019-11-07 07:37:00,3.3852,3.386,3.3852,3.3856,2448.9736
2019-11-07 07:36:00,3.3845,3.386,3.3845,3.386,16887.6011
2019-11-07 07:35:00,3.3848,3.3848,3.3842,3.3845,577.4917
2019-11-07 07:34:00,3.3858,3.3858,3.3844,3.3844,3275.3027
2019-11-07 07:33:00,3.386,3.386,3.3856,3.3859,1297.2396
2019-11-07 07:32:00,3.3859,3.386,3.3857,3.3858,2098.6247
2019-11-07 07:31:00,3.3863,3.3867,3.3857,3.3858,4881.3408
2019-11-07 07:30:00,3.3866,3.3866,3.3863,3.3863,5060.8179
2019-11-07 07:29:00,3.3863,3.3869,3.3856,3.3863,3299.5536
2019-11-07 07:28:00,3.3866,3.3867,3.3865,3.3865,4597.4442
2019-11-07 07:27:00,3.3866,3.3869,3.3865,3.3866,8289.6511
2019-11-07 07:26:00,3.3865,3.3869,3.3865,3.3869,5813.5499
2019-11-07 07:25:00,3.3869,3.3869,3.3865,3.3867,11639.7483
2019-11-07 07:24:00,3.3867,3.3869,3.3866,3.3866,4298.756
2019-11-07 07:23:00,3.3866,3.3867,3.3865,3.3866,2020.5939
2019-11-07 07:22:00,3.3867,3.3869,3.3866,3.3866,7068.6976
2019-11-07 07:21:00,3.3866,3.3868,3.3866,3.3867,1701.7949
2019-11-07 07:20:00,3.3863,3.3869,3.3856,3.3864,15699.4236
2019-11-07 07:19:00,3.3861,3.3869,3.3861,3.3869,11598.0648
2019-11-07 07:18:00,3.3859,3.3863,3.3857,3.3861,1741.8352
2019-11-07 07:17:00,3.3856,3.3863,3.3856,3.3862,1013.1419
2019-11-07 07:16:00,3.3821,3.386,3.3821,3.386,3861.6021
2019-11-07 07:15:00,3.3822,3.3824,3.382,3.382,3068.4472
2019-11-07 07:14:00,3.3821,3.3827,3.3816,3.3816,2165.4122
2019-11-07 07:13:00,3.3821,3.3822,3.3821,3.3821,2508.5591
2019-11-07 07:12:00,3.3815,3.3827,3.3814,3.3814,800.6655
2019-11-07 07:11:00,3.3828,3.3839,3.3815,3.3818,3047.6588
2019-11-07 07:10:00,3.384,3.384,3.3819,3.3828,734.958
2019-11-07 07:09:00,3.3816,3.3831,3.3816,3.3828,4153.5027
2019-11-07 07:08:00,3.3823,3.3831,3.3796,3.3818,2069.4728
2019-11-07 07:07:00,3.3829,3.3829,3.3779,3.3801,4988.1465
2019-11-07 07:06:00,3.3795,3.3836,3.3795,3.3803,1548.1118
2019-11-07 07:05:00,3.3821,3.3822,3.3777,3.3806,2267.3929
2019-11-07 07:04:00,3.3787,3.3816,3.3785,3.3785,4860.8683
2019-11-07 07:03:00,3.3816,3.3821,3.375,3.375,31748.6793
2019-11-07 07:02:00,3.3821,3.3821,3.3808,3.3815,7186.491
2019-11-07 07:01:00,3.3839,3.3839,3.3808,3.3821,1948.208
2019-11-07 07:00:00,3.3841,3.3852,3.3837,3.3839,4362.3264
2019-11-07 06:59:00,3.3848,3.3852,3.3841,3.3841,1814.5168
2019-11-07 06:58:00,3.3851,3.3856,3.3848,3.3848,1795.18
2019-11-07 06:57:00,3.3844,3.3859,3.384,3.3859,1360.5496
2019-11-07 06:56:00,3.3837,3.3852,3.3836,3.384,3916.6705
2019-11-07 06:55:00,3.3844,3.3849,3.3826,3.3837,833.8575
2019-11-07 06:54:00,3.3833,3.386,3.3822,3.386,5952.6898
2019-11-07 06:53:00,3.3828,3.3865,3.3825,3.3846,1869.9514
2019-11-07 06:52:00,3.3822,3.3831,3.3822,3.3828,9372.5082
2019-11-07 06:51:00,3.3834,3.3834,3.3823,3.3826,5161.0677
2019-11-07 06:50:00,3.3834,3.3834,3.3832,3.3834,1875.7809
2019-11-07 06:49:00,3.3831,3.384,3.383,3.3836,2265.7177
2019-11-07 06:48:00,3.382,3.3835,3.3807,3.3829,672.0103
2019-11-07 06:47:00,3.3812,3.3837,3.3801,3.3819,6293.2514
2019-11-07 06:46:00,3.3803,3.3818,3.3803,3.3811,2241.9336
2019-11-07 06:45:00,3.3803,3.3803,3.3803,3.3803,9523.6777
2019-11-07 06:44:00,3.3801,3.3803,3.38,3.3803,2261.2549
2019-11-07 06:43:00,3.3802,3.3803,3.38,3.3802,6344.2404
2019-11-07 06:42:00,3.3811,3.3811,3.38,3.3803,2215.6369
2019-11-07 06:41:00,3.3811,3.3811,3.381,3.3811,709.4418
2019-11-07 06:40:00,3.3801,3.3842,3.38,3.3823,8745.4978
2019-11-07 06:39:00,3.3842,3.3848,3.38,3.3822,14330.8899
2019-11-07 06:38:00,3.3833,3.3844,3.3824,3.3833,1445.2384
2019-11-07 06:37:00,3.3846,3.3846,3.3819,3.382,3182.3215
2019-11-07 06:36:00,3.3867,3.3867,3.3846,3.3846,4976.361
2019-11-07 06:35:00,3.3868,3.3869,3.3867,3.3867,1726.6504
2019-11-07 06:34:00,3.3866,3.3869,3.3866,3.3868,868.7186
2019-11-07 06:33:00,3.3864,3.3869,3.3864,3.3866,3759.5606
2019-11-07 06:32:00,3.386,3.3861,3.3858,3.3861,1317.8648
2019-11-07 06:31:00,3.3861,3.3866,3.3859,3.3859,575.8775
2019-11-07 06:30:00,3.3866,3.3869,3.3863,3.3866,1750.7469
2019-11-07 06:29:00,3.3862,3.3869,3.385,3.3869,6004.4163
2019-11-07 06:28:00,3.3862,3.3869,3.3851,3.3869,1275.8624
2019-11-07 06:27:00,3.387,3.3886,3.384,3.3868,9862.2537
2019-11-07 06:26:00,3.3917,3.3918,3.387,3.387,6653.1228
2019-11-07 06:25:00,3.3983,3.3983,3.3918,3.3918,6353.8381
2019-11-07 06:24:00,3.4014,3.4014,3.3906,3.3942,25247.9232
2019-11-07 06:23:00,3.403,3.4036,3.4017,3.4017,6076.2726
2019-11-07 06:22:00,3.4022,3.4028,3.4019,3.4028,9997.1068
2019-11-07 06:21:00,3.4022,3.4025,3.4022,3.4022,7859.9517
2019-11-07 06:20:00,3.4029,3.4029,3.402,3.4022,4451.8736
2019-11-07 06:19:00,3.4029,3.4029,3.4028,3.4029,2095.8497
2019-11-07 06:18:00,3.4045,3.4045,3.4024,3.4026,3237.3063
2019-11-07 06:17:00,3.4066,3.4066,3.4039,3.4045,1630.5651
2019-11-07 06:16:00,3.4087,3.4087,3.4069,3.4069,734.6823
2019-11-07 06:15:00,3.408,3.4082,3.4066,3.4082,7611.1414
2019-11-07 06:14:00,3.4064,3.4081,3.4064,3.4081,5762.451
2019-11-07 06:13:00,3.4075,3.4085,3.4071,3.4071,990.1805
2019-11-07 06:12:00,3.4068,3.4081,3.4068,3.4075,3354.5835
2019-11-07 06:11:00,3.4083,3.4083,3.4061,3.4069,8113.06
2019-11-07 06:10:00,3.4076,3.4079,3.4076,3.4079,704.8674
2019-11-07 06:09:00,3.4069,3.407,3.4064,3.407,4773.144
2019-11-07 06:08:00,3.4053,3.4072,3.4053,3.4061,643.9831
2019-11-07 06:07:00,3.4065,3.4065,3.4043,3.4043,3758.0865
2019-11-07 06:06:00,3.4023,3.4051,3.4023,3.4048,2764.5379
2019-11-07 06:05:00,3.403,3.403,3.4018,3.4023,776.7422
2019-11-07 06:04:00,3.4049,3.4049,3.403,3.403,565.6393
2019-11-07 06:03:00,3.405,3.405,3.405,3.405,124.6996
2019-11-07 06:02:00,3.4045,3.4049,3.4045,3.4047,10656.4133
2019-11-07 06:01:00,3.4035,3.4045,3.4034,3.4045,6019.3784
2019-11-07 06:00:00,3.403,3.4038,3.403,3.4034,587.759
2019-11-07 05:59:00,3.403,3.403,3.403,3.403,36.9695
2019-11-07 05:58:00,3.403,3.403,3.403,3.403,5.9644
2019-11-07 05:57:00,3.4018,3.403,3.4018,3.4026,4167.3096
2019-11-07 05:56:00,3.4022,3.403,3.402,3.4026,954.9202
2019-11-07 05:55:00,3.4015,3.403,3.4015,3.4018,4660.0868
2019-11-07 05:54:00,3.4024,3.4024,3.3994,3.3994,762.4009
2019-11-07 05:53:00,3.4024,3.4024,3.4024,3.4024,17.0417
2019-11-07 05:52:00,3.4024,3.4029,3.4024,3.4027,1310.7008
2019-11-07 05:51:00,3.4024,3.4024,3.4024,3.4024,21.3186
2019-11-07 05:50:00,3.4027,3.4027,3.4025,3.4026,901.1533
2019-11-07 05:49:00,3.4026,3.4028,3.4026,3.4027,2407.2421
2019-11-07 05:48:00,3.4032,3.4032,3.4024,3.4024,3048.2165
2019-11-07 05:47:00,3.4032,3.4032,3.4027,3.4031,537.974
2019-11-07 05:46:00,3.4039,3.4043,3.4033,3.4041,746.163
2019-11-07 05:45:00,3.4032,3.4036,3.4032,3.4034,1728.5648
2019-11-07 05:44:00,3.4042,3.4043,3.4029,3.4029,4026.1321
2019-11-07 05:43:00,3.4006,3.4036,3.4006,3.4036,2539.6302
2019-11-07 05:42:00,3.4044,3.4044,3.3985,3.4006,4838.7432
2019-11-07 05:41:00,3.4026,3.4026,3.4,3.4,6229.1834
2019-11-07 05:40:00,3.4061,3.4061,3.4,3.4001,7840.5083
2019-11-07 05:39:00,3.4067,3.4068,3.4056,3.406,10050.2815
2019-11-07 05:38:00,3.406,3.4068,3.4053,3.4065,1994.669
2019-11-07 05:37:00,3.4055,3.4069,3.4051,3.406,6637.3776
2019-11-07 05:36:00,3.4092,3.4092,3.4039,3.4053,6045.5707
2019-11-07 05:35:00,3.4085,3.4085,3.4085,3.4085,4
2019-11-07 05:34:00,3.4088,3.4089,3.407,3.4089,7192.363
2019-11-07 05:33:00,3.4095,3.4097,3.4088,3.4088,5651.9641
2019-11-07 05:32:00,3.409,3.4102,3.409,3.4098,10304.5427
2019-11-07 05:31:00,3.4104,3.4105,3.4092,3.4097,3984.4006
2019-11-07 05:30:00,3.4104,3.4107,3.4104,3.4105,1061.624
2019-11-07 05:29:00,3.4113,3.4113,3.4098,3.4103,946.3695
2019-11-07 05:28:00,3.4113,3.4128,3.41,3.41,3785.6875
2019-11-07 05:27:00,3.4104,3.412,3.4098,3.4108,6192.5358
2019-11-07 05:26:00,3.4113,3.412,3.4106,3.4106,8358.4314
2019-11-07 05:25:00,3.4085,3.4116,3.4085,3.411,2166.9715
2019-11-07 05:24:00,3.4114,3.4116,3.4075,3.4089,6336.1207
2019-11-07 05:23:00,3.412,3.4125,3.4099,3.4115,1599.0075
2019-11-07 05:22:00,3.4122,3.4124,3.412,3.4121,3421.9325
2019-11-07 05:21:00,3.412,3.4123,3.4118,3.4121,984.0672
2019-11-07 05:20:00,3.4137,3.4137,3.4122,3.4124,1404.5947
2019-11-07 05:19:00,3.4145,3.4145,3.4135,3.4141,97.6312
2019-11-07 05:18:00,3.4145,3.4147,3.4144,3.4147,1286.1947
2019-11-07 05:17:00,3.4146,3.4146,3.4143,3.4145,1281.9259
2019-11-07 05:16:00,3.4127,3.4147,3.4127,3.4145,6777.3376
2019-11-07 05:15:00,3.4151,3.4151,3.4144,3.4144,1443.3365
2019-11-07 05:14:00,3.4138,3.4155,3.4138,3.4152,5064.8456
2019-11-07 05:13:00,3.4141,3.4152,3.4125,3.4138,5304.8819
2019-11-07 05:12:00,3.4132,3.4152,3.4132,3.4142,2387.7492
2019-11-07 05:11:00,3.412,3.4122,3.4117,3.4122,1749.2935
2019-11-07 05:10:00,3.4117,3.4121,3.4117,3.4117,2264.7173
2019-11-07 05:09:00,3.4117,3.412,3.4117,3.4118,3702.0523
2019-11-07 05:08:00,3.4118,3.4121,3.4114,3.4117,5661.1296
2019-11-07 05:07:00,3.4115,3.4122,3.4114,3.412,5719.1935
2019-11-07 05:06:00,3.4117,3.4121,3.4114,3.4114,3623.0324
2019-11-07 05:05:00,3.411,3.4117,3.41,3.4112,4725.0959
2019-11-07 05:04:00,3.4114,3.4114,3.4109,3.411,819.0957
2019-11-07 05:03:00,3.411,3.4114,3.41,3.4114,1858.0645
2019-11-07 05:02:00,3.411,3.4122,3.4098,3.411,10580.0508
2019-11-07 05:01:00,3.4093,3.4109,3.408,3.4092,1215.6522
2019-11-07 05:00:00,3.408,3.4109,3.4071,3.4093,1203.925
2019-11-07 04:59:00,3.4064,3.4072,3.4064,3.4072,61.987
2019-11-07 04:58:00,3.4081,3.4097,3.4062,3.4066,4958.4554
2019-11-07 04:57:00,3.4098,3.4104,3.408,3.4095,13709.4836
2019-11-07 04:56:00,3.4104,3.4104,3.4094,3.4098,4994.5102
2019-11-07 04:55:00,3.4113,3.4121,3.4099,3.411,4401.3393
2019-11-07 04:54:00,3.4116,3.4116,3.411,3.4111,4556.0223
2019-11-07 04:53:00,3.4104,3.4104,3.4104,3.4104,3.94
2019-11-07 04:52:00,3.4087,3.4122,3.4087,3.4104,1828.0694
2019-11-07 04:51:00,3.4127,3.4127,3.41,3.4122,3787.9474
2019-11-07 04:50:00,3.4089,3.4111,3.4088,3.4111,1162.0932
2019-11-07 04:49:00,3.4099,3.4105,3.4088,3.4088,6333.7955
2019-11-07 04:48:00,3.407,3.4099,3.4063,3.4099,6194.2793
2019-11-07 04:47:00,3.4086,3.4086,3.4052,3.4061,1438.1342
2019-11-07 04:46:00,3.4098,3.4106,3.407,3.4106,9088.6343
2019-11-07 04:45:00,3.4099,3.4103,3.4092,3.4098,1597.6827
2019-11-07 04:44:00,3.4143,3.4143,3.4098,3.4098,6760.9529
2019-11-07 04:43:00,3.4218,3.4218,3.4127,3.4143,22800.2973
2019-11-07 04:42:00,3.4274,3.429,3.4226,3.4228,5251.4007
2019-11-07 04:41:00,3.4276,3.4287,3.4275,3.4281,1470.377
2019-11-07 04:40:00,3.4281,3.4308,3.4281,3.4287,5521.7364
2019-11-07 04:39:00,3.4321,3.4321,3.4321,3.4321,0
2019-11-07 04:38:00,3.434,3.4347,3.4293,3.4321,3324.9078
2019-11-07 04:37:00,3.4337,3.434,3.4337,3.434,654.6705
2019-11-07 04:36:00,3.4342,3.4342,3.4332,3.4336,5503.9711
2019-11-07 04:35:00,3.4297,3.436,3.4285,3.4328,13800.5245
2019-11-07 04:34:00,3.4312,3.432,3.4302,3.4303,2484.7907
2019-11-07 04:33:00,3.4314,3.433,3.4314,3.4327,6102.3904
2019-11-07 04:32:00,3.4314,3.4322,3.4311,3.4322,6208.8337
2019-11-07 04:31:00,3.4312,3.4332,3.4296,3.4316,10256.3433
2019-11-07 04:30:00,3.4323,3.4324,3.4302,3.4323,490.1214
2019-11-07 04:29:00,3.4311,3.4333,3.4293,3.4322,4517.8014
2019-11-07 04:28:00,3.4329,3.4341,3.4303,3.4329,7197.9076
2019-11-07 04:27:00,3.4349,3.435,3.4298,3.4327,5987.0442
2019-11-07 04:26:00,3.435,3.435,3.435,3.435,0
2019-11-07 04:25:00,3.4349,3.4351,3.4346,3.435,8952.2415
2019-11-07 04:24:00,3.4349,3.4355,3.4349,3.4349,11040.5081
2019-11-07 04:23:00,3.4349,3.4349,3.4349,3.4349,514.2157
2019-11-07 04:22:00,3.4344,3.4349,3.4344,3.4349,2911.1484
2019-11-07 04:21:00,3.434,3.4356,3.4339,3.4349,1702.4358
2019-11-07 04:20:00,3.4355,3.4356,3.4338,3.4356,1025.7408
2019-11-07 04:19:00,3.4363,3.4364,3.436,3.4362,2837.2083
2019-11-07 04:18:00,3.4363,3.4364,3.4363,3.4363,7457.2354
2019-11-07 04:17:00,3.4363,3.4363,3.4359,3.4363,1759.4263
2019-11-07 04:16:00,3.4368,3.4392,3.436,3.436,6485.7567
2019-11-07 04:15:00,3.4366,3.4367,3.4357,3.4367,701.1674
2019-11-07 04:14:00,3.4357,3.4361,3.4353,3.4357,1274.0544
2019-11-07 04:13:00,3.4377,3.4377,3.435,3.4357,1744.8921
2019-11-07 04:12:00,3.4394,3.4398,3.4368,3.4395,3543.4921
2019-11-07 04:11:00,3.4386,3.4404,3.4385,3.4399,690.0488
2019-11-07 04:10:00,3.439,3.4412,3.4372,3.4412,7000.7167
2019-11-07 04:09:00,3.4409,3.4413,3.4396,3.4396,3475.9779
2019-11-07 04:08:00,3.4413,3.4413,3.441,3.4413,6454.5409
2019-11-07 04:07:00,3.4406,3.442,3.4385,3.442,3451.948
2019-11-07 04:06:00,3.442,3.4434,3.4414,3.4419,6672.8889
2019-11-07 04:05:00,3.4407,3.4426,3.438,3.442,1455.3426
2019-11-07 04:04:00,3.4407,3.4434,3.4407,3.4432,5856.6557
2019-11-07 04:03:00,3.4394,3.443,3.4394,3.443,2620.4218
2019-11-07 04:02:00,3.4407,3.4434,3.438,3.4407,1314.357
2019-11-07 04:01:00,3.4405,3.4434,3.4382,3.4382,6723.874
2019-11-07 04:00:00,3.4404,3.4429,3.4385,3.4405,1554.991
2019-11-07 03:59:00,3.4406,3.4434,3.4404,3.4404,1682.8454
2019-11-07 03:58:00,3.4457,3.4463,3.4384,3.4406,33395.788
2019-11-07 03:57:00,3.4487,3.4487,3.4447,3.4457,6063.6512
2019-11-07 03:56:00,3.4468,3.4491,3.4451,3.4491,3753.0291
2019-11-07 03:55:00,3.4437,3.4491,3.4437,3.4491,4950.4385
2019-11-07 03:54:00,3.4461,3.4491,3.4425,3.4457,1394.7192
2019-11-07 03:53:00,3.446,3.446,3.4436,3.4436,3675.6436
2019-11-07 03:52:00,3.4435,3.4491,3.4425,3.4428,10795.1468
2019-11-07 03:51:00,3.4477,3.45,3.4438,3.4442,5041.2903
2019-11-07 03:50:00,3.4466,3.4485,3.4466,3.4477,3906.5772
2019-11-07 03:49:00,3.45,3.45,3.4436,3.4468,8218.0225
2019-11-07 03:48:00,3.447,3.45,3.4433,3.4433,12446.1116
2019-11-07 03:47:00,3.447,3.45,3.4432,3.4492,6596.5786
2019-11-07 03:46:00,3.4438,3.45,3.4438,3.4439,4089.3918
2019-11-07 03:45:00,3.4458,3.45,3.4446,3.4466,2148.3812
2019-11-07 03:44:00,3.45,3.45,3.4472,3.4472,3063.8494
2019-11-07 03:43:00,3.45,3.45,3.4476,3.4493,9224.1291
2019-11-07 03:42:00,3.4477,3.45,3.4477,3.4478,3396.6144
2019-11-07 03:41:00,3.4466,3.4499,3.4457,3.4477,2791.9698
2019-11-07 03:40:00,3.4477,3.4499,3.446,3.4477,6558.5181
2019-11-07 03:39:00,3.4467,3.4499,3.4461,3.4477,2050.0041
2019-11-07 03:38:00,3.4455,3.4478,3.4455,3.4455,1183.4458
2019-11-07 03:37:00,3.4455,3.4478,3.4433,3.4455,6688.2074
2019-11-07 03:36:00,3.4455,3.4478,3.4432,3.4455,8103.3468
2019-11-07 03:35:00,3.4455,3.4478,3.4454,3.4455,6915.3227
2019-11-07 03:34:00,3.4441,3.4474,3.4441,3.4455,1532.5395
2019-11-07 03:33:00,3.447,3.4478,3.4454,3.4455,6811.2154
2019-11-07 03:32:00,3.4455,3.4478,3.4455,3.4478,1229.4506
2019-11-07 03:31:00,3.4467,3.4478,3.4456,3.4456,5542.9003
2019-11-07 03:30:00,3.4478,3.4478,3.4462,3.4478,10781.4451
2019-11-07 03:29:00,3.4467,3.4478,3.4459,3.4467,8669.0583
2019-11-07 03:28:00,3.4462,3.4478,3.446,3.4467,7576.0612
2019-11-07 03:27:00,3.4467,3.4478,3.4458,3.4467,2039.1664
2019-11-07 03:26:00,3.4469,3.4478,3.4452,3.4478,4933.1231
2019-11-07 03:25:00,3.4478,3.4478,3.4433,3.4433,6719.7462
2019-11-07 03:24:00,3.4432,3.4478,3.4432,3.4478,4462.9937
2019-11-07 03:23:00,3.447,3.4478,3.4439,3.445,6723.2197
2019-11-07 03:22:00,3.4465,3.447,3.4434,3.4451,2436.9736
2019-11-07 03:21:00,3.4438,3.447,3.4438,3.4451,2970.7212
2019-11-07 03:20:00,3.4453,3.4477,3.4438,3.4438,1798.4577
2019-11-07 03:19:00,3.4448,3.4461,3.4448,3.4457,5164.6355
2019-11-07 03:18:00,3.4448,3.4463,3.4433,3.4448,7780.5359
2019-11-07 03:17:00,3.4457,3.4457,3.4444,3.4456,5514.6643
2019-11-07 03:16:00,3.4441,3.445,3.4441,3.4448,1058.1986
2019-11-07 03:15:00,3.443,3.4449,3.4423,3.4441,6177.4702
2019-11-07 03:14:00,3.442,3.4444,3.4418,3.443,6593.508
2019-11-07 03:13:00,3.442,3.4424,3.4418,3.442,9024.1162
2019-11-07 03:12:00,3.4424,3.4424,3.4416,3.4424,3499.6885
2019-11-07 03:11:00,3.4416,3.4424,3.4411,3.4416,3401.7591
2019-11-07 03:10:00,3.4424,3.4424,3.4407,3.4424,5083.3426
2019-11-07 03:09:00,3.4424,3.4424,3.4409,3.4416,4806.446
2019-11-07 03:08:00,3.4424,3.4424,3.4415,3.4415,3741.0305
2019-11-07 03:07:00,3.4424,3.4424,3.4398,3.4416,4326.6061
2019-11-07 03:06:00,3.4407,3.4424,3.4395,3.4407,5660.1137
2019-11-07 03:05:00,3.4416,3.4424,3.4396,3.4424,5946.5805
2019-11-07 03:04:00,3.4407,3.4424,3.44,3.4407,4358.7251
2019-11-07 03:03:00,3.4424,3.4424,3.4392,3.4407,8911.3543
2019-11-07 03:02:00,3.4407,3.4424,3.4407,3.4407,5896.3151
2019-11-07 03:01:00,3.4399,3.4424,3.4395,3.4424,2931.5665
2019-11-07 03:00:00,3.4395,3.4399,3.4392,3.4396,2919.734
2019-11-07 02:59:00,3.4387,3.4399,3.437,3.4391,3728.4202
2019-11-07 02:58:00,3.4385,3.439,3.4381,3.439,4122.5372
2019-11-07 02:57:00,3.4382,3.439,3.4382,3.4385,2345.77
2019-11-07 02:56:00,3.439,3.439,3.438,3.4382,3590.7978
2019-11-07 02:55:00,3.439,3.439,3.4382,3.4384,2794.1004
2019-11-07 02:54:00,3.439,3.439,3.4381,3.4382,5766.2556
2019-11-07 02:53:00,3.4374,3.439,3.4374,3.4382,11788.925
2019-11-07 02:52:00,3.4389,3.439,3.4361,3.439,2421.1562
2019-11-07 02:51:00,3.4389,3.439,3.4356,3.439,11308.4237
2019-11-07 02:50:00,3.439,3.439,3.4356,3.4356,6372.8369
2019-11-07 02:49:00,3.4356,3.439,3.4327,3.439,9511.5718
2019-11-07 02:48:00,3.434,3.439,3.4328,3.4328,5984.0485
2019-11-07 02:47:00,3.434,3.4343,3.432,3.4343,7472.298
2019-11-07 02:46:00,3.434,3.434,3.4253,3.432,3422.2516
2019-11-07 02:45:00,3.4262,3.434,3.4262,3.4296,2987.4689
2019-11-07 02:44:00,3.4272,3.4339,3.4231,3.4339,8904.753
2019-11-07 02:43:00,3.4339,3.4339,3.4275,3.4275,4117.6144
2019-11-07 02:42:00,3.4338,3.4339,3.4312,3.4324,4528.2152
2019-11-07 02:41:00,3.4324,3.434,3.4323,3.4323,2694.49
2019-11-07 02:40:00,3.4339,3.4339,3.4324,3.4339,2479.8104
2019-11-07 02:39:00,3.4324,3.434,3.4324,3.4324,4560.1798
2019-11-07 02:38:00,3.4324,3.4339,3.431,3.4324,5340.0007
2019-11-07 02:37:00,3.4307,3.434,3.4307,3.4334,3203.2219
2019-11-07 02:36:00,3.4337,3.434,3.4278,3.4339,5249.1006
2019-11-07 02:35:00,3.4284,3.434,3.4284,3.4308,7322.6777
2019-11-07 02:34:00,3.4308,3.434,3.4308,3.4308,1270.8083
2019-11-07 02:33:00,3.4332,3.434,3.4307,3.4307,4300.3257
2019-11-07 02:32:00,3.4351,3.4362,3.4312,3.4312,4150.7751
2019-11-07 02:31:00,3.4353,3.4357,3.4343,3.4352,2904.9808
2019-11-07 02:30:00,3.4293,3.4355,3.4262,3.4343,18082.267
2019-11-07 02:29:00,3.4234,3.429,3.4177,3.4278,19385.3208
2019-11-07 02:28:00,3.4188,3.4217,3.4178,3.4217,12673.1109
2019-11-07 02:27:00,3.42,3.42,3.4179,3.4181,5786.164
2019-11-07 02:26:00,3.4254,3.4299,3.4199,3.4199,23589.5947
2019-11-07 02:25:00,3.433,3.4361,3.4276,3.4276,2230.9894
2019-11-07 02:24:00,3.4294,3.4361,3.4294,3.4361,6690.1119
2019-11-07 02:23:00,3.4271,3.4312,3.4271,3.4312,2579.5717
2019-11-07 02:22:00,3.4288,3.429,3.4253,3.429,5304.6143
2019-11-07 02:21:00,3.4291,3.4369,3.4288,3.43,5738.0266
2019-11-07 02:20:00,3.426,3.4381,3.426,3.4321,11408.2639
2019-11-07 02:19:00,3.4355,3.4355,3.427,3.427,2279.9088
2019-11-07 02:18:00,3.434,3.4367,3.434,3.4355,995.9521
2019-11-07 02:17:00,3.4336,3.4382,3.4276,3.4382,5847.2244
2019-11-07 02:16:00,3.4383,3.4399,3.4332,3.4336,6003.7707
2019-11-07 02:15:00,3.438,3.4392,3.4274,3.4274,10115.2405
2019-11-07 02:14:00,3.4356,3.4379,3.4356,3.4379,161.7638
2019-11-07 02:13:00,3.4351,3.4357,3.4339,3.4351,1499.2984
2019-11-07 02:12:00,3.4341,3.4356,3.434,3.4356,4947.4196
2019-11-07 02:11:00,3.4341,3.4341,3.434,3.434,3912.3937
2019-11-07 02:10:00,3.4357,3.4357,3.4341,3.4341,1379.9209
2019-11-07 02:09:00,3.4357,3.4357,3.4354,3.4357,1907.2345
2019-11-07 02:08:00,3.4343,3.436,3.4337,3.4357,5237.0181
2019-11-07 02:07:00,3.4331,3.436,3.432,3.4334,4225.3731
2019-11-07 02:06:00,3.428,3.4334,3.428,3.4327,1991.5125
2019-11-07 02:05:00,3.4301,3.4322,3.4218,3.4218,3671.7284
2019-11-07 02:04:00,3.4277,3.4328,3.425,3.4295,3193.9626
2019-11-07 02:03:00,3.4292,3.4324,3.4256,3.4273,7388.5845
2019-11-07 02:02:00,3.429,3.4299,3.422,3.4263,2922.3126
2019-11-07 02:01:00,3.4252,3.4289,3.4245,3.4261,2872.1599
2019-11-07 02:00:00,3.4223,3.4272,3.4219,3.4272,3074.5347
2019-11-07 01:59:00,3.4191,3.4234,3.4185,3.4233,6616.4442
2019-11-07 01:58:00,3.4217,3.4225,3.418,3.4218,2451.951
2019-11-07 01:57:00,3.4192,3.4225,3.4188,3.4223,4834.7367
2019-11-07 01:56:00,3.4221,3.4221,3.4181,3.4199,2171.0328
2019-11-07 01:55:00,3.4168,3.4214,3.4158,3.4214,3987.0603
2019-11-07 01:54:00,3.4152,3.4184,3.4133,3.4149,16230.2859
2019-11-07 01:53:00,3.4169,3.419,3.4101,3.4164,3822.6357
2019-11-07 01:52:00,3.4165,3.419,3.415,3.4164,4094.1527
2019-11-07 01:51:00,3.4165,3.4189,3.4147,3.4189,6845.2607
2019-11-07 01:50:00,3.419,3.419,3.4165,3.4189,5146.3191
2019-11-07 01:49:00,3.4189,3.419,3.4162,3.418,780.063
2019-11-07 01:48:00,3.4195,3.4195,3.4165,3.4165,1766.4438
2019-11-07 01:47:00,3.4193,3.4196,3.419,3.4195,1105.2049
2019-11-07 01:46:00,3.4137,3.4195,3.4136,3.4195,820.1893
2019-11-07 01:45:00,3.4127,3.4153,3.411,3.4142,1737.6498
2019-11-07 01:44:00,3.4091,3.4154,3.4091,3.4154,9316.5189
2019-11-07 01:43:00,3.4079,3.4095,3.4079,3.4082,4160.2355
2019-11-07 01:42:00,3.4077,3.4084,3.4077,3.4082,2174.8895
2019-11-07 01:41:00,3.4031,3.4075,3.4031,3.4075,3843.0984
2019-11-07 01:40:00,3.4002,3.4031,3.4002,3.403,2630.2002
2019-11-07 01:39:00,3.3995,3.4025,3.3958,3.3999,3589.3102
2019-11-07 01:38:00,3.3943,3.3994,3.3925,3.3948,3920.2921
2019-11-07 01:37:00,3.3945,3.3953,3.3879,3.395,18773.4937
2019-11-07 01:36:00,3.388,3.3979,3.3866,3.3909,5533.8936
2019-11-07 01:35:00,3.4177,3.4187,3.3766,3.3868,20652.2602
2019-11-07 01:34:00,3.4141,3.4213,3.4141,3.4213,2864.9332
2019-11-07 01:33:00,3.4204,3.4217,3.4168,3.4168,2903.8696
2019-11-07 01:32:00,3.4244,3.4244,3.4171,3.4205,3646.2245
2019-11-07 01:31:00,3.4182,3.423,3.4182,3.4224,944.5704
2019-11-07 01:30:00,3.4147,3.4182,3.4099,3.4172,8566.3207
2019-11-07 01:29:00,3.4127,3.4192,3.412,3.4186,6918.9598
2019-11-07 01:28:00,3.4183,3.4183,3.41,3.4154,7908.9811
2019-11-07 01:27:00,3.4063,3.4299,3.3935,3.4183,117762.8236
2019-11-07 01:26:00,3.4134,3.4181,3.4032,3.4069,7556.9055
2019-11-07 01:25:00,3.4102,3.4183,3.4101,3.4183,5826.4712
2019-11-07 01:24:00,3.4051,3.4183,3.4051,3.4139,17872.7665
2019-11-07 01:23:00,3.405,3.4061,3.4038,3.4038,4782.7685
2019-11-07 01:22:00,3.4046,3.4072,3.4025,3.4053,6882.3739
2019-11-07 01:21:00,3.4071,3.4072,3.4044,3.4059,2181.6602
2019-11-07 01:20:00,3.4044,3.4072,3.4038,3.4045,3410.7577
2019-11-07 01:19:00,3.407,3.4072,3.4044,3.4051,7928.1381
2019-11-07 01:18:00,3.4099,3.4099,3.4051,3.4054,2771.9927
2019-11-07 01:17:00,3.4066,3.4129,3.4063,3.4099,7711.7457
2019-11-07 01:16:00,3.4076,3.4076,3.4,3.4059,17744.2962
2019-11-07 01:15:00,3.4123,3.4195,3.4123,3.413,4429.2942
2019-11-07 01:14:00,3.4112,3.4199,3.408,3.4137,19764.8853
2019-11-07 01:13:00,3.4122,3.417,3.4097,3.4141,4651.8403
2019-11-07 01:12:00,3.4109,3.4195,3.4088,3.4103,10857.1597
2019-11-07 01:11:00,3.4128,3.4139,3.4091,3.4139,3952.6435
2019-11-07 01:10:00,3.4122,3.4139,3.4106,3.4123,5194.4174
2019-11-07 01:09:00,3.411,3.412,3.4099,3.4101,2657.3545
2019-11-07 01:08:00,3.4092,3.4121,3.409,3.4109,5986.8423
2019-11-07 01:07:00,3.4092,3.4117,3.4069,3.4107,5613.5014
2019-11-07 01:06:00,3.4083,3.4096,3.4054,3.4073,8066.6945
2019-11-07 01:05:00,3.4084,3.4084,3.4054,3.4075,1802.9873
2019-11-07 01:04:00,3.408,3.4086,3.408,3.4085,2574.0024
2019-11-07 01:03:00,3.4064,3.4084,3.405,3.4072,4324.9824
2019-11-07 01:02:00,3.4068,3.4081,3.4045,3.4048,4136.3416
2019-11-07 01:01:00,3.402,3.4082,3.402,3.4059,4505.1836
2019-11-07 01:00:00,3.3995,3.403,3.3995,3.4019,11394.4889
2019-11-07 00:59:00,3.4,3.4,3.399,3.3995,3922.7905
2019-11-07 00:58:00,3.3998,3.4,3.399,3.3991,2132.8782
2019-11-07 00:57:00,3.3994,3.4,3.3986,3.4,7672.2151
2019-11-07 00:56:00,3.4,3.4,3.398,3.399,3241.3461
2019-11-07 00:55:00,3.4,3.4,3.3982,3.4,4278.007
2019-11-07 00:54:00,3.3989,3.4,3.3984,3.4,2406.59
2019-11-07 00:53:00,3.3989,3.3999,3.3988,3.3989,6744.0782
2019-11-07 00:52:00,3.3999,3.3999,3.3981,3.3989,4587.1267
2019-11-07 00:51:00,3.3998,3.3999,3.398,3.3989,5080.696
2019-11-07 00:50:00,3.3979,3.3999,3.3979,3.3989,2739.9812
2019-11-07 00:49:00,3.3969,3.4,3.3966,3.3999,1393.4496
2019-11-07 00:48:00,3.3999,3.4,3.394,3.4,7270.9748
2019-11-07 00:47:00,3.3974,3.4,3.3966,3.3976,1733.8226
2019-11-07 00:46:00,3.3971,3.4,3.3971,3.4,917.2715
2019-11-07 00:45:00,3.393,3.4,3.393,3.3971,13587.9976
2019-11-07 00:44:00,3.3964,3.4,3.3939,3.3968,2688.0494
2019-11-07 00:43:00,3.397,3.4,3.394,3.3946,7094.9435
2019-11-07 00:42:00,3.3989,3.3997,3.396,3.3969,2803.5221
2019-11-07 00:41:00,3.3961,3.3983,3.3961,3.3962,1203.1447
2019-11-07 00:40:00,3.3972,3.4,3.3955,3.3986,2050.6602
2019-11-07 00:39:00,3.3999,3.3999,3.397,3.3971,817.2776
2019-11-07 00:38:00,3.3999,3.3999,3.3937,3.3964,8587.8007
2019-11-07 00:37:00,3.3969,3.4,3.394,3.3963,3919.8525
2019-11-07 00:36:00,3.3972,3.4,3.3938,3.3968,2716.6382
2019-11-07 00:35:00,3.3951,3.3967,3.3945,3.3947,7075.7231
2019-11-07 00:34:00,3.3952,3.3954,3.3924,3.3946,1691.5989
2019-11-07 00:33:00,3.3965,3.3989,3.3922,3.3944,15749.9692
2019-11-07 00:32:00,3.3969,3.399,3.3935,3.3962,1390.1192
2019-11-07 00:31:00,3.3923,3.3999,3.3915,3.3999,5115.6957
2019-11-07 00:30:00,3.3952,3.3968,3.3936,3.3936,2171.292
2019-11-07 00:29:00,3.3921,3.3967,3.3921,3.3967,5141.5557
2019-11-07 00:28:00,3.3927,3.3935,3.3908,3.3934,12240.577
2019-11-07 00:27:00,3.3905,3.3933,3.39,3.3911,3003.7756
2019-11-07 00:26:00,3.3924,3.3933,3.3905,3.3905,6423.5349
2019-11-07 00:25:00,3.4009,3.4009,3.3924,3.3928,23418.8719
2019-11-07 00:24:00,3.4042,3.4051,3.399,3.4,9350.1812
2019-11-07 00:23:00,3.4029,3.4083,3.4029,3.4046,1923.2843
2019-11-07 00:22:00,3.4005,3.41,3.3975,3.4057,49914.5703
2019-11-07 00:21:00,3.4022,3.405,3.3966,3.405,21834.4308
2019-11-07 00:20:00,3.4001,3.4029,3.4001,3.4026,2813.0193
2019-11-07 00:19:00,3.3984,3.4048,3.3984,3.4031,5143.5865
2019-11-07 00:18:00,3.3991,3.4,3.3968,3.3983,4483.7341
2019-11-07 00:17:00,3.4,3.4,3.3982,3.3982,3770.2974
2019-11-07 00:16:00,3.3997,3.4,3.3973,3.3983,2937.7461
2019-11-07 00:15:00,3.3998,3.4,3.3978,3.3982,6667.8242
2019-11-07 00:14:00,3.3984,3.3999,3.3981,3.3981,6109.3338
2019-11-07 00:13:00,3.3982,3.3999,3.397,3.397,9042.8779
2019-11-07 00:12:00,3.3981,3.3997,3.397,3.3985,15226.8778
2019-11-07 00:11:00,3.3963,3.398,3.3963,3.3971,4064.0404
2019-11-07 00:10:00,3.3974,3.3974,3.3944,3.3964,5676.2813
2019-11-07 00:09:00,3.3999,3.3999,3.3954,3.3981,4005.1723
2019-11-07 00:08:00,3.3981,3.3999,3.3981,3.3999,7850.7848
2019-11-07 00:07:00,3.397,3.4,3.3956,3.3999,6871.2668
2019-11-07 00:06:00,3.4,3.4,3.3948,3.4,2774.7645
2019-11-07 00:05:00,3.3975,3.4,3.397,3.3978,5301.0643
2019-11-07 00:04:00,3.3976,3.4,3.3976,3.3988,3421.5691
2019-11-07 00:03:00,3.3995,3.4,3.3956,3.4,3730.8022
2019-11-07 00:02:00,3.3961,3.3999,3.3961,3.3976,8864.7605
2019-11-07 00:01:00,3.3942,3.3953,3.3941,3.3953,8948.7386
2019-11-07 00:00:00,3.3924,3.3944,3.3924,3.3941,7278.6116
