2019-11-22 23:59:00,2.0966,2.1,2.08,2.0825,1207.6612
2019-11-22 23:58:00,2.1,2.1,2.09,2.1,10861.346
2019-11-22 23:57:00,2.0966,2.1,2.0957,2.0966,25980.1158
2019-11-22 23:56:00,2.0999,2.1,2.093,2.093,604.0211
2019-11-22 23:55:00,2.1,2.1,2.093,2.1,7066.5025
2019-11-22 23:54:00,2.0967,2.1,2.0967,2.1,1652.348
2019-11-22 23:53:00,2.09,2.09,2.09,2.09,0
2019-11-22 23:52:00,2.09,2.09,2.09,2.09,0
2019-11-22 23:51:00,2.0977,2.0977,2.09,2.09,5344.9968
2019-11-22 23:50:00,2.0928,2.0999,2.0901,2.0901,3595.8306
2019-11-22 23:49:00,2.1,2.1,2.0912,2.098,22723.1359
2019-11-22 23:48:00,2.1183,2.1183,2.0913,2.1,92981.8379
2019-11-22 23:47:00,2.1206,2.1206,2.1183,2.1183,1195.7091
2019-11-22 23:46:00,2.125,2.125,2.125,2.125,2317.4461
2019-11-22 23:45:00,2.1351,2.1367,2.1206,2.1206,1740.4736
2019-11-22 23:44:00,2.13,2.1316,2.13,2.1316,944.548
2019-11-22 23:43:00,2.1204,2.1285,2.1204,2.1285,493.272
2019-11-22 23:42:00,2.121,2.1254,2.1184,2.1252,26828.8114
2019-11-22 23:41:00,2.1255,2.1255,2.1255,2.1255,0
2019-11-22 23:40:00,2.1255,2.1255,2.1255,2.1255,0
2019-11-22 23:39:00,2.1249,2.1255,2.1249,2.1255,101.6092
2019-11-22 23:38:00,2.1208,2.1249,2.1201,2.1201,1465.8781
2019-11-22 23:37:00,2.1207,2.1208,2.1207,2.1208,5654.6932
2019-11-22 23:36:00,2.1201,2.1201,2.1201,2.1201,0
2019-11-22 23:35:00,2.12,2.1205,2.12,2.1201,1043.6205
2019-11-22 23:34:00,2.1208,2.1208,2.12,2.1207,714.8813
2019-11-22 23:33:00,2.1201,2.1228,2.12,2.12,6258.3664
2019-11-22 23:32:00,2.1142,2.1194,2.1142,2.1194,16366.742
2019-11-22 23:31:00,2.1109,2.1125,2.1109,2.1125,6551.0986
2019-11-22 23:30:00,2.1103,2.111,2.1103,2.111,547.4052
2019-11-22 23:29:00,2.1099,2.1111,2.107,2.111,1067.7389
2019-11-22 23:28:00,2.105,2.1111,2.105,2.1111,8092.5309
2019-11-22 23:27:00,2.105,2.1089,2.105,2.1089,79.7269
2019-11-22 23:26:00,2.1035,2.1091,2.0929,2.1011,38069.2667
2019-11-22 23:25:00,2.0914,2.1015,2.0914,2.1015,3233.9099
2019-11-22 23:24:00,2.1091,2.1091,2.0912,2.0993,10155.931
2019-11-22 23:23:00,2.1001,2.1095,2.0912,2.1091,10028.3389
2019-11-22 23:22:00,2.1091,2.1099,2.1045,2.1099,1101.8833
2019-11-22 23:21:00,2.1091,2.1126,2.1,2.1091,4011.6719
2019-11-22 23:20:00,2.1224,2.1261,2.1091,2.1132,14747.8824
2019-11-22 23:19:00,2.1271,2.1305,2.1201,2.1226,7492.3818
2019-11-22 23:18:00,2.1325,2.1381,2.1216,2.1216,13105.8468
2019-11-22 23:17:00,2.1332,2.136,2.1286,2.13,19777.0738
2019-11-22 23:16:00,2.1378,2.1393,2.1292,2.1356,13344.0856
2019-11-22 23:15:00,2.1383,2.14,2.1357,2.1379,8387.0447
2019-11-22 23:14:00,2.15,2.154,2.1411,2.1411,11933.5175
2019-11-22 23:13:00,2.1568,2.1589,2.15,2.1525,7857.3067
2019-11-22 23:12:00,2.1596,2.1598,2.153,2.1589,5449.305
2019-11-22 23:11:00,2.1454,2.16,2.1452,2.1579,19151.2836
2019-11-22 23:10:00,2.1349,2.1554,2.134,2.1481,44369.035
2019-11-22 23:09:00,2.1554,2.16,2.13,2.1411,29594.44
2019-11-22 23:08:00,2.1393,2.157,2.1271,2.1553,63971.2652
2019-11-22 23:07:00,2.1118,2.1415,2.1056,2.1369,54046.6928
2019-11-22 23:06:00,2.0999,2.1118,2.0964,2.1118,33909.2474
2019-11-22 23:05:00,2.1047,2.1081,2.0989,2.1008,29024.9934
2019-11-22 23:04:00,2.0978,2.1053,2.0978,2.1016,30614.1069
2019-11-22 23:03:00,2.1027,2.1062,2.0928,2.0936,17622.0769
2019-11-22 23:02:00,2.0928,2.1032,2.0928,2.1011,13744.1688
2019-11-22 23:01:00,2.0795,2.0962,2.0795,2.0927,19217.5403
2019-11-22 23:00:00,2.0755,2.0806,2.0731,2.0795,8679.2234
2019-11-22 22:59:00,2.0972,2.0975,2.0767,2.08,43692.9829
2019-11-22 22:58:00,2.1028,2.1028,2.0942,2.0958,21166.477
2019-11-22 22:57:00,2.0952,2.1028,2.0925,2.1028,86776.784
2019-11-22 22:56:00,2.0813,2.0975,2.0806,2.0938,34236.9763
2019-11-22 22:55:00,2.0813,2.0845,2.0708,2.0822,24480.4603
2019-11-22 22:54:00,2.0829,2.0875,2.0777,2.0783,41251.6035
2019-11-22 22:53:00,2.0833,2.0909,2.0792,2.0804,34318.5336
2019-11-22 22:52:00,2.0905,2.095,2.0848,2.0871,46390.2474
2019-11-22 22:51:00,2.0676,2.0919,2.0676,2.0919,71934.7059
2019-11-22 22:50:00,2.0599,2.07,2.0542,2.07,21018.3308
2019-11-22 22:49:00,2.0486,2.07,2.0486,2.0598,78919.9714
2019-11-22 22:48:00,2.0447,2.0483,2.0412,2.0415,18510.2066
2019-11-22 22:47:00,2.0365,2.0428,2.0309,2.0418,8970.8497
2019-11-22 22:46:00,2.0312,2.0401,2.0285,2.0363,16389.9179
2019-11-22 22:45:00,2.0289,2.0312,2.0289,2.0312,6517.9909
2019-11-22 22:44:00,2.0311,2.0312,2.0285,2.0288,4816.0044
2019-11-22 22:43:00,2.0301,2.0312,2.0272,2.0293,15173.3812
2019-11-22 22:42:00,2.0318,2.0328,2.03,2.03,11059.1183
2019-11-22 22:41:00,2.0339,2.0343,2.0327,2.0338,3641.3762
2019-11-22 22:40:00,2.0305,2.0368,2.0301,2.0331,11288.7071
2019-11-22 22:39:00,2.0291,2.0307,2.0291,2.0305,5976.9319
2019-11-22 22:38:00,2.022,2.0292,2.022,2.0271,6503.1223
2019-11-22 22:37:00,2.0286,2.0334,2.0214,2.022,26701.9123
2019-11-22 22:36:00,2.034,2.0368,2.0262,2.03,6274.7689
2019-11-22 22:35:00,2.0326,2.0369,2.0326,2.0355,5112.7104
2019-11-22 22:34:00,2.0255,2.038,2.0211,2.0307,36716.2047
2019-11-22 22:33:00,2.0158,2.0305,2.013,2.0255,16756.0579
2019-11-22 22:32:00,2.0076,2.0191,2.0072,2.0131,6175.1577
2019-11-22 22:31:00,2.0141,2.0177,2.0136,2.0136,11841.5757
2019-11-22 22:30:00,2.007,2.0146,1.9974,2.0145,22641.6353
2019-11-22 22:29:00,2.003,2.0071,2,2,17223.4093
2019-11-22 22:28:00,2.0086,2.0158,2,2.0024,20281.8898
2019-11-22 22:27:00,2.03,2.0355,2.0071,2.0071,52582.3259
2019-11-22 22:26:00,2.0327,2.0368,2.0296,2.0296,26678.0559
2019-11-22 22:25:00,2.0305,2.0329,2.0304,2.0322,5085.714
2019-11-22 22:24:00,2.0297,2.0305,2.0288,2.0305,4448.582
2019-11-22 22:23:00,2.0278,2.0302,2.0251,2.0302,3189.2807
2019-11-22 22:22:00,2.0253,2.0312,2.0252,2.0298,39163.8433
2019-11-22 22:21:00,2.0278,2.0339,2.0193,2.0252,66642.3826
2019-11-22 22:20:00,2.03,2.03,2.0194,2.0228,42435.6589
2019-11-22 22:19:00,2.0242,2.035,2.0183,2.0279,12470.7698
2019-11-22 22:18:00,2.0161,2.0261,2.012,2.0242,19733.2303
2019-11-22 22:17:00,1.991,2.024,1.9879,2.0088,72796.8987
2019-11-22 22:16:00,1.9842,2,1.9828,1.9898,25957.4669
2019-11-22 22:15:00,1.9889,1.99,1.974,1.9871,81417.5483
2019-11-22 22:14:00,1.97,1.9936,1.9642,1.98,78901.9618
2019-11-22 22:13:00,1.9226,1.97,1.922,1.97,93724.5847
2019-11-22 22:12:00,1.9287,1.9338,1.9201,1.9291,70629.1549
2019-11-22 22:11:00,1.9178,1.9321,1.9,1.93,247015.7189
2019-11-22 22:10:00,1.95,1.95,1.9156,1.9156,161146.8782
2019-11-22 22:09:00,1.9645,1.9645,1.95,1.95,54830.7461
2019-11-22 22:08:00,1.9753,1.9773,1.9611,1.9657,20180.6727
2019-11-22 22:07:00,1.982,1.9849,1.9741,1.9849,15792.6398
2019-11-22 22:06:00,1.9831,1.9831,1.96,1.9785,70722.77
2019-11-22 22:05:00,1.9843,1.9873,1.9635,1.9786,31886.0346
2019-11-22 22:04:00,2.0093,2.0093,1.9851,1.9877,172382.4061
2019-11-22 22:03:00,2.0159,2.0199,2.0099,2.01,9058.2539
2019-11-22 22:02:00,2.0255,2.0265,2.0101,2.0101,47560.1067
2019-11-22 22:01:00,2.0239,2.0264,2.0224,2.0242,7111.9081
2019-11-22 22:00:00,2.021,2.0264,2.0207,2.0239,33932.369
2019-11-22 21:59:00,2.0154,2.0215,2.0154,2.0215,5862.7992
2019-11-22 21:58:00,2.0192,2.0212,2.0157,2.0184,7996.2905
2019-11-22 21:57:00,2.0136,2.0192,2.0134,2.0171,7528.926
2019-11-22 21:56:00,2.0119,2.0137,2.01,2.0125,1147.793
2019-11-22 21:55:00,2.0177,2.0177,2.0046,2.01,18277.2075
2019-11-22 21:54:00,2.0031,2.0237,2.0021,2.0149,26763.1913
2019-11-22 21:53:00,2.0031,2.0059,2.0021,2.0059,16750.8746
2019-11-22 21:52:00,2.0011,2.0051,2.001,2.0036,11503.3855
2019-11-22 21:51:00,2.003,2.0059,2.001,2.0034,31678.9565
2019-11-22 21:50:00,2.0163,2.0199,2,2,36740.8379
2019-11-22 21:49:00,2.0316,2.0318,2.0105,2.02,35190.5131
2019-11-22 21:48:00,2.0362,2.0362,2.0285,2.0315,37444.3125
2019-11-22 21:47:00,2.0392,2.04,2.0329,2.0396,5317.4905
2019-11-22 21:46:00,2.0457,2.0458,2.0395,2.0396,29447.9459
2019-11-22 21:45:00,2.0469,2.0473,2.0453,2.0456,6907.3666
2019-11-22 21:44:00,2.0475,2.05,2.0445,2.0445,2761.3048
2019-11-22 21:43:00,2.0427,2.05,2.0427,2.0467,14605.5958
2019-11-22 21:42:00,2.019,2.0428,2.019,2.0414,38555.4174
2019-11-22 21:41:00,2.014,2.0193,2.0127,2.019,50280.6444
2019-11-22 21:40:00,2.0399,2.0462,2.0008,2.0151,111441.0951
2019-11-22 21:39:00,2.0799,2.0799,2.0373,2.0399,131886.245
2019-11-22 21:38:00,2.0891,2.0891,2.08,2.08,6923.9203
2019-11-22 21:37:00,2.0978,2.0998,2.0866,2.0892,77979.3665
2019-11-22 21:36:00,2.0997,2.101,2.0966,2.0966,14846.0571
2019-11-22 21:35:00,2.1047,2.1073,2.1,2.1,13879.3705
2019-11-22 21:34:00,2.1031,2.108,2.1024,2.1024,13718.7313
2019-11-22 21:33:00,2.1017,2.1048,2.1003,2.1048,5026.0964
2019-11-22 21:32:00,2.1028,2.1032,2.0998,2.102,15710.6722
2019-11-22 21:31:00,2.1058,2.1111,2.1053,2.107,624.8583
2019-11-22 21:30:00,2.1109,2.1111,2.1059,2.106,11413.8142
2019-11-22 21:29:00,2.1129,2.113,2.1085,2.1116,13903.0642
2019-11-22 21:28:00,2.106,2.113,2.0999,2.1125,92006.0119
2019-11-22 21:27:00,2.1109,2.1112,2.1043,2.1043,13319.1555
2019-11-22 21:26:00,2.1087,2.1097,2.1062,2.1097,21110.0973
2019-11-22 21:25:00,2.1121,2.1121,2.1092,2.1099,10289.1861
2019-11-22 21:24:00,2.1109,2.1126,2.1109,2.1121,6798.2426
2019-11-22 21:23:00,2.1125,2.1127,2.1097,2.1101,8156.2669
2019-11-22 21:22:00,2.1122,2.1131,2.112,2.1125,751.466
2019-11-22 21:21:00,2.1092,2.112,2.1092,2.111,12231.8835
2019-11-22 21:20:00,2.1075,2.11,2.1075,2.1092,1954.6404
2019-11-22 21:19:00,2.1096,2.11,2.1032,2.1073,20414.4404
2019-11-22 21:18:00,2.1064,2.1099,2.101,2.1099,19058.3494
2019-11-22 21:17:00,2.1076,2.1095,2.1014,2.1052,13537.4304
2019-11-22 21:16:00,2.1113,2.1139,2.1083,2.1109,14060.6276
2019-11-22 21:15:00,2.1128,2.1137,2.1113,2.1133,4916.5471
2019-11-22 21:14:00,2.1114,2.1133,2.1112,2.1128,3039.1511
2019-11-22 21:13:00,2.1134,2.115,2.1114,2.113,10642.7798
2019-11-22 21:12:00,2.1134,2.1158,2.1119,2.1133,3879.5331
2019-11-22 21:11:00,2.1149,2.1149,2.112,2.1131,1580.3248
2019-11-22 21:10:00,2.1188,2.1188,2.1172,2.1172,12322.8499
2019-11-22 21:09:00,2.117,2.1185,2.1164,2.1172,1930.9298
2019-11-22 21:08:00,2.1127,2.12,2.1116,2.116,17581.5615
2019-11-22 21:07:00,2.1099,2.1114,2.1098,2.1109,5281.1182
2019-11-22 21:06:00,2.1104,2.1136,2.1052,2.1117,48474.479
2019-11-22 21:05:00,2.106,2.1105,2.101,2.1076,5622.5424
2019-11-22 21:04:00,2.1099,2.1128,2.1042,2.1059,15805.6956
2019-11-22 21:03:00,2.1117,2.1134,2.11,2.1107,10181.7967
2019-11-22 21:02:00,2.1156,2.1156,2.11,2.1135,12106.0594
2019-11-22 21:01:00,2.1203,2.1224,2.1102,2.1118,16585.4215
2019-11-22 21:00:00,2.1241,2.1241,2.12,2.1208,3753.3234
2019-11-22 20:59:00,2.1243,2.125,2.1221,2.1244,21868.9331
2019-11-22 20:58:00,2.1222,2.1249,2.1217,2.1243,5234.1879
2019-11-22 20:57:00,2.1211,2.1235,2.1179,2.1235,5758.3875
2019-11-22 20:56:00,2.1221,2.1235,2.1211,2.1213,35786.2523
2019-11-22 20:55:00,2.1202,2.1245,2.1202,2.1229,10427.9186
2019-11-22 20:54:00,2.12,2.1225,2.1178,2.12,8755.7842
2019-11-22 20:53:00,2.1186,2.1203,2.1142,2.1192,5280.4559
2019-11-22 20:52:00,2.1189,2.12,2.114,2.12,20202.7067
2019-11-22 20:51:00,2.1155,2.1191,2.1135,2.1191,3917.0181
2019-11-22 20:50:00,2.1111,2.1183,2.1075,2.1183,13621.1516
2019-11-22 20:49:00,2.119,2.119,2.108,2.1095,17514.0532
2019-11-22 20:48:00,2.1117,2.1194,2.1117,2.1162,5315.6777
2019-11-22 20:47:00,2.1104,2.1187,2.1104,2.115,16247.1032
2019-11-22 20:46:00,2.1101,2.1174,2.1037,2.1114,14416.829
2019-11-22 20:45:00,2.1116,2.1141,2.1061,2.113,20105.7776
2019-11-22 20:44:00,2.1228,2.1228,2.1039,2.1057,35375.432
2019-11-22 20:43:00,2.1101,2.1229,2.1101,2.1187,50347.6815
2019-11-22 20:42:00,2.103,2.111,2.1002,2.1082,15956.8368
2019-11-22 20:41:00,2.1069,2.1069,2.1,2.1,3198.8553
2019-11-22 20:40:00,2.0984,2.1056,2.0984,2.1054,7599.9785
2019-11-22 20:39:00,2.0989,2.1061,2.0988,2.0988,33865.4885
2019-11-22 20:38:00,2.1186,2.1295,2.0952,2.0958,169388.3382
2019-11-22 20:37:00,2.1395,2.1395,2.0999,2.1242,74035.6429
2019-11-22 20:36:00,2.1377,2.1397,2.1353,2.1397,15179.9344
2019-11-22 20:35:00,2.1379,2.138,2.1301,2.1355,10440.1745
2019-11-22 20:34:00,2.1395,2.1395,2.138,2.138,9548.1119
2019-11-22 20:33:00,2.1389,2.1396,2.1384,2.1395,6575.2806
2019-11-22 20:32:00,2.1385,2.1385,2.1377,2.1379,1545.8067
2019-11-22 20:31:00,2.1391,2.1392,2.1377,2.1384,10438.8168
2019-11-22 20:30:00,2.1429,2.1429,2.1391,2.1391,5769.7952
2019-11-22 20:29:00,2.1436,2.1436,2.1425,2.1425,129.095
2019-11-22 20:28:00,2.1425,2.1435,2.1425,2.143,861.3132
2019-11-22 20:27:00,2.1417,2.1443,2.1417,2.1443,7656.3
2019-11-22 20:26:00,2.1396,2.1438,2.1396,2.1414,9090.7813
2019-11-22 20:25:00,2.1416,2.1471,2.1392,2.1396,8382.5743
2019-11-22 20:24:00,2.143,2.1471,2.1408,2.1434,1605.8822
2019-11-22 20:23:00,2.147,2.1494,2.1428,2.1428,8075.1981
2019-11-22 20:22:00,2.1503,2.1503,2.1442,2.147,10923.6935
2019-11-22 20:21:00,2.1511,2.1511,2.15,2.1504,8220.0817
2019-11-22 20:20:00,2.1507,2.1517,2.15,2.1506,3409.5444
2019-11-22 20:19:00,2.1503,2.1522,2.15,2.1505,13343.2403
2019-11-22 20:18:00,2.1528,2.1528,2.1521,2.1521,4121.7325
2019-11-22 20:17:00,2.1529,2.1529,2.1528,2.1528,3677.0496
2019-11-22 20:16:00,2.161,2.161,2.1539,2.1539,8403.9297
2019-11-22 20:15:00,2.1615,2.1651,2.1593,2.16,2830.1919
2019-11-22 20:14:00,2.164,2.1666,2.1585,2.1617,8776.0456
2019-11-22 20:13:00,2.1588,2.1604,2.1578,2.1604,4298.3815
2019-11-22 20:12:00,2.1583,2.1599,2.1578,2.1599,10333.2488
2019-11-22 20:11:00,2.159,2.1602,2.1586,2.1602,608.5401
2019-11-22 20:10:00,2.1601,2.1603,2.1582,2.1582,3394.5239
2019-11-22 20:09:00,2.1641,2.1641,2.1603,2.1603,11738.651
2019-11-22 20:08:00,2.1704,2.1714,2.1611,2.1611,5154.7554
2019-11-22 20:07:00,2.171,2.171,2.1676,2.1676,1914.974
2019-11-22 20:06:00,2.1723,2.1731,2.1706,2.1706,2847.7761
2019-11-22 20:05:00,2.1741,2.1772,2.1716,2.1723,5262.3443
2019-11-22 20:04:00,2.1662,2.1777,2.1662,2.1736,6266.7957
2019-11-22 20:03:00,2.1671,2.1673,2.1651,2.1673,6137.0092
2019-11-22 20:02:00,2.1659,2.1671,2.1657,2.1661,12851.1885
2019-11-22 20:01:00,2.1669,2.1669,2.1655,2.1667,5085.6894
2019-11-22 20:00:00,2.1653,2.1669,2.1631,2.1669,12995.8662
2019-11-22 19:59:00,2.1643,2.1655,2.1641,2.1655,4205.0865
2019-11-22 19:58:00,2.1653,2.1665,2.1635,2.166,11107.3635
2019-11-22 19:57:00,2.1651,2.1676,2.1632,2.1651,4344.7159
2019-11-22 19:56:00,2.1633,2.1698,2.1633,2.1654,16743.922
2019-11-22 19:55:00,2.1679,2.1679,2.1645,2.1662,1131.7586
2019-11-22 19:54:00,2.169,2.17,2.1679,2.1689,12554.7998
2019-11-22 19:53:00,2.1681,2.1699,2.1679,2.169,5048.8433
2019-11-22 19:52:00,2.1632,2.1674,2.1632,2.1674,1551.36
2019-11-22 19:51:00,2.1618,2.1641,2.16,2.1639,18865.3858
2019-11-22 19:50:00,2.1591,2.1626,2.1583,2.1616,1663.9426
2019-11-22 19:49:00,2.1633,2.1652,2.1578,2.1591,21392.8103
2019-11-22 19:48:00,2.1645,2.1647,2.1617,2.1617,1390.9018
2019-11-22 19:47:00,2.1682,2.1682,2.1621,2.165,3041.006
2019-11-22 19:46:00,2.1705,2.1705,2.1602,2.1602,35063.6853
2019-11-22 19:45:00,2.1744,2.1769,2.1705,2.1705,37733.6714
2019-11-22 19:44:00,2.1851,2.1851,2.1745,2.1779,28280.5145
2019-11-22 19:43:00,2.1872,2.1872,2.184,2.1851,1356.0327
2019-11-22 19:42:00,2.1877,2.1887,2.1864,2.1868,3887.1763
2019-11-22 19:41:00,2.1839,2.1874,2.1839,2.1856,1948.4777
2019-11-22 19:40:00,2.1871,2.1894,2.1852,2.1859,9886.6972
2019-11-22 19:39:00,2.1876,2.19,2.1869,2.1877,9908.4641
2019-11-22 19:38:00,2.1864,2.1899,2.1862,2.1869,11243.6865
2019-11-22 19:37:00,2.1863,2.1899,2.1848,2.1862,3810.1347
2019-11-22 19:36:00,2.1888,2.1888,2.1855,2.1855,5582.4062
2019-11-22 19:35:00,2.1853,2.1888,2.1838,2.1869,3734.0037
2019-11-22 19:34:00,2.1895,2.1899,2.183,2.1853,11714.567
2019-11-22 19:33:00,2.1878,2.1892,2.1859,2.1892,2176.3463
2019-11-22 19:32:00,2.1896,2.1899,2.186,2.188,6932.1035
2019-11-22 19:31:00,2.1845,2.1892,2.1831,2.1892,8088.3978
2019-11-22 19:30:00,2.1873,2.1896,2.1816,2.1896,66991.6927
2019-11-22 19:29:00,2.177,2.1891,2.1736,2.1863,51489.816
2019-11-22 19:28:00,2.1788,2.18,2.1765,2.1787,14615.6245
2019-11-22 19:27:00,2.1798,2.1821,2.176,2.1794,8939.652
2019-11-22 19:26:00,2.1982,2.1988,2.179,2.1813,14472.414
2019-11-22 19:25:00,2.197,2.2,2.19,2.1982,41979.1868
2019-11-22 19:24:00,2.1911,2.1975,2.1911,2.1975,12799.9157
2019-11-22 19:23:00,2.1904,2.1913,2.1904,2.1911,4669.2592
2019-11-22 19:22:00,2.1903,2.1907,2.19,2.1907,6415.4078
2019-11-22 19:21:00,2.1886,2.1907,2.183,2.19,11286.4811
2019-11-22 19:20:00,2.1841,2.19,2.1821,2.1892,26419.7764
2019-11-22 19:19:00,2.1721,2.1849,2.1623,2.1833,45986.8137
2019-11-22 19:18:00,2.164,2.1721,2.1609,2.1721,20026.7452
2019-11-22 19:17:00,2.1681,2.1721,2.164,2.1663,19939.7956
2019-11-22 19:16:00,2.1659,2.175,2.1567,2.171,38563.0677
2019-11-22 19:15:00,2.1567,2.1697,2.1566,2.1568,11145.0738
2019-11-22 19:14:00,2.158,2.1583,2.1548,2.1565,9652.7563
2019-11-22 19:13:00,2.1584,2.1584,2.1567,2.1567,7602.6866
2019-11-22 19:12:00,2.155,2.1598,2.1542,2.1565,8934.9392
2019-11-22 19:11:00,2.1677,2.1677,2.15,2.1574,12589.4714
2019-11-22 19:10:00,2.141,2.1699,2.141,2.1669,29082.9602
2019-11-22 19:09:00,2.1431,2.1436,2.1411,2.1432,5480.8398
2019-11-22 19:08:00,2.1402,2.1458,2.1402,2.1458,20293.631
2019-11-22 19:07:00,2.137,2.1451,2.137,2.1402,6418.2612
2019-11-22 19:06:00,2.1358,2.1403,2.1301,2.1403,6479.7284
2019-11-22 19:05:00,2.1398,2.1494,2.1398,2.14,14289.1829
2019-11-22 19:04:00,2.15,2.1535,2.1357,2.1398,53130.3212
2019-11-22 19:03:00,2.1475,2.1551,2.1451,2.1549,25953.3111
2019-11-22 19:02:00,2.1352,2.1498,2.1331,2.1488,32668.8336
2019-11-22 19:01:00,2.1245,2.1372,2.1245,2.1362,66162.4715
2019-11-22 19:00:00,2.12,2.1288,2.12,2.1271,21211.7648
2019-11-22 18:59:00,2.1171,2.1225,2.117,2.12,34601.5528
2019-11-22 18:58:00,2.1057,2.1166,2.1057,2.1087,62140.7429
2019-11-22 18:57:00,2.1,2.1094,2.0954,2.1038,17713.688
2019-11-22 18:56:00,2.0967,2.1,2.0761,2.1,77367.3812
2019-11-22 18:55:00,2.1214,2.1225,2.09,2.0967,197563.2588
2019-11-22 18:54:00,2.1215,2.1251,2.1183,2.1222,37584.6525
2019-11-22 18:53:00,2.123,2.1293,2.1192,2.1251,20730.5933
2019-11-22 18:52:00,2.1353,2.1354,2.1192,2.1263,14904.655
2019-11-22 18:51:00,2.1294,2.1355,2.1215,2.1355,28614.4738
2019-11-22 18:50:00,2.1386,2.1386,2.1232,2.1244,28577.6308
2019-11-22 18:49:00,2.1551,2.1585,2.1001,2.1348,77869.8312
2019-11-22 18:48:00,2.1485,2.1565,2.145,2.1519,110811.9572
2019-11-22 18:47:00,2.1432,2.15,2.1358,2.15,9385.6831
2019-11-22 18:46:00,2.1357,2.15,2.1061,2.1432,65948.5517
2019-11-22 18:45:00,2.1271,2.1326,2.12,2.123,28797.0544
2019-11-22 18:44:00,2.1347,2.146,2.1204,2.1271,15038.2516
2019-11-22 18:43:00,2.1534,2.1615,2.1347,2.1347,21067.8149
2019-11-22 18:42:00,2.1607,2.1899,2.1532,2.1616,114422.1894
2019-11-22 18:41:00,2.1888,2.1899,2.1607,2.1607,3284.1225
2019-11-22 18:40:00,2.1899,2.1899,2.1899,2.1899,0
2019-11-22 18:39:00,2.1899,2.1899,2.1899,2.1899,0
2019-11-22 18:38:00,2.1899,2.1899,2.1899,2.1899,0
2019-11-22 18:37:00,2.1899,2.1899,2.1899,2.1899,0
2019-11-22 18:36:00,2.18,2.1899,2.18,2.1899,76.9275
2019-11-22 18:35:00,2.19,2.1999,2.1532,2.18,7287.7939
2019-11-22 18:34:00,2.19,2.2037,2.1532,2.19,25617.2334
2019-11-22 18:33:00,2.1558,2.2,2.152,2.1587,19346.8957
2019-11-22 18:32:00,2.1511,2.1511,2.1511,2.1511,0
2019-11-22 18:31:00,2.1511,2.1511,2.1511,2.1511,0
2019-11-22 18:30:00,2.1511,2.1511,2.1511,2.1511,0
2019-11-22 18:29:00,2.1511,2.1511,2.1511,2.1511,0
2019-11-22 18:28:00,2.1511,2.1511,2.1511,2.1511,0
2019-11-22 18:27:00,2.1511,2.1511,2.1511,2.1511,0
2019-11-22 18:26:00,2.1674,2.1674,2.1511,2.1511,816.8931
2019-11-22 18:25:00,2.19,2.19,2.1751,2.1751,3810.7504
2019-11-22 18:24:00,2.15,2.19,2.15,2.19,4437.7861
2019-11-22 18:23:00,2.15,2.15,2.1392,2.15,6617.5569
2019-11-22 18:22:00,2.15,2.15,2.1422,2.15,6228.6939
2019-11-22 18:21:00,2.1957,2.1957,2.1481,2.1481,41007.506
2019-11-22 18:20:00,2.19,2.19,2.19,2.19,136.3595
2019-11-22 18:19:00,2.19,2.1957,2.1892,2.19,2913.8332
2019-11-22 18:18:00,2.19,2.19,2.19,2.19,0
2019-11-22 18:17:00,2.2,2.2,2.19,2.19,1340.304
2019-11-22 18:16:00,2.217,2.217,2.1958,2.1958,1170.4348
2019-11-22 18:15:00,2.217,2.217,2.217,2.217,1754.4064
2019-11-22 18:14:00,2.2168,2.2172,2.2168,2.2172,75.1018
2019-11-22 18:13:00,2.2168,2.2168,2.2037,2.2037,17.1766
2019-11-22 18:12:00,2.2012,2.2199,2.1958,2.2199,5501.0005
2019-11-22 18:11:00,2.2122,2.22,2.2011,2.22,12473.7608
2019-11-22 18:10:00,2.21,2.2285,2.2074,2.21,51265.2512
2019-11-22 18:09:00,2.2177,2.2221,2.1,2.2015,323529.3558
2019-11-22 18:08:00,2.2167,2.2209,2.21,2.2177,16768.9463
2019-11-22 18:07:00,2.2092,2.2178,2.2055,2.2177,25040.4859
2019-11-22 18:06:00,2.23,2.2326,2.2072,2.2092,28718.353
2019-11-22 18:05:00,2.219,2.2306,2.2,2.23,111399.3023
2019-11-22 18:04:00,2.24,2.253,2.21,2.219,114150.3768
2019-11-22 18:03:00,2.268,2.268,2.24,2.24,55608.8312
2019-11-22 18:02:00,2.27,2.275,2.265,2.266,7105.7227
2019-11-22 18:01:00,2.2864,2.2864,2.2686,2.2693,28497.8388
2019-11-22 18:00:00,2.2859,2.2887,2.2835,2.2835,5988.7601
2019-11-22 17:59:00,2.2799,2.289,2.2772,2.2858,17211.7915
2019-11-22 17:58:00,2.278,2.28,2.2779,2.2798,7998.0194
2019-11-22 17:57:00,2.274,2.2776,2.274,2.2776,5693.3171
2019-11-22 17:56:00,2.27,2.2766,2.27,2.2734,380.3209
2019-11-22 17:55:00,2.2786,2.2786,2.27,2.27,5036.5603
2019-11-22 17:54:00,2.2798,2.2798,2.27,2.27,6442.8825
2019-11-22 17:53:00,2.2805,2.2834,2.2759,2.2794,3543.971
2019-11-22 17:52:00,2.2801,2.2835,2.2758,2.2758,23630.3663
2019-11-22 17:51:00,2.2788,2.2809,2.2767,2.2767,3030.0403
2019-11-22 17:50:00,2.2781,2.2799,2.2582,2.2758,19382.9434
2019-11-22 17:49:00,2.278,2.2806,2.2752,2.2806,17120.603
2019-11-22 17:48:00,2.2792,2.2839,2.2707,2.2707,43067.6645
2019-11-22 17:47:00,2.281,2.2847,2.2713,2.2791,17194.2389
2019-11-22 17:46:00,2.2927,2.2963,2.2735,2.2784,87971.1208
2019-11-22 17:45:00,2.298,2.2999,2.2925,2.2925,16827.603
2019-11-22 17:44:00,2.3034,2.3034,2.2981,2.2981,6350.4753
2019-11-22 17:43:00,2.3049,2.3098,2.3,2.3,131147.8116
2019-11-22 17:42:00,2.3041,2.3122,2.2971,2.3122,4272.6612
2019-11-22 17:41:00,2.2971,2.307,2.2941,2.3067,48871.3801
2019-11-22 17:40:00,2.3,2.3071,2.29,2.2977,38301.1608
2019-11-22 17:39:00,2.3122,2.3122,2.3,2.3,118423.3936
2019-11-22 17:38:00,2.3106,2.3118,2.308,2.3101,2020.0746
2019-11-22 17:37:00,2.3104,2.3123,2.3079,2.3096,9362.3697
2019-11-22 17:36:00,2.3122,2.3158,2.3077,2.3104,42934.731
2019-11-22 17:35:00,2.311,2.3155,2.311,2.3112,7736.7088
2019-11-22 17:34:00,2.3175,2.3187,2.3067,2.3097,44346.987
2019-11-22 17:33:00,2.3303,2.3333,2.3152,2.3152,98765.7401
2019-11-22 17:32:00,2.3331,2.3366,2.3301,2.3301,19578.479
2019-11-22 17:31:00,2.3325,2.3349,2.3305,2.3344,4587.4967
2019-11-22 17:30:00,2.3272,2.3312,2.3272,2.3312,21204.9384
2019-11-22 17:29:00,2.3212,2.3292,2.32,2.3269,10819.4623
2019-11-22 17:28:00,2.3255,2.3264,2.3208,2.3251,3643.2929
2019-11-22 17:27:00,2.3267,2.3311,2.3255,2.3269,7268.7596
2019-11-22 17:26:00,2.3254,2.3309,2.3254,2.3278,23839.0604
2019-11-22 17:25:00,2.3202,2.3296,2.32,2.3273,14495.3207
2019-11-22 17:24:00,2.3233,2.3258,2.32,2.3212,4625.7139
2019-11-22 17:23:00,2.33,2.33,2.3203,2.3213,27676.4774
2019-11-22 17:22:00,2.3266,2.3311,2.318,2.3295,44490.5085
2019-11-22 17:21:00,2.333,2.334,2.3266,2.3266,7348.5318
2019-11-22 17:20:00,2.3337,2.3366,2.3331,2.3362,12850.3212
2019-11-22 17:19:00,2.3257,2.3365,2.3228,2.3313,28733.667
2019-11-22 17:18:00,2.3371,2.3381,2.3257,2.3257,33322.4765
2019-11-22 17:17:00,2.3424,2.3442,2.333,2.34,16110.718
2019-11-22 17:16:00,2.3476,2.3476,2.3405,2.3424,3340.4449
2019-11-22 17:15:00,2.3572,2.3572,2.3469,2.3476,31861.2172
2019-11-22 17:14:00,2.349,2.3514,2.3463,2.3514,10060.4509
2019-11-22 17:13:00,2.3545,2.3545,2.3451,2.3475,596.4171
2019-11-22 17:12:00,2.3399,2.3613,2.3397,2.3502,24818.9717
2019-11-22 17:11:00,2.3489,2.35,2.3398,2.3398,14138.9044
2019-11-22 17:10:00,2.3501,2.3548,2.3429,2.3501,19536.048
2019-11-22 17:09:00,2.3633,2.3633,2.3501,2.3501,14778.0479
2019-11-22 17:08:00,2.3665,2.3702,2.3558,2.3558,10004.8292
2019-11-22 17:07:00,2.3578,2.3776,2.3545,2.3696,18750.9263
2019-11-22 17:06:00,2.3553,2.3576,2.3501,2.3576,20795.2165
2019-11-22 17:05:00,2.3573,2.3622,2.3559,2.3559,15270.3018
2019-11-22 17:04:00,2.3607,2.3644,2.3539,2.3593,19689.8157
2019-11-22 17:03:00,2.3584,2.3637,2.356,2.36,15655.0456
2019-11-22 17:02:00,2.3668,2.369,2.3575,2.3584,34368.7944
2019-11-22 17:01:00,2.3706,2.3706,2.3643,2.3684,18146.5171
2019-11-22 17:00:00,2.3728,2.374,2.37,2.3719,3127.4642
2019-11-22 16:59:00,2.3777,2.3785,2.3729,2.3738,4097.8794
2019-11-22 16:58:00,2.3803,2.3811,2.3745,2.3745,34778.6709
2019-11-22 16:57:00,2.3727,2.382,2.3714,2.374,17075.9524
2019-11-22 16:56:00,2.3861,2.3861,2.3726,2.3769,3957.7224
2019-11-22 16:55:00,2.379,2.3874,2.3726,2.3795,8239.6941
2019-11-22 16:54:00,2.3838,2.3838,2.3773,2.3799,10809.4177
2019-11-22 16:53:00,2.393,2.3952,2.3833,2.3863,26408.5117
2019-11-22 16:52:00,2.3928,2.395,2.3911,2.3942,3454.8224
2019-11-22 16:51:00,2.3973,2.3973,2.3932,2.3932,3545.7473
2019-11-22 16:50:00,2.3978,2.3978,2.3958,2.3959,2286.4562
2019-11-22 16:49:00,2.3978,2.3997,2.3967,2.3978,2717.3482
2019-11-22 16:48:00,2.3969,2.3992,2.3959,2.3976,1471.7677
2019-11-22 16:47:00,2.3963,2.3991,2.3963,2.3977,4581.073
2019-11-22 16:46:00,2.3942,2.3997,2.3929,2.3977,5692.4735
2019-11-22 16:45:00,2.3938,2.3938,2.3907,2.3923,8548.4296
2019-11-22 16:44:00,2.3926,2.3934,2.3923,2.3925,4731.3209
2019-11-22 16:43:00,2.392,2.3927,2.3913,2.3927,5855.9698
2019-11-22 16:42:00,2.3919,2.3922,2.3901,2.3922,3262.8883
2019-11-22 16:41:00,2.389,2.3937,2.3888,2.3937,10784.6938
2019-11-22 16:40:00,2.3919,2.3925,2.3897,2.3905,5384.981
2019-11-22 16:39:00,2.3941,2.3941,2.3913,2.3929,5059.8391
2019-11-22 16:38:00,2.3904,2.3933,2.3904,2.3933,2397.8799
2019-11-22 16:37:00,2.3953,2.3961,2.3914,2.3914,9338.7595
2019-11-22 16:36:00,2.3967,2.399,2.3919,2.3936,1491.6851
2019-11-22 16:35:00,2.3917,2.4019,2.3917,2.4019,11999.9006
2019-11-22 16:34:00,2.3906,2.3926,2.3896,2.3917,2758.9212
2019-11-22 16:33:00,2.3909,2.391,2.3895,2.3906,319.1296
2019-11-22 16:32:00,2.3894,2.3909,2.3881,2.3909,9453.4319
2019-11-22 16:31:00,2.386,2.388,2.386,2.388,867.905
2019-11-22 16:30:00,2.3857,2.3883,2.3856,2.3877,2828.3342
2019-11-22 16:29:00,2.3834,2.3861,2.3834,2.3858,5844.8634
2019-11-22 16:28:00,2.3845,2.3845,2.3832,2.3832,1494.5802
2019-11-22 16:27:00,2.3839,2.385,2.3834,2.384,1266.48
2019-11-22 16:26:00,2.3883,2.3889,2.3837,2.3841,3925.8491
2019-11-22 16:25:00,2.3838,2.391,2.3821,2.3878,9769.2825
2019-11-22 16:24:00,2.3828,2.3843,2.3826,2.3826,14203.4593
2019-11-22 16:23:00,2.3837,2.387,2.3828,2.3839,20857.3837
2019-11-22 16:22:00,2.3957,2.3965,2.38,2.3873,20100.5657
2019-11-22 16:21:00,2.3963,2.3988,2.3962,2.3976,1006.1112
2019-11-22 16:20:00,2.3996,2.3996,2.3947,2.3972,1741.9902
2019-11-22 16:19:00,2.3972,2.3993,2.3939,2.3976,11824.9201
2019-11-22 16:18:00,2.4022,2.4029,2.3986,2.3991,11471.6077
2019-11-22 16:17:00,2.4057,2.4057,2.4005,2.4005,7456.9506
2019-11-22 16:16:00,2.4064,2.4076,2.4045,2.4076,7239.5572
2019-11-22 16:15:00,2.4047,2.407,2.4032,2.4059,4545.821
2019-11-22 16:14:00,2.4046,2.4095,2.4027,2.4049,14842.0895
2019-11-22 16:13:00,2.4059,2.4146,2.4023,2.4023,6174.4838
2019-11-22 16:12:00,2.4036,2.4094,2.4025,2.4059,24803.4017
2019-11-22 16:11:00,2.4031,2.4062,2.4002,2.4062,5350.8954
2019-11-22 16:10:00,2.4089,2.4089,2.4,2.4026,20700.4843
2019-11-22 16:09:00,2.4091,2.4091,2.4047,2.4047,16040.8324
2019-11-22 16:08:00,2.4093,2.4106,2.4086,2.4086,2141.1758
2019-11-22 16:07:00,2.4193,2.4202,2.4057,2.407,23195.7074
2019-11-22 16:06:00,2.4468,2.4481,2.4198,2.4198,42299.6945
2019-11-22 16:05:00,2.4292,2.4481,2.424,2.4481,52469.9413
2019-11-22 16:04:00,2.4293,2.4313,2.4259,2.4291,27663.1006
2019-11-22 16:03:00,2.4192,2.4293,2.4192,2.4288,20596.8542
2019-11-22 16:02:00,2.4138,2.4234,2.4115,2.4153,18046.8179
2019-11-22 16:01:00,2.4144,2.4144,2.412,2.4126,5701.3517
2019-11-22 16:00:00,2.4094,2.4134,2.4089,2.4134,3277.7359
2019-11-22 15:59:00,2.4085,2.4107,2.4085,2.4094,797.7179
2019-11-22 15:58:00,2.4238,2.4238,2.4084,2.4108,10202.4452
2019-11-22 15:57:00,2.4268,2.4289,2.4228,2.425,6498.6476
2019-11-22 15:56:00,2.4288,2.4291,2.4251,2.4291,9784.1066
2019-11-22 15:55:00,2.4289,2.4291,2.4239,2.4239,12276.3058
2019-11-22 15:54:00,2.4182,2.4291,2.4176,2.4291,6210.1244
2019-11-22 15:53:00,2.4245,2.4288,2.4209,2.4209,6171.293
2019-11-22 15:52:00,2.42,2.4224,2.42,2.4223,8474.2805
2019-11-22 15:51:00,2.42,2.42,2.42,2.42,901.0076
2019-11-22 15:50:00,2.416,2.4201,2.4145,2.4201,8398.3597
2019-11-22 15:49:00,2.4131,2.4147,2.413,2.4147,3943.3501
2019-11-22 15:48:00,2.4155,2.4166,2.4125,2.4135,2109.4475
2019-11-22 15:47:00,2.4164,2.4174,2.4146,2.4174,3627.4935
2019-11-22 15:46:00,2.4159,2.4204,2.4152,2.4175,3437.2598
2019-11-22 15:45:00,2.4095,2.4288,2.4075,2.4224,30314.4768
2019-11-22 15:44:00,2.4034,2.4089,2.4034,2.4076,4581.1123
2019-11-22 15:43:00,2.4039,2.4047,2.4024,2.404,8523.6174
2019-11-22 15:42:00,2.4015,2.4023,2.3987,2.4021,5489.1549
2019-11-22 15:41:00,2.4025,2.4025,2.4007,2.4015,4577.3102
2019-11-22 15:40:00,2.4033,2.4042,2.4014,2.4034,2054.1448
2019-11-22 15:39:00,2.4024,2.4053,2.4019,2.4027,2172.4744
2019-11-22 15:38:00,2.4035,2.4063,2.4022,2.4048,4105.2792
2019-11-22 15:37:00,2.3938,2.4032,2.3938,2.4011,4718.4798
2019-11-22 15:36:00,2.3938,2.3939,2.3912,2.3924,8211.3305
2019-11-22 15:35:00,2.398,2.398,2.3947,2.3947,5354.0874
2019-11-22 15:34:00,2.4019,2.4019,2.398,2.398,10855.8452
2019-11-22 15:33:00,2.3997,2.4034,2.3994,2.4034,6744.2848
2019-11-22 15:32:00,2.4005,2.404,2.4,2.404,1107.0174
2019-11-22 15:31:00,2.4074,2.4074,2.4005,2.4027,16062.4576
2019-11-22 15:30:00,2.4064,2.4098,2.4036,2.4093,5002.9766
2019-11-22 15:29:00,2.4147,2.4147,2.4075,2.408,4779.1642
2019-11-22 15:28:00,2.3965,2.4258,2.3965,2.4097,21194.8272
2019-11-22 15:27:00,2.3835,2.41,2.3835,2.3948,67372.8531
2019-11-22 15:26:00,2.3713,2.383,2.3713,2.383,4066.5077
2019-11-22 15:25:00,2.3676,2.3771,2.3676,2.3746,8324.833
2019-11-22 15:24:00,2.3723,2.3723,2.3682,2.3687,4723.1879
2019-11-22 15:23:00,2.3723,2.373,2.3716,2.3723,8819.0176
2019-11-22 15:22:00,2.3753,2.376,2.3731,2.3737,12620.0628
2019-11-22 15:21:00,2.3741,2.3768,2.374,2.3753,6984.6266
2019-11-22 15:20:00,2.3742,2.3759,2.3742,2.3756,6183.669
2019-11-22 15:19:00,2.3741,2.3753,2.374,2.3742,2473.1905
2019-11-22 15:18:00,2.376,2.3779,2.374,2.375,6471.4527
2019-11-22 15:17:00,2.3772,2.3774,2.376,2.376,4941.5396
2019-11-22 15:16:00,2.3726,2.3765,2.3724,2.3765,1533.1803
2019-11-22 15:15:00,2.3773,2.3773,2.3674,2.3735,18623.1044
2019-11-22 15:14:00,2.3782,2.3782,2.3771,2.3771,2562.3619
2019-11-22 15:13:00,2.3781,2.3789,2.377,2.3782,2536.3368
2019-11-22 15:12:00,2.382,2.383,2.3779,2.3779,3380.1244
2019-11-22 15:11:00,2.3823,2.384,2.381,2.3831,13760.6502
2019-11-22 15:10:00,2.387,2.387,2.3811,2.3826,18768.1722
2019-11-22 15:09:00,2.3836,2.3896,2.3729,2.3869,10858.9966
2019-11-22 15:08:00,2.3766,2.3821,2.3758,2.3819,23903.8945
2019-11-22 15:07:00,2.3605,2.3756,2.3605,2.3754,9393.7924
2019-11-22 15:06:00,2.3547,2.363,2.3542,2.3605,24091.4125
2019-11-22 15:05:00,2.3511,2.3598,2.35,2.3528,38143.9773
2019-11-22 15:04:00,2.3401,2.3525,2.3401,2.3474,14237.7255
2019-11-22 15:03:00,2.3426,2.3428,2.3401,2.342,12643.9362
2019-11-22 15:02:00,2.3416,2.3462,2.341,2.3439,12615.8542
2019-11-22 15:01:00,2.3437,2.3464,2.341,2.341,12748.0239
2019-11-22 15:00:00,2.3447,2.345,2.343,2.3437,4353.1983
2019-11-22 14:59:00,2.347,2.347,2.3436,2.3449,4651.9153
2019-11-22 14:58:00,2.3451,2.3494,2.3451,2.3472,5690.7785
2019-11-22 14:57:00,2.3523,2.3553,2.3421,2.3464,24083.1589
2019-11-22 14:56:00,2.3501,2.3551,2.343,2.3523,33159.9051
2019-11-22 14:55:00,2.3531,2.356,2.35,2.356,21419.1138
2019-11-22 14:54:00,2.3589,2.3589,2.35,2.35,28943.1175
2019-11-22 14:53:00,2.3574,2.3604,2.35,2.359,10438.7409
2019-11-22 14:52:00,2.3627,2.3637,2.3516,2.359,8934.2107
2019-11-22 14:51:00,2.3658,2.3686,2.3575,2.3643,25669.9401
2019-11-22 14:50:00,2.3701,2.3742,2.3605,2.3658,15729.1944
2019-11-22 14:49:00,2.3724,2.375,2.37,2.3721,10406.0808
2019-11-22 14:48:00,2.3786,2.379,2.3728,2.374,11573.6621
2019-11-22 14:47:00,2.3762,2.3794,2.3762,2.379,4417.4151
2019-11-22 14:46:00,2.3841,2.3841,2.3705,2.3773,30212.5188
2019-11-22 14:45:00,2.3924,2.3924,2.3883,2.3888,4830.9732
2019-11-22 14:44:00,2.3851,2.3924,2.3851,2.3899,9651.3709
2019-11-22 14:43:00,2.394,2.3965,2.3848,2.3903,12619.4016
2019-11-22 14:42:00,2.3955,2.3955,2.3943,2.3943,2526.0012
2019-11-22 14:41:00,2.3957,2.3964,2.3954,2.3954,1248.1241
2019-11-22 14:40:00,2.3948,2.3957,2.3943,2.3957,1150.9256
2019-11-22 14:39:00,2.3951,2.3965,2.3936,2.3957,5484.8911
2019-11-22 14:38:00,2.3917,2.3974,2.3917,2.3949,15598.7913
2019-11-22 14:37:00,2.3925,2.3925,2.3915,2.3917,1503.1253
2019-11-22 14:36:00,2.3926,2.3937,2.3901,2.393,10839.3933
2019-11-22 14:35:00,2.3826,2.3963,2.3811,2.3912,25122.6182
2019-11-22 14:34:00,2.3826,2.3826,2.3794,2.3815,25151.6107
2019-11-22 14:33:00,2.3824,2.3843,2.3804,2.3842,5001.0739
2019-11-22 14:32:00,2.3812,2.3847,2.3803,2.3803,20299.7408
2019-11-22 14:31:00,2.384,2.3841,2.3824,2.3827,6304.8639
2019-11-22 14:30:00,2.3865,2.3887,2.3838,2.3838,4732.2167
2019-11-22 14:29:00,2.3837,2.3891,2.3837,2.3849,4948.7595
2019-11-22 14:28:00,2.3889,2.39,2.3803,2.3859,14502.6885
2019-11-22 14:27:00,2.3889,2.3897,2.3878,2.3889,5090.7941
2019-11-22 14:26:00,2.3902,2.3937,2.385,2.3892,15567.3994
2019-11-22 14:25:00,2.3949,2.3958,2.3902,2.3919,5589.7518
2019-11-22 14:24:00,2.3973,2.3973,2.3943,2.3953,1241.2625
2019-11-22 14:23:00,2.3983,2.3983,2.3959,2.3973,4203.9074
2019-11-22 14:22:00,2.399,2.399,2.396,2.396,5247.2853
2019-11-22 14:21:00,2.3987,2.3989,2.3968,2.3977,1408.992
2019-11-22 14:20:00,2.3977,2.398,2.3966,2.3978,587.6186
2019-11-22 14:19:00,2.3977,2.3986,2.3973,2.3977,7772.6128
2019-11-22 14:18:00,2.399,2.3991,2.3968,2.3989,638.961
2019-11-22 14:17:00,2.3998,2.4013,2.3966,2.3996,6416.7219
2019-11-22 14:16:00,2.396,2.3964,2.3959,2.3964,2499.0644
2019-11-22 14:15:00,2.3977,2.3977,2.396,2.3961,1352.2247
2019-11-22 14:14:00,2.3993,2.4002,2.3966,2.3971,5305.1629
2019-11-22 14:13:00,2.3999,2.4014,2.3999,2.4011,2701.0206
2019-11-22 14:12:00,2.3999,2.3999,2.3996,2.3999,5147.2602
2019-11-22 14:11:00,2.3993,2.4009,2.3991,2.3999,10451.6928
2019-11-22 14:10:00,2.4009,2.4009,2.3986,2.3992,1800.5373
2019-11-22 14:09:00,2.4018,2.4019,2.4009,2.4009,2505.5882
2019-11-22 14:08:00,2.4018,2.4018,2.4017,2.4018,814.4308
2019-11-22 14:07:00,2.4017,2.4017,2.4017,2.4017,6442.7692
2019-11-22 14:06:00,2.4013,2.4018,2.4011,2.4017,7424.3097
2019-11-22 14:05:00,2.4015,2.4029,2.4015,2.4029,6692.6539
2019-11-22 14:04:00,2.3994,2.4028,2.3994,2.3994,3467.3898
2019-11-22 14:03:00,2.399,2.4012,2.3972,2.3999,4515.1491
2019-11-22 14:02:00,2.3982,2.403,2.3982,2.4011,9938.5527
2019-11-22 14:01:00,2.4013,2.4025,2.3988,2.3999,3991.795
2019-11-22 14:00:00,2.3978,2.4029,2.3973,2.4029,7645.7134
2019-11-22 13:59:00,2.3986,2.4017,2.3977,2.3982,4138.9253
2019-11-22 13:58:00,2.3974,2.4029,2.3967,2.3988,7608.7465
2019-11-22 13:57:00,2.3875,2.3972,2.3875,2.3969,2589.8445
2019-11-22 13:56:00,2.3899,2.3899,2.3803,2.3859,16535.7924
2019-11-22 13:55:00,2.3966,2.3966,2.3829,2.3882,29443.6562
2019-11-22 13:54:00,2.3981,2.4044,2.3961,2.3965,12197.2525
2019-11-22 13:53:00,2.4086,2.4086,2.3961,2.3961,35340.4377
2019-11-22 13:52:00,2.4095,2.4105,2.408,2.4092,4179.5261
2019-11-22 13:51:00,2.4097,2.4111,2.4097,2.4111,7561.1185
2019-11-22 13:50:00,2.4096,2.4126,2.4053,2.4085,15086.763
2019-11-22 13:49:00,2.4083,2.4096,2.4071,2.4096,2265.5482
2019-11-22 13:48:00,2.4143,2.4143,2.4087,2.409,7066.1321
2019-11-22 13:47:00,2.4164,2.4164,2.4149,2.415,2898.0172
2019-11-22 13:46:00,2.4138,2.4159,2.4138,2.4159,7006.8447
2019-11-22 13:45:00,2.4158,2.4162,2.4115,2.4159,4482.7273
2019-11-22 13:44:00,2.4148,2.4222,2.4148,2.4216,16791.134
2019-11-22 13:43:00,2.4218,2.4241,2.4091,2.4148,21052.6206
2019-11-22 13:42:00,2.424,2.4272,2.4179,2.4235,6504.9592
2019-11-22 13:41:00,2.4217,2.4241,2.4217,2.4241,3813.8608
2019-11-22 13:40:00,2.4283,2.4283,2.4211,2.4242,3842.9431
2019-11-22 13:39:00,2.4272,2.4283,2.4271,2.4279,2893.8632
2019-11-22 13:38:00,2.4278,2.4278,2.4275,2.4275,1615.9867
2019-11-22 13:37:00,2.4278,2.4278,2.4276,2.4276,723.0915
2019-11-22 13:36:00,2.4268,2.4279,2.4268,2.4278,1778.6765
2019-11-22 13:35:00,2.4273,2.4281,2.4258,2.4262,9111.9604
2019-11-22 13:34:00,2.4273,2.4279,2.4256,2.427,7099.1565
2019-11-22 13:33:00,2.4278,2.4291,2.4274,2.4274,586.3187
2019-11-22 13:32:00,2.4345,2.4345,2.4285,2.4285,5697.299
2019-11-22 13:31:00,2.4349,2.4351,2.4345,2.4345,528.9944
2019-11-22 13:30:00,2.4349,2.4351,2.4345,2.4345,1978.8483
2019-11-22 13:29:00,2.4347,2.4349,2.4342,2.4348,2061.8876
2019-11-22 13:28:00,2.4347,2.4351,2.4345,2.4347,3941.815
2019-11-22 13:27:00,2.4347,2.4347,2.4341,2.4345,775.9747
2019-11-22 13:26:00,2.4348,2.4348,2.4347,2.4347,5238.3185
2019-11-22 13:25:00,2.4347,2.4351,2.4345,2.4348,1209.6112
2019-11-22 13:24:00,2.4347,2.4347,2.4343,2.4346,3489.2372
2019-11-22 13:23:00,2.4356,2.4366,2.4339,2.4345,7411.3512
2019-11-22 13:22:00,2.4353,2.436,2.4353,2.4353,1713.0198
2019-11-22 13:21:00,2.4355,2.4363,2.4345,2.4345,1552.5293
2019-11-22 13:20:00,2.437,2.437,2.4356,2.4363,3020.6198
2019-11-22 13:19:00,2.436,2.4365,2.4357,2.4365,1621.658
2019-11-22 13:18:00,2.4367,2.4373,2.4359,2.4359,4979.5648
2019-11-22 13:17:00,2.4366,2.4367,2.4362,2.4367,6290.9409
2019-11-22 13:16:00,2.4356,2.4369,2.4356,2.4366,4832.0014
2019-11-22 13:15:00,2.4355,2.4363,2.4355,2.4362,34.1106
2019-11-22 13:14:00,2.4355,2.436,2.4341,2.436,1635.3066
2019-11-22 13:13:00,2.4357,2.4358,2.4342,2.4356,2738.9571
2019-11-22 13:12:00,2.4359,2.4359,2.434,2.4341,1238.4229
2019-11-22 13:11:00,2.436,2.4361,2.4346,2.4346,2538.023
2019-11-22 13:10:00,2.4358,2.437,2.4346,2.4365,1175.3388
2019-11-22 13:09:00,2.4341,2.4379,2.4339,2.4339,1282.9139
2019-11-22 13:08:00,2.434,2.434,2.434,2.434,0
2019-11-22 13:07:00,2.434,2.434,2.434,2.434,27.1906
2019-11-22 13:06:00,2.4342,2.4342,2.4339,2.4339,884.3015
2019-11-22 13:05:00,2.4341,2.4342,2.4341,2.4341,1534.6448
2019-11-22 13:04:00,2.4348,2.4355,2.4341,2.4341,6513.0483
2019-11-22 13:03:00,2.4351,2.4352,2.4346,2.4352,2810.957
2019-11-22 13:02:00,2.4349,2.435,2.4343,2.435,12129.2863
2019-11-22 13:01:00,2.4367,2.4367,2.4341,2.4341,4034.9296
2019-11-22 13:00:00,2.4361,2.4366,2.4357,2.4364,3454.3226
2019-11-22 12:59:00,2.436,2.4363,2.436,2.4362,6132.6648
2019-11-22 12:58:00,2.4356,2.4368,2.4356,2.4364,1862.7456
2019-11-22 12:57:00,2.4362,2.4365,2.4351,2.4365,984.2952
2019-11-22 12:56:00,2.4362,2.4376,2.4358,2.4358,6479.9273
2019-11-22 12:55:00,2.4356,2.4361,2.4345,2.4361,4925.6916
2019-11-22 12:54:00,2.4353,2.4369,2.4345,2.4353,6982.9686
2019-11-22 12:53:00,2.4356,2.4359,2.4349,2.4354,1451.3505
2019-11-22 12:52:00,2.4358,2.4359,2.4346,2.4355,3999.1879
2019-11-22 12:51:00,2.4365,2.4366,2.4343,2.4343,9398.3989
2019-11-22 12:50:00,2.4363,2.4366,2.4358,2.4365,1441.014
2019-11-22 12:49:00,2.4365,2.4372,2.436,2.4366,3164.7079
2019-11-22 12:48:00,2.4373,2.4373,2.4353,2.4366,1858.6226
2019-11-22 12:47:00,2.4353,2.4367,2.4353,2.4366,1199.2167
2019-11-22 12:46:00,2.4351,2.4373,2.435,2.4353,8286.2836
2019-11-22 12:45:00,2.4362,2.4374,2.4359,2.4365,4865.1709
2019-11-22 12:44:00,2.4375,2.4375,2.435,2.4361,4364.2527
2019-11-22 12:43:00,2.4379,2.4382,2.4354,2.4365,7669.2934
2019-11-22 12:42:00,2.4382,2.4387,2.4382,2.4383,754.6731
2019-11-22 12:41:00,2.4385,2.4394,2.4374,2.4382,1086.8652
2019-11-22 12:40:00,2.4371,2.4392,2.4371,2.4385,3318.0516
2019-11-22 12:39:00,2.4375,2.4375,2.4357,2.4371,3462.1257
2019-11-22 12:38:00,2.4367,2.4389,2.4367,2.4371,5341.5765
2019-11-22 12:37:00,2.4369,2.4371,2.4367,2.4367,1061.4404
2019-11-22 12:36:00,2.4377,2.4379,2.436,2.437,6549.063
2019-11-22 12:35:00,2.4363,2.4385,2.4346,2.4367,1746.405
2019-11-22 12:34:00,2.4353,2.4362,2.4343,2.4362,3102.807
2019-11-22 12:33:00,2.436,2.436,2.4345,2.435,1437.8503
2019-11-22 12:32:00,2.4351,2.4368,2.4347,2.4357,1300.4455
2019-11-22 12:31:00,2.4358,2.4362,2.4347,2.4352,2284.7995
2019-11-22 12:30:00,2.4357,2.4363,2.4357,2.4361,2576.4866
2019-11-22 12:29:00,2.4371,2.4371,2.435,2.4358,7303.5801
2019-11-22 12:28:00,2.437,2.437,2.4359,2.4364,2305.7388
2019-11-22 12:27:00,2.4397,2.4397,2.437,2.437,19024.0736
2019-11-22 12:26:00,2.4397,2.4397,2.4397,2.4397,852.4083
2019-11-22 12:25:00,2.4387,2.4397,2.4387,2.4397,1393.5398
2019-11-22 12:24:00,2.4386,2.439,2.4385,2.4386,1228.352
2019-11-22 12:23:00,2.4385,2.4386,2.4383,2.4384,5598.1933
2019-11-22 12:22:00,2.4398,2.4398,2.4385,2.4386,1989.8282
2019-11-22 12:21:00,2.4378,2.4397,2.4374,2.4396,5150.3807
2019-11-22 12:20:00,2.4385,2.4394,2.4385,2.4393,743.0177
2019-11-22 12:19:00,2.4378,2.439,2.4368,2.4379,2328.9333
2019-11-22 12:18:00,2.4385,2.4389,2.4374,2.4374,3450.0102
2019-11-22 12:17:00,2.439,2.4395,2.437,2.4381,2004.2734
2019-11-22 12:16:00,2.439,2.4393,2.439,2.4391,679.1517
2019-11-22 12:15:00,2.4383,2.439,2.4379,2.4389,1908.3371
2019-11-22 12:14:00,2.4382,2.4383,2.4373,2.4383,1882.8012
2019-11-22 12:13:00,2.4377,2.4394,2.4373,2.4381,2909.8933
2019-11-22 12:12:00,2.438,2.4383,2.4376,2.4383,8526.0333
2019-11-22 12:11:00,2.4379,2.4383,2.4374,2.4381,1137.5281
2019-11-22 12:10:00,2.4379,2.4386,2.4378,2.4386,1436.7842
2019-11-22 12:09:00,2.4371,2.4387,2.4371,2.4379,3157.429
2019-11-22 12:08:00,2.4389,2.4389,2.4377,2.4385,2315.2543
2019-11-22 12:07:00,2.4394,2.4396,2.4393,2.4393,3442.5985
2019-11-22 12:06:00,2.437,2.4396,2.437,2.4386,2683.5537
2019-11-22 12:05:00,2.4346,2.44,2.4346,2.4382,14305.2353
2019-11-22 12:04:00,2.4358,2.4358,2.4339,2.435,3115.0145
2019-11-22 12:03:00,2.436,2.436,2.4359,2.4359,744.9988
2019-11-22 12:02:00,2.4364,2.4364,2.4358,2.436,9287.538
2019-11-22 12:01:00,2.4361,2.4379,2.436,2.436,9932.802
2019-11-22 12:00:00,2.4401,2.4401,2.44,2.44,190.3718
2019-11-22 11:59:00,2.4401,2.4401,2.4401,2.4401,0
2019-11-22 11:58:00,2.4443,2.4443,2.4401,2.4401,1175.5708
2019-11-22 11:57:00,2.4462,2.4471,2.4445,2.4445,3414.9938
2019-11-22 11:56:00,2.446,2.4472,2.446,2.4463,1038.497
2019-11-22 11:55:00,2.4463,2.4465,2.4446,2.4453,1731.0801
2019-11-22 11:54:00,2.4463,2.4465,2.445,2.4463,4843.5432
2019-11-22 11:53:00,2.4463,2.4474,2.4452,2.4467,2716.326
2019-11-22 11:52:00,2.4475,2.4475,2.4461,2.4463,3400.8771
2019-11-22 11:51:00,2.4491,2.4492,2.4464,2.4464,2872.2515
2019-11-22 11:50:00,2.4494,2.4494,2.4482,2.4494,1417.5825
2019-11-22 11:49:00,2.4496,2.4499,2.4489,2.4489,1681.6368
2019-11-22 11:48:00,2.449,2.4501,2.4483,2.4484,4239.371
2019-11-22 11:47:00,2.4488,2.4501,2.448,2.4497,1724.9842
2019-11-22 11:46:00,2.449,2.4496,2.4479,2.4496,1218.9498
2019-11-22 11:45:00,2.4488,2.4507,2.448,2.4481,7384.4856
2019-11-22 11:44:00,2.4496,2.4513,2.4472,2.4472,3035.6915
2019-11-22 11:43:00,2.4516,2.4517,2.449,2.449,4523.2304
2019-11-22 11:42:00,2.4494,2.4516,2.4484,2.449,3097.0186
2019-11-22 11:41:00,2.4483,2.452,2.4483,2.4495,592.9232
2019-11-22 11:40:00,2.452,2.4524,2.4443,2.4481,12684.7787
2019-11-22 11:39:00,2.4517,2.4521,2.4481,2.4488,5696.2687
2019-11-22 11:38:00,2.4483,2.4551,2.4452,2.4483,2235.0424
2019-11-22 11:37:00,2.4441,2.4522,2.4441,2.4482,9238.1944
2019-11-22 11:36:00,2.4425,2.445,2.441,2.4441,3796.4839
2019-11-22 11:35:00,2.4458,2.449,2.44,2.4425,5253.3713
2019-11-22 11:34:00,2.4538,2.4538,2.4415,2.4489,16894.6943
2019-11-22 11:33:00,2.4511,2.4546,2.4511,2.453,5870.6624
2019-11-22 11:32:00,2.4518,2.4549,2.4518,2.4543,6417.2034
2019-11-22 11:31:00,2.4556,2.4556,2.4529,2.453,3228.8316
2019-11-22 11:30:00,2.454,2.4548,2.4508,2.4534,3667.059
2019-11-22 11:29:00,2.4566,2.4566,2.4501,2.4541,17586.8189
2019-11-22 11:28:00,2.4571,2.4571,2.4516,2.455,11188.606
2019-11-22 11:27:00,2.453,2.459,2.4526,2.459,7098.9187
2019-11-22 11:26:00,2.4527,2.4539,2.4508,2.4508,6692.8962
2019-11-22 11:25:00,2.4579,2.4579,2.4515,2.4529,17989.3285
2019-11-22 11:24:00,2.4608,2.4608,2.4579,2.4589,1472.9452
2019-11-22 11:23:00,2.4627,2.4635,2.4606,2.4619,1641.9481
2019-11-22 11:22:00,2.4637,2.4638,2.4616,2.4624,1745.0697
2019-11-22 11:21:00,2.4634,2.4638,2.463,2.4637,2442.8823
2019-11-22 11:20:00,2.4638,2.4638,2.4611,2.4628,3590.1743
2019-11-22 11:19:00,2.4627,2.4638,2.4627,2.4637,1101.6737
2019-11-22 11:18:00,2.4607,2.4645,2.4607,2.4633,6471.007
2019-11-22 11:17:00,2.4604,2.4604,2.4604,2.4604,26
2019-11-22 11:16:00,2.4602,2.4602,2.4602,2.4602,0.1874
2019-11-22 11:15:00,2.4601,2.4601,2.4601,2.4601,134.0545
2019-11-22 11:14:00,2.4602,2.4602,2.4602,2.4602,0
2019-11-22 11:13:00,2.4602,2.4602,2.4602,2.4602,210.6693
2019-11-22 11:12:00,2.4584,2.4602,2.4577,2.4602,2556.8418
2019-11-22 11:11:00,2.4568,2.4599,2.4568,2.4577,1357.245
2019-11-22 11:10:00,2.4573,2.46,2.4568,2.4582,5476.8544
2019-11-22 11:09:00,2.4568,2.4578,2.4561,2.4578,3645.5523
2019-11-22 11:08:00,2.4568,2.4571,2.456,2.4571,6499.0283
2019-11-22 11:07:00,2.46,2.46,2.4572,2.4582,1196.3032
2019-11-22 11:06:00,2.46,2.46,2.46,2.46,0
2019-11-22 11:05:00,2.4601,2.4601,2.46,2.46,4449.2958
2019-11-22 11:04:00,2.4601,2.4601,2.4601,2.4601,5641.1388
2019-11-22 11:03:00,2.4601,2.4601,2.4601,2.4601,0
2019-11-22 11:02:00,2.4601,2.4601,2.4601,2.4601,0
2019-11-22 11:01:00,2.4601,2.4601,2.4601,2.4601,230.1071
2019-11-22 11:00:00,2.46,2.4602,2.46,2.4601,1058.8799
2019-11-22 10:59:00,2.4601,2.4604,2.4601,2.4603,1444.4679
2019-11-22 10:58:00,2.4604,2.4607,2.46,2.46,4897.905
2019-11-22 10:57:00,2.4604,2.4607,2.4601,2.4604,5787.7578
2019-11-22 10:56:00,2.4606,2.461,2.46,2.4607,5432.087
2019-11-22 10:55:00,2.4602,2.4608,2.46,2.4607,6196.9786
2019-11-22 10:54:00,2.4613,2.4617,2.4604,2.4613,1782.1334
2019-11-22 10:53:00,2.4615,2.4615,2.4613,2.4613,1145.3257
2019-11-22 10:52:00,2.4619,2.4638,2.4614,2.4621,1659.1478
2019-11-22 10:51:00,2.4617,2.4627,2.4606,2.4617,5899.0446
2019-11-22 10:50:00,2.4619,2.463,2.4616,2.4621,3273.9527
2019-11-22 10:49:00,2.462,2.4626,2.4616,2.4623,7021.0384
2019-11-22 10:48:00,2.4632,2.4632,2.4622,2.4622,4368.0497
2019-11-22 10:47:00,2.4625,2.4635,2.4623,2.4623,1983.038
2019-11-22 10:46:00,2.4609,2.4634,2.4609,2.4634,6021.1804
2019-11-22 10:45:00,2.4605,2.4605,2.4605,2.4605,10.7242
2019-11-22 10:44:00,2.4605,2.4605,2.4605,2.4605,6.8072
2019-11-22 10:43:00,2.4603,2.4603,2.4602,2.4603,857.856
2019-11-22 10:42:00,2.4603,2.4605,2.4603,2.4603,1202.7564
2019-11-22 10:41:00,2.4603,2.4605,2.4603,2.4605,8077.9245
2019-11-22 10:40:00,2.4603,2.4605,2.4602,2.4603,5007.4121
2019-11-22 10:39:00,2.4603,2.4604,2.4602,2.4604,1334.1545
2019-11-22 10:38:00,2.4601,2.4605,2.4601,2.4603,2002.7157
2019-11-22 10:37:00,2.4607,2.4607,2.4602,2.4602,2427.9448
2019-11-22 10:36:00,2.4605,2.4606,2.4602,2.4605,1083.3206
2019-11-22 10:35:00,2.4607,2.4609,2.4604,2.4605,8567.1662
2019-11-22 10:34:00,2.4611,2.4612,2.4605,2.4607,867.0864
2019-11-22 10:33:00,2.4615,2.4615,2.4603,2.4612,1801.3147
2019-11-22 10:32:00,2.4613,2.4616,2.4605,2.4615,5475.7858
2019-11-22 10:31:00,2.4622,2.4622,2.4606,2.4613,2434.9079
2019-11-22 10:30:00,2.4621,2.4621,2.4621,2.4621,1145.9176
2019-11-22 10:29:00,2.462,2.4628,2.4617,2.4619,1549.7765
2019-11-22 10:28:00,2.4601,2.4623,2.4601,2.4621,8209.0252
2019-11-22 10:27:00,2.4632,2.4632,2.4611,2.4614,2824.8435
2019-11-22 10:26:00,2.462,2.4641,2.4612,2.462,2257.2388
2019-11-22 10:25:00,2.4582,2.4626,2.4571,2.4622,4415.1341
2019-11-22 10:24:00,2.4574,2.458,2.4564,2.4578,1429.0754
2019-11-22 10:23:00,2.4595,2.4595,2.4571,2.4571,5758.8245
2019-11-22 10:22:00,2.4594,2.462,2.4594,2.4594,2226.9334
2019-11-22 10:21:00,2.4623,2.4671,2.4606,2.4618,3683.3105
2019-11-22 10:20:00,2.4658,2.4658,2.4603,2.4603,5349.6387
2019-11-22 10:19:00,2.4571,2.467,2.4571,2.4584,23356.498
2019-11-22 10:18:00,2.4583,2.4607,2.458,2.4596,1392.4026
2019-11-22 10:17:00,2.4568,2.459,2.4544,2.459,11506.2808
2019-11-22 10:16:00,2.4563,2.4569,2.4545,2.4569,663.3089
2019-11-22 10:15:00,2.4596,2.4597,2.4543,2.455,3862.5271
2019-11-22 10:14:00,2.4595,2.4599,2.4595,2.4596,1028.5799
2019-11-22 10:13:00,2.4595,2.4597,2.459,2.4597,2373.8203
2019-11-22 10:12:00,2.4595,2.4596,2.4591,2.4595,5807.9684
2019-11-22 10:11:00,2.4563,2.4594,2.4563,2.4594,11038.6141
2019-11-22 10:10:00,2.4555,2.4563,2.4553,2.4553,2099.0662
2019-11-22 10:09:00,2.4561,2.4562,2.4552,2.4562,802.7323
2019-11-22 10:08:00,2.4566,2.4566,2.455,2.4563,4173.5494
2019-11-22 10:07:00,2.4541,2.4558,2.4541,2.4558,3852.7544
2019-11-22 10:06:00,2.4523,2.4541,2.4513,2.4541,8479.3529
2019-11-22 10:05:00,2.4513,2.4523,2.4513,2.4522,4905.9355
2019-11-22 10:04:00,2.4519,2.4519,2.4512,2.4516,5171.5145
2019-11-22 10:03:00,2.4512,2.452,2.4503,2.4515,15479.8307
2019-11-22 10:02:00,2.451,2.4519,2.451,2.451,11273.3865
2019-11-22 10:01:00,2.4518,2.4518,2.4503,2.451,2966.1945
2019-11-22 10:00:00,2.4502,2.4519,2.45,2.451,12044.0613
2019-11-22 09:59:00,2.4512,2.4512,2.4507,2.4512,1996.4673
2019-11-22 09:58:00,2.4513,2.4513,2.4503,2.4512,1057.9155
2019-11-22 09:57:00,2.4513,2.4513,2.4504,2.4507,8756.5553
2019-11-22 09:56:00,2.4516,2.4517,2.451,2.4512,3018.4686
2019-11-22 09:55:00,2.4506,2.4518,2.4505,2.4518,2428.7801
2019-11-22 09:54:00,2.4518,2.4518,2.4504,2.4505,2186.3676
2019-11-22 09:53:00,2.4517,2.4518,2.4502,2.4518,3536.4871
2019-11-22 09:52:00,2.4515,2.452,2.4515,2.4517,996.8777
2019-11-22 09:51:00,2.4501,2.4529,2.45,2.4504,2600.7647
2019-11-22 09:50:00,2.4522,2.4531,2.45,2.4516,6911.241
2019-11-22 09:49:00,2.4535,2.4557,2.4507,2.4507,1859.2398
2019-11-22 09:48:00,2.4559,2.4562,2.4514,2.4534,5424.8776
2019-11-22 09:47:00,2.448,2.4546,2.448,2.4522,9466.6343
2019-11-22 09:46:00,2.4404,2.4515,2.4369,2.4495,31070.1854
2019-11-22 09:45:00,2.4359,2.4437,2.4359,2.4437,1126.7561
2019-11-22 09:44:00,2.4372,2.4408,2.4353,2.4361,2969.8338
2019-11-22 09:43:00,2.4282,2.4392,2.4278,2.4392,7967.7756
2019-11-22 09:42:00,2.4226,2.4283,2.4164,2.4283,33386.2115
2019-11-22 09:41:00,2.4377,2.4377,2.4122,2.4211,101014.7219
2019-11-22 09:40:00,2.44,2.4405,2.43,2.4337,5266.3198
2019-11-22 09:39:00,2.4531,2.4536,2.44,2.4464,20340.3183
2019-11-22 09:38:00,2.4645,2.4645,2.45,2.4546,19299.821
2019-11-22 09:37:00,2.4657,2.4663,2.4644,2.4657,1416.2448
2019-11-22 09:36:00,2.4657,2.4668,2.4652,2.4657,3274.083
2019-11-22 09:35:00,2.466,2.4666,2.4644,2.4656,10362.6093
2019-11-22 09:34:00,2.4665,2.4665,2.4663,2.4665,1093.6937
2019-11-22 09:33:00,2.4683,2.4683,2.466,2.4668,2784.0421
2019-11-22 09:32:00,2.4679,2.4681,2.4674,2.4681,2419.5835
2019-11-22 09:31:00,2.4666,2.4676,2.4666,2.4671,2093.2562
2019-11-22 09:30:00,2.4678,2.4691,2.4655,2.4666,3219.2407
2019-11-22 09:29:00,2.4672,2.4692,2.4661,2.467,11129.2601
2019-11-22 09:28:00,2.4682,2.4689,2.4682,2.4683,584.4079
2019-11-22 09:27:00,2.4683,2.4685,2.4675,2.4681,7199.6489
2019-11-22 09:26:00,2.4684,2.4688,2.4682,2.4684,2176.8094
2019-11-22 09:25:00,2.4686,2.4686,2.4674,2.4686,604.7239
2019-11-22 09:24:00,2.4682,2.4685,2.4678,2.4684,9421.3059
2019-11-22 09:23:00,2.4652,2.47,2.4652,2.4677,10659.093
2019-11-22 09:22:00,2.4656,2.4656,2.4645,2.4645,2564.629
2019-11-22 09:21:00,2.465,2.4663,2.464,2.4663,4451.5161
2019-11-22 09:20:00,2.465,2.4663,2.4646,2.4661,2279.9143
2019-11-22 09:19:00,2.4649,2.466,2.4649,2.465,1600.3485
2019-11-22 09:18:00,2.4662,2.4662,2.4652,2.4653,2629.8487
2019-11-22 09:17:00,2.4661,2.4662,2.4661,2.4661,3495.1796
2019-11-22 09:16:00,2.4661,2.4662,2.4661,2.4661,5014.4786
2019-11-22 09:15:00,2.4661,2.4661,2.4661,2.4661,0
2019-11-22 09:14:00,2.4661,2.4661,2.4661,2.4661,778.3833
2019-11-22 09:13:00,2.466,2.466,2.466,2.466,56
2019-11-22 09:12:00,2.4661,2.4661,2.4661,2.4661,886.1155
2019-11-22 09:11:00,2.4663,2.4664,2.466,2.4661,7208.4299
2019-11-22 09:10:00,2.4696,2.4696,2.4672,2.4679,1616.5373
2019-11-22 09:09:00,2.4683,2.4691,2.4681,2.4681,573.5792
2019-11-22 09:08:00,2.4661,2.4693,2.466,2.4693,4115.0736
2019-11-22 09:07:00,2.4661,2.4661,2.4661,2.4661,94.4818
2019-11-22 09:06:00,2.4663,2.4663,2.466,2.466,3602.3117
2019-11-22 09:05:00,2.4662,2.468,2.4662,2.4677,1572.6736
2019-11-22 09:04:00,2.4663,2.4663,2.4661,2.4661,5512.808
2019-11-22 09:03:00,2.4668,2.4668,2.4661,2.4661,4978.7888
2019-11-22 09:02:00,2.4666,2.4666,2.4664,2.4665,561.2793
2019-11-22 09:01:00,2.467,2.4686,2.466,2.4665,7143.1692
2019-11-22 09:00:00,2.4707,2.471,2.4675,2.4675,6566.5897
2019-11-22 08:59:00,2.4666,2.4676,2.4663,2.4676,614.1762
2019-11-22 08:58:00,2.4665,2.4669,2.4662,2.4662,1533.2159
2019-11-22 08:57:00,2.4678,2.4678,2.466,2.4662,3503.8248
2019-11-22 08:56:00,2.4674,2.4708,2.4666,2.4682,2230.7427
2019-11-22 08:55:00,2.4666,2.4672,2.4665,2.4668,13236.7998
2019-11-22 08:54:00,2.4666,2.4666,2.4663,2.4666,1461.8452
2019-11-22 08:53:00,2.4663,2.4669,2.4663,2.4666,6791.1541
2019-11-22 08:52:00,2.4666,2.4669,2.466,2.4666,3574.9923
2019-11-22 08:51:00,2.4666,2.4672,2.4666,2.4666,3946.6271
2019-11-22 08:50:00,2.467,2.4674,2.4662,2.4667,1433.5364
2019-11-22 08:49:00,2.466,2.4695,2.466,2.4671,2122.7664
2019-11-22 08:48:00,2.465,2.4687,2.4626,2.4661,7267.5068
2019-11-22 08:47:00,2.4664,2.4693,2.4631,2.465,14258.1169
2019-11-22 08:46:00,2.4658,2.4698,2.4627,2.4663,10190.6403
2019-11-22 08:45:00,2.4701,2.4752,2.4626,2.4703,27693.0844
2019-11-22 08:44:00,2.4666,2.4724,2.463,2.4724,6856.3923
2019-11-22 08:43:00,2.4669,2.4712,2.4627,2.4666,7475.4147
2019-11-22 08:42:00,2.4677,2.4677,2.4627,2.4669,3536.0766
2019-11-22 08:41:00,2.4658,2.4677,2.4648,2.4677,1336.5175
2019-11-22 08:40:00,2.4675,2.4726,2.4633,2.4673,3436.1846
2019-11-22 08:39:00,2.4675,2.4722,2.467,2.468,1871.6771
2019-11-22 08:38:00,2.4703,2.4712,2.4626,2.4681,12700.6814
2019-11-22 08:37:00,2.4739,2.4739,2.47,2.4704,7567.5976
2019-11-22 08:36:00,2.4739,2.4754,2.4737,2.4739,6903.7334
2019-11-22 08:35:00,2.4723,2.4738,2.4723,2.4738,6250.5409
2019-11-22 08:34:00,2.4775,2.4775,2.4725,2.4725,2972.9363
2019-11-22 08:33:00,2.4787,2.4787,2.475,2.4765,13362.373
2019-11-22 08:32:00,2.4786,2.4786,2.4769,2.4773,7251.0788
2019-11-22 08:31:00,2.4767,2.4786,2.475,2.4769,1672.1203
2019-11-22 08:30:00,2.4775,2.4791,2.4771,2.4771,6185.9003
2019-11-22 08:29:00,2.4751,2.4771,2.4751,2.4763,10727.0865
2019-11-22 08:28:00,2.4756,2.4764,2.475,2.4764,2447.0267
2019-11-22 08:27:00,2.4761,2.4767,2.4755,2.4764,4154.6157
2019-11-22 08:26:00,2.4749,2.4778,2.4749,2.4753,2142.3032
2019-11-22 08:25:00,2.474,2.4749,2.4735,2.474,3449.5965
2019-11-22 08:24:00,2.4741,2.4741,2.473,2.474,4439.5792
2019-11-22 08:23:00,2.4735,2.4741,2.4734,2.4741,780.9159
2019-11-22 08:22:00,2.4716,2.4749,2.4706,2.4744,3844.7358
2019-11-22 08:21:00,2.4705,2.4722,2.4689,2.47,1788.1969
2019-11-22 08:20:00,2.4715,2.4715,2.4697,2.4706,4465.3595
2019-11-22 08:19:00,2.4714,2.4715,2.4714,2.4715,483.7391
2019-11-22 08:18:00,2.4715,2.4718,2.4708,2.4718,5326.3057
2019-11-22 08:17:00,2.472,2.472,2.4706,2.4706,8882.5887
2019-11-22 08:16:00,2.4711,2.472,2.4711,2.472,2245.0106
2019-11-22 08:15:00,2.472,2.472,2.4709,2.4711,8983.8479
2019-11-22 08:14:00,2.4711,2.4719,2.4711,2.4712,1204.3545
2019-11-22 08:13:00,2.4706,2.4716,2.4698,2.4716,2558.5358
2019-11-22 08:12:00,2.4705,2.4714,2.4692,2.4706,1248.0406
2019-11-22 08:11:00,2.4708,2.4725,2.4705,2.4708,1905.4805
2019-11-22 08:10:00,2.4721,2.4752,2.4718,2.4722,2361.245
2019-11-22 08:09:00,2.4696,2.4767,2.4692,2.4767,1593.1278
2019-11-22 08:08:00,2.4684,2.4708,2.4684,2.4696,4253.9089
2019-11-22 08:07:00,2.469,2.4718,2.4683,2.4713,5040.3166
2019-11-22 08:06:00,2.4685,2.4736,2.4685,2.4704,1479.2057
2019-11-22 08:05:00,2.4696,2.4734,2.4626,2.4681,13649.0985
2019-11-22 08:04:00,2.4694,2.4759,2.4633,2.4688,8575.2504
2019-11-22 08:03:00,2.4727,2.4729,2.4628,2.4698,2625.8776
2019-11-22 08:02:00,2.4742,2.4782,2.472,2.4732,3564.2905
2019-11-22 08:01:00,2.4634,2.4789,2.4632,2.4782,31485.6877
2019-11-22 08:00:00,2.4626,2.4636,2.4618,2.4632,4106.1876
2019-11-22 07:59:00,2.4628,2.4628,2.4618,2.4625,6746.4274
2019-11-22 07:58:00,2.4631,2.4631,2.4601,2.462,2862.7446
2019-11-22 07:57:00,2.4589,2.4637,2.4589,2.4619,1515.6081
2019-11-22 07:56:00,2.4563,2.462,2.4563,2.4608,1231.2373
2019-11-22 07:55:00,2.4604,2.4629,2.4562,2.4578,3681.1103
2019-11-22 07:54:00,2.4584,2.4625,2.4571,2.4571,2766.5001
2019-11-22 07:53:00,2.4613,2.4628,2.4586,2.4627,10523.5204
2019-11-22 07:52:00,2.4654,2.4655,2.4545,2.4606,12669.4883
2019-11-22 07:51:00,2.4639,2.4651,2.4639,2.4646,1697.8586
2019-11-22 07:50:00,2.4609,2.4655,2.4609,2.4643,2373.7958
2019-11-22 07:49:00,2.4638,2.4639,2.4608,2.463,3037.3661
2019-11-22 07:48:00,2.4621,2.4641,2.4618,2.4624,3645.6036
2019-11-22 07:47:00,2.4624,2.4634,2.4606,2.462,2946.0029
2019-11-22 07:46:00,2.4576,2.4673,2.4575,2.4623,5742.6586
2019-11-22 07:45:00,2.4576,2.4588,2.4575,2.4576,998.8562
2019-11-22 07:44:00,2.4586,2.4586,2.4564,2.4564,3825.5568
2019-11-22 07:43:00,2.4574,2.4576,2.4566,2.4574,1439.5013
2019-11-22 07:42:00,2.4574,2.4579,2.4566,2.4579,1596.2767
2019-11-22 07:41:00,2.4573,2.4586,2.4571,2.4574,4252.6239
2019-11-22 07:40:00,2.4583,2.4583,2.4569,2.4579,8266.0802
2019-11-22 07:39:00,2.4582,2.4584,2.4578,2.458,4118.2269
2019-11-22 07:38:00,2.4583,2.4594,2.4575,2.4583,2843.3711
2019-11-22 07:37:00,2.4554,2.4579,2.4554,2.4579,1026.6654
2019-11-22 07:36:00,2.4552,2.4572,2.4549,2.4549,5889.0451
2019-11-22 07:35:00,2.4527,2.4554,2.4527,2.4552,3385.9364
2019-11-22 07:34:00,2.4518,2.453,2.4518,2.4526,3961.5355
2019-11-22 07:33:00,2.4527,2.4532,2.4524,2.4524,1989.9118
2019-11-22 07:32:00,2.4525,2.4535,2.4515,2.4526,7603.5105
2019-11-22 07:31:00,2.4516,2.4525,2.4506,2.4516,1403.3696
2019-11-22 07:30:00,2.4519,2.4526,2.4504,2.452,8423.9717
2019-11-22 07:29:00,2.4515,2.4528,2.4515,2.4522,1063.2929
2019-11-22 07:28:00,2.4518,2.4537,2.4505,2.4525,2695.9128
2019-11-22 07:27:00,2.4513,2.4515,2.4491,2.4512,6799.4465
2019-11-22 07:26:00,2.4487,2.4496,2.4468,2.4491,371.2101
2019-11-22 07:25:00,2.449,2.4521,2.4472,2.4474,11263.2773
2019-11-22 07:24:00,2.4522,2.4522,2.4485,2.4496,1123.5412
2019-11-22 07:23:00,2.453,2.4538,2.4503,2.4507,2598.9642
2019-11-22 07:22:00,2.4595,2.4595,2.4514,2.457,2739.4715
2019-11-22 07:21:00,2.4599,2.4599,2.456,2.456,2426.8508
2019-11-22 07:20:00,2.4568,2.4598,2.4568,2.4598,2567.0622
2019-11-22 07:19:00,2.4574,2.4594,2.4557,2.4557,2703.7859
2019-11-22 07:18:00,2.4561,2.4574,2.4556,2.4574,368.4226
2019-11-22 07:17:00,2.4566,2.4573,2.4545,2.457,1499.6064
2019-11-22 07:16:00,2.4572,2.4587,2.4546,2.4566,6601.2473
2019-11-22 07:15:00,2.4563,2.4574,2.4543,2.4545,2279.1596
2019-11-22 07:14:00,2.4553,2.4553,2.4512,2.454,1092.0443
2019-11-22 07:13:00,2.4559,2.4568,2.4523,2.4541,2663.6342
2019-11-22 07:12:00,2.461,2.4616,2.4488,2.4506,11648.4299
2019-11-22 07:11:00,2.4608,2.4623,2.46,2.4616,6574.1344
2019-11-22 07:10:00,2.4613,2.4636,2.4613,2.4623,4468.9627
2019-11-22 07:09:00,2.4602,2.4623,2.4569,2.4623,4533.7505
2019-11-22 07:08:00,2.4588,2.4647,2.4511,2.4647,36522.41
2019-11-22 07:07:00,2.4568,2.46,2.4568,2.46,6060.6773
2019-11-22 07:06:00,2.4577,2.4599,2.4577,2.458,4577.1267
2019-11-22 07:05:00,2.4564,2.4598,2.4537,2.4554,7296.1282
2019-11-22 07:04:00,2.4553,2.4599,2.4517,2.459,11251.5649
2019-11-22 07:03:00,2.4549,2.4599,2.4549,2.4551,5441.7798
2019-11-22 07:02:00,2.4489,2.4627,2.4489,2.4591,62897.9343
2019-11-22 07:01:00,2.4488,2.4488,2.4488,2.4488,0
2019-11-22 07:00:00,2.4456,2.4488,2.4429,2.4488,3739.1519
2019-11-22 06:59:00,2.445,2.445,2.4434,2.4434,1054.1308
2019-11-22 06:58:00,2.4439,2.4449,2.4437,2.444,422.5091
2019-11-22 06:57:00,2.4424,2.4439,2.4423,2.443,3345.3116
2019-11-22 06:56:00,2.4415,2.4424,2.4407,2.4424,2963.1941
2019-11-22 06:55:00,2.4425,2.4425,2.4404,2.4415,7761.9076
2019-11-22 06:54:00,2.4423,2.4423,2.4415,2.4419,1668.1052
2019-11-22 06:53:00,2.4419,2.442,2.4419,2.4419,3732.5795
2019-11-22 06:52:00,2.4428,2.4428,2.4419,2.442,2256.8107
2019-11-22 06:51:00,2.4412,2.4425,2.4409,2.4418,4594.1933
2019-11-22 06:50:00,2.4433,2.4434,2.4406,2.4406,1677.6188
2019-11-22 06:49:00,2.4443,2.4448,2.4429,2.4434,9180.0468
2019-11-22 06:48:00,2.4436,2.4447,2.4429,2.4443,4321.3621
2019-11-22 06:47:00,2.4451,2.4457,2.443,2.443,2967.9193
2019-11-22 06:46:00,2.445,2.4458,2.4432,2.445,1384.5511
2019-11-22 06:45:00,2.4454,2.4459,2.4433,2.4433,8827.3895
2019-11-22 06:44:00,2.4456,2.4464,2.4434,2.4446,7214.6114
2019-11-22 06:43:00,2.4412,2.4455,2.4412,2.4444,11211.9398
2019-11-22 06:42:00,2.4429,2.4431,2.4409,2.4409,13968.2947
2019-11-22 06:41:00,2.444,2.4445,2.4411,2.4429,2279.4534
2019-11-22 06:40:00,2.4383,2.4422,2.4383,2.4422,5782.2256
2019-11-22 06:39:00,2.4367,2.4395,2.4367,2.4395,1771.0495
2019-11-22 06:38:00,2.4371,2.4387,2.4363,2.4375,3368.4192
2019-11-22 06:37:00,2.4375,2.439,2.4327,2.435,1766.2684
2019-11-22 06:36:00,2.4389,2.4389,2.4322,2.4362,1868.2536
2019-11-22 06:35:00,2.4397,2.4397,2.4387,2.4387,3656.6525
2019-11-22 06:34:00,2.4396,2.4397,2.4386,2.4394,5336.4564
2019-11-22 06:33:00,2.439,2.4401,2.4381,2.4397,857.8185
2019-11-22 06:32:00,2.4404,2.4404,2.4387,2.4389,3433.2882
2019-11-22 06:31:00,2.4385,2.4404,2.4382,2.4404,7332.2005
2019-11-22 06:30:00,2.4388,2.439,2.4382,2.4386,3678.6704
2019-11-22 06:29:00,2.441,2.441,2.4389,2.4389,1668.3786
2019-11-22 06:28:00,2.4409,2.4409,2.4391,2.4391,2322.0294
2019-11-22 06:27:00,2.4394,2.4412,2.4391,2.4412,500.8911
2019-11-22 06:26:00,2.4405,2.4407,2.4392,2.4403,4101.9176
2019-11-22 06:25:00,2.4403,2.4421,2.4385,2.44,3676.4186
2019-11-22 06:24:00,2.4391,2.4439,2.4388,2.4406,13495.2975
2019-11-22 06:23:00,2.4395,2.44,2.4385,2.4394,3843.1822
2019-11-22 06:22:00,2.4393,2.4403,2.4393,2.4395,633.217
2019-11-22 06:21:00,2.4393,2.4394,2.438,2.438,1672.487
2019-11-22 06:20:00,2.4344,2.441,2.4342,2.441,7950.1938
2019-11-22 06:19:00,2.4344,2.4357,2.4332,2.4342,7783.3102
2019-11-22 06:18:00,2.4347,2.4347,2.4341,2.4342,1634.5735
2019-11-22 06:17:00,2.4339,2.4346,2.4338,2.434,1165.3549
2019-11-22 06:16:00,2.4339,2.4374,2.4328,2.4339,7273.0686
2019-11-22 06:15:00,2.4339,2.4344,2.4324,2.4335,2035.8813
2019-11-22 06:14:00,2.4339,2.435,2.4336,2.4342,879.3091
2019-11-22 06:13:00,2.4341,2.4347,2.4336,2.4336,4822.0212
2019-11-22 06:12:00,2.4343,2.4349,2.4341,2.4341,5488.8245
2019-11-22 06:11:00,2.4341,2.4352,2.4339,2.4341,5269.5458
2019-11-22 06:10:00,2.434,2.4347,2.4336,2.4344,2949.9262
2019-11-22 06:09:00,2.4341,2.4355,2.4323,2.4345,7237.0624
2019-11-22 06:08:00,2.4336,2.4349,2.4324,2.4349,3940.8292
2019-11-22 06:07:00,2.4326,2.4341,2.4308,2.4335,4364.0774
2019-11-22 06:06:00,2.4328,2.4334,2.4303,2.4329,3408.3668
2019-11-22 06:05:00,2.4337,2.4344,2.4313,2.4344,3126.5385
2019-11-22 06:04:00,2.4328,2.4347,2.4311,2.4336,7840.7626
2019-11-22 06:03:00,2.4325,2.433,2.4325,2.4328,591.6129
2019-11-22 06:02:00,2.4323,2.4339,2.4313,2.4331,7122.499
2019-11-22 06:01:00,2.433,2.4333,2.4304,2.4322,2704.2375
2019-11-22 06:00:00,2.4319,2.4319,2.4305,2.4312,1362.8383
2019-11-22 05:59:00,2.4298,2.4344,2.4296,2.4308,2921.7871
2019-11-22 05:58:00,2.4316,2.4327,2.4312,2.4324,9670.0827
2019-11-22 05:57:00,2.4383,2.4383,2.4323,2.4323,10397.6842
2019-11-22 05:56:00,2.4318,2.4333,2.4318,2.432,408.8146
2019-11-22 05:55:00,2.4318,2.4337,2.4317,2.4325,566.7462
2019-11-22 05:54:00,2.4322,2.4332,2.4306,2.433,1199.2427
2019-11-22 05:53:00,2.4299,2.4327,2.4299,2.4323,3811.8026
2019-11-22 05:52:00,2.4303,2.434,2.4303,2.4316,6042.2151
2019-11-22 05:51:00,2.4341,2.4341,2.4319,2.433,4336.6711
2019-11-22 05:50:00,2.4322,2.4343,2.4316,2.4316,1926.5203
2019-11-22 05:49:00,2.4334,2.4347,2.4316,2.4323,1537.1815
2019-11-22 05:48:00,2.434,2.4353,2.432,2.4324,9382.6051
2019-11-22 05:47:00,2.431,2.436,2.431,2.4332,1531.1403
2019-11-22 05:46:00,2.4319,2.4335,2.4307,2.4321,2564.7673
2019-11-22 05:45:00,2.433,2.4363,2.4324,2.4335,4303.3873
2019-11-22 05:44:00,2.4321,2.4336,2.4308,2.4322,3391.6119
2019-11-22 05:43:00,2.4326,2.4333,2.4306,2.4326,4942.3273
2019-11-22 05:42:00,2.4339,2.4339,2.4318,2.4319,2634.544
2019-11-22 05:41:00,2.4336,2.4374,2.4319,2.4319,676.6759
2019-11-22 05:40:00,2.437,2.437,2.4319,2.4343,4585.4842
2019-11-22 05:39:00,2.4398,2.4411,2.4369,2.4369,7971.2647
2019-11-22 05:38:00,2.4373,2.4414,2.4373,2.4401,1485.6409
2019-11-22 05:37:00,2.4366,2.4372,2.4353,2.4358,5995.8646
2019-11-22 05:36:00,2.433,2.4357,2.433,2.4353,6595.2352
2019-11-22 05:35:00,2.4334,2.4358,2.4334,2.4345,8220.5456
2019-11-22 05:34:00,2.4327,2.4349,2.4306,2.4348,7786.9659
2019-11-22 05:33:00,2.4338,2.4353,2.4324,2.4339,3284.5044
2019-11-22 05:32:00,2.4336,2.4344,2.4333,2.4344,5199.3111
2019-11-22 05:31:00,2.4335,2.4343,2.4332,2.4334,1957.6029
2019-11-22 05:30:00,2.4338,2.4339,2.4323,2.4339,650.6159
2019-11-22 05:29:00,2.4333,2.4334,2.4325,2.4332,921.6951
2019-11-22 05:28:00,2.434,2.4346,2.4328,2.4328,1808.8272
2019-11-22 05:27:00,2.4339,2.4346,2.4323,2.4335,5035.8932
2019-11-22 05:26:00,2.4335,2.435,2.4334,2.4337,3523.5509
2019-11-22 05:25:00,2.4344,2.4356,2.4318,2.4318,8051.9313
2019-11-22 05:24:00,2.4303,2.4344,2.4303,2.4344,2425.724
2019-11-22 05:23:00,2.4293,2.4297,2.4268,2.4295,3942.7318
2019-11-22 05:22:00,2.4293,2.4293,2.4272,2.4272,3579.2852
2019-11-22 05:21:00,2.4255,2.428,2.4255,2.4271,5293.9637
2019-11-22 05:20:00,2.428,2.4288,2.4253,2.4266,2262.4184
2019-11-22 05:19:00,2.4299,2.4299,2.4238,2.428,16201.3019
2019-11-22 05:18:00,2.4263,2.4306,2.426,2.4294,3148.6989
2019-11-22 05:17:00,2.4254,2.4298,2.4238,2.4298,22385.4393
2019-11-22 05:16:00,2.4283,2.4283,2.4253,2.4283,1074.4936
2019-11-22 05:15:00,2.4281,2.4282,2.4257,2.4279,660.1996
2019-11-22 05:14:00,2.4277,2.4295,2.4259,2.4295,986.6608
2019-11-22 05:13:00,2.4275,2.4284,2.4256,2.4256,4590.8046
2019-11-22 05:12:00,2.4287,2.4306,2.4275,2.4275,4517.0685
2019-11-22 05:11:00,2.4316,2.4316,2.4292,2.4306,1204.169
2019-11-22 05:10:00,2.4309,2.431,2.4282,2.431,5845.5662
2019-11-22 05:09:00,2.4314,2.4317,2.4289,2.4289,1945.198
2019-11-22 05:08:00,2.4343,2.4343,2.4309,2.4337,22776.6067
2019-11-22 05:07:00,2.4326,2.4326,2.4287,2.4309,7284.4627
2019-11-22 05:06:00,2.4372,2.4374,2.43,2.43,20290.8955
2019-11-22 05:05:00,2.4373,2.4391,2.4366,2.4391,1059.5686
2019-11-22 05:04:00,2.4351,2.4389,2.4351,2.4371,3510.9761
2019-11-22 05:03:00,2.4366,2.4382,2.4324,2.4342,16329.0618
2019-11-22 05:02:00,2.4308,2.4419,2.4308,2.4373,16458.7551
2019-11-22 05:01:00,2.4299,2.4322,2.4284,2.4284,1656.3686
2019-11-22 05:00:00,2.4304,2.4316,2.4253,2.4299,6774.0763
2019-11-22 04:59:00,2.4298,2.4316,2.4283,2.4304,2210.0124
2019-11-22 04:58:00,2.4277,2.4304,2.4277,2.4304,4070.6029
2019-11-22 04:57:00,2.4265,2.4291,2.4265,2.4276,1244.1227
2019-11-22 04:56:00,2.426,2.4263,2.4251,2.4256,1849.2926
2019-11-22 04:55:00,2.4251,2.426,2.4251,2.4257,1294.2536
2019-11-22 04:54:00,2.4245,2.4262,2.4245,2.4257,4214.4348
2019-11-22 04:53:00,2.4252,2.4252,2.4247,2.4247,922.808
2019-11-22 04:52:00,2.4247,2.4265,2.4247,2.4262,5758.8098
2019-11-22 04:51:00,2.4251,2.4269,2.4251,2.4267,4596.8005
2019-11-22 04:50:00,2.4249,2.4255,2.424,2.4249,2747.8881
2019-11-22 04:49:00,2.4237,2.4254,2.4236,2.4248,1986.5539
2019-11-22 04:48:00,2.4252,2.4252,2.4209,2.4237,5745.2324
2019-11-22 04:47:00,2.4246,2.4272,2.4236,2.4253,1644.611
2019-11-22 04:46:00,2.4243,2.4267,2.4231,2.4267,1868.7515
2019-11-22 04:45:00,2.4248,2.4274,2.4242,2.4259,2518.2388
2019-11-22 04:44:00,2.4226,2.4252,2.4225,2.4248,1107.763
2019-11-22 04:43:00,2.4224,2.4247,2.4203,2.4227,4298.975
2019-11-22 04:42:00,2.4265,2.4275,2.4201,2.4201,4006.3041
2019-11-22 04:41:00,2.4253,2.4282,2.425,2.4259,3738.2688
2019-11-22 04:40:00,2.429,2.4305,2.4278,2.4284,1340.0702
2019-11-22 04:39:00,2.4267,2.4303,2.4255,2.4276,5529.8993
2019-11-22 04:38:00,2.4247,2.4348,2.4247,2.4268,6723.7981
2019-11-22 04:37:00,2.4278,2.4337,2.4246,2.4298,7067.1808
2019-11-22 04:36:00,2.4287,2.434,2.4215,2.4274,9970.1583
2019-11-22 04:35:00,2.4352,2.4397,2.4332,2.4332,826.6273
2019-11-22 04:34:00,2.435,2.4351,2.4295,2.4295,4055.9092
2019-11-22 04:33:00,2.4293,2.4413,2.4293,2.4413,24313.2661
2019-11-22 04:32:00,2.4341,2.4341,2.4293,2.4318,509.8752
2019-11-22 04:31:00,2.4331,2.4349,2.43,2.4319,1881.2425
2019-11-22 04:30:00,2.434,2.4398,2.4288,2.4347,31035.5093
2019-11-22 04:29:00,2.4388,2.4388,2.4352,2.4352,2238.7759
2019-11-22 04:28:00,2.44,2.4401,2.4373,2.4387,2049.9344
2019-11-22 04:27:00,2.4401,2.441,2.4394,2.4398,4263.8259
2019-11-22 04:26:00,2.4406,2.4407,2.4392,2.4392,3266.1745
2019-11-22 04:25:00,2.4394,2.4401,2.4382,2.4401,452.7948
2019-11-22 04:24:00,2.4388,2.4401,2.4378,2.4378,5573.1195
2019-11-22 04:23:00,2.4394,2.4397,2.4373,2.4393,727.7059
2019-11-22 04:22:00,2.4419,2.4419,2.4372,2.4397,5830.3451
2019-11-22 04:21:00,2.4361,2.4406,2.434,2.4394,7469.6845
2019-11-22 04:20:00,2.4368,2.4376,2.4368,2.4369,1092.5223
2019-11-22 04:19:00,2.4372,2.438,2.4372,2.4379,5277.5566
2019-11-22 04:18:00,2.4366,2.4366,2.4336,2.4361,10239.0804
2019-11-22 04:17:00,2.4329,2.4362,2.432,2.4347,4358.5408
2019-11-22 04:16:00,2.4361,2.4361,2.4324,2.4324,2460.6808
2019-11-22 04:15:00,2.4356,2.4376,2.4334,2.4359,3410.6455
2019-11-22 04:14:00,2.4347,2.4376,2.4347,2.4348,9043.7499
2019-11-22 04:13:00,2.4327,2.4378,2.4324,2.4378,7887.1364
2019-11-22 04:12:00,2.4347,2.4384,2.4346,2.4346,1078.0401
2019-11-22 04:11:00,2.4357,2.4379,2.4357,2.4379,6176.3781
2019-11-22 04:10:00,2.4353,2.438,2.4329,2.4357,5933.1915
2019-11-22 04:09:00,2.4441,2.4484,2.4357,2.4357,14106.581
2019-11-22 04:08:00,2.4312,2.45,2.4294,2.4422,104562.276
2019-11-22 04:07:00,2.4325,2.4329,2.4312,2.4327,1600.6833
2019-11-22 04:06:00,2.4325,2.4325,2.4287,2.4308,2832.0894
2019-11-22 04:05:00,2.4289,2.433,2.4289,2.4311,6690.5618
2019-11-22 04:04:00,2.4309,2.4326,2.4306,2.4306,2082.1283
2019-11-22 04:03:00,2.4294,2.4321,2.4294,2.4321,1846.3087
2019-11-22 04:02:00,2.4307,2.4322,2.4294,2.4308,7945.2836
2019-11-22 04:01:00,2.429,2.4326,2.429,2.4307,3817.965
2019-11-22 04:00:00,2.4307,2.4322,2.429,2.4307,727.5466
2019-11-22 03:59:00,2.4307,2.4323,2.4292,2.4307,2150.0296
2019-11-22 03:58:00,2.4301,2.4321,2.4285,2.4306,2890.5744
2019-11-22 03:57:00,2.4269,2.4329,2.4266,2.4303,2885.7094
2019-11-22 03:56:00,2.4269,2.427,2.4268,2.4268,1778.9301
2019-11-22 03:55:00,2.4272,2.4275,2.4269,2.4269,1542.8836
2019-11-22 03:54:00,2.4271,2.4272,2.4269,2.4272,1983.0854
2019-11-22 03:53:00,2.4275,2.4278,2.4269,2.4272,4192.1423
2019-11-22 03:52:00,2.4276,2.4276,2.4273,2.4276,6784.559
2019-11-22 03:51:00,2.4274,2.4276,2.4272,2.4275,3133.053
2019-11-22 03:50:00,2.4266,2.4274,2.4266,2.4274,2050.028
2019-11-22 03:49:00,2.4254,2.4266,2.4254,2.4266,13.6083
2019-11-22 03:48:00,2.4254,2.4258,2.4243,2.4254,3979.8748
2019-11-22 03:47:00,2.424,2.426,2.424,2.4243,968.4259
2019-11-22 03:46:00,2.4247,2.4266,2.423,2.4248,3631.4435
2019-11-22 03:45:00,2.4264,2.4267,2.4243,2.4243,5372.0942
2019-11-22 03:44:00,2.4264,2.4264,2.4263,2.4264,1462.7741
2019-11-22 03:43:00,2.4257,2.4267,2.4251,2.4264,1236.2919
2019-11-22 03:42:00,2.4246,2.4266,2.4246,2.4247,6088.7006
2019-11-22 03:41:00,2.4253,2.4258,2.4243,2.4246,786.703
2019-11-22 03:40:00,2.4253,2.4266,2.4239,2.4251,1842.6092
2019-11-22 03:39:00,2.4243,2.4267,2.4243,2.4252,6461.6255
2019-11-22 03:38:00,2.4241,2.4278,2.424,2.4255,8728.4443
2019-11-22 03:37:00,2.425,2.4265,2.4231,2.4231,2803.9351
2019-11-22 03:36:00,2.4263,2.4276,2.4252,2.4252,3085.5271
2019-11-22 03:35:00,2.426,2.4264,2.4235,2.426,740.1729
2019-11-22 03:34:00,2.4225,2.4273,2.4225,2.4238,1101.4306
2019-11-22 03:33:00,2.4211,2.4244,2.4196,2.4196,14251.668
2019-11-22 03:32:00,2.4219,2.4229,2.4211,2.4211,6287.1793
2019-11-22 03:31:00,2.4225,2.4225,2.4212,2.4223,1863.506
2019-11-22 03:30:00,2.4212,2.4226,2.4199,2.4226,1041.8275
2019-11-22 03:29:00,2.4212,2.4212,2.42,2.42,4425.4293
2019-11-22 03:28:00,2.4212,2.4233,2.4212,2.4212,3571.3891
2019-11-22 03:27:00,2.4229,2.4235,2.421,2.4212,8208.9618
2019-11-22 03:26:00,2.4212,2.4236,2.4212,2.4236,959.1457
2019-11-22 03:25:00,2.4222,2.4236,2.4212,2.4212,5327.9852
2019-11-22 03:24:00,2.4221,2.4221,2.4201,2.4221,1125.7607
2019-11-22 03:23:00,2.424,2.424,2.4213,2.4218,2330.7419
2019-11-22 03:22:00,2.4216,2.4244,2.4216,2.4217,1016.8755
2019-11-22 03:21:00,2.4216,2.4243,2.4215,2.4216,6453.8617
2019-11-22 03:20:00,2.4192,2.4245,2.4192,2.4215,2073.1444
2019-11-22 03:19:00,2.4217,2.4246,2.421,2.4217,1516.8815
2019-11-22 03:18:00,2.4215,2.4215,2.4191,2.4215,3333.1735
2019-11-22 03:17:00,2.4214,2.4219,2.4193,2.4219,9748.4382
2019-11-22 03:16:00,2.4197,2.4214,2.4192,2.4213,3905.2846
2019-11-22 03:15:00,2.4186,2.4203,2.4176,2.4197,1098.5459
2019-11-22 03:14:00,2.4187,2.4189,2.4171,2.4189,1813.9172
2019-11-22 03:13:00,2.4186,2.4199,2.4183,2.4183,7302.8325
2019-11-22 03:12:00,2.4225,2.4225,2.4174,2.4187,4543.9829
2019-11-22 03:11:00,2.4196,2.42,2.4175,2.4197,1266.3855
2019-11-22 03:10:00,2.4169,2.42,2.4165,2.42,13002.3272
2019-11-22 03:09:00,2.417,2.4196,2.4168,2.4183,1295.5737
2019-11-22 03:08:00,2.4171,2.4177,2.4167,2.4168,1117.7645
2019-11-22 03:07:00,2.4162,2.4179,2.4162,2.4172,1832.9009
2019-11-22 03:06:00,2.4162,2.4172,2.4153,2.4162,2035.6715
2019-11-22 03:05:00,2.4179,2.4179,2.4162,2.4162,549.0059
2019-11-22 03:04:00,2.4162,2.4175,2.4162,2.4173,1053.3021
2019-11-22 03:03:00,2.4171,2.4171,2.4144,2.4162,2501.8411
2019-11-22 03:02:00,2.4182,2.4182,2.4173,2.4175,4783.0284
2019-11-22 03:01:00,2.4169,2.4195,2.4167,2.4181,7720.8636
2019-11-22 03:00:00,2.4166,2.4175,2.4152,2.4175,627.6406
2019-11-22 02:59:00,2.4183,2.4185,2.4144,2.415,4110.8949
2019-11-22 02:58:00,2.4171,2.4181,2.415,2.4169,9848.2599
2019-11-22 02:57:00,2.4185,2.4185,2.4144,2.4169,3703.7285
2019-11-22 02:56:00,2.4186,2.4194,2.4163,2.4163,4845.6171
2019-11-22 02:55:00,2.4182,2.4196,2.4182,2.4194,4337.7665
2019-11-22 02:54:00,2.4183,2.4185,2.4179,2.4181,1670.0971
2019-11-22 02:53:00,2.4186,2.4189,2.4175,2.4182,3243.3139
2019-11-22 02:52:00,2.4185,2.4196,2.4182,2.4196,2143.6313
2019-11-22 02:51:00,2.4186,2.4199,2.4185,2.419,1346.7985
2019-11-22 02:50:00,2.4192,2.42,2.4183,2.4186,2797.2284
2019-11-22 02:49:00,2.4147,2.4193,2.4147,2.4185,3421.4441
2019-11-22 02:48:00,2.418,2.4205,2.4171,2.4172,635.9292
2019-11-22 02:47:00,2.4173,2.4178,2.4152,2.4178,1719.0137
2019-11-22 02:46:00,2.4171,2.4178,2.4145,2.4147,10799.7286
2019-11-22 02:45:00,2.4188,2.4208,2.4173,2.4173,1969.1922
2019-11-22 02:44:00,2.4219,2.4224,2.4172,2.4172,11479.306
2019-11-22 02:43:00,2.4227,2.4237,2.4218,2.4222,8997.7779
2019-11-22 02:42:00,2.4236,2.4236,2.422,2.4225,4213.7781
2019-11-22 02:41:00,2.4225,2.4231,2.4219,2.4222,2911.7441
2019-11-22 02:40:00,2.4206,2.4214,2.4205,2.4205,4104.8256
2019-11-22 02:39:00,2.4223,2.4228,2.4219,2.4219,2318.1525
2019-11-22 02:38:00,2.4207,2.4214,2.4201,2.4214,1463.5371
2019-11-22 02:37:00,2.4228,2.4228,2.421,2.421,1111.7828
2019-11-22 02:36:00,2.421,2.4237,2.4207,2.4207,4756.2016
2019-11-22 02:35:00,2.4202,2.4213,2.4195,2.4211,873.2991
2019-11-22 02:34:00,2.4198,2.4223,2.4186,2.4195,2250.1693
2019-11-22 02:33:00,2.4197,2.4225,2.4192,2.4199,6639.4239
2019-11-22 02:32:00,2.418,2.4223,2.418,2.4223,5056.89
2019-11-22 02:31:00,2.4194,2.4204,2.4187,2.4204,1040.622
2019-11-22 02:30:00,2.4205,2.421,2.4163,2.4163,2770.9042
2019-11-22 02:29:00,2.4184,2.42,2.4164,2.4193,1817.4446
2019-11-22 02:28:00,2.418,2.4197,2.418,2.4185,121.7523
2019-11-22 02:27:00,2.4174,2.4195,2.4151,2.4151,9190.0686
2019-11-22 02:26:00,2.4176,2.4199,2.4145,2.4188,7179.2379
2019-11-22 02:25:00,2.4176,2.4235,2.4147,2.4235,1978.4288
2019-11-22 02:24:00,2.4145,2.4197,2.4145,2.4197,7268.0282
2019-11-22 02:23:00,2.4188,2.4208,2.4175,2.4175,3021.089
2019-11-22 02:22:00,2.4184,2.4203,2.4156,2.4182,1792.2628
2019-11-22 02:21:00,2.4193,2.4208,2.419,2.4191,3120.6995
2019-11-22 02:20:00,2.4167,2.4197,2.4167,2.4193,3695.2653
2019-11-22 02:19:00,2.4174,2.4217,2.4143,2.4182,3360.1953
2019-11-22 02:18:00,2.4145,2.4187,2.414,2.4148,2434.7911
2019-11-22 02:17:00,2.4155,2.4189,2.4108,2.415,1839.4644
2019-11-22 02:16:00,2.4183,2.4188,2.4156,2.4156,6027.8984
2019-11-22 02:15:00,2.4166,2.4188,2.4166,2.4176,4134.5729
2019-11-22 02:14:00,2.4153,2.4177,2.4113,2.4177,7550.0197
2019-11-22 02:13:00,2.4157,2.4173,2.4126,2.4152,3170.7749
2019-11-22 02:12:00,2.4142,2.4196,2.4122,2.4122,3500.2073
2019-11-22 02:11:00,2.414,2.4154,2.414,2.4154,6006.0993
2019-11-22 02:10:00,2.4127,2.4152,2.4126,2.4152,4402.4318
2019-11-22 02:09:00,2.4099,2.4142,2.4099,2.413,9446.9858
2019-11-22 02:08:00,2.4091,2.4097,2.4086,2.4093,1823.1389
2019-11-22 02:07:00,2.4091,2.4094,2.4084,2.4092,1827.9255
2019-11-22 02:06:00,2.4089,2.4096,2.4077,2.4091,4963.9387
2019-11-22 02:05:00,2.4091,2.4096,2.4079,2.4088,2584.6748
2019-11-22 02:04:00,2.4089,2.4091,2.4078,2.4091,2000.7158
2019-11-22 02:03:00,2.4088,2.4088,2.408,2.4087,6720.5413
2019-11-22 02:02:00,2.4077,2.4089,2.407,2.4089,6343.4877
2019-11-22 02:01:00,2.4075,2.4077,2.4066,2.4066,1983.7517
2019-11-22 02:00:00,2.4074,2.4082,2.4052,2.4077,4176.7475
2019-11-22 01:59:00,2.4037,2.4069,2.4012,2.404,3849.3393
2019-11-22 01:58:00,2.4032,2.4041,2.401,2.4037,5734.3784
2019-11-22 01:57:00,2.4064,2.4064,2.4035,2.4035,6184.1034
2019-11-22 01:56:00,2.4074,2.4074,2.4059,2.406,608.4181
2019-11-22 01:55:00,2.4061,2.4076,2.4061,2.4061,7593.6227
2019-11-22 01:54:00,2.4069,2.4074,2.4062,2.4065,2065.3524
2019-11-22 01:53:00,2.407,2.4075,2.4058,2.4068,3911.1114
2019-11-22 01:52:00,2.4058,2.4062,2.4058,2.4062,526.9735
2019-11-22 01:51:00,2.409,2.409,2.4062,2.4069,670.2146
2019-11-22 01:50:00,2.4066,2.41,2.4066,2.409,4079.2086
2019-11-22 01:49:00,2.4057,2.4078,2.405,2.4069,4535.4963
2019-11-22 01:48:00,2.4055,2.4075,2.4021,2.4021,5775.1213
2019-11-22 01:47:00,2.4052,2.4071,2.4052,2.4068,8382.2684
2019-11-22 01:46:00,2.4062,2.4081,2.404,2.4062,8508.471
2019-11-22 01:45:00,2.4063,2.407,2.4037,2.4057,2806.4594
2019-11-22 01:44:00,2.4075,2.409,2.401,2.4051,8263.8925
2019-11-22 01:43:00,2.4111,2.4111,2.4034,2.4071,10825.6636
2019-11-22 01:42:00,2.412,2.4133,2.411,2.411,2989.145
2019-11-22 01:41:00,2.4123,2.4123,2.4111,2.412,1088.6444
2019-11-22 01:40:00,2.4129,2.4129,2.4117,2.4126,1668.9218
2019-11-22 01:39:00,2.4125,2.4135,2.4113,2.4129,3599.7986
2019-11-22 01:38:00,2.4124,2.4132,2.4119,2.4125,6991.961
2019-11-22 01:37:00,2.4139,2.4139,2.41,2.4127,12494.9618
2019-11-22 01:36:00,2.4084,2.4099,2.4052,2.4099,2230.6512
2019-11-22 01:35:00,2.416,2.416,2.401,2.4067,30565.9108
2019-11-22 01:34:00,2.4186,2.422,2.418,2.4182,4164.3715
2019-11-22 01:33:00,2.4145,2.4224,2.4145,2.4224,4685.1896
2019-11-22 01:32:00,2.4204,2.4245,2.4185,2.4195,979.6027
2019-11-22 01:31:00,2.4204,2.4242,2.4195,2.4201,12015.6915
2019-11-22 01:30:00,2.4171,2.4176,2.4115,2.4171,1159.8532
2019-11-22 01:29:00,2.4138,2.4232,2.4108,2.4174,4471.3139
2019-11-22 01:28:00,2.418,2.4195,2.4119,2.4189,10841.9601
2019-11-22 01:27:00,2.4148,2.421,2.4148,2.421,5076.9189
2019-11-22 01:26:00,2.4155,2.4162,2.4148,2.4153,10732.4815
2019-11-22 01:25:00,2.4152,2.4178,2.4134,2.4151,5052.9898
2019-11-22 01:24:00,2.4117,2.422,2.4117,2.4152,2024.8625
2019-11-22 01:23:00,2.4106,2.4136,2.4106,2.4136,3057.1784
2019-11-22 01:22:00,2.4138,2.4138,2.4104,2.4132,5615.8865
2019-11-22 01:21:00,2.4128,2.4146,2.411,2.4146,3541.1987
2019-11-22 01:20:00,2.4134,2.4146,2.4121,2.4135,1423.518
2019-11-22 01:19:00,2.4127,2.4154,2.4114,2.4142,13000.2462
2019-11-22 01:18:00,2.414,2.4146,2.4136,2.414,1532.8604
2019-11-22 01:17:00,2.4145,2.4154,2.4135,2.414,3630.3691
2019-11-22 01:16:00,2.4152,2.4152,2.4136,2.4138,6262.1522
2019-11-22 01:15:00,2.4131,2.4139,2.413,2.4139,4188.4777
2019-11-22 01:14:00,2.4119,2.4134,2.4119,2.4134,8132.1318
2019-11-22 01:13:00,2.4135,2.415,2.4068,2.4091,25109.7372
2019-11-22 01:12:00,2.4153,2.4155,2.412,2.412,21789.4431
2019-11-22 01:11:00,2.4172,2.4172,2.4125,2.4154,4833.8815
2019-11-22 01:10:00,2.4193,2.4193,2.4167,2.4172,2248.4116
2019-11-22 01:09:00,2.4177,2.4198,2.4177,2.4183,704.202
2019-11-22 01:08:00,2.4202,2.4223,2.4184,2.4184,1575.4618
2019-11-22 01:07:00,2.4227,2.4228,2.4208,2.4215,1352.0673
2019-11-22 01:06:00,2.4215,2.424,2.4208,2.4215,8845.6567
2019-11-22 01:05:00,2.4262,2.4263,2.4231,2.4231,2742.1105
2019-11-22 01:04:00,2.4297,2.43,2.4251,2.4268,11034.5084
2019-11-22 01:03:00,2.4303,2.4304,2.43,2.43,7860.8594
2019-11-22 01:02:00,2.431,2.431,2.4273,2.4308,11659.7837
2019-11-22 01:01:00,2.4296,2.4325,2.4296,2.432,6175.5857
2019-11-22 01:00:00,2.4299,2.4312,2.4267,2.4295,3661.9281
2019-11-22 00:59:00,2.4253,2.432,2.4253,2.4292,9691.9182
2019-11-22 00:58:00,2.4258,2.4262,2.4256,2.4258,636.5535
2019-11-22 00:57:00,2.4238,2.4259,2.4238,2.4254,8596.3808
2019-11-22 00:56:00,2.4238,2.4247,2.4234,2.4234,2010.9708
2019-11-22 00:55:00,2.422,2.424,2.4213,2.4238,2264.7489
2019-11-22 00:54:00,2.4214,2.422,2.4206,2.4213,4382.9158
2019-11-22 00:53:00,2.4217,2.4222,2.4214,2.4214,5891.4804
2019-11-22 00:52:00,2.4213,2.4224,2.4213,2.4214,791.4262
2019-11-22 00:51:00,2.4225,2.4249,2.421,2.4211,2029.4505
2019-11-22 00:50:00,2.4218,2.4223,2.4206,2.4223,3879.0173
2019-11-22 00:49:00,2.4229,2.423,2.4209,2.4224,1211.3637
2019-11-22 00:48:00,2.422,2.423,2.4211,2.4229,1624.8979
2019-11-22 00:47:00,2.4225,2.4229,2.4203,2.4225,9547.3779
2019-11-22 00:46:00,2.4198,2.4242,2.4174,2.423,11034.2642
2019-11-22 00:45:00,2.4183,2.4191,2.4183,2.4185,806.8647
2019-11-22 00:44:00,2.4183,2.4183,2.4172,2.4172,6742.2026
2019-11-22 00:43:00,2.419,2.419,2.4165,2.4185,2775.8573
2019-11-22 00:42:00,2.4182,2.42,2.4176,2.4185,1702.9412
2019-11-22 00:41:00,2.4229,2.4231,2.4164,2.4196,5683.6031
2019-11-22 00:40:00,2.4191,2.4236,2.419,2.4236,5259.7411
2019-11-22 00:39:00,2.4184,2.4197,2.4181,2.4185,6213.0478
2019-11-22 00:38:00,2.4174,2.4195,2.4174,2.418,997.0954
2019-11-22 00:37:00,2.4198,2.4218,2.4188,2.4188,4237.4954
2019-11-22 00:36:00,2.4226,2.425,2.4171,2.4204,6856.371
2019-11-22 00:35:00,2.4246,2.4254,2.4214,2.4214,709.7578
2019-11-22 00:34:00,2.4261,2.4261,2.4231,2.4243,3555.0998
2019-11-22 00:33:00,2.4247,2.4264,2.4245,2.4261,5141.4225
2019-11-22 00:32:00,2.4248,2.4256,2.4237,2.4256,1517.4005
2019-11-22 00:31:00,2.4247,2.4265,2.4247,2.426,11864.4526
2019-11-22 00:30:00,2.4215,2.4252,2.4215,2.4247,873.4843
2019-11-22 00:29:00,2.423,2.4232,2.4202,2.4202,1153.3004
2019-11-22 00:28:00,2.4259,2.4261,2.42,2.4231,11402.6713
2019-11-22 00:27:00,2.4263,2.4266,2.4251,2.4256,6381.6884
2019-11-22 00:26:00,2.426,2.4266,2.426,2.4266,15659.2402
2019-11-22 00:25:00,2.4264,2.4264,2.426,2.4263,4648.0582
2019-11-22 00:24:00,2.4289,2.4289,2.4261,2.4263,6222.6131
2019-11-22 00:23:00,2.4278,2.4286,2.427,2.4286,6662.5165
2019-11-22 00:22:00,2.4288,2.4305,2.4278,2.4293,1181.4197
2019-11-22 00:21:00,2.4299,2.4299,2.4267,2.4281,4752.7151
2019-11-22 00:20:00,2.4292,2.431,2.4289,2.4299,2910.4773
2019-11-22 00:19:00,2.4291,2.433,2.4276,2.4309,5468.8934
2019-11-22 00:18:00,2.4327,2.4327,2.4309,2.4309,6245.0886
2019-11-22 00:17:00,2.43,2.4329,2.43,2.4324,3226.9602
2019-11-22 00:16:00,2.4276,2.43,2.4276,2.43,2661.7913
2019-11-22 00:15:00,2.4288,2.4298,2.428,2.428,2276.2709
2019-11-22 00:14:00,2.428,2.4299,2.4265,2.4271,3175.0743
2019-11-22 00:13:00,2.432,2.432,2.4277,2.428,3769.739
2019-11-22 00:12:00,2.4292,2.4308,2.428,2.4308,1152.6532
2019-11-22 00:11:00,2.436,2.436,2.429,2.429,3425.6962
2019-11-22 00:10:00,2.4315,2.4363,2.4315,2.4363,9613.8145
2019-11-22 00:09:00,2.4351,2.4352,2.4316,2.4352,1732.0736
2019-11-22 00:08:00,2.4361,2.4361,2.4318,2.4351,380.4078
2019-11-22 00:07:00,2.4328,2.4398,2.4312,2.4392,28198.6315
2019-11-22 00:06:00,2.4304,2.4345,2.4304,2.4325,4138.6344
2019-11-22 00:05:00,2.4268,2.4331,2.4245,2.4331,2198.3511
2019-11-22 00:04:00,2.4319,2.4326,2.4253,2.4282,4540.521
2019-11-22 00:03:00,2.4312,2.4318,2.4282,2.4306,10443.8613
2019-11-22 00:02:00,2.4326,2.4356,2.4309,2.4316,4531.6167
2019-11-22 00:01:00,2.4299,2.4316,2.4278,2.4316,8676.6357
2019-11-22 00:00:00,2.4282,2.43,2.4248,2.4294,11070.6025
