2019-11-20 23:59:00,2.5817,2.5817,2.5789,2.5789,2075.6106
2019-11-20 23:58:00,2.5821,2.5821,2.5796,2.5817,2211.5248
2019-11-20 23:57:00,2.5786,2.5817,2.5769,2.5787,2426.3855
2019-11-20 23:56:00,2.5777,2.5814,2.5764,2.5773,3978.4502
2019-11-20 23:55:00,2.5768,2.5778,2.5766,2.5778,3302.6381
2019-11-20 23:54:00,2.5798,2.58,2.5773,2.5782,669.5746
2019-11-20 23:53:00,2.5774,2.5793,2.5748,2.5749,4767.2843
2019-11-20 23:52:00,2.5761,2.5799,2.5739,2.5762,2991.9242
2019-11-20 23:51:00,2.5753,2.5787,2.5732,2.5763,1898.6126
2019-11-20 23:50:00,2.5773,2.5776,2.5745,2.5747,2297.4365
2019-11-20 23:49:00,2.5774,2.5774,2.5754,2.5773,5466.8152
2019-11-20 23:48:00,2.5775,2.579,2.575,2.5774,4055.6309
2019-11-20 23:47:00,2.5803,2.5822,2.575,2.5775,3508.4338
2019-11-20 23:46:00,2.582,2.5824,2.5806,2.5821,635.392
2019-11-20 23:45:00,2.584,2.584,2.5802,2.582,5263.0522
2019-11-20 23:44:00,2.584,2.5843,2.583,2.584,3469.4327
2019-11-20 23:43:00,2.5835,2.5835,2.5804,2.5835,5330.0833
2019-11-20 23:42:00,2.5827,2.5827,2.5801,2.5821,875.2401
2019-11-20 23:41:00,2.5802,2.5836,2.5802,2.5826,4842.8248
2019-11-20 23:40:00,2.5794,2.5809,2.5773,2.5791,5940.9818
2019-11-20 23:39:00,2.5801,2.5818,2.58,2.5812,11503.3862
2019-11-20 23:38:00,2.5821,2.5824,2.5801,2.581,5608.683
2019-11-20 23:37:00,2.5801,2.5836,2.5801,2.5822,1515.6067
2019-11-20 23:36:00,2.5821,2.5828,2.5813,2.5813,4966.493
2019-11-20 23:35:00,2.5834,2.5848,2.5821,2.5829,732.2371
2019-11-20 23:34:00,2.5834,2.5852,2.5834,2.5834,1827.9137
2019-11-20 23:33:00,2.5835,2.5853,2.5834,2.5834,2183.5283
2019-11-20 23:32:00,2.587,2.5872,2.5838,2.5838,1486.0129
2019-11-20 23:31:00,2.5879,2.5879,2.5862,2.5867,1857.8676
2019-11-20 23:30:00,2.5882,2.5901,2.5869,2.5869,6022.1274
2019-11-20 23:29:00,2.5918,2.5918,2.587,2.5897,7689.7814
2019-11-20 23:28:00,2.5909,2.5926,2.5905,2.5918,4150.7979
2019-11-20 23:27:00,2.5943,2.5943,2.5908,2.5926,1357.8888
2019-11-20 23:26:00,2.5947,2.5947,2.5924,2.5926,1063.6494
2019-11-20 23:25:00,2.5947,2.5947,2.5923,2.5925,1187.2092
2019-11-20 23:24:00,2.5932,2.5949,2.5907,2.5927,4885.6277
2019-11-20 23:23:00,2.5947,2.5947,2.5932,2.5932,4471.7392
2019-11-20 23:22:00,2.5916,2.5939,2.5916,2.5932,1036.3353
2019-11-20 23:21:00,2.5919,2.5946,2.5918,2.5946,1686.6167
2019-11-20 23:20:00,2.5916,2.5948,2.5903,2.5909,8020.5421
2019-11-20 23:19:00,2.5908,2.5944,2.5888,2.5944,1922.8875
2019-11-20 23:18:00,2.595,2.595,2.5894,2.5945,7853.6393
2019-11-20 23:17:00,2.5986,2.5993,2.5925,2.595,17924.9011
2019-11-20 23:16:00,2.6,2.6,2.5975,2.5992,2496.5551
2019-11-20 23:15:00,2.5983,2.6,2.5983,2.5996,1989.1837
2019-11-20 23:14:00,2.5995,2.6,2.5969,2.6,8599.6767
2019-11-20 23:13:00,2.5985,2.6,2.5976,2.6,1934.9851
2019-11-20 23:12:00,2.6,2.6,2.5967,2.5969,3848.8654
2019-11-20 23:11:00,2.5983,2.6,2.5965,2.5983,5801.4075
2019-11-20 23:10:00,2.5982,2.6,2.5982,2.5983,1435.7382
2019-11-20 23:09:00,2.5983,2.6,2.5982,2.5999,2119.0158
2019-11-20 23:08:00,2.5979,2.6,2.5965,2.5982,5065.6527
2019-11-20 23:07:00,2.5967,2.5995,2.5947,2.5947,11490.4045
2019-11-20 23:06:00,2.5997,2.6,2.5944,2.597,7607.2597
2019-11-20 23:05:00,2.5935,2.5997,2.5935,2.5965,9983.3192
2019-11-20 23:04:00,2.5956,2.598,2.5932,2.5957,3985.0258
2019-11-20 23:03:00,2.6001,2.6014,2.5892,2.5949,9414.6993
2019-11-20 23:02:00,2.6049,2.6076,2.5931,2.5971,10235.5716
2019-11-20 23:01:00,2.612,2.6154,2.6082,2.6082,15656.1917
2019-11-20 23:00:00,2.6058,2.6158,2.6058,2.6127,44796.1873
2019-11-20 22:59:00,2.6072,2.6079,2.6064,2.6068,1994.7127
2019-11-20 22:58:00,2.6027,2.6088,2.602,2.6071,3798.0035
2019-11-20 22:57:00,2.5979,2.6091,2.5979,2.6052,42027.7057
2019-11-20 22:56:00,2.597,2.5999,2.5961,2.5966,5945.6002
2019-11-20 22:55:00,2.5964,2.599,2.5953,2.5967,11064.3081
2019-11-20 22:54:00,2.5961,2.598,2.5961,2.5963,1705.0686
2019-11-20 22:53:00,2.598,2.598,2.594,2.598,2342.4866
2019-11-20 22:52:00,2.598,2.598,2.5931,2.5954,4076.2391
2019-11-20 22:51:00,2.5931,2.598,2.5931,2.5952,3148.36
2019-11-20 22:50:00,2.5915,2.598,2.5915,2.5947,13073.2583
2019-11-20 22:49:00,2.5923,2.5923,2.5889,2.5923,1565.2749
2019-11-20 22:48:00,2.5897,2.5919,2.5889,2.59,5478.5776
2019-11-20 22:47:00,2.5897,2.5919,2.587,2.5901,3445.8869
2019-11-20 22:46:00,2.5904,2.5923,2.5818,2.5898,7461.6613
2019-11-20 22:45:00,2.5892,2.5922,2.589,2.5904,533.2409
2019-11-20 22:44:00,2.5896,2.5918,2.5896,2.5901,9134.1434
2019-11-20 22:43:00,2.5884,2.5919,2.5873,2.5895,10958.3566
2019-11-20 22:42:00,2.5876,2.5901,2.5876,2.589,1803.151
2019-11-20 22:41:00,2.592,2.5933,2.5867,2.5867,5677.7176
2019-11-20 22:40:00,2.5929,2.5943,2.592,2.593,5807.6725
2019-11-20 22:39:00,2.5923,2.5939,2.5916,2.5939,4560.8793
2019-11-20 22:38:00,2.592,2.5939,2.591,2.5937,4996.405
2019-11-20 22:37:00,2.5909,2.5931,2.5887,2.5931,12325.6604
2019-11-20 22:36:00,2.5871,2.5922,2.5871,2.5922,3208.8435
2019-11-20 22:35:00,2.5874,2.5899,2.5872,2.5888,6089.2266
2019-11-20 22:34:00,2.5888,2.5899,2.586,2.5879,9089.9982
2019-11-20 22:33:00,2.589,2.589,2.5866,2.5866,2456.6727
2019-11-20 22:32:00,2.5863,2.5899,2.58,2.5872,9123.792
2019-11-20 22:31:00,2.5929,2.5929,2.5862,2.5869,12850.9347
2019-11-20 22:30:00,2.5922,2.5922,2.5912,2.592,5186.4741
2019-11-20 22:29:00,2.5931,2.5931,2.5905,2.5921,906.9759
2019-11-20 22:28:00,2.5884,2.5931,2.5884,2.593,14563.4999
2019-11-20 22:27:00,2.5878,2.5897,2.5871,2.5884,2229.0332
2019-11-20 22:26:00,2.5847,2.5862,2.5847,2.5862,4646.6434
2019-11-20 22:25:00,2.576,2.5851,2.576,2.5851,29152.5514
2019-11-20 22:24:00,2.5699,2.5801,2.5699,2.58,3850.0488
2019-11-20 22:23:00,2.5688,2.573,2.5671,2.5693,3315.0631
2019-11-20 22:22:00,2.5709,2.5709,2.5682,2.5707,3756.5736
2019-11-20 22:21:00,2.5685,2.5722,2.5685,2.5716,6409.0613
2019-11-20 22:20:00,2.5695,2.57,2.567,2.57,4628.0202
2019-11-20 22:19:00,2.5669,2.5745,2.5603,2.5671,18704.6574
2019-11-20 22:18:00,2.5544,2.5669,2.5544,2.5669,18801.2301
2019-11-20 22:17:00,2.5541,2.557,2.552,2.557,6172.0164
2019-11-20 22:16:00,2.5527,2.556,2.5481,2.5536,5536.1977
2019-11-20 22:15:00,2.5521,2.5569,2.5509,2.5542,3781.7655
2019-11-20 22:14:00,2.5473,2.5542,2.5473,2.5542,4850.8244
2019-11-20 22:13:00,2.5456,2.5473,2.5456,2.5465,4502.6003
2019-11-20 22:12:00,2.5442,2.5458,2.5407,2.5458,8936.9908
2019-11-20 22:11:00,2.5425,2.5463,2.5405,2.5421,2107.1788
2019-11-20 22:10:00,2.543,2.5501,2.5358,2.5409,17904.2831
2019-11-20 22:09:00,2.5408,2.546,2.5373,2.5421,10128.6953
2019-11-20 22:08:00,2.5346,2.5406,2.5342,2.5385,4724.0806
2019-11-20 22:07:00,2.5341,2.5358,2.5317,2.5317,2172.8132
2019-11-20 22:06:00,2.5317,2.5346,2.5309,2.5346,11511.2757
2019-11-20 22:05:00,2.5501,2.5501,2.5145,2.5333,40175.8757
2019-11-20 22:04:00,2.5458,2.5558,2.5453,2.5501,40459.4801
2019-11-20 22:03:00,2.5496,2.5547,2.5451,2.547,10570.179
2019-11-20 22:02:00,2.5431,2.5507,2.5423,2.5478,8891.4376
2019-11-20 22:01:00,2.5481,2.5481,2.5443,2.5447,5476.01
2019-11-20 22:00:00,2.5412,2.5463,2.5392,2.5459,2805.8319
2019-11-20 21:59:00,2.5552,2.5553,2.54,2.54,18480.376
2019-11-20 21:58:00,2.5526,2.5543,2.5526,2.5527,1246.9024
2019-11-20 21:57:00,2.5529,2.5552,2.5513,2.553,2332.4279
2019-11-20 21:56:00,2.553,2.5545,2.5519,2.5531,5138.9104
2019-11-20 21:55:00,2.5524,2.555,2.5524,2.5531,3267.0098
2019-11-20 21:54:00,2.5524,2.555,2.5505,2.5527,1524.451
2019-11-20 21:53:00,2.5525,2.5547,2.5495,2.5526,8013.2616
2019-11-20 21:52:00,2.554,2.5553,2.5504,2.5525,8872.2506
2019-11-20 21:51:00,2.5528,2.555,2.5518,2.5518,11381.2903
2019-11-20 21:50:00,2.5524,2.5547,2.5502,2.5547,2825.2602
2019-11-20 21:49:00,2.5551,2.5551,2.5523,2.5523,1002.6333
2019-11-20 21:48:00,2.5522,2.5551,2.5498,2.5523,8490.213
2019-11-20 21:47:00,2.5515,2.5534,2.5503,2.5522,7881.5991
2019-11-20 21:46:00,2.547,2.5539,2.547,2.5516,5265.1981
2019-11-20 21:45:00,2.5522,2.555,2.542,2.5496,2646.9671
2019-11-20 21:44:00,2.5501,2.5541,2.5485,2.5516,7468.2582
2019-11-20 21:43:00,2.5531,2.5531,2.549,2.5518,7228.0694
2019-11-20 21:42:00,2.5533,2.5533,2.5506,2.5507,3241.5411
2019-11-20 21:41:00,2.5524,2.5548,2.5509,2.5533,2722.4466
2019-11-20 21:40:00,2.555,2.556,2.5494,2.5521,19690.806
2019-11-20 21:39:00,2.5539,2.555,2.55,2.555,1246.704
2019-11-20 21:38:00,2.5473,2.5554,2.5473,2.5516,11215.152
2019-11-20 21:37:00,2.5517,2.5522,2.5471,2.5471,4008.607
2019-11-20 21:36:00,2.5494,2.555,2.5494,2.5517,6101.6001
2019-11-20 21:35:00,2.5467,2.5519,2.54,2.5495,17755.7109
2019-11-20 21:34:00,2.5573,2.56,2.54,2.54,13433.3106
2019-11-20 21:33:00,2.5648,2.5682,2.5562,2.5581,15971.939
2019-11-20 21:32:00,2.5646,2.5671,2.5641,2.5656,3421.7044
2019-11-20 21:31:00,2.5675,2.5682,2.5656,2.5656,2264.6938
2019-11-20 21:30:00,2.5669,2.5677,2.5641,2.5675,6304.9543
2019-11-20 21:29:00,2.5639,2.567,2.5639,2.5648,4179.7402
2019-11-20 21:28:00,2.5618,2.567,2.5618,2.567,6303.7372
2019-11-20 21:27:00,2.5606,2.562,2.5589,2.5606,6204.3275
2019-11-20 21:26:00,2.5612,2.562,2.5595,2.5619,5646.0612
2019-11-20 21:25:00,2.5629,2.5651,2.5598,2.5613,7766.6394
2019-11-20 21:24:00,2.5617,2.5633,2.5577,2.5633,8230.596
2019-11-20 21:23:00,2.5635,2.5665,2.561,2.5618,2794.2876
2019-11-20 21:22:00,2.5631,2.5653,2.5564,2.5653,5302.4473
2019-11-20 21:21:00,2.5611,2.5635,2.5578,2.5635,864.8628
2019-11-20 21:20:00,2.5629,2.5629,2.5568,2.5568,7605.199
2019-11-20 21:19:00,2.5619,2.565,2.5562,2.5627,16076.7311
2019-11-20 21:18:00,2.5682,2.5682,2.5561,2.5622,9999.537
2019-11-20 21:17:00,2.5644,2.5682,2.5625,2.5677,3918.9752
2019-11-20 21:16:00,2.5656,2.5663,2.564,2.5646,3503.5596
2019-11-20 21:15:00,2.5663,2.5668,2.5628,2.5663,1422.6693
2019-11-20 21:14:00,2.5614,2.5663,2.5612,2.5618,7594.8789
2019-11-20 21:13:00,2.5683,2.5685,2.56,2.56,25173.1656
2019-11-20 21:12:00,2.5791,2.5804,2.563,2.5683,72855.4802
2019-11-20 21:11:00,2.5846,2.585,2.5785,2.5791,8676.6865
2019-11-20 21:10:00,2.5828,2.5869,2.5828,2.5868,5466.4018
2019-11-20 21:09:00,2.5879,2.5879,2.581,2.5839,17173.2952
2019-11-20 21:08:00,2.5842,2.5862,2.5826,2.5862,4776.2918
2019-11-20 21:07:00,2.5843,2.5843,2.5814,2.5814,3916.9655
2019-11-20 21:06:00,2.5856,2.5856,2.5825,2.5841,3824.8332
2019-11-20 21:05:00,2.5761,2.5831,2.5755,2.5831,6416.8262
2019-11-20 21:04:00,2.5771,2.5781,2.57,2.5762,4181.5663
2019-11-20 21:03:00,2.5794,2.5794,2.5758,2.5779,10883.5192
2019-11-20 21:02:00,2.5862,2.5881,2.5792,2.5798,9395.797
2019-11-20 21:01:00,2.5888,2.5916,2.5791,2.5875,14387.5616
2019-11-20 21:00:00,2.5893,2.5917,2.5877,2.5887,8083.2736
2019-11-20 20:59:00,2.5916,2.5917,2.5852,2.5882,1001.545
2019-11-20 20:58:00,2.5882,2.5914,2.5882,2.5892,589.8746
2019-11-20 20:57:00,2.5866,2.5915,2.5852,2.588,4259.8733
2019-11-20 20:56:00,2.5855,2.5918,2.5855,2.5879,7618.8016
2019-11-20 20:55:00,2.5865,2.59,2.5865,2.5885,3435.8052
2019-11-20 20:54:00,2.5902,2.5926,2.5873,2.5891,5333.5074
2019-11-20 20:53:00,2.5957,2.5957,2.5852,2.5907,6055.6494
2019-11-20 20:52:00,2.59,2.5927,2.5884,2.5927,10513.0968
2019-11-20 20:51:00,2.5932,2.5932,2.588,2.588,4444.0951
2019-11-20 20:50:00,2.59,2.5943,2.59,2.5921,1393.6557
2019-11-20 20:49:00,2.592,2.5944,2.59,2.59,3804.3502
2019-11-20 20:48:00,2.5944,2.5944,2.59,2.592,7146.0327
2019-11-20 20:47:00,2.5944,2.596,2.591,2.5942,4592.4689
2019-11-20 20:46:00,2.5965,2.5967,2.5934,2.596,6511.0749
2019-11-20 20:45:00,2.5955,2.5985,2.59,2.5962,5919.2014
2019-11-20 20:44:00,2.5918,2.5969,2.5905,2.5929,23858.0993
2019-11-20 20:43:00,2.5939,2.5939,2.5899,2.592,7565.0463
2019-11-20 20:42:00,2.5895,2.5949,2.5895,2.5925,4008.1335
2019-11-20 20:41:00,2.5919,2.594,2.5915,2.5916,758.8404
2019-11-20 20:40:00,2.5856,2.5949,2.5852,2.589,26089.3885
2019-11-20 20:39:00,2.5879,2.5879,2.5829,2.5829,1595.1961
2019-11-20 20:38:00,2.5817,2.588,2.5817,2.5875,4392.6327
2019-11-20 20:37:00,2.5816,2.5817,2.5809,2.5817,10676.4648
2019-11-20 20:36:00,2.5833,2.5833,2.5802,2.5808,7495.5582
2019-11-20 20:35:00,2.5819,2.5819,2.5809,2.5809,7643.5946
2019-11-20 20:34:00,2.584,2.584,2.5809,2.5819,3709.7373
2019-11-20 20:33:00,2.587,2.5871,2.58,2.5818,4455.0565
2019-11-20 20:32:00,2.5884,2.5884,2.5848,2.5848,10379.0544
2019-11-20 20:31:00,2.5882,2.5891,2.5876,2.5884,4042.7019
2019-11-20 20:30:00,2.5892,2.5912,2.5876,2.5887,8347.8585
2019-11-20 20:29:00,2.5892,2.5912,2.5873,2.5892,6970.0548
2019-11-20 20:28:00,2.5898,2.5912,2.588,2.588,3403.8344
2019-11-20 20:27:00,2.5911,2.5912,2.5884,2.5884,5591.4082
2019-11-20 20:26:00,2.5897,2.5912,2.5884,2.5898,8542.7839
2019-11-20 20:25:00,2.5906,2.5912,2.5878,2.5896,7312.0307
2019-11-20 20:24:00,2.5887,2.5902,2.5874,2.5889,3563.9697
2019-11-20 20:23:00,2.5894,2.5912,2.5874,2.5902,5762.2978
2019-11-20 20:22:00,2.5873,2.5914,2.5873,2.5912,3747.9312
2019-11-20 20:21:00,2.5939,2.5939,2.587,2.5874,9138.112
2019-11-20 20:20:00,2.5929,2.5939,2.5898,2.5915,6496.1226
2019-11-20 20:19:00,2.5884,2.593,2.5875,2.5902,3429.2939
2019-11-20 20:18:00,2.5941,2.595,2.5898,2.5898,6645.2295
2019-11-20 20:17:00,2.5941,2.5949,2.591,2.5937,2162.1327
2019-11-20 20:16:00,2.5892,2.5923,2.5892,2.5923,7242.4612
2019-11-20 20:15:00,2.5916,2.5947,2.5899,2.592,8406.61
2019-11-20 20:14:00,2.5905,2.592,2.5887,2.5888,6044.1947
2019-11-20 20:13:00,2.5919,2.5945,2.5827,2.5917,6926.7673
2019-11-20 20:12:00,2.595,2.5971,2.5926,2.5926,8314.7768
2019-11-20 20:11:00,2.5932,2.598,2.5932,2.5962,1531.7713
2019-11-20 20:10:00,2.5891,2.6,2.5861,2.5964,16338.6928
2019-11-20 20:09:00,2.5901,2.5926,2.5825,2.5874,1631.8369
2019-11-20 20:08:00,2.5915,2.5928,2.5869,2.5875,6058.9778
2019-11-20 20:07:00,2.5896,2.5916,2.5896,2.5914,34325.7393
2019-11-20 20:06:00,2.589,2.5896,2.5869,2.5879,3649.8659
2019-11-20 20:05:00,2.5875,2.589,2.5875,2.5875,4911.1913
2019-11-20 20:04:00,2.5878,2.5896,2.5878,2.5896,2221.688
2019-11-20 20:03:00,2.5862,2.5896,2.5859,2.5879,2375.4942
2019-11-20 20:02:00,2.5847,2.5864,2.5847,2.5862,7194.719
2019-11-20 20:01:00,2.5836,2.5848,2.5828,2.5847,2816.0592
2019-11-20 20:00:00,2.584,2.585,2.5827,2.5834,7331.8744
2019-11-20 19:59:00,2.5828,2.585,2.5822,2.5834,2862.5131
2019-11-20 19:58:00,2.5822,2.5827,2.5799,2.5827,3224.9997
2019-11-20 19:57:00,2.5792,2.585,2.5792,2.5795,3777.6067
2019-11-20 19:56:00,2.5789,2.5844,2.5789,2.5816,3456.5657
2019-11-20 19:55:00,2.5797,2.5843,2.5779,2.5813,3006.4923
2019-11-20 19:54:00,2.5802,2.5815,2.576,2.5811,1465.408
2019-11-20 19:53:00,2.5805,2.5847,2.5805,2.5821,1902.3868
2019-11-20 19:52:00,2.5802,2.585,2.5761,2.5848,18969.6008
2019-11-20 19:51:00,2.583,2.5836,2.5792,2.5804,7738.8906
2019-11-20 19:50:00,2.5824,2.5842,2.5807,2.5807,5199.3809
2019-11-20 19:49:00,2.5747,2.5838,2.57,2.5824,20450.2879
2019-11-20 19:48:00,2.5765,2.5765,2.5747,2.5747,2644.9865
2019-11-20 19:47:00,2.5719,2.5793,2.5719,2.5748,6256.473
2019-11-20 19:46:00,2.5752,2.5782,2.5743,2.5743,1196.541
2019-11-20 19:45:00,2.5717,2.5748,2.5717,2.5745,2605.942
2019-11-20 19:44:00,2.5737,2.5792,2.5716,2.5743,10321.2767
2019-11-20 19:43:00,2.5718,2.5771,2.5701,2.5743,11823.1415
2019-11-20 19:42:00,2.5689,2.5719,2.5689,2.5708,3044.1538
2019-11-20 19:41:00,2.5645,2.57,2.5645,2.5686,4604.4742
2019-11-20 19:40:00,2.5635,2.5648,2.5621,2.5634,6329.271
2019-11-20 19:39:00,2.5659,2.5667,2.562,2.5621,7210.1206
2019-11-20 19:38:00,2.5636,2.5677,2.5631,2.5676,5401.5655
2019-11-20 19:37:00,2.5662,2.5675,2.5623,2.5646,1117.072
2019-11-20 19:36:00,2.5626,2.5645,2.5626,2.5645,1809.7816
2019-11-20 19:35:00,2.5519,2.567,2.5519,2.563,10652.139
2019-11-20 19:34:00,2.5506,2.5531,2.5506,2.553,6567.9153
2019-11-20 19:33:00,2.5579,2.5579,2.5506,2.5506,6951.5159
2019-11-20 19:32:00,2.5563,2.559,2.5559,2.5562,6233.7503
2019-11-20 19:31:00,2.556,2.5591,2.5546,2.5591,8376.8381
2019-11-20 19:30:00,2.5537,2.5558,2.553,2.554,1691.4179
2019-11-20 19:29:00,2.5509,2.556,2.5498,2.5534,2384.3538
2019-11-20 19:28:00,2.5507,2.5532,2.5492,2.5519,7036.796
2019-11-20 19:27:00,2.5519,2.5522,2.5485,2.5485,1788.5814
2019-11-20 19:26:00,2.5517,2.5533,2.5499,2.5533,1307.0953
2019-11-20 19:25:00,2.5461,2.5557,2.5454,2.5518,9234.4375
2019-11-20 19:24:00,2.5476,2.549,2.5455,2.5461,6977.3198
2019-11-20 19:23:00,2.5503,2.5503,2.5458,2.5487,885.829
2019-11-20 19:22:00,2.5502,2.5503,2.5465,2.5467,5831.5114
2019-11-20 19:21:00,2.5511,2.5511,2.5455,2.5507,13804.3689
2019-11-20 19:20:00,2.5482,2.556,2.5453,2.556,2778.4835
2019-11-20 19:19:00,2.544,2.5496,2.544,2.5476,2987.6245
2019-11-20 19:18:00,2.5478,2.5478,2.5438,2.5466,2358.4605
2019-11-20 19:17:00,2.5463,2.5491,2.5436,2.5466,1749.5387
2019-11-20 19:16:00,2.5486,2.5486,2.5442,2.5478,1130.3246
2019-11-20 19:15:00,2.547,2.5479,2.5435,2.5462,3736.6994
2019-11-20 19:14:00,2.5484,2.5495,2.5444,2.5444,2280.7799
2019-11-20 19:13:00,2.5419,2.5498,2.5409,2.5498,5783.9213
2019-11-20 19:12:00,2.5422,2.5442,2.5409,2.5435,1820.2009
2019-11-20 19:11:00,2.5445,2.5458,2.5414,2.5458,5000.149
2019-11-20 19:10:00,2.55,2.5504,2.5448,2.5459,6431.9157
2019-11-20 19:09:00,2.544,2.5518,2.5403,2.55,3664.288
2019-11-20 19:08:00,2.5379,2.5444,2.5379,2.5413,7592.3821
2019-11-20 19:07:00,2.5438,2.5465,2.5387,2.5413,6281.9679
2019-11-20 19:06:00,2.5438,2.5467,2.543,2.543,3735.75
2019-11-20 19:05:00,2.5448,2.5467,2.5439,2.5467,8811.4959
2019-11-20 19:04:00,2.5423,2.5474,2.5401,2.5448,8306.3862
2019-11-20 19:03:00,2.5415,2.5444,2.54,2.5444,7325.4956
2019-11-20 19:02:00,2.5488,2.5488,2.543,2.5433,9619.4301
2019-11-20 19:01:00,2.5499,2.5499,2.5473,2.5487,3467.1701
2019-11-20 19:00:00,2.5538,2.5555,2.5477,2.55,13602.7153
2019-11-20 18:59:00,2.5536,2.5553,2.5513,2.5514,6296.0761
2019-11-20 18:58:00,2.5536,2.5559,2.5515,2.5559,4352.5734
2019-11-20 18:57:00,2.5531,2.5557,2.5531,2.5534,3611.4158
2019-11-20 18:56:00,2.5539,2.5558,2.5512,2.5557,14458.8846
2019-11-20 18:55:00,2.5483,2.551,2.5453,2.5501,5599.2706
2019-11-20 18:54:00,2.5451,2.5498,2.5451,2.5483,4969.6877
2019-11-20 18:53:00,2.5475,2.5491,2.5451,2.5475,6684.8398
2019-11-20 18:52:00,2.5475,2.5476,2.546,2.5468,3762.4996
2019-11-20 18:51:00,2.5471,2.5495,2.5465,2.5465,787.5481
2019-11-20 18:50:00,2.5457,2.5492,2.5436,2.5492,14145.3843
2019-11-20 18:49:00,2.5494,2.5496,2.5424,2.5466,23552.9007
2019-11-20 18:48:00,2.5406,2.5463,2.5406,2.545,8777.4554
2019-11-20 18:47:00,2.5398,2.5499,2.536,2.5444,10355.3937
2019-11-20 18:46:00,2.5361,2.5399,2.5355,2.5377,9034.2754
2019-11-20 18:45:00,2.5371,2.5375,2.5318,2.5373,8301.8838
2019-11-20 18:44:00,2.5338,2.5387,2.5302,2.5379,3339.2178
2019-11-20 18:43:00,2.5246,2.5379,2.5246,2.5328,10684.7682
2019-11-20 18:42:00,2.5256,2.5256,2.5223,2.5234,5867.7125
2019-11-20 18:41:00,2.5229,2.5246,2.522,2.5236,9851.3589
2019-11-20 18:40:00,2.5212,2.524,2.5175,2.5223,2690.5816
2019-11-20 18:39:00,2.5185,2.5185,2.5132,2.5184,3275.1833
2019-11-20 18:38:00,2.5147,2.5208,2.5113,2.5155,21530.046
2019-11-20 18:37:00,2.5166,2.5205,2.512,2.5139,14564.6677
2019-11-20 18:36:00,2.5102,2.5224,2.51,2.5114,10021.6988
2019-11-20 18:35:00,2.5121,2.5146,2.5101,2.5101,22172.6345
2019-11-20 18:34:00,2.523,2.523,2.5117,2.5117,13493.4801
2019-11-20 18:33:00,2.5268,2.5268,2.5237,2.5237,2700.9932
2019-11-20 18:32:00,2.5265,2.5309,2.5262,2.527,9508.4924
2019-11-20 18:31:00,2.5284,2.5327,2.5247,2.5247,2561.4331
2019-11-20 18:30:00,2.5286,2.5331,2.5244,2.5265,1980.8228
2019-11-20 18:29:00,2.5269,2.5331,2.5269,2.5285,8133.5055
2019-11-20 18:28:00,2.52,2.5319,2.52,2.5241,62837.9671
2019-11-20 18:27:00,2.5191,2.5222,2.5147,2.52,19055.3031
2019-11-20 18:26:00,2.5159,2.5202,2.5128,2.5162,8018.2219
2019-11-20 18:25:00,2.5098,2.5207,2.5098,2.5159,31654.079
2019-11-20 18:24:00,2.5166,2.5168,2.5081,2.5091,34830.1371
2019-11-20 18:23:00,2.5189,2.5193,2.5166,2.5166,6121.3806
2019-11-20 18:22:00,2.5279,2.5279,2.5189,2.5189,7020.5955
2019-11-20 18:21:00,2.5285,2.5315,2.52,2.5286,38997.9909
2019-11-20 18:20:00,2.5306,2.5388,2.5243,2.5342,2381.2068
2019-11-20 18:19:00,2.5399,2.5428,2.5272,2.5343,28733.2665
2019-11-20 18:18:00,2.5464,2.5506,2.5371,2.5385,18352.1374
2019-11-20 18:17:00,2.5451,2.5499,2.5415,2.5465,3507.7734
2019-11-20 18:16:00,2.5425,2.5453,2.5387,2.5453,3651.397
2019-11-20 18:15:00,2.5463,2.5469,2.5413,2.5419,13692.7045
2019-11-20 18:14:00,2.543,2.5465,2.5411,2.5465,12320.7503
2019-11-20 18:13:00,2.5428,2.5428,2.5373,2.5427,1179.1474
2019-11-20 18:12:00,2.5406,2.5466,2.5368,2.5466,65474.5116
2019-11-20 18:11:00,2.5399,2.5432,2.5365,2.5371,13223.5619
2019-11-20 18:10:00,2.5379,2.5439,2.5354,2.5393,5747.0176
2019-11-20 18:09:00,2.5418,2.5467,2.532,2.538,20263.2091
2019-11-20 18:08:00,2.5464,2.5477,2.5417,2.5444,8319.4364
2019-11-20 18:07:00,2.542,2.5532,2.542,2.543,15867.1917
2019-11-20 18:06:00,2.5433,2.5549,2.5419,2.5424,17620.2587
2019-11-20 18:05:00,2.537,2.5458,2.5347,2.5435,37849.0899
2019-11-20 18:04:00,2.5408,2.542,2.5351,2.5386,5039.1609
2019-11-20 18:03:00,2.5409,2.548,2.5371,2.5371,38334.8292
2019-11-20 18:02:00,2.56,2.5622,2.54,2.5402,50682.1558
2019-11-20 18:01:00,2.5636,2.5656,2.56,2.5603,8116.1691
2019-11-20 18:00:00,2.5634,2.5664,2.562,2.5637,3861.3979
2019-11-20 17:59:00,2.5699,2.5699,2.5634,2.5634,4913.1469
2019-11-20 17:58:00,2.5655,2.57,2.565,2.5675,4185.9335
2019-11-20 17:57:00,2.5694,2.57,2.5675,2.5677,4789.9589
2019-11-20 17:56:00,2.5809,2.5809,2.5694,2.5695,9222.3508
2019-11-20 17:55:00,2.5838,2.5843,2.582,2.582,5740.7524
2019-11-20 17:54:00,2.5819,2.5846,2.5816,2.5838,1674.0215
2019-11-20 17:53:00,2.5811,2.5824,2.5799,2.5822,3943.7964
2019-11-20 17:52:00,2.5813,2.5822,2.5799,2.5811,7537.614
2019-11-20 17:51:00,2.5802,2.5817,2.5769,2.5813,5639.5592
2019-11-20 17:50:00,2.5782,2.5823,2.5772,2.5823,2456.0016
2019-11-20 17:49:00,2.5762,2.58,2.574,2.5761,2557.6054
2019-11-20 17:48:00,2.5747,2.5796,2.5738,2.5765,4729.7324
2019-11-20 17:47:00,2.573,2.5773,2.5726,2.5737,19790.9654
2019-11-20 17:46:00,2.576,2.576,2.5701,2.5719,7014.6525
2019-11-20 17:45:00,2.5709,2.576,2.5706,2.5749,16547.6572
2019-11-20 17:44:00,2.5727,2.5727,2.5707,2.5717,8625.4367
2019-11-20 17:43:00,2.5726,2.5727,2.5726,2.5727,2053.9845
2019-11-20 17:42:00,2.5707,2.5729,2.5707,2.5727,2943.1365
2019-11-20 17:41:00,2.5726,2.5755,2.5697,2.5718,1946.2525
2019-11-20 17:40:00,2.569,2.5757,2.569,2.5756,3006.4656
2019-11-20 17:39:00,2.5683,2.5732,2.5682,2.5732,25188.1453
2019-11-20 17:38:00,2.5743,2.5743,2.5675,2.5723,49330.5909
2019-11-20 17:37:00,2.5803,2.5803,2.5709,2.5709,12615.0513
2019-11-20 17:36:00,2.5788,2.5795,2.576,2.5786,1699.3306
2019-11-20 17:35:00,2.5762,2.5789,2.5751,2.5755,4202.3821
2019-11-20 17:34:00,2.5807,2.5807,2.5751,2.5762,14374.8198
2019-11-20 17:33:00,2.576,2.5784,2.5751,2.5784,3868.5963
2019-11-20 17:32:00,2.5782,2.581,2.5759,2.5759,8566.9772
2019-11-20 17:31:00,2.5811,2.5811,2.572,2.5788,3645.5165
2019-11-20 17:30:00,2.579,2.584,2.5759,2.584,2421.6488
2019-11-20 17:29:00,2.5676,2.5751,2.5665,2.5741,11289.6037
2019-11-20 17:28:00,2.568,2.5702,2.5659,2.5674,5676.8834
2019-11-20 17:27:00,2.5664,2.5709,2.5661,2.5709,8473.9919
2019-11-20 17:26:00,2.5646,2.5664,2.5643,2.5654,4751.2457
2019-11-20 17:25:00,2.5648,2.5663,2.5644,2.5645,4865.0735
2019-11-20 17:24:00,2.5696,2.5702,2.5636,2.565,743.7724
2019-11-20 17:23:00,2.5704,2.5704,2.565,2.565,3841.2943
2019-11-20 17:22:00,2.5714,2.5725,2.57,2.5707,3211.8178
2019-11-20 17:21:00,2.5707,2.573,2.5691,2.5714,5406.1381
2019-11-20 17:20:00,2.5713,2.573,2.568,2.5698,5174.8256
2019-11-20 17:19:00,2.5729,2.573,2.5693,2.573,2188.6684
2019-11-20 17:18:00,2.5724,2.5745,2.57,2.5717,5266.5704
2019-11-20 17:17:00,2.5737,2.5747,2.5717,2.5725,1124.5765
2019-11-20 17:16:00,2.574,2.5762,2.5727,2.5751,4159.448
2019-11-20 17:15:00,2.5691,2.574,2.569,2.574,7922.2051
2019-11-20 17:14:00,2.5832,2.5854,2.5685,2.5692,14198.7785
2019-11-20 17:13:00,2.585,2.5881,2.5812,2.5835,9389.2275
2019-11-20 17:12:00,2.5877,2.5899,2.5857,2.5861,3959.2702
2019-11-20 17:11:00,2.5924,2.5928,2.5899,2.59,5268.9834
2019-11-20 17:10:00,2.5899,2.595,2.5899,2.59,6925.2871
2019-11-20 17:09:00,2.5841,2.5938,2.5841,2.5938,7950.0062
2019-11-20 17:08:00,2.5826,2.5851,2.581,2.5851,8087.1224
2019-11-20 17:07:00,2.583,2.5858,2.5806,2.5823,3834.3898
2019-11-20 17:06:00,2.582,2.5855,2.5796,2.583,5483.2833
2019-11-20 17:05:00,2.5745,2.5861,2.5745,2.5815,3431.7029
2019-11-20 17:04:00,2.5764,2.5797,2.5716,2.5768,13698.8091
2019-11-20 17:03:00,2.5797,2.5881,2.5693,2.5726,14474.0861
2019-11-20 17:02:00,2.5919,2.5999,2.57,2.5754,76544.7453
2019-11-20 17:01:00,2.594,2.5964,2.5925,2.5936,2013.5878
2019-11-20 17:00:00,2.6016,2.6016,2.5908,2.5924,67227.7792
2019-11-20 16:59:00,2.6084,2.6084,2.6005,2.6018,23697.2948
2019-11-20 16:58:00,2.618,2.618,2.6083,2.6083,15380.5331
2019-11-20 16:57:00,2.6176,2.6217,2.6126,2.6209,4204.365
2019-11-20 16:56:00,2.6203,2.6228,2.617,2.6218,13362.7393
2019-11-20 16:55:00,2.616,2.6203,2.615,2.6196,21518.5974
2019-11-20 16:54:00,2.6211,2.6226,2.6162,2.617,9854.9204
2019-11-20 16:53:00,2.6202,2.6228,2.62,2.62,7572.375
2019-11-20 16:52:00,2.624,2.6274,2.6201,2.6202,2155.4536
2019-11-20 16:51:00,2.6285,2.634,2.6201,2.628,13931.7633
2019-11-20 16:50:00,2.6285,2.6322,2.6285,2.6285,11317.6062
2019-11-20 16:49:00,2.6286,2.631,2.62,2.6285,8745.2271
2019-11-20 16:48:00,2.6255,2.6354,2.6255,2.6286,11919.3196
2019-11-20 16:47:00,2.6307,2.6373,2.6266,2.6333,7762.7192
2019-11-20 16:46:00,2.6247,2.6314,2.6247,2.6312,2860.5713
2019-11-20 16:45:00,2.6222,2.625,2.6219,2.625,5231.1346
2019-11-20 16:44:00,2.6246,2.6255,2.6219,2.6228,2459.6057
2019-11-20 16:43:00,2.6251,2.6251,2.6222,2.623,10535.6749
2019-11-20 16:42:00,2.6349,2.6394,2.6239,2.6252,15464.5636
2019-11-20 16:41:00,2.6376,2.6392,2.6334,2.6334,2512.6062
2019-11-20 16:40:00,2.641,2.6431,2.6356,2.6356,19734.4773
2019-11-20 16:39:00,2.6499,2.6499,2.6401,2.641,24395.468
2019-11-20 16:38:00,2.6437,2.6483,2.6402,2.6452,3841.0792
2019-11-20 16:37:00,2.6534,2.6534,2.6409,2.644,12840.3005
2019-11-20 16:36:00,2.6514,2.6514,2.6441,2.6504,1446.2598
2019-11-20 16:35:00,2.648,2.6548,2.6443,2.6507,7840.8226
2019-11-20 16:34:00,2.649,2.6563,2.648,2.648,9061.9912
2019-11-20 16:33:00,2.6488,2.66,2.6483,2.6483,30734.3761
2019-11-20 16:32:00,2.6433,2.6635,2.6433,2.6496,32759.6029
2019-11-20 16:31:00,2.6426,2.6434,2.6406,2.6433,10013.6395
2019-11-20 16:30:00,2.6438,2.647,2.6405,2.643,7041.5132
2019-11-20 16:29:00,2.6446,2.647,2.6401,2.6464,7234.8928
2019-11-20 16:28:00,2.6474,2.65,2.6426,2.6426,4114.563
2019-11-20 16:27:00,2.6562,2.66,2.6479,2.6479,11069.0547
2019-11-20 16:26:00,2.66,2.6667,2.6502,2.6632,21127.4828
2019-11-20 16:25:00,2.665,2.6698,2.65,2.6597,8353.8304
2019-11-20 16:24:00,2.6564,2.6699,2.6537,2.6699,7302.3908
2019-11-20 16:23:00,2.6518,2.6601,2.6515,2.6562,14600.5758
2019-11-20 16:22:00,2.6492,2.6592,2.6492,2.6526,15944.4798
2019-11-20 16:21:00,2.6551,2.6581,2.64,2.6462,46426.9619
2019-11-20 16:20:00,2.6754,2.6754,2.655,2.655,17961.5534
2019-11-20 16:19:00,2.674,2.6774,2.6702,2.6735,9589.7087
2019-11-20 16:18:00,2.6751,2.6751,2.6707,2.6746,4141.3785
2019-11-20 16:17:00,2.6735,2.6838,2.671,2.6789,31872.6102
2019-11-20 16:16:00,2.6836,2.6872,2.6735,2.68,23512.2953
2019-11-20 16:15:00,2.6751,2.6845,2.6736,2.68,20776.4166
2019-11-20 16:14:00,2.6763,2.6766,2.6735,2.6742,2163.4149
2019-11-20 16:13:00,2.6844,2.6844,2.6734,2.6749,8777.1987
2019-11-20 16:12:00,2.6541,2.6888,2.6541,2.6868,216628.6485
2019-11-20 16:11:00,2.648,2.6536,2.6469,2.6534,16550.9048
2019-11-20 16:10:00,2.6445,2.6499,2.644,2.6467,3760.2775
2019-11-20 16:09:00,2.6418,2.6513,2.6405,2.6477,18135.7093
2019-11-20 16:08:00,2.638,2.643,2.6369,2.643,2499.1969
2019-11-20 16:07:00,2.6387,2.643,2.6367,2.643,6626.5321
2019-11-20 16:06:00,2.6372,2.64,2.6365,2.6383,3014.06
2019-11-20 16:05:00,2.6357,2.638,2.6327,2.638,6271.1964
2019-11-20 16:04:00,2.6334,2.6361,2.6334,2.6355,4692.3574
2019-11-20 16:03:00,2.6331,2.6351,2.6321,2.6347,8612.679
2019-11-20 16:02:00,2.6338,2.6352,2.6318,2.6352,5998.2388
2019-11-20 16:01:00,2.6348,2.6352,2.6332,2.6332,3839.2544
2019-11-20 16:00:00,2.6321,2.6352,2.6316,2.633,4824.8991
2019-11-20 15:59:00,2.631,2.6333,2.631,2.6321,3022.3489
2019-11-20 15:58:00,2.6287,2.6309,2.6274,2.6309,12305.2617
2019-11-20 15:57:00,2.6287,2.63,2.628,2.6291,10645.1761
2019-11-20 15:56:00,2.6287,2.63,2.6278,2.6281,1646.4046
2019-11-20 15:55:00,2.63,2.63,2.6281,2.63,2127.2705
2019-11-20 15:54:00,2.6287,2.63,2.628,2.6295,6234.1455
2019-11-20 15:53:00,2.6297,2.63,2.6276,2.6277,8267.3155
2019-11-20 15:52:00,2.6286,2.6298,2.6285,2.6285,4250.7172
2019-11-20 15:51:00,2.629,2.63,2.6284,2.6299,7881.5425
2019-11-20 15:50:00,2.6293,2.63,2.6287,2.6294,3030.5234
2019-11-20 15:49:00,2.6275,2.63,2.6275,2.63,3864.6561
2019-11-20 15:48:00,2.6287,2.63,2.6276,2.6287,1254.5578
2019-11-20 15:47:00,2.6287,2.63,2.628,2.628,8008.0315
2019-11-20 15:46:00,2.6287,2.63,2.6281,2.6287,1174.3831
2019-11-20 15:45:00,2.6278,2.63,2.6273,2.63,7099.6754
2019-11-20 15:44:00,2.6275,2.63,2.6264,2.6273,3595.8832
2019-11-20 15:43:00,2.6298,2.63,2.6271,2.6271,3659.2743
2019-11-20 15:42:00,2.6298,2.6299,2.6253,2.6254,5737.8329
2019-11-20 15:41:00,2.6284,2.6299,2.6258,2.6273,2344.4586
2019-11-20 15:40:00,2.629,2.63,2.6283,2.6291,7575.5806
2019-11-20 15:39:00,2.63,2.63,2.6281,2.6281,5244.9247
2019-11-20 15:38:00,2.6271,2.63,2.6271,2.6295,13690.9614
2019-11-20 15:37:00,2.6272,2.63,2.6255,2.6273,4025.4191
2019-11-20 15:36:00,2.6273,2.63,2.6248,2.6256,12219.1769
2019-11-20 15:35:00,2.6266,2.6299,2.6224,2.6299,8762.8428
2019-11-20 15:34:00,2.6273,2.6299,2.6234,2.6234,9485.3139
2019-11-20 15:33:00,2.6299,2.63,2.6255,2.6273,2932.2234
2019-11-20 15:32:00,2.6288,2.6293,2.6259,2.6276,5308.6071
2019-11-20 15:31:00,2.6265,2.6295,2.6251,2.6273,6651.9394
2019-11-20 15:30:00,2.6299,2.63,2.6256,2.6272,11319.153
2019-11-20 15:29:00,2.6299,2.63,2.6269,2.6275,2942.802
2019-11-20 15:28:00,2.6291,2.63,2.6274,2.6299,1584.27
2019-11-20 15:27:00,2.6278,2.6278,2.6256,2.6274,3176.1076
2019-11-20 15:26:00,2.6248,2.6248,2.6224,2.6248,2015.1542
2019-11-20 15:25:00,2.6248,2.6248,2.6248,2.6248,547.9699
2019-11-20 15:24:00,2.6294,2.63,2.6248,2.6248,3690.0755
2019-11-20 15:23:00,2.6274,2.63,2.6248,2.6278,11947.7554
2019-11-20 15:22:00,2.6281,2.63,2.6258,2.6278,3937.753
2019-11-20 15:21:00,2.6289,2.63,2.6259,2.628,5226.4235
2019-11-20 15:20:00,2.63,2.63,2.6279,2.63,4653.1404
2019-11-20 15:19:00,2.63,2.63,2.6286,2.6288,2080.7877
2019-11-20 15:18:00,2.6288,2.63,2.6275,2.6294,4443.1429
2019-11-20 15:17:00,2.6252,2.63,2.6252,2.63,8751.1272
2019-11-20 15:16:00,2.6295,2.6295,2.6247,2.6251,5978.1503
2019-11-20 15:15:00,2.6286,2.6296,2.6268,2.6273,8497.0604
2019-11-20 15:14:00,2.6296,2.6297,2.6244,2.6269,2002.4561
2019-11-20 15:13:00,2.6259,2.6287,2.6255,2.6255,4094.7216
2019-11-20 15:12:00,2.6248,2.6266,2.6221,2.6258,15900.9443
2019-11-20 15:11:00,2.6229,2.6292,2.6229,2.626,9432.8543
2019-11-20 15:10:00,2.6272,2.6299,2.6242,2.6262,2049.9846
2019-11-20 15:09:00,2.6299,2.6299,2.6249,2.6263,5655.7537
2019-11-20 15:08:00,2.6278,2.6299,2.6266,2.6299,3573.9143
2019-11-20 15:07:00,2.6268,2.6299,2.6253,2.6273,8535.2326
2019-11-20 15:06:00,2.625,2.6294,2.625,2.6268,3962.2493
2019-11-20 15:05:00,2.6201,2.6281,2.6152,2.6225,9717.2064
2019-11-20 15:04:00,2.6189,2.6222,2.6164,2.6198,5993.4934
2019-11-20 15:03:00,2.619,2.6211,2.6139,2.6139,7370.7031
2019-11-20 15:02:00,2.6187,2.6239,2.6165,2.6183,7226.3069
2019-11-20 15:01:00,2.6108,2.6187,2.6108,2.6187,16781.9472
2019-11-20 15:00:00,2.611,2.6114,2.611,2.6111,5507.2052
2019-11-20 14:59:00,2.6108,2.6113,2.6022,2.6113,17389.1091
2019-11-20 14:58:00,2.6112,2.6148,2.6082,2.6092,5048.3688
2019-11-20 14:57:00,2.6102,2.6139,2.6102,2.6114,1005.8075
2019-11-20 14:56:00,2.6109,2.613,2.6067,2.6104,3343.11
2019-11-20 14:55:00,2.6144,2.6144,2.6078,2.6102,16609.3937
2019-11-20 14:54:00,2.6023,2.6128,2.6002,2.611,23151.4747
2019-11-20 14:53:00,2.6099,2.6099,2.6015,2.6026,18349.6328
2019-11-20 14:52:00,2.6004,2.6069,2.6,2.6069,10144.6114
2019-11-20 14:51:00,2.6055,2.6078,2.6008,2.6064,6703.1848
2019-11-20 14:50:00,2.6089,2.6095,2.6,2.6049,6987.0502
2019-11-20 14:49:00,2.609,2.6124,2.6026,2.6124,3387.4686
2019-11-20 14:48:00,2.6192,2.6227,2.6,2.6,14167.896
2019-11-20 14:47:00,2.6157,2.6221,2.6152,2.6181,1861.1608
2019-11-20 14:46:00,2.6177,2.623,2.6171,2.6177,1380.3384
2019-11-20 14:45:00,2.6118,2.6186,2.6106,2.6186,4517.7643
2019-11-20 14:44:00,2.6119,2.618,2.6113,2.6113,8219.2387
2019-11-20 14:43:00,2.6113,2.6174,2.6112,2.6146,6821.2829
2019-11-20 14:42:00,2.6087,2.6139,2.6087,2.6115,3074.466
2019-11-20 14:41:00,2.6145,2.6145,2.611,2.6111,2207.7729
2019-11-20 14:40:00,2.6141,2.6167,2.611,2.6142,10715.9282
2019-11-20 14:39:00,2.6114,2.6162,2.6059,2.6123,10089.6675
2019-11-20 14:38:00,2.6129,2.6161,2.608,2.6129,3025.3102
2019-11-20 14:37:00,2.6108,2.6166,2.6088,2.6124,21762.6012
2019-11-20 14:36:00,2.6068,2.6187,2.6068,2.6158,18262.4197
2019-11-20 14:35:00,2.6271,2.6288,2.6052,2.6124,39703.9264
2019-11-20 14:34:00,2.6274,2.63,2.6253,2.6272,3233.0184
2019-11-20 14:33:00,2.629,2.63,2.6219,2.6252,59107.8033
2019-11-20 14:32:00,2.6297,2.6299,2.6284,2.6291,2479.6236
2019-11-20 14:31:00,2.629,2.6299,2.629,2.6298,6552.6885
2019-11-20 14:30:00,2.63,2.63,2.6285,2.63,10022.1028
2019-11-20 14:29:00,2.6284,2.63,2.6268,2.6284,5909.2207
2019-11-20 14:28:00,2.6283,2.63,2.6272,2.63,1390.3562
2019-11-20 14:27:00,2.6282,2.63,2.6265,2.6283,6179.2898
2019-11-20 14:26:00,2.6275,2.6295,2.6265,2.629,1253.187
2019-11-20 14:25:00,2.6292,2.63,2.6278,2.6294,8391.4418
2019-11-20 14:24:00,2.63,2.63,2.6264,2.628,4134.334
2019-11-20 14:23:00,2.6285,2.63,2.6282,2.6289,9616.5373
2019-11-20 14:22:00,2.6287,2.6297,2.6278,2.6278,987.5074
2019-11-20 14:21:00,2.6288,2.63,2.6281,2.6291,13082.9665
2019-11-20 14:20:00,2.6278,2.63,2.6275,2.63,7046.7738
2019-11-20 14:19:00,2.6257,2.63,2.6252,2.6278,13724.243
2019-11-20 14:18:00,2.6274,2.63,2.6249,2.63,12666.2089
2019-11-20 14:17:00,2.6251,2.63,2.625,2.6274,17440.6634
2019-11-20 14:16:00,2.6273,2.63,2.6247,2.6275,16618.9706
2019-11-20 14:15:00,2.6255,2.63,2.6241,2.63,8997.2192
2019-11-20 14:14:00,2.6232,2.6281,2.6224,2.6281,4496.0544
2019-11-20 14:13:00,2.6255,2.6255,2.6228,2.6228,3408.4893
2019-11-20 14:12:00,2.6268,2.628,2.6233,2.6245,12948.302
2019-11-20 14:11:00,2.6284,2.63,2.6269,2.627,2673.938
2019-11-20 14:10:00,2.6293,2.63,2.6284,2.6284,44750.3083
2019-11-20 14:09:00,2.63,2.63,2.6274,2.6284,5625.4824
2019-11-20 14:08:00,2.6284,2.63,2.6281,2.6284,2517.8842
2019-11-20 14:07:00,2.6264,2.63,2.6264,2.63,5429.7209
2019-11-20 14:06:00,2.6299,2.63,2.6222,2.6224,92421.1092
2019-11-20 14:05:00,2.629,2.63,2.629,2.6295,6646.2618
2019-11-20 14:04:00,2.6288,2.63,2.6269,2.63,2518.075
2019-11-20 14:03:00,2.6248,2.63,2.6239,2.6261,28734.9102
2019-11-20 14:02:00,2.6258,2.6265,2.624,2.6248,5983.4896
2019-11-20 14:01:00,2.6249,2.6267,2.6236,2.6266,2097.0182
2019-11-20 14:00:00,2.6229,2.6241,2.6229,2.6236,1941.135
2019-11-20 13:59:00,2.6222,2.6229,2.6191,2.6229,11495.659
2019-11-20 13:58:00,2.618,2.6222,2.6156,2.6192,1195.9237
2019-11-20 13:57:00,2.6197,2.6211,2.6162,2.6182,6950.1423
2019-11-20 13:56:00,2.6152,2.6197,2.6152,2.6175,3304.2695
2019-11-20 13:55:00,2.6105,2.6189,2.6105,2.6173,5097.8719
2019-11-20 13:54:00,2.6164,2.6174,2.6104,2.6148,1973.8767
2019-11-20 13:53:00,2.616,2.6189,2.616,2.6162,806.6696
2019-11-20 13:52:00,2.6124,2.6162,2.6124,2.6148,3986.6915
2019-11-20 13:51:00,2.6183,2.6199,2.61,2.6158,10918.1905
2019-11-20 13:50:00,2.6098,2.619,2.6066,2.6144,2408.1385
2019-11-20 13:49:00,2.609,2.6099,2.6077,2.6084,6837.7183
2019-11-20 13:48:00,2.6097,2.6099,2.606,2.6099,2679.5217
2019-11-20 13:47:00,2.608,2.6084,2.6058,2.6084,3957.0418
2019-11-20 13:46:00,2.607,2.6102,2.6054,2.6102,7177.0578
2019-11-20 13:45:00,2.6062,2.61,2.6052,2.61,2938.1898
2019-11-20 13:44:00,2.6069,2.6092,2.6049,2.6049,1832.2228
2019-11-20 13:43:00,2.6075,2.6108,2.6063,2.6076,1717.7143
2019-11-20 13:42:00,2.61,2.61,2.6042,2.61,7167.7243
2019-11-20 13:41:00,2.6073,2.6103,2.6019,2.6041,3542.2838
2019-11-20 13:40:00,2.615,2.615,2.602,2.6062,14178.9878
2019-11-20 13:39:00,2.6196,2.62,2.6091,2.6126,9860.5087
2019-11-20 13:38:00,2.6199,2.6199,2.6171,2.6191,5609.9457
2019-11-20 13:37:00,2.6196,2.62,2.615,2.6176,3581.3817
2019-11-20 13:36:00,2.6197,2.62,2.6134,2.62,6499.9525
2019-11-20 13:35:00,2.6198,2.62,2.6159,2.62,7039.6009
2019-11-20 13:34:00,2.618,2.62,2.6164,2.618,1516.8226
2019-11-20 13:33:00,2.6175,2.62,2.6159,2.62,2051.9952
2019-11-20 13:32:00,2.6155,2.6186,2.6155,2.618,1962.3383
2019-11-20 13:31:00,2.616,2.6192,2.612,2.6163,1513.821
2019-11-20 13:30:00,2.6153,2.6192,2.614,2.6187,5174.6327
2019-11-20 13:29:00,2.6099,2.6192,2.6073,2.612,27763.1679
2019-11-20 13:28:00,2.6065,2.6093,2.6053,2.6071,7197.5704
2019-11-20 13:27:00,2.6086,2.6099,2.6086,2.6086,1103.2145
2019-11-20 13:26:00,2.6061,2.6091,2.6032,2.6091,9245.0773
2019-11-20 13:25:00,2.606,2.6092,2.6028,2.6057,2668.6353
2019-11-20 13:24:00,2.5993,2.6096,2.5993,2.6062,26424.7008
2019-11-20 13:23:00,2.5971,2.6,2.5962,2.5984,6709.8022
2019-11-20 13:22:00,2.5966,2.5971,2.5965,2.5967,1392.1632
2019-11-20 13:21:00,2.5967,2.5967,2.591,2.5959,2203.9545
2019-11-20 13:20:00,2.5958,2.5972,2.5917,2.5917,10027.6057
2019-11-20 13:19:00,2.5931,2.5968,2.5931,2.5945,2261.2229
2019-11-20 13:18:00,2.5954,2.5979,2.5941,2.5953,5614.2763
2019-11-20 13:17:00,2.5923,2.5954,2.589,2.5923,13993.4156
2019-11-20 13:16:00,2.5907,2.5954,2.5861,2.5918,9413.9613
2019-11-20 13:15:00,2.5894,2.592,2.5872,2.592,2409.1287
2019-11-20 13:14:00,2.591,2.591,2.5879,2.5879,13936.735
2019-11-20 13:13:00,2.59,2.592,2.5871,2.59,4318.5733
2019-11-20 13:12:00,2.5898,2.5911,2.5885,2.59,13421.0299
2019-11-20 13:11:00,2.5901,2.592,2.5801,2.5906,6112.2205
2019-11-20 13:10:00,2.5918,2.5944,2.5893,2.5893,4845.152
2019-11-20 13:09:00,2.5944,2.5955,2.5916,2.592,10158.5268
2019-11-20 13:08:00,2.5937,2.5955,2.5926,2.5943,1691.7086
2019-11-20 13:07:00,2.5955,2.5955,2.5916,2.5936,2852.4994
2019-11-20 13:06:00,2.5963,2.5973,2.5919,2.5955,6025.8361
2019-11-20 13:05:00,2.5979,2.5979,2.5947,2.5947,9049.5043
2019-11-20 13:04:00,2.5936,2.5975,2.5928,2.5961,4293.2504
2019-11-20 13:03:00,2.5951,2.5956,2.5941,2.5942,1865.6874
2019-11-20 13:02:00,2.5973,2.5975,2.5904,2.5933,6349.9097
2019-11-20 13:01:00,2.5951,2.598,2.5948,2.5971,1345.2392
2019-11-20 13:00:00,2.5989,2.6013,2.5985,2.5985,928.9524
2019-11-20 12:59:00,2.5971,2.602,2.5971,2.5985,33368.3162
2019-11-20 12:58:00,2.5984,2.5993,2.5956,2.5971,9668.7058
2019-11-20 12:57:00,2.597,2.5972,2.5955,2.5972,748.8393
2019-11-20 12:56:00,2.5951,2.5988,2.5947,2.5947,6817.9883
2019-11-20 12:55:00,2.5972,2.5993,2.597,2.5972,903.358
2019-11-20 12:54:00,2.598,2.5995,2.598,2.5991,7045.002
2019-11-20 12:53:00,2.5964,2.599,2.591,2.5972,15439.0998
2019-11-20 12:52:00,2.5931,2.599,2.5931,2.599,16485.9245
2019-11-20 12:51:00,2.5912,2.5932,2.5912,2.5932,4999.591
2019-11-20 12:50:00,2.5916,2.592,2.5916,2.592,1903.8382
2019-11-20 12:49:00,2.5915,2.5917,2.5905,2.5915,9073.3954
2019-11-20 12:48:00,2.59,2.5928,2.59,2.5922,4225.3827
2019-11-20 12:47:00,2.5899,2.59,2.5899,2.59,3977.1535
2019-11-20 12:46:00,2.5872,2.5899,2.5872,2.5899,1854.8521
2019-11-20 12:45:00,2.5871,2.5872,2.5867,2.5872,1151.6448
2019-11-20 12:44:00,2.5866,2.5872,2.5863,2.5867,5392.4452
2019-11-20 12:43:00,2.5862,2.587,2.5862,2.587,6111.7119
2019-11-20 12:42:00,2.5849,2.5868,2.5837,2.5849,3659.6463
2019-11-20 12:41:00,2.5835,2.5862,2.5835,2.5849,6534.0188
2019-11-20 12:40:00,2.5835,2.5867,2.5834,2.5849,4008.5598
2019-11-20 12:39:00,2.5846,2.5867,2.583,2.584,2183.1943
2019-11-20 12:38:00,2.58,2.5861,2.58,2.5846,7766.0822
2019-11-20 12:37:00,2.5838,2.5838,2.5743,2.5774,12360.9522
2019-11-20 12:36:00,2.5852,2.5857,2.5772,2.58,2458.8862
2019-11-20 12:35:00,2.5793,2.5853,2.5786,2.5825,2915.0122
2019-11-20 12:34:00,2.5854,2.5864,2.5799,2.5799,3972.9662
2019-11-20 12:33:00,2.5834,2.5871,2.5834,2.5861,12005.8023
2019-11-20 12:32:00,2.5871,2.5871,2.5829,2.585,3538.8006
2019-11-20 12:31:00,2.5847,2.5871,2.5847,2.5848,9282.5486
2019-11-20 12:30:00,2.5845,2.5872,2.5845,2.585,1765.1199
2019-11-20 12:29:00,2.5814,2.5872,2.5814,2.5872,5061.0056
2019-11-20 12:28:00,2.5872,2.5872,2.5812,2.5841,3923.7918
2019-11-20 12:27:00,2.5837,2.5872,2.5823,2.5823,2930.9668
2019-11-20 12:26:00,2.5833,2.5872,2.5791,2.5834,4099.9663
2019-11-20 12:25:00,2.5825,2.5867,2.5821,2.5832,1919.2526
2019-11-20 12:24:00,2.5843,2.5872,2.5812,2.5872,7715.4079
2019-11-20 12:23:00,2.5819,2.587,2.5798,2.5867,7729.8277
2019-11-20 12:22:00,2.5803,2.582,2.5798,2.5814,3771.5993
2019-11-20 12:21:00,2.5808,2.582,2.5781,2.582,8095.5631
2019-11-20 12:20:00,2.5849,2.5849,2.58,2.5809,9023.4061
2019-11-20 12:19:00,2.5867,2.5873,2.5842,2.5842,3304.4393
2019-11-20 12:18:00,2.5841,2.5873,2.5835,2.5851,3760.4933
2019-11-20 12:17:00,2.5853,2.5873,2.5836,2.5857,11211.699
2019-11-20 12:16:00,2.5848,2.5873,2.5828,2.5873,3568.508
2019-11-20 12:15:00,2.5857,2.5873,2.5822,2.5846,5289.1217
2019-11-20 12:14:00,2.5873,2.5873,2.5844,2.5873,3109.4973
2019-11-20 12:13:00,2.5857,2.5873,2.5857,2.5857,9519.9104
2019-11-20 12:12:00,2.5848,2.5873,2.5848,2.5873,2191.7715
2019-11-20 12:11:00,2.5856,2.5873,2.5848,2.5859,4809.0175
2019-11-20 12:10:00,2.5856,2.5873,2.584,2.5853,5919.1721
2019-11-20 12:09:00,2.5854,2.5873,2.5848,2.5856,2391.9469
2019-11-20 12:08:00,2.5852,2.5873,2.583,2.5853,3732.3618
2019-11-20 12:07:00,2.5866,2.5873,2.5848,2.5866,5384.8012
2019-11-20 12:06:00,2.5849,2.5873,2.5849,2.5852,5645.9361
2019-11-20 12:05:00,2.5846,2.5873,2.5846,2.5873,2808.3209
2019-11-20 12:04:00,2.585,2.5873,2.5834,2.584,10344.8781
2019-11-20 12:03:00,2.5815,2.5858,2.58,2.5827,1997.268
2019-11-20 12:02:00,2.5814,2.5826,2.5802,2.5826,1155.1528
2019-11-20 12:01:00,2.5809,2.5826,2.5785,2.5826,1852.1247
2019-11-20 12:00:00,2.584,2.584,2.5802,2.5826,8829.8244
2019-11-20 11:59:00,2.5854,2.5858,2.5798,2.5851,7430.4838
2019-11-20 11:58:00,2.5812,2.5855,2.5812,2.583,5945.9578
2019-11-20 11:57:00,2.5827,2.5855,2.5799,2.5808,4012.3703
2019-11-20 11:56:00,2.5823,2.5853,2.5823,2.5824,2917.8153
2019-11-20 11:55:00,2.5819,2.5846,2.5789,2.5846,5118.7083
2019-11-20 11:54:00,2.5819,2.5856,2.5779,2.5787,2764.5966
2019-11-20 11:53:00,2.5758,2.586,2.5738,2.586,3722.723
2019-11-20 11:52:00,2.5766,2.5776,2.574,2.5758,6420.4747
2019-11-20 11:51:00,2.5776,2.5776,2.576,2.5765,1375.8485
2019-11-20 11:50:00,2.5761,2.5776,2.5751,2.5769,2332.6001
2019-11-20 11:49:00,2.5776,2.5776,2.574,2.5744,16248.565
2019-11-20 11:48:00,2.5757,2.5776,2.5749,2.5775,3892.3924
2019-11-20 11:47:00,2.5776,2.5776,2.5751,2.5757,6907.3906
2019-11-20 11:46:00,2.577,2.5786,2.574,2.5776,6321.453
2019-11-20 11:45:00,2.5762,2.5799,2.5751,2.5794,5261.4205
2019-11-20 11:44:00,2.5786,2.5829,2.5772,2.5798,5879.8023
2019-11-20 11:43:00,2.5802,2.583,2.5777,2.5786,11267.6722
2019-11-20 11:42:00,2.5783,2.5817,2.5747,2.5816,17918.3059
2019-11-20 11:41:00,2.5846,2.5849,2.578,2.5791,15549.9686
2019-11-20 11:40:00,2.5867,2.5867,2.5839,2.5844,9862.8994
2019-11-20 11:39:00,2.5887,2.59,2.583,2.5846,6826.8598
2019-11-20 11:38:00,2.5921,2.5953,2.5885,2.5892,5886.3482
2019-11-20 11:37:00,2.5966,2.5966,2.5877,2.5935,69387.3761
2019-11-20 11:36:00,2.5923,2.5956,2.5923,2.5947,1857.9982
2019-11-20 11:35:00,2.5937,2.5973,2.5902,2.5942,43964.83
2019-11-20 11:34:00,2.6014,2.6063,2.5906,2.5969,14206.7484
2019-11-20 11:33:00,2.6058,2.6081,2.6,2.6,5788.4796
2019-11-20 11:32:00,2.6043,2.6085,2.6025,2.6081,6856.013
2019-11-20 11:31:00,2.6013,2.6048,2.6013,2.6025,8055.3557
2019-11-20 11:30:00,2.6013,2.605,2.6013,2.6026,4674.2675
2019-11-20 11:29:00,2.5988,2.6049,2.5978,2.6026,14521.1785
2019-11-20 11:28:00,2.5942,2.6005,2.5925,2.5996,159726.6635
2019-11-20 11:27:00,2.5892,2.59,2.5892,2.59,40727.4576
2019-11-20 11:26:00,2.5891,2.59,2.5891,2.59,5735.6321
2019-11-20 11:25:00,2.588,2.59,2.588,2.5891,4411.1609
2019-11-20 11:24:00,2.588,2.588,2.588,2.588,1411.6883
2019-11-20 11:23:00,2.588,2.588,2.588,2.588,3121.4625
2019-11-20 11:22:00,2.5877,2.588,2.5877,2.588,3672.0841
2019-11-20 11:21:00,2.587,2.5879,2.587,2.5877,3572.337
2019-11-20 11:20:00,2.5859,2.588,2.5859,2.5871,4868.4279
2019-11-20 11:19:00,2.5856,2.5861,2.5856,2.5859,1448.2901
2019-11-20 11:18:00,2.5947,2.5947,2.585,2.5856,17317.4813
2019-11-20 11:17:00,2.5917,2.5955,2.5916,2.5922,5956.2865
2019-11-20 11:16:00,2.5923,2.5949,2.5923,2.5923,3610.2257
2019-11-20 11:15:00,2.5903,2.5933,2.5903,2.5915,4411.6542
2019-11-20 11:14:00,2.5917,2.5933,2.5899,2.5903,6793.7601
2019-11-20 11:13:00,2.5925,2.5933,2.59,2.5933,17696.9136
2019-11-20 11:12:00,2.5905,2.5933,2.59,2.5929,5471.2483
2019-11-20 11:11:00,2.5921,2.5935,2.5907,2.5919,7626.3106
2019-11-20 11:10:00,2.5921,2.5935,2.5898,2.5935,6963.56
2019-11-20 11:09:00,2.5921,2.5933,2.5906,2.592,5662.2906
2019-11-20 11:08:00,2.5914,2.5936,2.5912,2.5918,3696.6858
2019-11-20 11:07:00,2.5908,2.5915,2.5896,2.5915,6604.4618
2019-11-20 11:06:00,2.5916,2.5921,2.591,2.591,8941.3384
2019-11-20 11:05:00,2.5915,2.5925,2.591,2.591,3928.2419
2019-11-20 11:04:00,2.5899,2.5911,2.5895,2.591,2653.5327
2019-11-20 11:03:00,2.5895,2.59,2.5894,2.5899,1820.4785
2019-11-20 11:02:00,2.5897,2.5901,2.5893,2.5901,4080.1161
2019-11-20 11:01:00,2.5893,2.59,2.5891,2.59,10357.3557
2019-11-20 11:00:00,2.5893,2.59,2.5885,2.5893,5827.1201
2019-11-20 10:59:00,2.5867,2.59,2.5867,2.5884,3599.4234
2019-11-20 10:58:00,2.5867,2.5867,2.5857,2.5858,5294.2699
2019-11-20 10:57:00,2.5853,2.5883,2.5853,2.5868,2991.7869
2019-11-20 10:56:00,2.5862,2.5872,2.5851,2.5862,1414.7661
2019-11-20 10:55:00,2.5854,2.5862,2.5853,2.5862,578.4581
2019-11-20 10:54:00,2.5854,2.5876,2.5848,2.5856,5767.8649
2019-11-20 10:53:00,2.5836,2.5855,2.5823,2.5855,1430.3271
2019-11-20 10:52:00,2.5835,2.5846,2.5828,2.5835,1515.5951
2019-11-20 10:51:00,2.5845,2.5848,2.5835,2.5835,1948.6031
2019-11-20 10:50:00,2.5825,2.5846,2.5825,2.584,1337.1766
2019-11-20 10:49:00,2.5841,2.5842,2.5828,2.5842,3032.2223
2019-11-20 10:48:00,2.584,2.5862,2.5827,2.5829,4097.5888
2019-11-20 10:47:00,2.5822,2.585,2.5821,2.5838,5461.6624
2019-11-20 10:46:00,2.5856,2.5856,2.5836,2.5836,10000.0995
2019-11-20 10:45:00,2.5856,2.5861,2.5838,2.5848,3890.6556
2019-11-20 10:44:00,2.585,2.5854,2.5847,2.585,738.5105
2019-11-20 10:43:00,2.5839,2.5851,2.5839,2.584,3593.3445
2019-11-20 10:42:00,2.5844,2.5849,2.5844,2.5847,491.0365
2019-11-20 10:41:00,2.5825,2.5856,2.5825,2.5843,15097.3896
2019-11-20 10:40:00,2.5824,2.5836,2.58,2.5819,3641.5865
2019-11-20 10:39:00,2.5793,2.5843,2.5792,2.5839,20823.9244
2019-11-20 10:38:00,2.5766,2.5796,2.5764,2.5796,2131.0344
2019-11-20 10:37:00,2.5753,2.5768,2.5753,2.5765,3778.5583
2019-11-20 10:36:00,2.5751,2.5764,2.5751,2.5758,5530.1879
2019-11-20 10:35:00,2.573,2.5751,2.57,2.575,5274.4135
2019-11-20 10:34:00,2.5714,2.5716,2.5678,2.5715,1860.4941
2019-11-20 10:33:00,2.5726,2.5779,2.5684,2.575,3892.1034
2019-11-20 10:32:00,2.571,2.5831,2.5646,2.573,23806.7073
2019-11-20 10:31:00,2.5773,2.5804,2.5722,2.5722,21469.9043
2019-11-20 10:30:00,2.569,2.58,2.569,2.5774,36900.8597
2019-11-20 10:29:00,2.5679,2.5687,2.567,2.5684,4644.2533
2019-11-20 10:28:00,2.5666,2.5687,2.5662,2.5674,5039.8134
2019-11-20 10:27:00,2.5671,2.569,2.566,2.5688,2265.3347
2019-11-20 10:26:00,2.5645,2.5671,2.5645,2.5666,2728.4845
2019-11-20 10:25:00,2.5644,2.5645,2.5644,2.5645,735.5435
2019-11-20 10:24:00,2.5637,2.5672,2.5637,2.564,4892.4616
2019-11-20 10:23:00,2.5644,2.567,2.5639,2.5649,798.1152
2019-11-20 10:22:00,2.564,2.5674,2.5635,2.5661,4278.2608
2019-11-20 10:21:00,2.5652,2.5664,2.5641,2.5651,6498.4542
2019-11-20 10:20:00,2.5643,2.5675,2.5606,2.5635,2380.4379
2019-11-20 10:19:00,2.5627,2.5668,2.562,2.5664,7291.0921
2019-11-20 10:18:00,2.5621,2.5645,2.5617,2.5636,1531.5624
2019-11-20 10:17:00,2.5639,2.5643,2.56,2.5617,16534.7643
2019-11-20 10:16:00,2.5666,2.5672,2.56,2.56,2397.0746
2019-11-20 10:15:00,2.5689,2.5689,2.5667,2.5667,6818.6205
2019-11-20 10:14:00,2.566,2.5705,2.566,2.5685,12664.4933
2019-11-20 10:13:00,2.5679,2.5703,2.5656,2.5678,1448.13
2019-11-20 10:12:00,2.5651,2.5691,2.5651,2.5679,1525.5509
2019-11-20 10:11:00,2.5694,2.5694,2.5651,2.5651,2442.7695
2019-11-20 10:10:00,2.5711,2.5711,2.569,2.5698,8635.7095
2019-11-20 10:09:00,2.5716,2.5761,2.571,2.571,1185.3824
2019-11-20 10:08:00,2.5737,2.5738,2.5716,2.5716,8848.5447
2019-11-20 10:07:00,2.573,2.5742,2.5709,2.5725,2638.9301
2019-11-20 10:06:00,2.573,2.5746,2.5721,2.5735,10759.179
2019-11-20 10:05:00,2.5746,2.5746,2.5725,2.5728,1059.7052
2019-11-20 10:04:00,2.577,2.5772,2.5709,2.5725,25459.1414
2019-11-20 10:03:00,2.5784,2.5795,2.5766,2.5795,1533.2894
2019-11-20 10:02:00,2.5768,2.58,2.5763,2.5768,5592.8844
2019-11-20 10:01:00,2.5765,2.5782,2.5751,2.5782,7721.5648
2019-11-20 10:00:00,2.5771,2.5777,2.5748,2.5762,1618.4921
2019-11-20 09:59:00,2.5776,2.5776,2.5756,2.577,2545.8905
2019-11-20 09:58:00,2.5773,2.578,2.575,2.5765,2618.9488
2019-11-20 09:57:00,2.5765,2.5798,2.575,2.5798,1991.3501
2019-11-20 09:56:00,2.5773,2.5786,2.5747,2.5756,3718.2977
2019-11-20 09:55:00,2.5774,2.5792,2.5767,2.5769,4502.5481
2019-11-20 09:54:00,2.5748,2.5772,2.5748,2.576,1247.5963
2019-11-20 09:53:00,2.5781,2.5781,2.571,2.575,8956.8251
2019-11-20 09:52:00,2.5708,2.5783,2.5703,2.5743,4643.287
2019-11-20 09:51:00,2.5774,2.5809,2.5711,2.5739,8872.19
2019-11-20 09:50:00,2.5797,2.5826,2.5776,2.5784,7218.9772
2019-11-20 09:49:00,2.5806,2.5807,2.5768,2.5795,7100.9747
2019-11-20 09:48:00,2.5805,2.5805,2.5773,2.5788,2381.0112
2019-11-20 09:47:00,2.5834,2.5834,2.5798,2.58,5797.2174
2019-11-20 09:46:00,2.585,2.5851,2.5834,2.5843,11864.1102
2019-11-20 09:45:00,2.5843,2.5858,2.5837,2.5845,1945.6132
2019-11-20 09:44:00,2.5829,2.586,2.5829,2.5857,5012.71
2019-11-20 09:43:00,2.5848,2.5865,2.5846,2.585,861.8159
2019-11-20 09:42:00,2.5874,2.5881,2.58,2.5869,9865.6394
2019-11-20 09:41:00,2.5859,2.5889,2.5834,2.5874,11578.3965
2019-11-20 09:40:00,2.5855,2.5861,2.5849,2.5859,1096.7657
2019-11-20 09:39:00,2.5834,2.5861,2.5831,2.584,9336.0241
2019-11-20 09:38:00,2.5851,2.5861,2.5831,2.5831,9835.1304
2019-11-20 09:37:00,2.5841,2.5846,2.5827,2.5846,525.3949
2019-11-20 09:36:00,2.584,2.5845,2.5823,2.5845,2754.688
2019-11-20 09:35:00,2.5785,2.5824,2.5785,2.5803,8127.6317
2019-11-20 09:34:00,2.5779,2.5792,2.5767,2.577,4175.5274
2019-11-20 09:33:00,2.5769,2.5776,2.5769,2.5776,5166.73
2019-11-20 09:32:00,2.5743,2.5769,2.5729,2.5769,3938.966
2019-11-20 09:31:00,2.5744,2.5751,2.5735,2.5735,5780.9295
2019-11-20 09:30:00,2.5744,2.5748,2.5732,2.5746,5130.0219
2019-11-20 09:29:00,2.5684,2.5756,2.5684,2.5743,3440.6721
2019-11-20 09:28:00,2.5706,2.5722,2.5699,2.5705,906.4787
2019-11-20 09:27:00,2.5726,2.5726,2.5668,2.569,19712.796
2019-11-20 09:26:00,2.5693,2.5726,2.5668,2.5713,2511.9329
2019-11-20 09:25:00,2.5662,2.5666,2.5651,2.5666,4334.7008
2019-11-20 09:24:00,2.5666,2.5666,2.5627,2.5641,1438.7904
2019-11-20 09:23:00,2.5653,2.5666,2.5645,2.5665,1685.9396
2019-11-20 09:22:00,2.5677,2.5677,2.56,2.5644,15908.434
2019-11-20 09:21:00,2.5719,2.5719,2.565,2.5666,7741.8016
2019-11-20 09:20:00,2.57,2.5768,2.5668,2.5719,8064.2146
2019-11-20 09:19:00,2.5718,2.5772,2.5649,2.5753,8411.8624
2019-11-20 09:18:00,2.5703,2.5779,2.5645,2.5714,20679.6618
2019-11-20 09:17:00,2.5787,2.58,2.5695,2.5695,6137.5753
2019-11-20 09:16:00,2.5788,2.58,2.5772,2.5772,7032.7466
2019-11-20 09:15:00,2.57,2.58,2.57,2.5785,5371.7681
2019-11-20 09:14:00,2.5697,2.5766,2.5678,2.57,5069.5453
2019-11-20 09:13:00,2.5738,2.577,2.563,2.5697,3578.1901
2019-11-20 09:12:00,2.574,2.5743,2.5695,2.5739,1701.0428
2019-11-20 09:11:00,2.5741,2.5768,2.5705,2.5735,6755.543
2019-11-20 09:10:00,2.5694,2.577,2.5694,2.577,2801.23
2019-11-20 09:09:00,2.5728,2.5734,2.5704,2.5719,8783.6297
2019-11-20 09:08:00,2.5761,2.5769,2.5722,2.5738,6813.696
2019-11-20 09:07:00,2.576,2.577,2.5747,2.576,5489.7058
2019-11-20 09:06:00,2.575,2.577,2.5741,2.5769,10673.2452
2019-11-20 09:05:00,2.5744,2.575,2.5721,2.575,9238.5234
2019-11-20 09:04:00,2.5717,2.5741,2.5692,2.5695,1961.9839
2019-11-20 09:03:00,2.5708,2.5708,2.5682,2.5697,1711.068
2019-11-20 09:02:00,2.5698,2.5717,2.5698,2.5702,2132.9059
2019-11-20 09:01:00,2.5679,2.5724,2.5679,2.5714,4806.8924
2019-11-20 09:00:00,2.5723,2.5762,2.5717,2.5722,535.5124
2019-11-20 08:59:00,2.572,2.5776,2.5676,2.5776,11061.4773
2019-11-20 08:58:00,2.574,2.574,2.5683,2.5683,7838.3928
2019-11-20 08:57:00,2.5706,2.5747,2.5685,2.5685,3233.7768
2019-11-20 08:56:00,2.5734,2.5743,2.5696,2.5739,9918.5758
2019-11-20 08:55:00,2.5736,2.5778,2.5714,2.5726,9474.7334
2019-11-20 08:54:00,2.5755,2.5788,2.569,2.5734,2983.5827
2019-11-20 08:53:00,2.5724,2.5736,2.5679,2.5736,11561.6971
2019-11-20 08:52:00,2.5731,2.5749,2.57,2.5707,13844.6338
2019-11-20 08:51:00,2.5757,2.5766,2.5708,2.5748,9032.6805
2019-11-20 08:50:00,2.5775,2.5787,2.5758,2.5763,9346.369
2019-11-20 08:49:00,2.5786,2.5799,2.5776,2.5786,815.1138
2019-11-20 08:48:00,2.58,2.58,2.5779,2.5786,5718.0926
2019-11-20 08:47:00,2.5834,2.5834,2.5783,2.5809,6839.1494
2019-11-20 08:46:00,2.5815,2.585,2.5799,2.5799,8662.6763
2019-11-20 08:45:00,2.5831,2.5877,2.5779,2.5816,6254.016
2019-11-20 08:44:00,2.5832,2.5836,2.5786,2.5816,2363.5308
2019-11-20 08:43:00,2.5847,2.5892,2.5835,2.5835,4372.0213
2019-11-20 08:42:00,2.5937,2.596,2.5804,2.5804,35843.2158
2019-11-20 08:41:00,2.5926,2.5958,2.5916,2.5916,935.9155
2019-11-20 08:40:00,2.5922,2.5924,2.5919,2.5924,5741.2627
2019-11-20 08:39:00,2.5909,2.5927,2.5909,2.5921,3514.4324
2019-11-20 08:38:00,2.592,2.5929,2.5916,2.592,4325.9859
2019-11-20 08:37:00,2.5911,2.592,2.5911,2.5918,2136.3458
2019-11-20 08:36:00,2.592,2.592,2.5902,2.5911,9384.3845
2019-11-20 08:35:00,2.5918,2.592,2.5888,2.592,5948.478
2019-11-20 08:34:00,2.5893,2.5915,2.5893,2.5914,2323.5635
2019-11-20 08:33:00,2.59,2.5914,2.588,2.588,13747.3419
2019-11-20 08:32:00,2.59,2.59,2.587,2.59,5745.1992
2019-11-20 08:31:00,2.59,2.59,2.5875,2.59,3849.3548
2019-11-20 08:30:00,2.5879,2.5892,2.5864,2.5892,4761.3254
2019-11-20 08:29:00,2.5876,2.5893,2.5876,2.5879,1137.1054
2019-11-20 08:28:00,2.5865,2.59,2.5865,2.59,6707.4013
2019-11-20 08:27:00,2.587,2.588,2.5863,2.588,5617.4148
2019-11-20 08:26:00,2.5899,2.59,2.5873,2.5878,1919.3877
2019-11-20 08:25:00,2.5839,2.59,2.5839,2.589,14703.0061
2019-11-20 08:24:00,2.5832,2.584,2.5832,2.584,5052.2426
2019-11-20 08:23:00,2.584,2.584,2.5825,2.5832,1611.1554
2019-11-20 08:22:00,2.5797,2.584,2.5797,2.5831,1343.9939
2019-11-20 08:21:00,2.578,2.584,2.5765,2.584,5939.0661
2019-11-20 08:20:00,2.5744,2.5781,2.5744,2.5774,4178.597
2019-11-20 08:19:00,2.5762,2.5771,2.5743,2.5745,1008.0858
2019-11-20 08:18:00,2.5744,2.5771,2.5714,2.5755,2380.9736
2019-11-20 08:17:00,2.578,2.578,2.574,2.574,4629.7774
2019-11-20 08:16:00,2.571,2.5746,2.571,2.5745,3308.0437
2019-11-20 08:15:00,2.571,2.5796,2.571,2.5771,7228.8069
2019-11-20 08:14:00,2.579,2.579,2.5716,2.5737,3206.4225
2019-11-20 08:13:00,2.5761,2.5762,2.5712,2.5755,1310.2332
2019-11-20 08:12:00,2.5742,2.5763,2.5736,2.5736,6052.7457
2019-11-20 08:11:00,2.581,2.581,2.5681,2.5754,52377.1273
2019-11-20 08:10:00,2.5852,2.5852,2.58,2.5815,6679.7776
2019-11-20 08:09:00,2.5848,2.5869,2.5829,2.5854,11851.6693
2019-11-20 08:08:00,2.5874,2.5894,2.5848,2.5869,1928.1173
2019-11-20 08:07:00,2.5877,2.589,2.5849,2.5873,7228.2055
2019-11-20 08:06:00,2.5898,2.5904,2.5881,2.5904,3477.9002
2019-11-20 08:05:00,2.5898,2.5907,2.5881,2.5898,5112.1009
2019-11-20 08:04:00,2.5871,2.5912,2.5871,2.5882,648.3349
2019-11-20 08:03:00,2.592,2.592,2.5866,2.5913,6104.018
2019-11-20 08:02:00,2.5876,2.592,2.586,2.592,5673.8542
2019-11-20 08:01:00,2.59,2.59,2.5878,2.5878,9291.32
2019-11-20 08:00:00,2.5896,2.5899,2.5867,2.5874,2671.2594
2019-11-20 07:59:00,2.5876,2.59,2.5855,2.5872,12785.6457
2019-11-20 07:58:00,2.583,2.5876,2.583,2.5871,4760.2801
2019-11-20 07:57:00,2.5827,2.583,2.5827,2.5829,3428.4074
2019-11-20 07:56:00,2.5827,2.5829,2.5824,2.5827,8075.5413
2019-11-20 07:55:00,2.5822,2.5831,2.5806,2.5831,4377.7388
2019-11-20 07:54:00,2.5817,2.5831,2.5806,2.5815,3458.8974
2019-11-20 07:53:00,2.586,2.586,2.5818,2.5818,4334.1505
2019-11-20 07:52:00,2.5875,2.5876,2.5824,2.5843,9315.5523
2019-11-20 07:51:00,2.5855,2.5876,2.5779,2.5843,11528.6366
2019-11-20 07:50:00,2.5813,2.5876,2.5813,2.5865,3565.1408
2019-11-20 07:49:00,2.5829,2.5844,2.5822,2.5822,1974.5834
2019-11-20 07:48:00,2.5864,2.5884,2.5817,2.5833,6178.2278
2019-11-20 07:47:00,2.5922,2.5922,2.5874,2.5892,1160.4011
2019-11-20 07:46:00,2.5912,2.5945,2.5876,2.5876,1352.0924
2019-11-20 07:45:00,2.5913,2.5973,2.5869,2.5869,9065.7827
2019-11-20 07:44:00,2.5928,2.5975,2.591,2.5913,6768.8885
2019-11-20 07:43:00,2.5854,2.5936,2.5854,2.5924,8419.6255
2019-11-20 07:42:00,2.567,2.59,2.567,2.59,30493.0066
2019-11-20 07:41:00,2.556,2.582,2.556,2.5683,35069.6705
2019-11-20 07:40:00,2.5487,2.556,2.5487,2.556,12127.1318
2019-11-20 07:39:00,2.5485,2.5488,2.548,2.5484,8589.3825
2019-11-20 07:38:00,2.5485,2.549,2.548,2.5482,4655.0638
2019-11-20 07:37:00,2.5465,2.5496,2.5465,2.5484,8543.7874
2019-11-20 07:36:00,2.5465,2.5465,2.5465,2.5465,624.3683
2019-11-20 07:35:00,2.5461,2.5465,2.546,2.546,5616.2764
2019-11-20 07:34:00,2.546,2.5466,2.5459,2.5461,5417.8683
2019-11-20 07:33:00,2.5428,2.5461,2.5427,2.5461,21427.8764
2019-11-20 07:32:00,2.5431,2.5453,2.5429,2.5431,5906.3952
2019-11-20 07:31:00,2.5431,2.5455,2.5423,2.5429,5072.2601
2019-11-20 07:30:00,2.542,2.5453,2.542,2.5431,3718.1836
2019-11-20 07:29:00,2.5422,2.5454,2.5389,2.542,13917.3892
2019-11-20 07:28:00,2.5466,2.5466,2.5391,2.5421,4942.4504
2019-11-20 07:27:00,2.5445,2.5469,2.5423,2.5469,12054.1943
2019-11-20 07:26:00,2.5413,2.5495,2.5413,2.5451,15237.569
2019-11-20 07:25:00,2.5408,2.5446,2.539,2.5425,1869.5354
2019-11-20 07:24:00,2.5386,2.5412,2.5348,2.5375,9007.2341
2019-11-20 07:23:00,2.5339,2.5392,2.5338,2.5385,13671.1437
2019-11-20 07:22:00,2.5332,2.5345,2.5332,2.5339,11603.0881
2019-11-20 07:21:00,2.5328,2.5339,2.5317,2.5339,2823.4777
2019-11-20 07:20:00,2.5282,2.5329,2.5282,2.5328,8346.6515
2019-11-20 07:19:00,2.5378,2.5378,2.5307,2.5308,6428.1454
2019-11-20 07:18:00,2.5345,2.5346,2.5304,2.5345,930.0083
2019-11-20 07:17:00,2.5284,2.5383,2.5274,2.5383,27161.8072
2019-11-20 07:16:00,2.532,2.5332,2.5282,2.5324,1658.0458
2019-11-20 07:15:00,2.5371,2.5416,2.5273,2.5306,8254.5565
2019-11-20 07:14:00,2.5352,2.5388,2.5323,2.5388,4946.4015
2019-11-20 07:13:00,2.541,2.541,2.5324,2.5324,7548.931
2019-11-20 07:12:00,2.5414,2.5459,2.5372,2.5411,3095.4383
2019-11-20 07:11:00,2.5404,2.546,2.5375,2.5375,5595.8205
2019-11-20 07:10:00,2.5411,2.5442,2.5372,2.5417,2212.2611
2019-11-20 07:09:00,2.5417,2.5417,2.5339,2.534,7850.3716
2019-11-20 07:08:00,2.546,2.5481,2.5404,2.5404,12629.159
2019-11-20 07:07:00,2.5479,2.5483,2.5479,2.5483,671.4133
2019-11-20 07:06:00,2.5488,2.5489,2.5473,2.5477,1968.7026
2019-11-20 07:05:00,2.5492,2.552,2.547,2.547,7749.1051
2019-11-20 07:04:00,2.5492,2.55,2.5472,2.5472,2927.4711
2019-11-20 07:03:00,2.547,2.5496,2.5464,2.5473,725.2524
2019-11-20 07:02:00,2.5486,2.55,2.5474,2.5477,9787.1644
2019-11-20 07:01:00,2.5508,2.5515,2.5494,2.5508,2871.7893
2019-11-20 07:00:00,2.5543,2.5552,2.55,2.55,53468.8593
2019-11-20 06:59:00,2.554,2.554,2.5511,2.554,7974.2131
2019-11-20 06:58:00,2.5526,2.556,2.5526,2.5554,13699.2827
2019-11-20 06:57:00,2.5518,2.5525,2.5518,2.5525,3035.7366
2019-11-20 06:56:00,2.5447,2.5526,2.5447,2.5526,11619.8303
2019-11-20 06:55:00,2.5433,2.5448,2.5433,2.5446,1737.8684
2019-11-20 06:54:00,2.5432,2.5434,2.5427,2.5427,4050.1004
2019-11-20 06:53:00,2.5426,2.5435,2.5426,2.5432,3946.1437
2019-11-20 06:52:00,2.5438,2.5438,2.542,2.5431,5418.2096
2019-11-20 06:51:00,2.5422,2.5433,2.5422,2.5423,4219.0446
2019-11-20 06:50:00,2.5422,2.5424,2.5406,2.541,7631.154
2019-11-20 06:49:00,2.5357,2.5422,2.5335,2.5422,29276.3712
2019-11-20 06:48:00,2.5372,2.5372,2.5354,2.5371,1669.7623
2019-11-20 06:47:00,2.539,2.539,2.5377,2.5377,5882.194
2019-11-20 06:46:00,2.5387,2.5391,2.5386,2.539,4680.746
2019-11-20 06:45:00,2.5366,2.5387,2.5353,2.5387,3035.5846
2019-11-20 06:44:00,2.5375,2.5377,2.5362,2.5373,818.2579
2019-11-20 06:43:00,2.5342,2.5376,2.5328,2.5371,6800.073
2019-11-20 06:42:00,2.5334,2.5351,2.5324,2.5328,5061.3499
2019-11-20 06:41:00,2.5314,2.5332,2.5313,2.5332,6231.3925
2019-11-20 06:40:00,2.5312,2.5315,2.5312,2.5314,696.9941
2019-11-20 06:39:00,2.5297,2.5311,2.5297,2.5311,5742.1152
2019-11-20 06:38:00,2.5307,2.531,2.5283,2.5296,21606.3786
2019-11-20 06:37:00,2.5311,2.5311,2.5309,2.5309,7010.6631
2019-11-20 06:36:00,2.5312,2.5312,2.5312,2.5312,1.2571
2019-11-20 06:35:00,2.531,2.5311,2.5309,2.5311,1496.1248
2019-11-20 06:34:00,2.5307,2.5311,2.5307,2.531,4218.0363
2019-11-20 06:33:00,2.5306,2.531,2.5306,2.531,5947.3929
2019-11-20 06:32:00,2.5297,2.5297,2.5291,2.5297,1822.0542
2019-11-20 06:31:00,2.5295,2.5306,2.529,2.5297,799.9543
2019-11-20 06:30:00,2.5291,2.5301,2.5291,2.5295,1234.6246
2019-11-20 06:29:00,2.5291,2.5295,2.5276,2.5291,8521.8391
2019-11-20 06:28:00,2.5307,2.5307,2.5275,2.5292,2178.0533
2019-11-20 06:27:00,2.5277,2.5305,2.5263,2.5305,5837.534
2019-11-20 06:26:00,2.527,2.5307,2.5245,2.5275,3854.6367
2019-11-20 06:25:00,2.5276,2.5292,2.5248,2.5292,2971.6634
2019-11-20 06:24:00,2.5247,2.528,2.5247,2.5277,5094.2539
2019-11-20 06:23:00,2.5239,2.5278,2.5218,2.5252,14140.9592
2019-11-20 06:22:00,2.5224,2.5263,2.5182,2.5253,3941.3826
2019-11-20 06:21:00,2.5223,2.5262,2.5187,2.5233,7045.083
2019-11-20 06:20:00,2.5266,2.5296,2.5232,2.5292,7859.4989
2019-11-20 06:19:00,2.5223,2.5299,2.5214,2.5222,18592.717
2019-11-20 06:18:00,2.5192,2.5243,2.5192,2.5234,7088.1431
2019-11-20 06:17:00,2.5191,2.52,2.5185,2.52,2728.0253
2019-11-20 06:16:00,2.52,2.52,2.5177,2.5182,5778.4661
2019-11-20 06:15:00,2.5168,2.5227,2.5168,2.5206,9808.8319
2019-11-20 06:14:00,2.5176,2.5176,2.5163,2.5166,3373.2829
2019-11-20 06:13:00,2.517,2.5181,2.5147,2.5167,7841.0621
2019-11-20 06:12:00,2.5167,2.5169,2.5146,2.5169,1985.6538
2019-11-20 06:11:00,2.5179,2.518,2.5159,2.5159,5953.7018
2019-11-20 06:10:00,2.519,2.519,2.5173,2.5179,1303.5439
2019-11-20 06:09:00,2.5256,2.5256,2.52,2.5202,1989.399
2019-11-20 06:08:00,2.5241,2.528,2.5241,2.5254,4279.9056
2019-11-20 06:07:00,2.5269,2.5309,2.5241,2.5309,8485.0266
2019-11-20 06:06:00,2.5343,2.5343,2.5275,2.5275,38763.185
2019-11-20 06:05:00,2.5327,2.5336,2.5304,2.5317,1542.788
2019-11-20 06:04:00,2.5354,2.5371,2.53,2.53,10163.3493
2019-11-20 06:03:00,2.5393,2.5395,2.5355,2.5355,14791.4151
2019-11-20 06:02:00,2.5375,2.5392,2.5375,2.5392,8384.3631
2019-11-20 06:01:00,2.5356,2.537,2.5356,2.537,3513.7659
2019-11-20 06:00:00,2.5321,2.5369,2.5321,2.5369,4118.5999
2019-11-20 05:59:00,2.532,2.5321,2.532,2.5321,953.0351
2019-11-20 05:58:00,2.5319,2.5321,2.5319,2.5321,3872.8397
2019-11-20 05:57:00,2.5297,2.5319,2.5297,2.5319,5233.0134
2019-11-20 05:56:00,2.529,2.5297,2.529,2.5294,1192.5014
2019-11-20 05:55:00,2.5285,2.5289,2.5285,2.5289,4079.8867
2019-11-20 05:54:00,2.5258,2.5285,2.5258,2.528,5816.5873
2019-11-20 05:53:00,2.5265,2.5284,2.5265,2.5284,3315.9831
2019-11-20 05:52:00,2.5282,2.5287,2.5257,2.5283,6211.8927
2019-11-20 05:51:00,2.5282,2.5289,2.5279,2.5279,1648.1167
2019-11-20 05:50:00,2.527,2.5285,2.527,2.5285,3958.4383
2019-11-20 05:49:00,2.5269,2.5269,2.5269,2.5269,0
2019-11-20 05:48:00,2.5269,2.5269,2.5268,2.5269,1005.4155
2019-11-20 05:47:00,2.5266,2.5269,2.5265,2.5265,2183.2794
2019-11-20 05:46:00,2.5269,2.5269,2.5266,2.5266,2298.5355
2019-11-20 05:45:00,2.5265,2.5269,2.5265,2.5269,3082.2133
2019-11-20 05:44:00,2.5255,2.5267,2.5255,2.5267,2390.7107
2019-11-20 05:43:00,2.5249,2.5254,2.5239,2.5254,4276.2178
2019-11-20 05:42:00,2.5267,2.5267,2.5249,2.5249,1819.2243
2019-11-20 05:41:00,2.5242,2.5267,2.5242,2.5267,1259.1793
2019-11-20 05:40:00,2.5242,2.5242,2.5224,2.5228,2193.4585
2019-11-20 05:39:00,2.5241,2.5241,2.5223,2.5241,1148.1799
2019-11-20 05:38:00,2.5244,2.5244,2.5244,2.5244,848.5184
2019-11-20 05:37:00,2.5233,2.5251,2.5233,2.5243,699.913
2019-11-20 05:36:00,2.5205,2.5231,2.5205,2.5217,2057.4352
2019-11-20 05:35:00,2.5187,2.5203,2.5187,2.5203,728.0787
2019-11-20 05:34:00,2.5187,2.5202,2.5187,2.5198,2047.0427
2019-11-20 05:33:00,2.5178,2.5186,2.5177,2.5177,5884.9762
2019-11-20 05:32:00,2.5187,2.5202,2.5174,2.5182,4131.6384
2019-11-20 05:31:00,2.5203,2.5204,2.5171,2.5187,2311.3545
2019-11-20 05:30:00,2.5197,2.5204,2.5195,2.5204,6112.3417
2019-11-20 05:29:00,2.5204,2.5204,2.5204,2.5204,19.3585
2019-11-20 05:28:00,2.5202,2.5202,2.5202,2.5202,0
2019-11-20 05:27:00,2.5203,2.5204,2.5197,2.5202,5111.4449
2019-11-20 05:26:00,2.5194,2.5204,2.5194,2.5204,646.4939
2019-11-20 05:25:00,2.519,2.5201,2.5186,2.5199,2991.1598
2019-11-20 05:24:00,2.5183,2.5197,2.5175,2.5184,1747.5078
2019-11-20 05:23:00,2.5195,2.5195,2.5175,2.5185,2040.1714
2019-11-20 05:22:00,2.5194,2.5196,2.5181,2.5188,1818.2364
2019-11-20 05:21:00,2.5187,2.5196,2.5174,2.5193,6334.665
2019-11-20 05:20:00,2.5192,2.5198,2.5179,2.5188,1989.276
2019-11-20 05:19:00,2.5213,2.5214,2.5183,2.5183,2152.411
2019-11-20 05:18:00,2.5198,2.5227,2.5189,2.5198,4182.3471
2019-11-20 05:17:00,2.5195,2.522,2.5195,2.5198,640.4683
2019-11-20 05:16:00,2.5165,2.5192,2.5165,2.5188,3160.2854
2019-11-20 05:15:00,2.5166,2.5189,2.5166,2.5183,1272.4255
2019-11-20 05:14:00,2.5177,2.518,2.517,2.517,1355.9373
2019-11-20 05:13:00,2.5176,2.5196,2.5152,2.5152,8807.5545
2019-11-20 05:12:00,2.5198,2.5199,2.516,2.5172,2586.9851
2019-11-20 05:11:00,2.5205,2.5206,2.5151,2.5206,2774.8538
2019-11-20 05:10:00,2.5216,2.5246,2.5175,2.52,17289.1817
2019-11-20 05:09:00,2.5202,2.525,2.5185,2.5211,4657.1442
2019-11-20 05:08:00,2.5212,2.5212,2.5178,2.5206,1958.35
2019-11-20 05:07:00,2.5221,2.5235,2.5192,2.5196,7011.3933
2019-11-20 05:06:00,2.519,2.5226,2.5182,2.5209,783.4825
2019-11-20 05:05:00,2.5239,2.525,2.5204,2.523,4311.1676
2019-11-20 05:04:00,2.5224,2.5254,2.5221,2.5221,7938.6912
2019-11-20 05:03:00,2.5159,2.5221,2.5156,2.5221,2539.3115
2019-11-20 05:02:00,2.5175,2.5213,2.517,2.5185,6623.4862
2019-11-20 05:01:00,2.5232,2.5234,2.517,2.5205,3565.3063
2019-11-20 05:00:00,2.5226,2.5269,2.5191,2.5191,11836.7244
2019-11-20 04:59:00,2.5229,2.5273,2.5229,2.5248,9627.2882
2019-11-20 04:58:00,2.5216,2.5245,2.5216,2.5245,1996.7917
2019-11-20 04:57:00,2.5228,2.524,2.5228,2.524,4689.4583
2019-11-20 04:56:00,2.5209,2.5215,2.5196,2.5215,4298.2689
2019-11-20 04:55:00,2.5188,2.5214,2.5188,2.5214,4841.1687
2019-11-20 04:54:00,2.5174,2.5195,2.5169,2.5169,2894.0021
2019-11-20 04:53:00,2.5178,2.518,2.517,2.5178,1297.608
2019-11-20 04:52:00,2.517,2.5182,2.5168,2.517,3355.1093
2019-11-20 04:51:00,2.518,2.518,2.5157,2.5171,2595.2013
2019-11-20 04:50:00,2.5171,2.5183,2.5158,2.5174,8864.5575
2019-11-20 04:49:00,2.5205,2.5205,2.5169,2.5169,12204.5036
2019-11-20 04:48:00,2.5162,2.5213,2.5143,2.5204,14620.2144
2019-11-20 04:47:00,2.5131,2.5143,2.5126,2.5138,4121.717
2019-11-20 04:46:00,2.5133,2.5139,2.5117,2.5129,7822.2169
2019-11-20 04:45:00,2.5092,2.5131,2.507,2.5131,1052.7077
2019-11-20 04:44:00,2.5076,2.5107,2.5062,2.5107,8457.2571
2019-11-20 04:43:00,2.5031,2.506,2.5031,2.5059,5105.9724
2019-11-20 04:42:00,2.5032,2.509,2.5032,2.5057,5564.5122
2019-11-20 04:41:00,2.5027,2.5058,2.5014,2.5038,4697.5474
2019-11-20 04:40:00,2.5011,2.5061,2.5011,2.503,11150.9386
2019-11-20 04:39:00,2.503,2.5064,2.503,2.5062,5949.3414
2019-11-20 04:38:00,2.5017,2.5028,2.5017,2.5026,2747.225
2019-11-20 04:37:00,2.501,2.5018,2.4988,2.5016,1944.8033
2019-11-20 04:36:00,2.5021,2.5033,2.501,2.501,3217.4923
2019-11-20 04:35:00,2.5002,2.5023,2.4999,2.5011,7785.8554
2019-11-20 04:34:00,2.5004,2.5004,2.4988,2.4993,4362.5255
2019-11-20 04:33:00,2.4989,2.5007,2.498,2.4989,5472.9641
2019-11-20 04:32:00,2.4993,2.5016,2.4987,2.5001,5353.8286
2019-11-20 04:31:00,2.5007,2.501,2.4981,2.4991,7641.9035
2019-11-20 04:30:00,2.4954,2.4998,2.4954,2.4998,7535.2895
2019-11-20 04:29:00,2.495,2.4954,2.4949,2.4953,6869.6975
2019-11-20 04:28:00,2.4916,2.4946,2.4912,2.4946,1232.2903
2019-11-20 04:27:00,2.4891,2.4915,2.4847,2.4915,3619.7035
2019-11-20 04:26:00,2.491,2.4921,2.4885,2.4914,1951.4321
2019-11-20 04:25:00,2.4902,2.4962,2.4902,2.4913,5010.1018
2019-11-20 04:24:00,2.4919,2.497,2.4849,2.4897,17799.1589
2019-11-20 04:23:00,2.4925,2.4926,2.4889,2.4917,1817.2591
2019-11-20 04:22:00,2.4911,2.4969,2.489,2.4946,7689.3069
2019-11-20 04:21:00,2.4962,2.4964,2.4903,2.4922,9340.3895
2019-11-20 04:20:00,2.4945,2.4949,2.4922,2.4949,1391.0305
2019-11-20 04:19:00,2.4941,2.4972,2.4922,2.494,17944.7406
2019-11-20 04:18:00,2.4897,2.494,2.4897,2.4916,6602.9555
2019-11-20 04:17:00,2.4898,2.4906,2.4886,2.4902,5369.545
2019-11-20 04:16:00,2.49,2.4909,2.4885,2.4909,23971.1642
2019-11-20 04:15:00,2.4873,2.4901,2.4873,2.49,7260.7258
2019-11-20 04:14:00,2.486,2.4891,2.486,2.4886,8484.1996
2019-11-20 04:13:00,2.4859,2.4898,2.4859,2.489,15125.745
2019-11-20 04:12:00,2.4874,2.4901,2.4825,2.4827,9475.5233
2019-11-20 04:11:00,2.4874,2.4906,2.4837,2.4837,3408.6418
2019-11-20 04:10:00,2.4908,2.4908,2.4831,2.4893,16980.4438
2019-11-20 04:09:00,2.4861,2.4887,2.4823,2.4887,6723.5725
2019-11-20 04:08:00,2.4874,2.49,2.4843,2.4892,14028.8567
2019-11-20 04:07:00,2.4948,2.4948,2.4857,2.4889,5865.3816
2019-11-20 04:06:00,2.5007,2.5111,2.4875,2.4965,47152.921
2019-11-20 04:05:00,2.573,2.5748,2.5,2.5067,576586.4932
2019-11-20 04:04:00,2.5899,2.5905,2.5205,2.5745,141318.7936
2019-11-20 04:03:00,2.5974,2.5978,2.582,2.5941,39345.933
2019-11-20 04:02:00,2.5974,2.5975,2.5973,2.5973,4179.2135
2019-11-20 04:01:00,2.5982,2.5982,2.5974,2.5974,6144.7084
2019-11-20 04:00:00,2.5965,2.5965,2.5965,2.5965,5908.8786
2019-11-20 03:59:00,2.5975,2.5975,2.5975,2.5975,0
2019-11-20 03:58:00,2.5975,2.5975,2.5975,2.5975,1627.0917
2019-11-20 03:57:00,2.5976,2.5976,2.5976,2.5976,0
2019-11-20 03:56:00,2.5976,2.5976,2.5976,2.5976,988.9196
2019-11-20 03:55:00,2.5969,2.5982,2.5969,2.5982,2625.4021
2019-11-20 03:54:00,2.5969,2.5969,2.5969,2.5969,0
2019-11-20 03:53:00,2.5982,2.5982,2.5982,2.5982,2
2019-11-20 03:52:00,2.5981,2.5982,2.5973,2.5982,6148.3425
2019-11-20 03:51:00,2.5975,2.5981,2.5974,2.598,2435.9219
2019-11-20 03:50:00,2.5983,2.5983,2.5983,2.5983,0
2019-11-20 03:49:00,2.5983,2.5983,2.5983,2.5983,0
2019-11-20 03:48:00,2.5982,2.5983,2.5982,2.5983,209.6851
2019-11-20 03:47:00,2.5982,2.5982,2.5982,2.5982,0
2019-11-20 03:46:00,2.5982,2.5982,2.5982,2.5982,0
2019-11-20 03:45:00,2.5978,2.5982,2.5978,2.5982,1507.5989
2019-11-20 03:44:00,2.5982,2.5982,2.598,2.598,358.6725
2019-11-20 03:43:00,2.5972,2.5981,2.5972,2.5981,5285.2251
2019-11-20 03:42:00,2.597,2.5978,2.5964,2.5972,2395.5768
2019-11-20 03:41:00,2.5982,2.5982,2.597,2.598,2877.6454
2019-11-20 03:40:00,2.5981,2.5982,2.5976,2.5982,6732.4761
2019-11-20 03:39:00,2.5978,2.5981,2.5976,2.5981,8723.3323
2019-11-20 03:38:00,2.5973,2.5983,2.5973,2.5978,2277.2375
2019-11-20 03:37:00,2.5979,2.5979,2.5976,2.5979,7924.7659
2019-11-20 03:36:00,2.5977,2.5982,2.5977,2.5979,1032.7141
2019-11-20 03:35:00,2.597,2.5978,2.5968,2.5978,540.5877
2019-11-20 03:34:00,2.5979,2.5979,2.596,2.597,1599.2163
2019-11-20 03:33:00,2.5971,2.598,2.5967,2.5971,5314.8105
2019-11-20 03:32:00,2.5988,2.5988,2.5958,2.5971,4601.6784
2019-11-20 03:31:00,2.5988,2.5988,2.5988,2.5988,100.0424
2019-11-20 03:30:00,2.5986,2.5986,2.5983,2.5983,1158.089
2019-11-20 03:29:00,2.5986,2.5986,2.5974,2.5974,870.7064
2019-11-20 03:28:00,2.5987,2.5988,2.598,2.5988,2605.715
2019-11-20 03:27:00,2.5983,2.5988,2.5983,2.5986,823.0168
2019-11-20 03:26:00,2.598,2.599,2.598,2.5981,2177.4649
2019-11-20 03:25:00,2.5967,2.5989,2.5967,2.598,6066.6583
2019-11-20 03:24:00,2.5966,2.597,2.5962,2.5966,1532.4445
2019-11-20 03:23:00,2.5974,2.5974,2.5957,2.5967,6576.0294
2019-11-20 03:22:00,2.5974,2.5974,2.5967,2.5967,4
2019-11-20 03:21:00,2.5972,2.5974,2.597,2.5974,4529.9438
2019-11-20 03:20:00,2.5971,2.5973,2.5971,2.5973,512.916
2019-11-20 03:19:00,2.5974,2.5975,2.597,2.597,936.7742
2019-11-20 03:18:00,2.5971,2.5973,2.5965,2.5972,1624.3921
2019-11-20 03:17:00,2.5956,2.5972,2.5956,2.5972,1364.3029
2019-11-20 03:16:00,2.5966,2.5967,2.5957,2.5957,2015.3593
2019-11-20 03:15:00,2.5962,2.5965,2.5956,2.5965,902.3741
2019-11-20 03:14:00,2.5965,2.5965,2.5957,2.5963,3222.5567
2019-11-20 03:13:00,2.5961,2.5965,2.5961,2.5965,1146.0345
2019-11-20 03:12:00,2.5955,2.5961,2.5955,2.596,4786.4031
2019-11-20 03:11:00,2.5947,2.596,2.594,2.5956,1661.3389
2019-11-20 03:10:00,2.5953,2.5954,2.5949,2.595,4741.4765
2019-11-20 03:09:00,2.5949,2.5954,2.5945,2.5949,4941.6759
2019-11-20 03:08:00,2.594,2.5948,2.5934,2.5948,5455.6347
2019-11-20 03:07:00,2.5947,2.5948,2.5941,2.5941,1013.8744
2019-11-20 03:06:00,2.5962,2.5962,2.5928,2.5949,11324.1644
2019-11-20 03:05:00,2.5947,2.5966,2.5941,2.5956,2302.0353
2019-11-20 03:04:00,2.5947,2.5957,2.5937,2.5947,7783.9376
2019-11-20 03:03:00,2.5899,2.5941,2.5899,2.5939,2485.1224
2019-11-20 03:02:00,2.5898,2.5899,2.5897,2.5899,2259.1959
2019-11-20 03:01:00,2.5899,2.5899,2.5884,2.5899,1590.1033
2019-11-20 03:00:00,2.5867,2.5898,2.5867,2.5898,845.3877
2019-11-20 02:59:00,2.5886,2.59,2.5886,2.5897,4861.26
2019-11-20 02:58:00,2.5895,2.5897,2.5884,2.5884,2271.0043
2019-11-20 02:57:00,2.5854,2.5894,2.5854,2.5894,2560.286
2019-11-20 02:56:00,2.5861,2.5861,2.5841,2.5841,1435.037
2019-11-20 02:55:00,2.5857,2.5868,2.5843,2.5859,9076.1995
2019-11-20 02:54:00,2.5863,2.5864,2.5834,2.585,761.8054
2019-11-20 02:53:00,2.5879,2.5891,2.5845,2.5864,3311.7311
2019-11-20 02:52:00,2.5895,2.5898,2.5879,2.5879,8505.899
2019-11-20 02:51:00,2.5882,2.59,2.5882,2.5896,6746.2808
2019-11-20 02:50:00,2.5885,2.5891,2.5866,2.5866,1472.5582
2019-11-20 02:49:00,2.5872,2.5893,2.5872,2.5883,5374.4732
2019-11-20 02:48:00,2.5866,2.5888,2.5863,2.5869,1145.0321
2019-11-20 02:47:00,2.5875,2.5891,2.5862,2.5891,2629.264
2019-11-20 02:46:00,2.5875,2.5876,2.5865,2.5876,1905.56
2019-11-20 02:45:00,2.5845,2.5867,2.5843,2.5862,5640.0084
2019-11-20 02:44:00,2.5853,2.5859,2.5828,2.5858,4873.5155
2019-11-20 02:43:00,2.5846,2.5863,2.5841,2.5855,10452.7222
2019-11-20 02:42:00,2.5843,2.5858,2.5842,2.5842,753.3857
2019-11-20 02:41:00,2.5871,2.5871,2.5826,2.5852,3703.2291
2019-11-20 02:40:00,2.5871,2.5882,2.587,2.5874,1654.353
2019-11-20 02:39:00,2.5889,2.589,2.5851,2.5871,2205.9005
2019-11-20 02:38:00,2.5846,2.5891,2.5846,2.5883,6536.0706
2019-11-20 02:37:00,2.5873,2.588,2.5873,2.5879,1179.7846
2019-11-20 02:36:00,2.5855,2.5874,2.5853,2.5872,773.552
2019-11-20 02:35:00,2.5837,2.5886,2.582,2.5837,10195.3378
2019-11-20 02:34:00,2.5841,2.5844,2.5833,2.5833,5664.8488
2019-11-20 02:33:00,2.584,2.584,2.5833,2.5836,5249.737
2019-11-20 02:32:00,2.5838,2.5853,2.5831,2.584,916.6853
2019-11-20 02:31:00,2.5837,2.5852,2.5815,2.5843,8800.5298
2019-11-20 02:30:00,2.5865,2.5865,2.5782,2.5844,4902.6559
2019-11-20 02:29:00,2.5872,2.588,2.5868,2.5871,3528.3955
2019-11-20 02:28:00,2.5875,2.5878,2.5862,2.5869,5373.2232
2019-11-20 02:27:00,2.587,2.5875,2.5858,2.5874,6041.6579
2019-11-20 02:26:00,2.5841,2.5873,2.5825,2.5873,1855.8799
2019-11-20 02:25:00,2.5855,2.5886,2.584,2.587,1668.1118
2019-11-20 02:24:00,2.5783,2.5818,2.5782,2.5818,4147.1137
2019-11-20 02:23:00,2.5774,2.5785,2.5759,2.5785,2399.2534
2019-11-20 02:22:00,2.5807,2.5815,2.576,2.5777,3122.2446
2019-11-20 02:21:00,2.5806,2.5848,2.5761,2.5762,5064.4552
2019-11-20 02:20:00,2.5817,2.5863,2.5808,2.5851,2963.6681
2019-11-20 02:19:00,2.5855,2.5871,2.581,2.581,4786.9763
2019-11-20 02:18:00,2.5869,2.5876,2.5848,2.5848,4538.4058
2019-11-20 02:17:00,2.5809,2.589,2.5799,2.5857,3226.9754
2019-11-20 02:16:00,2.581,2.5822,2.5766,2.5809,3264.9962
2019-11-20 02:15:00,2.5835,2.5864,2.5832,2.584,1912.0784
2019-11-20 02:14:00,2.5773,2.5866,2.5773,2.583,28630.2053
2019-11-20 02:13:00,2.5855,2.5862,2.58,2.581,1719.272
2019-11-20 02:12:00,2.5859,2.5861,2.5832,2.5856,703.0446
2019-11-20 02:11:00,2.5798,2.5862,2.5775,2.5837,17450.8002
2019-11-20 02:10:00,2.5853,2.5897,2.5839,2.5851,7793.0608
2019-11-20 02:09:00,2.5856,2.5897,2.5837,2.5851,2536.4644
2019-11-20 02:08:00,2.5866,2.5885,2.5861,2.5872,1865.7756
2019-11-20 02:07:00,2.5898,2.5914,2.5832,2.5882,5790.6938
2019-11-20 02:06:00,2.5712,2.59,2.5697,2.59,11049.0879
2019-11-20 02:05:00,2.5694,2.5724,2.5694,2.5712,10178.7895
2019-11-20 02:04:00,2.5623,2.5691,2.5623,2.5691,9805.6612
2019-11-20 02:03:00,2.559,2.565,2.559,2.5633,2463.0802
2019-11-20 02:02:00,2.5615,2.562,2.5583,2.562,6789.604
2019-11-20 02:01:00,2.5645,2.565,2.5614,2.5614,3945.8127
2019-11-20 02:00:00,2.5648,2.5724,2.5569,2.5644,15342.5116
2019-11-20 01:59:00,2.572,2.572,2.5643,2.5648,3284.1421
2019-11-20 01:58:00,2.5703,2.5719,2.5638,2.5693,8173.8728
2019-11-20 01:57:00,2.5707,2.5728,2.5679,2.5728,6033.548
2019-11-20 01:56:00,2.5622,2.5719,2.5621,2.5693,13876.3675
2019-11-20 01:55:00,2.5615,2.5629,2.5609,2.5621,9477.4634
2019-11-20 01:54:00,2.562,2.5637,2.5615,2.5623,1604.6728
2019-11-20 01:53:00,2.559,2.5633,2.559,2.5615,8006.7921
2019-11-20 01:52:00,2.5624,2.563,2.5578,2.5626,5648.228
2019-11-20 01:51:00,2.5593,2.5614,2.5591,2.56,442.2609
2019-11-20 01:50:00,2.5631,2.5637,2.5563,2.5584,3411.4492
2019-11-20 01:49:00,2.566,2.5661,2.5594,2.5606,1114.488
2019-11-20 01:48:00,2.5658,2.567,2.5648,2.5661,2953.1533
2019-11-20 01:47:00,2.5612,2.5668,2.5612,2.5658,1403.6597
2019-11-20 01:46:00,2.5596,2.5658,2.5559,2.5658,16741.0472
2019-11-20 01:45:00,2.5635,2.5665,2.5608,2.5608,860.6149
2019-11-20 01:44:00,2.5625,2.5639,2.56,2.56,3694.9626
2019-11-20 01:43:00,2.5609,2.5642,2.5578,2.5578,17180.7962
2019-11-20 01:42:00,2.556,2.5604,2.556,2.5563,4064.6142
2019-11-20 01:41:00,2.5565,2.5606,2.5565,2.5591,2482.7675
2019-11-20 01:40:00,2.5549,2.5565,2.5541,2.5541,3007.3596
2019-11-20 01:39:00,2.5541,2.5565,2.553,2.5548,13147.9969
2019-11-20 01:38:00,2.5514,2.5559,2.5514,2.5536,12598.9394
2019-11-20 01:37:00,2.5521,2.553,2.5513,2.5513,1721.3656
2019-11-20 01:36:00,2.553,2.5536,2.5515,2.5524,1273.3161
2019-11-20 01:35:00,2.5529,2.5547,2.5497,2.5518,6409.9112
2019-11-20 01:34:00,2.5541,2.5549,2.553,2.5535,4909.6737
2019-11-20 01:33:00,2.5539,2.5548,2.5539,2.554,796.0954
2019-11-20 01:32:00,2.5521,2.555,2.5521,2.555,5390.9347
2019-11-20 01:31:00,2.5527,2.5537,2.5526,2.5527,1135.4535
2019-11-20 01:30:00,2.5549,2.5549,2.5527,2.5527,704.1507
2019-11-20 01:29:00,2.5529,2.5559,2.5525,2.553,9173.5796
2019-11-20 01:28:00,2.5528,2.555,2.5528,2.5532,1371.7187
2019-11-20 01:27:00,2.5535,2.5549,2.552,2.5529,1607.7486
2019-11-20 01:26:00,2.5518,2.5543,2.5518,2.5537,461.9281
2019-11-20 01:25:00,2.5514,2.5531,2.5503,2.5531,6549.0917
2019-11-20 01:24:00,2.5513,2.5543,2.5446,2.5515,6985.4385
2019-11-20 01:23:00,2.556,2.556,2.5441,2.5491,21296.9745
2019-11-20 01:22:00,2.5487,2.5546,2.5479,2.5546,12776.2407
2019-11-20 01:21:00,2.5472,2.5531,2.5453,2.5526,1498.074
2019-11-20 01:20:00,2.5506,2.5506,2.5452,2.5473,12035.627
2019-11-20 01:19:00,2.5496,2.5511,2.5494,2.5509,6845.5747
2019-11-20 01:18:00,2.5511,2.5517,2.5496,2.55,1321.5422
2019-11-20 01:17:00,2.552,2.552,2.55,2.5517,3365.8914
2019-11-20 01:16:00,2.5525,2.5544,2.5506,2.5512,11397.3468
2019-11-20 01:15:00,2.5552,2.556,2.55,2.5524,3725.6838
2019-11-20 01:14:00,2.5553,2.5563,2.55,2.5545,11799.0458
2019-11-20 01:13:00,2.5549,2.5562,2.5549,2.5559,1896.4635
2019-11-20 01:12:00,2.5555,2.5556,2.5538,2.5555,4112.3367
2019-11-20 01:11:00,2.5552,2.5575,2.5542,2.5542,1648.3936
2019-11-20 01:10:00,2.5553,2.5562,2.5549,2.5549,1963.5324
2019-11-20 01:09:00,2.5555,2.5555,2.5544,2.5547,1226.0174
2019-11-20 01:08:00,2.5522,2.5546,2.5522,2.5545,1634.2942
2019-11-20 01:07:00,2.5527,2.5579,2.5527,2.5539,392.1318
2019-11-20 01:06:00,2.5547,2.5551,2.5521,2.5521,6604.1962
2019-11-20 01:05:00,2.5553,2.5553,2.5538,2.5551,2771.9297
2019-11-20 01:04:00,2.5545,2.5572,2.5513,2.5555,7771.439
2019-11-20 01:03:00,2.556,2.556,2.5523,2.5545,3001.447
2019-11-20 01:02:00,2.5535,2.5555,2.5535,2.5535,1662.2128
2019-11-20 01:01:00,2.5599,2.5604,2.5537,2.5541,6904.559
2019-11-20 01:00:00,2.5613,2.5623,2.559,2.5599,3936.9202
2019-11-20 00:59:00,2.5612,2.5624,2.559,2.5609,5750.2889
2019-11-20 00:58:00,2.5615,2.5646,2.559,2.5633,7667.3789
2019-11-20 00:57:00,2.5599,2.5617,2.559,2.5609,7326.1821
2019-11-20 00:56:00,2.5611,2.5626,2.5609,2.5609,3109.1031
2019-11-20 00:55:00,2.5638,2.5638,2.5612,2.5612,1308.9397
2019-11-20 00:54:00,2.5651,2.5651,2.5645,2.5645,7471.0974
2019-11-20 00:53:00,2.5662,2.5674,2.5656,2.5656,2672.3739
2019-11-20 00:52:00,2.5621,2.5651,2.5621,2.5644,1519.3815
2019-11-20 00:51:00,2.5612,2.5626,2.5612,2.5623,9458.5457
2019-11-20 00:50:00,2.5643,2.5643,2.5616,2.5628,2919.5089
2019-11-20 00:49:00,2.5606,2.5656,2.5606,2.5628,6754.1426
2019-11-20 00:48:00,2.5653,2.5664,2.5604,2.5606,2196.666
2019-11-20 00:47:00,2.5721,2.5721,2.5591,2.5661,5011.5111
2019-11-20 00:46:00,2.5691,2.5714,2.5691,2.571,1147.5854
2019-11-20 00:45:00,2.5699,2.5723,2.5679,2.57,7657.5551
2019-11-20 00:44:00,2.5698,2.5708,2.5682,2.5708,7282.3606
2019-11-20 00:43:00,2.5725,2.5725,2.5679,2.568,4460.0298
2019-11-20 00:42:00,2.5732,2.5735,2.5722,2.5722,3453.6602
2019-11-20 00:41:00,2.5732,2.5732,2.5727,2.5732,1104.9911
2019-11-20 00:40:00,2.573,2.5733,2.5727,2.5733,5450.9512
2019-11-20 00:39:00,2.5724,2.5736,2.5724,2.5736,1714.9793
2019-11-20 00:38:00,2.5736,2.5742,2.5694,2.5735,13873.7264
2019-11-20 00:37:00,2.5733,2.5747,2.5724,2.5736,5636.5739
2019-11-20 00:36:00,2.5704,2.5742,2.5693,2.5721,7311.03
2019-11-20 00:35:00,2.5684,2.5684,2.5671,2.568,1167.5644
2019-11-20 00:34:00,2.5694,2.5737,2.5661,2.5679,5290.9436
2019-11-20 00:33:00,2.5684,2.5734,2.5652,2.57,17156.0955
2019-11-20 00:32:00,2.5692,2.574,2.5685,2.571,2392.1518
2019-11-20 00:31:00,2.5715,2.5745,2.5713,2.5714,6409.6709
2019-11-20 00:30:00,2.5693,2.5719,2.5692,2.5719,4101.4416
2019-11-20 00:29:00,2.5664,2.5689,2.5626,2.5678,4144.2716
2019-11-20 00:28:00,2.5585,2.5714,2.55,2.566,14817.5188
2019-11-20 00:27:00,2.56,2.5619,2.555,2.5571,2256.339
2019-11-20 00:26:00,2.558,2.5606,2.5541,2.5601,4916.1556
2019-11-20 00:25:00,2.5587,2.5603,2.5573,2.5588,5015.8193
2019-11-20 00:24:00,2.5569,2.5622,2.5545,2.5596,8675.1546
2019-11-20 00:23:00,2.5673,2.5673,2.5558,2.5571,8260.7604
2019-11-20 00:22:00,2.5685,2.574,2.563,2.5653,39703.3642
2019-11-20 00:21:00,2.5726,2.5728,2.5649,2.5688,3952.5149
2019-11-20 00:20:00,2.5695,2.5745,2.5695,2.5745,6796.9321
2019-11-20 00:19:00,2.5778,2.5781,2.5695,2.5709,12810.197
2019-11-20 00:18:00,2.5714,2.5753,2.5714,2.5733,3861.5524
2019-11-20 00:17:00,2.572,2.574,2.5698,2.5715,6309.7027
2019-11-20 00:16:00,2.585,2.5869,2.5718,2.5718,38423.7015
2019-11-20 00:15:00,2.5839,2.5875,2.5809,2.5849,2326.0652
2019-11-20 00:14:00,2.5857,2.5873,2.5783,2.5837,3855.8998
2019-11-20 00:13:00,2.5854,2.5937,2.5776,2.5862,15782.4454
2019-11-20 00:12:00,2.5923,2.5923,2.5852,2.5852,12805.4755
2019-11-20 00:11:00,2.5909,2.594,2.5909,2.5918,3821.0602
2019-11-20 00:10:00,2.5906,2.5925,2.59,2.5925,6414.9474
2019-11-20 00:09:00,2.5895,2.5916,2.5879,2.5901,6948.8621
2019-11-20 00:08:00,2.5882,2.5916,2.5882,2.5892,2361.8295
2019-11-20 00:07:00,2.589,2.5892,2.5859,2.5886,2950.2822
2019-11-20 00:06:00,2.5887,2.5908,2.5867,2.5889,3598.8155
2019-11-20 00:05:00,2.5874,2.5909,2.5863,2.5863,1403.7508
2019-11-20 00:04:00,2.589,2.5913,2.5849,2.5882,7620.8174
2019-11-20 00:03:00,2.588,2.5913,2.5864,2.5913,9533.5337
2019-11-20 00:02:00,2.585,2.588,2.5823,2.588,23609.0165
2019-11-20 00:01:00,2.5824,2.585,2.5822,2.585,2224.4447
2019-11-20 00:00:00,2.5824,2.5847,2.5792,2.5792,12374.1277
