2019-11-24 23:59:00,143.51,143.76,143.14,143.53,1862.768032
2019-11-24 23:58:00,143.68,143.84,143.25,143.48,1327.787824
2019-11-24 23:57:00,143.97,143.98,143.26,143.67,2721.013886
2019-11-24 23:56:00,143.49,144.02,143.48,143.99,3013.454958
2019-11-24 23:55:00,144.07,144.07,142.73,143.48,4642.182392
2019-11-24 23:54:00,144.26,144.5,144,144.05,2416.808627
2019-11-24 23:53:00,144.52,144.6,144.27,144.31,841.430163
2019-11-24 23:52:00,144.77,144.87,144.52,144.52,678.547024
2019-11-24 23:51:00,145.04,145.12,144.75,144.77,396.698031
2019-11-24 23:50:00,144.91,145.2,144.91,145.11,276.546223
2019-11-24 23:49:00,145.04,145.25,144.86,144.9,805.610513
2019-11-24 23:48:00,145.08,145.31,144.77,145.01,1230.360484
2019-11-24 23:47:00,145.34,145.34,144.89,145.09,1431.123958
2019-11-24 23:46:00,145.46,145.58,145.08,145.35,1074.033892
2019-11-24 23:45:00,145.77,145.85,145.1,145.46,1420.5673
2019-11-24 23:44:00,145.22,145.76,144.79,145.76,2084.891556
2019-11-24 23:43:00,145.6,145.6,145.21,145.24,976.708625
2019-11-24 23:42:00,145.64,145.68,145.56,145.6,458.569168
2019-11-24 23:41:00,145.55,145.62,145.41,145.6,521.109642
2019-11-24 23:40:00,145.52,145.7,145.43,145.55,805.186043
2019-11-24 23:39:00,145.81,145.91,145.42,145.52,2237.806454
2019-11-24 23:38:00,145.95,146.01,145.82,145.82,258.301072
2019-11-24 23:37:00,146.1,146.1,145.83,145.98,1342.513168
2019-11-24 23:36:00,146.25,146.25,146.04,146.1,203.260212
2019-11-24 23:35:00,146.27,146.31,146.19,146.26,6.12404
2019-11-24 23:34:00,146.3,146.35,146.25,146.28,90.999314
2019-11-24 23:33:00,146.44,146.46,146.3,146.3,58.008474
2019-11-24 23:32:00,146.41,146.44,146.37,146.43,375.202959
2019-11-24 23:31:00,146.35,146.41,146.34,146.41,221.17421
2019-11-24 23:30:00,146.2,146.41,146.2,146.37,229.963749
2019-11-24 23:29:00,146.28,146.28,146.15,146.2,187.526492
2019-11-24 23:28:00,146.18,146.3,146.14,146.28,160.803391
2019-11-24 23:27:00,146.35,146.35,146.09,146.18,180.78112
2019-11-24 23:26:00,146.48,146.48,146.26,146.34,346.349336
2019-11-24 23:25:00,146.44,146.49,146.44,146.48,61.391977
2019-11-24 23:24:00,146.47,146.47,146.38,146.44,97.405489
2019-11-24 23:23:00,146.4,146.47,146.4,146.47,7.556203
2019-11-24 23:22:00,146.33,146.48,146.33,146.39,185.888424
2019-11-24 23:21:00,146.34,146.41,146.3,146.33,113.748325
2019-11-24 23:20:00,146.17,146.34,146.17,146.34,389.573722
2019-11-24 23:19:00,145.96,146.21,145.87,146.16,278.071855
2019-11-24 23:18:00,146.07,146.16,145.98,145.98,244.481828
2019-11-24 23:17:00,146.17,146.28,146.03,146.06,283.013627
2019-11-24 23:16:00,146.12,146.23,145.96,146.15,348.589585
2019-11-24 23:15:00,146.36,146.36,146.12,146.15,305.807717
2019-11-24 23:14:00,146.35,146.44,146.25,146.35,252.180726
2019-11-24 23:13:00,146.61,146.62,146.29,146.33,482.214814
2019-11-24 23:12:00,146.31,146.63,146.31,146.62,248.958599
2019-11-24 23:11:00,146.46,146.49,146.25,146.31,755.542032
2019-11-24 23:10:00,146.79,146.81,146.48,146.51,720.247156
2019-11-24 23:09:00,146.65,146.79,146.61,146.79,169.643459
2019-11-24 23:08:00,146.62,146.8,146.54,146.65,537.55189
2019-11-24 23:07:00,146.47,146.66,146.37,146.63,548.111971
2019-11-24 23:06:00,146.19,146.47,146.19,146.47,286.012468
2019-11-24 23:05:00,146.07,146.27,146.04,146.2,242.624454
2019-11-24 23:04:00,146.06,146.17,145.97,146.07,169.717489
2019-11-24 23:03:00,146.06,146.1,145.91,146.03,470.738075
2019-11-24 23:02:00,146.11,146.27,146.02,146.05,949.961332
2019-11-24 23:01:00,145.93,146.1,145.71,146.1,884.420705
2019-11-24 23:00:00,146.24,146.28,145.88,145.88,920.88797
2019-11-24 22:59:00,146.25,146.3,146.16,146.19,991.727202
2019-11-24 22:58:00,146.11,146.33,146.01,146.25,1368.774318
2019-11-24 22:57:00,146.26,146.26,145.84,146.09,972.508873
2019-11-24 22:56:00,146.52,146.6,146.12,146.28,1583.002501
2019-11-24 22:55:00,145.79,146.55,145.78,146.54,1652.342408
2019-11-24 22:54:00,145.89,145.98,145.63,145.79,1790.54428
2019-11-24 22:53:00,145.49,145.97,145.43,145.9,1170.515704
2019-11-24 22:52:00,145.32,145.57,145.28,145.49,1073.464438
2019-11-24 22:51:00,145,145.39,145,145.33,2549.264686
2019-11-24 22:50:00,145.32,145.32,144.27,145,3861.251791
2019-11-24 22:49:00,145.5,145.65,145.07,145.32,3897.798315
2019-11-24 22:48:00,145.98,146.11,145.44,145.55,2718.243777
2019-11-24 22:47:00,146.39,146.39,145.96,146.01,410.203896
2019-11-24 22:46:00,146.03,146.43,146.02,146.35,964.468919
2019-11-24 22:45:00,145.91,146.46,145.91,146.02,1493.689212
2019-11-24 22:44:00,146.15,146.15,145.78,145.91,1898.82358
2019-11-24 22:43:00,146.04,146.3,145.88,146.12,1211.891959
2019-11-24 22:42:00,146.58,146.58,145.62,146.04,3464.800111
2019-11-24 22:41:00,146.52,146.63,146.06,146.58,2894.37295
2019-11-24 22:40:00,146.08,146.56,145.14,146.5,6744.160019
2019-11-24 22:39:00,146.47,146.64,146.06,146.1,2867.902103
2019-11-24 22:38:00,147.09,147.1,146.46,146.48,2982.949007
2019-11-24 22:37:00,147.21,147.23,147.05,147.1,1031.527564
2019-11-24 22:36:00,147.35,147.36,147.2,147.2,153.813518
2019-11-24 22:35:00,147.49,147.57,147.33,147.35,142.068345
2019-11-24 22:34:00,147.21,147.44,147.21,147.43,272.504724
2019-11-24 22:33:00,147.23,147.23,147.15,147.21,525.333812
2019-11-24 22:32:00,147.28,147.28,147.18,147.23,537.225546
2019-11-24 22:31:00,147.29,147.47,147.26,147.29,368.274228
2019-11-24 22:30:00,147.62,147.62,147.1,147.3,1375.959046
2019-11-24 22:29:00,147.71,147.71,147.63,147.63,75.133961
2019-11-24 22:28:00,147.82,147.82,147.5,147.71,313.281383
2019-11-24 22:27:00,147.8,147.84,147.68,147.83,352.515646
2019-11-24 22:26:00,148.14,148.14,147.8,147.8,198.43478
2019-11-24 22:25:00,148.28,148.3,148.14,148.15,194.453107
2019-11-24 22:24:00,148.19,148.33,148.19,148.24,91.779232
2019-11-24 22:23:00,148.23,148.23,148.16,148.18,59.124729
2019-11-24 22:22:00,148.23,148.24,148.18,148.24,128.811119
2019-11-24 22:21:00,148.44,148.44,148.18,148.24,124.839082
2019-11-24 22:20:00,148.44,148.54,148.43,148.43,134.008544
2019-11-24 22:19:00,148.44,148.47,148.32,148.44,129.535965
2019-11-24 22:18:00,148.54,148.59,148.44,148.44,177.327374
2019-11-24 22:17:00,148.38,148.55,148.38,148.53,152.590674
2019-11-24 22:16:00,148.14,148.45,148.14,148.38,126.029603
2019-11-24 22:15:00,148.1,148.16,148.09,148.13,103.927579
2019-11-24 22:14:00,148.03,148.18,147.99,148.09,265.440863
2019-11-24 22:13:00,148.03,148.04,147.93,148.03,107.764084
2019-11-24 22:12:00,148.2,148.2,148.04,148.08,276.393711
2019-11-24 22:11:00,147.97,148.22,147.97,148.19,262.393531
2019-11-24 22:10:00,147.9,148.05,147.89,147.96,200.780076
2019-11-24 22:09:00,147.79,147.9,147.79,147.88,380.438354
2019-11-24 22:08:00,147.8,147.81,147.71,147.78,283.975318
2019-11-24 22:07:00,147.89,147.89,147.75,147.81,283.012181
2019-11-24 22:06:00,147.91,147.97,147.7,147.89,272.550368
2019-11-24 22:05:00,147.9,148.1,147.9,147.91,316.307595
2019-11-24 22:04:00,147.87,147.91,147.78,147.9,98.158976
2019-11-24 22:03:00,147.54,147.88,147.54,147.88,650.511339
2019-11-24 22:02:00,148.11,148.11,147.43,147.53,3501.668361
2019-11-24 22:01:00,148.19,148.19,148.11,148.13,422.163103
2019-11-24 22:00:00,148.34,148.34,148.18,148.19,158.598082
2019-11-24 21:59:00,148.48,148.51,148.34,148.34,26.35732
2019-11-24 21:58:00,148.36,148.6,148.33,148.47,337.346464
2019-11-24 21:57:00,148.3,148.34,148.26,148.34,213.721513
2019-11-24 21:56:00,148.41,148.42,148.3,148.3,101.200003
2019-11-24 21:55:00,148.45,148.46,148.41,148.41,113.668418
2019-11-24 21:54:00,148.59,148.59,148.45,148.46,115.8685
2019-11-24 21:53:00,148.48,148.56,148.47,148.56,260.32301
2019-11-24 21:52:00,148.42,148.52,148.41,148.51,16.192269
2019-11-24 21:51:00,148.56,148.61,148.45,148.45,29.68885
2019-11-24 21:50:00,148.43,148.56,148.37,148.56,100.174076
2019-11-24 21:49:00,148.53,148.57,148.43,148.43,31.399777
2019-11-24 21:48:00,148.55,148.55,148.45,148.53,28.805083
2019-11-24 21:47:00,148.78,148.78,148.5,148.56,119.486895
2019-11-24 21:46:00,148.63,148.75,148.63,148.74,170.805948
2019-11-24 21:45:00,148.33,148.63,148.33,148.63,12.191048
2019-11-24 21:44:00,148.52,148.52,148.32,148.33,33.647767
2019-11-24 21:43:00,148.37,148.55,148.37,148.55,76.677348
2019-11-24 21:42:00,148.5,148.51,148.37,148.37,68.558123
2019-11-24 21:41:00,148.55,148.55,148.5,148.51,4.114689
2019-11-24 21:40:00,148.53,148.55,148.47,148.55,9.948662
2019-11-24 21:39:00,148.49,148.6,148.49,148.53,33.276469
2019-11-24 21:38:00,148.48,148.58,148.48,148.5,19.931685
2019-11-24 21:37:00,148.56,148.56,148.5,148.5,50.569589
2019-11-24 21:36:00,148.58,148.58,148.52,148.57,60.936251
2019-11-24 21:35:00,148.69,148.69,148.57,148.58,107.957973
2019-11-24 21:34:00,148.71,148.72,148.63,148.72,99.529785
2019-11-24 21:33:00,148.81,148.82,148.71,148.71,55.530679
2019-11-24 21:32:00,148.61,148.82,148.61,148.81,83.463633
2019-11-24 21:31:00,148.7,148.74,148.57,148.6,1463.345628
2019-11-24 21:30:00,148.52,148.67,148.52,148.65,1237.683333
2019-11-24 21:29:00,148.53,148.64,148.52,148.52,243.253746
2019-11-24 21:28:00,148.7,148.7,148.42,148.52,254.041642
2019-11-24 21:27:00,148.76,148.76,148.7,148.7,5.647216
2019-11-24 21:26:00,148.65,148.79,148.65,148.76,14.621912
2019-11-24 21:25:00,148.55,148.71,148.52,148.65,72.93307
2019-11-24 21:24:00,148.67,148.67,148.54,148.54,6.886339
2019-11-24 21:23:00,148.5,148.62,148.5,148.62,17.443363
2019-11-24 21:22:00,148.66,148.74,148.5,148.51,27.157236
2019-11-24 21:21:00,148.71,148.71,148.65,148.65,41.205779
2019-11-24 21:20:00,148.73,148.77,148.63,148.72,106.058924
2019-11-24 21:19:00,148.87,148.87,148.71,148.74,15.079534
2019-11-24 21:18:00,148.78,149,148.78,148.9,620.766518
2019-11-24 21:17:00,149.04,149.26,148.74,148.77,1532.955061
2019-11-24 21:16:00,148.29,149.04,148.29,149.04,1549.286632
2019-11-24 21:15:00,148.45,148.45,148.28,148.28,24.803133
2019-11-24 21:14:00,148.47,148.47,148.46,148.46,13.228958
2019-11-24 21:13:00,148.45,148.54,148.45,148.47,72.982069
2019-11-24 21:12:00,148.5,148.53,148.42,148.45,59.322907
2019-11-24 21:11:00,148.26,148.5,148.24,148.5,131.081647
2019-11-24 21:10:00,148.36,148.36,148.22,148.27,138.798258
2019-11-24 21:09:00,148.45,148.53,148.34,148.37,431.208591
2019-11-24 21:08:00,148.81,148.81,148.33,148.46,1253.212049
2019-11-24 21:07:00,148.84,148.84,148.79,148.81,100.348609
2019-11-24 21:06:00,148.77,148.87,148.74,148.84,193.715029
2019-11-24 21:05:00,148.89,148.89,148.78,148.78,790.776359
2019-11-24 21:04:00,148.83,148.92,148.83,148.92,27.770269
2019-11-24 21:03:00,148.94,148.94,148.83,148.83,15.68028
2019-11-24 21:02:00,148.96,148.96,148.95,148.95,46.779663
2019-11-24 21:01:00,149.02,149.03,148.92,148.92,113.260325
2019-11-24 21:00:00,149.34,149.34,149.06,149.06,98.852356
2019-11-24 20:59:00,149.09,149.33,149.09,149.33,70.138075
2019-11-24 20:58:00,149.02,149.08,148.97,149.08,12.320968
2019-11-24 20:57:00,148.99,149.02,148.95,149.02,37.357618
2019-11-24 20:56:00,148.99,149.03,148.94,149,6.371475
2019-11-24 20:55:00,149.06,149.07,148.97,148.99,87.082709
2019-11-24 20:54:00,149.05,149.06,148.99,149.03,115.307951
2019-11-24 20:53:00,149.12,149.13,148.96,149,555.908811
2019-11-24 20:52:00,149,149.12,148.97,149.12,280.576371
2019-11-24 20:51:00,149.2,149.2,148.84,149,803.671965
2019-11-24 20:50:00,149.22,149.31,149.17,149.2,273.568948
2019-11-24 20:49:00,149.19,149.31,149.11,149.19,910.676502
2019-11-24 20:48:00,149.51,149.51,149.09,149.21,1730.72365
2019-11-24 20:47:00,149.57,149.57,149.54,149.54,10.137629
2019-11-24 20:46:00,149.63,149.63,149.59,149.59,7.978343
2019-11-24 20:45:00,149.6,149.69,149.6,149.62,166.76683
2019-11-24 20:44:00,149.73,149.74,149.59,149.59,10.286501
2019-11-24 20:43:00,149.61,149.84,149.61,149.74,94.129089
2019-11-24 20:42:00,149.37,149.6,149.37,149.6,74.356147
2019-11-24 20:41:00,149.36,149.37,149.35,149.37,1.941363
2019-11-24 20:40:00,149.34,149.37,149.34,149.36,106.629385
2019-11-24 20:39:00,149.32,149.38,149.32,149.33,66.103879
2019-11-24 20:38:00,149.44,149.44,149.32,149.32,76.804447
2019-11-24 20:37:00,149.36,149.44,149.35,149.44,65.400288
2019-11-24 20:36:00,149.48,149.48,149.36,149.36,36.985001
2019-11-24 20:35:00,149.27,149.49,149.27,149.48,141.982741
2019-11-24 20:34:00,149.38,149.38,149.26,149.26,159.812125
2019-11-24 20:33:00,149.41,149.43,149.41,149.41,47.623592
2019-11-24 20:32:00,149.57,149.57,149.39,149.41,140.301493
2019-11-24 20:31:00,149.55,149.57,149.55,149.57,5.873398
2019-11-24 20:30:00,149.39,149.55,149.39,149.55,5.352967
2019-11-24 20:29:00,149.4,149.51,149.38,149.39,127.792845
2019-11-24 20:28:00,149.37,149.41,149.23,149.41,87.434394
2019-11-24 20:27:00,149.2,149.35,149.09,149.35,313.136429
2019-11-24 20:26:00,149.2,149.25,149.2,149.22,11.596204
2019-11-24 20:25:00,149.33,149.33,149.2,149.21,57.594964
2019-11-24 20:24:00,149.29,149.33,149.26,149.33,17.382156
2019-11-24 20:23:00,149.31,149.35,149.24,149.32,78.244664
2019-11-24 20:22:00,149.33,149.38,149.25,149.34,539.035
2019-11-24 20:21:00,149.48,149.48,149.33,149.33,2.498441
2019-11-24 20:20:00,149.36,149.51,149.36,149.49,23.020393
2019-11-24 20:19:00,149.53,149.54,149.35,149.35,42.393217
2019-11-24 20:18:00,149.36,149.58,149.27,149.58,160.2474
2019-11-24 20:17:00,149.53,149.53,149.37,149.37,182.75215
2019-11-24 20:16:00,149.61,149.61,149.57,149.57,2.290763
2019-11-24 20:15:00,149.76,149.76,149.62,149.62,45.188758
2019-11-24 20:14:00,149.77,149.77,149.76,149.76,3.910754
2019-11-24 20:13:00,149.81,149.82,149.76,149.77,2.571623
2019-11-24 20:12:00,149.76,149.83,149.76,149.8,36.142158
2019-11-24 20:11:00,149.8,149.8,149.77,149.77,7.543816
2019-11-24 20:10:00,149.75,149.76,149.75,149.76,15.75961
2019-11-24 20:09:00,149.88,149.88,149.76,149.76,2.510688
2019-11-24 20:08:00,149.72,149.88,149.72,149.88,64.065405
2019-11-24 20:07:00,149.7,149.76,149.69,149.72,37.540473
2019-11-24 20:06:00,149.7,149.7,149.68,149.7,86.840052
2019-11-24 20:05:00,149.62,149.71,149.58,149.71,110.622977
2019-11-24 20:04:00,149.71,149.77,149.68,149.68,38.43636
2019-11-24 20:03:00,149.65,149.77,149.62,149.71,61.471332
2019-11-24 20:02:00,149.79,149.8,149.56,149.63,176.59942
2019-11-24 20:01:00,149.83,149.93,149.74,149.82,44.0938
2019-11-24 20:00:00,149.98,149.98,149.83,149.84,57.888093
2019-11-24 19:59:00,150.02,150.02,149.9,149.95,122.823731
2019-11-24 19:58:00,149.86,150.08,149.83,150.07,102.764415
2019-11-24 19:57:00,149.82,149.86,149.82,149.85,6.168436
2019-11-24 19:56:00,149.76,149.8,149.64,149.8,111.467786
2019-11-24 19:55:00,149.84,149.87,149.76,149.78,15.892349
2019-11-24 19:54:00,149.83,149.84,149.78,149.83,32.499432
2019-11-24 19:53:00,149.76,149.82,149.76,149.82,3.523473
2019-11-24 19:52:00,149.81,149.86,149.76,149.76,3.624538
2019-11-24 19:51:00,149.69,149.85,149.69,149.79,83.515419
2019-11-24 19:50:00,149.74,149.74,149.63,149.68,21.219864
2019-11-24 19:49:00,149.6,149.68,149.6,149.68,12.635025
2019-11-24 19:48:00,149.72,149.72,149.62,149.62,244.386959
2019-11-24 19:47:00,149.74,149.74,149.7,149.73,12.594951
2019-11-24 19:46:00,149.82,149.82,149.77,149.77,34.957828
2019-11-24 19:45:00,149.78,149.85,149.78,149.82,1.393972
2019-11-24 19:44:00,149.75,149.84,149.75,149.8,63.980713
2019-11-24 19:43:00,149.68,149.75,149.56,149.75,207.699505
2019-11-24 19:42:00,149.83,149.86,149.63,149.63,142.844861
2019-11-24 19:41:00,149.8,149.85,149.79,149.82,6.432194
2019-11-24 19:40:00,149.77,149.85,149.77,149.79,28.094934
2019-11-24 19:39:00,149.8,149.82,149.76,149.76,33.870846
2019-11-24 19:38:00,149.85,149.94,149.69,149.8,354.563244
2019-11-24 19:37:00,149.63,149.99,149.59,149.87,288.478025
2019-11-24 19:36:00,149.77,149.79,149.63,149.63,100.972829
2019-11-24 19:35:00,149.97,149.98,149.73,149.77,188.922851
2019-11-24 19:34:00,150.06,150.09,149.97,149.97,8.998694
2019-11-24 19:33:00,150.07,150.07,150.02,150.06,3.4071
2019-11-24 19:32:00,150.12,150.15,150.01,150.08,70.402253
2019-11-24 19:31:00,149.93,150.12,149.91,150.12,60.635579
2019-11-24 19:30:00,150.08,150.12,149.97,149.97,107.77975
2019-11-24 19:29:00,149.98,150.08,149.96,150.08,180.634944
2019-11-24 19:28:00,149.92,149.98,149.86,149.97,141.696005
2019-11-24 19:27:00,149.89,149.92,149.86,149.92,60.609237
2019-11-24 19:26:00,150.02,150.02,149.88,149.88,34.057474
2019-11-24 19:25:00,150.04,150.08,149.96,150.02,250.551139
2019-11-24 19:24:00,149.9,150.1,149.88,150.06,1090.271868
2019-11-24 19:23:00,149.46,149.86,149.46,149.83,476.952829
2019-11-24 19:22:00,149.71,149.76,149.31,149.45,582.065569
2019-11-24 19:21:00,150.01,150.01,149.71,149.71,244.27324
2019-11-24 19:20:00,150.07,150.08,150.01,150.01,158.887062
2019-11-24 19:19:00,150.01,150.07,150.01,150.07,35.215719
2019-11-24 19:18:00,150.01,150.06,150,150.01,11.891473
2019-11-24 19:17:00,149.96,150.05,149.96,150.01,76.075099
2019-11-24 19:16:00,149.91,149.96,149.88,149.96,84.021695
2019-11-24 19:15:00,149.93,150.07,149.93,149.94,122.520012
2019-11-24 19:14:00,150.02,150.02,149.84,149.89,236.650864
2019-11-24 19:13:00,149.72,150.02,149.68,150.02,451.860096
2019-11-24 19:12:00,150.01,150.06,149.76,149.76,267.167729
2019-11-24 19:11:00,149.84,150.04,149.71,150.01,311.575522
2019-11-24 19:10:00,150.02,150.02,149.81,149.83,112.695155
2019-11-24 19:09:00,149.88,150.11,149.8,150.01,564.278247
2019-11-24 19:08:00,150.09,150.09,149.62,149.84,1017.570389
2019-11-24 19:07:00,150,150.27,149.96,150.09,2232.208019
2019-11-24 19:06:00,149.62,150.51,149.6,150.01,4129.137946
2019-11-24 19:05:00,149.1,149.63,149.09,149.63,476.595131
2019-11-24 19:04:00,149.24,149.24,149.09,149.09,55.703804
2019-11-24 19:03:00,149.24,149.27,149.22,149.24,55.2664
2019-11-24 19:02:00,149.01,149.26,149.01,149.24,119.2836
2019-11-24 19:01:00,148.91,149.04,148.91,149,43.458671
2019-11-24 19:00:00,149.04,149.04,148.84,148.96,807.641186
2019-11-24 18:59:00,148.9,149.04,148.84,149.04,416.637472
2019-11-24 18:58:00,149.04,149.04,148.9,148.9,40.919656
2019-11-24 18:57:00,148.91,149.12,148.91,149.04,482.024463
2019-11-24 18:56:00,149.13,149.13,148.91,148.91,270.372237
2019-11-24 18:55:00,149.23,149.23,149.13,149.13,26.068269
2019-11-24 18:54:00,149.1,149.21,149.1,149.21,48.087959
2019-11-24 18:53:00,149.25,149.26,149.07,149.12,187.865175
2019-11-24 18:52:00,149.09,149.36,149.09,149.25,681.417835
2019-11-24 18:51:00,149.04,149.09,148.83,149.09,838.882244
2019-11-24 18:50:00,149.12,149.17,149,149.03,145.869752
2019-11-24 18:49:00,149.33,149.33,149.17,149.17,14.620596
2019-11-24 18:48:00,149.41,149.41,149.37,149.37,65.309842
2019-11-24 18:47:00,149.51,149.51,149.42,149.42,28.122902
2019-11-24 18:46:00,149.51,149.52,149.48,149.51,366.68977
2019-11-24 18:45:00,149.44,149.47,149.44,149.47,252.664988
2019-11-24 18:44:00,149.36,149.43,149.36,149.43,761.315134
2019-11-24 18:43:00,149.37,149.37,149.36,149.36,5.989491
2019-11-24 18:42:00,149.38,149.45,149.38,149.39,32.019779
2019-11-24 18:41:00,149.47,149.47,149.38,149.38,15.164058
2019-11-24 18:40:00,149.19,149.52,149.19,149.46,186.952511
2019-11-24 18:39:00,149.19,149.19,149.19,149.19,0.00483
2019-11-24 18:38:00,149.15,149.21,149.12,149.21,83.651332
2019-11-24 18:37:00,149.07,149.12,149.06,149.11,83.293983
2019-11-24 18:36:00,149.31,149.31,149.03,149.1,867.621085
2019-11-24 18:35:00,149.4,149.41,149.32,149.32,53.546152
2019-11-24 18:34:00,149.54,149.55,149.35,149.35,55.893432
2019-11-24 18:33:00,149.49,149.59,149.49,149.56,104.395228
2019-11-24 18:32:00,149.36,149.53,149.36,149.5,101.174105
2019-11-24 18:31:00,149.27,149.37,149.25,149.37,52.815761
2019-11-24 18:30:00,149.51,149.51,149.17,149.22,408.556402
2019-11-24 18:29:00,149.59,149.63,149.5,149.5,192.245268
2019-11-24 18:28:00,149.51,149.66,149.48,149.59,82.756662
2019-11-24 18:27:00,149.48,149.53,149.46,149.49,74.436886
2019-11-24 18:26:00,149.46,149.49,149.28,149.47,86.059153
2019-11-24 18:25:00,149.58,149.68,149.35,149.42,277.477474
2019-11-24 18:24:00,149.35,149.55,149.31,149.55,459.019058
2019-11-24 18:23:00,149.18,149.58,149.17,149.37,2769.850046
2019-11-24 18:22:00,149.27,149.38,149.09,149.2,1669.278244
2019-11-24 18:21:00,149.13,149.63,149.01,149.25,2551.141918
2019-11-24 18:20:00,149.31,149.5,148.78,149.15,5176.859935
2019-11-24 18:19:00,149.97,150.16,149.21,149.21,3406.162578
2019-11-24 18:18:00,150.5,150.5,149.86,149.96,2898.723256
2019-11-24 18:17:00,150.6,150.61,150.5,150.5,784.302279
2019-11-24 18:16:00,150.71,150.72,150.51,150.61,1140.551114
2019-11-24 18:15:00,150.61,150.72,150.59,150.71,264.909261
2019-11-24 18:14:00,150.64,150.65,150.62,150.62,39.979106
2019-11-24 18:13:00,150.68,150.68,150.63,150.64,133.133114
2019-11-24 18:12:00,150.69,150.69,150.68,150.69,34.091013
2019-11-24 18:11:00,150.64,150.68,150.63,150.68,76.291453
2019-11-24 18:10:00,150.63,150.64,150.63,150.64,0.629136
2019-11-24 18:09:00,150.67,150.67,150.65,150.65,18.314193
2019-11-24 18:08:00,150.69,150.69,150.62,150.67,12.965841
2019-11-24 18:07:00,150.81,150.81,150.61,150.68,90.291807
2019-11-24 18:06:00,150.72,150.81,150.71,150.81,34.361684
2019-11-24 18:05:00,150.89,150.89,150.68,150.76,66.094724
2019-11-24 18:04:00,151.07,151.1,150.9,150.9,363.61278
2019-11-24 18:03:00,151.08,151.08,151,151.07,67.727825
2019-11-24 18:02:00,151.02,151.12,151.02,151.09,86.306551
2019-11-24 18:01:00,151.03,151.14,151.01,151.07,168.341253
2019-11-24 18:00:00,150.88,151.09,150.88,151,58.302795
2019-11-24 17:59:00,150.78,150.88,150.78,150.86,55.751843
2019-11-24 17:58:00,150.86,150.86,150.82,150.82,50.84935
2019-11-24 17:57:00,150.74,150.88,150.74,150.86,160.933249
2019-11-24 17:56:00,150.8,150.8,150.71,150.74,36.385246
2019-11-24 17:55:00,150.9,150.94,150.8,150.8,131.197027
2019-11-24 17:54:00,150.97,150.99,150.81,150.87,62.095812
2019-11-24 17:53:00,151.1,151.1,150.96,151.01,222.833684
2019-11-24 17:52:00,150.89,151.12,150.85,151.08,324.122061
2019-11-24 17:51:00,151.05,151.05,150.84,150.87,193.815289
2019-11-24 17:50:00,151.09,151.14,151.02,151.1,215.13048
2019-11-24 17:49:00,150.92,151.14,150.92,151.1,2593.500137
2019-11-24 17:48:00,150.81,150.89,150.8,150.87,186.830565
2019-11-24 17:47:00,150.69,150.86,150.64,150.81,71.958088
2019-11-24 17:46:00,150.82,150.82,150.73,150.73,201.731129
2019-11-24 17:45:00,150.76,150.9,150.74,150.87,349.978087
2019-11-24 17:44:00,150.54,150.84,150.54,150.81,78.412955
2019-11-24 17:43:00,150.53,150.61,150.5,150.61,27.537883
2019-11-24 17:42:00,150.5,150.62,150.46,150.54,161.670174
2019-11-24 17:41:00,150.59,150.63,150.5,150.52,130.545466
2019-11-24 17:40:00,150.59,150.59,150.48,150.55,192.854483
2019-11-24 17:39:00,150.63,150.81,150.54,150.62,1083.854017
2019-11-24 17:38:00,150.35,150.8,150.31,150.65,845.884163
2019-11-24 17:37:00,149.99,150.49,149.99,150.33,930.178321
2019-11-24 17:36:00,149.93,150,149.93,150,47.171467
2019-11-24 17:35:00,149.85,149.91,149.84,149.91,144.915966
2019-11-24 17:34:00,149.95,149.96,149.91,149.91,1.486678
2019-11-24 17:33:00,149.98,149.99,149.92,149.95,60.317613
2019-11-24 17:32:00,149.99,149.99,149.98,149.98,8.778028
2019-11-24 17:31:00,149.94,149.99,149.94,149.98,39.110063
2019-11-24 17:30:00,149.81,149.94,149.81,149.94,94.72051
2019-11-24 17:29:00,149.79,149.81,149.78,149.8,18.046928
2019-11-24 17:28:00,149.89,149.89,149.81,149.82,23.872739
2019-11-24 17:27:00,149.92,149.92,149.89,149.9,13.774837
2019-11-24 17:26:00,149.9,150,149.9,149.96,41.552014
2019-11-24 17:25:00,149.89,149.9,149.88,149.9,15.316577
2019-11-24 17:24:00,149.83,149.91,149.83,149.89,187.484685
2019-11-24 17:23:00,149.99,150.01,149.81,149.83,34.654365
2019-11-24 17:22:00,149.98,149.99,149.98,149.99,16.998767
2019-11-24 17:21:00,149.93,149.99,149.92,149.99,31.423707
2019-11-24 17:20:00,149.92,149.92,149.83,149.92,18.740091
2019-11-24 17:19:00,150,150,149.92,149.92,6.697658
2019-11-24 17:18:00,149.91,149.99,149.86,149.99,78.683278
2019-11-24 17:17:00,150.11,150.13,149.94,149.94,52.35442
2019-11-24 17:16:00,149.96,150.1,149.96,150.1,57.082028
2019-11-24 17:15:00,149.99,150.01,149.91,149.95,92.309469
2019-11-24 17:14:00,150.14,150.16,149.99,150.01,148.413246
2019-11-24 17:13:00,150,150.15,150,150.15,181.453652
2019-11-24 17:12:00,150.01,150.03,149.98,149.98,27.791301
2019-11-24 17:11:00,150,150.06,149.89,149.98,593.11675
2019-11-24 17:10:00,150.22,150.24,150.04,150.06,458.430884
2019-11-24 17:09:00,150.38,150.45,150.16,150.21,259.944694
2019-11-24 17:08:00,150.16,150.38,150.16,150.38,403.289733
2019-11-24 17:07:00,149.98,150.16,149.98,150.16,55.308302
2019-11-24 17:06:00,149.99,149.99,149.98,149.98,14.417587
2019-11-24 17:05:00,149.99,149.99,149.98,149.99,0.146705
2019-11-24 17:04:00,149.92,149.99,149.92,149.99,75.321299
2019-11-24 17:03:00,149.87,149.92,149.87,149.91,1.623696
2019-11-24 17:02:00,149.93,149.93,149.78,149.87,335.661857
2019-11-24 17:01:00,149.88,149.97,149.88,149.93,69.144624
2019-11-24 17:00:00,150,150,149.88,149.88,61.342509
2019-11-24 16:59:00,149.95,150.04,149.95,150.01,91.969701
2019-11-24 16:58:00,150.2,150.2,149.94,149.94,573.632977
2019-11-24 16:57:00,150.18,150.18,150.15,150.17,2.264488
2019-11-24 16:56:00,150.25,150.25,150.18,150.18,14.50838
2019-11-24 16:55:00,150.3,150.34,150.28,150.28,15.61053
2019-11-24 16:54:00,150.3,150.31,150.3,150.3,50.083527
2019-11-24 16:53:00,150.46,150.46,150.29,150.34,223.971389
2019-11-24 16:52:00,150.47,150.53,150.47,150.5,73.424068
2019-11-24 16:51:00,150.38,150.5,150.38,150.5,128.244422
2019-11-24 16:50:00,150.32,150.33,150.32,150.33,21.848329
2019-11-24 16:49:00,150.36,150.36,150.24,150.32,89.463891
2019-11-24 16:48:00,150.36,150.39,150.35,150.36,82.97793
2019-11-24 16:47:00,150.29,150.36,150.29,150.36,168.518258
2019-11-24 16:46:00,150.37,150.37,150.31,150.32,70.426183
2019-11-24 16:45:00,150.41,150.55,150.31,150.37,293.678125
2019-11-24 16:44:00,150.29,150.51,150.29,150.39,1038.36602
2019-11-24 16:43:00,150.27,150.33,150.27,150.27,12.197965
2019-11-24 16:42:00,150.13,150.27,150.13,150.27,47.101725
2019-11-24 16:41:00,150.15,150.16,150.11,150.13,81.659772
2019-11-24 16:40:00,150.06,150.15,150.04,150.14,101.074715
2019-11-24 16:39:00,149.94,150.09,149.94,150.06,37.748604
2019-11-24 16:38:00,149.98,149.98,149.93,149.93,1.151163
2019-11-24 16:37:00,149.89,149.99,149.89,149.99,189.649243
2019-11-24 16:36:00,149.8,149.89,149.8,149.89,48.623997
2019-11-24 16:35:00,149.8,149.8,149.77,149.77,30.164221
2019-11-24 16:34:00,149.88,149.9,149.76,149.8,83.868357
2019-11-24 16:33:00,149.91,149.91,149.87,149.87,2.272273
2019-11-24 16:32:00,149.89,149.9,149.87,149.9,12.211885
2019-11-24 16:31:00,149.89,149.89,149.86,149.89,152.448969
2019-11-24 16:30:00,150.01,150.01,149.89,149.89,39.560299
2019-11-24 16:29:00,149.85,150.06,149.85,150.05,227.543521
2019-11-24 16:28:00,149.78,149.84,149.78,149.84,24.628945
2019-11-24 16:27:00,149.77,149.78,149.77,149.77,10.533429
2019-11-24 16:26:00,149.75,149.8,149.75,149.77,33.849708
2019-11-24 16:25:00,149.74,149.75,149.74,149.75,181.255133
2019-11-24 16:24:00,149.7,149.74,149.7,149.74,23.579141
2019-11-24 16:23:00,149.7,149.7,149.7,149.7,2.154437
2019-11-24 16:22:00,149.61,149.7,149.6,149.7,75.002426
2019-11-24 16:21:00,149.6,149.61,149.6,149.6,6.292438
2019-11-24 16:20:00,149.6,149.61,149.6,149.6,87.527558
2019-11-24 16:19:00,149.6,149.61,149.6,149.6,388.565891
2019-11-24 16:18:00,149.58,149.6,149.58,149.6,57.141688
2019-11-24 16:17:00,149.56,149.59,149.56,149.59,71.368257
2019-11-24 16:16:00,149.53,149.53,149.53,149.53,0.006015
2019-11-24 16:15:00,149.54,149.54,149.54,149.54,2.435381
2019-11-24 16:14:00,149.61,149.61,149.54,149.54,17.421434
2019-11-24 16:13:00,149.57,149.61,149.57,149.61,5.363297
2019-11-24 16:12:00,149.53,149.58,149.52,149.58,5.631738
2019-11-24 16:11:00,149.52,149.53,149.52,149.52,1.240243
2019-11-24 16:10:00,149.42,149.54,149.42,149.52,15.133844
2019-11-24 16:09:00,149.41,149.41,149.41,149.41,0.967033
2019-11-24 16:08:00,149.23,149.42,149.23,149.42,25.324603
2019-11-24 16:07:00,149.23,149.24,149.22,149.23,76.273786
2019-11-24 16:06:00,149.31,149.31,149.23,149.23,23.951654
2019-11-24 16:05:00,149.46,149.46,149.27,149.29,324.101885
2019-11-24 16:04:00,149.55,149.55,149.42,149.45,64.240903
2019-11-24 16:03:00,149.47,149.55,149.46,149.55,23.502007
2019-11-24 16:02:00,149.58,149.58,149.46,149.46,164.789775
2019-11-24 16:01:00,149.39,149.6,149.39,149.58,159.289573
2019-11-24 16:00:00,149.34,149.38,149.34,149.38,34.676426
2019-11-24 15:59:00,149.4,149.4,149.25,149.31,198.754178
2019-11-24 15:58:00,149.5,149.5,149.4,149.41,380.131331
2019-11-24 15:57:00,149.68,149.68,149.5,149.5,128.426325
2019-11-24 15:56:00,149.69,149.69,149.68,149.69,63.869315
2019-11-24 15:55:00,149.72,149.72,149.68,149.69,12.202638
2019-11-24 15:54:00,149.68,149.74,149.68,149.72,127.593465
2019-11-24 15:53:00,149.54,149.68,149.54,149.67,64.629858
2019-11-24 15:52:00,149.59,149.59,149.53,149.53,22.391259
2019-11-24 15:51:00,149.64,149.64,149.57,149.6,2.201393
2019-11-24 15:50:00,149.76,149.76,149.68,149.68,64.230903
2019-11-24 15:49:00,149.69,149.77,149.69,149.77,113.294513
2019-11-24 15:48:00,149.85,149.85,149.61,149.7,197.511412
2019-11-24 15:47:00,149.96,149.96,149.83,149.85,372.858524
2019-11-24 15:46:00,149.91,149.93,149.91,149.93,2.631712
2019-11-24 15:45:00,149.75,149.93,149.75,149.93,134.876567
2019-11-24 15:44:00,149.83,149.83,149.72,149.74,555.398787
2019-11-24 15:43:00,149.88,149.88,149.84,149.84,76.729548
2019-11-24 15:42:00,149.92,149.92,149.87,149.87,81.766092
2019-11-24 15:41:00,149.82,149.93,149.71,149.93,525.500991
2019-11-24 15:40:00,149.82,149.82,149.66,149.82,139.674785
2019-11-24 15:39:00,149.87,149.87,149.83,149.83,122.667597
2019-11-24 15:38:00,149.87,149.87,149.8,149.87,231.326949
2019-11-24 15:37:00,149.88,149.9,149.83,149.86,10.262507
2019-11-24 15:36:00,149.87,149.88,149.87,149.87,1.93183
2019-11-24 15:35:00,149.74,149.85,149.74,149.85,28.464013
2019-11-24 15:34:00,149.67,149.73,149.67,149.73,32.053067
2019-11-24 15:33:00,149.68,149.68,149.6,149.67,397.908083
2019-11-24 15:32:00,149.69,149.7,149.64,149.68,4.469406
2019-11-24 15:31:00,149.67,149.74,149.67,149.69,94.565642
2019-11-24 15:30:00,149.81,149.81,149.66,149.66,10.983
2019-11-24 15:29:00,149.85,149.9,149.8,149.8,47.721561
2019-11-24 15:28:00,149.82,149.96,149.82,149.9,40.236488
2019-11-24 15:27:00,149.88,149.96,149.81,149.82,118.9843
2019-11-24 15:26:00,149.99,150,149.92,149.92,51.007726
2019-11-24 15:25:00,150.05,150.05,150,150,16.661872
2019-11-24 15:24:00,150.04,150.09,150.04,150.05,5.193908
2019-11-24 15:23:00,149.91,150.06,149.91,150.03,6.98096
2019-11-24 15:22:00,149.95,150.06,149.9,149.9,13.050598
2019-11-24 15:21:00,149.97,150.03,149.95,149.95,7.18344
2019-11-24 15:20:00,150.04,150.04,149.95,149.98,88.917928
2019-11-24 15:19:00,150.11,150.14,150.05,150.05,195.412947
2019-11-24 15:18:00,150.16,150.16,150.15,150.15,1.672201
2019-11-24 15:17:00,150.05,150.19,150.05,150.18,8.859251
2019-11-24 15:16:00,150.01,150.05,149.95,150.05,35.214467
2019-11-24 15:15:00,150.05,150.06,149.97,150.04,145.384683
2019-11-24 15:14:00,149.89,150.06,149.89,150.06,5.630317
2019-11-24 15:13:00,149.95,149.99,149.88,149.88,107.549223
2019-11-24 15:12:00,149.9,149.96,149.85,149.96,16.08918
2019-11-24 15:11:00,149.82,149.91,149.81,149.87,34.826892
2019-11-24 15:10:00,149.76,149.88,149.76,149.88,30.378604
2019-11-24 15:09:00,149.6,149.81,149.6,149.77,97.200503
2019-11-24 15:08:00,149.61,149.61,149.54,149.6,7.811711
2019-11-24 15:07:00,149.63,149.65,149.58,149.61,141.816449
2019-11-24 15:06:00,149.61,149.71,149.61,149.62,102.668162
2019-11-24 15:05:00,149.71,149.71,149.58,149.58,24.482336
2019-11-24 15:04:00,149.63,149.7,149.63,149.7,20.033066
2019-11-24 15:03:00,149.59,149.63,149.54,149.63,35.539683
2019-11-24 15:02:00,149.57,149.61,149.49,149.58,139.448482
2019-11-24 15:01:00,149.73,149.77,149.57,149.59,254.084222
2019-11-24 15:00:00,149.81,149.83,149.66,149.72,384.262665
2019-11-24 14:59:00,149.93,149.93,149.83,149.83,70.623237
2019-11-24 14:58:00,149.98,149.98,149.93,149.94,48.207725
2019-11-24 14:57:00,150.12,150.12,149.93,149.99,417.759338
2019-11-24 14:56:00,150.22,150.22,150.13,150.13,111.072988
2019-11-24 14:55:00,150.22,150.22,150.22,150.22,20.503426
2019-11-24 14:54:00,150.28,150.29,150.22,150.22,8.493975
2019-11-24 14:53:00,150.22,150.29,150.22,150.29,20.073762
2019-11-24 14:52:00,150.38,150.38,150.28,150.28,4.338401
2019-11-24 14:51:00,150.26,150.43,150.26,150.38,35.361728
2019-11-24 14:50:00,150.2,150.26,150.2,150.25,4.500181
2019-11-24 14:49:00,150.34,150.34,150.2,150.2,125.573683
2019-11-24 14:48:00,150.37,150.37,150.34,150.34,6.684496
2019-11-24 14:47:00,150.54,150.54,150.38,150.38,2.971522
2019-11-24 14:46:00,150.55,150.57,150.54,150.55,52.122598
2019-11-24 14:45:00,150.6,150.6,150.54,150.55,12.463263
2019-11-24 14:44:00,150.46,150.57,150.45,150.57,32.283432
2019-11-24 14:43:00,150.36,150.47,150.36,150.47,86.808313
2019-11-24 14:42:00,150.4,150.4,150.35,150.35,16.680839
2019-11-24 14:41:00,150.5,150.5,150.41,150.41,10.354723
2019-11-24 14:40:00,150.49,150.5,150.49,150.5,47.006492
2019-11-24 14:39:00,150.63,150.64,150.5,150.5,27.192776
2019-11-24 14:38:00,150.59,150.69,150.59,150.64,152.143687
2019-11-24 14:37:00,150.4,150.61,150.4,150.6,101.257624
2019-11-24 14:36:00,150.33,150.39,150.33,150.39,7.421481
2019-11-24 14:35:00,150.34,150.34,150.33,150.33,48.528282
2019-11-24 14:34:00,150.32,150.47,150.32,150.34,214.782548
2019-11-24 14:33:00,150.4,150.4,150.25,150.33,148.202298
2019-11-24 14:32:00,150.53,150.54,150.26,150.4,926.572587
2019-11-24 14:31:00,150.38,150.54,150.38,150.54,647.534466
2019-11-24 14:30:00,150.27,150.44,150.27,150.38,552.749426
2019-11-24 14:29:00,150.08,150.26,150.08,150.26,324.240577
2019-11-24 14:28:00,149.93,150.12,149.92,150.07,752.572045
2019-11-24 14:27:00,149.86,149.96,149.86,149.94,47.997644
2019-11-24 14:26:00,149.93,149.95,149.86,149.89,46.801533
2019-11-24 14:25:00,149.79,149.94,149.79,149.94,23.886611
2019-11-24 14:24:00,149.89,149.93,149.79,149.79,22.481511
2019-11-24 14:23:00,149.93,149.97,149.92,149.92,52.859096
2019-11-24 14:22:00,149.85,149.94,149.85,149.93,13.109919
2019-11-24 14:21:00,149.75,149.86,149.75,149.86,15.502244
2019-11-24 14:20:00,149.79,149.79,149.79,149.79,3.351955
2019-11-24 14:19:00,149.88,149.88,149.8,149.8,18.109653
2019-11-24 14:18:00,149.97,149.97,149.83,149.89,1.265093
2019-11-24 14:17:00,149.83,149.97,149.83,149.97,67.44232
2019-11-24 14:16:00,149.75,149.78,149.73,149.78,7.471704
2019-11-24 14:15:00,149.62,149.74,149.62,149.74,96.198532
2019-11-24 14:14:00,149.64,149.64,149.56,149.59,44.343286
2019-11-24 14:13:00,149.67,149.67,149.61,149.64,6.606068
2019-11-24 14:12:00,149.59,149.71,149.59,149.68,47.800418
2019-11-24 14:11:00,149.51,149.63,149.51,149.58,2.743624
2019-11-24 14:10:00,149.51,149.52,149.44,149.52,5.910562
2019-11-24 14:09:00,149.6,149.6,149.49,149.56,74.026863
2019-11-24 14:08:00,149.49,149.61,149.48,149.6,14.085009
2019-11-24 14:07:00,149.52,149.52,149.42,149.49,86.354867
2019-11-24 14:06:00,149.67,149.7,149.57,149.57,59.304798
2019-11-24 14:05:00,149.5,149.67,149.5,149.67,870.511718
2019-11-24 14:04:00,149.62,149.62,149.44,149.46,10.36076
2019-11-24 14:03:00,149.47,149.6,149.47,149.6,12.507673
2019-11-24 14:02:00,149.35,149.45,149.35,149.45,138.941192
2019-11-24 14:01:00,149.49,149.49,149.35,149.36,48.482215
2019-11-24 14:00:00,149.33,149.52,149.33,149.5,78.539029
2019-11-24 13:59:00,149.24,149.37,149.24,149.35,78.704245
2019-11-24 13:58:00,149.2,149.26,149.2,149.23,11.920949
2019-11-24 13:57:00,149.06,149.24,149.05,149.22,120.725611
2019-11-24 13:56:00,149.05,149.06,148.94,149,438.001129
2019-11-24 13:55:00,149.11,149.12,149.04,149.04,31.938029
2019-11-24 13:54:00,149.15,149.16,149.15,149.15,18.235298
2019-11-24 13:53:00,149.15,149.2,149.15,149.16,22.802521
2019-11-24 13:52:00,149.15,149.23,149.12,149.12,7.253075
2019-11-24 13:51:00,149.09,149.25,149.07,149.17,93.821679
2019-11-24 13:50:00,149.17,149.17,149,149.17,696.125267
2019-11-24 13:49:00,149.18,149.2,149.16,149.16,82.507492
2019-11-24 13:48:00,149.12,149.19,149.12,149.19,4.178351
2019-11-24 13:47:00,149.14,149.17,149.01,149.09,859.735334
2019-11-24 13:46:00,149.27,149.27,149.14,149.14,37.585007
2019-11-24 13:45:00,149.3,149.3,149.22,149.26,54.664609
2019-11-24 13:44:00,149.35,149.36,149.25,149.3,95.994822
2019-11-24 13:43:00,149.49,149.5,149.34,149.34,63.963736
2019-11-24 13:42:00,149.62,149.62,149.48,149.48,12.230299
2019-11-24 13:41:00,149.69,149.7,149.63,149.63,8.40853
2019-11-24 13:40:00,149.7,149.7,149.66,149.69,52.345072
2019-11-24 13:39:00,149.7,149.72,149.7,149.72,163.698161
2019-11-24 13:38:00,149.62,149.71,149.62,149.71,19.61831
2019-11-24 13:37:00,149.67,149.67,149.61,149.62,80.318208
2019-11-24 13:36:00,149.73,149.74,149.68,149.68,358.114661
2019-11-24 13:35:00,149.68,149.68,149.65,149.68,6.520981
2019-11-24 13:34:00,149.63,149.69,149.63,149.69,19.542323
2019-11-24 13:33:00,149.71,149.71,149.62,149.66,24.799305
2019-11-24 13:32:00,149.67,149.75,149.67,149.71,12.228472
2019-11-24 13:31:00,149.57,149.66,149.57,149.66,15.987366
2019-11-24 13:30:00,149.63,149.63,149.43,149.55,188.501256
2019-11-24 13:29:00,149.67,149.67,149.64,149.64,13.029333
2019-11-24 13:28:00,149.7,149.7,149.66,149.66,94.783226
2019-11-24 13:27:00,149.78,149.78,149.7,149.7,0.521436
2019-11-24 13:26:00,149.75,149.78,149.71,149.78,18.182185
2019-11-24 13:25:00,149.78,149.8,149.71,149.75,49.776523
2019-11-24 13:24:00,149.95,149.95,149.82,149.84,82.86674
2019-11-24 13:23:00,149.94,150.01,149.94,149.95,241.653872
2019-11-24 13:22:00,149.82,149.94,149.82,149.94,42.620236
2019-11-24 13:21:00,149.76,149.84,149.76,149.84,39.058974
2019-11-24 13:20:00,149.7,149.78,149.7,149.76,76.871158
2019-11-24 13:19:00,149.71,149.8,149.7,149.71,16.727046
2019-11-24 13:18:00,149.69,149.73,149.69,149.71,34.830762
2019-11-24 13:17:00,149.76,149.76,149.7,149.7,8.534059
2019-11-24 13:16:00,149.76,149.77,149.76,149.76,0.231209
2019-11-24 13:15:00,149.74,149.91,149.74,149.8,1144.213124
2019-11-24 13:14:00,149.48,149.71,149.48,149.71,46.56238
2019-11-24 13:13:00,149.47,149.56,149.47,149.49,138.158388
2019-11-24 13:12:00,149.34,149.53,149.34,149.47,78.155343
2019-11-24 13:11:00,149.58,149.58,149.35,149.38,292.65694
2019-11-24 13:10:00,149.39,149.58,149.38,149.58,86.621133
2019-11-24 13:09:00,149.19,149.33,149.19,149.33,70.563699
2019-11-24 13:08:00,149.2,149.2,149.12,149.16,106.788485
2019-11-24 13:07:00,149.11,149.16,149.11,149.16,6.435626
2019-11-24 13:06:00,149.11,149.12,149.11,149.12,209.344358
2019-11-24 13:05:00,149.19,149.19,149.15,149.16,22.069349
2019-11-24 13:04:00,149.23,149.23,149.2,149.2,0.09624
2019-11-24 13:03:00,149.14,149.23,149.14,149.23,30.065553
2019-11-24 13:02:00,149.23,149.23,149.13,149.13,108.985665
2019-11-24 13:01:00,149.28,149.28,149.1,149.19,81.54361
2019-11-24 13:00:00,149.22,149.36,149.22,149.29,105.164902
2019-11-24 12:59:00,149.38,149.38,149.19,149.22,290.801803
2019-11-24 12:58:00,149.45,149.45,149.42,149.43,42.599227
2019-11-24 12:57:00,149.48,149.48,149.33,149.45,68.142197
2019-11-24 12:56:00,149.4,149.51,149.4,149.48,181.969183
2019-11-24 12:55:00,149.37,149.38,149.35,149.37,102.598162
2019-11-24 12:54:00,149.33,149.38,149.33,149.38,47.84981
2019-11-24 12:53:00,149.36,149.39,149.32,149.33,94.042161
2019-11-24 12:52:00,149.22,149.35,149.22,149.35,52.285061
2019-11-24 12:51:00,149.06,149.19,149.01,149.19,20.509431
2019-11-24 12:50:00,149.13,149.13,149.11,149.11,45.215781
2019-11-24 12:49:00,149.12,149.22,149.12,149.13,64.916656
2019-11-24 12:48:00,149.14,149.21,149.1,149.13,68.289257
2019-11-24 12:47:00,149.03,149.16,149.03,149.14,119.721441
2019-11-24 12:46:00,148.75,149.07,148.75,149.06,398.61635
2019-11-24 12:45:00,148.85,148.89,148.73,148.74,254.49663
2019-11-24 12:44:00,149.02,149.02,148.84,148.84,69.901782
2019-11-24 12:43:00,149.07,149.07,148.9,149.02,46.096211
2019-11-24 12:42:00,149.11,149.12,149.06,149.06,7.820105
2019-11-24 12:41:00,148.99,149.12,148.99,149.03,22.079871
2019-11-24 12:40:00,148.84,148.99,148.84,148.99,93.361732
2019-11-24 12:39:00,148.88,148.88,148.82,148.82,7.15488
2019-11-24 12:38:00,148.86,148.86,148.79,148.86,29.859477
2019-11-24 12:37:00,148.95,148.95,148.86,148.86,69.538631
2019-11-24 12:36:00,149,149,148.95,148.95,1.689812
2019-11-24 12:35:00,149.11,149.13,149.01,149.01,272.417182
2019-11-24 12:34:00,149.13,149.24,149.11,149.11,77.258675
2019-11-24 12:33:00,149.01,149.2,149.01,149.15,155.670599
2019-11-24 12:32:00,149.09,149.13,148.89,149.01,205.474015
2019-11-24 12:31:00,148.79,149.07,148.79,149.06,223.177493
2019-11-24 12:30:00,148.82,148.82,148.6,148.79,633.898031
2019-11-24 12:29:00,148.99,148.99,148.7,148.83,552.568642
2019-11-24 12:28:00,148.9,149.01,148.9,148.98,167.729316
2019-11-24 12:27:00,148.85,148.92,148.78,148.9,141.521894
2019-11-24 12:26:00,149.11,149.11,148.85,148.86,360.741782
2019-11-24 12:25:00,149.27,149.27,149.09,149.12,363.889556
2019-11-24 12:24:00,149.39,149.39,148.83,149.23,1850.974328
2019-11-24 12:23:00,149.41,149.47,149.33,149.4,118.518781
2019-11-24 12:22:00,149.58,149.59,149.44,149.46,137.673651
2019-11-24 12:21:00,149.52,149.6,149.51,149.59,238.414717
2019-11-24 12:20:00,149.6,149.6,149.52,149.52,35.12551
2019-11-24 12:19:00,149.66,149.66,149.6,149.6,60.969334
2019-11-24 12:18:00,149.7,149.7,149.66,149.67,14.586943
2019-11-24 12:17:00,149.74,149.74,149.7,149.7,159.855018
2019-11-24 12:16:00,149.82,149.82,149.72,149.73,25.420499
2019-11-24 12:15:00,149.83,149.83,149.82,149.82,39.777529
2019-11-24 12:14:00,149.75,149.83,149.75,149.83,55.871241
2019-11-24 12:13:00,149.73,149.79,149.72,149.75,152.667228
2019-11-24 12:12:00,149.74,149.74,149.72,149.73,13.39512
2019-11-24 12:11:00,149.85,149.85,149.73,149.74,46.844655
2019-11-24 12:10:00,149.79,149.8,149.79,149.8,270.368532
2019-11-24 12:09:00,149.79,149.8,149.79,149.8,15.372181
2019-11-24 12:08:00,149.89,149.89,149.83,149.83,78.485042
2019-11-24 12:07:00,149.9,149.9,149.84,149.89,295.17987
2019-11-24 12:06:00,149.7,149.9,149.7,149.89,877.521834
2019-11-24 12:05:00,149.64,149.7,149.6,149.7,375.42881
2019-11-24 12:04:00,149.64,149.67,149.6,149.63,237.565027
2019-11-24 12:03:00,149.64,149.71,149.63,149.63,27.439416
2019-11-24 12:02:00,149.66,149.68,149.64,149.67,210.681515
2019-11-24 12:01:00,149.71,149.76,149.65,149.66,54.406327
2019-11-24 12:00:00,149.72,149.73,149.63,149.73,121.587552
2019-11-24 11:59:00,149.75,149.75,149.72,149.75,12.759448
2019-11-24 11:58:00,149.81,149.81,149.75,149.76,19.263678
2019-11-24 11:57:00,149.76,149.8,149.75,149.77,50.298351
2019-11-24 11:56:00,149.72,149.82,149.72,149.75,12.223435
2019-11-24 11:55:00,149.79,149.8,149.72,149.72,10.831943
2019-11-24 11:54:00,149.93,149.97,149.81,149.81,66.069049
2019-11-24 11:53:00,150.01,150.02,149.89,149.94,448.442892
2019-11-24 11:52:00,150.05,150.05,150.02,150.02,218.232573
2019-11-24 11:51:00,150.01,150.06,150.01,150.06,99.022642
2019-11-24 11:50:00,150.11,150.11,150.01,150.01,101.376944
2019-11-24 11:49:00,150.08,150.18,150.04,150.11,120.162596
2019-11-24 11:48:00,150.16,150.3,150.1,150.1,756.343494
2019-11-24 11:47:00,149.95,150.17,149.95,150.16,299.702923
2019-11-24 11:46:00,149.84,149.93,149.81,149.93,42.683565
2019-11-24 11:45:00,149.87,149.87,149.7,149.84,404.280556
2019-11-24 11:44:00,149.81,149.89,149.8,149.87,18.19869
2019-11-24 11:43:00,149.69,149.9,149.69,149.8,139.051451
2019-11-24 11:42:00,149.72,149.72,149.69,149.69,152.801697
2019-11-24 11:41:00,149.76,149.76,149.72,149.73,44.665192
2019-11-24 11:40:00,149.88,149.92,149.78,149.78,371.612033
2019-11-24 11:39:00,149.84,149.94,149.84,149.87,177.59261
2019-11-24 11:38:00,149.84,149.9,149.72,149.8,128.474889
2019-11-24 11:37:00,149.73,149.84,149.73,149.84,88.872483
2019-11-24 11:36:00,149.6,149.77,149.59,149.72,213.984724
2019-11-24 11:35:00,149.84,149.88,149.66,149.66,55.004267
2019-11-24 11:34:00,149.83,149.83,149.66,149.83,345.047991
2019-11-24 11:33:00,150.03,150.03,149.56,149.83,1149.452738
2019-11-24 11:32:00,150.08,150.2,150.08,150.1,191.270563
2019-11-24 11:31:00,150.03,150.21,150,150.08,365.445778
2019-11-24 11:30:00,149.87,150,149.86,150,206.958882
2019-11-24 11:29:00,149.82,149.88,149.79,149.88,52.363421
2019-11-24 11:28:00,149.52,149.82,149.46,149.74,266.482444
2019-11-24 11:27:00,149.65,149.68,149.42,149.48,269.913986
2019-11-24 11:26:00,149.47,149.77,149.47,149.65,480.816176
2019-11-24 11:25:00,149.69,149.69,149.37,149.5,378.278909
2019-11-24 11:24:00,149.83,149.83,149.7,149.7,148.788716
2019-11-24 11:23:00,149.8,149.9,149.8,149.86,46.056503
2019-11-24 11:22:00,149.59,149.84,149.59,149.79,206.688428
2019-11-24 11:21:00,149.58,149.66,149.5,149.63,881.904388
2019-11-24 11:20:00,149.59,149.79,149.57,149.6,1091.843866
2019-11-24 11:19:00,149.67,149.67,149.58,149.6,359.705675
2019-11-24 11:18:00,149.58,149.68,149.58,149.68,445.852477
2019-11-24 11:17:00,149.76,149.76,149.57,149.57,179.510783
2019-11-24 11:16:00,149.94,149.94,149.78,149.78,55.701642
2019-11-24 11:15:00,150.07,150.07,150,150,10.246282
2019-11-24 11:14:00,150.16,150.18,150.09,150.09,1.518495
2019-11-24 11:13:00,150.16,150.18,150.15,150.15,4.946485
2019-11-24 11:12:00,150.15,150.15,150.03,150.03,1088.909953
2019-11-24 11:11:00,150.27,150.27,150.12,150.15,97.393116
2019-11-24 11:10:00,149.98,150.28,149.98,150.27,888.219455
2019-11-24 11:09:00,150.06,150.06,149.94,149.98,108.78802
2019-11-24 11:08:00,149.79,150.07,149.78,150.06,194.969737
2019-11-24 11:07:00,149.74,149.79,149.57,149.78,1072.839821
2019-11-24 11:06:00,149.89,149.89,149.72,149.76,194.280398
2019-11-24 11:05:00,149.86,149.96,149.81,149.9,159.252196
2019-11-24 11:04:00,149.82,149.86,149.66,149.86,465.334541
2019-11-24 11:03:00,150.01,150.1,149.79,149.82,1400.106134
2019-11-24 11:02:00,150.27,150.27,150,150.01,201.627689
2019-11-24 11:01:00,150.35,150.35,150.06,150.27,1313.687141
2019-11-24 11:00:00,150.48,150.48,150.33,150.35,180.060901
2019-11-24 10:59:00,150.51,150.54,150.48,150.48,195.8382
2019-11-24 10:58:00,150.46,150.56,150.46,150.54,36.633313
2019-11-24 10:57:00,150.52,150.53,150.46,150.46,24.043183
2019-11-24 10:56:00,150.46,150.61,150.43,150.52,102.848447
2019-11-24 10:55:00,150.66,150.66,150.46,150.46,17.543146
2019-11-24 10:54:00,150.68,150.77,150.68,150.68,5.879404
2019-11-24 10:53:00,150.51,150.66,150.51,150.66,61.94066
2019-11-24 10:52:00,150.48,150.51,150.47,150.5,140.854979
2019-11-24 10:51:00,150.58,150.62,150.47,150.55,138.70469
2019-11-24 10:50:00,150.69,150.72,150.63,150.63,89.459631
2019-11-24 10:49:00,150.72,150.72,150.64,150.65,53.597446
2019-11-24 10:48:00,150.77,150.77,150.72,150.72,29.130357
2019-11-24 10:47:00,150.88,150.88,150.76,150.77,24.635287
2019-11-24 10:46:00,150.93,150.93,150.87,150.89,10.171875
2019-11-24 10:45:00,150.93,150.93,150.93,150.93,5.748
2019-11-24 10:44:00,151.01,151.02,150.98,150.98,15.491803
2019-11-24 10:43:00,151.02,151.02,150.98,151.02,19.998976
2019-11-24 10:42:00,150.96,151.02,150.96,151.02,28.884587
2019-11-24 10:41:00,151,151.03,150.93,150.96,78.519964
2019-11-24 10:40:00,150.96,151.02,150.96,151.01,176.33766
2019-11-24 10:39:00,150.94,150.96,150.93,150.95,15.001086
2019-11-24 10:38:00,151.01,151.03,150.96,150.96,202.124154
2019-11-24 10:37:00,151.02,151.02,150.93,150.99,94.575675
2019-11-24 10:36:00,150.99,151.04,150.99,151.03,72.740903
2019-11-24 10:35:00,151,151.02,150.94,151.01,122.733765
2019-11-24 10:34:00,151.11,151.11,151.06,151.06,1.019038
2019-11-24 10:33:00,151.22,151.22,151.15,151.15,45.619853
2019-11-24 10:32:00,151.22,151.23,151.2,151.23,81.600407
2019-11-24 10:31:00,151.44,151.44,151.2,151.22,404.019918
2019-11-24 10:30:00,151.4,151.45,151.4,151.45,51.134524
2019-11-24 10:29:00,151.54,151.54,151.44,151.44,56.868813
2019-11-24 10:28:00,151.57,151.61,151.53,151.61,197.983495
2019-11-24 10:27:00,151.54,151.62,151.54,151.58,58.509814
2019-11-24 10:26:00,151.52,151.54,151.52,151.54,9.040107
2019-11-24 10:25:00,151.62,151.62,151.49,151.49,7.032706
2019-11-24 10:24:00,151.7,151.7,151.65,151.65,8.48889
2019-11-24 10:23:00,151.58,151.72,151.57,151.71,63.632225
2019-11-24 10:22:00,151.41,151.58,151.41,151.58,11.906062
2019-11-24 10:21:00,151.45,151.45,151.4,151.41,1.467528
2019-11-24 10:20:00,151.47,151.52,151.39,151.46,851.12808
2019-11-24 10:19:00,151.47,151.52,151.47,151.47,108.278154
2019-11-24 10:18:00,151.37,151.49,151.36,151.49,14.540214
2019-11-24 10:17:00,151.25,151.38,151.25,151.38,193.037435
2019-11-24 10:16:00,151.07,151.24,151.07,151.24,92.289801
2019-11-24 10:15:00,151.06,151.12,151.06,151.06,16.466872
2019-11-24 10:14:00,151.1,151.11,151.05,151.05,1.280879
2019-11-24 10:13:00,151.04,151.12,151.04,151.12,8.058505
2019-11-24 10:12:00,151.1,151.12,151.04,151.04,22.178664
2019-11-24 10:11:00,151.1,151.15,151.1,151.12,15.684449
2019-11-24 10:10:00,151.05,151.12,151.01,151.12,22.181807
2019-11-24 10:09:00,151.19,151.19,151.05,151.05,46.905999
2019-11-24 10:08:00,151.1,151.2,151.08,151.2,26.896663
2019-11-24 10:07:00,151.15,151.15,151.1,151.1,39.633676
2019-11-24 10:06:00,151.19,151.19,151.12,151.15,27.10307
2019-11-24 10:05:00,151.18,151.18,151.12,151.13,25.50791
2019-11-24 10:04:00,151.07,151.25,151.07,151.19,9.752873
2019-11-24 10:03:00,150.95,151.04,150.95,151.04,5.809713
2019-11-24 10:02:00,150.83,150.94,150.83,150.94,103.697061
2019-11-24 10:01:00,150.8,150.83,150.8,150.82,29.330159
2019-11-24 10:00:00,150.89,150.99,150.8,150.8,251.967585
2019-11-24 09:59:00,150.89,150.9,150.85,150.9,74.50274
2019-11-24 09:58:00,150.83,150.88,150.83,150.87,2.092801
2019-11-24 09:57:00,150.97,150.99,150.9,150.9,18.107302
2019-11-24 09:56:00,150.87,150.94,150.87,150.94,19.849483
2019-11-24 09:55:00,150.9,150.93,150.86,150.87,45.478709
2019-11-24 09:54:00,151.05,151.12,150.86,150.86,66.264671
2019-11-24 09:53:00,151.03,151.22,151.03,151.09,187.252586
2019-11-24 09:52:00,151.06,151.12,151.04,151.06,110.34331
2019-11-24 09:51:00,151.01,151.07,150.99,151.07,181.107464
2019-11-24 09:50:00,150.91,150.96,150.91,150.96,21.583318
2019-11-24 09:49:00,150.76,150.95,150.76,150.91,17.651628
2019-11-24 09:48:00,150.79,150.79,150.75,150.75,108.124089
2019-11-24 09:47:00,150.66,150.8,150.66,150.8,57.453517
2019-11-24 09:46:00,150.74,150.74,150.64,150.64,36.104165
2019-11-24 09:45:00,150.83,150.83,150.74,150.74,2.069533
2019-11-24 09:44:00,150.84,150.85,150.76,150.82,16.760432
2019-11-24 09:43:00,150.76,150.97,150.73,150.84,339.631782
2019-11-24 09:42:00,150.87,150.87,150.76,150.76,88.111702
2019-11-24 09:41:00,150.65,150.96,150.65,150.87,189.655596
2019-11-24 09:40:00,150.68,150.68,150.66,150.66,18.1395
2019-11-24 09:39:00,150.66,150.76,150.65,150.69,41.936306
2019-11-24 09:38:00,150.47,150.77,150.47,150.66,630.569222
2019-11-24 09:37:00,150.32,150.49,150.16,150.48,518.454002
2019-11-24 09:36:00,150.49,150.49,150.32,150.32,335.228287
2019-11-24 09:35:00,150.66,150.66,150.48,150.48,150.456215
2019-11-24 09:34:00,150.81,150.81,150.67,150.67,24.072142
2019-11-24 09:33:00,150.91,150.93,150.82,150.82,64.729447
2019-11-24 09:32:00,151.01,151.01,150.91,150.91,261.604404
2019-11-24 09:31:00,151.05,151.05,151.01,151.01,55.256012
2019-11-24 09:30:00,151,151.07,150.99,151.07,23.014717
2019-11-24 09:29:00,151.03,151.06,151.02,151.02,48.488223
2019-11-24 09:28:00,151.04,151.05,151.02,151.03,14.708462
2019-11-24 09:27:00,151.11,151.11,151,151.05,71.437048
2019-11-24 09:26:00,151.12,151.12,151.05,151.07,18.449054
2019-11-24 09:25:00,151.04,151.15,151.04,151.15,32.506714
2019-11-24 09:24:00,151,151.09,150.93,151.04,122.257655
2019-11-24 09:23:00,151.04,151.04,150.94,150.97,94.979672
2019-11-24 09:22:00,150.87,151,150.87,151,33.354088
2019-11-24 09:21:00,150.92,150.92,150.82,150.82,27.235908
2019-11-24 09:20:00,151.01,151.06,150.92,150.92,8.431497
2019-11-24 09:19:00,150.92,151.03,150.9,151,32.023931
2019-11-24 09:18:00,150.76,150.94,150.76,150.94,19.937555
2019-11-24 09:17:00,150.74,150.77,150.74,150.76,6.838821
2019-11-24 09:16:00,150.88,150.88,150.71,150.71,179.497473
2019-11-24 09:15:00,151.01,151.01,150.92,150.92,5.017864
2019-11-24 09:14:00,150.97,151.02,150.87,151.02,64.514578
2019-11-24 09:13:00,150.92,151.08,150.92,150.98,143.235411
2019-11-24 09:12:00,150.75,150.93,150.75,150.88,37.133956
2019-11-24 09:11:00,150.61,150.75,150.61,150.75,48.82981
2019-11-24 09:10:00,150.61,150.61,150.61,150.61,2.986269
2019-11-24 09:09:00,150.63,150.63,150.6,150.6,9.11765
2019-11-24 09:08:00,150.64,150.65,150.62,150.63,77.933185
2019-11-24 09:07:00,150.72,150.73,150.63,150.63,5.100793
2019-11-24 09:06:00,150.65,150.67,150.6,150.67,64.904165
2019-11-24 09:05:00,150.74,150.74,150.7,150.7,7.627404
2019-11-24 09:04:00,150.79,150.79,150.75,150.75,6.379485
2019-11-24 09:03:00,150.91,150.91,150.78,150.8,8.088221
2019-11-24 09:02:00,151.02,151.06,150.93,150.93,34.844526
2019-11-24 09:01:00,150.92,151.05,150.92,151.02,156.643592
2019-11-24 09:00:00,150.7,150.93,150.7,150.93,573.050937
2019-11-24 08:59:00,150.65,150.86,150.65,150.74,245.836287
2019-11-24 08:58:00,150.56,150.65,150.56,150.65,298.952782
2019-11-24 08:57:00,150.6,150.65,150.46,150.56,547.864355
2019-11-24 08:56:00,150.6,150.7,150.49,150.6,2218.85272
2019-11-24 08:55:00,150.6,150.64,150.53,150.6,403.121275
2019-11-24 08:54:00,150.51,150.71,150.5,150.61,322.531038
2019-11-24 08:53:00,150.49,150.53,150.36,150.51,297.144556
2019-11-24 08:52:00,150.46,150.58,150.46,150.49,197.635615
2019-11-24 08:51:00,150.62,150.63,150.45,150.45,153.703308
2019-11-24 08:50:00,150.58,150.66,150.48,150.55,129.076588
2019-11-24 08:49:00,150.42,150.75,150.37,150.6,366.882123
2019-11-24 08:48:00,150.32,150.46,150.27,150.41,467.024401
2019-11-24 08:47:00,150.64,150.64,150.23,150.27,1119.496131
2019-11-24 08:46:00,150.58,150.65,150.49,150.65,295.259487
2019-11-24 08:45:00,150.67,150.82,150.61,150.61,195.514385
2019-11-24 08:44:00,150.61,150.77,150.52,150.65,445.624306
2019-11-24 08:43:00,150.66,150.79,150.43,150.58,525.868316
2019-11-24 08:42:00,150.64,150.74,150.42,150.71,1000.718071
2019-11-24 08:41:00,151.01,151.01,150.55,150.68,1386.333738
2019-11-24 08:40:00,150.89,151.02,150.89,151.02,61.218415
2019-11-24 08:39:00,150.93,150.98,150.86,150.88,232.346557
2019-11-24 08:38:00,150.97,151.06,150.91,150.92,175.177133
2019-11-24 08:37:00,151.09,151.16,150.98,150.98,41.397774
2019-11-24 08:36:00,151.22,151.22,151.08,151.08,46.718213
2019-11-24 08:35:00,151.19,151.21,151.15,151.21,43.0621
2019-11-24 08:34:00,151.29,151.31,151.17,151.19,156.108483
2019-11-24 08:33:00,151.32,151.32,151.15,151.29,54.727691
2019-11-24 08:32:00,151.43,151.43,151.3,151.35,89.971291
2019-11-24 08:31:00,151.26,151.44,151.26,151.44,19.38892
2019-11-24 08:30:00,151.13,151.26,151.12,151.26,136.359238
2019-11-24 08:29:00,151.1,151.1,150.89,151.1,242.626608
2019-11-24 08:28:00,151.04,151.14,151.02,151.14,302.99402
2019-11-24 08:27:00,151.16,151.24,151.03,151.03,383.792143
2019-11-24 08:26:00,151.37,151.39,151.15,151.16,79.639247
2019-11-24 08:25:00,151.42,151.51,151.37,151.37,58.67313
2019-11-24 08:24:00,151.58,151.63,151.46,151.46,84.314844
2019-11-24 08:23:00,151.36,151.59,151.36,151.59,102.446189
2019-11-24 08:22:00,151.64,151.64,151.36,151.36,33.792933
2019-11-24 08:21:00,151.35,151.59,151.3,151.59,155.319675
2019-11-24 08:20:00,151.52,151.63,151.35,151.35,422.161537
2019-11-24 08:19:00,151.68,151.75,151.39,151.52,341.237246
2019-11-24 08:18:00,151.73,151.73,151.57,151.69,28.43138
2019-11-24 08:17:00,151.85,151.85,151.65,151.71,32.886997
2019-11-24 08:16:00,152.03,152.03,151.82,151.86,25.024431
2019-11-24 08:15:00,151.98,152.14,151.93,152.04,99.163159
2019-11-24 08:14:00,152.11,152.11,152.02,152.02,124.27114
2019-11-24 08:13:00,151.93,152.16,151.93,152.11,98.922687
2019-11-24 08:12:00,151.88,151.95,151.83,151.93,2.983609
2019-11-24 08:11:00,152.02,152.02,151.84,151.89,214.478243
2019-11-24 08:10:00,151.9,152.02,151.45,152.02,908.263309
2019-11-24 08:09:00,152.12,152.12,151.9,151.9,8.623589
2019-11-24 08:08:00,152.29,152.29,152.08,152.13,161.484679
2019-11-24 08:07:00,152.3,152.5,152.29,152.29,111.080787
2019-11-24 08:06:00,152.52,152.52,152.27,152.31,470.249108
2019-11-24 08:05:00,152.74,152.74,152.53,152.53,190.142095
2019-11-24 08:04:00,152.65,152.88,152.64,152.74,159.149306
2019-11-24 08:03:00,152.5,152.61,152.39,152.61,114.247893
2019-11-24 08:02:00,152.37,152.67,152.33,152.49,250.801873
2019-11-24 08:01:00,152.2,152.38,152.06,152.38,338.642519
2019-11-24 08:00:00,151.82,152.21,151.78,152.21,591.589124
2019-11-24 07:59:00,151.69,151.78,151.68,151.78,59.62737
2019-11-24 07:58:00,151.71,151.75,151.66,151.66,35.25389
2019-11-24 07:57:00,151.89,151.89,151.7,151.7,102.44805
2019-11-24 07:56:00,151.87,151.93,151.87,151.89,44.408026
2019-11-24 07:55:00,151.9,151.91,151.87,151.87,22.226164
2019-11-24 07:54:00,151.91,151.93,151.82,151.9,31.62093
2019-11-24 07:53:00,151.94,151.94,151.89,151.92,2.213551
2019-11-24 07:52:00,151.89,152,151.89,151.95,5.624319
2019-11-24 07:51:00,151.96,151.99,151.93,151.93,10.401596
2019-11-24 07:50:00,151.92,152.01,151.92,151.95,2.65285
2019-11-24 07:49:00,151.85,151.95,151.85,151.9,134.352983
2019-11-24 07:48:00,151.9,151.91,151.82,151.88,86.521724
2019-11-24 07:47:00,151.96,151.96,151.93,151.94,11.605862
2019-11-24 07:46:00,152.24,152.24,151.94,151.94,454.618622
2019-11-24 07:45:00,152.33,152.33,152.23,152.24,121.063262
2019-11-24 07:44:00,152.28,152.38,152.28,152.33,7.537439
2019-11-24 07:43:00,152.23,152.29,152.23,152.28,42.443068
2019-11-24 07:42:00,152.18,152.21,152.1,152.21,222.480474
2019-11-24 07:41:00,152.18,152.25,152.16,152.18,24.385981
2019-11-24 07:40:00,152.44,152.44,152.17,152.18,90.387859
2019-11-24 07:39:00,152.44,152.44,152.44,152.44,1.141432
2019-11-24 07:38:00,152.48,152.5,152.48,152.48,3.493666
2019-11-24 07:37:00,152.43,152.44,152.39,152.44,47.540187
2019-11-24 07:36:00,152.4,152.43,152.38,152.43,22.675924
2019-11-24 07:35:00,152.48,152.48,152.41,152.41,75.74096
2019-11-24 07:34:00,152.38,152.48,152.38,152.48,41.206329
2019-11-24 07:33:00,152.47,152.48,152.37,152.37,38.233237
2019-11-24 07:32:00,152.22,152.43,152.22,152.43,108.254903
2019-11-24 07:31:00,152.02,152.23,152.02,152.23,220.757761
2019-11-24 07:30:00,152.01,152.05,152.01,152.02,45.27004
2019-11-24 07:29:00,152.06,152.06,152.01,152.02,24.99461
2019-11-24 07:28:00,152.15,152.15,152.1,152.1,4.441724
2019-11-24 07:27:00,152.16,152.24,152.15,152.15,19.527897
2019-11-24 07:26:00,152.18,152.18,152.1,152.16,283.315365
2019-11-24 07:25:00,152.31,152.31,152.13,152.18,65.111811
2019-11-24 07:24:00,152.42,152.42,152.31,152.32,60.256716
2019-11-24 07:23:00,152.65,152.7,152.43,152.43,98.734536
2019-11-24 07:22:00,152.56,152.64,152.56,152.64,70.046678
2019-11-24 07:21:00,152.61,152.61,152.55,152.56,52.620366
2019-11-24 07:20:00,152.37,152.57,152.37,152.57,42.117224
2019-11-24 07:19:00,152.44,152.44,152.37,152.37,196.473695
2019-11-24 07:18:00,152.49,152.54,152.38,152.44,57.745512
2019-11-24 07:17:00,152.46,152.51,152.41,152.49,83.043832
2019-11-24 07:16:00,152.69,152.69,152.42,152.45,149.513987
2019-11-24 07:15:00,152.66,152.71,152.66,152.69,26.060609
2019-11-24 07:14:00,152.61,152.66,152.58,152.63,75.455212
2019-11-24 07:13:00,152.52,152.59,152.51,152.59,24.628371
2019-11-24 07:12:00,152.42,152.47,152.42,152.47,104.376419
2019-11-24 07:11:00,152.36,152.6,152.36,152.43,238.769056
2019-11-24 07:10:00,152.28,152.36,152.28,152.36,92.417201
2019-11-24 07:09:00,152.25,152.25,152.25,152.25,0.046389
2019-11-24 07:08:00,152.25,152.26,152.2,152.24,104.739638
2019-11-24 07:07:00,152.22,152.25,152.21,152.25,38.668383
2019-11-24 07:06:00,152.14,152.18,152.13,152.18,53.659209
2019-11-24 07:05:00,152.08,152.13,152.08,152.13,74.791827
2019-11-24 07:04:00,152,152.09,152,152.09,12.095034
2019-11-24 07:03:00,151.95,152,151.95,152,17.094894
2019-11-24 07:02:00,151.88,151.9,151.88,151.9,2.04551
2019-11-24 07:01:00,151.85,151.85,151.84,151.84,0.109586
2019-11-24 07:00:00,151.85,151.85,151.85,151.85,0.942341
2019-11-24 06:59:00,151.93,151.93,151.86,151.86,68.823372
2019-11-24 06:58:00,152.1,152.1,151.93,151.93,39.710231
2019-11-24 06:57:00,152.15,152.15,152.08,152.1,38.493586
2019-11-24 06:56:00,152.28,152.28,152.12,152.12,28.340754
2019-11-24 06:55:00,152.28,152.28,152.24,152.26,24.689778
2019-11-24 06:54:00,152.27,152.28,152.26,152.28,5.890479
2019-11-24 06:53:00,152.2,152.26,152.2,152.26,20.561561
2019-11-24 06:52:00,152.27,152.27,152.16,152.18,6.818255
2019-11-24 06:51:00,152.22,152.38,152.22,152.32,117.780549
2019-11-24 06:50:00,152.72,152.72,152.16,152.22,455.970605
2019-11-24 06:49:00,152.91,152.92,152.71,152.74,59.785537
2019-11-24 06:48:00,152.8,152.91,152.8,152.91,42.521964
2019-11-24 06:47:00,152.77,152.81,152.77,152.81,1.038688
2019-11-24 06:46:00,152.65,152.74,152.63,152.74,51.581381
2019-11-24 06:45:00,152.53,152.63,152.53,152.63,23.048467
2019-11-24 06:44:00,152.51,152.57,152.51,152.51,27.164656
2019-11-24 06:43:00,152.3,152.47,152.3,152.47,19.704566
2019-11-24 06:42:00,152.17,152.26,152.17,152.26,42.749104
2019-11-24 06:41:00,152.18,152.19,152.17,152.17,1.152509
2019-11-24 06:40:00,152.27,152.27,152.18,152.19,2.575223
2019-11-24 06:39:00,152.49,152.49,152.27,152.27,101.745064
2019-11-24 06:38:00,152.55,152.55,152.49,152.49,10.795898
2019-11-24 06:37:00,152.55,152.59,152.55,152.56,78.615024
2019-11-24 06:36:00,152.39,152.56,152.39,152.56,55.622512
2019-11-24 06:35:00,152.04,152.39,152.04,152.39,173.063945
2019-11-24 06:34:00,152.04,152.04,152.04,152.04,0
2019-11-24 06:33:00,152.03,152.04,152.03,152.04,18.587937
2019-11-24 06:32:00,152.03,152.03,152.03,152.03,25.789411
2019-11-24 06:31:00,152.03,152.03,152.03,152.03,6.080941
2019-11-24 06:30:00,152.06,152.06,152.02,152.02,107.616401
2019-11-24 06:29:00,152.05,152.11,151.98,152.08,150.733385
2019-11-24 06:28:00,152.04,152.09,152.03,152.09,63.715217
2019-11-24 06:27:00,151.85,152.04,151.85,152.04,55.430162
2019-11-24 06:26:00,151.85,151.85,151.85,151.85,1.769844
2019-11-24 06:25:00,151.84,151.84,151.83,151.84,7.913308
2019-11-24 06:24:00,151.82,151.84,151.82,151.84,1.846054
2019-11-24 06:23:00,151.85,151.85,151.81,151.81,11.301363
2019-11-24 06:22:00,151.78,151.84,151.78,151.84,4.987122
2019-11-24 06:21:00,151.81,151.81,151.79,151.79,25.125786
2019-11-24 06:20:00,151.7,151.81,151.7,151.81,47.475396
2019-11-24 06:19:00,151.69,151.69,151.69,151.69,1.035245
2019-11-24 06:18:00,151.52,151.71,151.52,151.69,23.547273
2019-11-24 06:17:00,151.52,151.53,151.52,151.53,2.2289
2019-11-24 06:16:00,151.53,151.53,151.53,151.53,26.945678
2019-11-24 06:15:00,151.52,151.53,151.49,151.5,16.809815
2019-11-24 06:14:00,151.48,151.49,151.48,151.49,0.726146
2019-11-24 06:13:00,151.46,151.48,151.43,151.48,25.454932
2019-11-24 06:12:00,151.25,151.46,151.25,151.46,16.475335
2019-11-24 06:11:00,151.22,151.25,151.22,151.25,6.353567
2019-11-24 06:10:00,151.15,151.22,151.15,151.21,8.508312
2019-11-24 06:09:00,151.17,151.17,151.17,151.17,6.449691
2019-11-24 06:08:00,151.06,151.2,151.06,151.17,21.201629
2019-11-24 06:07:00,151.06,151.06,151.06,151.06,17.294112
2019-11-24 06:06:00,151.08,151.08,151.02,151.02,2.198592
2019-11-24 06:05:00,151.1,151.11,151.06,151.06,68.685273
2019-11-24 06:04:00,151.04,151.11,151.04,151.11,49.365188
2019-11-24 06:03:00,150.92,151.03,150.92,151.03,6.671435
2019-11-24 06:02:00,150.97,151,150.93,150.93,71.07345
2019-11-24 06:01:00,150.97,150.97,150.96,150.96,3.702578
2019-11-24 06:00:00,151,151,150.96,150.96,49.491741
2019-11-24 05:59:00,151.03,151.04,151.01,151.01,6.30381
2019-11-24 05:58:00,150.91,151.02,150.91,151.02,9.142915
2019-11-24 05:57:00,150.82,150.91,150.82,150.91,13.335257
2019-11-24 05:56:00,150.79,150.83,150.79,150.81,18.653737
2019-11-24 05:55:00,150.71,150.71,150.71,150.71,0.437006
2019-11-24 05:54:00,150.7,150.73,150.65,150.72,47.365047
2019-11-24 05:53:00,150.77,150.83,150.76,150.76,72.183754
2019-11-24 05:52:00,150.7,150.76,150.64,150.76,72.465194
2019-11-24 05:51:00,150.84,150.92,150.68,150.71,479.36944
2019-11-24 05:50:00,150.74,151.01,150.71,150.8,498.746975
2019-11-24 05:49:00,150.5,150.75,150.5,150.75,113.232428
2019-11-24 05:48:00,150.33,150.49,150.33,150.49,50.143001
2019-11-24 05:47:00,150.33,150.33,150.33,150.33,0
2019-11-24 05:46:00,150.33,150.33,150.33,150.33,0.486916
2019-11-24 05:45:00,150.34,150.34,150.34,150.34,6.647919
2019-11-24 05:44:00,150.26,150.31,150.26,150.31,20.556772
2019-11-24 05:43:00,150.32,150.32,150.26,150.26,17.707211
2019-11-24 05:42:00,150.33,150.33,150.33,150.33,0.373848
2019-11-24 05:41:00,150.38,150.38,150.33,150.33,1.875429
2019-11-24 05:40:00,150.33,150.38,150.33,150.38,5.214877
2019-11-24 05:39:00,150.3,150.3,150.3,150.3,0.06652
2019-11-24 05:38:00,150.34,150.34,150.28,150.29,8.716412
2019-11-24 05:37:00,150.39,150.39,150.35,150.35,0.263519
2019-11-24 05:36:00,150.4,150.4,150.39,150.39,0.60033
2019-11-24 05:35:00,150.36,150.43,150.35,150.4,21.643684
2019-11-24 05:34:00,150.32,150.39,150.31,150.36,31.282713
2019-11-24 05:33:00,150.25,150.35,150.25,150.32,163.641199
2019-11-24 05:32:00,150.24,150.27,150.22,150.27,33.887425
2019-11-24 05:31:00,150.15,150.24,150.15,150.24,55.553092
2019-11-24 05:30:00,150.11,150.15,150.1,150.15,93.66544
2019-11-24 05:29:00,150.25,150.25,150.1,150.11,112.051741
2019-11-24 05:28:00,150.25,150.29,150.22,150.28,51.031788
2019-11-24 05:27:00,150.33,150.33,150.29,150.29,2.021564
2019-11-24 05:26:00,150.42,150.43,150.32,150.32,137.237529
2019-11-24 05:25:00,150.4,150.43,150.4,150.42,419.581619
2019-11-24 05:24:00,150.45,150.45,150.44,150.44,22.64866
2019-11-24 05:23:00,150.52,150.52,150.45,150.49,115.120189
2019-11-24 05:22:00,150.47,150.48,150.41,150.48,25.0162
2019-11-24 05:21:00,150.52,150.59,150.46,150.47,142.529742
2019-11-24 05:20:00,150.35,150.52,150.35,150.52,23.076799
2019-11-24 05:19:00,150.39,150.39,150.28,150.32,77.753557
2019-11-24 05:18:00,150.35,150.37,150.27,150.37,232.292123
2019-11-24 05:17:00,150.37,150.44,150.35,150.36,101.662072
2019-11-24 05:16:00,150.45,150.45,150.38,150.38,46.962219
2019-11-24 05:15:00,150.59,150.59,150.47,150.47,89.76379
2019-11-24 05:14:00,150.62,150.64,150.59,150.59,32.716769
2019-11-24 05:13:00,150.7,150.74,150.62,150.62,135.308493
2019-11-24 05:12:00,150.61,150.7,150.61,150.7,23.106732
2019-11-24 05:11:00,150.56,150.56,150.49,150.55,17.477673
2019-11-24 05:10:00,150.53,150.6,150.49,150.57,95.609277
2019-11-24 05:09:00,150.45,150.51,150.44,150.51,54.238251
2019-11-24 05:08:00,150.54,150.57,150.53,150.53,1.119545
2019-11-24 05:07:00,150.59,150.59,150.5,150.54,52.428525
2019-11-24 05:06:00,150.66,150.66,150.47,150.58,202.487818
2019-11-24 05:05:00,150.72,150.72,150.7,150.7,0.239864
2019-11-24 05:04:00,150.8,150.81,150.72,150.73,43.320624
2019-11-24 05:03:00,150.76,150.8,150.75,150.8,11.938173
2019-11-24 05:02:00,150.82,150.84,150.72,150.82,153.78104
2019-11-24 05:01:00,150.91,150.91,150.78,150.79,88.604588
2019-11-24 05:00:00,150.94,150.94,150.88,150.91,136.821185
2019-11-24 04:59:00,150.95,150.95,150.89,150.95,21.604771
2019-11-24 04:58:00,151.01,151.05,151.01,151.01,10.523914
2019-11-24 04:57:00,150.88,151.08,150.88,151.01,121.1038
2019-11-24 04:56:00,150.9,150.9,150.83,150.87,82.344522
2019-11-24 04:55:00,150.88,150.9,150.88,150.9,67.950302
2019-11-24 04:54:00,150.93,151.05,150.88,150.88,171.978487
2019-11-24 04:53:00,151.08,151.09,150.93,150.93,122.636106
2019-11-24 04:52:00,151.26,151.26,151.07,151.07,22.591501
2019-11-24 04:51:00,151.35,151.43,151.26,151.26,536.967113
2019-11-24 04:50:00,151.27,151.34,151.27,151.34,1.68459
2019-11-24 04:49:00,151.28,151.34,151.28,151.28,203.668347
2019-11-24 04:48:00,151.19,151.3,151.15,151.26,139.961299
2019-11-24 04:47:00,151.15,151.21,151.13,151.2,53.87649
2019-11-24 04:46:00,151.12,151.16,151.12,151.15,12.427707
2019-11-24 04:45:00,151.21,151.21,151.08,151.09,8.078851
2019-11-24 04:44:00,151.08,151.23,151.08,151.23,27.266638
2019-11-24 04:43:00,150.94,151.17,150.94,151.08,127.064745
2019-11-24 04:42:00,150.95,150.95,150.9,150.94,5.210852
2019-11-24 04:41:00,150.98,151.01,150.95,150.95,76.213324
2019-11-24 04:40:00,150.97,151.04,150.94,150.98,71.285251
2019-11-24 04:39:00,151.02,151.14,150.93,150.97,200.489864
2019-11-24 04:38:00,150.85,151.1,150.74,151.02,223.328073
2019-11-24 04:37:00,150.92,150.96,150.81,150.81,154.236305
2019-11-24 04:36:00,150.98,151.12,150.95,150.95,197.242573
2019-11-24 04:35:00,151.07,151.07,150.97,150.97,87.192473
2019-11-24 04:34:00,151.04,151.15,151.04,151.08,32.556821
2019-11-24 04:33:00,150.99,151.01,150.92,151.01,26.514854
2019-11-24 04:32:00,151.04,151.04,150.97,151,57.167427
2019-11-24 04:31:00,151.16,151.16,151.04,151.04,26.132798
2019-11-24 04:30:00,151.21,151.21,151.07,151.12,103.078451
2019-11-24 04:29:00,151.23,151.24,151.16,151.23,202.215739
2019-11-24 04:28:00,151.06,151.3,151.06,151.18,335.669099
2019-11-24 04:27:00,151.1,151.24,151.04,151.06,301.519158
2019-11-24 04:26:00,151.32,151.32,151.14,151.14,246.013401
2019-11-24 04:25:00,151.29,151.45,151.29,151.33,71.042552
2019-11-24 04:24:00,151.14,151.29,151.14,151.29,8.198887
2019-11-24 04:23:00,151.19,151.26,151.14,151.14,12.74931
2019-11-24 04:22:00,151.19,151.28,151.18,151.25,5.498
2019-11-24 04:21:00,151.43,151.43,151.17,151.26,256.250613
2019-11-24 04:20:00,151.24,151.43,151.19,151.43,176.537938
2019-11-24 04:19:00,151.03,151.24,151.03,151.2,199.696674
2019-11-24 04:18:00,151.05,151.05,150.93,151.01,151.567228
2019-11-24 04:17:00,150.89,151.06,150.85,151.06,58.823573
2019-11-24 04:16:00,150.9,150.96,150.77,150.9,82.596091
2019-11-24 04:15:00,150.98,150.98,150.72,150.86,366.321492
2019-11-24 04:14:00,151.01,151.05,150.89,150.99,310.780086
2019-11-24 04:13:00,151.09,151.15,151.03,151.04,186.762751
2019-11-24 04:12:00,151.24,151.24,151.01,151.07,318.073346
2019-11-24 04:11:00,151.38,151.44,151.27,151.27,381.672921
2019-11-24 04:10:00,151.72,151.76,151.37,151.38,131.571621
2019-11-24 04:09:00,151.44,151.7,151.44,151.7,33.419535
2019-11-24 04:08:00,151.53,151.53,151.41,151.41,11.221988
2019-11-24 04:07:00,151.17,151.54,151.17,151.54,238.992707
2019-11-24 04:06:00,151.41,151.41,151.21,151.21,164.864864
2019-11-24 04:05:00,151.24,151.43,151.18,151.41,240.857185
2019-11-24 04:04:00,151.17,151.26,150.96,151.24,260.990448
2019-11-24 04:03:00,151.37,151.39,151.11,151.18,534.298369
2019-11-24 04:02:00,151.65,151.65,151.39,151.39,62.900015
2019-11-24 04:01:00,151.7,151.76,151.57,151.57,163.653786
2019-11-24 04:00:00,151.61,151.71,151.61,151.68,68.522895
2019-11-24 03:59:00,151.54,151.64,151.5,151.61,30.096977
2019-11-24 03:58:00,151.44,151.56,151.39,151.54,62.22715
2019-11-24 03:57:00,151.58,151.64,151.33,151.45,298.146334
2019-11-24 03:56:00,151.48,151.77,151.48,151.55,317.745871
2019-11-24 03:55:00,151.57,151.69,151.5,151.52,91.132975
2019-11-24 03:54:00,151.75,151.75,151.49,151.51,269.019255
2019-11-24 03:53:00,151.82,151.82,151.61,151.75,531.621384
2019-11-24 03:52:00,152.06,152.06,151.58,151.81,2316.205775
2019-11-24 03:51:00,152.16,152.16,151.92,152.03,128.19134
2019-11-24 03:50:00,152.25,152.34,152.17,152.17,19.323847
2019-11-24 03:49:00,152.28,152.29,152.24,152.25,44.813246
2019-11-24 03:48:00,152.3,152.33,152.3,152.33,3.249228
2019-11-24 03:47:00,152.34,152.38,152.28,152.28,23.917907
2019-11-24 03:46:00,152.3,152.33,152.3,152.3,12.071209
2019-11-24 03:45:00,152.35,152.39,152.29,152.3,69.686317
2019-11-24 03:44:00,152.29,152.38,152.29,152.35,9.306348
2019-11-24 03:43:00,152.33,152.34,152.29,152.32,2.828129
2019-11-24 03:42:00,152.3,152.35,152.27,152.32,90.268988
2019-11-24 03:41:00,152.3,152.36,152.3,152.33,108.745795
2019-11-24 03:40:00,152.39,152.4,152.35,152.35,7.940468
2019-11-24 03:39:00,152.4,152.4,152.27,152.34,117.283312
2019-11-24 03:38:00,152.39,152.39,152.24,152.37,161.11935
2019-11-24 03:37:00,152.27,152.43,152.27,152.38,181.165397
2019-11-24 03:36:00,152.25,152.37,152.25,152.28,211.089088
2019-11-24 03:35:00,152.21,152.33,152.21,152.24,112.192093
2019-11-24 03:34:00,152.33,152.33,152.2,152.21,14.626184
2019-11-24 03:33:00,152.33,152.34,152.3,152.34,13.740961
2019-11-24 03:32:00,152.27,152.3,152.27,152.3,5.216833
2019-11-24 03:31:00,152.32,152.32,152.26,152.27,12.084131
2019-11-24 03:30:00,152.29,152.34,152.26,152.29,31.729922
2019-11-24 03:29:00,152.32,152.35,152.29,152.29,36.315628
2019-11-24 03:28:00,152.45,152.45,152.28,152.34,200.411086
2019-11-24 03:27:00,152.41,152.44,152.37,152.4,95.336851
2019-11-24 03:26:00,152.57,152.59,152.41,152.41,118.861907
2019-11-24 03:25:00,152.46,152.52,152.43,152.52,2.740797
2019-11-24 03:24:00,152.59,152.63,152.45,152.46,41.568674
2019-11-24 03:23:00,152.73,152.73,152.54,152.56,107.497544
2019-11-24 03:22:00,152.78,152.79,152.73,152.73,37.150682
2019-11-24 03:21:00,152.71,152.81,152.62,152.76,191.770851
2019-11-24 03:20:00,152.66,152.77,152.58,152.66,183.610576
2019-11-24 03:19:00,152.55,152.65,152.41,152.65,591.901212
2019-11-24 03:18:00,152.7,152.7,152.41,152.53,193.665195
2019-11-24 03:17:00,152.71,152.71,152.71,152.71,2.820208
2019-11-24 03:16:00,152.8,152.8,152.69,152.69,70.72626
2019-11-24 03:15:00,152.71,152.79,152.71,152.78,29.281707
2019-11-24 03:14:00,152.69,152.71,152.6,152.68,181.805997
2019-11-24 03:13:00,152.73,152.76,152.64,152.69,202.502331
2019-11-24 03:12:00,152.75,152.75,152.73,152.73,7.150366
2019-11-24 03:11:00,152.87,152.93,152.74,152.75,126.095708
2019-11-24 03:10:00,152.87,152.9,152.82,152.88,74.530119
2019-11-24 03:09:00,152.86,152.92,152.71,152.86,584.395849
2019-11-24 03:08:00,152.77,152.93,152.73,152.87,105.393175
2019-11-24 03:07:00,152.88,152.88,152.77,152.77,51.220216
2019-11-24 03:06:00,152.71,152.88,152.71,152.88,5.904556
2019-11-24 03:05:00,152.86,152.9,152.64,152.7,388.582105
2019-11-24 03:04:00,152.89,152.89,152.76,152.81,61.066649
2019-11-24 03:03:00,152.73,152.86,152.72,152.86,173.92439
2019-11-24 03:02:00,152.72,152.87,152.68,152.74,218.416328
2019-11-24 03:01:00,152.6,152.82,152.58,152.72,536.808787
2019-11-24 03:00:00,152.4,152.66,152.4,152.64,245.731482
2019-11-24 02:59:00,152.31,152.4,152.22,152.39,124.491323
2019-11-24 02:58:00,152.41,152.41,152.3,152.3,51.284016
2019-11-24 02:57:00,152.53,152.57,152.42,152.42,91.924051
2019-11-24 02:56:00,152.47,152.58,152.42,152.55,61.519232
2019-11-24 02:55:00,152.47,152.61,152.47,152.5,121.100405
2019-11-24 02:54:00,152.53,152.71,152.44,152.47,187.941257
2019-11-24 02:53:00,152.78,152.82,152.52,152.53,218.297097
2019-11-24 02:52:00,152.88,152.9,152.7,152.78,210.619461
2019-11-24 02:51:00,152.61,152.87,152.6,152.87,52.303195
2019-11-24 02:50:00,152.51,152.61,152.42,152.56,164.891149
2019-11-24 02:49:00,152.34,152.56,152.34,152.5,272.87902
2019-11-24 02:48:00,152.39,152.39,152.24,152.37,42.390763
2019-11-24 02:47:00,152.39,152.45,152.24,152.39,186.738044
2019-11-24 02:46:00,152.35,152.38,152.28,152.37,52.145876
2019-11-24 02:45:00,152.21,152.34,152.21,152.33,14.634391
2019-11-24 02:44:00,152.24,152.27,152.2,152.2,57.754484
2019-11-24 02:43:00,152.24,152.24,152.18,152.18,19.826056
2019-11-24 02:42:00,152.17,152.36,152.17,152.24,210.685726
2019-11-24 02:41:00,152.28,152.42,152.17,152.17,114.075827
2019-11-24 02:40:00,152.46,152.46,152.33,152.33,5.532181
2019-11-24 02:39:00,152.54,152.62,152.49,152.49,65.5432
2019-11-24 02:38:00,152.59,152.59,152.5,152.52,17.050943
2019-11-24 02:37:00,152.57,152.57,152.46,152.55,141.170399
2019-11-24 02:36:00,152.56,152.65,152.55,152.55,141.870005
2019-11-24 02:35:00,152.4,152.56,152.39,152.56,102.016397
2019-11-24 02:34:00,152.4,152.44,152.4,152.41,3.237559
2019-11-24 02:33:00,152.34,152.4,152.34,152.4,90.77283
2019-11-24 02:32:00,152.34,152.34,152.2,152.34,253.461336
2019-11-24 02:31:00,152.21,152.34,152.21,152.34,110.359282
2019-11-24 02:30:00,152.1,152.21,152.06,152.17,172.510145
2019-11-24 02:29:00,152.31,152.31,152.11,152.11,61.959691
2019-11-24 02:28:00,152.16,152.31,152.09,152.31,224.305813
2019-11-24 02:27:00,152.17,152.29,152.13,152.2,192.543548
2019-11-24 02:26:00,152.16,152.19,152.03,152.12,135.995867
2019-11-24 02:25:00,152.01,152.1,152,152.1,45.230014
2019-11-24 02:24:00,151.97,152.03,151.96,152.02,92.045508
2019-11-24 02:23:00,151.88,152.04,151.88,151.96,173.579233
2019-11-24 02:22:00,152.04,152.09,151.87,151.88,124.358316
2019-11-24 02:21:00,152.04,152.09,152,152.04,70.335089
2019-11-24 02:20:00,152,152.05,151.98,152.05,37.11888
2019-11-24 02:19:00,151.87,152.12,151.87,152.01,345.098059
2019-11-24 02:18:00,151.67,151.85,151.67,151.84,30.98709
2019-11-24 02:17:00,151.64,151.69,151.62,151.67,138.371591
2019-11-24 02:16:00,151.49,151.64,151.49,151.64,63.868485
2019-11-24 02:15:00,151.47,151.49,151.42,151.47,6.502827
2019-11-24 02:14:00,151.61,151.61,151.4,151.48,214.182386
2019-11-24 02:13:00,151.84,151.84,151.64,151.64,6.748001
2019-11-24 02:12:00,151.75,151.85,151.75,151.84,41.671686
2019-11-24 02:11:00,151.73,151.73,151.63,151.71,32.083211
2019-11-24 02:10:00,151.57,151.78,151.57,151.73,74.688956
2019-11-24 02:09:00,151.5,151.57,151.45,151.56,85.101537
2019-11-24 02:08:00,151.6,151.6,151.5,151.5,72.627922
2019-11-24 02:07:00,151.78,151.83,151.42,151.57,644.323859
2019-11-24 02:06:00,151.65,151.93,151.65,151.81,692.411804
2019-11-24 02:05:00,151.82,151.82,151.64,151.64,62.536943
2019-11-24 02:04:00,151.78,151.9,151.78,151.82,110.368827
2019-11-24 02:03:00,151.63,151.82,151.63,151.72,214.569564
2019-11-24 02:02:00,151.72,151.76,151.61,151.68,127.16541
2019-11-24 02:01:00,151.84,151.99,151.61,151.77,454.814022
2019-11-24 02:00:00,152.03,152.16,151.56,151.84,1324.055576
2019-11-24 01:59:00,152.31,152.37,152.06,152.06,280.286126
2019-11-24 01:58:00,152.26,152.48,152.21,152.34,658.287309
2019-11-24 01:57:00,152.19,152.32,152.12,152.3,111.790748
2019-11-24 01:56:00,152.11,152.16,152,152.16,49.555999
2019-11-24 01:55:00,151.96,152.16,151.88,152.11,867.009869
2019-11-24 01:54:00,152.13,152.25,151.95,151.96,231.119387
2019-11-24 01:53:00,152.28,152.38,151.98,152.13,901.352768
2019-11-24 01:52:00,152.5,152.51,152.27,152.28,149.36309
2019-11-24 01:51:00,152.5,152.53,152.4,152.5,152.280693
2019-11-24 01:50:00,152.61,152.67,152.47,152.49,266.813621
2019-11-24 01:49:00,152.64,152.78,152.58,152.64,266.835526
2019-11-24 01:48:00,152.56,152.6,152.47,152.6,21.241653
2019-11-24 01:47:00,152.54,152.65,152.53,152.57,102.505659
2019-11-24 01:46:00,152.81,152.82,152.55,152.55,71.453612
2019-11-24 01:45:00,153.04,153.04,152.65,152.75,2401.257099
2019-11-24 01:44:00,152.5,153.05,152.5,153.04,821.438655
2019-11-24 01:43:00,153.14,153.14,152.23,152.5,3135.706837
2019-11-24 01:42:00,153.05,153.14,153.05,153.14,11.853771
2019-11-24 01:41:00,153,153.13,152.91,153.07,144.223597
2019-11-24 01:40:00,153.12,153.14,153,153.01,106.876807
2019-11-24 01:39:00,153.34,153.34,153.13,153.13,18.889389
2019-11-24 01:38:00,153.29,153.37,153.29,153.34,25.40838
2019-11-24 01:37:00,153.24,153.3,153.18,153.28,260.989334
2019-11-24 01:36:00,153.18,153.31,153.18,153.25,89.336557
2019-11-24 01:35:00,153.42,153.42,153.19,153.2,344.499466
2019-11-24 01:34:00,153.59,153.59,153.43,153.43,315.226934
2019-11-24 01:33:00,153.47,153.69,153.33,153.54,977.853649
2019-11-24 01:32:00,153.14,153.94,153.14,153.44,967.770398
2019-11-24 01:31:00,152.99,153.74,152.97,153.13,1533.87176
2019-11-24 01:30:00,152.68,153.34,152.68,153,3403.061043
2019-11-24 01:29:00,152.28,152.8,152.28,152.8,5303.36116
2019-11-24 01:28:00,152.11,152.27,152.11,152.27,10.88195
2019-11-24 01:27:00,152.25,152.25,152.1,152.1,5.461735
2019-11-24 01:26:00,152.4,152.4,152.24,152.26,23.311834
2019-11-24 01:25:00,152.2,152.43,152.2,152.4,164.724908
2019-11-24 01:24:00,152.39,152.47,152.19,152.19,117.766888
2019-11-24 01:23:00,152.16,152.32,152.14,152.32,40.484424
2019-11-24 01:22:00,152.28,152.39,152.16,152.16,165.341272
2019-11-24 01:21:00,151.83,152.25,151.83,152.25,70.20249
2019-11-24 01:20:00,151.91,151.91,151.82,151.83,52.272744
2019-11-24 01:19:00,151.57,151.99,151.57,151.94,132.026832
2019-11-24 01:18:00,151.58,151.58,151.5,151.54,122.900923
2019-11-24 01:17:00,151.74,151.74,151.37,151.57,865.457585
2019-11-24 01:16:00,151.88,151.94,151.65,151.79,461.21178
2019-11-24 01:15:00,152.31,152.32,151.87,151.88,541.407128
2019-11-24 01:14:00,152.14,152.32,152,152.31,260.968845
2019-11-24 01:13:00,152.26,152.27,152.09,152.14,524.586854
2019-11-24 01:12:00,152.31,152.56,152.29,152.29,197.550526
2019-11-24 01:11:00,152.7,152.7,152.22,152.31,702.198824
2019-11-24 01:10:00,152.96,152.96,152.75,152.75,243.291051
2019-11-24 01:09:00,152.77,152.9,152.77,152.9,31.361472
2019-11-24 01:08:00,152.87,152.87,152.62,152.75,163.911898
2019-11-24 01:07:00,152.63,153,152.63,152.87,191.490921
2019-11-24 01:06:00,152.73,152.99,152.67,152.67,318.824651
2019-11-24 01:05:00,152.97,152.98,152.63,152.74,195.45258
2019-11-24 01:04:00,153.01,153.1,152.97,152.97,87.731637
2019-11-24 01:03:00,152.99,153,152.77,153,356.428419
2019-11-24 01:02:00,153.47,153.47,153,153,209.667154
2019-11-24 01:01:00,153.53,153.54,153.47,153.47,89.487527
2019-11-24 01:00:00,153.35,153.51,153.35,153.51,260.101674
2019-11-24 00:59:00,153.45,153.46,153.29,153.33,75.822822
2019-11-24 00:58:00,153.2,153.46,153.2,153.45,652.767894
2019-11-24 00:57:00,153.09,153.15,153.07,153.15,91.893328
2019-11-24 00:56:00,153.14,153.14,153.05,153.08,161.666465
2019-11-24 00:55:00,152.98,153.15,152.97,153.14,206.533988
2019-11-24 00:54:00,153.17,153.17,152.9,152.96,263.736539
2019-11-24 00:53:00,153.08,153.22,153.07,153.18,135.664734
2019-11-24 00:52:00,153.25,153.25,153.1,153.1,242.727823
2019-11-24 00:51:00,153.46,153.46,153.25,153.26,42.864101
2019-11-24 00:50:00,153.78,153.8,153.42,153.46,169.060568
2019-11-24 00:49:00,153.53,153.78,153.53,153.77,213.399863
2019-11-24 00:48:00,153.75,153.75,153.42,153.5,739.443005
2019-11-24 00:47:00,153.77,154.13,153.76,153.78,815.843341
2019-11-24 00:46:00,153.68,153.77,153.68,153.77,53.900072
2019-11-24 00:45:00,153.34,153.72,153.34,153.69,185.556631
2019-11-24 00:44:00,153.53,153.53,153.26,153.34,179.052269
2019-11-24 00:43:00,153.67,153.72,153.55,153.55,270.590593
2019-11-24 00:42:00,153.84,153.87,153.66,153.66,368.548919
2019-11-24 00:41:00,154.13,154.26,153.89,153.89,858.152623
2019-11-24 00:40:00,153.68,154.12,153.67,154.12,549.338229
2019-11-24 00:39:00,153.78,153.78,153.39,153.64,370.046922
2019-11-24 00:38:00,153.49,154.04,153.49,153.78,986.792174
2019-11-24 00:37:00,153.31,153.5,153.31,153.5,265.275863
2019-11-24 00:36:00,153.22,153.32,153.22,153.31,198.471826
2019-11-24 00:35:00,153.2,153.3,153.15,153.21,727.210824
2019-11-24 00:34:00,153.01,153.24,153,153.2,196.52316
2019-11-24 00:33:00,153.06,153.06,152.99,153.05,44.690713
2019-11-24 00:32:00,152.8,153.07,152.8,153.07,61.356954
2019-11-24 00:31:00,152.98,152.99,152.79,152.8,124.535785
2019-11-24 00:30:00,152.83,153.05,152.82,152.98,228.053808
2019-11-24 00:29:00,152.88,152.92,152.69,152.79,298.491572
2019-11-24 00:28:00,152.97,153.08,152.82,152.89,720.982974
2019-11-24 00:27:00,153.08,153.19,152.73,152.99,594.027993
2019-11-24 00:26:00,152.98,153.44,152.98,153.1,1249.925074
2019-11-24 00:25:00,152.87,153.04,152.83,152.98,233.263485
2019-11-24 00:24:00,152.89,152.89,152.77,152.87,211.466483
2019-11-24 00:23:00,152.76,152.93,152.76,152.92,110.306942
2019-11-24 00:22:00,152.68,152.76,152.51,152.76,383.317314
2019-11-24 00:21:00,152.84,152.84,152.6,152.68,344.854178
2019-11-24 00:20:00,152.89,152.93,152.81,152.84,123.977996
2019-11-24 00:19:00,152.83,153.09,152.83,152.91,928.763317
2019-11-24 00:18:00,152.82,152.84,152.74,152.83,123.01888
2019-11-24 00:17:00,152.74,152.92,152.62,152.81,285.819995
2019-11-24 00:16:00,153,153.01,152.61,152.72,773.934055
2019-11-24 00:15:00,152.77,153.19,152.77,153.01,407.445237
2019-11-24 00:14:00,152.84,152.84,152.51,152.76,662.162876
2019-11-24 00:13:00,153.1,153.13,152.76,152.83,356.718109
2019-11-24 00:12:00,153.23,153.3,152.87,153.09,763.845008
2019-11-24 00:11:00,153.46,153.5,153.18,153.24,962.453135
2019-11-24 00:10:00,152.81,153.54,152.81,153.44,2389.750158
2019-11-24 00:09:00,153.15,153.21,152.66,152.81,1228.192734
2019-11-24 00:08:00,152.6,153.16,152.6,153.16,533.056331
2019-11-24 00:07:00,152.39,152.6,152.32,152.6,1889.991101
2019-11-24 00:06:00,152.14,152.52,152.09,152.39,682.306444
2019-11-24 00:05:00,152.03,152.11,151.96,152.11,124.805439
2019-11-24 00:04:00,151.87,152.08,151.87,152,507.761877
2019-11-24 00:03:00,151.72,152.1,151.68,151.87,932.635671
2019-11-24 00:02:00,151.7,151.8,151.28,151.71,1246.262295
2019-11-24 00:01:00,152.02,152.02,151.69,151.69,633.096048
2019-11-24 00:00:00,152.08,152.21,151.84,151.99,1065.488785
