2019-11-22 23:59:00,148.31,148.44,147.85,147.97,1311.01595
2019-11-22 23:58:00,148.13,148.47,148.12,148.39,753.912575
2019-11-22 23:57:00,147.87,148.13,147.76,148.13,1441.778404
2019-11-22 23:56:00,147.83,147.88,147.47,147.77,456.274778
2019-11-22 23:55:00,147.27,147.83,146.75,147.83,915.984393
2019-11-22 23:54:00,147.13,147.22,146.85,147.18,666.337009
2019-11-22 23:53:00,147.26,147.26,147.26,147.26,0
2019-11-22 23:52:00,147.01,147.26,147.01,147.26,10.103133
2019-11-22 23:51:00,146.68,147.24,146.68,146.99,314.551806
2019-11-22 23:50:00,146.68,147.01,146.59,146.68,178.411174
2019-11-22 23:49:00,146.76,146.82,146.57,146.68,362.640231
2019-11-22 23:48:00,147.21,147.29,146.78,146.78,438.78329
2019-11-22 23:47:00,147.3,147.44,147.21,147.25,267.787279
2019-11-22 23:46:00,147.6,147.6,147.29,147.31,211.536204
2019-11-22 23:45:00,147.43,147.88,147.43,147.74,2274.048402
2019-11-22 23:44:00,147.47,147.5,147.32,147.44,701.756229
2019-11-22 23:43:00,146.99,147.48,146.97,147.48,942.851141
2019-11-22 23:42:00,146.77,147.02,146.67,147.01,2737.623464
2019-11-22 23:41:00,146.76,146.76,146.76,146.76,0
2019-11-22 23:40:00,146.66,146.81,146.66,146.76,42.245695
2019-11-22 23:39:00,147,147.1,146.66,146.86,1445.523855
2019-11-22 23:38:00,147.03,147.17,146.8,147.01,407.959655
2019-11-22 23:37:00,146.75,147.03,146.72,147.03,202.502461
2019-11-22 23:36:00,146.45,146.79,146.45,146.74,288.883266
2019-11-22 23:35:00,146.5,146.63,146.32,146.51,1018.086431
2019-11-22 23:34:00,146.76,146.9,146.49,146.49,977.460961
2019-11-22 23:33:00,146.67,146.83,146.6,146.76,598.266292
2019-11-22 23:32:00,146.62,146.67,146.49,146.61,726.76834
2019-11-22 23:31:00,146.22,146.62,146.18,146.51,2231.423676
2019-11-22 23:30:00,146.02,146.18,145.9,146.11,476.709595
2019-11-22 23:29:00,145.7,146.08,145.69,146.08,532.159145
2019-11-22 23:28:00,145.86,146.11,145.71,145.71,773.191311
2019-11-22 23:27:00,145.84,146.11,145.83,145.86,576.285389
2019-11-22 23:26:00,145.27,146.05,145.26,145.85,2259.179437
2019-11-22 23:25:00,145.16,145.36,145.08,145.26,934.48791
2019-11-22 23:24:00,145.09,145.46,145,145.17,1864.543038
2019-11-22 23:23:00,145.47,145.63,145.11,145.11,572.49321
2019-11-22 23:22:00,145.87,145.87,145.47,145.5,451.012192
2019-11-22 23:21:00,146.24,146.24,145.87,145.88,1627.951309
2019-11-22 23:20:00,146.48,146.58,146.25,146.25,517.51148
2019-11-22 23:19:00,146.5,146.78,146.34,146.5,1830.252377
2019-11-22 23:18:00,147.09,147.18,146.46,146.49,811.408171
2019-11-22 23:17:00,146.77,147.12,146.75,147.11,708.921049
2019-11-22 23:16:00,146.21,146.78,146.18,146.77,571.676079
2019-11-22 23:15:00,146.06,146.33,146.06,146.19,2024.354211
2019-11-22 23:14:00,146.7,146.82,145.96,146.06,885.110866
2019-11-22 23:13:00,147.09,147.09,146.71,146.71,1316.351874
2019-11-22 23:12:00,146.85,147.25,146.66,147.07,3117.589852
2019-11-22 23:11:00,147.18,147.77,146.83,146.85,2950.943611
2019-11-22 23:10:00,146.52,147.17,146.51,147.17,1873.792621
2019-11-22 23:09:00,147.01,147.02,146.52,146.52,2709.505781
2019-11-22 23:08:00,146.15,147.31,146.15,147.01,3242.484657
2019-11-22 23:07:00,145.97,146.49,145.81,146.15,1893.988547
2019-11-22 23:06:00,145.35,146,145.29,145.99,2229.845194
2019-11-22 23:05:00,145.79,145.79,145.18,145.35,2428.865191
2019-11-22 23:04:00,145.43,145.89,145.41,145.79,1882.657376
2019-11-22 23:03:00,145.97,146.05,145.23,145.45,2899.569825
2019-11-22 23:02:00,145.75,146.44,145.74,145.99,3466.977138
2019-11-22 23:01:00,145.43,146.03,145.43,145.75,4298.774934
2019-11-22 23:00:00,144.64,145.45,144.64,145.36,3087.479329
2019-11-22 22:59:00,144.97,145.11,144.64,144.64,2346.995794
2019-11-22 22:58:00,144.55,144.96,144.36,144.95,1692.016345
2019-11-22 22:57:00,144.06,144.78,144.04,144.53,1849.662528
2019-11-22 22:56:00,143.98,144.61,143.88,144.07,1980.866036
2019-11-22 22:55:00,143.4,144.1,143.23,144,1973.210159
2019-11-22 22:54:00,143.84,143.85,143.3,143.34,1933.908941
2019-11-22 22:53:00,144.21,144.36,143.49,143.84,2052.134303
2019-11-22 22:52:00,144.28,144.55,144.2,144.22,1509.370812
2019-11-22 22:51:00,143.75,144.76,143.75,144.31,5068.282092
2019-11-22 22:50:00,143.09,143.82,143.09,143.82,2673.737014
2019-11-22 22:49:00,142.98,143.34,142.97,143.09,1189.241039
2019-11-22 22:48:00,143.08,143.08,142.8,142.98,1147.258518
2019-11-22 22:47:00,142.9,143.09,142.68,143.08,1538.335599
2019-11-22 22:46:00,142.32,142.99,142.28,142.9,3058.938505
2019-11-22 22:45:00,142.18,143,142.16,142.32,4300.734928
2019-11-22 22:44:00,142.01,142.29,141.84,142.22,983.632824
2019-11-22 22:43:00,141.73,142.06,141.69,142.03,380.518062
2019-11-22 22:42:00,142.08,142.14,141.55,141.73,1295.815626
2019-11-22 22:41:00,141.84,142.09,141.64,142.09,681.129864
2019-11-22 22:40:00,141.36,141.92,141.23,141.8,989.625362
2019-11-22 22:39:00,141.43,141.67,141.18,141.35,1231.867267
2019-11-22 22:38:00,141.53,141.79,141.3,141.41,1729.762516
2019-11-22 22:37:00,141.76,141.88,141.33,141.53,1729.400068
2019-11-22 22:36:00,142.52,142.55,141.7,141.73,1572.508705
2019-11-22 22:35:00,143.05,143.13,142.38,142.55,1819.011283
2019-11-22 22:34:00,142.62,143.05,142.54,143.05,770.650143
2019-11-22 22:33:00,142.45,142.67,142.25,142.67,674.929469
2019-11-22 22:32:00,142.21,142.57,142.21,142.47,1536.793491
2019-11-22 22:31:00,142.12,142.48,142.09,142.17,1647.951709
2019-11-22 22:30:00,141.78,142.85,141.78,142.16,2077.391908
2019-11-22 22:29:00,141.77,141.82,141.22,141.78,1877.812512
2019-11-22 22:28:00,141.89,142,140.98,141.77,15166.278465
2019-11-22 22:27:00,142.27,142.46,141.87,141.94,5480.694028
2019-11-22 22:26:00,142.59,142.72,142.17,142.26,1125.772324
2019-11-22 22:25:00,142.69,142.83,142.39,142.58,942.734062
2019-11-22 22:24:00,142.55,142.82,142.36,142.7,951.458571
2019-11-22 22:23:00,142.81,142.91,142.55,142.55,1556.156629
2019-11-22 22:22:00,142.72,143.18,142.53,142.8,1823.728301
2019-11-22 22:21:00,143.25,143.26,142.27,142.64,2519.239892
2019-11-22 22:20:00,143.52,143.56,142.88,143.28,1610.379462
2019-11-22 22:19:00,143.62,143.66,143.16,143.53,2682.076245
2019-11-22 22:18:00,143.06,143.67,142.57,143.6,3694.474295
2019-11-22 22:17:00,141.89,143.49,141.82,143.06,4384.082704
2019-11-22 22:16:00,141.94,142.21,141.69,141.84,2961.980395
2019-11-22 22:15:00,141.52,142,141,141.94,5518.415874
2019-11-22 22:14:00,141.67,142.25,141.47,141.52,4888.152617
2019-11-22 22:13:00,140,141.78,139.9,141.68,5115.619425
2019-11-22 22:12:00,139.74,140,139.38,139.99,6297.165424
2019-11-22 22:11:00,138.32,139.8,138,139.77,11078.737905
2019-11-22 22:10:00,140.43,140.5,138.21,138.32,10236.059005
2019-11-22 22:09:00,141.34,141.34,139.55,140.44,7803.24541
2019-11-22 22:08:00,141.99,141.99,141.13,141.33,5819.46329
2019-11-22 22:07:00,141.61,142.22,141.3,141.95,3449.239989
2019-11-22 22:06:00,141.45,141.7,140.42,141.66,5610.618939
2019-11-22 22:05:00,141.58,141.64,140,141.42,14563.486993
2019-11-22 22:04:00,143.03,143.03,141.49,141.67,6555.171501
2019-11-22 22:03:00,142.86,143.74,142.78,143.04,4438.294017
2019-11-22 22:02:00,144.01,144.08,142.75,142.86,3077.095735
2019-11-22 22:01:00,144.6,144.65,143.96,144.03,2682.111589
2019-11-22 22:00:00,144.71,144.76,144.51,144.61,1336.535952
2019-11-22 21:59:00,144.57,144.88,144.57,144.72,808.161365
2019-11-22 21:58:00,144.3,144.6,144.19,144.57,1237.384819
2019-11-22 21:57:00,144.07,144.41,143.62,144.31,1200.78664
2019-11-22 21:56:00,144.35,144.43,144.01,144.05,1095.815329
2019-11-22 21:55:00,144.34,144.43,143.29,144.32,4806.482444
2019-11-22 21:54:00,144.26,144.75,144.21,144.34,2611.670088
2019-11-22 21:53:00,144.77,144.82,143,144.26,7513.18087
2019-11-22 21:52:00,143.99,145.14,143.99,144.77,4213.286507
2019-11-22 21:51:00,145.36,145.52,143.67,143.99,5654.859255
2019-11-22 21:50:00,145.56,145.56,145.1,145.37,1288.774391
2019-11-22 21:49:00,145.9,145.95,145.44,145.51,1509.73433
2019-11-22 21:48:00,145.65,146.07,145.65,145.9,1187.69521
2019-11-22 21:47:00,145.86,145.86,145.66,145.66,549.420799
2019-11-22 21:46:00,146.04,146.1,145.87,145.87,684.31213
2019-11-22 21:45:00,146.05,146.18,145.9,146.05,572.325027
2019-11-22 21:44:00,145.84,146.06,145.66,146.06,971.02739
2019-11-22 21:43:00,146.05,146.29,145.75,145.8,1411.391813
2019-11-22 21:42:00,145.13,146.06,145.1,146.06,2499.094569
2019-11-22 21:41:00,145.42,145.93,145.06,145.15,4187.283944
2019-11-22 21:40:00,145.26,145.54,144.85,145.41,5410.805872
2019-11-22 21:39:00,145.91,145.98,144.7,145.26,6758.653751
2019-11-22 21:38:00,146.23,146.35,145.87,145.92,2431.343594
2019-11-22 21:37:00,146.07,146.6,146.07,146.23,2413.686148
2019-11-22 21:36:00,146.31,146.31,146.01,146.07,851.348433
2019-11-22 21:35:00,146.6,146.62,145.91,146.3,4832.557003
2019-11-22 21:34:00,146.97,147.01,146.59,146.6,1132.879027
2019-11-22 21:33:00,147.04,147.04,146.71,146.95,945.26945
2019-11-22 21:32:00,146.91,147.18,146.81,147.01,947.576632
2019-11-22 21:31:00,147.1,147.13,146.71,146.91,2333.65249
2019-11-22 21:30:00,147.45,147.52,147.09,147.1,2085.413133
2019-11-22 21:29:00,147.86,147.86,147.44,147.44,1004.925743
2019-11-22 21:28:00,147.77,147.86,147.66,147.85,523.670958
2019-11-22 21:27:00,147.94,147.96,147.59,147.75,410.020545
2019-11-22 21:26:00,147.68,147.95,147.68,147.94,258.628562
2019-11-22 21:25:00,147.57,147.67,147.57,147.67,220.833034
2019-11-22 21:24:00,147.94,147.94,147.56,147.56,115.605023
2019-11-22 21:23:00,147.87,147.96,147.65,147.94,224.715316
2019-11-22 21:22:00,147.86,148,147.82,147.85,249.874972
2019-11-22 21:21:00,147.65,147.88,147.64,147.86,452.518195
2019-11-22 21:20:00,147.43,147.64,147.31,147.64,426.894444
2019-11-22 21:19:00,147.53,147.53,147.12,147.39,1845.190082
2019-11-22 21:18:00,146.79,147.65,146.79,147.53,1223.012922
2019-11-22 21:17:00,147.89,147.9,146.63,146.76,1323.830984
2019-11-22 21:16:00,148.11,148.11,147.75,147.87,493.922633
2019-11-22 21:15:00,148.32,148.35,148.13,148.18,187.73774
2019-11-22 21:14:00,148.27,148.49,148.23,148.28,353.581388
2019-11-22 21:13:00,148.46,148.46,148.18,148.26,290.239166
2019-11-22 21:12:00,148.53,148.54,148.46,148.46,212.512522
2019-11-22 21:11:00,148.63,148.63,148.46,148.54,550.589826
2019-11-22 21:10:00,148.99,148.99,148.63,148.63,390.197022
2019-11-22 21:09:00,148.98,149.01,148.98,149,219.041802
2019-11-22 21:08:00,149,149.05,148.96,148.96,186.134054
2019-11-22 21:07:00,149.03,149.04,148.87,148.98,563.822971
2019-11-22 21:06:00,148.79,149.03,148.79,149.03,306.652819
2019-11-22 21:05:00,148.68,148.79,148.6,148.78,573.979926
2019-11-22 21:04:00,148.85,148.85,148.54,148.67,1072.902339
2019-11-22 21:03:00,149.01,149.1,148.83,148.83,985.174547
2019-11-22 21:02:00,149.01,149.14,148.85,149,977.087252
2019-11-22 21:01:00,149.46,149.48,148.82,149,893.678746
2019-11-22 21:00:00,149.77,149.77,149.45,149.45,347.603519
2019-11-22 20:59:00,149.82,149.85,149.58,149.74,231.646089
2019-11-22 20:58:00,149.8,149.82,149.55,149.82,905.886569
2019-11-22 20:57:00,149.72,149.83,149.66,149.83,1266.519447
2019-11-22 20:56:00,149.68,149.91,149.62,149.73,969.607263
2019-11-22 20:55:00,149.7,149.76,149.55,149.68,889.951965
2019-11-22 20:54:00,149.58,149.73,149.54,149.7,662.620962
2019-11-22 20:53:00,149.38,149.69,149.38,149.58,609.992853
2019-11-22 20:52:00,149.38,149.4,149.26,149.38,480.437398
2019-11-22 20:51:00,149.48,149.49,149.19,149.38,936.225181
2019-11-22 20:50:00,149.17,149.51,149.12,149.48,612.964459
2019-11-22 20:49:00,149.16,149.21,149.02,149.15,1010.429363
2019-11-22 20:48:00,149.19,149.23,149.08,149.15,823.543296
2019-11-22 20:47:00,149.37,149.39,149.22,149.22,552.797749
2019-11-22 20:46:00,149.19,149.34,148.98,149.34,306.453498
2019-11-22 20:45:00,149.31,149.44,149.2,149.2,711.719678
2019-11-22 20:44:00,149.36,149.4,149.11,149.31,562.670808
2019-11-22 20:43:00,149.4,149.4,149.25,149.35,638.940439
2019-11-22 20:42:00,149.54,149.54,149.22,149.41,531.247802
2019-11-22 20:41:00,149.77,149.9,149.44,149.55,2062.627053
2019-11-22 20:40:00,149.72,149.83,149.63,149.76,1415.586838
2019-11-22 20:39:00,149.73,149.83,149.64,149.73,749.611484
2019-11-22 20:38:00,149.82,149.82,149.6,149.74,1427.177169
2019-11-22 20:37:00,149.79,149.86,149.55,149.83,1260.868489
2019-11-22 20:36:00,149.4,149.79,149.4,149.79,981.38927
2019-11-22 20:35:00,149.33,149.58,149.29,149.4,747.48128
2019-11-22 20:34:00,149.59,149.67,149.17,149.32,1179.524689
2019-11-22 20:33:00,149.43,149.63,149.4,149.6,234.387404
2019-11-22 20:32:00,149.18,149.45,149.17,149.44,1089.65377
2019-11-22 20:31:00,149.05,149.24,148.99,149.2,531.111202
2019-11-22 20:30:00,149.03,149.1,148.98,149.08,845.976844
2019-11-22 20:29:00,149.09,149.23,148.95,149.02,1504.122142
2019-11-22 20:28:00,148.83,149.12,148.78,149.08,876.018831
2019-11-22 20:27:00,148.72,149.11,148.67,148.85,767.545572
2019-11-22 20:26:00,148.83,148.84,148.66,148.66,2171.512301
2019-11-22 20:25:00,148.66,148.83,148.44,148.83,1228.974238
2019-11-22 20:24:00,148.67,148.96,148.65,148.66,367.021795
2019-11-22 20:23:00,148.8,149.02,148.71,148.71,257.172326
2019-11-22 20:22:00,148.57,148.83,148.57,148.77,58.843899
2019-11-22 20:21:00,148.77,148.89,148.54,148.61,391.196871
2019-11-22 20:20:00,148.41,148.97,148.41,148.78,345.546078
2019-11-22 20:19:00,148.06,148.39,148.05,148.37,507.985302
2019-11-22 20:18:00,148.38,148.38,148.07,148.08,385.801856
2019-11-22 20:17:00,148.43,148.47,148.3,148.34,256.565207
2019-11-22 20:16:00,148.42,148.63,148.41,148.43,433.613364
2019-11-22 20:15:00,148.52,148.58,148.25,148.43,540.090292
2019-11-22 20:14:00,148.9,148.99,148.46,148.58,866.751132
2019-11-22 20:13:00,148.43,148.95,148.42,148.91,1112.906011
2019-11-22 20:12:00,148.38,148.55,148.29,148.41,537.409907
2019-11-22 20:11:00,148.51,148.59,148.21,148.39,869.377207
2019-11-22 20:10:00,148.67,148.74,148.41,148.51,1538.46481
2019-11-22 20:09:00,148.84,148.99,148.5,148.63,1804.430965
2019-11-22 20:08:00,148.64,149.1,148.63,148.85,1098.52694
2019-11-22 20:07:00,149,149,148.65,148.65,947.827391
2019-11-22 20:06:00,149.15,149.38,148.94,149.01,405.465207
2019-11-22 20:05:00,149.41,149.49,149.18,149.18,541.308586
2019-11-22 20:04:00,149.36,149.43,148.97,149.41,335.507227
2019-11-22 20:03:00,149.61,149.8,149.35,149.36,314.953678
2019-11-22 20:02:00,149.35,149.65,149.34,149.6,459.086793
2019-11-22 20:01:00,149.38,149.4,149.17,149.35,358.611114
2019-11-22 20:00:00,148.87,149.38,148.87,149.37,686.396242
2019-11-22 19:59:00,148.61,148.93,148.61,148.91,279.472237
2019-11-22 19:58:00,148.61,148.62,148.54,148.62,95.654393
2019-11-22 19:57:00,148.66,148.66,148.34,148.6,624.206467
2019-11-22 19:56:00,148.74,148.82,148.55,148.69,99.222553
2019-11-22 19:55:00,148.59,148.74,148.32,148.74,496.785675
2019-11-22 19:54:00,148.94,148.98,148.6,148.6,815.547015
2019-11-22 19:53:00,148.89,149.13,148.89,148.94,479.798677
2019-11-22 19:52:00,148.7,148.89,148.65,148.89,388.790755
2019-11-22 19:51:00,148.42,148.72,148.42,148.7,768.865553
2019-11-22 19:50:00,148.32,148.54,148.17,148.45,1964.17611
2019-11-22 19:49:00,148.14,148.42,148,148.3,1070.960717
2019-11-22 19:48:00,148.43,148.46,148.04,148.2,1227.797062
2019-11-22 19:47:00,148.31,148.64,148.14,148.44,1503.831918
2019-11-22 19:46:00,148.39,148.45,147.92,148.29,1153.365125
2019-11-22 19:45:00,148.92,148.92,148,148.37,1009.21029
2019-11-22 19:44:00,149.13,149.13,148.89,148.94,212.035506
2019-11-22 19:43:00,149.26,149.33,149.14,149.16,319.327286
2019-11-22 19:42:00,149.34,149.53,149.24,149.26,409.948627
2019-11-22 19:41:00,149.29,149.5,149.26,149.35,545.401208
2019-11-22 19:40:00,149.34,149.61,149.29,149.33,575.697851
2019-11-22 19:39:00,149.74,149.75,149.27,149.33,531.791768
2019-11-22 19:38:00,149.79,149.82,149.55,149.75,662.449437
2019-11-22 19:37:00,149.69,149.91,149.69,149.79,196.459044
2019-11-22 19:36:00,149.57,149.7,149.57,149.69,73.915214
2019-11-22 19:35:00,149.63,149.87,149.47,149.56,731.306656
2019-11-22 19:34:00,149.61,149.77,149.15,149.59,804.604555
2019-11-22 19:33:00,149.45,149.9,149.45,149.61,745.314028
2019-11-22 19:32:00,149.64,149.64,149.11,149.45,1173.757145
2019-11-22 19:31:00,149.54,149.76,149.22,149.65,1295.632086
2019-11-22 19:30:00,149.16,149.83,148.94,149.57,1291.186226
2019-11-22 19:29:00,149.82,149.83,149.1,149.17,1281.27693
2019-11-22 19:28:00,149.87,150.08,149.36,149.88,782.717655
2019-11-22 19:27:00,149.82,150.05,149.62,149.89,785.828547
2019-11-22 19:26:00,150.23,150.24,149.5,149.82,1099.2766
2019-11-22 19:25:00,150.16,150.62,150.16,150.23,685.554378
2019-11-22 19:24:00,149.92,150.18,149.92,150.18,407.436264
2019-11-22 19:23:00,149.95,149.95,149.91,149.93,273.690928
2019-11-22 19:22:00,149.86,149.97,149.85,149.95,326.328972
2019-11-22 19:21:00,149.69,149.86,149.69,149.86,1238.437737
2019-11-22 19:20:00,149.51,149.75,149.5,149.69,311.612963
2019-11-22 19:19:00,149.26,149.72,149.22,149.51,595.115941
2019-11-22 19:18:00,149.67,149.67,149.25,149.25,615.698926
2019-11-22 19:17:00,149.58,149.89,149.58,149.66,731.373582
2019-11-22 19:16:00,149.43,149.58,149.41,149.58,214.591731
2019-11-22 19:15:00,149.26,149.6,149.26,149.45,228.958148
2019-11-22 19:14:00,148.85,149.31,148.85,149.25,508.132834
2019-11-22 19:13:00,148.53,148.92,148.53,148.85,451.076272
2019-11-22 19:12:00,148.19,148.52,147.9,148.51,2409.007063
2019-11-22 19:11:00,148.41,148.47,148,148.17,2948.094992
2019-11-22 19:10:00,148.54,148.56,147.99,148.41,1553.62426
2019-11-22 19:09:00,148.94,148.97,148.52,148.54,1057.776769
2019-11-22 19:08:00,149.16,149.17,148.94,148.94,658.047133
2019-11-22 19:07:00,149.51,149.65,149.1,149.14,857.133346
2019-11-22 19:06:00,149.58,149.62,149.26,149.51,1278.49969
2019-11-22 19:05:00,149.34,149.76,149.3,149.57,1259.587627
2019-11-22 19:04:00,149.85,149.85,149.17,149.34,1320.338408
2019-11-22 19:03:00,149.74,149.96,149.66,149.82,1095.182975
2019-11-22 19:02:00,149.24,150,149.22,149.68,3403.74129
2019-11-22 19:01:00,148.28,149.28,148.26,149.22,1274.923074
2019-11-22 19:00:00,147.78,148.26,147.74,148.26,1131.02544
2019-11-22 18:59:00,147.89,148.06,147.75,147.79,1847.245936
2019-11-22 18:58:00,147.53,147.95,147.52,147.89,1049.096661
2019-11-22 18:57:00,147.3,147.57,147.26,147.53,1006.578625
2019-11-22 18:56:00,147.17,147.43,146.89,147.3,3574.642841
2019-11-22 18:55:00,147.27,147.32,146.78,147.16,3038.496864
2019-11-22 18:54:00,147.52,147.57,147.08,147.27,3146.612221
2019-11-22 18:53:00,147.8,147.8,147.29,147.45,3106.46653
2019-11-22 18:52:00,147.79,147.98,147.52,147.8,3700.313068
2019-11-22 18:51:00,147.64,147.97,147.04,147.74,3078.186726
2019-11-22 18:50:00,147.3,147.65,146.67,147.38,3293.726176
2019-11-22 18:49:00,147.75,147.83,146.72,147.32,3792.460989
2019-11-22 18:48:00,147.81,148.15,146.78,147.75,2579.466845
2019-11-22 18:47:00,147.93,148.09,147.47,147.81,1842.052939
2019-11-22 18:46:00,147.15,148,147.03,147.93,1971.942483
2019-11-22 18:45:00,147.24,147.7,146.42,147.15,4861.822126
2019-11-22 18:44:00,147.74,148.23,146.66,147.24,2886.42473
2019-11-22 18:43:00,149.44,149.8,147.07,147.74,8029.795138
2019-11-22 18:42:00,148.19,155.05,148,149.44,20650.828595
2019-11-22 18:41:00,148.23,155.8,148,148,1466.769828
2019-11-22 18:40:00,148.23,148.23,148.23,148.23,0
2019-11-22 18:39:00,148.23,148.23,148.23,148.23,0
2019-11-22 18:38:00,149.12,150.29,148.19,148.23,148.807339
2019-11-22 18:37:00,148.35,148.77,148.22,148.22,128.804135
2019-11-22 18:36:00,149.78,152.2,148.35,149.12,1305.251407
2019-11-22 18:35:00,149.36,151.54,148.21,149.78,1736.392614
2019-11-22 18:34:00,152.66,152.66,148.3,148.57,2329.328411
2019-11-22 18:33:00,151.23,152.66,149.6,152.66,2923.562372
2019-11-22 18:32:00,151.35,151.36,150.45,150.45,454.821789
2019-11-22 18:31:00,151.4,151.49,151.35,151.35,150.057161
2019-11-22 18:30:00,151.35,151.49,151.35,151.4,82.981596
2019-11-22 18:29:00,151.49,151.54,151.42,151.42,29.147196
2019-11-22 18:28:00,151.46,151.49,151.46,151.49,9.910802
2019-11-22 18:27:00,151.35,151.46,151.35,151.46,21.993384
2019-11-22 18:26:00,151.02,151.35,150.96,151.35,136.737955
2019-11-22 18:25:00,151.08,151.16,150.53,150.66,376.582063
2019-11-22 18:24:00,151.13,151.35,150.81,150.96,862.176722
2019-11-22 18:23:00,150.81,151.28,150.48,151.21,768.653269
2019-11-22 18:22:00,150.52,151.28,150.52,150.92,141.947411
2019-11-22 18:21:00,151,151.36,150.44,150.52,2277.745105
2019-11-22 18:20:00,151.01,151.01,151,151,45.916791
2019-11-22 18:19:00,150.6,151.29,150.45,151.01,188.443302
2019-11-22 18:18:00,151.16,151.46,150.02,150.78,431.283889
2019-11-22 18:17:00,150.84,151.13,150.02,151.11,302.871397
2019-11-22 18:16:00,151.16,152.03,150.69,150.84,982.489064
2019-11-22 18:15:00,151.29,151.66,151.16,151.16,127.185707
2019-11-22 18:14:00,151.8,152.13,151.29,151.29,1096.67506
2019-11-22 18:13:00,151.52,152.16,151.29,151.67,287.257683
2019-11-22 18:12:00,152.07,152.3,151.34,151.34,982.38173
2019-11-22 18:11:00,152.53,152.79,151.78,152.13,2276.551078
2019-11-22 18:10:00,152.85,153.43,151.35,152.5,2707.156076
2019-11-22 18:09:00,152.22,152.92,152.09,152.85,1004.934015
2019-11-22 18:08:00,151.3,152.28,151.23,152.2,1807.159266
2019-11-22 18:07:00,149.61,151.54,149.61,151.36,3413.396822
2019-11-22 18:06:00,151.8,151.87,148.9,149.28,4849.962584
2019-11-22 18:05:00,150.95,154.28,150,151.8,4151.260445
2019-11-22 18:04:00,152.14,152.14,150,150.95,6555.698462
2019-11-22 18:03:00,153.43,153.46,152,152.14,2817.789747
2019-11-22 18:02:00,153.35,153.88,153.29,153.46,2458.573297
2019-11-22 18:01:00,154.58,154.62,153.09,153.37,3094.87365
2019-11-22 18:00:00,155.07,155.07,154.47,154.6,1062.928569
2019-11-22 17:59:00,154.78,155.23,154.78,155.08,744.348829
2019-11-22 17:58:00,154.77,154.8,154.58,154.78,474.91653
2019-11-22 17:57:00,154.38,154.81,154.33,154.77,898.723834
2019-11-22 17:56:00,154.03,154.38,153.9,154.38,1256.9017
2019-11-22 17:55:00,154.24,154.29,154,154.02,1632.583664
2019-11-22 17:54:00,154.26,154.39,154.17,154.24,1138.388111
2019-11-22 17:53:00,154.37,154.37,154.11,154.25,1483.099321
2019-11-22 17:52:00,154.23,154.41,154.11,154.39,1680.275381
2019-11-22 17:51:00,154.42,154.58,154.15,154.23,939.230447
2019-11-22 17:50:00,154.06,154.48,154.03,154.42,765.405253
2019-11-22 17:49:00,153.91,154.45,153.87,154.06,2578.460331
2019-11-22 17:48:00,153.85,154.23,153.8,153.87,1538.94034
2019-11-22 17:47:00,154.22,154.62,153.23,153.85,3018.277252
2019-11-22 17:46:00,154.41,154.97,154.19,154.2,2780.481617
2019-11-22 17:45:00,155.2,155.22,154.41,154.41,794.357878
2019-11-22 17:44:00,155.11,155.35,155.04,155.21,671.793111
2019-11-22 17:43:00,155.16,155.38,155.04,155.12,868.87634
2019-11-22 17:42:00,155.17,155.3,154.96,155.15,967.797502
2019-11-22 17:41:00,155.16,155.44,155.11,155.18,750.28995
2019-11-22 17:40:00,154.96,155.23,154.84,155.17,876.453985
2019-11-22 17:39:00,154.9,155.21,154.87,154.99,1105.615081
2019-11-22 17:38:00,154.78,155.08,154.64,154.9,936.476453
2019-11-22 17:37:00,154.87,155.33,154.53,154.76,1576.725025
2019-11-22 17:36:00,154.97,154.97,154.36,154.88,1453.895057
2019-11-22 17:35:00,154.97,155.3,154.93,154.98,1447.284711
2019-11-22 17:34:00,155.73,155.73,154.8,155.04,2151.338435
2019-11-22 17:33:00,155.74,156,155.52,155.74,1460.070109
2019-11-22 17:32:00,155.45,156.15,155.32,155.74,1658.906249
2019-11-22 17:31:00,156.07,156.08,155.46,155.46,3097.293706
2019-11-22 17:30:00,154.94,156.08,154.88,156.07,2346.412162
2019-11-22 17:29:00,154.81,155.19,154.8,154.91,1571.261051
2019-11-22 17:28:00,155.05,155.27,154.53,154.85,3539.829904
2019-11-22 17:27:00,153.75,155.08,153.67,155.08,3400.122775
2019-11-22 17:26:00,153.47,154.41,153.46,153.81,3215.493351
2019-11-22 17:25:00,153.16,153.87,152.99,153.47,4169.314111
2019-11-22 17:24:00,153.4,154.19,153.09,153.16,4322.752367
2019-11-22 17:23:00,154.04,154.23,153.24,153.42,5033.121184
2019-11-22 17:22:00,152.82,154.03,152.74,154.03,2623.460691
2019-11-22 17:21:00,153.41,153.5,152.8,152.8,2672.822871
2019-11-22 17:20:00,153.64,153.85,153.4,153.4,2940.345875
2019-11-22 17:19:00,151.88,153.65,151.78,153.64,6797.122446
2019-11-22 17:18:00,153.97,154.02,151.63,151.83,5027.611407
2019-11-22 17:17:00,153.67,154.09,153.23,153.96,2915.566559
2019-11-22 17:16:00,154.36,154.38,153.4,153.7,3754.078971
2019-11-22 17:15:00,154.61,154.61,154.12,154.36,2708.217835
2019-11-22 17:14:00,154.11,154.71,154.03,154.61,2866.817852
2019-11-22 17:13:00,154.34,154.47,154.01,154.11,2691.995631
2019-11-22 17:12:00,152.91,154.59,152.81,154.34,5759.441078
2019-11-22 17:11:00,155.19,155.2,152.45,152.9,9828.23991
2019-11-22 17:10:00,154.7,155.29,154.53,155.19,2485.038758
2019-11-22 17:09:00,156.25,156.26,154.57,154.57,2479.776124
2019-11-22 17:08:00,156.14,156.66,156.1,156.22,1452.987889
2019-11-22 17:07:00,155.64,156.68,155.63,156.15,2029.384388
2019-11-22 17:06:00,155.31,155.69,154.79,155.69,3189.158768
2019-11-22 17:05:00,155.55,155.73,155.25,155.31,1411.336657
2019-11-22 17:04:00,155.83,155.83,155.22,155.54,3464.98449
2019-11-22 17:03:00,156.43,156.43,155.83,155.83,1305.997252
2019-11-22 17:02:00,156.67,156.74,156.31,156.43,1994.670094
2019-11-22 17:01:00,157.3,157.3,156.67,156.67,955.599119
2019-11-22 17:00:00,157.41,157.53,157.24,157.31,930.805226
2019-11-22 16:59:00,157.47,157.63,157.27,157.42,391.854958
2019-11-22 16:58:00,157.82,157.82,157.19,157.47,1283.023584
2019-11-22 16:57:00,157.74,158.02,157.7,157.84,538.163751
2019-11-22 16:56:00,158.02,158.03,157.59,157.74,372.352075
2019-11-22 16:55:00,158.31,158.31,157.92,158.03,931.543277
2019-11-22 16:54:00,158.56,158.56,158.27,158.32,584.376035
2019-11-22 16:53:00,158.66,158.71,158.41,158.56,358.295194
2019-11-22 16:52:00,159.08,159.08,158.74,158.75,181.123161
2019-11-22 16:51:00,159.26,159.26,159.07,159.08,87.727043
2019-11-22 16:50:00,159.5,159.54,159.2,159.2,411.685478
2019-11-22 16:49:00,159.33,159.57,159.33,159.5,264.384721
2019-11-22 16:48:00,159.25,159.28,159.18,159.28,25.267348
2019-11-22 16:47:00,159.08,159.3,159.08,159.25,180.57926
2019-11-22 16:46:00,159.16,159.16,159.02,159.08,91.92649
2019-11-22 16:45:00,158.73,159.17,158.73,159.17,338.410362
2019-11-22 16:44:00,158.6,158.84,158.6,158.73,136.220833
2019-11-22 16:43:00,158.47,158.6,158.4,158.6,174.856335
2019-11-22 16:42:00,158.49,158.62,158.44,158.47,188.509837
2019-11-22 16:41:00,158.48,158.53,158.34,158.53,232.398833
2019-11-22 16:40:00,158.76,158.76,158.45,158.48,28.727416
2019-11-22 16:39:00,158.85,158.86,158.76,158.76,139.214768
2019-11-22 16:38:00,158.65,158.93,158.65,158.85,109.483374
2019-11-22 16:37:00,159.01,159.01,158.65,158.65,224.534654
2019-11-22 16:36:00,159.26,159.28,158.97,159.01,310.056852
2019-11-22 16:35:00,159.13,159.28,159.13,159.28,157.49144
2019-11-22 16:34:00,158.9,159.19,158.9,159.14,999.755964
2019-11-22 16:33:00,158.92,158.92,158.76,158.9,91.284053
2019-11-22 16:32:00,158.76,159.05,158.76,158.89,659.47027
2019-11-22 16:31:00,158.56,158.77,158.53,158.76,169.798555
2019-11-22 16:30:00,158.44,158.69,158.44,158.57,444.374653
2019-11-22 16:29:00,158.59,158.59,158.41,158.44,64.880983
2019-11-22 16:28:00,158.43,158.6,158.43,158.6,274.035879
2019-11-22 16:27:00,158.67,158.68,158.31,158.41,655.207758
2019-11-22 16:26:00,158.76,158.77,158.51,158.62,392.235205
2019-11-22 16:25:00,158.61,158.96,158.61,158.73,605.95957
2019-11-22 16:24:00,158.09,158.61,157.94,158.61,508.493754
2019-11-22 16:23:00,158.08,158.09,157.8,158.09,1514.753341
2019-11-22 16:22:00,158.11,158.26,158.07,158.08,453.328526
2019-11-22 16:21:00,158.1,158.31,158,158.16,582.824621
2019-11-22 16:20:00,158.34,158.44,158.1,158.1,742.235499
2019-11-22 16:19:00,157.93,158.44,157.85,158.32,660.41739
2019-11-22 16:18:00,158.09,158.12,157.75,157.92,1620.534934
2019-11-22 16:17:00,158.63,158.63,157.99,158.12,658.447937
2019-11-22 16:16:00,158.75,158.76,158.58,158.63,374.866641
2019-11-22 16:15:00,158.88,158.92,158.49,158.77,866.020287
2019-11-22 16:14:00,158.58,158.91,158.46,158.87,989.976788
2019-11-22 16:13:00,159.04,159.1,158.49,158.54,1594.129487
2019-11-22 16:12:00,159.27,159.27,158.77,159.07,1256.252193
2019-11-22 16:11:00,158.73,159.23,158.56,159.23,1088.351095
2019-11-22 16:10:00,159.32,159.32,158.6,158.7,1677.655836
2019-11-22 16:09:00,159.62,159.72,159.26,159.37,547.575404
2019-11-22 16:08:00,160.01,160.13,159.47,159.62,2099.789298
2019-11-22 16:07:00,160.58,160.6,159.63,160.02,6216.66088
2019-11-22 16:06:00,161.74,161.81,160.58,160.6,6523.842183
2019-11-22 16:05:00,159.73,161.89,159.71,161.82,8055.213064
2019-11-22 16:04:00,159.06,159.73,159.06,159.73,2033.513185
2019-11-22 16:03:00,158.75,159.21,158.75,159.06,1640.458377
2019-11-22 16:02:00,158.11,158.75,158.1,158.75,522.189115
2019-11-22 16:01:00,158.03,158.11,157.97,158.04,230.159509
2019-11-22 16:00:00,157.79,158,157.78,158,409.561617
2019-11-22 15:59:00,157.74,157.83,157.61,157.79,666.783338
2019-11-22 15:58:00,157.86,157.86,157.6,157.78,155.340023
2019-11-22 15:57:00,158.18,158.18,157.89,157.89,879.838543
2019-11-22 15:56:00,157.95,158.24,157.93,158.19,333.981958
2019-11-22 15:55:00,158.18,158.33,157.94,157.95,1939.618796
2019-11-22 15:54:00,157.88,158.18,157.78,158.17,549.652424
2019-11-22 15:53:00,157.39,157.85,157.39,157.85,696.890257
2019-11-22 15:52:00,157.21,157.39,157.2,157.39,72.492742
2019-11-22 15:51:00,157.03,157.21,157.03,157.21,938.942434
2019-11-22 15:50:00,156.83,157.03,156.82,157.03,201.657364
2019-11-22 15:49:00,156.84,156.92,156.79,156.83,251.031965
2019-11-22 15:48:00,156.83,156.92,156.68,156.84,408.783094
2019-11-22 15:47:00,156.76,156.91,156.69,156.86,142.904365
2019-11-22 15:46:00,157.18,157.21,156.74,156.77,924.508603
2019-11-22 15:45:00,157.28,157.5,157.15,157.18,568.685335
2019-11-22 15:44:00,157.16,157.29,156.98,157.27,428.317111
2019-11-22 15:43:00,156.78,157.33,156.74,157.16,1272.708737
2019-11-22 15:42:00,156.58,156.78,156.53,156.75,574.330618
2019-11-22 15:41:00,156.43,156.61,156.34,156.58,1123.501481
2019-11-22 15:40:00,156.48,156.76,156.42,156.42,1259.362734
2019-11-22 15:39:00,155.95,156.57,155.94,156.49,2313.295591
2019-11-22 15:38:00,156,156.11,155.92,155.95,743.977925
2019-11-22 15:37:00,155.73,156.01,155.73,156.01,247.771903
2019-11-22 15:36:00,155.33,155.73,155.32,155.72,871.159845
2019-11-22 15:35:00,155.14,155.41,155.11,155.32,1017.411246
2019-11-22 15:34:00,155.36,155.36,155,155.1,3223.650817
2019-11-22 15:33:00,155.6,155.6,155.36,155.37,541.883612
2019-11-22 15:32:00,155.69,155.72,155.58,155.6,674.637006
2019-11-22 15:31:00,155.94,155.94,155.55,155.69,1116.557877
2019-11-22 15:30:00,155.93,156.08,155.85,155.95,460.597928
2019-11-22 15:29:00,155.98,156.09,155.85,155.89,506.784097
2019-11-22 15:28:00,155.56,156.15,155.54,155.97,1024.706411
2019-11-22 15:27:00,155.74,155.78,155.41,155.54,1887.34462
2019-11-22 15:26:00,155.08,155.77,155.03,155.72,2033.593642
2019-11-22 15:25:00,154.6,155.07,154.58,155.07,477.376593
2019-11-22 15:24:00,154.59,154.64,154.4,154.6,1144.310778
2019-11-22 15:23:00,154.3,154.61,154.2,154.58,871.973135
2019-11-22 15:22:00,154.37,154.42,154.25,154.3,720.148433
2019-11-22 15:21:00,154.67,154.71,154.13,154.37,1938.873129
2019-11-22 15:20:00,154.61,154.88,154.6,154.66,1807.531056
2019-11-22 15:19:00,154.58,154.71,154.5,154.6,2705.604826
2019-11-22 15:18:00,154.99,154.99,154.59,154.59,805.01517
2019-11-22 15:17:00,155.25,155.25,154.98,154.98,320.84023
2019-11-22 15:16:00,155.31,155.37,155.24,155.25,540.330756
2019-11-22 15:15:00,155.29,155.31,155.1,155.3,678.906086
2019-11-22 15:14:00,155.24,155.38,155.16,155.3,602.772213
2019-11-22 15:13:00,155.36,155.36,155.14,155.24,961.51832
2019-11-22 15:12:00,155.67,155.67,155.31,155.35,592.537484
2019-11-22 15:11:00,155.55,155.86,155.55,155.71,768.868222
2019-11-22 15:10:00,155.59,155.69,155.41,155.55,1858.266845
2019-11-22 15:09:00,155.17,155.65,155.13,155.6,2659.916847
2019-11-22 15:08:00,154.93,155.18,154.93,155.13,1001.78843
2019-11-22 15:07:00,154.79,154.97,154.58,154.93,1975.329285
2019-11-22 15:06:00,154.1,155,154.06,154.8,1230.504763
2019-11-22 15:05:00,154.08,154.38,153.99,154.1,557.888491
2019-11-22 15:04:00,153.71,154.15,152.96,154,6428.308816
2019-11-22 15:03:00,154.1,154.1,153.6,153.71,2086.363346
2019-11-22 15:02:00,154.36,154.41,154.09,154.1,1968.25894
2019-11-22 15:01:00,154.53,154.81,154.29,154.35,2929.291141
2019-11-22 15:00:00,154.96,154.96,154.51,154.53,3035.73606
2019-11-22 14:59:00,155.32,155.37,154.84,154.95,1632.718266
2019-11-22 14:58:00,155.12,155.45,154.85,155.33,4056.409584
2019-11-22 14:57:00,155.51,155.59,154.57,155.15,4832.324519
2019-11-22 14:56:00,154.74,155.61,154.71,155.52,6455.10286
2019-11-22 14:55:00,155.21,155.4,154.33,154.73,7143.096601
2019-11-22 14:54:00,155.37,155.76,154.78,155.2,3946.132138
2019-11-22 14:53:00,155.19,155.9,154.55,155.36,8095.403869
2019-11-22 14:52:00,155.26,155.77,154.96,155.16,10545.761073
2019-11-22 14:51:00,156.6,156.6,155.11,155.23,6119.288582
2019-11-22 14:50:00,156.51,156.73,156.5,156.6,1076.622926
2019-11-22 14:49:00,156.72,156.73,156.16,156.5,5359.520531
2019-11-22 14:48:00,157.24,157.24,156.72,156.72,1576.4691
2019-11-22 14:47:00,157.36,157.51,157.28,157.28,535.052482
2019-11-22 14:46:00,157.15,157.56,157.08,157.39,722.602277
2019-11-22 14:45:00,157.75,157.75,157.08,157.08,977.315164
2019-11-22 14:44:00,158.01,158.16,157.76,157.76,669.925918
2019-11-22 14:43:00,158.04,158.04,158,158.01,48.373326
2019-11-22 14:42:00,158.1,158.1,158.02,158.05,78.055245
2019-11-22 14:41:00,158.18,158.22,158.1,158.1,252.618539
2019-11-22 14:40:00,158.22,158.22,158.12,158.21,34.454506
2019-11-22 14:39:00,158.33,158.33,158.12,158.19,95.623322
2019-11-22 14:38:00,158.35,158.5,158.33,158.36,242.569776
2019-11-22 14:37:00,158.06,158.35,158.06,158.35,513.561297
2019-11-22 14:36:00,158.06,158.15,157.97,158.06,568.794728
2019-11-22 14:35:00,157.67,158.37,157.62,158.07,2037.675962
2019-11-22 14:34:00,157.31,157.68,156.53,157.68,6640.851111
2019-11-22 14:33:00,157.8,157.93,157.33,157.34,2875.473013
2019-11-22 14:32:00,158.01,158.18,157.8,157.8,3559.19526
2019-11-22 14:31:00,158.38,158.38,158.01,158.01,450.355486
2019-11-22 14:30:00,158.65,158.66,158.2,158.39,1890.530397
2019-11-22 14:29:00,158.86,158.97,158.59,158.65,561.54879
2019-11-22 14:28:00,158.78,158.81,158.65,158.81,137.505849
2019-11-22 14:27:00,158.72,158.95,158.72,158.79,99.842783
2019-11-22 14:26:00,158.62,159,158.51,158.72,1052.965082
2019-11-22 14:25:00,158.87,158.88,158.61,158.61,296.457175
2019-11-22 14:24:00,159.07,159.07,158.83,158.91,170.549918
2019-11-22 14:23:00,159.1,159.1,159.06,159.07,13.177268
2019-11-22 14:22:00,159.07,159.1,159.05,159.1,311.314769
2019-11-22 14:21:00,159.08,159.08,159.07,159.07,30.99479
2019-11-22 14:20:00,159.12,159.12,159.07,159.08,22.880632
2019-11-22 14:19:00,159.09,159.19,159.09,159.16,44.484731
2019-11-22 14:18:00,159.06,159.08,159.05,159.08,41.68829
2019-11-22 14:17:00,159.16,159.16,159.06,159.06,52.840175
2019-11-22 14:16:00,159.28,159.28,159.07,159.14,166.66003
2019-11-22 14:15:00,159.03,159.25,158.96,159.25,313.57598
2019-11-22 14:14:00,159.29,159.29,158.91,159.06,407.199017
2019-11-22 14:13:00,159.36,159.36,159.29,159.29,7.653891
2019-11-22 14:12:00,159.35,159.36,159.34,159.36,21.492345
2019-11-22 14:11:00,159.33,159.4,159.32,159.35,69.131682
2019-11-22 14:10:00,159.34,159.34,159.27,159.33,68.601055
2019-11-22 14:09:00,159.52,159.52,159.33,159.34,31.632171
2019-11-22 14:08:00,159.61,159.64,159.49,159.49,29.588307
2019-11-22 14:07:00,159.58,159.64,159.57,159.61,62.486901
2019-11-22 14:06:00,159.61,159.63,159.57,159.58,49.727834
2019-11-22 14:05:00,159.6,159.68,159.55,159.57,76.859895
2019-11-22 14:04:00,159.43,159.61,159.42,159.6,106.97154
2019-11-22 14:03:00,159.21,159.43,159.21,159.43,170.473464
2019-11-22 14:02:00,159.2,159.21,159.13,159.2,42.706331
2019-11-22 14:01:00,159.29,159.36,159.19,159.2,191.756162
2019-11-22 14:00:00,159.19,159.31,159.11,159.28,163.327368
2019-11-22 13:59:00,159.3,159.34,159.18,159.22,190.060821
2019-11-22 13:58:00,159.18,159.3,159.08,159.28,242.106397
2019-11-22 13:57:00,159.04,159.18,158.98,159.18,1435.890588
2019-11-22 13:56:00,158.82,159.09,158.82,159.04,842.271771
2019-11-22 13:55:00,159.03,159.08,158.68,158.81,1125.364615
2019-11-22 13:54:00,158.9,159.02,158.33,159.02,2962.126322
2019-11-22 13:53:00,159.19,159.19,158.65,158.89,1957.297546
2019-11-22 13:52:00,159.33,159.36,159.2,159.2,41.431311
2019-11-22 13:51:00,159.5,159.5,159.29,159.3,68.505149
2019-11-22 13:50:00,159.5,159.57,159.5,159.51,101.296361
2019-11-22 13:49:00,159.55,159.67,159.5,159.5,107.198318
2019-11-22 13:48:00,159.7,159.7,159.5,159.55,172.67623
2019-11-22 13:47:00,159.65,159.71,159.6,159.71,56.170975
2019-11-22 13:46:00,159.58,159.67,159.58,159.66,22.816087
2019-11-22 13:45:00,159.7,159.7,159.5,159.54,75.457275
2019-11-22 13:44:00,159.74,159.86,159.65,159.73,74.610712
2019-11-22 13:43:00,159.73,159.79,159.67,159.71,32.940677
2019-11-22 13:42:00,159.62,159.74,159.56,159.74,67.216435
2019-11-22 13:41:00,159.5,159.64,159.5,159.58,224.835592
2019-11-22 13:40:00,159.54,159.54,159.33,159.46,398.644625
2019-11-22 13:39:00,159.66,159.66,159.48,159.54,129.076162
2019-11-22 13:38:00,159.75,159.78,159.65,159.65,80.726726
2019-11-22 13:37:00,159.78,159.88,159.76,159.76,518.492633
2019-11-22 13:36:00,159.79,159.87,159.69,159.77,289.818386
2019-11-22 13:35:00,159.83,159.91,159.64,159.79,562.14587
2019-11-22 13:34:00,159.94,159.94,159.86,159.86,244.146899
2019-11-22 13:33:00,160.01,160.01,159.94,159.95,145.284907
2019-11-22 13:32:00,160.08,160.08,160.01,160.01,173.496511
2019-11-22 13:31:00,160.06,160.1,160.02,160.08,334.494135
2019-11-22 13:30:00,160.08,160.16,160.07,160.11,211.135314
2019-11-22 13:29:00,160.2,160.2,160.07,160.07,41.927784
2019-11-22 13:28:00,160.16,160.21,160.1,160.21,66.307381
2019-11-22 13:27:00,160.19,160.19,160.12,160.17,81.435286
2019-11-22 13:26:00,160.21,160.21,160.19,160.2,19.309632
2019-11-22 13:25:00,160.2,160.21,160.2,160.21,13.901044
2019-11-22 13:24:00,160.21,160.23,160.2,160.2,57.461885
2019-11-22 13:23:00,160.29,160.29,160.2,160.2,193.641824
2019-11-22 13:22:00,160.29,160.3,160.29,160.29,34.412338
2019-11-22 13:21:00,160.29,160.3,160.29,160.3,7.640623
2019-11-22 13:20:00,160.23,160.34,160.23,160.3,53.500276
2019-11-22 13:19:00,160.29,160.29,160.21,160.24,39.035697
2019-11-22 13:18:00,160.44,160.44,160.29,160.29,17.871334
2019-11-22 13:17:00,160.35,160.46,160.35,160.45,66.778641
2019-11-22 13:16:00,160.53,160.53,160.35,160.35,182.651334
2019-11-22 13:15:00,160.54,160.54,160.51,160.53,8.23698
2019-11-22 13:14:00,160.51,160.52,160.51,160.52,23.692072
2019-11-22 13:13:00,160.38,160.52,160.38,160.52,26.612584
2019-11-22 13:12:00,160.43,160.51,160.36,160.36,97.751732
2019-11-22 13:11:00,160.42,160.42,160.4,160.41,6.170786
2019-11-22 13:10:00,160.41,160.48,160.41,160.46,66.462481
2019-11-22 13:09:00,160.48,160.54,160.41,160.41,87.639349
2019-11-22 13:08:00,160.39,160.55,160.39,160.48,78.526643
2019-11-22 13:07:00,160.37,160.52,160.32,160.39,389.469984
2019-11-22 13:06:00,160.37,160.41,160.36,160.36,3.526729
2019-11-22 13:05:00,160.47,160.47,160.37,160.37,28.584152
2019-11-22 13:04:00,160.4,160.46,160.39,160.46,12.328024
2019-11-22 13:03:00,160.63,160.63,160.4,160.4,581.860603
2019-11-22 13:02:00,160.57,160.64,160.57,160.63,204.429077
2019-11-22 13:01:00,160.58,160.59,160.53,160.57,4.395951
2019-11-22 13:00:00,160.4,160.72,160.4,160.59,568.489979
2019-11-22 12:59:00,160.4,160.4,160.4,160.4,22.934882
2019-11-22 12:58:00,160.42,160.46,160.39,160.4,59.020072
2019-11-22 12:57:00,160.44,160.5,160.39,160.41,7.959034
2019-11-22 12:56:00,160.26,160.51,160.23,160.44,139.256634
2019-11-22 12:55:00,160.3,160.31,160.26,160.26,21.199517
2019-11-22 12:54:00,160.2,160.27,160.19,160.27,28.936242
2019-11-22 12:53:00,160.18,160.32,160,160.21,1245.592388
2019-11-22 12:52:00,160.01,160.17,159.96,160.17,122.717196
2019-11-22 12:51:00,160.2,160.2,160,160.01,78.780355
2019-11-22 12:50:00,160.21,160.21,160.19,160.2,51.965522
2019-11-22 12:49:00,160.21,160.21,160.2,160.21,13.13145
2019-11-22 12:48:00,160.33,160.34,160.21,160.21,11.749999
2019-11-22 12:47:00,160.34,160.41,160.21,160.29,349.8364
2019-11-22 12:46:00,160.34,160.35,160.14,160.31,142.647356
2019-11-22 12:45:00,160.54,160.66,160.34,160.34,120.779685
2019-11-22 12:44:00,160.42,160.6,160.38,160.5,310.536189
2019-11-22 12:43:00,160.7,160.7,160.28,160.42,3057.412759
2019-11-22 12:42:00,160.77,160.77,160.71,160.71,37.964949
2019-11-22 12:41:00,160.87,160.87,160.77,160.78,25.359078
2019-11-22 12:40:00,161.02,161.02,160.87,160.87,18.940062
2019-11-22 12:39:00,160.97,161.15,160.89,161.01,326.163994
2019-11-22 12:38:00,160.86,160.96,160.86,160.96,5.507463
2019-11-22 12:37:00,160.88,160.92,160.86,160.86,42.821928
2019-11-22 12:36:00,160.96,160.96,160.84,160.84,62.559278
2019-11-22 12:35:00,160.87,161.01,160.87,160.96,77.224059
2019-11-22 12:34:00,160.71,160.9,160.71,160.86,591.068497
2019-11-22 12:33:00,160.7,160.71,160.7,160.71,6.232944
2019-11-22 12:32:00,160.71,160.72,160.7,160.71,151.732122
2019-11-22 12:31:00,160.71,160.73,160.7,160.71,132.481469
2019-11-22 12:30:00,160.7,160.72,160.7,160.71,28.221888
2019-11-22 12:29:00,160.68,160.7,160.67,160.7,44.85219
2019-11-22 12:28:00,160.66,160.68,160.65,160.68,111.325973
2019-11-22 12:27:00,160.68,160.68,160.63,160.66,67.76817
2019-11-22 12:26:00,160.72,160.85,160.68,160.69,1193.688629
2019-11-22 12:25:00,160.66,160.79,160.66,160.73,737.024798
2019-11-22 12:24:00,160.66,160.66,160.66,160.66,1.768524
2019-11-22 12:23:00,160.63,160.66,160.6,160.66,36.135343
2019-11-22 12:22:00,160.55,160.63,160.55,160.63,42.11755
2019-11-22 12:21:00,160.5,160.55,160.5,160.55,23.049223
2019-11-22 12:20:00,160.51,160.51,160.44,160.49,80.669164
2019-11-22 12:19:00,160.52,160.52,160.52,160.52,42.375518
2019-11-22 12:18:00,160.59,160.6,160.52,160.52,34.852112
2019-11-22 12:17:00,160.59,160.62,160.59,160.6,14.816416
2019-11-22 12:16:00,160.54,160.59,160.53,160.59,65.944518
2019-11-22 12:15:00,160.53,160.54,160.49,160.53,31.927223
2019-11-22 12:14:00,160.44,160.52,160.43,160.51,15.396623
2019-11-22 12:13:00,160.47,160.47,160.43,160.44,36.186081
2019-11-22 12:12:00,160.46,160.47,160.46,160.47,1.892256
2019-11-22 12:11:00,160.55,160.55,160.47,160.47,6.066753
2019-11-22 12:10:00,160.56,160.61,160.55,160.55,43.578464
2019-11-22 12:09:00,160.42,160.57,160.39,160.55,90.259651
2019-11-22 12:08:00,160.46,160.5,160.42,160.42,49.562097
2019-11-22 12:07:00,160.47,160.47,160.47,160.47,33.101187
2019-11-22 12:06:00,160.49,160.51,160.4,160.47,81.136045
2019-11-22 12:05:00,160.38,160.49,160.38,160.49,31.244547
2019-11-22 12:04:00,160.34,160.38,160.34,160.38,31.848328
2019-11-22 12:03:00,160.23,160.35,160.18,160.35,43.226451
2019-11-22 12:02:00,160.34,160.38,160.23,160.23,31.947567
2019-11-22 12:01:00,160.29,160.39,160.26,160.34,80.804767
2019-11-22 12:00:00,160.12,160.29,159.99,160.29,235.260356
2019-11-22 11:59:00,160.12,160.12,160,160.12,114.130109
2019-11-22 11:58:00,160.27,160.27,159.93,160.12,2216.909484
2019-11-22 11:57:00,160.39,160.47,160.27,160.28,123.483095
2019-11-22 11:56:00,160.45,160.45,160.4,160.4,68.04018
2019-11-22 11:55:00,160.44,160.54,160.42,160.46,119.508799
2019-11-22 11:54:00,160.54,160.54,160.43,160.45,122.282693
2019-11-22 11:53:00,160.53,160.57,160.53,160.55,159.100984
2019-11-22 11:52:00,160.68,160.68,160.5,160.53,838.382208
2019-11-22 11:51:00,160.73,160.73,160.68,160.69,22.257675
2019-11-22 11:50:00,160.69,160.73,160.69,160.73,74.090614
2019-11-22 11:49:00,160.7,160.7,160.69,160.69,57.81914
2019-11-22 11:48:00,160.65,160.71,160.62,160.7,367.064798
2019-11-22 11:47:00,160.67,160.71,160.63,160.65,247.136295
2019-11-22 11:46:00,160.67,160.67,160.67,160.67,14.53346
2019-11-22 11:45:00,160.7,160.72,160.64,160.64,120.449592
2019-11-22 11:44:00,160.74,160.74,160.66,160.69,173.985589
2019-11-22 11:43:00,160.69,160.78,160.68,160.72,144.020099
2019-11-22 11:42:00,160.63,160.69,160.63,160.69,5.44071
2019-11-22 11:41:00,160.61,160.63,160.61,160.63,1.571706
2019-11-22 11:40:00,160.66,160.67,160.59,160.61,40.274024
2019-11-22 11:39:00,160.57,160.66,160.56,160.6,107.766627
2019-11-22 11:38:00,160.57,160.6,160.53,160.57,126.223273
2019-11-22 11:37:00,160.59,160.65,160.54,160.57,53.433985
2019-11-22 11:36:00,160.62,160.66,160.55,160.59,61.468712
2019-11-22 11:35:00,160.76,160.76,160.48,160.62,202.630592
2019-11-22 11:34:00,160.27,160.74,160.27,160.74,290.865257
2019-11-22 11:33:00,160.39,160.42,160.24,160.27,616.350352
2019-11-22 11:32:00,160.53,160.53,160.3,160.38,866.308661
2019-11-22 11:31:00,160.5,160.66,160.31,160.53,1621.862184
2019-11-22 11:30:00,160.73,160.73,160.5,160.5,797.78804
2019-11-22 11:29:00,160.79,160.82,160.72,160.73,896.783533
2019-11-22 11:28:00,160.84,160.88,160.78,160.8,504.968371
2019-11-22 11:27:00,160.82,160.84,160.82,160.84,38.322488
2019-11-22 11:26:00,160.84,160.84,160.81,160.81,131.027458
2019-11-22 11:25:00,160.91,160.91,160.83,160.83,27.330043
2019-11-22 11:24:00,160.94,160.95,160.81,160.9,1614.658925
2019-11-22 11:23:00,160.97,160.97,160.95,160.95,170.760378
2019-11-22 11:22:00,161.06,161.06,160.96,160.98,533.450572
2019-11-22 11:21:00,161.21,161.22,161.05,161.07,942.594236
2019-11-22 11:20:00,161.24,161.27,161.18,161.22,234.615458
2019-11-22 11:19:00,161.33,161.34,161.24,161.24,242.854674
2019-11-22 11:18:00,161.37,161.37,161.33,161.34,93.834272
2019-11-22 11:17:00,161.42,161.42,161.36,161.36,243.226606
2019-11-22 11:16:00,161.46,161.46,161.42,161.42,3.752385
2019-11-22 11:15:00,161.49,161.49,161.46,161.47,11.349662
2019-11-22 11:14:00,161.54,161.54,161.49,161.49,6.223076
2019-11-22 11:13:00,161.45,161.56,161.44,161.53,81.814654
2019-11-22 11:12:00,161.44,161.47,161.44,161.45,11.667975
2019-11-22 11:11:00,161.48,161.48,161.43,161.44,3.160812
2019-11-22 11:10:00,161.55,161.64,161.47,161.48,119.742785
2019-11-22 11:09:00,161.55,161.56,161.53,161.55,31.84418
2019-11-22 11:08:00,161.53,161.56,161.51,161.55,117.937758
2019-11-22 11:07:00,161.56,161.56,161.53,161.54,78.884519
2019-11-22 11:06:00,161.48,161.54,161.47,161.54,23.993771
2019-11-22 11:05:00,161.52,161.52,161.48,161.48,25.742431
2019-11-22 11:04:00,161.54,161.55,161.49,161.53,45.158791
2019-11-22 11:03:00,161.6,161.62,161.49,161.55,508.128044
2019-11-22 11:02:00,161.65,161.65,161.6,161.6,51.42944
2019-11-22 11:01:00,161.67,161.71,161.65,161.67,15.393687
2019-11-22 11:00:00,161.57,161.7,161.57,161.67,42.905787
2019-11-22 10:59:00,161.48,161.55,161.47,161.55,35.288527
2019-11-22 10:58:00,161.44,161.48,161.36,161.48,528.096487
2019-11-22 10:57:00,161.43,161.52,161.4,161.45,310.164149
2019-11-22 10:56:00,161.3,161.52,161.3,161.43,68.347184
2019-11-22 10:55:00,161.42,161.42,161.3,161.3,31.938982
2019-11-22 10:54:00,161.46,161.46,161.39,161.42,35.852837
2019-11-22 10:53:00,161.42,161.49,161.38,161.45,186.878029
2019-11-22 10:52:00,161.47,161.59,161.42,161.42,421.627792
2019-11-22 10:51:00,161.54,161.54,161.47,161.47,85.350731
2019-11-22 10:50:00,161.65,161.65,161.55,161.55,37.107002
2019-11-22 10:49:00,161.65,161.67,161.64,161.65,12.048153
2019-11-22 10:48:00,161.76,161.78,161.64,161.65,44.529452
2019-11-22 10:47:00,161.71,161.77,161.71,161.76,44.058859
2019-11-22 10:46:00,161.84,161.84,161.71,161.71,81.336825
2019-11-22 10:45:00,161.72,161.85,161.72,161.84,71.348249
2019-11-22 10:44:00,161.96,161.96,161.68,161.72,499.14521
2019-11-22 10:43:00,162,162,161.92,161.95,421.158124
2019-11-22 10:42:00,162.11,162.11,162,162,11.491939
2019-11-22 10:41:00,161.92,162.11,161.91,162.11,223.006044
2019-11-22 10:40:00,161.91,161.92,161.91,161.92,57.727939
2019-11-22 10:39:00,161.97,161.97,161.91,161.92,417.616957
2019-11-22 10:38:00,161.98,162,161.98,161.99,130.101659
2019-11-22 10:37:00,161.97,162.05,161.96,161.99,216.329359
2019-11-22 10:36:00,161.95,161.97,161.95,161.96,73.603285
2019-11-22 10:35:00,161.98,161.98,161.95,161.96,128.139399
2019-11-22 10:34:00,162.03,162.06,161.92,161.96,282.935425
2019-11-22 10:33:00,162.02,162.06,161.94,162.01,148.179554
2019-11-22 10:32:00,162,162.05,161.96,162.01,159.077529
2019-11-22 10:31:00,162.03,162.05,161.97,161.97,424.455715
2019-11-22 10:30:00,162.12,162.12,161.97,162.03,467.019576
2019-11-22 10:29:00,162.05,162.11,162.02,162.04,814.88574
2019-11-22 10:28:00,162.14,162.14,162.05,162.05,359.461402
2019-11-22 10:27:00,162.18,162.18,162.14,162.14,200.6522
2019-11-22 10:26:00,162.25,162.25,162.17,162.18,491.937989
2019-11-22 10:25:00,162.39,162.39,162.19,162.25,362.686621
2019-11-22 10:24:00,162.4,162.4,162.38,162.39,58.504752
2019-11-22 10:23:00,162.41,162.41,162.33,162.4,135.545228
2019-11-22 10:22:00,162.41,162.45,162.37,162.37,261.868706
2019-11-22 10:21:00,162.4,162.41,162.4,162.41,98.40112
2019-11-22 10:20:00,162.43,162.43,162.39,162.4,114.23512
2019-11-22 10:19:00,162.43,162.43,162.4,162.43,62.510728
2019-11-22 10:18:00,162.41,162.44,162.4,162.43,6.908136
2019-11-22 10:17:00,162.29,162.34,162.28,162.34,36.712173
2019-11-22 10:16:00,162.24,162.31,162.24,162.28,6.268096
2019-11-22 10:15:00,162.22,162.34,162.22,162.24,284.614516
2019-11-22 10:14:00,162.14,162.2,162.14,162.2,49.655613
2019-11-22 10:13:00,162,162.14,162,162.13,83.543536
2019-11-22 10:12:00,162.02,162.08,162.01,162.01,90.40073
2019-11-22 10:11:00,162.06,162.08,161.98,162.01,401.709855
2019-11-22 10:10:00,162.16,162.16,161.99,162.06,670.498357
2019-11-22 10:09:00,162.13,162.17,162.02,162.17,1209.942284
2019-11-22 10:08:00,162.16,162.21,162.1,162.14,185.033791
2019-11-22 10:07:00,162.23,162.27,162.16,162.17,10.593621
2019-11-22 10:06:00,162.04,162.23,162.03,162.23,92.408317
2019-11-22 10:05:00,162.13,162.13,162.02,162.03,310.035563
2019-11-22 10:04:00,162.16,162.17,162.14,162.14,151.57696
2019-11-22 10:03:00,161.96,162.16,161.96,162.16,173.362598
2019-11-22 10:02:00,162.18,162.18,161.96,161.97,441.834341
2019-11-22 10:01:00,162.09,162.19,162.09,162.18,172.630951
2019-11-22 10:00:00,161.82,162.07,161.81,162.07,464.226198
2019-11-22 09:59:00,161.77,161.87,161.75,161.82,985.435246
2019-11-22 09:58:00,161.8,161.8,161.77,161.77,372.304477
2019-11-22 09:57:00,161.72,161.85,161.71,161.83,457.888019
2019-11-22 09:56:00,161.79,161.79,161.69,161.71,845.058893
2019-11-22 09:55:00,161.93,161.93,161.77,161.77,528.992941
2019-11-22 09:54:00,162.01,162.01,161.92,161.92,949.05448
2019-11-22 09:53:00,162.06,162.06,161.99,162,273.262801
2019-11-22 09:52:00,162,162.12,161.97,162.06,402.036317
2019-11-22 09:51:00,161.95,162.01,161.94,162.01,143.232874
2019-11-22 09:50:00,161.95,161.95,161.94,161.95,83.049639
2019-11-22 09:49:00,161.96,162,161.91,161.94,173.227742
2019-11-22 09:48:00,161.92,162.03,161.9,161.95,317.75476
2019-11-22 09:47:00,161.8,161.95,161.8,161.9,72.941686
2019-11-22 09:46:00,161.61,161.8,161.6,161.79,173.150285
2019-11-22 09:45:00,161.72,161.73,161.61,161.61,278.880494
2019-11-22 09:44:00,161.56,161.75,161.55,161.72,333.786422
2019-11-22 09:43:00,161.54,161.56,161.45,161.56,467.162835
2019-11-22 09:42:00,161.48,161.6,161.48,161.55,509.263416
2019-11-22 09:41:00,161.68,161.69,161.48,161.49,454.386757
2019-11-22 09:40:00,161.74,161.81,161.69,161.69,554.750692
2019-11-22 09:39:00,161.94,161.94,161.7,161.73,750.843897
2019-11-22 09:38:00,162.11,162.11,161.94,161.94,349.651623
2019-11-22 09:37:00,162.13,162.13,161.91,162.12,362.480515
2019-11-22 09:36:00,162.14,162.14,162.14,162.14,0.970015
2019-11-22 09:35:00,162.16,162.16,162.12,162.14,68.721323
2019-11-22 09:34:00,162.15,162.23,162.15,162.19,24.417506
2019-11-22 09:33:00,162.09,162.16,162,162.16,282.698692
2019-11-22 09:32:00,162.15,162.18,162.07,162.09,53.717433
2019-11-22 09:31:00,162.06,162.23,162.06,162.16,62.903263
2019-11-22 09:30:00,162.13,162.17,162.01,162.05,140.112807
2019-11-22 09:29:00,162.04,162.16,162.04,162.13,89.468889
2019-11-22 09:28:00,161.88,162.11,161.88,162.02,150.955841
2019-11-22 09:27:00,161.83,161.84,161.79,161.84,50.853239
2019-11-22 09:26:00,161.93,161.93,161.8,161.83,339.261416
2019-11-22 09:25:00,161.89,162.06,161.84,161.94,647.107572
2019-11-22 09:24:00,162.07,162.11,161.88,161.89,367.647322
2019-11-22 09:23:00,162.14,162.14,162.04,162.07,372.58755
2019-11-22 09:22:00,162.28,162.28,162.04,162.14,953.853623
2019-11-22 09:21:00,162.39,162.39,162.16,162.28,1203.323195
2019-11-22 09:20:00,162.43,162.51,162.35,162.38,1621.320134
2019-11-22 09:19:00,162.57,162.6,162.39,162.42,948.003585
2019-11-22 09:18:00,162.64,162.64,162.57,162.57,144.624373
2019-11-22 09:17:00,162.5,162.64,162.5,162.64,453.861332
2019-11-22 09:16:00,162.51,162.54,162.48,162.51,292.715789
2019-11-22 09:15:00,162.46,162.53,162.4,162.51,743.812243
2019-11-22 09:14:00,162.52,162.57,162.37,162.46,745.04536
2019-11-22 09:13:00,162.58,162.59,162.49,162.53,218.221437
2019-11-22 09:12:00,162.5,162.66,162.5,162.58,754.199119
2019-11-22 09:11:00,162.52,162.53,162.46,162.5,99.056001
2019-11-22 09:10:00,162.64,162.71,162.5,162.53,413.138505
2019-11-22 09:09:00,162.63,162.67,162.38,162.64,426.562775
2019-11-22 09:08:00,162.46,162.7,162.46,162.67,167.255042
2019-11-22 09:07:00,162.36,162.52,162.35,162.45,171.115912
2019-11-22 09:06:00,162.35,162.39,162.23,162.32,1113.915497
2019-11-22 09:05:00,162.1,162.35,162.1,162.35,354.223173
2019-11-22 09:04:00,162.14,162.15,161.93,162.09,278.443047
2019-11-22 09:03:00,162.24,162.24,162,162.16,252.695163
2019-11-22 09:02:00,162.24,162.25,162.2,162.25,59.349447
2019-11-22 09:01:00,162.37,162.38,162.14,162.19,909.734014
2019-11-22 09:00:00,162.55,162.74,162.37,162.37,1633.917901
2019-11-22 08:59:00,162.34,162.57,162.31,162.54,397.176706
2019-11-22 08:58:00,162.27,162.36,162.27,162.35,353.742468
2019-11-22 08:57:00,162.28,162.35,162.14,162.27,635.177583
2019-11-22 08:56:00,161.94,162.3,161.94,162.28,364.670071
2019-11-22 08:55:00,161.93,161.95,161.87,161.95,326.015536
2019-11-22 08:54:00,161.79,161.9,161.78,161.9,235.221851
2019-11-22 08:53:00,161.63,161.84,161.63,161.79,385.839812
2019-11-22 08:52:00,161.61,161.65,161.61,161.63,164.60378
2019-11-22 08:51:00,161.67,161.69,161.61,161.61,589.748285
2019-11-22 08:50:00,161.81,161.81,161.62,161.68,581.972942
2019-11-22 08:49:00,161.82,161.87,161.69,161.8,401.034627
2019-11-22 08:48:00,161.75,161.83,161.63,161.82,534.989996
2019-11-22 08:47:00,161.79,161.79,161.75,161.75,215.340623
2019-11-22 08:46:00,161.75,161.85,161.74,161.79,151.359902
2019-11-22 08:45:00,161.85,161.95,161.72,161.74,1015.594257
2019-11-22 08:44:00,161.63,161.94,161.62,161.87,1910.336956
2019-11-22 08:43:00,161.83,161.83,161.55,161.67,1164.401039
2019-11-22 08:42:00,161.83,161.89,161.81,161.83,898.296345
2019-11-22 08:41:00,161.84,161.9,161.78,161.81,1496.24134
2019-11-22 08:40:00,161.8,161.89,161.79,161.85,1593.354941
2019-11-22 08:39:00,161.76,161.82,161.71,161.8,302.9395
2019-11-22 08:38:00,161.78,161.83,161.76,161.76,1033.552118
2019-11-22 08:37:00,161.82,161.82,161.77,161.79,60.924086
2019-11-22 08:36:00,161.72,161.82,161.72,161.79,477.383157
2019-11-22 08:35:00,161.5,161.74,161.5,161.72,931.188192
2019-11-22 08:34:00,161.53,161.59,161.49,161.49,39.810744
2019-11-22 08:33:00,161.48,161.53,161.4,161.53,251.788089
2019-11-22 08:32:00,161.59,161.64,161.42,161.5,182.153138
2019-11-22 08:31:00,161.46,161.59,161.4,161.59,162.271518
2019-11-22 08:30:00,161.16,161.5,161.15,161.46,215.711743
2019-11-22 08:29:00,161.17,161.17,161.13,161.16,502.1093
2019-11-22 08:28:00,161.13,161.16,161.11,161.16,130.902781
2019-11-22 08:27:00,161.09,161.18,161.06,161.14,471.887378
2019-11-22 08:26:00,161.06,161.09,161.05,161.09,83.980589
2019-11-22 08:25:00,160.92,161.1,160.91,161.07,83.880107
2019-11-22 08:24:00,161.09,161.11,160.74,160.92,1232.090216
2019-11-22 08:23:00,161.03,161.15,161,161.09,1258.216898
2019-11-22 08:22:00,161.01,161.06,161,161.03,295.6263
2019-11-22 08:21:00,161.06,161.07,161,161.01,893.616841
2019-11-22 08:20:00,161,161.06,160.99,161.06,271.758886
2019-11-22 08:19:00,161.02,161.02,161,161,24.686243
2019-11-22 08:18:00,160.95,161.07,160.95,161.02,153.447385
2019-11-22 08:17:00,161.03,161.06,160.95,160.95,121.762409
2019-11-22 08:16:00,160.98,161.05,160.97,161.02,411.943164
2019-11-22 08:15:00,161.03,161.03,160.95,160.98,124.437021
2019-11-22 08:14:00,161.01,161.05,160.99,161.02,369.319536
2019-11-22 08:13:00,161.01,161.04,160.99,161.01,199.59529
2019-11-22 08:12:00,160.97,161.05,160.97,161,258.871288
2019-11-22 08:11:00,161.02,161.09,160.94,160.99,588.603896
2019-11-22 08:10:00,161.07,161.07,161.01,161.03,1426.589777
2019-11-22 08:09:00,161,161.14,160.96,161.07,1698.228822
2019-11-22 08:08:00,160.89,161,160.88,161,187.307682
2019-11-22 08:07:00,160.99,160.99,160.88,160.9,202.120258
2019-11-22 08:06:00,161.01,161.02,160.94,160.99,259.635337
2019-11-22 08:05:00,161.02,161.05,160.99,161.01,775.530436
2019-11-22 08:04:00,161.02,161.06,160.99,161.02,305.062018
2019-11-22 08:03:00,161.04,161.05,161,161.01,975.361565
2019-11-22 08:02:00,160.97,161.03,160.97,161.03,415.813843
2019-11-22 08:01:00,160.91,160.98,160.89,160.97,357.691081
2019-11-22 08:00:00,160.9,160.96,160.89,160.89,734.695849
2019-11-22 07:59:00,160.92,160.95,160.89,160.9,344.210361
2019-11-22 07:58:00,160.89,160.92,160.88,160.92,249.887613
2019-11-22 07:57:00,160.92,160.93,160.88,160.89,491.84981
2019-11-22 07:56:00,160.9,160.98,160.89,160.92,782.79149
2019-11-22 07:55:00,160.89,160.9,160.89,160.9,28.049686
2019-11-22 07:54:00,160.9,160.92,160.89,160.9,205.191332
2019-11-22 07:53:00,160.89,160.96,160.88,160.89,629.334791
2019-11-22 07:52:00,160.9,160.95,160.87,160.89,239.451931
2019-11-22 07:51:00,160.9,160.97,160.88,160.9,1825.488024
2019-11-22 07:50:00,160.88,160.92,160.83,160.9,142.915038
2019-11-22 07:49:00,160.9,160.9,160.77,160.85,179.580418
2019-11-22 07:48:00,160.85,160.93,160.85,160.89,535.738886
2019-11-22 07:47:00,160.91,160.91,160.75,160.81,209.413427
2019-11-22 07:46:00,160.88,160.91,160.87,160.9,299.492827
2019-11-22 07:45:00,160.83,160.88,160.83,160.88,44.693736
2019-11-22 07:44:00,160.81,160.83,160.79,160.83,32.977336
2019-11-22 07:43:00,160.88,160.88,160.8,160.8,16.260509
2019-11-22 07:42:00,160.89,160.89,160.73,160.88,191.682932
2019-11-22 07:41:00,160.9,160.93,160.89,160.89,1292.11958
2019-11-22 07:40:00,160.88,161,160.85,160.91,3656.289267
2019-11-22 07:39:00,160.75,160.91,160.75,160.86,199.887454
2019-11-22 07:38:00,160.88,160.89,160.73,160.73,484.994391
2019-11-22 07:37:00,160.64,160.89,160.64,160.88,2073.069342
2019-11-22 07:36:00,160.75,160.75,160.63,160.65,74.072249
2019-11-22 07:35:00,160.87,160.91,160.7,160.75,229.851381
2019-11-22 07:34:00,160.65,160.83,160.65,160.83,210.443442
2019-11-22 07:33:00,160.57,160.65,160.56,160.64,93.394963
2019-11-22 07:32:00,160.53,160.57,160.44,160.57,142.296186
2019-11-22 07:31:00,160.38,160.53,160.34,160.53,84.795054
2019-11-22 07:30:00,160.44,160.44,160.37,160.38,122.207463
2019-11-22 07:29:00,160.24,160.44,160.24,160.44,279.316636
2019-11-22 07:28:00,160.17,160.31,160.09,160.24,727.363847
2019-11-22 07:27:00,160.24,160.24,159.93,160.17,549.954979
2019-11-22 07:26:00,160.23,160.31,160.09,160.24,341.112861
2019-11-22 07:25:00,160.26,160.29,160.03,160.27,1224.859676
2019-11-22 07:24:00,160.71,160.71,160.25,160.27,435.13276
2019-11-22 07:23:00,160.84,160.84,160.53,160.71,1286.371284
2019-11-22 07:22:00,160.82,160.85,160.81,160.85,252.095269
2019-11-22 07:21:00,160.82,160.9,160.81,160.81,366.524887
2019-11-22 07:20:00,160.84,160.85,160.82,160.82,222.140575
2019-11-22 07:19:00,160.85,160.85,160.84,160.84,167.010159
2019-11-22 07:18:00,160.83,160.91,160.83,160.84,217.797958
2019-11-22 07:17:00,160.85,160.86,160.83,160.83,121.116659
2019-11-22 07:16:00,160.87,160.88,160.85,160.85,151.17393
2019-11-22 07:15:00,160.89,160.89,160.87,160.87,155.520998
2019-11-22 07:14:00,160.85,160.93,160.85,160.88,380.594587
2019-11-22 07:13:00,160.83,160.86,160.83,160.85,110.476287
2019-11-22 07:12:00,160.73,160.91,160.72,160.83,491.785728
2019-11-22 07:11:00,160.71,160.75,160.71,160.72,378.12741
2019-11-22 07:10:00,160.7,160.81,160.7,160.71,295.207017
2019-11-22 07:09:00,160.73,160.74,160.7,160.71,467.286072
2019-11-22 07:08:00,160.73,160.76,160.69,160.73,604.762235
2019-11-22 07:07:00,160.75,160.76,160.72,160.72,382.489822
2019-11-22 07:06:00,160.77,160.87,160.74,160.75,662.877187
2019-11-22 07:05:00,160.8,160.84,160.76,160.76,706.046848
2019-11-22 07:04:00,160.76,160.81,160.74,160.8,773.763833
2019-11-22 07:03:00,160.7,160.78,160.68,160.74,275.005122
2019-11-22 07:02:00,160.68,160.7,160.66,160.7,365.628544
2019-11-22 07:01:00,160.71,160.77,160.67,160.68,220.992786
2019-11-22 07:00:00,160.6,160.74,160.59,160.7,329.216556
2019-11-22 06:59:00,160.6,160.6,160.56,160.59,67.058716
2019-11-22 06:58:00,160.6,160.62,160.57,160.62,89.637195
2019-11-22 06:57:00,160.54,160.61,160.54,160.6,112.057726
2019-11-22 06:56:00,160.56,160.57,160.53,160.54,99.696649
2019-11-22 06:55:00,160.57,160.57,160.54,160.56,80.912829
2019-11-22 06:54:00,160.55,160.58,160.55,160.57,69.862654
2019-11-22 06:53:00,160.56,160.56,160.55,160.55,98.302151
2019-11-22 06:52:00,160.63,160.64,160.53,160.56,353.858627
2019-11-22 06:51:00,160.55,160.63,160.51,160.63,320.415206
2019-11-22 06:50:00,160.56,160.59,160.53,160.55,565.765629
2019-11-22 06:49:00,160.61,160.61,160.56,160.56,358.362732
2019-11-22 06:48:00,160.61,160.69,160.6,160.63,577.713316
2019-11-22 06:47:00,160.64,160.64,160.6,160.61,415.221855
2019-11-22 06:46:00,160.68,160.69,160.64,160.64,290.083867
2019-11-22 06:45:00,160.6,160.73,160.6,160.69,297.867421
2019-11-22 06:44:00,160.6,160.62,160.6,160.6,129.653014
2019-11-22 06:43:00,160.58,160.64,160.58,160.61,179.268133
2019-11-22 06:42:00,160.63,160.66,160.58,160.58,354.383421
2019-11-22 06:41:00,160.64,160.67,160.61,160.63,210.157934
2019-11-22 06:40:00,160.63,160.67,160.6,160.64,269.536427
2019-11-22 06:39:00,160.62,160.64,160.58,160.63,242.723078
2019-11-22 06:38:00,160.53,160.64,160.52,160.62,119.186642
2019-11-22 06:37:00,160.49,160.53,160.49,160.52,94.177986
2019-11-22 06:36:00,160.39,160.46,160.39,160.46,134.840034
2019-11-22 06:35:00,160.36,160.43,160.36,160.39,95.618167
2019-11-22 06:34:00,160.34,160.47,160.33,160.36,145.432553
2019-11-22 06:33:00,160.32,160.34,160.31,160.34,174.543655
2019-11-22 06:32:00,160.31,160.34,160.31,160.31,171.082607
2019-11-22 06:31:00,160.31,160.32,160.31,160.32,149.763414
2019-11-22 06:30:00,160.31,160.32,160.31,160.31,115.917479
2019-11-22 06:29:00,160.4,160.51,160.31,160.31,246.257456
2019-11-22 06:28:00,160.46,160.47,160.39,160.39,172.909668
2019-11-22 06:27:00,160.38,160.47,160.34,160.46,137.849863
2019-11-22 06:26:00,160.53,160.53,160.32,160.38,542.639516
2019-11-22 06:25:00,160.61,160.69,160.48,160.52,704.150415
2019-11-22 06:24:00,160.63,160.66,160.61,160.61,262.396581
2019-11-22 06:23:00,160.57,160.64,160.57,160.63,194.996726
2019-11-22 06:22:00,160.53,160.59,160.53,160.57,118.178248
2019-11-22 06:21:00,160.43,160.53,160.42,160.53,112.53558
2019-11-22 06:20:00,160.31,160.47,160.31,160.43,139.078021
2019-11-22 06:19:00,160.18,160.34,160.18,160.31,123.641353
2019-11-22 06:18:00,160.04,160.21,160.04,160.18,117.349842
2019-11-22 06:17:00,160.02,160.07,160.02,160.04,87.841556
2019-11-22 06:16:00,159.98,160.06,159.98,160.01,196.413028
2019-11-22 06:15:00,159.81,159.99,159.81,159.98,106.607206
2019-11-22 06:14:00,159.78,159.89,159.78,159.81,109.601397
2019-11-22 06:13:00,159.76,159.78,159.75,159.78,118.203163
2019-11-22 06:12:00,159.73,159.76,159.71,159.76,115.278358
2019-11-22 06:11:00,159.68,159.77,159.67,159.73,130.189754
2019-11-22 06:10:00,159.68,159.69,159.67,159.68,81.389515
2019-11-22 06:09:00,159.65,159.69,159.65,159.67,102.504464
2019-11-22 06:08:00,159.6,159.71,159.59,159.65,82.654047
2019-11-22 06:07:00,159.54,159.61,159.54,159.6,131.087013
2019-11-22 06:06:00,159.56,159.61,159.52,159.54,129.338387
2019-11-22 06:05:00,159.47,159.63,159.47,159.56,195.235664
2019-11-22 06:04:00,159.33,159.54,159.32,159.46,309.750354
2019-11-22 06:03:00,159.4,159.4,159.33,159.33,395.111009
2019-11-22 06:02:00,159.4,159.43,159.4,159.4,331.310751
2019-11-22 06:01:00,159.38,159.44,159.35,159.4,136.587202
2019-11-22 06:00:00,159.38,159.51,159.35,159.4,294.074777
2019-11-22 05:59:00,159.72,159.72,159.37,159.38,490.255052
2019-11-22 05:58:00,159.75,159.76,159.71,159.71,298.163322
2019-11-22 05:57:00,159.75,159.79,159.74,159.75,115.677211
2019-11-22 05:56:00,159.8,159.85,159.74,159.74,140.28212
2019-11-22 05:55:00,159.75,159.81,159.73,159.8,246.969458
2019-11-22 05:54:00,159.85,159.85,159.73,159.75,174.155359
2019-11-22 05:53:00,159.74,159.87,159.72,159.87,373.927164
2019-11-22 05:52:00,159.8,159.8,159.74,159.74,183.948565
2019-11-22 05:51:00,159.77,159.81,159.77,159.81,130.973844
2019-11-22 05:50:00,159.78,159.78,159.75,159.77,346.60995
2019-11-22 05:49:00,159.83,159.83,159.76,159.79,109.88931
2019-11-22 05:48:00,159.85,159.85,159.8,159.82,94.021467
2019-11-22 05:47:00,159.73,159.82,159.73,159.82,142.864287
2019-11-22 05:46:00,159.79,159.79,159.72,159.74,60.812533
2019-11-22 05:45:00,159.73,159.84,159.73,159.81,236.345904
2019-11-22 05:44:00,159.77,159.77,159.73,159.73,81.877125
2019-11-22 05:43:00,159.84,159.84,159.76,159.77,138.324269
2019-11-22 05:42:00,159.88,159.89,159.82,159.82,38.994481
2019-11-22 05:41:00,159.94,160.03,159.85,159.85,93.605387
2019-11-22 05:40:00,159.83,159.95,159.81,159.91,69.189182
2019-11-22 05:39:00,159.86,159.91,159.76,159.83,158.613018
2019-11-22 05:38:00,160,160.04,159.85,159.85,97.157001
2019-11-22 05:37:00,159.91,160,159.83,159.97,246.901334
2019-11-22 05:36:00,159.71,159.91,159.7,159.91,62.065594
2019-11-22 05:35:00,159.66,159.7,159.66,159.7,28.673973
2019-11-22 05:34:00,159.54,159.65,159.54,159.65,20.092087
2019-11-22 05:33:00,159.38,159.53,159.38,159.53,63.573415
2019-11-22 05:32:00,159.22,159.38,159.21,159.38,151.27601
2019-11-22 05:31:00,159.17,159.21,159.16,159.2,113.656611
2019-11-22 05:30:00,159.11,159.17,159.11,159.17,36.726138
2019-11-22 05:29:00,159.02,159.12,159.02,159.11,114.242936
2019-11-22 05:28:00,159.04,159.1,158.99,159,107.910874
2019-11-22 05:27:00,159.18,159.18,159.03,159.05,63.105476
2019-11-22 05:26:00,159.03,159.18,159.03,159.17,75.83565
2019-11-22 05:25:00,159.31,159.31,158.97,158.99,479.516136
2019-11-22 05:24:00,158.94,159.34,158.94,159.31,91.301135
2019-11-22 05:23:00,158.93,159.02,158.9,158.95,129.882676
2019-11-22 05:22:00,159.15,159.15,158.84,158.98,259.960932
2019-11-22 05:21:00,159,159.18,159,159.16,60.986314
2019-11-22 05:20:00,158.72,159.02,158.72,159.01,170.886062
2019-11-22 05:19:00,158.84,158.84,158.69,158.72,319.233863
2019-11-22 05:18:00,158.88,159.08,158.81,158.88,253.821956
2019-11-22 05:17:00,158.57,158.88,158.5,158.88,447.847698
2019-11-22 05:16:00,158.71,158.74,158.57,158.57,431.798784
2019-11-22 05:15:00,158.97,158.98,158.7,158.71,237.555949
2019-11-22 05:14:00,159.09,159.1,158.91,158.97,473.180954
2019-11-22 05:13:00,159.1,159.11,159.05,159.1,20.109074
2019-11-22 05:12:00,159.28,159.28,159.11,159.14,78.868122
2019-11-22 05:11:00,159.39,159.39,159.27,159.27,48.344392
2019-11-22 05:10:00,159.17,159.35,159.16,159.35,93.304153
2019-11-22 05:09:00,159.38,159.38,159.13,159.18,283.816465
2019-11-22 05:08:00,159.38,159.39,159.35,159.38,190.698777
2019-11-22 05:07:00,159.52,159.53,159.34,159.36,274.688579
2019-11-22 05:06:00,159.56,159.57,159.31,159.52,147.763189
2019-11-22 05:05:00,159.52,159.61,159.44,159.6,183.511406
2019-11-22 05:04:00,159.33,159.52,159.33,159.52,160.600416
2019-11-22 05:03:00,159.29,159.45,159.26,159.34,385.674928
2019-11-22 05:02:00,158.97,159.46,158.97,159.3,900.747053
2019-11-22 05:01:00,159.02,159.02,158.93,158.97,519.500345
2019-11-22 05:00:00,158.92,159.02,158.89,159.02,268.271177
2019-11-22 04:59:00,158.81,158.97,158.74,158.92,437.52848
2019-11-22 04:58:00,158.88,158.89,158.77,158.81,341.650214
2019-11-22 04:57:00,158.68,158.86,158.66,158.85,625.703495
2019-11-22 04:56:00,158.72,158.72,158.49,158.63,605.456068
2019-11-22 04:55:00,158.6,158.81,158.55,158.72,490.080299
2019-11-22 04:54:00,158.51,158.75,158.51,158.61,456.513679
2019-11-22 04:53:00,158.66,158.66,158.49,158.5,629.421499
2019-11-22 04:52:00,158.78,158.78,158.4,158.66,737.224381
2019-11-22 04:51:00,158.78,158.86,158.71,158.79,249.733661
2019-11-22 04:50:00,158.67,158.82,158.63,158.78,320.700703
2019-11-22 04:49:00,158.48,158.78,158.47,158.69,889.524155
2019-11-22 04:48:00,158.87,158.88,158.44,158.44,646.397494
2019-11-22 04:47:00,158.54,158.88,158.53,158.88,588.046903
2019-11-22 04:46:00,158.7,158.7,158.27,158.55,1454.55145
2019-11-22 04:45:00,158.75,158.86,158.65,158.72,621.775894
2019-11-22 04:44:00,158.49,158.76,158.48,158.75,584.689188
2019-11-22 04:43:00,158.7,158.76,158.45,158.49,897.462427
2019-11-22 04:42:00,159.01,159.01,158.52,158.69,1418.637093
2019-11-22 04:41:00,159.23,159.23,158.88,159,1749.024301
2019-11-22 04:40:00,159.37,159.41,159.24,159.24,307.891344
2019-11-22 04:39:00,159.5,159.56,159.32,159.39,546.906395
2019-11-22 04:38:00,159.6,159.63,159.31,159.51,833.525632
2019-11-22 04:37:00,159.7,159.74,159.57,159.62,208.515451
2019-11-22 04:36:00,160.09,160.09,159.63,159.74,1213.312134
2019-11-22 04:35:00,160.04,160.09,160.04,160.09,57.564065
2019-11-22 04:34:00,160.09,160.14,160.04,160.05,93.759864
2019-11-22 04:33:00,160.11,160.15,160.08,160.09,3.389199
2019-11-22 04:32:00,160.07,160.07,160.04,160.07,8.029946
2019-11-22 04:31:00,160.17,160.22,160.04,160.05,65.446234
2019-11-22 04:30:00,160.12,160.18,160.05,160.16,303.725597
2019-11-22 04:29:00,160.28,160.28,160.09,160.09,28.211557
2019-11-22 04:28:00,160.35,160.35,160.19,160.27,148.953381
2019-11-22 04:27:00,160.43,160.47,160.38,160.38,75.671311
2019-11-22 04:26:00,160.58,160.58,160.37,160.43,698.002326
2019-11-22 04:25:00,160.57,160.66,160.56,160.58,539.654086
2019-11-22 04:24:00,160.6,160.6,160.53,160.56,106.802708
2019-11-22 04:23:00,160.6,160.62,160.58,160.6,201.88693
2019-11-22 04:22:00,160.65,160.65,160.56,160.6,424.2795
2019-11-22 04:21:00,160.64,160.67,160.58,160.65,618.619081
2019-11-22 04:20:00,160.66,160.66,160.6,160.63,133.639873
2019-11-22 04:19:00,160.61,160.69,160.6,160.64,483.646847
2019-11-22 04:18:00,160.61,160.67,160.59,160.61,378.611153
2019-11-22 04:17:00,160.39,160.72,160.39,160.59,646.394108
2019-11-22 04:16:00,160.56,160.57,160.35,160.39,288.767258
2019-11-22 04:15:00,160.63,160.64,160.55,160.57,622.168278
2019-11-22 04:14:00,160.51,160.68,160.51,160.63,298.795776
2019-11-22 04:13:00,160.53,160.55,160.46,160.5,169.469274
2019-11-22 04:12:00,160.65,160.69,160.44,160.54,829.807776
2019-11-22 04:11:00,160.69,160.71,160.63,160.66,469.524476
2019-11-22 04:10:00,160.45,160.73,160.36,160.69,557.3946
2019-11-22 04:09:00,160.79,160.84,160.43,160.45,1044.761486
2019-11-22 04:08:00,160.69,160.82,160.64,160.79,411.396921
2019-11-22 04:07:00,160.63,160.89,160.63,160.68,1745.977438
2019-11-22 04:06:00,160.61,160.71,160.5,160.64,905.368096
2019-11-22 04:05:00,160.25,160.63,160.24,160.56,1906.363291
2019-11-22 04:04:00,160.25,160.27,160.23,160.23,75.982129
2019-11-22 04:03:00,160.23,160.31,160.22,160.25,418.389935
2019-11-22 04:02:00,160.22,160.27,160.19,160.22,339.795119
2019-11-22 04:01:00,160.26,160.26,160.22,160.23,466.254076
2019-11-22 04:00:00,160.36,160.39,160.23,160.26,481.498503
2019-11-22 03:59:00,160.3,160.39,160.28,160.36,414.650721
2019-11-22 03:58:00,160.29,160.33,160.22,160.3,661.787087
2019-11-22 03:57:00,160.18,160.33,160.18,160.29,481.751042
2019-11-22 03:56:00,160.16,160.25,160.14,160.18,877.238234
2019-11-22 03:55:00,160.17,160.19,160.14,160.16,73.833748
2019-11-22 03:54:00,160.17,160.21,160.11,160.17,209.095284
2019-11-22 03:53:00,160.17,160.28,160.09,160.11,206.216538
2019-11-22 03:52:00,160.07,160.28,160.07,160.17,135.187366
2019-11-22 03:51:00,160.13,160.23,160.06,160.07,307.343741
2019-11-22 03:50:00,160.04,160.21,160.03,160.12,315.192284
2019-11-22 03:49:00,159.98,160.08,159.98,160.04,322.229444
2019-11-22 03:48:00,159.7,160.08,159.7,159.98,414.675204
2019-11-22 03:47:00,159.71,159.75,159.51,159.7,1165.491817
2019-11-22 03:46:00,159.56,159.85,159.48,159.74,652.708316
2019-11-22 03:45:00,159.57,159.58,159.33,159.58,793.257913
2019-11-22 03:44:00,159.57,159.67,159.57,159.57,318.878097
2019-11-22 03:43:00,159.58,159.6,159.55,159.57,546.427655
2019-11-22 03:42:00,159.49,159.59,159.48,159.57,257.143323
2019-11-22 03:41:00,159.4,159.59,159.39,159.48,336.353307
2019-11-22 03:40:00,159.41,159.41,159.39,159.39,148.847629
2019-11-22 03:39:00,159.39,159.43,159.34,159.41,459.448351
2019-11-22 03:38:00,159.35,159.39,159.35,159.39,657.778367
2019-11-22 03:37:00,159.3,159.36,159.3,159.36,209.711854
2019-11-22 03:36:00,159.31,159.31,159.27,159.3,113.325109
2019-11-22 03:35:00,159.24,159.32,159.22,159.31,80.462363
2019-11-22 03:34:00,159.26,159.26,159.21,159.24,110.741887
2019-11-22 03:33:00,159.18,159.26,159.15,159.26,118.24151
2019-11-22 03:32:00,159.22,159.23,159.09,159.18,496.20489
2019-11-22 03:31:00,159.24,159.24,159.21,159.22,81.463328
2019-11-22 03:30:00,159.23,159.26,159.22,159.23,195.73667
2019-11-22 03:29:00,159.21,159.23,159.21,159.23,127.460196
2019-11-22 03:28:00,159.25,159.25,159.21,159.21,182.025414
2019-11-22 03:27:00,159.3,159.3,159.25,159.25,60.477201
2019-11-22 03:26:00,159.2,159.3,159.19,159.3,328.357683
2019-11-22 03:25:00,159.19,159.29,159.17,159.22,742.82225
2019-11-22 03:24:00,159.32,159.39,159.2,159.2,429.359395
2019-11-22 03:23:00,159.27,159.35,159.23,159.31,301.570338
2019-11-22 03:22:00,159.32,159.32,159.18,159.26,260.059184
2019-11-22 03:21:00,159.19,159.36,159.19,159.33,287.241237
2019-11-22 03:20:00,159,159.2,159,159.2,331.70566
2019-11-22 03:19:00,158.89,159.05,158.89,159,290.756649
2019-11-22 03:18:00,158.8,158.91,158.77,158.89,208.883217
2019-11-22 03:17:00,158.78,158.84,158.75,158.8,173.596846
2019-11-22 03:16:00,158.63,158.78,158.63,158.78,2993.496547
2019-11-22 03:15:00,158.6,158.64,158.6,158.63,88.222763
2019-11-22 03:14:00,158.62,158.64,158.58,158.6,100.383079
2019-11-22 03:13:00,158.6,158.63,158.57,158.63,104.200568
2019-11-22 03:12:00,158.66,158.66,158.56,158.6,421.176267
2019-11-22 03:11:00,158.64,158.66,158.64,158.65,483.986672
2019-11-22 03:10:00,158.63,158.66,158.63,158.64,90.903522
2019-11-22 03:09:00,158.56,158.64,158.56,158.63,140.077354
2019-11-22 03:08:00,158.59,158.63,158.56,158.56,219.684562
2019-11-22 03:07:00,158.64,158.64,158.49,158.58,229.270907
2019-11-22 03:06:00,158.59,158.64,158.57,158.63,393.512484
2019-11-22 03:05:00,158.58,158.62,158.58,158.59,94.347877
2019-11-22 03:04:00,158.57,158.62,158.57,158.58,83.438143
2019-11-22 03:03:00,158.63,158.63,158.55,158.57,79.639033
2019-11-22 03:02:00,158.61,158.66,158.59,158.63,107.207789
2019-11-22 03:01:00,158.58,158.64,158.51,158.61,212.71821
2019-11-22 03:00:00,158.59,158.59,158.45,158.58,254.35142
2019-11-22 02:59:00,158.5,158.59,158.44,158.58,107.190076
2019-11-22 02:58:00,158.3,158.49,158.28,158.49,275.769529
2019-11-22 02:57:00,158.39,158.43,158.29,158.3,472.411657
2019-11-22 02:56:00,158.48,158.53,158.32,158.39,477.645929
2019-11-22 02:55:00,158.44,158.59,158.39,158.51,423.848106
2019-11-22 02:54:00,158.44,158.49,158.33,158.44,237.071399
2019-11-22 02:53:00,158.56,158.57,158.45,158.45,245.99209
2019-11-22 02:52:00,158.56,158.57,158.55,158.55,71.699271
2019-11-22 02:51:00,158.58,158.59,158.55,158.56,166.062043
2019-11-22 02:50:00,158.56,158.59,158.53,158.58,84.724289
2019-11-22 02:49:00,158.54,158.62,158.53,158.56,243.503363
2019-11-22 02:48:00,158.54,158.64,158.51,158.54,332.542609
2019-11-22 02:47:00,158.51,158.59,158.51,158.55,287.461963
2019-11-22 02:46:00,158.51,158.56,158.5,158.51,183.995659
2019-11-22 02:45:00,158.56,158.6,158.5,158.53,360.292946
2019-11-22 02:44:00,158.61,158.64,158.5,158.55,553.773489
2019-11-22 02:43:00,158.6,158.67,158.59,158.6,484.57053
2019-11-22 02:42:00,158.64,158.67,158.52,158.61,405.003591
2019-11-22 02:41:00,158.6,158.67,158.59,158.63,310.161275
2019-11-22 02:40:00,158.54,158.59,158.49,158.59,475.579779
2019-11-22 02:39:00,158.53,158.58,158.47,158.53,151.856989
2019-11-22 02:38:00,158.48,158.54,158.42,158.53,405.585697
2019-11-22 02:37:00,158.54,158.54,158.41,158.48,450.202642
2019-11-22 02:36:00,158.51,158.62,158.47,158.58,283.609423
2019-11-22 02:35:00,158.4,158.64,158.39,158.51,541.394198
2019-11-22 02:34:00,158.46,158.46,158.27,158.39,843.811596
2019-11-22 02:33:00,158.61,158.62,158.47,158.47,120.945758
2019-11-22 02:32:00,158.61,158.62,158.51,158.61,235.628732
2019-11-22 02:31:00,158.65,158.66,158.54,158.6,281.508031
2019-11-22 02:30:00,158.56,158.68,158.46,158.66,598.213758
2019-11-22 02:29:00,158.35,158.57,158.35,158.56,205.164599
2019-11-22 02:28:00,158.36,158.4,158.32,158.35,196.820746
2019-11-22 02:27:00,158.4,158.41,158.31,158.36,793.891119
2019-11-22 02:26:00,158.38,158.48,158.3,158.41,501.831389
2019-11-22 02:25:00,158.58,158.64,158.33,158.38,1072.440208
2019-11-22 02:24:00,158.68,158.69,158.56,158.57,544.630144
2019-11-22 02:23:00,158.67,158.75,158.67,158.68,431.922994
2019-11-22 02:22:00,158.76,158.78,158.63,158.63,956.393489
2019-11-22 02:21:00,158.77,158.89,158.74,158.75,306.994971
2019-11-22 02:20:00,158.69,158.75,158.69,158.75,402.952892
2019-11-22 02:19:00,158.73,158.74,158.65,158.69,362.724695
2019-11-22 02:18:00,158.67,158.74,158.63,158.73,261.388832
2019-11-22 02:17:00,158.8,158.8,158.64,158.68,530.979907
2019-11-22 02:16:00,158.83,158.85,158.8,158.81,232.346462
2019-11-22 02:15:00,158.74,158.91,158.74,158.83,330.765787
2019-11-22 02:14:00,158.83,158.87,158.71,158.75,561.590961
2019-11-22 02:13:00,158.79,158.85,158.75,158.83,429.649353
2019-11-22 02:12:00,158.75,158.82,158.65,158.82,410.179909
2019-11-22 02:11:00,158.74,158.81,158.64,158.7,962.735297
2019-11-22 02:10:00,158.72,158.78,158.72,158.74,726.962538
2019-11-22 02:09:00,158.62,158.79,158.61,158.72,356.898032
2019-11-22 02:08:00,158.66,158.67,158.52,158.61,718.883491
2019-11-22 02:07:00,158.47,158.68,158.47,158.66,294.201812
2019-11-22 02:06:00,158.43,158.64,158.43,158.48,390.814589
2019-11-22 02:05:00,158.41,158.48,158.33,158.43,241.460401
2019-11-22 02:04:00,158.26,158.43,158.26,158.41,208.307274
2019-11-22 02:03:00,158.51,158.55,158.25,158.26,252.845125
2019-11-22 02:02:00,158.5,158.54,158.39,158.5,262.736663
2019-11-22 02:01:00,158.47,158.57,158.38,158.49,266.771664
2019-11-22 02:00:00,158.67,158.67,158.42,158.46,331.711382
2019-11-22 01:59:00,158.64,158.78,158.58,158.67,226.919378
2019-11-22 01:58:00,158.47,158.84,158.4,158.71,713.165472
2019-11-22 01:57:00,158.71,158.74,158.43,158.46,943.400067
2019-11-22 01:56:00,158.84,158.85,158.71,158.71,334.056079
2019-11-22 01:55:00,159.06,159.06,158.76,158.83,210.203685
2019-11-22 01:54:00,158.91,159.07,158.86,159.05,443.498045
2019-11-22 01:53:00,159.01,159.13,158.71,158.95,2032.969847
2019-11-22 01:52:00,159.17,159.22,158.94,159.01,326.931504
2019-11-22 01:51:00,159.42,159.42,159.16,159.18,232.122771
2019-11-22 01:50:00,159.51,159.51,159.35,159.42,150.091384
2019-11-22 01:49:00,159.58,159.64,159.45,159.51,221.22184
2019-11-22 01:48:00,159.48,159.6,159.3,159.58,572.520976
2019-11-22 01:47:00,159.55,159.61,159.48,159.48,427.360993
2019-11-22 01:46:00,159.14,159.56,159.14,159.56,253.139662
2019-11-22 01:45:00,159.08,159.15,159.08,159.14,325.009669
2019-11-22 01:44:00,159.17,159.21,159.08,159.08,247.025813
2019-11-22 01:43:00,159.21,159.35,159.06,159.17,1521.297738
2019-11-22 01:42:00,159.4,159.49,159.09,159.21,975.345866
2019-11-22 01:41:00,159.56,159.56,159.3,159.4,311.858201
2019-11-22 01:40:00,159.7,159.7,159.56,159.57,192.037359
2019-11-22 01:39:00,159.62,159.72,159.6,159.7,204.827
2019-11-22 01:38:00,159.62,159.75,159.59,159.62,384.984804
2019-11-22 01:37:00,159.77,159.77,159.61,159.61,271.671432
2019-11-22 01:36:00,159.65,159.89,159.63,159.75,684.311976
2019-11-22 01:35:00,159.78,159.8,159.63,159.65,306.145269
2019-11-22 01:34:00,160.02,160.08,159.78,159.79,670.898999
2019-11-22 01:33:00,160.12,160.12,159.91,160.01,480.732355
2019-11-22 01:32:00,159.89,160.17,159.87,160.11,1187.235692
2019-11-22 01:31:00,160.18,160.18,159.89,159.89,633.659274
2019-11-22 01:30:00,160.16,160.2,160.15,160.18,206.520948
2019-11-22 01:29:00,160.15,160.17,160.15,160.16,592.881223
2019-11-22 01:28:00,160.18,160.19,160.12,160.15,352.96178
2019-11-22 01:27:00,160.12,160.15,160.12,160.14,973.949977
2019-11-22 01:26:00,160.12,160.13,160.11,160.12,243.422883
2019-11-22 01:25:00,160.12,160.12,160.11,160.12,214.15783
2019-11-22 01:24:00,160.07,160.13,160.07,160.11,189.716535
2019-11-22 01:23:00,160.09,160.09,160.07,160.07,111.238055
2019-11-22 01:22:00,160.05,160.1,159.99,160.09,346.430161
2019-11-22 01:21:00,160.07,160.12,160.04,160.05,140.398292
2019-11-22 01:20:00,160.09,160.13,160.08,160.08,696.015062
2019-11-22 01:19:00,159.98,160.1,159.98,160.09,194.925209
2019-11-22 01:18:00,160.04,160.07,159.88,160.01,354.241546
2019-11-22 01:17:00,159.9,160.05,159.9,160.04,166.717369
2019-11-22 01:16:00,159.79,159.92,159.79,159.9,236.666075
2019-11-22 01:15:00,159.81,159.93,159.79,159.79,182.071525
2019-11-22 01:14:00,159.82,159.87,159.78,159.82,126.536696
2019-11-22 01:13:00,159.74,159.86,159.6,159.82,168.742932
2019-11-22 01:12:00,159.87,159.87,159.59,159.74,335.725494
2019-11-22 01:11:00,159.87,159.94,159.57,159.87,1133.200437
2019-11-22 01:10:00,159.99,160,159.88,159.88,101.824272
2019-11-22 01:09:00,159.96,160.09,159.89,160,293.010296
2019-11-22 01:08:00,160.09,160.1,159.87,159.97,415.241386
2019-11-22 01:07:00,160.28,160.3,160,160.11,1035.364797
2019-11-22 01:06:00,159.99,160.37,159.83,160.27,1690.185363
2019-11-22 01:05:00,160.2,160.23,159.97,159.97,784.604836
2019-11-22 01:04:00,160.4,160.4,160.2,160.2,316.433758
2019-11-22 01:03:00,160.51,160.52,160.35,160.36,564.517335
2019-11-22 01:02:00,160.54,160.55,160.51,160.51,128.722529
2019-11-22 01:01:00,160.52,160.62,160.49,160.54,568.435377
2019-11-22 01:00:00,160.57,160.58,160.48,160.52,253.524049
2019-11-22 00:59:00,160.54,160.59,160.53,160.57,254.450456
2019-11-22 00:58:00,160.58,160.61,160.54,160.54,198.581337
2019-11-22 00:57:00,160.49,160.62,160.49,160.58,233.799156
2019-11-22 00:56:00,160.48,160.58,160.47,160.48,287.547156
2019-11-22 00:55:00,160.52,160.54,160.47,160.47,393.336226
2019-11-22 00:54:00,160.55,160.56,160.46,160.52,567.846916
2019-11-22 00:53:00,160.5,160.57,160.45,160.56,219.113631
2019-11-22 00:52:00,160.52,160.55,160.47,160.5,300.766874
2019-11-22 00:51:00,160.67,160.68,160.47,160.52,400.323227
2019-11-22 00:50:00,160.53,160.71,160.53,160.67,539.714978
2019-11-22 00:49:00,160.62,160.77,160.47,160.54,694.955152
2019-11-22 00:48:00,160.58,160.65,160.56,160.63,445.640719
2019-11-22 00:47:00,160.57,160.63,160.56,160.58,715.210301
2019-11-22 00:46:00,160.52,160.6,160.51,160.57,257.619382
2019-11-22 00:45:00,160.36,160.59,160.35,160.52,644.865514
2019-11-22 00:44:00,160.48,160.49,160.33,160.35,173.128324
2019-11-22 00:43:00,160.43,160.56,160.43,160.48,419.835666
2019-11-22 00:42:00,160.55,160.68,160.38,160.44,447.124836
2019-11-22 00:41:00,160.74,160.75,160.49,160.55,377.136342
2019-11-22 00:40:00,160.62,160.81,160.59,160.73,348.243192
2019-11-22 00:39:00,160.51,160.64,160.42,160.61,327.629092
2019-11-22 00:38:00,160.08,160.65,159.89,160.49,2394.516682
2019-11-22 00:37:00,160.24,160.97,160.03,160.08,2069.392751
2019-11-22 00:36:00,161.01,161.01,160.17,160.24,1248.254045
2019-11-22 00:35:00,160.84,161.03,160.8,161.03,440.433816
2019-11-22 00:34:00,161.07,161.12,160.84,160.84,544.656314
2019-11-22 00:33:00,161.21,161.22,161.08,161.08,282.854268
2019-11-22 00:32:00,161.3,161.36,161.21,161.22,284.695273
2019-11-22 00:31:00,161.1,161.36,161.09,161.3,361.000397
2019-11-22 00:30:00,161.06,161.21,161.04,161.09,597.00268
2019-11-22 00:29:00,161.12,161.15,160.95,161.06,342.022789
2019-11-22 00:28:00,161.02,161.22,161.02,161.12,864.889728
2019-11-22 00:27:00,161,161.14,160.82,161.01,695.649844
2019-11-22 00:26:00,161.3,161.39,161,161,551.105272
2019-11-22 00:25:00,161.5,161.5,161.17,161.31,451.222611
2019-11-22 00:24:00,161.69,161.7,161.32,161.5,743.730797
2019-11-22 00:23:00,161.72,161.74,161.42,161.7,1112.834847
2019-11-22 00:22:00,161.77,161.83,161.68,161.71,270.151221
2019-11-22 00:21:00,161.84,161.86,161.54,161.77,817.920123
2019-11-22 00:20:00,161.83,161.99,161.76,161.84,265.353238
2019-11-22 00:19:00,161.99,162.01,161.8,161.82,408.624775
2019-11-22 00:18:00,162.04,162.08,161.95,161.99,825.053103
2019-11-22 00:17:00,161.87,162.08,161.87,162.07,502.120087
2019-11-22 00:16:00,161.74,161.88,161.73,161.87,218.40053
2019-11-22 00:15:00,161.72,161.74,161.66,161.74,885.289663
2019-11-22 00:14:00,161.75,161.8,161.72,161.72,117.686579
2019-11-22 00:13:00,161.74,161.75,161.7,161.74,78.306688
2019-11-22 00:12:00,161.78,161.81,161.67,161.74,348.750096
2019-11-22 00:11:00,161.88,161.88,161.61,161.84,714.646693
2019-11-22 00:10:00,161.83,161.88,161.69,161.88,400.808588
2019-11-22 00:09:00,161.64,161.84,161.64,161.83,617.380926
2019-11-22 00:08:00,161.67,161.75,161.63,161.64,563.689803
2019-11-22 00:07:00,161.74,161.79,161.58,161.67,185.873198
2019-11-22 00:06:00,161.79,161.79,161.56,161.74,285.000277
2019-11-22 00:05:00,161.45,161.8,161.45,161.79,656.912283
2019-11-22 00:04:00,161.54,161.63,161.27,161.45,525.075813
2019-11-22 00:03:00,161.44,161.56,161.24,161.53,464.114007
2019-11-22 00:02:00,161.7,161.7,161.44,161.44,363.471348
2019-11-22 00:01:00,161.6,161.71,161.5,161.71,242.906771
2019-11-22 00:00:00,161.24,161.6,161.2,161.6,646.664464
