2019-12-12 23:59:00,143.74,143.85,143.74,143.85,117.678905
2019-12-12 23:58:00,143.7,143.74,143.65,143.74,178.392302
2019-12-12 23:57:00,143.54,143.71,143.54,143.71,95.818265
2019-12-12 23:56:00,143.48,143.54,143.48,143.54,0.916826
2019-12-12 23:55:00,143.43,143.48,143.43,143.48,2.850072
2019-12-12 23:54:00,143.44,143.44,143.43,143.44,6.006328
2019-12-12 23:53:00,143.44,143.49,143.43,143.43,56.787492
2019-12-12 23:52:00,143.37,143.42,143.37,143.42,4.447829
2019-12-12 23:51:00,143.36,143.36,143.36,143.36,0.016945
2019-12-12 23:50:00,143.39,143.47,143.37,143.39,72.742859
2019-12-12 23:49:00,143.7,143.71,143.42,143.42,174.847172
2019-12-12 23:48:00,143.62,143.71,143.62,143.71,48.62064
2019-12-12 23:47:00,143.55,143.66,143.55,143.62,135.070197
2019-12-12 23:46:00,143.33,143.55,143.33,143.55,240.006798
2019-12-12 23:45:00,143.26,143.33,143.26,143.33,54.54676
2019-12-12 23:44:00,143.29,143.29,143.26,143.27,11.552348
2019-12-12 23:43:00,143.26,143.3,143.26,143.29,51.987845
2019-12-12 23:42:00,143.18,143.26,143.18,143.21,48.777714
2019-12-12 23:41:00,143.1,143.17,143.09,143.17,5.964207
2019-12-12 23:40:00,143.07,143.15,143.07,143.1,39.407771
2019-12-12 23:39:00,142.97,143.05,142.97,143.05,2.358512
2019-12-12 23:38:00,142.94,142.99,142.93,142.96,14.460459
2019-12-12 23:37:00,143.14,143.14,142.84,142.93,719.238541
2019-12-12 23:36:00,143.14,143.15,143.14,143.14,101.526803
2019-12-12 23:35:00,143.15,143.15,143.14,143.14,68.599489
2019-12-12 23:34:00,143.21,143.21,143.15,143.15,68.770758
2019-12-12 23:33:00,143.25,143.25,143.21,143.21,88.716083
2019-12-12 23:32:00,143.34,143.34,143.25,143.25,172.173188
2019-12-12 23:31:00,143.34,143.35,143.34,143.34,87.022191
2019-12-12 23:30:00,143.28,143.34,143.28,143.34,130.041761
2019-12-12 23:29:00,143.44,143.44,143.3,143.3,116.678479
2019-12-12 23:28:00,143.12,143.44,143.12,143.44,191.314237
2019-12-12 23:27:00,143.1,143.12,143.1,143.12,60.671587
2019-12-12 23:26:00,143.04,143.14,143.04,143.14,73.115123
2019-12-12 23:25:00,143.03,143.12,143.03,143.04,73.150182
2019-12-12 23:24:00,142.93,142.99,142.93,142.99,25.305819
2019-12-12 23:23:00,142.94,142.94,142.88,142.93,14.834277
2019-12-12 23:22:00,142.89,142.99,142.89,142.96,34.223846
2019-12-12 23:21:00,142.82,142.9,142.82,142.89,83.512105
2019-12-12 23:20:00,142.83,142.83,142.81,142.82,102.379831
2019-12-12 23:19:00,142.84,142.84,142.83,142.83,107.565746
2019-12-12 23:18:00,142.99,142.99,142.89,142.89,27.72476
2019-12-12 23:17:00,143.02,143.02,142.99,143,15.297205
2019-12-12 23:16:00,142.97,143.03,142.96,143.03,295.314404
2019-12-12 23:15:00,142.96,142.96,142.96,142.96,0.005171
2019-12-12 23:14:00,142.99,142.99,142.96,142.97,63.273579
2019-12-12 23:13:00,143.07,143.07,142.99,142.99,54.762236
2019-12-12 23:12:00,143.07,143.12,143.07,143.08,5.683859
2019-12-12 23:11:00,143.11,143.11,143.06,143.06,64.247503
2019-12-12 23:10:00,143.14,143.22,143.07,143.08,193.274016
2019-12-12 23:09:00,142.91,143.12,142.91,143.12,35.391455
2019-12-12 23:08:00,142.84,142.91,142.82,142.91,301.101266
2019-12-12 23:07:00,142.84,142.84,142.83,142.83,26.614227
2019-12-12 23:06:00,142.85,142.85,142.81,142.84,62.807203
2019-12-12 23:05:00,142.86,142.86,142.85,142.86,7.006691
2019-12-12 23:04:00,142.84,142.84,142.84,142.84,1.591698
2019-12-12 23:03:00,142.9,142.9,142.86,142.86,51.420998
2019-12-12 23:02:00,143.11,143.11,142.89,142.9,216.294923
2019-12-12 23:01:00,143.19,143.21,143.12,143.12,10.610096
2019-12-12 23:00:00,143.18,143.22,143.11,143.18,222.078358
2019-12-12 22:59:00,143.13,143.21,143.08,143.13,96.136524
2019-12-12 22:58:00,143.04,143.16,143.01,143.14,366.568513
2019-12-12 22:57:00,142.67,143.06,142.67,143.03,128.691779
2019-12-12 22:56:00,142.44,142.66,142.44,142.66,15.915073
2019-12-12 22:55:00,142.5,142.5,142.43,142.44,10.948389
2019-12-12 22:54:00,142.54,142.63,142.48,142.49,55.729699
2019-12-12 22:53:00,142.68,142.68,142.48,142.54,131.166468
2019-12-12 22:52:00,142.71,142.71,142.7,142.7,28.200784
2019-12-12 22:51:00,142.71,142.71,142.7,142.71,6.110262
2019-12-12 22:50:00,142.67,142.72,142.67,142.7,9.018481
2019-12-12 22:49:00,142.83,142.83,142.64,142.64,166.447782
2019-12-12 22:48:00,142.59,142.84,142.46,142.83,509.718187
2019-12-12 22:47:00,142.2,142.69,142.12,142.61,886.079469
2019-12-12 22:46:00,142.53,142.53,141.73,142.2,2206.052802
2019-12-12 22:45:00,142.76,142.76,142.49,142.53,930.440268
2019-12-12 22:44:00,142.94,142.94,142.6,142.79,714.367322
2019-12-12 22:43:00,143.11,143.11,142.76,142.93,1520.431119
2019-12-12 22:42:00,143.27,143.27,143.07,143.11,85.285988
2019-12-12 22:41:00,143.22,143.3,143.2,143.27,135.604337
2019-12-12 22:40:00,143,143.23,142.96,143.23,964.013163
2019-12-12 22:39:00,143.33,143.34,143,143,602.130446
2019-12-12 22:38:00,143.39,143.39,143.33,143.33,76.748036
2019-12-12 22:37:00,143.46,143.46,143.36,143.4,111.80879
2019-12-12 22:36:00,143.54,143.57,143.47,143.47,188.414562
2019-12-12 22:35:00,143.48,143.53,143.48,143.52,3.827612
2019-12-12 22:34:00,143.36,143.56,143.36,143.47,438.141925
2019-12-12 22:33:00,143.55,143.55,143.34,143.37,435.81313
2019-12-12 22:32:00,143.46,143.55,143.35,143.54,97.381908
2019-12-12 22:31:00,143.68,143.68,143.4,143.46,305.750837
2019-12-12 22:30:00,143.59,143.76,143.59,143.74,470.181383
2019-12-12 22:29:00,143.85,143.85,143.59,143.59,533.626112
2019-12-12 22:28:00,144.01,144.01,143.85,143.85,112.556444
2019-12-12 22:27:00,144.12,144.12,143.99,144.01,234.209835
2019-12-12 22:26:00,144.08,144.15,144.08,144.15,4.067284
2019-12-12 22:25:00,144.17,144.17,144.06,144.08,22.904358
2019-12-12 22:24:00,144.19,144.22,144.16,144.17,23.995431
2019-12-12 22:23:00,144.16,144.21,144.15,144.2,89.375813
2019-12-12 22:22:00,144.14,144.15,144.09,144.15,509.638405
2019-12-12 22:21:00,144.24,144.24,144.04,144.09,696.887598
2019-12-12 22:20:00,144.3,144.3,144.25,144.25,38.130988
2019-12-12 22:19:00,144.29,144.31,144.29,144.31,3.864723
2019-12-12 22:18:00,144.34,144.34,144.27,144.28,17.89381
2019-12-12 22:17:00,144.32,144.37,144.32,144.34,24.651998
2019-12-12 22:16:00,144.53,144.53,144.32,144.32,167.098767
2019-12-12 22:15:00,144.51,144.55,144.51,144.53,5.807156
2019-12-12 22:14:00,144.5,144.59,144.49,144.53,90.131974
2019-12-12 22:13:00,144.36,144.5,144.36,144.49,12.980773
2019-12-12 22:12:00,144.38,144.39,144.36,144.37,14.382938
2019-12-12 22:11:00,144.33,144.4,144.33,144.39,53.230717
2019-12-12 22:10:00,144.42,144.42,144.34,144.34,64.881144
2019-12-12 22:09:00,144.36,144.47,144.3,144.42,378.342777
2019-12-12 22:08:00,144.37,144.37,144.34,144.36,159.232621
2019-12-12 22:07:00,144.55,144.57,144.36,144.36,560.000427
2019-12-12 22:06:00,144.51,144.55,144.49,144.52,270.201754
2019-12-12 22:05:00,144.42,144.51,144.42,144.5,333.611261
2019-12-12 22:04:00,144.3,144.44,144.29,144.41,234.846795
2019-12-12 22:03:00,144.21,144.3,144.21,144.3,231.265221
2019-12-12 22:02:00,144.18,144.22,144.18,144.21,44.702324
2019-12-12 22:01:00,144.1,144.15,144.1,144.15,60.350289
2019-12-12 22:00:00,144.09,144.1,144.09,144.1,3.392643
2019-12-12 21:59:00,144.13,144.13,144.07,144.09,102.315703
2019-12-12 21:58:00,144.11,144.13,144.11,144.13,25.153862
2019-12-12 21:57:00,144.03,144.11,144.03,144.11,13.234653
2019-12-12 21:56:00,144.04,144.04,144.04,144.04,0.714597
2019-12-12 21:55:00,144.03,144.04,144.03,144.03,19.605143
2019-12-12 21:54:00,144.04,144.04,143.99,144.03,7.680012
2019-12-12 21:53:00,144.01,144.05,144.01,144.05,17.78378
2019-12-12 21:52:00,144.02,144.02,144,144,3.128406
2019-12-12 21:51:00,143.92,144.02,143.92,144.02,31.35459
2019-12-12 21:50:00,143.92,143.93,143.92,143.92,34.59375
2019-12-12 21:49:00,143.99,143.99,143.94,143.94,17.344366
2019-12-12 21:48:00,143.93,144.03,143.93,143.97,212.648441
2019-12-12 21:47:00,143.91,143.94,143.91,143.94,68.816993
2019-12-12 21:46:00,143.83,143.91,143.83,143.9,41.581048
2019-12-12 21:45:00,143.77,143.83,143.77,143.83,74.146962
2019-12-12 21:44:00,143.84,143.84,143.73,143.77,49.851139
2019-12-12 21:43:00,143.69,143.83,143.69,143.83,35.298812
2019-12-12 21:42:00,143.92,143.92,143.67,143.73,94.184787
2019-12-12 21:41:00,143.92,143.93,143.89,143.93,9.071241
2019-12-12 21:40:00,143.93,143.94,143.93,143.94,0.270506
2019-12-12 21:39:00,143.96,143.96,143.93,143.93,3.597634
2019-12-12 21:38:00,143.97,143.99,143.96,143.96,2.548035
2019-12-12 21:37:00,143.92,143.95,143.92,143.94,18.732409
2019-12-12 21:36:00,143.95,143.95,143.93,143.93,15.773405
2019-12-12 21:35:00,144.04,144.04,143.96,143.96,45.185023
2019-12-12 21:34:00,144.1,144.1,144.03,144.05,13.11298
2019-12-12 21:33:00,144.1,144.11,144.1,144.1,12.534921
2019-12-12 21:32:00,144.11,144.11,144.11,144.11,0.004586
2019-12-12 21:31:00,144.15,144.15,144.11,144.11,8.552569
2019-12-12 21:30:00,144.15,144.15,144.15,144.15,17.357936
2019-12-12 21:29:00,143.98,144.12,143.98,144.12,11.267033
2019-12-12 21:28:00,143.95,144.03,143.94,144.03,42.086459
2019-12-12 21:27:00,143.84,143.95,143.84,143.95,44.282549
2019-12-12 21:26:00,143.88,143.88,143.84,143.84,52.119552
2019-12-12 21:25:00,143.99,143.99,143.88,143.88,87.519819
2019-12-12 21:24:00,143.99,143.99,143.99,143.99,0.119573
2019-12-12 21:23:00,143.99,144,143.99,144,3.824655
2019-12-12 21:22:00,144.01,144.02,143.97,144,19.429646
2019-12-12 21:21:00,144.13,144.13,144.01,144.01,1888.156864
2019-12-12 21:20:00,144.13,144.13,144.13,144.13,6.271524
2019-12-12 21:19:00,144.13,144.13,144.13,144.13,4.260366
2019-12-12 21:18:00,144.13,144.13,144.13,144.13,0.562
2019-12-12 21:17:00,144.13,144.16,144.13,144.16,3.411427
2019-12-12 21:16:00,144.17,144.17,144.1,144.11,41.961518
2019-12-12 21:15:00,144.17,144.18,144.17,144.17,8.368997
2019-12-12 21:14:00,144.16,144.18,144.16,144.18,7.873204
2019-12-12 21:13:00,144.22,144.23,144.16,144.16,17.077645
2019-12-12 21:12:00,144.22,144.24,144.18,144.22,81.485241
2019-12-12 21:11:00,144.22,144.22,144.21,144.22,61.716543
2019-12-12 21:10:00,144.21,144.22,144.21,144.22,72.132028
2019-12-12 21:09:00,144.27,144.27,144.21,144.21,214.163047
2019-12-12 21:08:00,144.27,144.27,144.26,144.27,142.106935
2019-12-12 21:07:00,144.26,144.29,144.25,144.27,173.692031
2019-12-12 21:06:00,144.27,144.27,144.21,144.23,129.140888
2019-12-12 21:05:00,144.27,144.27,144.22,144.27,126.252702
2019-12-12 21:04:00,144.25,144.28,144.25,144.28,51.753561
2019-12-12 21:03:00,144.19,144.25,144.19,144.25,117.931955
2019-12-12 21:02:00,144.29,144.29,144.14,144.19,83.467172
2019-12-12 21:01:00,144.29,144.29,144.28,144.28,19.911307
2019-12-12 21:00:00,144.1,144.29,144.1,144.28,54.026295
2019-12-12 20:59:00,144.01,144.11,144.01,144.11,76.210017
2019-12-12 20:58:00,143.93,143.99,143.93,143.99,42.817103
2019-12-12 20:57:00,143.91,143.91,143.91,143.91,70.408322
2019-12-12 20:56:00,143.92,143.92,143.9,143.9,0.327587
2019-12-12 20:55:00,143.76,143.93,143.76,143.92,81.784027
2019-12-12 20:54:00,143.77,143.77,143.75,143.76,9.001804
2019-12-12 20:53:00,143.75,143.81,143.73,143.78,26.55883
2019-12-12 20:52:00,143.89,143.89,143.75,143.77,136.180325
2019-12-12 20:51:00,143.95,143.95,143.86,143.9,23.998768
2019-12-12 20:50:00,143.99,143.99,143.97,143.97,0.824291
2019-12-12 20:49:00,143.99,143.99,143.99,143.99,0
2019-12-12 20:48:00,144,144,143.99,143.99,8.640896
2019-12-12 20:47:00,144.08,144.08,144.02,144.02,50.380053
2019-12-12 20:46:00,144.08,144.08,144.08,144.08,6.753517
2019-12-12 20:45:00,144.08,144.08,144.07,144.08,0.252117
2019-12-12 20:44:00,144.08,144.08,144.07,144.07,1.472687
2019-12-12 20:43:00,144.1,144.1,144.07,144.08,8.22792
2019-12-12 20:42:00,144.1,144.11,144.1,144.1,9.117866
2019-12-12 20:41:00,144,144.11,144,144.11,149.989981
2019-12-12 20:40:00,143.93,144.02,143.93,143.99,27.632553
2019-12-12 20:39:00,143.81,143.94,143.81,143.93,1930.123378
2019-12-12 20:38:00,143.85,143.85,143.8,143.81,40.012001
2019-12-12 20:37:00,143.98,143.98,143.84,143.84,37.642946
2019-12-12 20:36:00,144.14,144.14,143.96,143.97,70.556962
2019-12-12 20:35:00,144.14,144.14,144.09,144.13,78.439397
2019-12-12 20:34:00,144.21,144.21,144.13,144.13,25.752019
2019-12-12 20:33:00,144.23,144.24,144.21,144.21,1.112904
2019-12-12 20:32:00,144.24,144.24,144.23,144.24,3.25707
2019-12-12 20:31:00,144.22,144.29,144.21,144.23,101.731394
2019-12-12 20:30:00,144.15,144.21,144.14,144.2,53.531707
2019-12-12 20:29:00,144.15,144.15,144.14,144.15,10.661547
2019-12-12 20:28:00,144.14,144.15,144.06,144.15,115.264591
2019-12-12 20:27:00,144.2,144.2,144.14,144.14,101.578198
2019-12-12 20:26:00,144.26,144.26,144.2,144.2,51.563588
2019-12-12 20:25:00,144.29,144.3,144.29,144.29,1.17071
2019-12-12 20:24:00,144.3,144.3,144.29,144.29,40.918718
2019-12-12 20:23:00,144.31,144.31,144.28,144.3,30.347671
2019-12-12 20:22:00,144.34,144.34,144.31,144.31,7.629284
2019-12-12 20:21:00,144.34,144.34,144.34,144.34,0.0066
2019-12-12 20:20:00,144.34,144.39,144.34,144.39,93.385428
2019-12-12 20:19:00,144.3,144.35,144.3,144.35,35.259872
2019-12-12 20:18:00,144.26,144.3,144.21,144.3,17.054887
2019-12-12 20:17:00,144.33,144.33,144.26,144.26,8.308853
2019-12-12 20:16:00,144.3,144.37,144.29,144.34,89.692191
2019-12-12 20:15:00,144.41,144.42,144.31,144.31,41.059455
2019-12-12 20:14:00,144.52,144.53,144.44,144.44,155.785686
2019-12-12 20:13:00,144.53,144.53,144.49,144.53,348.136781
2019-12-12 20:12:00,144.63,144.63,144.52,144.52,262.978524
2019-12-12 20:11:00,144.77,144.78,144.61,144.65,166.226985
2019-12-12 20:10:00,144.57,144.77,144.57,144.77,144.504563
2019-12-12 20:09:00,144.58,144.59,144.58,144.58,23.725194
2019-12-12 20:08:00,144.7,144.7,144.58,144.58,265.650958
2019-12-12 20:07:00,144.62,144.74,144.62,144.69,179.589568
2019-12-12 20:06:00,144.73,144.73,144.62,144.62,544.406237
2019-12-12 20:05:00,144.4,144.73,144.4,144.73,587.904904
2019-12-12 20:04:00,144.53,144.53,144.37,144.39,171.97875
2019-12-12 20:03:00,144.36,145,144.36,144.53,5102.739338
2019-12-12 20:02:00,144.3,144.38,144.3,144.38,127.211602
2019-12-12 20:01:00,144.27,144.35,144.27,144.3,56.819867
2019-12-12 20:00:00,144.13,144.4,144.13,144.29,701.632246
2019-12-12 19:59:00,144.08,144.13,144.08,144.13,34.383699
2019-12-12 19:58:00,143.96,144.08,143.96,144.08,317.949342
2019-12-12 19:57:00,143.8,143.93,143.8,143.92,35.803532
2019-12-12 19:56:00,143.76,143.82,143.76,143.8,27.360848
2019-12-12 19:55:00,143.75,143.77,143.72,143.76,61.963686
2019-12-12 19:54:00,143.76,143.76,143.75,143.76,13.473574
2019-12-12 19:53:00,143.72,143.76,143.72,143.76,9.5407
2019-12-12 19:52:00,143.78,143.78,143.71,143.71,97.174453
2019-12-12 19:51:00,143.91,143.91,143.82,143.82,14.138254
2019-12-12 19:50:00,143.91,143.92,143.91,143.91,13.882817
2019-12-12 19:49:00,143.9,143.91,143.9,143.91,13.790886
2019-12-12 19:48:00,143.91,143.91,143.88,143.89,3.945933
2019-12-12 19:47:00,144.02,144.02,143.91,143.92,107.791875
2019-12-12 19:46:00,144.11,144.12,144,144.02,120.729379
2019-12-12 19:45:00,144.15,144.16,144.12,144.12,41.013971
2019-12-12 19:44:00,144.14,144.2,144.14,144.16,80.277745
2019-12-12 19:43:00,144.1,144.14,144.1,144.13,26.288035
2019-12-12 19:42:00,144.11,144.14,144.1,144.1,15.951605
2019-12-12 19:41:00,144.1,144.11,144.1,144.11,4.967486
2019-12-12 19:40:00,144.11,144.11,144.1,144.1,17.738112
2019-12-12 19:39:00,144.11,144.11,144.1,144.1,10.581866
2019-12-12 19:38:00,144.1,144.11,144.1,144.1,1.379492
2019-12-12 19:37:00,144.1,144.11,144.1,144.11,3.908963
2019-12-12 19:36:00,144.11,144.11,144.1,144.1,17.219047
2019-12-12 19:35:00,144.1,144.11,144.09,144.11,5.394267
2019-12-12 19:34:00,144.1,144.1,144.09,144.09,29.215181
2019-12-12 19:33:00,144.09,144.09,144.09,144.09,0.709951
2019-12-12 19:32:00,144.08,144.1,144.05,144.09,36.085155
2019-12-12 19:31:00,144.18,144.18,144.03,144.1,116.667566
2019-12-12 19:30:00,144.13,144.19,144.13,144.14,58.643399
2019-12-12 19:29:00,144.11,144.14,144.11,144.14,3.837365
2019-12-12 19:28:00,144.11,144.11,144.11,144.11,0.597341
2019-12-12 19:27:00,144.11,144.11,144.1,144.11,9.941035
2019-12-12 19:26:00,144.1,144.1,144.1,144.1,28.72448
2019-12-12 19:25:00,144.15,144.15,144.09,144.09,7.157424
2019-12-12 19:24:00,144.14,144.14,144.14,144.14,40.376385
2019-12-12 19:23:00,144.26,144.26,144.14,144.15,54.483789
2019-12-12 19:22:00,144.29,144.29,144.25,144.26,41.841817
2019-12-12 19:21:00,144.22,144.29,144.22,144.28,6.655875
2019-12-12 19:20:00,144.16,144.23,144.16,144.22,231.870033
2019-12-12 19:19:00,144.07,144.17,144.04,144.16,104.885652
2019-12-12 19:18:00,144.17,144.17,144.03,144.07,63.901898
2019-12-12 19:17:00,144.25,144.26,144.17,144.17,36.56307
2019-12-12 19:16:00,144.23,144.35,144.23,144.26,255.780676
2019-12-12 19:15:00,144.15,144.23,144.14,144.22,72.882808
2019-12-12 19:14:00,144.16,144.17,144.09,144.15,66.928508
2019-12-12 19:13:00,144.21,144.21,144.17,144.17,113.888904
2019-12-12 19:12:00,144.2,144.21,144.2,144.2,49.886531
2019-12-12 19:11:00,144.24,144.24,144.22,144.22,53.621927
2019-12-12 19:10:00,144.23,144.27,144.23,144.24,122.678344
2019-12-12 19:09:00,144.25,144.25,144.22,144.22,29.302543
2019-12-12 19:08:00,144.27,144.27,144.25,144.25,26.740359
2019-12-12 19:07:00,144.31,144.31,144.29,144.29,7.814792
2019-12-12 19:06:00,144.3,144.3,144.22,144.3,129.168709
2019-12-12 19:05:00,144.22,144.31,144.22,144.31,114.783975
2019-12-12 19:04:00,144.2,144.21,144.15,144.21,74.322182
2019-12-12 19:03:00,144.12,144.2,144.11,144.2,119.257616
2019-12-12 19:02:00,144.11,144.11,144.11,144.11,3.170756
2019-12-12 19:01:00,143.87,144.11,143.87,144.11,176.203972
2019-12-12 19:00:00,143.76,143.89,143.76,143.88,132.120224
2019-12-12 18:59:00,143.75,143.76,143.75,143.76,0.529264
2019-12-12 18:58:00,143.73,143.76,143.72,143.75,16.222317
2019-12-12 18:57:00,143.72,143.73,143.72,143.72,10.079916
2019-12-12 18:56:00,143.72,143.73,143.7,143.72,26.800972
2019-12-12 18:55:00,143.75,143.75,143.69,143.72,232.957965
2019-12-12 18:54:00,143.74,143.75,143.74,143.75,56.179875
2019-12-12 18:53:00,143.75,143.75,143.7,143.74,90.215748
2019-12-12 18:52:00,143.76,143.76,143.72,143.75,175.510444
2019-12-12 18:51:00,143.81,143.82,143.76,143.76,82.866866
2019-12-12 18:50:00,143.91,143.91,143.82,143.82,11.33001
2019-12-12 18:49:00,143.91,143.91,143.91,143.91,0.061675
2019-12-12 18:48:00,143.92,143.92,143.91,143.91,7.304651
2019-12-12 18:47:00,144,144,143.9,143.92,515.745734
2019-12-12 18:46:00,144.08,144.08,144,144,2326.515357
2019-12-12 18:45:00,143.9,144.08,143.88,144.08,1766.47087
2019-12-12 18:44:00,143.9,143.91,143.82,143.9,532.804861
2019-12-12 18:43:00,144.04,144.04,143.8,143.9,470.264328
2019-12-12 18:42:00,144.05,144.1,144.05,144.05,235.587818
2019-12-12 18:41:00,144.07,144.2,144,144.05,1128.964711
2019-12-12 18:40:00,143.94,144.08,143.94,144.07,573.740278
2019-12-12 18:39:00,143.94,144.03,143.88,143.93,370.117568
2019-12-12 18:38:00,143.89,143.96,143.89,143.94,148.58805
2019-12-12 18:37:00,143.9,143.9,143.89,143.89,210.372801
2019-12-12 18:36:00,143.91,143.96,143.9,143.9,229.836532
2019-12-12 18:35:00,143.94,144,143.89,143.91,405.479924
2019-12-12 18:34:00,143.84,143.93,143.84,143.93,1.80191
2019-12-12 18:33:00,143.87,143.87,143.84,143.84,28.936154
2019-12-12 18:32:00,143.9,143.91,143.85,143.86,18.06678
2019-12-12 18:31:00,144,144.03,143.84,143.9,550.961789
2019-12-12 18:30:00,144.04,144.08,144,144,1041.555374
2019-12-12 18:29:00,143.7,144.05,143.67,144.05,8697.274471
2019-12-12 18:28:00,143.71,143.71,143.7,143.7,109.644844
2019-12-12 18:27:00,143.61,143.71,143.61,143.71,153.36185
2019-12-12 18:26:00,143.52,143.7,143.51,143.61,4480.814555
2019-12-12 18:25:00,143.5,143.51,143.5,143.51,4.689576
2019-12-12 18:24:00,143.49,143.5,143.47,143.47,43.281043
2019-12-12 18:23:00,143.69,143.69,143.49,143.49,75.756973
2019-12-12 18:22:00,143.58,143.7,143.58,143.68,72.0513
2019-12-12 18:21:00,143.6,143.6,143.55,143.57,8.647285
2019-12-12 18:20:00,143.78,143.78,143.63,143.63,58.387109
2019-12-12 18:19:00,143.82,143.82,143.7,143.74,210.284115
2019-12-12 18:18:00,143.8,143.86,143.8,143.82,64.014799
2019-12-12 18:17:00,143.53,143.87,143.53,143.8,1419.501658
2019-12-12 18:16:00,143.45,143.56,143.45,143.51,125.19359
2019-12-12 18:15:00,143.05,143.52,143.05,143.45,2045.330379
2019-12-12 18:14:00,143.1,143.1,143,143.06,64.912814
2019-12-12 18:13:00,143.21,143.21,143.04,143.14,233.47064
2019-12-12 18:12:00,143.16,143.23,143.16,143.21,38.442258
2019-12-12 18:11:00,143.33,143.34,143.17,143.19,333.349668
2019-12-12 18:10:00,143.48,143.48,143.16,143.35,696.435138
2019-12-12 18:09:00,143.6,143.62,143.45,143.48,458.93632
2019-12-12 18:08:00,143.61,143.63,143.59,143.59,162.01523
2019-12-12 18:07:00,143.71,143.71,143.59,143.59,214.903533
2019-12-12 18:06:00,143.85,143.92,143.64,143.71,844.797162
2019-12-12 18:05:00,144.04,144.04,143.77,143.85,535.928551
2019-12-12 18:04:00,143.85,144.96,143.84,144.04,5008.49739
2019-12-12 18:03:00,143.57,143.94,143.57,143.85,3279.968129
2019-12-12 18:02:00,143.55,143.57,143.55,143.57,95.836962
2019-12-12 18:01:00,143.53,143.6,143.53,143.55,251.170652
2019-12-12 18:00:00,143.34,143.55,143.3,143.55,160.722236
2019-12-12 17:59:00,143.34,143.35,143.33,143.35,183.692589
2019-12-12 17:58:00,143.24,143.31,143.24,143.31,67.488376
2019-12-12 17:57:00,143.2,143.27,143.2,143.27,38.236333
2019-12-12 17:56:00,143.4,143.4,143.21,143.21,226.601106
2019-12-12 17:55:00,143.28,143.44,143.28,143.4,96.801732
2019-12-12 17:54:00,143.25,143.28,143.23,143.28,47.081873
2019-12-12 17:53:00,143.21,143.25,143.17,143.25,37.510018
2019-12-12 17:52:00,143.1,143.21,143.1,143.21,7.907432
2019-12-12 17:51:00,143.08,143.12,143.08,143.1,1.446131
2019-12-12 17:50:00,143.13,143.13,143.05,143.07,10.71546
2019-12-12 17:49:00,143.21,143.21,143.15,143.15,2.553344
2019-12-12 17:48:00,143.32,143.32,143.22,143.22,26.897433
2019-12-12 17:47:00,143.13,143.32,143.13,143.32,26.030169
2019-12-12 17:46:00,143.06,143.12,143.06,143.12,69.021328
2019-12-12 17:45:00,142.94,143.05,142.94,143.05,12.713693
2019-12-12 17:44:00,142.97,143.01,142.92,142.94,70.824648
2019-12-12 17:43:00,143.04,143.04,142.97,142.97,14.941189
2019-12-12 17:42:00,142.99,143.14,142.98,143.04,506.110308
2019-12-12 17:41:00,142.99,143,142.92,142.99,139.727555
2019-12-12 17:40:00,143.16,143.16,143,143,123.958245
2019-12-12 17:39:00,143.3,143.35,143.17,143.17,283.319615
2019-12-12 17:38:00,143.32,143.32,143.29,143.29,38.130337
2019-12-12 17:37:00,143.4,143.41,143.29,143.32,142.790509
2019-12-12 17:36:00,143.41,143.44,143.4,143.4,28.826257
2019-12-12 17:35:00,143.35,143.58,143.35,143.4,696.651484
2019-12-12 17:34:00,143.65,143.65,143.36,143.36,3192.116703
2019-12-12 17:33:00,143.03,143.66,143.03,143.64,2777.954609
2019-12-12 17:32:00,142.92,143.03,142.91,143.03,247.977699
2019-12-12 17:31:00,142.7,143.02,142.7,142.92,837.852961
2019-12-12 17:30:00,142.6,142.76,142.6,142.7,639.321321
2019-12-12 17:29:00,142.58,142.6,142.43,142.6,2541.373907
2019-12-12 17:28:00,142.5,142.58,142.5,142.58,13.270648
2019-12-12 17:27:00,142.47,142.5,142.46,142.5,13.661773
2019-12-12 17:26:00,142.23,142.64,142.23,142.46,1113.958393
2019-12-12 17:25:00,142.11,142.28,142.11,142.23,357.449476
2019-12-12 17:24:00,142.05,142.1,142.04,142.1,14.015867
2019-12-12 17:23:00,141.97,142.05,141.97,142.05,24.304169
2019-12-12 17:22:00,141.97,141.97,141.97,141.97,0.00742
2019-12-12 17:21:00,141.97,141.98,141.97,141.97,6.494903
2019-12-12 17:20:00,141.92,141.97,141.92,141.97,10.281676
2019-12-12 17:19:00,141.9,141.9,141.9,141.9,4.263766
2019-12-12 17:18:00,141.9,141.9,141.89,141.89,7.880375
2019-12-12 17:17:00,141.9,141.9,141.9,141.9,5.666483
2019-12-12 17:16:00,141.9,141.92,141.9,141.9,5.14052
2019-12-12 17:15:00,141.88,141.9,141.88,141.9,42.187012
2019-12-12 17:14:00,141.86,141.86,141.85,141.85,0.265052
2019-12-12 17:13:00,141.85,141.9,141.85,141.88,24.107489
2019-12-12 17:12:00,141.85,141.86,141.85,141.85,8.104162
2019-12-12 17:11:00,141.88,141.88,141.85,141.85,9.261009
2019-12-12 17:10:00,141.91,141.91,141.87,141.88,87.92593
2019-12-12 17:09:00,141.92,141.92,141.92,141.92,3.438591
2019-12-12 17:08:00,141.91,141.92,141.91,141.91,20.319498
2019-12-12 17:07:00,141.87,141.92,141.87,141.92,3.007501
2019-12-12 17:06:00,141.82,141.85,141.82,141.85,15.89899
2019-12-12 17:05:00,141.86,141.86,141.82,141.82,1.211817
2019-12-12 17:04:00,141.87,141.87,141.86,141.86,57.343813
2019-12-12 17:03:00,141.8,141.81,141.8,141.81,6.817704
2019-12-12 17:02:00,141.81,141.86,141.79,141.83,20.318629
2019-12-12 17:01:00,141.81,141.81,141.81,141.81,2.692927
2019-12-12 17:00:00,141.8,141.81,141.8,141.81,8.986209
2019-12-12 16:59:00,141.85,141.86,141.8,141.8,111.418005
2019-12-12 16:58:00,141.83,141.89,141.83,141.88,4.441068
2019-12-12 16:57:00,141.86,141.86,141.78,141.82,31.287272
2019-12-12 16:56:00,141.89,141.89,141.86,141.86,16.144093
2019-12-12 16:55:00,141.86,141.87,141.86,141.86,14.28765
2019-12-12 16:54:00,141.86,141.86,141.85,141.85,1.977169
2019-12-12 16:53:00,141.82,141.88,141.82,141.87,30.391486
2019-12-12 16:52:00,141.81,141.82,141.81,141.82,6.952352
2019-12-12 16:51:00,141.77,141.83,141.77,141.81,311.870696
2019-12-12 16:50:00,141.76,141.77,141.76,141.77,1.529803
2019-12-12 16:49:00,141.72,141.79,141.72,141.76,115.160331
2019-12-12 16:48:00,141.7,141.72,141.69,141.72,65.578597
2019-12-12 16:47:00,141.66,141.7,141.66,141.7,65.450708
2019-12-12 16:46:00,141.59,141.69,141.59,141.67,17.098947
2019-12-12 16:45:00,141.56,141.61,141.55,141.59,0.462388
2019-12-12 16:44:00,141.55,141.58,141.54,141.56,25.161182
2019-12-12 16:43:00,141.61,141.61,141.55,141.55,48.537765
2019-12-12 16:42:00,141.61,141.62,141.55,141.61,64.458515
2019-12-12 16:41:00,141.57,141.62,141.57,141.61,119.178647
2019-12-12 16:40:00,141.57,141.57,141.56,141.57,2.109952
2019-12-12 16:39:00,141.56,141.58,141.56,141.57,45.879058
2019-12-12 16:38:00,141.56,141.59,141.56,141.57,11.357282
2019-12-12 16:37:00,141.55,141.56,141.55,141.55,101.668812
2019-12-12 16:36:00,141.56,141.56,141.55,141.55,68.325055
2019-12-12 16:35:00,141.62,141.62,141.55,141.55,59.697352
2019-12-12 16:34:00,141.64,141.69,141.61,141.63,290.78331
2019-12-12 16:33:00,141.6,141.69,141.59,141.65,1615.032108
2019-12-12 16:32:00,141.46,141.59,141.46,141.59,79.455184
2019-12-12 16:31:00,141.34,141.51,141.34,141.46,54.219083
2019-12-12 16:30:00,141.28,141.34,141.28,141.34,78.639646
2019-12-12 16:29:00,141.31,141.31,141.26,141.28,57.681197
2019-12-12 16:28:00,141.31,141.31,141.31,141.31,0.364266
2019-12-12 16:27:00,141.31,141.32,141.26,141.3,128.903595
2019-12-12 16:26:00,141.31,141.36,141.26,141.31,101.583252
2019-12-12 16:25:00,141.19,141.32,141.17,141.32,289.412648
2019-12-12 16:24:00,141.42,141.48,141.13,141.19,1191.242349
2019-12-12 16:23:00,141.54,141.58,141.42,141.43,647.774612
2019-12-12 16:22:00,141.68,141.68,141.53,141.54,33.584356
2019-12-12 16:21:00,141.69,141.69,141.68,141.69,3.451373
2019-12-12 16:20:00,141.67,141.72,141.67,141.69,126.727449
2019-12-12 16:19:00,141.72,141.72,141.67,141.67,10.766859
2019-12-12 16:18:00,141.64,141.69,141.64,141.69,113.271043
2019-12-12 16:17:00,141.61,141.65,141.61,141.64,63.244963
2019-12-12 16:16:00,141.6,141.61,141.49,141.61,300.405208
2019-12-12 16:15:00,141.64,141.64,141.6,141.6,47.568364
2019-12-12 16:14:00,141.66,141.66,141.63,141.63,75.194544
2019-12-12 16:13:00,141.66,141.67,141.66,141.66,8.699801
2019-12-12 16:12:00,141.64,141.67,141.64,141.67,11.202056
2019-12-12 16:11:00,141.65,141.65,141.62,141.63,116.550183
2019-12-12 16:10:00,141.69,141.71,141.64,141.64,734.489936
2019-12-12 16:09:00,141.71,141.74,141.69,141.69,94.16915
2019-12-12 16:08:00,141.75,141.75,141.68,141.7,136.596242
2019-12-12 16:07:00,141.75,141.82,141.69,141.75,196.698411
2019-12-12 16:06:00,141.9,141.9,141.74,141.75,672.911316
2019-12-12 16:05:00,141.91,141.92,141.9,141.9,37.554686
2019-12-12 16:04:00,141.94,141.94,141.9,141.9,7.583489
2019-12-12 16:03:00,141.99,142,141.93,141.94,12.250581
2019-12-12 16:02:00,141.96,142.03,141.96,141.96,106.081944
2019-12-12 16:01:00,141.97,141.97,141.96,141.96,14.309927
2019-12-12 16:00:00,141.97,141.97,141.93,141.96,9.95362
2019-12-12 15:59:00,141.97,141.98,141.97,141.98,1.196794
2019-12-12 15:58:00,141.98,141.98,141.97,141.97,7.85705
2019-12-12 15:57:00,142.04,142.04,141.97,141.97,15.685406
2019-12-12 15:56:00,142.01,142.06,142.01,142.04,21.20756
2019-12-12 15:55:00,142.07,142.07,141.99,142.05,124.355976
2019-12-12 15:54:00,142.06,142.06,142.06,142.06,6.328299
2019-12-12 15:53:00,142.05,142.06,142.03,142.06,9.685086
2019-12-12 15:52:00,142.09,142.09,142.06,142.06,100.033079
2019-12-12 15:51:00,142.15,142.15,142.09,142.09,568.139824
2019-12-12 15:50:00,142.17,142.17,142.14,142.15,16.053881
2019-12-12 15:49:00,142.15,142.2,142.15,142.17,200.53463
2019-12-12 15:48:00,142.17,142.17,142.15,142.15,19.477774
2019-12-12 15:47:00,142.21,142.21,142.17,142.18,105.674914
2019-12-12 15:46:00,142.21,142.22,142.21,142.21,0.756636
2019-12-12 15:45:00,142.14,142.21,142.14,142.21,22.881269
2019-12-12 15:44:00,142.17,142.17,142.17,142.17,0.335119
2019-12-12 15:43:00,142.17,142.17,142.16,142.16,1.128696
2019-12-12 15:42:00,142.21,142.22,142.13,142.16,96.56479
2019-12-12 15:41:00,142.14,142.22,142.13,142.21,364.007511
2019-12-12 15:40:00,142.14,142.14,142.14,142.14,78.967328
2019-12-12 15:39:00,142.11,142.14,142.11,142.14,106.661279
2019-12-12 15:38:00,142.11,142.14,142.11,142.14,12.871528
2019-12-12 15:37:00,142.11,142.11,142.11,142.11,1.067408
2019-12-12 15:36:00,142.1,142.11,142.1,142.1,2.440532
2019-12-12 15:35:00,142.13,142.13,142.1,142.11,5.724368
2019-12-12 15:34:00,142.1,142.16,142.1,142.13,16.060737
2019-12-12 15:33:00,141.98,142.15,141.98,142.09,423.599356
2019-12-12 15:32:00,141.9,141.97,141.9,141.97,638.896214
2019-12-12 15:31:00,141.91,141.91,141.85,141.9,119.24573
2019-12-12 15:30:00,142.04,142.04,141.9,141.9,214.807486
2019-12-12 15:29:00,142.04,142.05,142.02,142.05,98.289582
2019-12-12 15:28:00,142.04,142.04,142.03,142.03,16.064646
2019-12-12 15:27:00,142.03,142.03,142.03,142.03,4.549594
2019-12-12 15:26:00,142.04,142.04,142.02,142.03,7.117365
2019-12-12 15:25:00,142.04,142.04,142.04,142.04,0.007608
2019-12-12 15:24:00,142,142.06,142,142.06,147.667349
2019-12-12 15:23:00,142,142,142,142,0.375347
2019-12-12 15:22:00,142.11,142.11,141.99,142,360.263892
2019-12-12 15:21:00,142.17,142.21,142.1,142.1,48.571915
2019-12-12 15:20:00,142.16,142.2,142.15,142.19,69.626757
2019-12-12 15:19:00,142.12,142.16,142.12,142.15,17.084073
2019-12-12 15:18:00,142.12,142.13,142.11,142.11,253.161987
2019-12-12 15:17:00,142.05,142.09,142.05,142.07,37.458806
2019-12-12 15:16:00,142.05,142.12,142.04,142.05,213.329721
2019-12-12 15:15:00,142.21,142.21,142.01,142.05,365.377897
2019-12-12 15:14:00,142.2,142.21,142.2,142.21,2.168957
2019-12-12 15:13:00,142.2,142.21,142.2,142.2,79.082169
2019-12-12 15:12:00,142.21,142.22,142.2,142.2,28.649835
2019-12-12 15:11:00,142.22,142.22,142.21,142.21,0.303287
2019-12-12 15:10:00,142.22,142.25,142.22,142.22,188.153841
2019-12-12 15:09:00,142.19,142.29,142.19,142.25,220.994926
2019-12-12 15:08:00,142.23,142.23,142.12,142.18,50.066178
2019-12-12 15:07:00,142.32,142.32,142.15,142.22,167.839634
2019-12-12 15:06:00,142.37,142.37,142.32,142.32,17.361812
2019-12-12 15:05:00,142.36,142.39,142.36,142.36,11.516398
2019-12-12 15:04:00,142.36,142.4,142.36,142.37,19.320216
2019-12-12 15:03:00,142.4,142.44,142.36,142.36,130.516308
2019-12-12 15:02:00,142.38,142.4,142.38,142.39,18.032175
2019-12-12 15:01:00,142.49,142.49,142.44,142.44,14.755281
2019-12-12 15:00:00,142.43,142.49,142.43,142.47,263.317531
2019-12-12 14:59:00,142.38,142.45,142.35,142.44,256.68828
2019-12-12 14:58:00,142.35,142.38,142.35,142.37,2.350585
2019-12-12 14:57:00,142.26,142.35,142.26,142.34,44.075621
2019-12-12 14:56:00,142.22,142.26,142.22,142.26,18.565133
2019-12-12 14:55:00,142.22,142.22,142.22,142.22,0.227897
2019-12-12 14:54:00,142.11,142.24,142.11,142.22,338.493153
2019-12-12 14:53:00,142.04,142.11,142.03,142.11,101.854543
2019-12-12 14:52:00,142.03,142.03,142.03,142.03,21.571217
2019-12-12 14:51:00,142.26,142.26,142.03,142.03,72.873417
2019-12-12 14:50:00,142.17,142.24,142.17,142.24,15.532036
2019-12-12 14:49:00,142.29,142.34,142.17,142.17,170.595187
2019-12-12 14:48:00,142.46,142.46,142.25,142.3,644.473464
2019-12-12 14:47:00,142.42,142.46,142.42,142.46,0.087861
2019-12-12 14:46:00,142.41,142.45,142.41,142.45,7.983302
2019-12-12 14:45:00,142.38,142.45,142.37,142.42,19.732934
2019-12-12 14:44:00,142.38,142.38,142.37,142.38,25.126651
2019-12-12 14:43:00,142.37,142.38,142.37,142.37,2.039344
2019-12-12 14:42:00,142.37,142.37,142.36,142.36,5.760438
2019-12-12 14:41:00,142.36,142.37,142.36,142.37,10.798983
2019-12-12 14:40:00,142.44,142.45,142.36,142.36,74.329658
2019-12-12 14:39:00,142.45,142.45,142.44,142.44,3.357407
2019-12-12 14:38:00,142.45,142.45,142.45,142.45,6.857962
2019-12-12 14:37:00,142.47,142.47,142.44,142.44,3.379304
2019-12-12 14:36:00,142.44,142.48,142.44,142.47,48.821672
2019-12-12 14:35:00,142.44,142.44,142.43,142.44,1.555546
2019-12-12 14:34:00,142.42,142.43,142.41,142.42,7.768813
2019-12-12 14:33:00,142.44,142.45,142.41,142.45,25.906758
2019-12-12 14:32:00,142.36,142.44,142.36,142.44,19.556853
2019-12-12 14:31:00,142.27,142.32,142.27,142.32,4.102501
2019-12-12 14:30:00,142.31,142.31,142.26,142.26,105.440944
2019-12-12 14:29:00,142.32,142.32,142.31,142.31,12.393959
2019-12-12 14:28:00,142.31,142.32,142.31,142.31,52.218278
2019-12-12 14:27:00,142.3,142.31,142.3,142.31,27.171959
2019-12-12 14:26:00,142.27,142.3,142.27,142.3,0.576221
2019-12-12 14:25:00,142.26,142.26,142.26,142.26,0.200516
2019-12-12 14:24:00,142.22,142.25,142.22,142.25,12.395995
2019-12-12 14:23:00,142.19,142.24,142.19,142.24,33.550625
2019-12-12 14:22:00,142.22,142.22,142.19,142.19,1.426661
2019-12-12 14:21:00,142.23,142.23,142.22,142.22,1.64376
2019-12-12 14:20:00,142.23,142.23,142.22,142.22,25.488297
2019-12-12 14:19:00,142.23,142.24,142.23,142.24,19.819165
2019-12-12 14:18:00,142.25,142.25,142.24,142.24,0.424631
2019-12-12 14:17:00,142.27,142.27,142.27,142.27,0.138514
2019-12-12 14:16:00,142.24,142.24,142.24,142.24,0.148932
2019-12-12 14:15:00,142.21,142.25,142.21,142.24,10.091621
2019-12-12 14:14:00,142.2,142.2,142.19,142.2,7.653307
2019-12-12 14:13:00,142.28,142.28,142.18,142.21,75.51577
2019-12-12 14:12:00,142.32,142.32,142.25,142.28,23.046722
2019-12-12 14:11:00,142.4,142.41,142.37,142.37,115.407094
2019-12-12 14:10:00,142.44,142.44,142.4,142.41,0.957171
2019-12-12 14:09:00,142.47,142.48,142.45,142.45,2.593264
2019-12-12 14:08:00,142.45,142.48,142.45,142.48,1.009592
2019-12-12 14:07:00,142.44,142.45,142.44,142.45,36.849572
2019-12-12 14:06:00,142.43,142.44,142.43,142.43,14.904758
2019-12-12 14:05:00,142.34,142.43,142.34,142.43,359.387812
2019-12-12 14:04:00,142.35,142.35,142.35,142.35,0.066125
2019-12-12 14:03:00,142.29,142.35,142.28,142.35,16.519787
2019-12-12 14:02:00,142.28,142.28,142.28,142.28,0
2019-12-12 14:01:00,142.28,142.28,142.28,142.28,0.431333
2019-12-12 14:00:00,142.32,142.33,142.28,142.28,23.415169
2019-12-12 13:59:00,142.33,142.33,142.32,142.32,25.835513
2019-12-12 13:58:00,142.25,142.32,142.25,142.32,34.917335
2019-12-12 13:57:00,142.19,142.25,142.19,142.24,19.143664
2019-12-12 13:56:00,142.18,142.19,142.18,142.19,0.42942
2019-12-12 13:55:00,142.18,142.19,142.18,142.19,8.887538
2019-12-12 13:54:00,142.19,142.19,142.19,142.19,0.021623
2019-12-12 13:53:00,142.19,142.19,142.19,142.19,0
2019-12-12 13:52:00,142.19,142.19,142.18,142.19,71.991916
2019-12-12 13:51:00,142.19,142.19,142.19,142.19,0
2019-12-12 13:50:00,142.19,142.19,142.19,142.19,0.122268
2019-12-12 13:49:00,142.16,142.2,142.16,142.2,70.723049
2019-12-12 13:48:00,142.25,142.25,142.16,142.16,82.450091
2019-12-12 13:47:00,142.26,142.26,142.26,142.26,20.925529
2019-12-12 13:46:00,142.27,142.27,142.25,142.25,31.567274
2019-12-12 13:45:00,142.28,142.28,142.27,142.27,13.784553
2019-12-12 13:44:00,142.27,142.28,142.27,142.27,6.000319
2019-12-12 13:43:00,142.23,142.28,142.23,142.28,5.970409
2019-12-12 13:42:00,142.28,142.28,142.22,142.22,6.373265
2019-12-12 13:41:00,142.18,142.28,142.18,142.28,51.083385
2019-12-12 13:40:00,142.19,142.19,142.19,142.19,1.46497
2019-12-12 13:39:00,142.16,142.18,142.16,142.18,1.062205
2019-12-12 13:38:00,142.18,142.18,142.15,142.16,5.431485
2019-12-12 13:37:00,142.19,142.19,142.19,142.19,2.936207
2019-12-12 13:36:00,142.14,142.15,142.14,142.15,0.388635
2019-12-12 13:35:00,142.15,142.15,142.14,142.15,2.150664
2019-12-12 13:34:00,142.14,142.15,142.14,142.15,1.341267
2019-12-12 13:33:00,142.13,142.15,142.13,142.14,214.6775
2019-12-12 13:32:00,142.12,142.13,142.11,142.12,95.092363
2019-12-12 13:31:00,142.12,142.14,142.11,142.13,26.441894
2019-12-12 13:30:00,142.04,142.11,142.04,142.11,12.491673
2019-12-12 13:29:00,142.01,142.05,142.01,142.04,14.650057
2019-12-12 13:28:00,141.94,141.98,141.94,141.98,37.797305
2019-12-12 13:27:00,142.05,142.05,141.92,141.94,135.871908
2019-12-12 13:26:00,142.27,142.27,142.05,142.06,1349.878798
2019-12-12 13:25:00,142.28,142.28,142.27,142.28,1.322757
2019-12-12 13:24:00,142.27,142.28,142.27,142.28,0.196422
2019-12-12 13:23:00,142.26,142.27,142.26,142.27,2.050571
2019-12-12 13:22:00,142.27,142.27,142.26,142.26,1.143627
2019-12-12 13:21:00,142.26,142.26,142.26,142.26,0.048394
2019-12-12 13:20:00,142.25,142.26,142.25,142.26,8.779633
2019-12-12 13:19:00,142.16,142.21,142.16,142.21,24.878399
2019-12-12 13:18:00,142.26,142.26,142.12,142.13,176.078027
2019-12-12 13:17:00,142.31,142.31,142.31,142.31,12.339515
2019-12-12 13:16:00,142.32,142.33,142.32,142.32,16.845341
2019-12-12 13:15:00,142.35,142.36,142.32,142.32,24.921159
2019-12-12 13:14:00,142.4,142.4,142.36,142.36,5.753145
2019-12-12 13:13:00,142.41,142.41,142.36,142.4,113.644995
2019-12-12 13:12:00,142.43,142.44,142.4,142.41,30.554768
2019-12-12 13:11:00,142.46,142.46,142.44,142.44,25.550302
2019-12-12 13:10:00,142.47,142.47,142.45,142.45,1.521341
2019-12-12 13:09:00,142.62,142.65,142.46,142.46,257.188929
2019-12-12 13:08:00,142.5,142.62,142.5,142.62,43.554384
2019-12-12 13:07:00,142.37,142.5,142.37,142.5,6.444246
2019-12-12 13:06:00,142.35,142.37,142.35,142.37,13.566862
2019-12-12 13:05:00,142.34,142.37,142.34,142.35,167.251716
2019-12-12 13:04:00,142.26,142.33,142.26,142.33,0.066455
2019-12-12 13:03:00,142.23,142.27,142.23,142.26,32.98195
2019-12-12 13:02:00,142.12,142.29,142.12,142.23,338.135008
2019-12-12 13:01:00,141.96,142.12,141.92,142.11,1607.864288
2019-12-12 13:00:00,141.7,141.97,141.7,141.94,331.279991
2019-12-12 12:59:00,141.73,141.73,141.73,141.73,0.145883
2019-12-12 12:58:00,141.7,141.73,141.7,141.73,97.500564
2019-12-12 12:57:00,141.71,141.71,141.7,141.71,0.64128
2019-12-12 12:56:00,141.76,141.76,141.7,141.71,81.929278
2019-12-12 12:55:00,141.78,141.78,141.76,141.76,22.413545
2019-12-12 12:54:00,141.79,141.79,141.78,141.78,12.505149
2019-12-12 12:53:00,141.79,141.79,141.79,141.79,24.817838
2019-12-12 12:52:00,141.82,141.83,141.77,141.79,6.932509
2019-12-12 12:51:00,141.87,141.88,141.82,141.83,48.67676
2019-12-12 12:50:00,141.92,141.92,141.87,141.88,12.532067
2019-12-12 12:49:00,142.04,142.04,141.87,141.93,266.672251
2019-12-12 12:48:00,142.04,142.04,142.03,142.04,0.935693
2019-12-12 12:47:00,142.04,142.04,142.03,142.03,80.426543
2019-12-12 12:46:00,142.04,142.04,142.04,142.04,0.00599
2019-12-12 12:45:00,142.04,142.04,142.04,142.04,24.135756
2019-12-12 12:44:00,142.07,142.08,142.03,142.04,45.682918
2019-12-12 12:43:00,142.09,142.1,142.06,142.07,53.786413
2019-12-12 12:42:00,142.08,142.09,142.04,142.09,149.387348
2019-12-12 12:41:00,142.09,142.09,142.07,142.07,3.174468
2019-12-12 12:40:00,142.09,142.09,142.08,142.08,16.674452
2019-12-12 12:39:00,142.05,142.09,142.05,142.09,66.006762
2019-12-12 12:38:00,142.14,142.14,142.05,142.05,349.878693
2019-12-12 12:37:00,142.15,142.15,142.13,142.14,24.194389
2019-12-12 12:36:00,142.15,142.15,142.12,142.12,41.314321
2019-12-12 12:35:00,142.16,142.16,142.14,142.15,15.595415
2019-12-12 12:34:00,142.17,142.17,142.16,142.17,1.924393
2019-12-12 12:33:00,142.17,142.17,142.16,142.16,2.893041
2019-12-12 12:32:00,142.12,142.16,142.12,142.16,42.189175
2019-12-12 12:31:00,142.12,142.12,142.11,142.12,27.653507
2019-12-12 12:30:00,142.04,142.14,141.97,142.11,165.420756
2019-12-12 12:29:00,142,142.04,142,142.03,20.181541
2019-12-12 12:28:00,142.06,142.06,142,142,54.170109
2019-12-12 12:27:00,142.03,142.07,142.03,142.06,114.137204
2019-12-12 12:26:00,142.15,142.15,142.02,142.02,27.36797
2019-12-12 12:25:00,142.25,142.26,142.16,142.16,355.840131
2019-12-12 12:24:00,142.25,142.26,142.25,142.26,2.239957
2019-12-12 12:23:00,142.25,142.26,142.25,142.25,2.717125
2019-12-12 12:22:00,142.22,142.26,142.22,142.25,13.180776
2019-12-12 12:21:00,142.21,142.22,142.21,142.22,17.190268
2019-12-12 12:20:00,142.21,142.21,142.21,142.21,5.383546
2019-12-12 12:19:00,142.17,142.19,142.17,142.19,14.147776
2019-12-12 12:18:00,142.17,142.18,142.17,142.17,21.251228
2019-12-12 12:17:00,142.16,142.2,142.16,142.18,3.141925
2019-12-12 12:16:00,142.15,142.16,142.15,142.16,4.728797
2019-12-12 12:15:00,142.14,142.15,142.14,142.14,12.637945
2019-12-12 12:14:00,142.14,142.15,142.14,142.14,38.430315
2019-12-12 12:13:00,142.15,142.16,142.14,142.14,93.342314
2019-12-12 12:12:00,142.16,142.17,142.15,142.15,3.411964
2019-12-12 12:11:00,142.17,142.17,142.16,142.17,2.156976
2019-12-12 12:10:00,142.17,142.18,142.17,142.17,31.576836
2019-12-12 12:09:00,142.05,142.18,142.05,142.18,289.368746
2019-12-12 12:08:00,142.06,142.06,142.05,142.05,36.151793
2019-12-12 12:07:00,142.1,142.1,142.05,142.06,24.485902
2019-12-12 12:06:00,142.14,142.14,142.1,142.1,57.551801
2019-12-12 12:05:00,142.17,142.22,142.16,142.16,45.32473
2019-12-12 12:04:00,142.2,142.2,142.15,142.17,33.531878
2019-12-12 12:03:00,142.2,142.21,142.2,142.21,2.2182
2019-12-12 12:02:00,142.2,142.2,142.2,142.2,8.47
2019-12-12 12:01:00,142.24,142.24,142.2,142.2,25.492441
2019-12-12 12:00:00,142.12,142.29,142.12,142.25,145.939546
2019-12-12 11:59:00,142.11,142.11,142.08,142.08,44.183291
2019-12-12 11:58:00,142.15,142.15,142.11,142.12,56.504153
2019-12-12 11:57:00,142.15,142.2,142.15,142.16,25.508306
2019-12-12 11:56:00,142.23,142.23,142.06,142.12,265.752711
2019-12-12 11:55:00,142.24,142.24,142.16,142.24,28.590182
2019-12-12 11:54:00,142.24,142.24,142.24,142.24,11.29437
2019-12-12 11:53:00,142.26,142.26,142.25,142.25,3.243402
2019-12-12 11:52:00,142.33,142.34,142.26,142.26,6.317806
2019-12-12 11:51:00,142.34,142.34,142.3,142.3,6.086648
2019-12-12 11:50:00,142.38,142.38,142.34,142.35,79.090452
2019-12-12 11:49:00,142.2,142.43,142.2,142.37,434.024028
2019-12-12 11:48:00,142.19,142.19,142.19,142.19,7.713422
2019-12-12 11:47:00,142.19,142.2,142.19,142.19,1.77378
2019-12-12 11:46:00,142.06,142.19,142.06,142.16,81.381375
2019-12-12 11:45:00,142.09,142.1,142.08,142.09,9.146725
2019-12-12 11:44:00,142.1,142.1,142.07,142.1,35.186813
2019-12-12 11:43:00,142.1,142.1,142.09,142.09,57.458838
2019-12-12 11:42:00,142.06,142.1,142.06,142.1,7.653095
2019-12-12 11:41:00,142.05,142.14,142.03,142.14,894.722815
2019-12-12 11:40:00,142.06,142.07,142.02,142.06,70.996412
2019-12-12 11:39:00,142.07,142.07,142.06,142.07,1.83203
2019-12-12 11:38:00,142.06,142.06,142.06,142.06,3.373203
2019-12-12 11:37:00,142.06,142.06,142.06,142.06,0
2019-12-12 11:36:00,142.07,142.07,142.06,142.06,52.781016
2019-12-12 11:35:00,142.07,142.07,142.07,142.07,0.155
2019-12-12 11:34:00,142.03,142.06,142.03,142.03,8.327231
2019-12-12 11:33:00,142.03,142.05,142.03,142.03,30.07387
2019-12-12 11:32:00,142.03,142.03,142.02,142.03,7.44374
2019-12-12 11:31:00,142.07,142.07,142.02,142.03,36.299802
2019-12-12 11:30:00,142.09,142.1,142.07,142.08,59.844127
2019-12-12 11:29:00,142.01,142.09,142,142.09,206.622649
2019-12-12 11:28:00,142.09,142.09,142.02,142.02,322.498007
2019-12-12 11:27:00,142.12,142.12,142.09,142.09,110.282144
2019-12-12 11:26:00,142.14,142.14,142.11,142.12,37.297076
2019-12-12 11:25:00,142.21,142.21,142.14,142.15,250.158483
2019-12-12 11:24:00,142.21,142.22,142.21,142.22,0.165241
2019-12-12 11:23:00,142.19,142.22,142.19,142.22,145.09504
2019-12-12 11:22:00,142.24,142.25,142.2,142.2,36.728287
2019-12-12 11:21:00,142.33,142.33,142.24,142.24,71.860053
2019-12-12 11:20:00,142.24,142.33,142.24,142.31,231.913744
2019-12-12 11:19:00,142.24,142.25,142.24,142.25,19.149283
2019-12-12 11:18:00,142.05,142.25,142.05,142.24,80.455705
2019-12-12 11:17:00,142.05,142.1,142.05,142.05,7.069867
2019-12-12 11:16:00,141.98,142.05,141.98,142.05,43.903048
2019-12-12 11:15:00,141.98,141.98,141.97,141.98,35.626098
2019-12-12 11:14:00,141.97,141.98,141.97,141.98,11.123552
2019-12-12 11:13:00,141.98,141.98,141.97,141.97,27.763641
2019-12-12 11:12:00,141.98,141.98,141.97,141.98,12.0844
2019-12-12 11:11:00,141.99,142,141.97,141.97,85.210464
2019-12-12 11:10:00,142,142,141.99,141.99,228.206249
2019-12-12 11:09:00,141.9,142,141.89,142,248.42898
2019-12-12 11:08:00,141.9,141.9,141.89,141.89,2.981762
2019-12-12 11:07:00,141.92,141.92,141.87,141.87,58.315327
2019-12-12 11:06:00,141.91,141.92,141.91,141.92,6.090167
2019-12-12 11:05:00,141.92,141.92,141.92,141.92,0
2019-12-12 11:04:00,141.92,141.93,141.92,141.92,3.70114
2019-12-12 11:03:00,141.98,141.98,141.93,141.93,68.122205
2019-12-12 11:02:00,141.99,141.99,141.98,141.98,6.292358
2019-12-12 11:01:00,141.96,141.99,141.96,141.99,30.674317
2019-12-12 11:00:00,142.01,142.02,141.96,141.97,62.144983
2019-12-12 10:59:00,142.02,142.03,142.01,142.03,12.012609
2019-12-12 10:58:00,142.01,142.07,142.01,142.01,7.487083
2019-12-12 10:57:00,142.08,142.08,142.02,142.07,8.860223
2019-12-12 10:56:00,142.07,142.09,142.06,142.09,2.796767
2019-12-12 10:55:00,142.06,142.1,142.06,142.1,13.162491
2019-12-12 10:54:00,142.14,142.14,142.07,142.07,19.260794
2019-12-12 10:53:00,142.15,142.18,142.14,142.14,15.601913
2019-12-12 10:52:00,142.03,142.22,142.03,142.15,111.08337
2019-12-12 10:51:00,141.95,141.99,141.95,141.99,0.850133
2019-12-12 10:50:00,141.89,141.95,141.89,141.95,18.194699
2019-12-12 10:49:00,141.74,141.89,141.73,141.89,38.986661
2019-12-12 10:48:00,141.79,141.79,141.72,141.74,34.688055
2019-12-12 10:47:00,141.75,141.82,141.73,141.79,452.409067
2019-12-12 10:46:00,142.15,142.15,141.72,141.75,416.318209
2019-12-12 10:45:00,142.14,142.15,142.14,142.15,8.967405
2019-12-12 10:44:00,142.15,142.16,142.08,142.16,54.285863
2019-12-12 10:43:00,142.25,142.25,142.14,142.14,11.213682
2019-12-12 10:42:00,142.25,142.29,142.25,142.28,18.032746
2019-12-12 10:41:00,142.22,142.25,142.19,142.25,68.425465
2019-12-12 10:40:00,142.34,142.34,142.28,142.28,205.146236
2019-12-12 10:39:00,142.49,142.51,142.36,142.39,582.326491
2019-12-12 10:38:00,142.18,142.5,142.16,142.49,402.553273
2019-12-12 10:37:00,141.88,142.16,141.88,142.16,476.452904
2019-12-12 10:36:00,141.82,141.87,141.82,141.87,38.406355
2019-12-12 10:35:00,141.82,141.84,141.81,141.84,36.262514
2019-12-12 10:34:00,141.9,141.9,141.81,141.81,102.590831
2019-12-12 10:33:00,141.9,141.91,141.9,141.9,292.359358
2019-12-12 10:32:00,141.9,141.91,141.9,141.91,155.593599
2019-12-12 10:31:00,141.91,141.91,141.82,141.9,912.607501
2019-12-12 10:30:00,141.9,141.96,141.9,141.92,42.667194
2019-12-12 10:29:00,141.87,141.97,141.87,141.9,120.469756
2019-12-12 10:28:00,141.9,141.91,141.86,141.87,29.137088
2019-12-12 10:27:00,141.77,141.86,141.77,141.86,88.1033
2019-12-12 10:26:00,141.7,141.78,141.7,141.77,30.398517
2019-12-12 10:25:00,141.81,141.89,141.71,141.71,395.055848
2019-12-12 10:24:00,141.45,141.78,141.45,141.78,507.808872
2019-12-12 10:23:00,141.41,141.45,141.4,141.45,7.84874
2019-12-12 10:22:00,141.35,141.41,141.35,141.41,91.706898
2019-12-12 10:21:00,141.38,141.39,141.34,141.35,30.762877
2019-12-12 10:20:00,141.16,141.41,141.16,141.38,545.672902
2019-12-12 10:19:00,141.17,141.17,141.16,141.16,4.792125
2019-12-12 10:18:00,141.15,141.16,141.15,141.16,0.01669
2019-12-12 10:17:00,141.22,141.22,141.12,141.15,82.403406
2019-12-12 10:16:00,141.37,141.37,141.23,141.23,95.082962
2019-12-12 10:15:00,141.47,141.49,141.37,141.37,416.21565
2019-12-12 10:14:00,141.35,141.52,141.35,141.47,920.03774
2019-12-12 10:13:00,141.19,141.36,141.19,141.35,69.270255
2019-12-12 10:12:00,141.02,141.21,141.02,141.2,52.727613
2019-12-12 10:11:00,141,141.05,140.98,141.01,42.157453
2019-12-12 10:10:00,140.92,141.01,140.92,141,210.562589
2019-12-12 10:09:00,140.86,140.92,140.85,140.92,51.053612
2019-12-12 10:08:00,140.87,140.87,140.82,140.86,15.802091
2019-12-12 10:07:00,140.92,140.92,140.87,140.87,98.104072
2019-12-12 10:06:00,140.9,140.92,140.9,140.92,104.202952
2019-12-12 10:05:00,140.88,140.91,140.87,140.9,21.072666
2019-12-12 10:04:00,140.83,140.96,140.83,140.9,21.209201
2019-12-12 10:03:00,140.96,140.96,140.79,140.82,124.65847
2019-12-12 10:02:00,140.64,141.09,140.61,140.96,653.561294
2019-12-12 10:01:00,140.47,140.66,140.47,140.66,136.581787
2019-12-12 10:00:00,140.62,140.62,140.4,140.47,180.226127
2019-12-12 09:59:00,140.42,140.81,140.41,140.59,1694.995411
2019-12-12 09:58:00,140.31,140.41,140.14,140.41,569.599721
2019-12-12 09:57:00,140.22,140.44,140.15,140.3,1250.617356
2019-12-12 09:56:00,139.53,140.2,139.46,140.19,3538.375525
2019-12-12 09:55:00,140.02,140.17,139.2,139.53,5161.130611
2019-12-12 09:54:00,140.43,140.43,139.95,140,3507.877114
2019-12-12 09:53:00,140.78,140.79,140.39,140.44,512.821065
2019-12-12 09:52:00,140.89,140.89,140.42,140.79,2033.828949
2019-12-12 09:51:00,140.89,140.9,140.88,140.89,381.065749
2019-12-12 09:50:00,140.95,140.95,140.87,140.89,363.748066
2019-12-12 09:49:00,140.89,140.96,140.89,140.95,445.429559
2019-12-12 09:48:00,140.97,140.97,140.89,140.89,324.793319
2019-12-12 09:47:00,141.04,141.07,140.96,140.96,335.074883
2019-12-12 09:46:00,141.09,141.09,141.02,141.02,225.758442
2019-12-12 09:45:00,141.08,141.13,141.08,141.09,132.513636
2019-12-12 09:44:00,141.1,141.13,141.08,141.09,107.009515
2019-12-12 09:43:00,141.05,141.15,141.02,141.1,284.455064
2019-12-12 09:42:00,141.11,141.11,141.01,141.05,699.413845
2019-12-12 09:41:00,141.18,141.22,141.12,141.12,153.604289
2019-12-12 09:40:00,141.13,141.18,141.13,141.18,7.642346
2019-12-12 09:39:00,141.17,141.18,141.03,141.09,1038.799968
2019-12-12 09:38:00,140.92,141.17,140.91,141.17,476.198088
2019-12-12 09:37:00,141.21,141.21,140.64,140.91,3914.260991
2019-12-12 09:36:00,141.68,141.69,141.15,141.22,2527.068029
2019-12-12 09:35:00,141.73,141.73,141.69,141.69,27.758438
2019-12-12 09:34:00,141.67,141.73,141.67,141.73,6.395989
2019-12-12 09:33:00,141.67,141.67,141.67,141.67,1.183318
2019-12-12 09:32:00,141.67,141.67,141.66,141.66,0.032779
2019-12-12 09:31:00,141.65,141.67,141.65,141.67,1.010678
2019-12-12 09:30:00,141.67,141.67,141.61,141.65,36.364489
2019-12-12 09:29:00,141.76,141.76,141.65,141.66,200.739875
2019-12-12 09:28:00,141.78,141.78,141.77,141.77,42.007483
2019-12-12 09:27:00,141.82,141.82,141.78,141.78,24.418436
2019-12-12 09:26:00,141.81,141.84,141.81,141.83,32.667945
2019-12-12 09:25:00,141.75,141.84,141.75,141.81,42.121799
2019-12-12 09:24:00,141.75,141.75,141.74,141.75,6.619625
2019-12-12 09:23:00,141.77,141.77,141.73,141.75,23.787674
2019-12-12 09:22:00,141.73,141.78,141.73,141.77,6.438559
2019-12-12 09:21:00,141.72,141.73,141.72,141.73,6.173661
2019-12-12 09:20:00,141.69,141.72,141.69,141.72,34.118815
2019-12-12 09:19:00,141.68,141.69,141.68,141.69,18.634136
2019-12-12 09:18:00,141.71,141.71,141.67,141.69,41.809755
2019-12-12 09:17:00,141.72,141.72,141.71,141.71,23.188772
2019-12-12 09:16:00,141.8,141.8,141.72,141.72,67.972741
2019-12-12 09:15:00,141.72,141.88,141.72,141.81,162.630436
2019-12-12 09:14:00,141.61,141.81,141.48,141.69,373.651876
2019-12-12 09:13:00,141.6,141.61,141.6,141.61,55.519601
2019-12-12 09:12:00,141.62,141.66,141.6,141.6,24.541301
2019-12-12 09:11:00,141.48,141.68,141.48,141.62,155.367001
2019-12-12 09:10:00,141.59,141.59,141.24,141.49,1122.797295
2019-12-12 09:09:00,141.85,141.85,141.6,141.61,307.414388
2019-12-12 09:08:00,142.01,142.01,141.86,141.86,115.520213
2019-12-12 09:07:00,141.99,142.04,141.98,141.98,9.323388
2019-12-12 09:06:00,142.07,142.07,141.99,142,228.202269
2019-12-12 09:05:00,141.99,142.05,141.99,142.01,363.795424
2019-12-12 09:04:00,141.87,142,141.87,141.95,117.780059
2019-12-12 09:03:00,141.7,141.81,141.7,141.81,301.983581
2019-12-12 09:02:00,141.69,141.72,141.69,141.7,23.404436
2019-12-12 09:01:00,141.83,141.83,141.7,141.7,381.792576
2019-12-12 09:00:00,141.9,141.9,141.84,141.84,65.643024
2019-12-12 08:59:00,141.86,141.9,141.86,141.9,12.333523
2019-12-12 08:58:00,141.88,141.91,141.87,141.89,224.613713
2019-12-12 08:57:00,141.76,141.88,141.76,141.88,159.510193
2019-12-12 08:56:00,141.82,141.82,141.76,141.76,183.415094
2019-12-12 08:55:00,141.89,141.9,141.83,141.83,3.32739
2019-12-12 08:54:00,141.93,141.98,141.89,141.94,34.936941
2019-12-12 08:53:00,141.88,141.9,141.86,141.88,15.658947
2019-12-12 08:52:00,141.71,141.9,141.71,141.89,80.702909
2019-12-12 08:51:00,141.68,141.73,141.68,141.7,14.301336
2019-12-12 08:50:00,141.51,141.69,141.51,141.66,89.859873
2019-12-12 08:49:00,141.51,141.58,141.51,141.51,94.695914
2019-12-12 08:48:00,141.64,141.65,141.48,141.52,133.418588
2019-12-12 08:47:00,141.63,141.64,141.58,141.62,37.827782
2019-12-12 08:46:00,141.46,141.65,141.4,141.6,497.759527
2019-12-12 08:45:00,141.49,141.49,141.3,141.46,1339.401404
2019-12-12 08:44:00,141.48,141.58,141.42,141.5,1188.13728
2019-12-12 08:43:00,141.86,141.86,141.48,141.51,331.223539
2019-12-12 08:42:00,141.76,141.87,141.72,141.87,162.684812
2019-12-12 08:41:00,141.59,141.72,141.52,141.72,202.60548
2019-12-12 08:40:00,141.75,141.78,141.6,141.6,260.791481
2019-12-12 08:39:00,141.74,141.87,141.74,141.75,298.804055
2019-12-12 08:38:00,141.6,141.85,141.52,141.73,1172.944915
2019-12-12 08:37:00,142.25,142.25,141.3,141.6,4135.655073
2019-12-12 08:36:00,142.43,142.43,142.19,142.25,597.802205
2019-12-12 08:35:00,142.45,142.45,142.41,142.43,5.197591
2019-12-12 08:34:00,142.46,142.48,142.41,142.47,21.438935
2019-12-12 08:33:00,142.57,142.57,142.46,142.46,103.343988
2019-12-12 08:32:00,142.61,142.61,142.6,142.6,27.476273
2019-12-12 08:31:00,142.6,142.61,142.6,142.61,16.904222
2019-12-12 08:30:00,142.73,142.73,142.6,142.6,57.53544
2019-12-12 08:29:00,142.81,142.86,142.74,142.74,22.027261
2019-12-12 08:28:00,142.7,142.83,142.66,142.8,1122.165696
2019-12-12 08:27:00,142.73,142.74,142.69,142.73,183.844241
2019-12-12 08:26:00,142.52,142.71,142.52,142.7,63.939703
2019-12-12 08:25:00,142.59,142.59,142.43,142.48,124.521529
2019-12-12 08:24:00,142.57,142.6,142.51,142.59,222.095491
2019-12-12 08:23:00,142.59,142.74,142.45,142.57,566.091505
2019-12-12 08:22:00,142.8,142.84,142.62,142.62,127.195168
2019-12-12 08:21:00,142.88,142.95,142.76,142.8,235.291052
2019-12-12 08:20:00,143.01,143.01,142.88,142.89,61.874848
2019-12-12 08:19:00,143.03,143.04,142.98,143,220.712786
2019-12-12 08:18:00,142.89,143.06,142.87,143.03,374.481774
2019-12-12 08:17:00,143,143,142.8,142.9,243.536707
2019-12-12 08:16:00,143.1,143.13,143,143.01,274.6078
2019-12-12 08:15:00,143.26,143.27,143.1,143.1,184.674367
2019-12-12 08:14:00,143.29,143.29,143.26,143.26,6.775491
2019-12-12 08:13:00,143.3,143.35,143.25,143.29,1061.708551
2019-12-12 08:12:00,143.21,143.3,143.21,143.3,855.500476
2019-12-12 08:11:00,143.1,143.16,143.1,143.16,258.636129
2019-12-12 08:10:00,143.06,143.15,143.06,143.1,33.303968
2019-12-12 08:09:00,143.02,143.07,143.02,143.06,0.828016
2019-12-12 08:08:00,142.93,143.06,142.93,143.02,351.74609
2019-12-12 08:07:00,143,143,142.88,142.92,237.226299
2019-12-12 08:06:00,143.01,143.11,142.98,142.98,126.786823
2019-12-12 08:05:00,143.09,143.09,142.91,143,962.938259
2019-12-12 08:04:00,143.1,143.19,143.05,143.08,219.570668
2019-12-12 08:03:00,143.5,143.5,143.03,143.09,696.73409
2019-12-12 08:02:00,143.48,143.74,143.44,143.51,544.865223
2019-12-12 08:01:00,144.01,144.04,143.44,143.48,2051.442706
2019-12-12 08:00:00,143.39,144.1,143.39,144.04,3097.902226
2019-12-12 07:59:00,143.36,143.36,143.36,143.36,15.662094
2019-12-12 07:58:00,143.32,143.35,143.32,143.35,28.036686
2019-12-12 07:57:00,143.22,143.32,143.22,143.32,1396.243041
2019-12-12 07:56:00,143.22,143.22,143.22,143.22,15.654457
2019-12-12 07:55:00,143.26,143.26,143.22,143.22,132.62488
2019-12-12 07:54:00,143.26,143.26,143.26,143.26,6.226644
2019-12-12 07:53:00,143.28,143.28,143.25,143.26,112.787395
2019-12-12 07:52:00,143.31,143.31,143.28,143.29,20.013647
2019-12-12 07:51:00,143.26,143.31,143.26,143.31,43.310758
2019-12-12 07:50:00,143.26,143.26,143.26,143.26,69.992385
2019-12-12 07:49:00,143.25,143.26,143.22,143.25,121.402611
2019-12-12 07:48:00,143.25,143.25,143.25,143.25,17.41938
2019-12-12 07:47:00,143.26,143.29,143.26,143.29,2.120603
2019-12-12 07:46:00,143.25,143.26,143.25,143.26,1.768352
2019-12-12 07:45:00,143.21,143.26,143.21,143.26,4.161243
2019-12-12 07:44:00,143.22,143.22,143.21,143.22,19.881085
2019-12-12 07:43:00,143.18,143.22,143.18,143.21,9.90422
2019-12-12 07:42:00,143.22,143.22,143.15,143.17,30.101252
2019-12-12 07:41:00,143.19,143.28,143.19,143.22,496.567004
2019-12-12 07:40:00,143.21,143.21,143.18,143.19,14.34587
2019-12-12 07:39:00,143.23,143.23,143.19,143.21,47.868933
2019-12-12 07:38:00,143.22,143.23,143.22,143.23,13.624648
2019-12-12 07:37:00,143.23,143.23,143.22,143.23,1.773186
2019-12-12 07:36:00,143.18,143.23,143.18,143.23,27.512747
2019-12-12 07:35:00,143.19,143.19,143.18,143.18,9.134543
2019-12-12 07:34:00,143.23,143.23,143.18,143.19,66.099152
2019-12-12 07:33:00,143.26,143.26,143.21,143.23,10.42984
2019-12-12 07:32:00,143.26,143.26,143.26,143.26,0.041596
2019-12-12 07:31:00,143.22,143.26,143.22,143.26,0.035156
2019-12-12 07:30:00,143.24,143.27,143.19,143.22,232.401684
2019-12-12 07:29:00,143.23,143.24,143.23,143.23,2.757657
2019-12-12 07:28:00,143.13,143.22,143.13,143.22,19.726041
2019-12-12 07:27:00,143.12,143.12,143.12,143.12,0.014876
2019-12-12 07:26:00,143.13,143.13,143.12,143.12,0.285473
2019-12-12 07:25:00,143.12,143.13,143.12,143.12,0.577309
2019-12-12 07:24:00,143.04,143.13,143.04,143.13,33.826934
2019-12-12 07:23:00,143.04,143.04,143.03,143.04,41.642277
2019-12-12 07:22:00,143.03,143.03,143.03,143.03,0
2019-12-12 07:21:00,143.17,143.17,143.03,143.03,10.983534
2019-12-12 07:20:00,143.17,143.17,143.17,143.17,0
2019-12-12 07:19:00,143.18,143.18,143.17,143.17,3.338175
2019-12-12 07:18:00,143.16,143.18,143.16,143.18,23.260635
2019-12-12 07:17:00,143.16,143.16,143.15,143.16,4.06004
2019-12-12 07:16:00,143.15,143.16,143.15,143.16,46.72047
2019-12-12 07:15:00,143.16,143.16,143.15,143.15,2.809178
2019-12-12 07:14:00,143.15,143.16,143.15,143.16,0.505162
2019-12-12 07:13:00,143.15,143.16,143.15,143.15,1.502996
2019-12-12 07:12:00,143.15,143.16,143.15,143.15,7.000203
2019-12-12 07:11:00,143.15,143.16,143.15,143.15,3.679822
2019-12-12 07:10:00,143.15,143.16,143.15,143.15,8.208428
2019-12-12 07:09:00,143.17,143.17,143.11,143.16,13.58329
2019-12-12 07:08:00,143.14,143.17,143.14,143.16,246.748278
2019-12-12 07:07:00,143.12,143.2,143.11,143.14,533.80742
2019-12-12 07:06:00,143.14,143.14,143.11,143.11,4.021804
2019-12-12 07:05:00,143.17,143.17,143.12,143.14,17.471543
2019-12-12 07:04:00,143.15,143.17,143.14,143.17,14.240618
2019-12-12 07:03:00,143.13,143.15,143.08,143.15,94.671963
2019-12-12 07:02:00,143.13,143.14,143.08,143.13,11.587613
2019-12-12 07:01:00,143.13,143.13,143.13,143.13,0
2019-12-12 07:00:00,143.13,143.13,143.13,143.13,5.124501
2019-12-12 06:59:00,143.13,143.13,143.1,143.13,30.838045
2019-12-12 06:58:00,143.08,143.14,143.08,143.13,142.002428
2019-12-12 06:57:00,143,143.14,143,143.07,196.803911
2019-12-12 06:56:00,143,143,143,143,12.295576
2019-12-12 06:55:00,142.98,142.99,142.98,142.99,5.680472
2019-12-12 06:54:00,142.97,142.97,142.97,142.97,5.602864
2019-12-12 06:53:00,142.96,142.97,142.96,142.97,65.679141
2019-12-12 06:52:00,142.93,142.96,142.93,142.96,32.349872
2019-12-12 06:51:00,142.94,142.94,142.94,142.94,1.867275
2019-12-12 06:50:00,142.94,142.94,142.94,142.94,0.289625
2019-12-12 06:49:00,142.9,142.94,142.9,142.94,12.121233
2019-12-12 06:48:00,142.9,142.91,142.87,142.91,31.782496
2019-12-12 06:47:00,142.87,142.89,142.86,142.89,96.963923
2019-12-12 06:46:00,142.85,142.87,142.85,142.87,9.132996
2019-12-12 06:45:00,142.83,142.89,142.83,142.84,7.078216
2019-12-12 06:44:00,142.85,142.85,142.82,142.83,27.327375
2019-12-12 06:43:00,142.87,142.87,142.86,142.86,3.791411
2019-12-12 06:42:00,142.91,142.91,142.84,142.87,50.223254
2019-12-12 06:41:00,142.93,142.93,142.88,142.88,5.596687
2019-12-12 06:40:00,142.97,142.97,142.92,142.92,4.006506
2019-12-12 06:39:00,142.97,142.97,142.9,142.9,22.680994
2019-12-12 06:38:00,142.97,142.97,142.97,142.97,6.858
2019-12-12 06:37:00,142.97,142.97,142.97,142.97,60.195087
2019-12-12 06:36:00,142.96,142.97,142.96,142.97,102.235864
2019-12-12 06:35:00,142.97,142.97,142.96,142.96,0.018565
2019-12-12 06:34:00,142.96,142.97,142.96,142.96,19.19258
2019-12-12 06:33:00,142.93,142.97,142.93,142.97,4.761398
2019-12-12 06:32:00,142.93,142.93,142.93,142.93,0.174935
2019-12-12 06:31:00,142.92,142.92,142.92,142.92,2.099076
2019-12-12 06:30:00,142.91,142.91,142.91,142.91,2.535573
2019-12-12 06:29:00,142.88,142.92,142.83,142.92,388.445841
2019-12-12 06:28:00,142.86,142.88,142.82,142.88,26.686311
2019-12-12 06:27:00,142.83,142.86,142.83,142.86,18.914371
2019-12-12 06:26:00,142.81,142.84,142.81,142.82,28.011504
2019-12-12 06:25:00,142.81,142.81,142.8,142.81,19.342183
2019-12-12 06:24:00,142.8,142.81,142.8,142.81,4.822167
2019-12-12 06:23:00,142.8,142.8,142.79,142.8,14.97137
2019-12-12 06:22:00,142.8,142.8,142.8,142.8,7.083046
2019-12-12 06:21:00,142.8,142.8,142.79,142.8,4.744519
2019-12-12 06:20:00,142.8,142.8,142.8,142.8,0.006937
2019-12-12 06:19:00,142.91,142.91,142.8,142.8,29.145332
2019-12-12 06:18:00,142.92,142.92,142.91,142.92,1.534125
2019-12-12 06:17:00,142.93,142.93,142.93,142.93,0.227965
2019-12-12 06:16:00,142.97,142.97,142.96,142.96,1.342273
2019-12-12 06:15:00,142.97,142.97,142.97,142.97,0
2019-12-12 06:14:00,142.98,142.98,142.97,142.97,0.348465
2019-12-12 06:13:00,142.99,142.99,142.98,142.98,3.517302
2019-12-12 06:12:00,143,143,142.99,143,15.919888
2019-12-12 06:11:00,142.99,142.99,142.99,142.99,9.974611
2019-12-12 06:10:00,142.92,143,142.91,143,25.29222
2019-12-12 06:09:00,142.92,142.92,142.91,142.92,8.176819
2019-12-12 06:08:00,142.92,142.92,142.91,142.92,6.622215
2019-12-12 06:07:00,142.92,142.92,142.91,142.91,9.090919
2019-12-12 06:06:00,142.91,142.91,142.91,142.91,2.762017
2019-12-12 06:05:00,142.91,142.92,142.91,142.91,101.964383
2019-12-12 06:04:00,142.91,142.93,142.88,142.93,35.182892
2019-12-12 06:03:00,142.89,142.91,142.89,142.9,36.194932
2019-12-12 06:02:00,142.83,142.86,142.83,142.86,5.245899
2019-12-12 06:01:00,142.85,142.85,142.83,142.84,69.254561
2019-12-12 06:00:00,142.85,142.86,142.85,142.86,1.722006
2019-12-12 05:59:00,142.85,142.85,142.85,142.85,6.218769
2019-12-12 05:58:00,142.85,142.86,142.85,142.86,3.536493
2019-12-12 05:57:00,142.85,142.85,142.85,142.85,2.177991
2019-12-12 05:56:00,142.85,142.86,142.85,142.85,23.306739
2019-12-12 05:55:00,142.85,142.85,142.85,142.85,0.046679
2019-12-12 05:54:00,142.81,142.87,142.81,142.87,37.242982
2019-12-12 05:53:00,142.8,142.81,142.8,142.81,7.655386
2019-12-12 05:52:00,142.73,142.8,142.73,142.8,61.554601
2019-12-12 05:51:00,142.67,142.77,142.67,142.73,42.059579
2019-12-12 05:50:00,142.66,142.67,142.66,142.66,59.407773
2019-12-12 05:49:00,142.6,142.67,142.6,142.67,31.44021
2019-12-12 05:48:00,142.6,142.6,142.6,142.6,16.116033
2019-12-12 05:47:00,142.61,142.62,142.59,142.59,2.919673
2019-12-12 05:46:00,142.6,142.61,142.59,142.61,22.823831
2019-12-12 05:45:00,142.6,142.6,142.6,142.6,0
2019-12-12 05:44:00,142.6,142.6,142.6,142.6,1.18115
2019-12-12 05:43:00,142.6,142.6,142.59,142.6,16.668773
2019-12-12 05:42:00,142.6,142.6,142.59,142.6,11.014073
2019-12-12 05:41:00,142.6,142.61,142.56,142.6,83.377539
2019-12-12 05:40:00,142.59,142.61,142.59,142.61,194.302551
2019-12-12 05:39:00,142.59,142.59,142.59,142.59,5.847148
2019-12-12 05:38:00,142.58,142.59,142.58,142.59,6.482974
2019-12-12 05:37:00,142.58,142.58,142.58,142.58,3.856832
2019-12-12 05:36:00,142.58,142.58,142.58,142.58,0.183008
2019-12-12 05:35:00,142.58,142.58,142.58,142.58,1.045715
2019-12-12 05:34:00,142.58,142.58,142.58,142.58,1.338916
2019-12-12 05:33:00,142.55,142.58,142.55,142.58,17.033521
2019-12-12 05:32:00,142.56,142.56,142.56,142.56,0.00823
2019-12-12 05:31:00,142.56,142.56,142.56,142.56,4.033613
2019-12-12 05:30:00,142.57,142.57,142.55,142.56,108.055349
2019-12-12 05:29:00,142.58,142.58,142.58,142.58,9.012999
2019-12-12 05:28:00,142.58,142.59,142.57,142.58,7.241441
2019-12-12 05:27:00,142.59,142.59,142.59,142.59,1.953
2019-12-12 05:26:00,142.58,142.58,142.58,142.58,16.205061
2019-12-12 05:25:00,142.52,142.58,142.51,142.58,23.471074
2019-12-12 05:24:00,142.52,142.52,142.52,142.52,10.998417
2019-12-12 05:23:00,142.52,142.52,142.51,142.51,1.401889
2019-12-12 05:22:00,142.55,142.55,142.51,142.52,22.68178
2019-12-12 05:21:00,142.49,142.53,142.49,142.53,0.772946
2019-12-12 05:20:00,142.49,142.51,142.49,142.49,9.845183
2019-12-12 05:19:00,142.52,142.52,142.48,142.49,302.826543
2019-12-12 05:18:00,142.53,142.53,142.52,142.52,76.130744
2019-12-12 05:17:00,142.58,142.59,142.53,142.53,624.893125
2019-12-12 05:16:00,142.54,142.6,142.54,142.57,6.440609
2019-12-12 05:15:00,142.59,142.59,142.55,142.55,45.00103
2019-12-12 05:14:00,142.6,142.6,142.6,142.6,0.116922
2019-12-12 05:13:00,142.6,142.6,142.59,142.6,26.769752
2019-12-12 05:12:00,142.59,142.6,142.59,142.59,26.34886
2019-12-12 05:11:00,142.63,142.63,142.59,142.59,6.471195
2019-12-12 05:10:00,142.57,142.63,142.57,142.63,4.545294
2019-12-12 05:09:00,142.61,142.61,142.56,142.56,14.262358
2019-12-12 05:08:00,142.55,142.61,142.55,142.61,70.523706
2019-12-12 05:07:00,142.55,142.55,142.55,142.55,48.852023
2019-12-12 05:06:00,142.55,142.55,142.52,142.54,25.144896
2019-12-12 05:05:00,142.56,142.56,142.55,142.56,2.436739
2019-12-12 05:04:00,142.55,142.55,142.55,142.55,8.704135
2019-12-12 05:03:00,142.55,142.56,142.55,142.56,4.071571
2019-12-12 05:02:00,142.51,142.55,142.51,142.55,5.520859
2019-12-12 05:01:00,142.51,142.51,142.51,142.51,8.163976
2019-12-12 05:00:00,142.51,142.51,142.5,142.51,11.650119
2019-12-12 04:59:00,142.53,142.53,142.5,142.5,17.560601
2019-12-12 04:58:00,142.54,142.54,142.53,142.53,32.31963
2019-12-12 04:57:00,142.53,142.53,142.53,142.53,0.003288
2019-12-12 04:56:00,142.57,142.57,142.54,142.54,16.674982
2019-12-12 04:55:00,142.58,142.58,142.58,142.58,1.743391
2019-12-12 04:54:00,142.59,142.59,142.59,142.59,9.490041
2019-12-12 04:53:00,142.59,142.63,142.59,142.63,10.805332
2019-12-12 04:52:00,142.59,142.59,142.59,142.59,3.481293
2019-12-12 04:51:00,142.59,142.59,142.59,142.59,0.585609
2019-12-12 04:50:00,142.59,142.59,142.58,142.58,4.063
2019-12-12 04:49:00,142.59,142.59,142.59,142.59,53.477074
2019-12-12 04:48:00,142.59,142.59,142.59,142.59,0
2019-12-12 04:47:00,142.58,142.59,142.58,142.59,0.059668
2019-12-12 04:46:00,142.62,142.62,142.58,142.58,51.480834
2019-12-12 04:45:00,142.61,142.61,142.61,142.61,0.003653
2019-12-12 04:44:00,142.61,142.61,142.59,142.6,15.771738
2019-12-12 04:43:00,142.59,142.61,142.59,142.61,0.283664
2019-12-12 04:42:00,142.59,142.62,142.59,142.61,8.323872
2019-12-12 04:41:00,142.63,142.63,142.59,142.59,32.14356
2019-12-12 04:40:00,142.64,142.64,142.6,142.6,16.505807
2019-12-12 04:39:00,142.64,142.65,142.64,142.65,0.012081
2019-12-12 04:38:00,142.66,142.66,142.66,142.66,0.065958
2019-12-12 04:37:00,142.67,142.67,142.67,142.67,12.381693
2019-12-12 04:36:00,142.66,142.69,142.65,142.67,17.239812
2019-12-12 04:35:00,142.68,142.68,142.68,142.68,0.063778
2019-12-12 04:34:00,142.69,142.69,142.69,142.69,40.841092
2019-12-12 04:33:00,142.72,142.72,142.7,142.7,3.454581
2019-12-12 04:32:00,142.71,142.71,142.71,142.71,0
2019-12-12 04:31:00,142.63,142.71,142.63,142.71,65.660179
2019-12-12 04:30:00,142.62,142.63,142.62,142.62,4.303126
2019-12-12 04:29:00,142.6,142.6,142.6,142.6,4.567212
2019-12-12 04:28:00,142.6,142.6,142.6,142.6,9.70519
2019-12-12 04:27:00,142.6,142.6,142.6,142.6,0.057214
2019-12-12 04:26:00,142.6,142.6,142.6,142.6,25.259585
2019-12-12 04:25:00,142.66,142.7,142.61,142.61,17.40083
2019-12-12 04:24:00,142.66,142.67,142.66,142.66,4.998923
2019-12-12 04:23:00,142.6,142.67,142.6,142.67,23.277951
2019-12-12 04:22:00,142.68,142.68,142.6,142.6,6.06464
2019-12-12 04:21:00,142.65,142.67,142.65,142.67,16.192792
2019-12-12 04:20:00,142.64,142.64,142.64,142.64,0.5
2019-12-12 04:19:00,142.7,142.71,142.64,142.64,0.251187
2019-12-12 04:18:00,142.59,142.72,142.59,142.7,15.526087
2019-12-12 04:17:00,142.63,142.65,142.59,142.59,11.634539
2019-12-12 04:16:00,142.68,142.68,142.63,142.63,2.993992
2019-12-12 04:15:00,142.71,142.71,142.68,142.69,19.488387
2019-12-12 04:14:00,142.68,142.71,142.68,142.7,12.750995
2019-12-12 04:13:00,142.66,142.72,142.66,142.71,4.585658
2019-12-12 04:12:00,142.76,142.76,142.65,142.66,223.727583
2019-12-12 04:11:00,142.71,142.76,142.67,142.76,29.831852
2019-12-12 04:10:00,142.68,142.7,142.68,142.7,12.215653
2019-12-12 04:09:00,142.64,142.67,142.64,142.65,2.95981
2019-12-12 04:08:00,142.67,142.67,142.64,142.64,21.971633
2019-12-12 04:07:00,142.67,142.72,142.67,142.68,27.500588
2019-12-12 04:06:00,142.68,142.68,142.67,142.67,9.635572
2019-12-12 04:05:00,142.58,142.63,142.58,142.63,9.349373
2019-12-12 04:04:00,142.58,142.59,142.58,142.59,22.642894
2019-12-12 04:03:00,142.57,142.61,142.57,142.58,17.836362
2019-12-12 04:02:00,142.54,142.57,142.54,142.57,3.202846
2019-12-12 04:01:00,142.64,142.64,142.55,142.55,92.460516
2019-12-12 04:00:00,142.8,142.8,142.66,142.67,48.195935
2019-12-12 03:59:00,142.77,142.78,142.77,142.78,1.717535
2019-12-12 03:58:00,142.82,142.82,142.73,142.77,83.761046
2019-12-12 03:57:00,142.83,142.83,142.82,142.83,8.163117
2019-12-12 03:56:00,142.82,142.88,142.8,142.82,32.486225
2019-12-12 03:55:00,142.65,142.79,142.62,142.79,323.126959
2019-12-12 03:54:00,142.6,142.66,142.6,142.66,124.692409
2019-12-12 03:53:00,142.58,142.58,142.58,142.58,0
2019-12-12 03:52:00,142.58,142.58,142.58,142.58,0
2019-12-12 03:51:00,142.54,142.58,142.54,142.58,10.172326
2019-12-12 03:50:00,142.54,142.54,142.54,142.54,0.013343
2019-12-12 03:49:00,142.6,142.6,142.52,142.53,64.2915
2019-12-12 03:48:00,142.61,142.61,142.61,142.61,2.42659
2019-12-12 03:47:00,142.58,142.59,142.58,142.59,3.61847
2019-12-12 03:46:00,142.59,142.59,142.58,142.58,1.297798
2019-12-12 03:45:00,142.58,142.59,142.58,142.59,0.674369
2019-12-12 03:44:00,142.59,142.59,142.59,142.59,7.453564
2019-12-12 03:43:00,142.67,142.67,142.58,142.59,58.949251
2019-12-12 03:42:00,142.68,142.68,142.67,142.67,21.605865
2019-12-12 03:41:00,142.72,142.72,142.68,142.68,32.439322
2019-12-12 03:40:00,142.72,142.72,142.72,142.72,8.348862
2019-12-12 03:39:00,142.8,142.8,142.72,142.72,58.16116
2019-12-12 03:38:00,142.8,142.8,142.8,142.8,0
