2019-11-23 23:59:00,152.33,152.34,152.07,152.07,262.470284
2019-11-23 23:58:00,152.18,152.45,152.12,152.34,187.913481
2019-11-23 23:57:00,152.27,152.36,152.07,152.18,211.716609
2019-11-23 23:56:00,152.46,152.46,152.2,152.24,528.315592
2019-11-23 23:55:00,152.15,152.53,152.15,152.47,247.820854
2019-11-23 23:54:00,152.42,152.42,152.09,152.15,1330.809238
2019-11-23 23:53:00,152.27,152.53,152.21,152.42,609.203391
2019-11-23 23:52:00,152.81,152.97,152.29,152.29,836.722024
2019-11-23 23:51:00,152.49,152.88,152.43,152.82,411.734409
2019-11-23 23:50:00,152.31,152.75,152.23,152.5,705.694687
2019-11-23 23:49:00,152.13,152.39,152.13,152.33,458.748923
2019-11-23 23:48:00,152.33,152.33,152.02,152.14,1033.485537
2019-11-23 23:47:00,151.86,152.49,151.85,152.31,1781.813272
2019-11-23 23:46:00,151.8,152.13,151.69,151.87,376.636216
2019-11-23 23:45:00,151.66,151.9,151.63,151.76,397.807903
2019-11-23 23:44:00,151.51,151.6,151.44,151.6,148.861751
2019-11-23 23:43:00,151.65,151.66,151.49,151.5,81.266839
2019-11-23 23:42:00,151.39,151.71,151.39,151.65,2450.989896
2019-11-23 23:41:00,151.25,151.44,151.25,151.36,90.091738
2019-11-23 23:40:00,151.19,151.41,151.14,151.24,503.164054
2019-11-23 23:39:00,151.3,151.3,151.19,151.19,95.712628
2019-11-23 23:38:00,151.51,151.52,151.28,151.31,311.592373
2019-11-23 23:37:00,151.49,151.64,151.48,151.52,639.340457
2019-11-23 23:36:00,151.39,151.53,151.38,151.46,178.921235
2019-11-23 23:35:00,151.65,151.65,151.3,151.38,398.417779
2019-11-23 23:34:00,151.13,151.62,151.13,151.62,279.196394
2019-11-23 23:33:00,150.92,151.34,150.92,151.15,182.916652
2019-11-23 23:32:00,151.14,151.14,150.89,150.92,121.877079
2019-11-23 23:31:00,151.06,151.18,150.96,151.13,294.289894
2019-11-23 23:30:00,151.49,151.49,150.92,151.04,841.85683
2019-11-23 23:29:00,151.48,151.71,151.47,151.47,105.517557
2019-11-23 23:28:00,151.36,151.5,151.35,151.46,151.086579
2019-11-23 23:27:00,151.45,151.5,151.31,151.36,215.785629
2019-11-23 23:26:00,151.15,151.44,151.15,151.44,443.082453
2019-11-23 23:25:00,151.07,151.15,151.05,151.15,786.931307
2019-11-23 23:24:00,151.1,151.1,151.06,151.07,1248.23806
2019-11-23 23:23:00,151,151.1,151,151.1,15.073705
2019-11-23 23:22:00,150.97,151.15,150.97,151,184.888164
2019-11-23 23:21:00,151.05,151.11,150.97,150.97,44.414986
2019-11-23 23:20:00,151.07,151.07,150.89,151.02,113.854124
2019-11-23 23:19:00,151.05,151.1,150.94,151.1,131.142809
2019-11-23 23:18:00,150.93,151.11,150.8,151.05,180.762354
2019-11-23 23:17:00,150.86,151.07,150.86,150.93,352.724189
2019-11-23 23:16:00,150.77,150.86,150.72,150.86,114.525917
2019-11-23 23:15:00,150.86,150.9,150.72,150.72,57.062826
2019-11-23 23:14:00,150.9,150.99,150.77,150.9,266.758175
2019-11-23 23:13:00,150.6,150.89,150.52,150.89,237.095083
2019-11-23 23:12:00,150.44,150.67,150.44,150.65,223.481675
2019-11-23 23:11:00,150.58,150.58,150.42,150.44,59.07847
2019-11-23 23:10:00,150.65,150.68,150.51,150.58,75.976959
2019-11-23 23:09:00,150.71,150.73,150.58,150.65,64.529457
2019-11-23 23:08:00,150.54,150.7,150.41,150.7,170.850883
2019-11-23 23:07:00,150.53,150.55,150.39,150.54,266.380345
2019-11-23 23:06:00,150.66,150.66,150.4,150.51,229.34895
2019-11-23 23:05:00,150.74,150.74,150.56,150.7,2229.215015
2019-11-23 23:04:00,150.79,150.92,150.71,150.77,379.156491
2019-11-23 23:03:00,150.84,150.84,150.72,150.8,371.425046
2019-11-23 23:02:00,151.1,151.25,150.74,150.84,438.606869
2019-11-23 23:01:00,151.3,151.33,150.84,151.11,606.096623
2019-11-23 23:00:00,150.9,151.3,150.86,151.28,389.661144
2019-11-23 22:59:00,151.31,151.35,150.74,150.92,1090.634472
2019-11-23 22:58:00,151.21,151.48,151.01,151.31,979.037384
2019-11-23 22:57:00,151.09,151.48,151.07,151.24,824.690062
2019-11-23 22:56:00,150.88,151.22,150.88,151.1,597.305221
2019-11-23 22:55:00,150.98,151.2,150.78,150.88,375.677059
2019-11-23 22:54:00,150.51,151,150.51,151,123.857372
2019-11-23 22:53:00,150.54,150.54,150.32,150.47,504.339057
2019-11-23 22:52:00,150.4,150.63,150.31,150.55,543.321104
2019-11-23 22:51:00,150.38,150.41,150.09,150.34,1336.412876
2019-11-23 22:50:00,150.56,150.58,150.08,150.33,1989.302292
2019-11-23 22:49:00,151.32,151.37,150.53,150.53,1777.20715
2019-11-23 22:48:00,151.76,151.76,151.31,151.31,1473.171915
2019-11-23 22:47:00,151.42,151.96,151.4,151.77,1546.949858
2019-11-23 22:46:00,151.27,151.43,151.18,151.42,3387.470556
2019-11-23 22:45:00,151,151.3,151,151.27,1961.98103
2019-11-23 22:44:00,150.86,151.1,150.57,151.01,1157.478453
2019-11-23 22:43:00,150.81,151,150.81,150.86,442.280872
2019-11-23 22:42:00,150.56,150.98,150.56,150.81,563.692121
2019-11-23 22:41:00,150.57,150.57,150.46,150.56,167.606141
2019-11-23 22:40:00,150.33,150.63,150.33,150.57,648.567759
2019-11-23 22:39:00,150.33,150.48,150.33,150.36,223.947702
2019-11-23 22:38:00,150.23,150.39,150.23,150.34,261.256375
2019-11-23 22:37:00,150.25,150.3,150.18,150.25,122.941211
2019-11-23 22:36:00,150.07,150.27,150.02,150.27,493.591947
2019-11-23 22:35:00,149.97,150.11,149.94,150.07,322.747298
2019-11-23 22:34:00,149.9,150.09,149.89,149.97,516.573497
2019-11-23 22:33:00,149.96,150.16,149.95,149.95,218.322979
2019-11-23 22:32:00,149.98,150.23,149.89,150,204.997855
2019-11-23 22:31:00,150.07,150.26,150,150,554.303993
2019-11-23 22:30:00,150.33,150.33,149.98,150.06,432.729674
2019-11-23 22:29:00,150.26,150.5,150.19,150.33,125.551757
2019-11-23 22:28:00,150.42,150.42,150.19,150.26,400.111799
2019-11-23 22:27:00,150.35,150.73,150.35,150.42,625.611997
2019-11-23 22:26:00,150.24,150.37,150.13,150.35,261.440464
2019-11-23 22:25:00,150.48,150.48,150.19,150.24,354.972776
2019-11-23 22:24:00,150.63,150.63,150.48,150.49,482.674226
2019-11-23 22:23:00,150.41,150.82,150.41,150.64,2407.286138
2019-11-23 22:22:00,150.23,150.48,150.23,150.43,658.279362
2019-11-23 22:21:00,150.12,150.27,150.08,150.22,345.376675
2019-11-23 22:20:00,149.9,150.12,149.89,150.11,733.139612
2019-11-23 22:19:00,149.62,149.9,149.62,149.9,541.666592
2019-11-23 22:18:00,149.83,149.83,149.62,149.62,1065.084131
2019-11-23 22:17:00,149.99,149.99,149.83,149.83,134.99065
2019-11-23 22:16:00,149.83,150.02,149.79,149.99,266.391809
2019-11-23 22:15:00,149.73,149.8,149.68,149.8,423.941314
2019-11-23 22:14:00,150.02,150.03,149.69,149.74,998.309422
2019-11-23 22:13:00,149.96,150.04,149.95,150.03,411.703827
2019-11-23 22:12:00,149.82,149.96,149.76,149.96,175.443162
2019-11-23 22:11:00,149.62,149.9,149.62,149.81,971.568053
2019-11-23 22:10:00,149.51,149.63,149.51,149.58,187.283692
2019-11-23 22:09:00,149.45,149.5,149.45,149.5,34.958248
2019-11-23 22:08:00,149.49,149.49,149.43,149.45,51.649045
2019-11-23 22:07:00,149.4,149.49,149.37,149.49,87.91144
2019-11-23 22:06:00,149.21,149.4,149.21,149.4,338.76826
2019-11-23 22:05:00,149.14,149.21,149.14,149.21,35.9704
2019-11-23 22:04:00,149.15,149.19,149.08,149.14,120.38546
2019-11-23 22:03:00,149.07,149.15,148.94,149.15,73.109457
2019-11-23 22:02:00,149.02,149.07,148.94,149.07,44.372672
2019-11-23 22:01:00,148.91,149.06,148.84,149.03,156.004442
2019-11-23 22:00:00,148.98,149,148.92,148.92,55.327154
2019-11-23 21:59:00,149.04,149.04,148.98,148.98,7.327255
2019-11-23 21:58:00,148.93,149.06,148.93,149.01,91.582232
2019-11-23 21:57:00,148.89,148.99,148.89,148.93,17.080578
2019-11-23 21:56:00,148.82,148.89,148.82,148.89,24.98212
2019-11-23 21:55:00,148.96,149.02,148.81,148.82,119.351715
2019-11-23 21:54:00,148.8,148.97,148.79,148.96,667.054363
2019-11-23 21:53:00,148.77,148.8,148.76,148.8,12.404794
2019-11-23 21:52:00,148.81,148.85,148.76,148.77,67.640551
2019-11-23 21:51:00,148.74,148.81,148.66,148.81,458.276464
2019-11-23 21:50:00,148.92,148.92,148.75,148.75,212.523975
2019-11-23 21:49:00,149.23,149.23,148.92,148.92,51.041067
2019-11-23 21:48:00,149.24,149.34,149.24,149.26,66.22468
2019-11-23 21:47:00,149.09,149.29,149.09,149.27,106.343492
2019-11-23 21:46:00,149.04,149.1,149.03,149.04,322.202806
2019-11-23 21:45:00,149,149,149,149,92.538116
2019-11-23 21:44:00,148.99,149,148.91,148.99,211.984767
2019-11-23 21:43:00,148.89,148.99,148.89,148.99,111.650008
2019-11-23 21:42:00,148.97,148.97,148.85,148.9,52.829785
2019-11-23 21:41:00,149.05,149.06,148.96,149.02,47.130465
2019-11-23 21:40:00,149.22,149.24,149.03,149.04,234.552824
2019-11-23 21:39:00,149.02,149.2,149.02,149.2,415.283259
2019-11-23 21:38:00,149,149.07,149,149.03,247.531087
2019-11-23 21:37:00,148.81,149.02,148.81,149,516.829862
2019-11-23 21:36:00,148.81,148.81,148.81,148.81,5.371071
2019-11-23 21:35:00,148.85,148.85,148.73,148.81,94.335067
2019-11-23 21:34:00,149.01,149.01,148.86,148.86,56.028862
2019-11-23 21:33:00,148.85,149.02,148.85,149.01,25.051225
2019-11-23 21:32:00,149.05,149.18,148.88,148.88,309.975685
2019-11-23 21:31:00,148.71,149.04,148.68,149.04,1062.765948
2019-11-23 21:30:00,148.81,148.81,148.67,148.71,42.469901
2019-11-23 21:29:00,148.93,148.93,148.8,148.81,14.634904
2019-11-23 21:28:00,149.03,149.04,148.97,148.97,9.952443
2019-11-23 21:27:00,148.98,149.08,148.98,149.03,9.751344
2019-11-23 21:26:00,149.08,149.08,148.9,148.97,581.642046
2019-11-23 21:25:00,149.22,149.22,149.08,149.09,248.500017
2019-11-23 21:24:00,149.04,149.21,148.99,149.2,220.62103
2019-11-23 21:23:00,149.21,149.21,149.05,149.05,28.490949
2019-11-23 21:22:00,149.31,149.31,149.07,149.21,327.669664
2019-11-23 21:21:00,149.12,149.28,149.06,149.28,117.438259
2019-11-23 21:20:00,148.81,149.12,148.81,149.12,75.67439
2019-11-23 21:19:00,148.67,148.81,148.67,148.81,49.872603
2019-11-23 21:18:00,148.69,148.69,148.62,148.65,441.217232
2019-11-23 21:17:00,148.7,148.7,148.7,148.7,10.17179
2019-11-23 21:16:00,148.76,148.76,148.68,148.7,97.21543
2019-11-23 21:15:00,148.7,148.79,148.7,148.77,17.060292
2019-11-23 21:14:00,148.71,148.79,148.7,148.7,101.643496
2019-11-23 21:13:00,148.77,148.77,148.7,148.71,49.983565
2019-11-23 21:12:00,148.76,148.78,148.73,148.73,72.303227
2019-11-23 21:11:00,148.67,148.76,148.59,148.76,123.943617
2019-11-23 21:10:00,148.65,148.71,148.65,148.68,110.940559
2019-11-23 21:09:00,148.81,148.81,148.52,148.58,837.005412
2019-11-23 21:08:00,148.66,148.8,148.64,148.77,313.489639
2019-11-23 21:07:00,148.63,148.63,148.63,148.63,20.127094
2019-11-23 21:06:00,148.74,148.74,148.62,148.62,37.328035
2019-11-23 21:05:00,148.8,148.8,148.75,148.77,30.306475
2019-11-23 21:04:00,148.79,148.8,148.72,148.76,31.568035
2019-11-23 21:03:00,148.83,148.83,148.76,148.82,67.271819
2019-11-23 21:02:00,148.53,148.82,148.53,148.82,115.098377
2019-11-23 21:01:00,148.45,148.66,148.45,148.52,247.572716
2019-11-23 21:00:00,148.23,148.49,148.23,148.46,95.679315
2019-11-23 20:59:00,148.47,148.53,148.24,148.24,156.504975
2019-11-23 20:58:00,148.37,148.48,148.31,148.47,67.856745
2019-11-23 20:57:00,148.14,148.54,148.14,148.37,611.350493
2019-11-23 20:56:00,148.18,148.25,148.02,148.16,304.365079
2019-11-23 20:55:00,148.21,148.21,148,148.18,270.406639
2019-11-23 20:54:00,148.36,148.45,148.2,148.22,75.714908
2019-11-23 20:53:00,148.42,148.68,148.3,148.32,603.041666
2019-11-23 20:52:00,148.35,148.43,148.35,148.42,148.299365
2019-11-23 20:51:00,148.36,148.4,148.21,148.29,309.210321
2019-11-23 20:50:00,148.26,148.31,147.99,148.31,930.636451
2019-11-23 20:49:00,148.52,148.52,148.26,148.27,617.825776
2019-11-23 20:48:00,148.48,148.7,148.47,148.58,401.658921
2019-11-23 20:47:00,148.45,148.6,148.44,148.45,987.332228
2019-11-23 20:46:00,148.88,148.88,148.43,148.45,1063.252454
2019-11-23 20:45:00,149.27,149.27,148.88,148.9,349.629899
2019-11-23 20:44:00,149.17,149.28,149.16,149.28,77.573106
2019-11-23 20:43:00,149.17,149.17,149.14,149.17,100.487973
2019-11-23 20:42:00,149.04,149.19,149.04,149.15,154.885002
2019-11-23 20:41:00,149.03,149.09,149.03,149.04,216.543899
2019-11-23 20:40:00,149.01,149.06,149,149.03,56.469308
2019-11-23 20:39:00,149.04,149.04,149.03,149.03,14.824821
2019-11-23 20:38:00,149.1,149.1,149.02,149.03,58.590611
2019-11-23 20:37:00,149.02,149.1,149.02,149.1,6.743126
2019-11-23 20:36:00,149.23,149.29,148.98,148.99,216.838976
2019-11-23 20:35:00,149.1,149.21,149.05,149.21,317.77625
2019-11-23 20:34:00,149.12,149.2,149.04,149.09,302.34227
2019-11-23 20:33:00,149.41,149.41,149.13,149.13,164.208471
2019-11-23 20:32:00,149.36,149.41,149.32,149.41,67.106416
2019-11-23 20:31:00,149.19,149.44,149.19,149.38,93.778479
2019-11-23 20:30:00,149.3,149.33,149.13,149.19,306.499839
2019-11-23 20:29:00,149.28,149.36,149.28,149.31,110.007917
2019-11-23 20:28:00,149.17,149.32,149.15,149.28,49.296967
2019-11-23 20:27:00,149.17,149.22,149.17,149.17,59.647318
2019-11-23 20:26:00,149.22,149.26,149.16,149.16,81.17975
2019-11-23 20:25:00,148.97,149.22,148.97,149.22,60.111747
2019-11-23 20:24:00,148.97,148.97,148.97,148.97,40.08643
2019-11-23 20:23:00,149.05,149.09,148.97,148.97,133.527047
2019-11-23 20:22:00,148.97,149.05,148.97,149.05,57.595071
2019-11-23 20:21:00,149.09,149.09,148.93,148.99,350.08212
2019-11-23 20:20:00,149.22,149.22,149.05,149.09,91.247918
2019-11-23 20:19:00,149.3,149.34,149.22,149.22,26.347148
2019-11-23 20:18:00,149.22,149.36,149.2,149.32,205.921021
2019-11-23 20:17:00,149.02,149.24,149.02,149.24,117.255984
2019-11-23 20:16:00,148.88,149.02,148.87,149.01,130.672669
2019-11-23 20:15:00,148.95,148.98,148.91,148.91,98.399867
2019-11-23 20:14:00,148.92,149.05,148.89,148.95,50.294634
2019-11-23 20:13:00,149.04,149.08,148.83,148.91,549.77861
2019-11-23 20:12:00,148.64,148.99,148.64,148.99,283.817677
2019-11-23 20:11:00,148.61,148.68,148.57,148.68,55.192763
2019-11-23 20:10:00,148.58,148.7,148.57,148.61,97.871772
2019-11-23 20:09:00,148.68,148.68,148.47,148.55,193.555932
2019-11-23 20:08:00,148.62,148.75,148.62,148.69,157.616273
2019-11-23 20:07:00,148.55,148.64,148.49,148.58,315.354072
2019-11-23 20:06:00,148.33,148.55,148.16,148.54,299.741351
2019-11-23 20:05:00,148.51,148.64,148.31,148.34,217.138335
2019-11-23 20:04:00,148.53,148.54,148.31,148.51,385.524688
2019-11-23 20:03:00,148.84,148.84,148.53,148.54,463.47483
2019-11-23 20:02:00,148.97,148.98,148.82,148.83,263.906535
2019-11-23 20:01:00,148.78,148.98,148.78,148.97,264.022963
2019-11-23 20:00:00,148.86,148.87,148.75,148.76,462.888912
2019-11-23 19:59:00,149,149,148.74,148.87,347.595388
2019-11-23 19:58:00,149.16,149.24,149,149,153.64049
2019-11-23 19:57:00,149.21,149.25,148.99,149.17,264.938086
2019-11-23 19:56:00,149.04,149.2,149.04,149.2,62.153221
2019-11-23 19:55:00,149.38,149.38,148.85,149.04,668.687939
2019-11-23 19:54:00,149.31,149.46,149.31,149.38,141.037843
2019-11-23 19:53:00,149.35,149.36,149.13,149.27,238.771247
2019-11-23 19:52:00,149.64,149.64,149.35,149.35,596.861501
2019-11-23 19:51:00,149.55,149.94,149.52,149.63,1602.223422
2019-11-23 19:50:00,149.1,149.55,149.09,149.55,657.783512
2019-11-23 19:49:00,149.23,149.33,149.1,149.11,667.292736
2019-11-23 19:48:00,149.03,149.3,149.03,149.23,264.390167
2019-11-23 19:47:00,149,149.11,149,149.03,118.162801
2019-11-23 19:46:00,149.07,149.09,148.96,149.01,537.27336
2019-11-23 19:45:00,148.88,149.11,148.86,149.07,472.251497
2019-11-23 19:44:00,148.76,148.9,148.74,148.88,312.496055
2019-11-23 19:43:00,148.62,148.76,148.44,148.76,391.328797
2019-11-23 19:42:00,148.66,148.79,148.62,148.62,197.816392
2019-11-23 19:41:00,148.57,148.78,148.57,148.68,136.86016
2019-11-23 19:40:00,148.68,148.68,148.6,148.6,47.857304
2019-11-23 19:39:00,148.65,148.65,148.57,148.62,166.12158
2019-11-23 19:38:00,148.9,148.9,148.65,148.65,63.035613
2019-11-23 19:37:00,148.67,148.88,148.67,148.88,61.690974
2019-11-23 19:36:00,148.83,148.85,148.67,148.68,91.118985
2019-11-23 19:35:00,148.59,148.83,148.51,148.83,69.660709
2019-11-23 19:34:00,148.53,148.72,148.53,148.62,66.279432
2019-11-23 19:33:00,148.61,148.61,148.48,148.5,160.624085
2019-11-23 19:32:00,148.4,148.62,148.4,148.62,102.776883
2019-11-23 19:31:00,148.53,148.53,148.39,148.39,97.536648
2019-11-23 19:30:00,148.77,148.77,148.53,148.54,212.942337
2019-11-23 19:29:00,148.78,148.85,148.78,148.78,107.437317
2019-11-23 19:28:00,148.68,148.8,148.68,148.78,113.734998
2019-11-23 19:27:00,148.72,148.72,148.67,148.67,6.077809
2019-11-23 19:26:00,148.87,148.87,148.71,148.71,52.724523
2019-11-23 19:25:00,148.71,148.84,148.67,148.84,5.423127
2019-11-23 19:24:00,148.69,148.81,148.69,148.71,39.026573
2019-11-23 19:23:00,148.85,148.85,148.71,148.71,162.183243
2019-11-23 19:22:00,148.81,148.87,148.76,148.86,76.842356
2019-11-23 19:21:00,149.03,149.03,148.81,148.81,296.91575
2019-11-23 19:20:00,149.06,149.12,149.04,149.04,35.41293
2019-11-23 19:19:00,149.02,149.08,149.01,149.07,60.398476
2019-11-23 19:18:00,148.7,149.08,148.7,149.03,218.111407
2019-11-23 19:17:00,148.72,148.72,148.63,148.7,38.265311
2019-11-23 19:16:00,148.85,148.85,148.67,148.72,268.344757
2019-11-23 19:15:00,149.15,149.15,148.85,148.85,137.807865
2019-11-23 19:14:00,149.02,149.19,149.01,149.17,81.804494
2019-11-23 19:13:00,148.99,149.07,148.92,149.04,93.457766
2019-11-23 19:12:00,149.01,149.01,148.87,148.93,73.213402
2019-11-23 19:11:00,149.04,149.06,148.91,149.02,245.063349
2019-11-23 19:10:00,148.93,149.04,148.93,149.04,97.91396
2019-11-23 19:09:00,148.75,148.93,148.71,148.93,132.921691
2019-11-23 19:08:00,148.91,148.95,148.75,148.75,56.108388
2019-11-23 19:07:00,149,149.14,148.92,148.92,273.834842
2019-11-23 19:06:00,148.84,149,148.82,149,10.926736
2019-11-23 19:05:00,148.71,148.94,148.7,148.84,79.884663
2019-11-23 19:04:00,148.67,148.79,148.64,148.71,99.909826
2019-11-23 19:03:00,148.53,148.76,148.51,148.67,174.354655
2019-11-23 19:02:00,148.25,148.55,148.25,148.53,192.414009
2019-11-23 19:01:00,148.62,148.62,148.24,148.25,242.452018
2019-11-23 19:00:00,148.78,148.92,148.52,148.62,92.65263
2019-11-23 18:59:00,148.53,148.79,148.51,148.79,176.277083
2019-11-23 18:58:00,148.51,148.67,148.51,148.53,50.813859
2019-11-23 18:57:00,148.63,148.72,148.54,148.55,50.560522
2019-11-23 18:56:00,148.81,148.81,148.63,148.63,78.250404
2019-11-23 18:55:00,148.87,148.9,148.72,148.78,197.290751
2019-11-23 18:54:00,149.08,149.15,148.8,148.91,2227.21614
2019-11-23 18:53:00,149.15,149.19,149.02,149.06,141.149663
2019-11-23 18:52:00,149.01,149.23,149.01,149.16,37.253265
2019-11-23 18:51:00,149.13,149.17,149,149,94.952585
2019-11-23 18:50:00,149.25,149.25,148.86,149.09,186.507108
2019-11-23 18:49:00,149.36,149.38,149.25,149.25,152.490343
2019-11-23 18:48:00,149.64,149.76,149.39,149.39,140.715948
2019-11-23 18:47:00,149.53,149.75,149.53,149.66,283.261404
2019-11-23 18:46:00,149.3,149.71,149.3,149.53,574.831581
2019-11-23 18:45:00,149.27,149.37,149.25,149.3,323.73408
2019-11-23 18:44:00,149.11,149.28,148.95,149.26,197.867513
2019-11-23 18:43:00,148.95,149.2,148.95,149.14,45.729968
2019-11-23 18:42:00,149.29,149.29,148.87,148.9,108.881219
2019-11-23 18:41:00,149.11,149.38,149.11,149.29,238.678021
2019-11-23 18:40:00,148.99,149.11,148.99,149.06,52.430561
2019-11-23 18:39:00,149.12,149.12,148.86,148.94,328.575713
2019-11-23 18:38:00,148.68,149.1,148.5,149.09,320.674625
2019-11-23 18:37:00,148.65,148.8,148.57,148.72,145.232231
2019-11-23 18:36:00,148.71,148.76,148.45,148.65,718.451627
2019-11-23 18:35:00,149.15,149.26,148.7,148.7,419.169523
2019-11-23 18:34:00,148.84,149.22,148.74,149.17,204.536545
2019-11-23 18:33:00,149.01,149.11,148.65,148.87,398.465284
2019-11-23 18:32:00,148.49,149.01,148.49,149.01,576.641833
2019-11-23 18:31:00,148.48,148.72,148.47,148.48,253.533246
2019-11-23 18:30:00,148.21,148.5,148.16,148.49,369.620023
2019-11-23 18:29:00,148.08,148.31,148.08,148.21,257.494639
2019-11-23 18:28:00,147.69,148.06,147.69,148.06,103.871981
2019-11-23 18:27:00,147.52,147.78,147.52,147.68,269.138488
2019-11-23 18:26:00,147.75,147.75,147.47,147.47,121.878182
2019-11-23 18:25:00,147.79,147.83,147.69,147.72,40.84113
2019-11-23 18:24:00,147.71,147.83,147.71,147.82,15.297582
2019-11-23 18:23:00,147.41,147.76,147.41,147.7,287.236244
2019-11-23 18:22:00,147.82,147.82,147.46,147.46,126.169139
2019-11-23 18:21:00,147.76,147.9,147.74,147.83,198.653535
2019-11-23 18:20:00,147.63,147.8,147.63,147.77,77.263462
2019-11-23 18:19:00,147.52,147.63,147.52,147.63,105.961977
2019-11-23 18:18:00,147.13,147.47,147.13,147.47,82.070143
2019-11-23 18:17:00,147.01,147.12,147,147.12,99.438198
2019-11-23 18:16:00,147.18,147.18,146.97,147.04,660.743684
2019-11-23 18:15:00,147.4,147.4,147.22,147.22,101.619401
2019-11-23 18:14:00,147.38,147.42,147.25,147.39,278.294448
2019-11-23 18:13:00,147.62,147.63,147.38,147.38,57.026358
2019-11-23 18:12:00,147.68,147.69,147.6,147.63,122.938695
2019-11-23 18:11:00,147.79,147.79,147.62,147.67,116.912771
2019-11-23 18:10:00,148,148,147.79,147.79,95.496956
2019-11-23 18:09:00,148,148.02,147.86,147.96,282.905515
2019-11-23 18:08:00,148.05,148.05,147.9,148,236.695692
2019-11-23 18:07:00,148.08,148.08,147.95,148.06,63.294093
2019-11-23 18:06:00,147.9,148.09,147.9,148.09,97.436415
2019-11-23 18:05:00,148.07,148.09,147.88,147.89,354.406324
2019-11-23 18:04:00,148.29,148.3,148.06,148.07,203.460156
2019-11-23 18:03:00,148.22,148.36,148.22,148.29,234.307193
2019-11-23 18:02:00,148.12,148.26,148.05,148.24,208.340601
2019-11-23 18:01:00,147.98,148.2,147.98,148.12,358.347261
2019-11-23 18:00:00,147.91,147.98,147.84,147.95,209.743648
2019-11-23 17:59:00,147.93,147.93,147.82,147.92,62.180898
2019-11-23 17:58:00,147.96,147.96,147.85,147.93,77.796021
2019-11-23 17:57:00,147.79,147.97,147.71,147.97,207.243011
2019-11-23 17:56:00,148.22,148.23,147.85,147.85,252.038968
2019-11-23 17:55:00,148.34,148.39,148.28,148.28,98.136836
2019-11-23 17:54:00,148.27,148.39,148.23,148.35,232.82413
2019-11-23 17:53:00,148.37,148.37,148.27,148.27,33.796251
2019-11-23 17:52:00,148.32,148.47,148.32,148.41,328.444266
2019-11-23 17:51:00,148.5,148.5,148.28,148.33,540.795151
2019-11-23 17:50:00,148.27,148.53,148.27,148.51,82.027995
2019-11-23 17:49:00,148.42,148.42,148.25,148.25,91.910358
2019-11-23 17:48:00,148.39,148.58,148.29,148.41,184.775509
2019-11-23 17:47:00,148.51,148.58,148.29,148.39,69.543577
2019-11-23 17:46:00,148.5,148.88,148.46,148.56,771.508287
2019-11-23 17:45:00,148.06,148.79,148.06,148.51,1652.435833
2019-11-23 17:44:00,147.81,148.18,147.79,148.02,766.618622
2019-11-23 17:43:00,148.35,148.42,147.73,147.78,483.718369
2019-11-23 17:42:00,147.74,148.41,147.74,148.38,558.200315
2019-11-23 17:41:00,147.43,147.74,147.37,147.74,557.741234
2019-11-23 17:40:00,147.38,147.51,147.16,147.44,520.29408
2019-11-23 17:39:00,146.76,147.37,146.76,147.37,840.243782
2019-11-23 17:38:00,146.79,146.85,146.67,146.75,536.721824
2019-11-23 17:37:00,146.65,146.79,146.65,146.79,144.971037
2019-11-23 17:36:00,146.87,146.88,146.59,146.65,287.818521
2019-11-23 17:35:00,147.11,147.11,146.84,146.89,233.538166
2019-11-23 17:34:00,147.04,147.09,146.89,147.09,759.780651
2019-11-23 17:33:00,147.27,147.27,147.02,147.04,73.445617
2019-11-23 17:32:00,147.26,147.35,147.21,147.27,74.647755
2019-11-23 17:31:00,147.35,147.35,147.26,147.26,125.808296
2019-11-23 17:30:00,147.6,147.6,147.34,147.35,139.467838
2019-11-23 17:29:00,147.51,147.62,147.47,147.6,259.007541
2019-11-23 17:28:00,147.47,147.53,147.45,147.52,121.848377
2019-11-23 17:27:00,147.45,147.48,147.42,147.48,7.695422
2019-11-23 17:26:00,147.23,147.49,147.23,147.48,135.52447
2019-11-23 17:25:00,147.35,147.47,147.13,147.23,293.139657
2019-11-23 17:24:00,147.3,147.61,147.2,147.37,949.430488
2019-11-23 17:23:00,147.71,147.71,147.22,147.31,291.165245
2019-11-23 17:22:00,147.48,147.86,147.46,147.73,480.61822
2019-11-23 17:21:00,147.06,147.5,147.03,147.5,526.666518
2019-11-23 17:20:00,147.15,147.16,147.01,147.07,342.343345
2019-11-23 17:19:00,147.33,147.38,147.11,147.16,689.912199
2019-11-23 17:18:00,147.37,147.41,147.27,147.32,228.868412
2019-11-23 17:17:00,147.4,147.5,147.27,147.36,299.028114
2019-11-23 17:16:00,147.47,147.53,147.2,147.36,333.538251
2019-11-23 17:15:00,147.79,147.79,147.39,147.47,601.977452
2019-11-23 17:14:00,147.91,147.97,147.77,147.79,543.43053
2019-11-23 17:13:00,148.24,148.34,147.91,147.92,318.637964
2019-11-23 17:12:00,148.02,148.48,148,148.22,508.76523
2019-11-23 17:11:00,148.05,148.05,147.84,148.01,494.522903
2019-11-23 17:10:00,147.7,148.05,147.7,148.05,296.819542
2019-11-23 17:09:00,147.37,147.74,147.36,147.68,310.950236
2019-11-23 17:08:00,146.99,147.46,146.99,147.39,803.742602
2019-11-23 17:07:00,147.04,147.04,146.82,146.98,1067.525811
2019-11-23 17:06:00,147.51,147.51,146.94,147.05,703.693421
2019-11-23 17:05:00,147.05,147.56,147.05,147.52,1537.61844
2019-11-23 17:04:00,147.35,147.42,146.67,147.05,5328.274644
2019-11-23 17:03:00,148.14,148.15,147.35,147.36,1511.5862
2019-11-23 17:02:00,148.43,148.43,148.06,148.06,137.186979
2019-11-23 17:01:00,148.54,148.61,148.44,148.44,135.657854
2019-11-23 17:00:00,148.79,148.8,148.53,148.53,1169.962413
2019-11-23 16:59:00,148.67,148.79,148.67,148.79,90.277379
2019-11-23 16:58:00,148.43,148.67,148.43,148.67,321.704234
2019-11-23 16:57:00,148.62,148.64,148.32,148.41,108.37292
2019-11-23 16:56:00,148.49,148.66,148.45,148.62,325.016921
2019-11-23 16:55:00,148.76,148.77,148.38,148.49,888.6298
2019-11-23 16:54:00,148.55,148.79,148.47,148.78,405.231657
2019-11-23 16:53:00,148.84,148.84,148.54,148.57,406.011019
2019-11-23 16:52:00,148.41,148.84,148.41,148.84,289.563203
2019-11-23 16:51:00,148.28,148.49,148.11,148.42,1007.986636
2019-11-23 16:50:00,148.37,148.38,147.94,148.28,2206.164477
2019-11-23 16:49:00,148.74,148.75,148.19,148.35,1341.463956
2019-11-23 16:48:00,148.64,148.86,148.6,148.77,718.978199
2019-11-23 16:47:00,149.07,149.07,148.43,148.66,1303.346453
2019-11-23 16:46:00,149.17,149.21,148.8,149.06,901.788627
2019-11-23 16:45:00,149.26,149.41,149.05,149.19,1453.245505
2019-11-23 16:44:00,149.46,149.46,149.14,149.24,171.75008
2019-11-23 16:43:00,149.56,149.56,149.33,149.46,52.359703
2019-11-23 16:42:00,149.62,149.72,149.56,149.56,110.480624
2019-11-23 16:41:00,149.64,149.71,149.56,149.62,174.203613
2019-11-23 16:40:00,149.39,149.61,149.31,149.61,414.870649
2019-11-23 16:39:00,149.38,149.54,149.38,149.39,53.668221
2019-11-23 16:38:00,149.5,149.57,149.4,149.4,102.651761
2019-11-23 16:37:00,149.4,149.5,149.25,149.5,402.56095
2019-11-23 16:36:00,149.46,149.53,149.1,149.41,816.141009
2019-11-23 16:35:00,149.68,149.68,149.37,149.46,341.078275
2019-11-23 16:34:00,149.76,149.84,149.64,149.68,161.831131
2019-11-23 16:33:00,149.92,149.93,149.74,149.76,161.799735
2019-11-23 16:32:00,149.91,149.92,149.84,149.91,146.101742
2019-11-23 16:31:00,149.98,149.98,149.86,149.9,235.983764
2019-11-23 16:30:00,149.88,150.07,149.88,150,128.171337
2019-11-23 16:29:00,150.02,150.02,149.87,149.9,211.877778
2019-11-23 16:28:00,150.14,150.15,150.03,150.03,50.154393
2019-11-23 16:27:00,150.22,150.22,150.09,150.14,74.140424
2019-11-23 16:26:00,150.21,150.25,150.21,150.22,3.728413
2019-11-23 16:25:00,150.35,150.35,150.21,150.21,29.780076
2019-11-23 16:24:00,150.46,150.49,150.31,150.33,22.793299
2019-11-23 16:23:00,150.6,150.63,150.44,150.44,99.192259
2019-11-23 16:22:00,150.84,150.93,150.35,150.57,2242.059642
2019-11-23 16:21:00,150.72,150.84,150.71,150.83,48.414483
2019-11-23 16:20:00,150.89,150.89,150.71,150.71,325.369966
2019-11-23 16:19:00,150.78,150.93,150.77,150.89,144.254268
2019-11-23 16:18:00,150.6,150.78,150.6,150.78,144.889036
2019-11-23 16:17:00,150.46,150.6,150.46,150.6,52.748139
2019-11-23 16:16:00,150.49,150.49,150.37,150.43,55.977333
2019-11-23 16:15:00,150.5,150.53,150.49,150.49,29.526032
2019-11-23 16:14:00,150.6,150.6,150.54,150.54,40.83514
2019-11-23 16:13:00,150.7,150.71,150.53,150.57,56.223458
2019-11-23 16:12:00,150.64,150.7,150.64,150.7,17.881373
2019-11-23 16:11:00,150.63,150.63,150.63,150.63,0.016083
2019-11-23 16:10:00,150.59,150.62,150.59,150.62,17.577503
2019-11-23 16:09:00,150.54,150.6,150.46,150.6,73.112847
2019-11-23 16:08:00,150.44,150.54,150.39,150.53,132.345632
2019-11-23 16:07:00,150.37,150.43,150.31,150.43,62.187942
2019-11-23 16:06:00,150.35,150.46,150.26,150.42,335.228321
2019-11-23 16:05:00,150.28,150.4,150.28,150.36,136.088098
2019-11-23 16:04:00,150.49,150.49,150.23,150.26,262.229152
2019-11-23 16:03:00,150.27,150.47,150.27,150.47,76.120134
2019-11-23 16:02:00,150.18,150.36,150.18,150.26,74.59635
2019-11-23 16:01:00,150.02,150.3,150.02,150.22,185.387605
2019-11-23 16:00:00,150.02,150.03,150.02,150.03,6.881829
2019-11-23 15:59:00,150.04,150.05,149.97,149.97,5.846061
2019-11-23 15:58:00,150.18,150.2,150.03,150.03,23.254337
2019-11-23 15:57:00,150.09,150.24,150.08,150.21,75.144718
2019-11-23 15:56:00,150.25,150.25,150.14,150.14,125.122702
2019-11-23 15:55:00,150.28,150.31,150.24,150.24,36.476304
2019-11-23 15:54:00,150.18,150.35,150.18,150.28,60.286773
2019-11-23 15:53:00,150.11,150.18,150.09,150.16,91.600212
2019-11-23 15:52:00,150.12,150.14,150.09,150.13,27.151773
2019-11-23 15:51:00,150.08,150.13,150.08,150.12,39.205749
2019-11-23 15:50:00,150.04,150.07,150.03,150.07,25.935014
2019-11-23 15:49:00,150,150.05,150,150.05,32.759646
2019-11-23 15:48:00,149.94,150.02,149.94,150,24.854274
2019-11-23 15:47:00,149.95,150,149.94,149.94,123.201801
2019-11-23 15:46:00,150.13,150.13,149.96,149.96,23.843974
2019-11-23 15:45:00,149.88,150.1,149.87,150.1,122.02468
2019-11-23 15:44:00,149.92,149.92,149.84,149.89,90.614869
2019-11-23 15:43:00,150.02,150.03,149.91,149.93,18.766501
2019-11-23 15:42:00,150.08,150.08,149.95,150.03,16.004606
2019-11-23 15:41:00,150.16,150.18,150.08,150.08,62.977868
2019-11-23 15:40:00,150.24,150.3,150.04,150.15,254.366507
2019-11-23 15:39:00,150.2,150.25,150.2,150.24,44.065666
2019-11-23 15:38:00,150.2,150.2,150.15,150.19,20.893547
2019-11-23 15:37:00,150.28,150.37,150.2,150.2,98.086419
2019-11-23 15:36:00,150,150.29,150,150.24,928.105451
2019-11-23 15:35:00,149.84,150,149.79,150,195.437218
2019-11-23 15:34:00,150.02,150.02,149.86,149.87,57.130274
2019-11-23 15:33:00,149.85,150.06,149.85,150.02,166.294318
2019-11-23 15:32:00,150.1,150.12,149.81,149.86,162.170461
2019-11-23 15:31:00,149.75,150.13,149.68,150.09,561.55271
2019-11-23 15:30:00,149.85,149.86,149.62,149.72,721.111356
2019-11-23 15:29:00,149.91,149.97,149.72,149.88,734.179115
2019-11-23 15:28:00,150.19,150.19,149.91,149.91,207.292942
2019-11-23 15:27:00,150.26,150.26,150.17,150.2,14.657897
2019-11-23 15:26:00,150.37,150.43,150.2,150.26,522.262852
2019-11-23 15:25:00,150.48,150.48,150.14,150.37,445.320506
2019-11-23 15:24:00,150.6,150.6,150.42,150.47,71.262745
2019-11-23 15:23:00,150.53,150.7,150.49,150.59,112.845832
2019-11-23 15:22:00,150.52,150.59,150.31,150.5,756.317177
2019-11-23 15:21:00,150.66,150.7,150.53,150.53,87.446843
2019-11-23 15:20:00,150.78,150.79,150.62,150.66,50.426439
2019-11-23 15:19:00,150.69,150.85,150.69,150.81,331.94633
2019-11-23 15:18:00,150.85,150.87,150.75,150.77,50.686334
2019-11-23 15:17:00,150.96,150.96,150.79,150.83,181.423905
2019-11-23 15:16:00,151.15,151.15,150.96,150.96,218.986426
2019-11-23 15:15:00,151.14,151.17,151.14,151.15,24.846283
2019-11-23 15:14:00,151.14,151.18,151.14,151.14,298.006908
2019-11-23 15:13:00,151.15,151.22,151.14,151.21,17.439079
2019-11-23 15:12:00,151.12,151.2,151.12,151.19,76.237143
2019-11-23 15:11:00,151.33,151.33,151.08,151.12,252.824042
2019-11-23 15:10:00,151.57,151.57,151.22,151.33,229.519454
2019-11-23 15:09:00,151.28,151.58,151.28,151.55,206.041983
2019-11-23 15:08:00,151.3,151.37,151.28,151.28,323.337931
2019-11-23 15:07:00,151.15,151.37,151.15,151.31,305.23881
2019-11-23 15:06:00,151.2,151.21,151.07,151.13,979.116805
2019-11-23 15:05:00,151.25,151.27,151.05,151.21,2704.467079
2019-11-23 15:04:00,151.13,151.31,151.13,151.23,17.1901
2019-11-23 15:03:00,150.98,151.12,150.98,151.12,71.736816
2019-11-23 15:02:00,151.11,151.14,151,151,58.049888
2019-11-23 15:01:00,150.9,151.11,150.9,151.11,284.532168
2019-11-23 15:00:00,150.58,150.9,150.57,150.9,383.119934
2019-11-23 14:59:00,150.44,150.6,150.44,150.58,292.669419
2019-11-23 14:58:00,150.45,150.45,150.42,150.43,8.564737
2019-11-23 14:57:00,150.5,150.5,150.45,150.45,0.488289
2019-11-23 14:56:00,150.53,150.53,150.52,150.52,35.91904
2019-11-23 14:55:00,150.55,150.55,150.5,150.53,57.364316
2019-11-23 14:54:00,150.53,150.55,150.53,150.55,22.917301
2019-11-23 14:53:00,150.51,150.6,150.49,150.54,169.605876
2019-11-23 14:52:00,150.49,150.51,150.49,150.51,6.637741
2019-11-23 14:51:00,150.49,150.51,150.48,150.48,115.579873
2019-11-23 14:50:00,150.47,150.54,150.43,150.54,28.769928
2019-11-23 14:49:00,150.49,150.49,150.45,150.46,35.143792
2019-11-23 14:48:00,150.43,150.6,150.42,150.49,265.967882
2019-11-23 14:47:00,150.66,150.69,150.43,150.43,147.117596
2019-11-23 14:46:00,150.93,150.95,150.69,150.69,192.667748
2019-11-23 14:45:00,150.86,150.94,150.86,150.93,40.338629
2019-11-23 14:44:00,150.76,150.89,150.7,150.89,189.166642
2019-11-23 14:43:00,150.73,150.75,150.67,150.75,47.711149
2019-11-23 14:42:00,150.84,150.84,150.73,150.73,29.681211
2019-11-23 14:41:00,150.67,150.84,150.67,150.84,112.126226
2019-11-23 14:40:00,150.75,150.75,150.53,150.63,61.095101
2019-11-23 14:39:00,150.58,150.82,150.57,150.75,144.452268
2019-11-23 14:38:00,150.44,150.58,150.43,150.58,83.572433
2019-11-23 14:37:00,150.35,150.44,150.35,150.43,88.263257
2019-11-23 14:36:00,150.36,150.38,150.32,150.37,50.423016
2019-11-23 14:35:00,150.41,150.41,150.31,150.36,117.995323
2019-11-23 14:34:00,150.38,150.46,150.38,150.42,28.145484
2019-11-23 14:33:00,150.41,150.41,150.35,150.38,104.031667
2019-11-23 14:32:00,150.41,150.41,150.4,150.41,11.962425
2019-11-23 14:31:00,150.39,150.4,150.35,150.39,299.146209
2019-11-23 14:30:00,150.38,150.38,150.32,150.38,82.70469
2019-11-23 14:29:00,150.29,150.41,150.28,150.4,281.067039
2019-11-23 14:28:00,150.31,150.31,150.28,150.29,57.061249
2019-11-23 14:27:00,150.33,150.33,150.31,150.32,0.918456
2019-11-23 14:26:00,150.37,150.37,150.34,150.34,9.059635
2019-11-23 14:25:00,150.39,150.39,150.39,150.39,8.920326
2019-11-23 14:24:00,150.45,150.46,150.37,150.38,14.012919
2019-11-23 14:23:00,150.47,150.47,150.45,150.46,4.52996
2019-11-23 14:22:00,150.55,150.56,150.49,150.49,2.987038
2019-11-23 14:21:00,150.62,150.62,150.46,150.55,466.636124
2019-11-23 14:20:00,150.39,150.6,150.39,150.58,47.034953
2019-11-23 14:19:00,150.3,150.38,150.3,150.38,7.68694
2019-11-23 14:18:00,150.32,150.32,150.27,150.28,41.790689
2019-11-23 14:17:00,150.12,150.38,150.11,150.33,211.332335
2019-11-23 14:16:00,150.16,150.16,150.11,150.11,55.836916
2019-11-23 14:15:00,150.06,150.17,150.06,150.17,8.430148
2019-11-23 14:14:00,150.17,150.17,149.99,150.03,54.288039
2019-11-23 14:13:00,150.2,150.21,150.08,150.17,58.643651
2019-11-23 14:12:00,150.32,150.33,150.25,150.25,156.887358
2019-11-23 14:11:00,150.28,150.33,150.27,150.32,111.123364
2019-11-23 14:10:00,150.25,150.33,150.22,150.27,250.891553
2019-11-23 14:09:00,150.47,150.47,150.23,150.25,404.219473
2019-11-23 14:08:00,150.37,150.48,150.18,150.47,1020.462547
2019-11-23 14:07:00,150.49,150.9,150.34,150.37,1161.156649
2019-11-23 14:06:00,150.4,150.49,150.34,150.46,11.309424
2019-11-23 14:05:00,150.32,150.55,150.32,150.41,162.17077
2019-11-23 14:04:00,150.68,150.68,150.32,150.32,122.603438
2019-11-23 14:03:00,151.11,151.12,150.61,150.72,526.392546
2019-11-23 14:02:00,151.16,151.16,150.99,151.1,122.912553
2019-11-23 14:01:00,150.99,151.24,150.99,151.16,418.444744
2019-11-23 14:00:00,150.57,151.32,150.57,151.01,1035.124256
2019-11-23 13:59:00,150.89,150.89,150.55,150.57,48.035381
2019-11-23 13:58:00,150.68,150.9,150.68,150.88,33.174654
2019-11-23 13:57:00,150.58,150.81,150.57,150.69,157.503529
2019-11-23 13:56:00,150.44,150.59,150.41,150.58,51.607326
2019-11-23 13:55:00,150.19,150.44,150.19,150.44,85.450596
2019-11-23 13:54:00,150.22,150.22,150.19,150.19,18.726381
2019-11-23 13:53:00,150.06,150.35,150.03,150.22,372.025378
2019-11-23 13:52:00,150.09,150.11,150.04,150.06,104.499359
2019-11-23 13:51:00,150.18,150.18,150.1,150.1,1.337014
2019-11-23 13:50:00,150.06,150.14,150.06,150.14,4.900238
2019-11-23 13:49:00,150.07,150.09,150,150.06,57.757901
2019-11-23 13:48:00,150.31,150.33,150.07,150.08,380.656176
2019-11-23 13:47:00,149.87,150.32,149.87,150.32,157.829108
2019-11-23 13:46:00,149.94,149.94,149.83,149.84,5.647168
2019-11-23 13:45:00,149.94,150.15,149.94,149.99,196.480827
2019-11-23 13:44:00,149.99,150.04,149.83,149.9,456.556745
2019-11-23 13:43:00,149.63,149.97,149.59,149.96,377.077599
2019-11-23 13:42:00,149.3,149.63,149.28,149.63,317.522385
2019-11-23 13:41:00,149.23,149.49,149.23,149.32,233.025848
2019-11-23 13:40:00,149.35,149.41,149.14,149.23,162.958276
2019-11-23 13:39:00,148.97,149.33,148.97,149.33,79.584615
2019-11-23 13:38:00,149.33,149.33,148.99,148.99,407.937578
2019-11-23 13:37:00,149.49,149.49,149.21,149.34,426.991081
2019-11-23 13:36:00,149.44,149.52,149.44,149.49,15.625593
2019-11-23 13:35:00,149.63,149.63,149.43,149.44,95.864562
2019-11-23 13:34:00,149.7,149.7,149.63,149.63,207.288166
2019-11-23 13:33:00,149.75,149.83,149.72,149.72,302.979709
2019-11-23 13:32:00,149.94,149.94,149.78,149.78,25.931813
2019-11-23 13:31:00,149.89,149.94,149.82,149.94,137.727273
2019-11-23 13:30:00,149.66,149.81,149.66,149.81,55.838529
2019-11-23 13:29:00,149.76,149.76,149.64,149.69,63.641596
2019-11-23 13:28:00,149.6,149.71,149.55,149.71,206.935578
2019-11-23 13:27:00,149.3,149.6,149.3,149.6,309.863281
2019-11-23 13:26:00,149.47,149.47,149.3,149.3,125.869208
2019-11-23 13:25:00,149.61,149.61,149.48,149.48,9.479858
2019-11-23 13:24:00,149.5,149.58,149.47,149.56,51.305349
2019-11-23 13:23:00,149.39,149.55,149.3,149.53,315.802352
2019-11-23 13:22:00,149.56,149.57,149.4,149.4,244.443244
2019-11-23 13:21:00,149.61,149.61,149.45,149.57,127.200657
2019-11-23 13:20:00,149.73,149.74,149.63,149.63,129.369206
2019-11-23 13:19:00,149.68,149.83,149.67,149.74,133.406783
2019-11-23 13:18:00,149.73,149.9,149.69,149.69,210.412575
2019-11-23 13:17:00,149.94,150.05,149.73,149.75,166.615474
2019-11-23 13:16:00,150.07,150.07,149.91,149.94,154.066064
2019-11-23 13:15:00,150.1,150.1,150.04,150.07,118.675903
2019-11-23 13:14:00,150.18,150.18,150.09,150.11,65.287682
2019-11-23 13:13:00,150.28,150.28,150.16,150.18,103.911912
2019-11-23 13:12:00,150.25,150.29,150.21,150.29,10.216951
2019-11-23 13:11:00,150.13,150.25,150.12,150.25,853.863865
2019-11-23 13:10:00,150.14,150.19,150.13,150.13,112.398284
2019-11-23 13:09:00,150,150.14,150,150.14,40.066594
2019-11-23 13:08:00,150.05,150.05,149.91,150,119.496611
2019-11-23 13:07:00,149.91,150.03,149.91,150.03,112.367859
2019-11-23 13:06:00,149.85,150,149.85,149.93,52.983498
2019-11-23 13:05:00,149.85,149.85,149.85,149.85,3.037101
2019-11-23 13:04:00,149.85,149.86,149.84,149.84,148.07213
2019-11-23 13:03:00,149.78,149.85,149.71,149.84,87.62113
2019-11-23 13:02:00,149.88,149.91,149.7,149.78,399.872201
2019-11-23 13:01:00,149.75,149.89,149.75,149.86,120.907599
2019-11-23 13:00:00,149.46,149.75,149.46,149.75,154.318344
2019-11-23 12:59:00,149.55,149.56,149.46,149.46,42.888437
2019-11-23 12:58:00,149.73,149.73,149.55,149.55,48.372197
2019-11-23 12:57:00,149.72,149.78,149.66,149.78,12.095189
2019-11-23 12:56:00,149.66,149.79,149.66,149.76,182.538174
2019-11-23 12:55:00,149.77,149.77,149.66,149.66,30.571445
2019-11-23 12:54:00,149.88,149.9,149.72,149.72,278.260438
2019-11-23 12:53:00,149.96,149.99,149.87,149.87,107.394454
2019-11-23 12:52:00,149.68,150.01,149.68,149.96,823.007908
2019-11-23 12:51:00,149.76,149.76,149.66,149.68,123.150176
2019-11-23 12:50:00,149.78,149.84,149.74,149.77,59.639015
2019-11-23 12:49:00,149.87,149.96,149.8,149.8,333.940745
2019-11-23 12:48:00,149.97,149.99,149.78,149.88,446.298819
2019-11-23 12:47:00,149.88,149.98,149.82,149.97,92.666028
2019-11-23 12:46:00,149.72,149.85,149.71,149.84,260.201524
2019-11-23 12:45:00,150.06,150.1,149.73,149.73,865.029941
2019-11-23 12:44:00,150.19,150.19,150.06,150.06,22.898542
2019-11-23 12:43:00,150.32,150.32,150.18,150.19,317.803877
2019-11-23 12:42:00,150.43,150.52,150.32,150.32,386.605786
2019-11-23 12:41:00,150.73,150.73,150.43,150.43,472.012186
2019-11-23 12:40:00,150.62,150.82,150.62,150.74,290.701045
2019-11-23 12:39:00,150.74,150.82,150.63,150.63,366.821003
2019-11-23 12:38:00,150.69,150.74,150.69,150.73,94.004268
2019-11-23 12:37:00,150.68,150.72,150.65,150.69,198.599199
2019-11-23 12:36:00,150.61,150.72,150.55,150.68,378.132836
2019-11-23 12:35:00,150.7,150.77,150.63,150.63,482.230256
2019-11-23 12:34:00,150.71,150.83,150.61,150.7,505.940078
2019-11-23 12:33:00,150.5,150.72,150.46,150.72,764.722655
2019-11-23 12:32:00,150.35,150.53,150.34,150.47,583.27305
2019-11-23 12:31:00,150.24,150.4,150.2,150.35,354.25225
2019-11-23 12:30:00,150.28,150.34,150.24,150.25,470.946476
2019-11-23 12:29:00,150.26,150.33,150.26,150.27,1.019773
2019-11-23 12:28:00,150.27,150.27,150.26,150.26,4.736472
2019-11-23 12:27:00,150.42,150.42,150.28,150.3,315.333801
2019-11-23 12:26:00,150.29,150.42,150.23,150.42,93.630587
2019-11-23 12:25:00,150.48,150.53,150.29,150.29,152.621793
2019-11-23 12:24:00,150.36,150.48,150.29,150.48,103.530505
2019-11-23 12:23:00,150.26,150.43,150.25,150.36,530.467026
2019-11-23 12:22:00,150.47,150.47,150.1,150.23,1229.003421
2019-11-23 12:21:00,150.76,150.76,150.5,150.5,437.633803
2019-11-23 12:20:00,150.93,150.97,150.77,150.79,335.517475
2019-11-23 12:19:00,150.96,150.96,150.92,150.93,2.737093
2019-11-23 12:18:00,150.99,151.08,150.96,150.96,55.246844
2019-11-23 12:17:00,151.14,151.14,150.99,151,90.510454
2019-11-23 12:16:00,151.38,151.38,151.14,151.15,84.785405
2019-11-23 12:15:00,151.43,151.43,151.35,151.39,59.029988
2019-11-23 12:14:00,151.54,151.55,151.45,151.45,39.079296
2019-11-23 12:13:00,151.48,151.55,151.46,151.55,64.246148
2019-11-23 12:12:00,151.54,151.55,151.48,151.48,103.657658
2019-11-23 12:11:00,151.45,151.55,151.45,151.55,14.467793
2019-11-23 12:10:00,151.31,151.46,151.28,151.45,73.815286
2019-11-23 12:09:00,151.48,151.48,151.32,151.32,13.652222
2019-11-23 12:08:00,151.51,151.56,151.45,151.54,38.588152
2019-11-23 12:07:00,151.41,151.56,151.31,151.51,397.844243
2019-11-23 12:06:00,151.58,151.58,151.4,151.42,851.958548
2019-11-23 12:05:00,151.66,151.7,151.51,151.58,657.249381
2019-11-23 12:04:00,151.6,151.72,151.51,151.66,158.350183
2019-11-23 12:03:00,151.88,151.88,151.55,151.63,458.882688
2019-11-23 12:02:00,151.74,152.06,151.74,151.88,1462.599709
2019-11-23 12:01:00,151.62,151.93,151.62,151.74,469.675238
2019-11-23 12:00:00,151.49,151.8,151.49,151.62,456.621075
2019-11-23 11:59:00,151.46,151.93,151.46,151.53,411.041676
2019-11-23 11:58:00,151.46,151.46,151.38,151.43,428.357548
2019-11-23 11:57:00,151.23,151.45,151.19,151.45,54.065902
2019-11-23 11:56:00,151.31,151.38,151.16,151.24,186.403391
2019-11-23 11:55:00,151.07,151.29,151.06,151.29,103.859923
2019-11-23 11:54:00,150.93,151.04,150.93,151.04,34.473462
2019-11-23 11:53:00,150.83,150.98,150.83,150.98,93.098144
2019-11-23 11:52:00,150.89,150.89,150.83,150.83,22.574693
2019-11-23 11:51:00,150.88,150.94,150.83,150.86,56.337002
2019-11-23 11:50:00,150.86,150.88,150.86,150.88,36.998065
2019-11-23 11:49:00,150.83,150.87,150.82,150.85,7.438147
2019-11-23 11:48:00,150.84,150.84,150.81,150.84,75.724916
2019-11-23 11:47:00,151.04,151.04,150.85,150.85,63.661705
2019-11-23 11:46:00,151.06,151.08,151.04,151.04,40.735677
2019-11-23 11:45:00,151.01,151.03,150.98,151.03,32.976538
2019-11-23 11:44:00,151.06,151.06,151,151.01,176.691473
2019-11-23 11:43:00,151.04,151.11,151.04,151.1,35.359628
2019-11-23 11:42:00,151.22,151.23,151.03,151.1,127.040682
2019-11-23 11:41:00,151.31,151.37,151.25,151.25,37.575983
2019-11-23 11:40:00,151.27,151.34,151.26,151.31,403.030839
2019-11-23 11:39:00,151.12,151.27,151.12,151.27,2.100731
2019-11-23 11:38:00,151.09,151.13,151.04,151.13,191.4454
2019-11-23 11:37:00,151.21,151.21,151.07,151.09,81.934185
2019-11-23 11:36:00,151.2,151.28,151.2,151.21,296.004145
2019-11-23 11:35:00,151,151.15,151,151.15,23.816033
2019-11-23 11:34:00,150.84,151.07,150.84,151.03,120.55023
2019-11-23 11:33:00,151.02,151.02,150.77,150.88,172.106375
2019-11-23 11:32:00,151.33,151.33,150.98,151.02,268.527105
2019-11-23 11:31:00,151.4,151.4,151.24,151.32,163.579068
2019-11-23 11:30:00,151.47,151.47,151.15,151.4,427.803321
2019-11-23 11:29:00,151.25,152,151.19,151.46,8133.733081
2019-11-23 11:28:00,151.16,151.39,150.59,151.25,2075.360655
2019-11-23 11:27:00,150.53,151.46,150.52,151.16,2515.95151
2019-11-23 11:26:00,150.18,150.5,150.18,150.5,22.921536
2019-11-23 11:25:00,150.07,150.21,150.07,150.17,53.962165
2019-11-23 11:24:00,150.09,150.09,150.02,150.02,136.201819
2019-11-23 11:23:00,150.04,150.1,150.04,150.1,5.75101
2019-11-23 11:22:00,150.04,150.09,150,150.04,157.982057
2019-11-23 11:21:00,150.1,150.1,150,150.04,22.704736
2019-11-23 11:20:00,150.2,150.2,150,150.1,240.027116
2019-11-23 11:19:00,150.33,150.33,150.09,150.21,191.713362
2019-11-23 11:18:00,150.28,150.34,150.27,150.34,132.721119
2019-11-23 11:17:00,150.35,150.35,150.28,150.3,82.720542
2019-11-23 11:16:00,150.37,150.39,150.3,150.35,86.018001
2019-11-23 11:15:00,150.36,150.39,150.28,150.36,114.236078
2019-11-23 11:14:00,150.39,150.39,150.25,150.36,122.722486
2019-11-23 11:13:00,150.21,150.39,150.18,150.39,238.282915
2019-11-23 11:12:00,150.33,150.33,150.15,150.18,171.082348
2019-11-23 11:11:00,150.18,150.34,150.18,150.34,72.018208
2019-11-23 11:10:00,150.18,150.24,150.17,150.18,30.32482
2019-11-23 11:09:00,150.29,150.29,150.18,150.2,53.903487
2019-11-23 11:08:00,150.3,150.3,150.18,150.29,230.001461
2019-11-23 11:07:00,150.35,150.37,150.29,150.3,110.910245
2019-11-23 11:06:00,150.19,150.37,150.19,150.34,254.408646
2019-11-23 11:05:00,150.32,150.34,150.19,150.24,392.22758
2019-11-23 11:04:00,150.17,150.3,150.17,150.3,110.71442
2019-11-23 11:03:00,150.05,150.13,150.05,150.13,41.21833
2019-11-23 11:02:00,149.9,150.09,149.9,150.08,1186.953362
2019-11-23 11:01:00,150,150,149.89,149.89,72.333744
2019-11-23 11:00:00,149.96,150.02,149.96,150,200.443495
2019-11-23 10:59:00,149.97,149.98,149.9,149.92,328.900796
2019-11-23 10:58:00,149.95,150.06,149.93,149.97,35.94227
2019-11-23 10:57:00,149.99,149.99,149.85,149.94,801.856088
2019-11-23 10:56:00,149.87,149.99,149.85,149.99,422.866463
2019-11-23 10:55:00,149.84,150,149.84,149.88,157.841665
2019-11-23 10:54:00,149.85,149.92,149.84,149.84,175.280958
2019-11-23 10:53:00,149.65,149.84,149.65,149.84,44.002767
2019-11-23 10:52:00,149.56,149.68,149.56,149.66,16.524416
2019-11-23 10:51:00,149.51,149.56,149.51,149.56,2.075954
2019-11-23 10:50:00,149.55,149.56,149.55,149.55,8.029347
2019-11-23 10:49:00,149.42,149.57,149.42,149.55,110.4149
2019-11-23 10:48:00,149.42,149.48,149.39,149.42,135.849797
2019-11-23 10:47:00,149.42,149.42,149.36,149.42,7.07754
2019-11-23 10:46:00,149.27,149.46,149.27,149.42,15.392029
2019-11-23 10:45:00,149.24,149.28,149.2,149.27,54.903884
2019-11-23 10:44:00,149.46,149.46,149.21,149.25,124.210296
2019-11-23 10:43:00,149.48,149.48,149.43,149.47,160.283201
2019-11-23 10:42:00,149.39,149.48,149.32,149.47,138.636654
2019-11-23 10:41:00,149.43,149.43,149.26,149.39,94.655215
2019-11-23 10:40:00,149.39,149.46,149.39,149.43,59.696996
2019-11-23 10:39:00,149.47,149.59,149.37,149.44,149.310894
2019-11-23 10:38:00,149.5,149.53,149.36,149.47,86.866398
2019-11-23 10:37:00,149.48,149.66,149.46,149.5,522.846092
2019-11-23 10:36:00,149.27,149.48,149.16,149.48,64.521802
2019-11-23 10:35:00,149.52,149.52,149.28,149.28,524.939065
2019-11-23 10:34:00,149.8,149.84,149.52,149.52,191.393668
2019-11-23 10:33:00,149.91,149.91,149.78,149.8,81.116112
2019-11-23 10:32:00,149.99,150,149.88,149.89,47.732887
2019-11-23 10:31:00,150.1,150.11,150,150,81.695941
2019-11-23 10:30:00,150.22,150.26,150.04,150.08,77.215041
2019-11-23 10:29:00,150.04,150.22,150.04,150.22,123.853612
2019-11-23 10:28:00,149.98,150.08,149.98,150.04,221.866098
2019-11-23 10:27:00,149.97,150.17,149.88,149.99,396.766675
2019-11-23 10:26:00,150.16,150.19,149.97,149.97,425.884504
2019-11-23 10:25:00,150.05,150.16,149.97,150.15,248.222702
2019-11-23 10:24:00,150.03,150.18,150,150.04,373.485585
2019-11-23 10:23:00,149.82,150.04,149.8,150.02,81.722862
2019-11-23 10:22:00,150.04,150.15,149.86,149.86,341.553031
2019-11-23 10:21:00,150.24,150.24,149.89,150.03,529.493124
2019-11-23 10:20:00,149.98,150.28,149.98,150.17,223.157869
2019-11-23 10:19:00,149.86,150.03,149.85,149.98,241.409466
2019-11-23 10:18:00,149.63,149.89,149.63,149.86,377.800565
2019-11-23 10:17:00,149.82,149.9,149.63,149.63,2014.112853
2019-11-23 10:16:00,149.64,149.99,149.63,149.82,823.32462
2019-11-23 10:15:00,149.84,149.84,149.49,149.65,281.486202
2019-11-23 10:14:00,149.98,149.98,149.69,149.85,340.893963
2019-11-23 10:13:00,150.15,150.24,149.97,149.98,849.086505
2019-11-23 10:12:00,149.95,150.16,149.87,150.15,337.413507
2019-11-23 10:11:00,149.81,149.94,149.72,149.94,346.039876
2019-11-23 10:10:00,149.66,149.84,149.53,149.81,709.435176
2019-11-23 10:09:00,149.09,149.67,149.09,149.67,483.629241
2019-11-23 10:08:00,149.07,149.11,149.04,149.09,147.713228
2019-11-23 10:07:00,149.2,149.2,149.08,149.08,9.720695
2019-11-23 10:06:00,149.21,149.26,149.12,149.18,78.02826
2019-11-23 10:05:00,149.24,149.3,149.22,149.22,154.094684
2019-11-23 10:04:00,149.46,149.47,149.29,149.29,182.17928
2019-11-23 10:03:00,149.16,149.46,149.15,149.45,244.727079
2019-11-23 10:02:00,149.28,149.46,149.14,149.14,315.467982
2019-11-23 10:01:00,148.94,149.28,148.94,149.28,378.074719
2019-11-23 10:00:00,148.85,148.93,148.8,148.93,59.857506
2019-11-23 09:59:00,149.09,149.09,148.86,148.86,43.287434
2019-11-23 09:58:00,149.01,149.13,148.99,149.07,241.298234
2019-11-23 09:57:00,148.93,149.17,148.93,149.03,236.87095
2019-11-23 09:56:00,148.7,148.93,148.66,148.92,105.431328
2019-11-23 09:55:00,148.47,148.7,148.41,148.7,42.680752
2019-11-23 09:54:00,148.59,148.62,148.48,148.48,467.206108
2019-11-23 09:53:00,148.3,148.58,148.21,148.58,122.662692
2019-11-23 09:52:00,148.43,148.43,148.3,148.31,26.439003
2019-11-23 09:51:00,148.52,148.53,148.43,148.43,26.441939
2019-11-23 09:50:00,148.56,148.56,148.41,148.52,569.487912
2019-11-23 09:49:00,148.77,148.77,148.52,148.57,253.012829
2019-11-23 09:48:00,148.88,148.89,148.72,148.73,386.068853
2019-11-23 09:47:00,149.37,149.37,148.88,148.88,471.289301
2019-11-23 09:46:00,149.43,149.43,149.33,149.4,215.023535
2019-11-23 09:45:00,149.23,149.38,149.23,149.38,22.145803
2019-11-23 09:44:00,148.95,149.23,148.95,149.23,576.110491
2019-11-23 09:43:00,148.85,148.96,148.85,148.94,298.178534
2019-11-23 09:42:00,148.71,148.84,148.69,148.84,149.131063
2019-11-23 09:41:00,148.83,148.83,148.67,148.7,34.337945
2019-11-23 09:40:00,149.09,149.1,148.81,148.81,273.995542
2019-11-23 09:39:00,149.28,149.28,149.06,149.09,91.365525
2019-11-23 09:38:00,149.32,149.35,149.29,149.29,93.088677
2019-11-23 09:37:00,149.5,149.5,149.36,149.36,46.522697
2019-11-23 09:36:00,149.41,149.55,149.41,149.51,107.60969
2019-11-23 09:35:00,149.32,149.39,149.31,149.39,53.193032
2019-11-23 09:34:00,149.35,149.43,149.34,149.34,271.084545
2019-11-23 09:33:00,149.26,149.47,149.23,149.37,436.871547
2019-11-23 09:32:00,149.04,149.27,149.04,149.26,110.221977
2019-11-23 09:31:00,148.95,149.02,148.95,149.01,36.911624
2019-11-23 09:30:00,148.96,148.96,148.9,148.95,80.489177
2019-11-23 09:29:00,149.06,149.08,148.95,148.97,202.644795
2019-11-23 09:28:00,149.18,149.21,149.03,149.06,402.587768
2019-11-23 09:27:00,149.32,149.45,149.2,149.2,327.251705
2019-11-23 09:26:00,149.43,149.48,149.22,149.33,717.116044
2019-11-23 09:25:00,149.29,149.52,149.29,149.43,93.894945
2019-11-23 09:24:00,149.06,149.31,149.05,149.29,435.532883
2019-11-23 09:23:00,148.93,149.1,148.9,149.06,1148.561093
2019-11-23 09:22:00,148.7,149,148.7,148.93,727.153754
2019-11-23 09:21:00,148.41,148.87,148.41,148.7,674.309529
2019-11-23 09:20:00,148.41,148.5,148.31,148.34,138.799104
2019-11-23 09:19:00,148.04,148.44,148.03,148.42,116.975819
2019-11-23 09:18:00,148,148.2,148,148.05,460.730285
2019-11-23 09:17:00,147.99,148.06,147.99,148,286.350718
2019-11-23 09:16:00,148.1,148.25,147.95,147.98,637.626838
2019-11-23 09:15:00,148.02,148.45,148.02,148.09,957.576894
2019-11-23 09:14:00,147.55,148.03,147.5,148.02,1373.609552
2019-11-23 09:13:00,147.31,147.64,147.25,147.56,751.911859
2019-11-23 09:12:00,147.39,147.39,147.26,147.3,136.587324
2019-11-23 09:11:00,147.39,147.4,147.29,147.39,315.262703
2019-11-23 09:10:00,147.63,147.63,147.33,147.37,117.605504
2019-11-23 09:09:00,147.79,147.79,147.63,147.63,264.64668
2019-11-23 09:08:00,147.52,147.8,147.52,147.8,44.900988
2019-11-23 09:07:00,147.62,147.7,147.56,147.56,92.045128
2019-11-23 09:06:00,147.53,147.62,147.44,147.61,77.101293
2019-11-23 09:05:00,147.26,147.54,147.21,147.54,182.64593
2019-11-23 09:04:00,147.37,147.39,147.11,147.26,907.341716
2019-11-23 09:03:00,147.52,147.71,147.4,147.41,602.393364
2019-11-23 09:02:00,147.76,147.76,147.5,147.53,250.590975
2019-11-23 09:01:00,147.84,147.9,147.71,147.79,375.56277
2019-11-23 09:00:00,148.32,148.32,147.8,147.84,510.566918
2019-11-23 08:59:00,148.71,148.72,148.27,148.32,515.496496
2019-11-23 08:58:00,148.18,148.72,148.18,148.69,501.203557
2019-11-23 08:57:00,148.06,148.43,148.05,148.19,1050.61297
2019-11-23 08:56:00,147.95,148.34,147.95,148.11,1041.238325
2019-11-23 08:55:00,147.58,147.95,147.57,147.95,87.689462
2019-11-23 08:54:00,147.45,147.75,147.45,147.58,246.95035
2019-11-23 08:53:00,147.37,147.46,147.33,147.42,73.45271
2019-11-23 08:52:00,147.06,147.41,147.06,147.38,75.516973
2019-11-23 08:51:00,147.15,147.21,146.97,147.04,228.35934
2019-11-23 08:50:00,146.79,147.15,146.79,147.15,198.397769
2019-11-23 08:49:00,146.86,146.89,146.7,146.79,153.946156
2019-11-23 08:48:00,146.68,146.85,146.68,146.84,540.044203
2019-11-23 08:47:00,146.53,146.67,146.44,146.66,283.830271
2019-11-23 08:46:00,146.4,146.64,146.4,146.54,415.296711
2019-11-23 08:45:00,146.25,146.43,146.25,146.41,319.437336
2019-11-23 08:44:00,146.38,146.41,146.2,146.26,370.170116
2019-11-23 08:43:00,146.53,146.53,146.14,146.41,867.991908
2019-11-23 08:42:00,146.58,146.63,146.48,146.54,91.102676
2019-11-23 08:41:00,146.74,146.77,146.5,146.6,333.025644
2019-11-23 08:40:00,146.47,146.73,146.47,146.73,144.421514
2019-11-23 08:39:00,146.64,146.69,146.35,146.47,184.585952
2019-11-23 08:38:00,146.31,146.7,146.31,146.67,281.525603
2019-11-23 08:37:00,146.53,146.53,146.31,146.31,148.288994
2019-11-23 08:36:00,146.69,146.79,146.53,146.57,592.352687
2019-11-23 08:35:00,146.49,146.71,146.37,146.65,490.162668
2019-11-23 08:34:00,146.4,146.54,146.33,146.49,177.5336
2019-11-23 08:33:00,146.13,146.65,146.11,146.39,1176.76147
2019-11-23 08:32:00,147.13,147.17,146.11,146.14,1155.151602
2019-11-23 08:31:00,147,147.34,146.93,147.1,926.090336
2019-11-23 08:30:00,147.25,147.38,146.8,146.99,2194.761528
2019-11-23 08:29:00,147.27,147.43,147.07,147.24,574.231394
2019-11-23 08:28:00,147.47,147.62,147.29,147.29,441.245025
2019-11-23 08:27:00,147.64,147.84,147.47,147.47,627.568512
2019-11-23 08:26:00,147.22,147.71,147.22,147.64,524.989783
2019-11-23 08:25:00,147.07,147.41,146.96,147.21,960.813442
2019-11-23 08:24:00,146.84,147.29,146.73,147.07,1464.643496
2019-11-23 08:23:00,147.34,147.39,146.84,146.84,2108.502052
2019-11-23 08:22:00,147.01,147.45,146.93,147.26,1180.418206
2019-11-23 08:21:00,147.37,147.65,146.76,147.01,5994.221601
2019-11-23 08:20:00,147.89,148.08,147.36,147.36,1883.198072
2019-11-23 08:19:00,148,148.14,147.62,147.89,3130.500278
2019-11-23 08:18:00,148.15,148.42,147.97,148,1069.404648
2019-11-23 08:17:00,148.55,148.58,148.13,148.16,663.331848
2019-11-23 08:16:00,148.53,148.77,148.39,148.55,645.123848
2019-11-23 08:15:00,148.7,148.85,148.47,148.53,895.010157
2019-11-23 08:14:00,148.06,148.76,148.06,148.74,492.372219
2019-11-23 08:13:00,148.48,148.48,148.05,148.07,626.478186
2019-11-23 08:12:00,148.26,148.48,148.26,148.48,564.472742
2019-11-23 08:11:00,148.25,148.61,148.13,148.26,761.34027
2019-11-23 08:10:00,148.8,148.82,148.24,148.26,570.40735
2019-11-23 08:09:00,148.93,149,148.77,148.81,753.705999
2019-11-23 08:08:00,149.08,149.08,148.79,148.95,410.065529
2019-11-23 08:07:00,149.32,149.38,149.03,149.07,484.576219
2019-11-23 08:06:00,149.42,149.46,149.33,149.35,111.05553
2019-11-23 08:05:00,149.53,149.62,149.47,149.47,65.43764
2019-11-23 08:04:00,149.68,149.68,149.46,149.5,55.143046
2019-11-23 08:03:00,149.54,149.57,149.5,149.56,10.540241
2019-11-23 08:02:00,149.74,149.74,149.54,149.55,165.8621
2019-11-23 08:01:00,149.74,149.8,149.6,149.75,251.56342
2019-11-23 08:00:00,149.55,149.84,149.55,149.75,100.014665
2019-11-23 07:59:00,149.64,149.64,149.54,149.54,84.24378
2019-11-23 07:58:00,149.69,149.69,149.54,149.6,90.200186
2019-11-23 07:57:00,149.73,149.79,149.69,149.69,34.17241
2019-11-23 07:56:00,149.8,149.81,149.55,149.7,86.884987
2019-11-23 07:55:00,149.9,149.9,149.8,149.8,13.928807
2019-11-23 07:54:00,150.2,150.23,149.9,149.9,96.406956
2019-11-23 07:53:00,149.87,150.19,149.86,150.19,180.423494
2019-11-23 07:52:00,150.09,150.09,149.9,149.9,184.180052
2019-11-23 07:51:00,150,150.13,150,150.08,497.663361
2019-11-23 07:50:00,149.89,150.09,149.89,150,68.547553
2019-11-23 07:49:00,149.88,149.99,149.84,149.94,288.506733
2019-11-23 07:48:00,149.69,149.91,149.56,149.83,662.683634
2019-11-23 07:47:00,149.41,149.73,149.41,149.69,442.633423
2019-11-23 07:46:00,149.36,149.41,149.31,149.41,62.885504
2019-11-23 07:45:00,149.37,149.37,149.36,149.36,39.73633
2019-11-23 07:44:00,149.14,149.35,149.14,149.35,135.798723
2019-11-23 07:43:00,149.31,149.31,149.14,149.14,141.601503
2019-11-23 07:42:00,149.58,149.63,149.21,149.25,555.650822
2019-11-23 07:41:00,149.52,149.68,149.52,149.58,88.141331
2019-11-23 07:40:00,149.81,149.81,149.51,149.51,160.371073
2019-11-23 07:39:00,149.77,149.81,149.66,149.81,32.736796
2019-11-23 07:38:00,149.73,149.86,149.73,149.78,214.239018
2019-11-23 07:37:00,149.71,149.73,149.55,149.73,95.344125
2019-11-23 07:36:00,149.68,149.75,149.58,149.68,90.685172
2019-11-23 07:35:00,149.56,149.68,149.5,149.68,27.790863
2019-11-23 07:34:00,149.69,149.69,149.56,149.56,196.724256
2019-11-23 07:33:00,149.67,149.72,149.51,149.67,227.194218
2019-11-23 07:32:00,149.78,149.78,149.51,149.71,590.527164
2019-11-23 07:31:00,149.4,149.96,149.4,149.76,1520.355071
2019-11-23 07:30:00,149.21,149.4,149.21,149.39,220.930051
2019-11-23 07:29:00,149.22,149.23,149.21,149.22,28.482882
2019-11-23 07:28:00,149.27,149.27,149.11,149.22,150.405851
2019-11-23 07:27:00,149.3,149.3,149.01,149.22,320.930195
2019-11-23 07:26:00,149.17,149.3,149.17,149.28,108.967423
2019-11-23 07:25:00,149.18,149.19,149.18,149.18,42.385151
2019-11-23 07:24:00,149.21,149.21,149.12,149.19,243.613875
2019-11-23 07:23:00,148.87,149.2,148.78,149.2,259.892432
2019-11-23 07:22:00,149.1,149.11,148.7,148.8,505.213182
2019-11-23 07:21:00,148.8,149.1,148.75,149.1,1190.508812
2019-11-23 07:20:00,148.66,148.79,148.5,148.79,261.184733
2019-11-23 07:19:00,148.99,149,148.59,148.64,520.193261
2019-11-23 07:18:00,148.87,149,148.87,148.99,3.834517
2019-11-23 07:17:00,148.82,148.84,148.77,148.83,78.21557
2019-11-23 07:16:00,148.72,148.93,148.72,148.81,252.369941
2019-11-23 07:15:00,148.45,148.65,148.45,148.65,69.509653
2019-11-23 07:14:00,148.45,148.54,148.42,148.46,33.253137
2019-11-23 07:13:00,148.36,148.44,148.28,148.44,83.607493
2019-11-23 07:12:00,148.16,148.45,148.16,148.35,428.75325
2019-11-23 07:11:00,148.29,148.33,148.11,148.19,217.538546
2019-11-23 07:10:00,148.38,148.38,147.88,148.26,388.785617
2019-11-23 07:09:00,147.87,148.52,147.87,148.38,737.23017
2019-11-23 07:08:00,148.2,148.24,147.77,147.86,655.421541
2019-11-23 07:07:00,147.79,148.3,147.79,148.18,2319.666233
2019-11-23 07:06:00,148.45,148.52,147.62,147.74,761.55223
2019-11-23 07:05:00,148.81,148.81,148.38,148.45,3589.738906
2019-11-23 07:04:00,149.08,149.08,148.85,148.86,62.763925
2019-11-23 07:03:00,149,149.09,148.98,149.08,230.951244
2019-11-23 07:02:00,149.2,149.2,148.87,149,3118.141682
2019-11-23 07:01:00,149.38,149.38,149.2,149.21,110.271879
2019-11-23 07:00:00,149.23,149.45,149.13,149.44,286.264714
2019-11-23 06:59:00,149.46,149.47,149.21,149.26,445.712822
2019-11-23 06:58:00,149.65,149.65,149.47,149.47,25.613018
2019-11-23 06:57:00,149.69,149.69,149.63,149.66,40.046716
2019-11-23 06:56:00,149.89,149.89,149.72,149.72,20.225925
2019-11-23 06:55:00,150.25,150.27,149.9,149.9,26.220953
2019-11-23 06:54:00,150.2,150.22,150.13,150.22,181.698255
2019-11-23 06:53:00,150.35,150.36,150.18,150.2,37.27138
2019-11-23 06:52:00,150.38,150.38,150.08,150.3,204.501578
2019-11-23 06:51:00,150.25,150.63,150.25,150.39,365.743639
2019-11-23 06:50:00,150.12,150.4,150.12,150.2,407.929669
2019-11-23 06:49:00,149.8,150.11,149.79,150.08,137.57601
2019-11-23 06:48:00,149.87,149.93,149.6,149.8,468.449448
2019-11-23 06:47:00,149.37,149.88,149.3,149.82,296.030696
2019-11-23 06:46:00,149.17,149.38,148.6,149.38,1265.000495
2019-11-23 06:45:00,149.75,149.75,149.17,149.18,1246.642723
2019-11-23 06:44:00,149.87,150.3,149.79,149.79,420.9509
2019-11-23 06:43:00,150.31,150.31,149.62,149.89,1157.450178
2019-11-23 06:42:00,150.28,150.64,150.23,150.28,895.641436
2019-11-23 06:41:00,151.06,151.15,150.2,150.27,931.738527
2019-11-23 06:40:00,151.97,151.97,151,151.08,1543.935992
2019-11-23 06:39:00,152.33,152.34,151.99,151.99,864.658304
2019-11-23 06:38:00,152.43,152.43,152.34,152.34,8.207863
2019-11-23 06:37:00,152.56,152.56,152.44,152.44,11.53441
2019-11-23 06:36:00,152.58,152.58,152.56,152.56,24.5494
2019-11-23 06:35:00,152.68,152.68,152.61,152.61,30.959998
2019-11-23 06:34:00,152.69,152.69,152.66,152.67,19.743528
2019-11-23 06:33:00,152.75,152.75,152.69,152.69,19.930018
2019-11-23 06:32:00,152.72,152.79,152.72,152.78,222.622129
2019-11-23 06:31:00,152.84,152.84,152.71,152.72,22.246341
2019-11-23 06:30:00,152.69,152.84,152.69,152.84,22.928636
2019-11-23 06:29:00,152.89,152.89,152.68,152.68,228.131447
2019-11-23 06:28:00,152.96,152.96,152.91,152.92,42.351936
2019-11-23 06:27:00,152.98,152.98,152.96,152.96,14.773569
2019-11-23 06:26:00,153,153,152.96,152.99,15.23282
2019-11-23 06:25:00,152.91,153,152.9,153,20.537278
2019-11-23 06:24:00,152.88,152.91,152.88,152.9,25.290066
2019-11-23 06:23:00,152.85,152.92,152.85,152.89,22.129804
2019-11-23 06:22:00,152.91,152.91,152.85,152.85,2.338695
2019-11-23 06:21:00,152.63,152.89,152.63,152.89,12.335752
2019-11-23 06:20:00,152.55,152.65,152.55,152.62,169.596678
2019-11-23 06:19:00,152.5,152.58,152.5,152.54,12.50719
2019-11-23 06:18:00,152.53,152.57,152.49,152.5,60.740537
2019-11-23 06:17:00,152.56,152.59,152.52,152.52,20.082558
2019-11-23 06:16:00,152.7,152.7,152.53,152.56,40.033505
2019-11-23 06:15:00,152.83,152.83,152.7,152.7,23.833338
2019-11-23 06:14:00,152.84,152.84,152.83,152.83,20.536295
2019-11-23 06:13:00,152.93,152.93,152.83,152.83,19.941805
2019-11-23 06:12:00,152.9,152.93,152.9,152.93,0.618453
2019-11-23 06:11:00,152.87,152.9,152.87,152.9,27.747275
2019-11-23 06:10:00,152.88,152.88,152.87,152.87,33.013713
2019-11-23 06:09:00,152.82,152.99,152.82,152.9,127.426171
2019-11-23 06:08:00,152.92,152.99,152.78,152.83,117.942786
2019-11-23 06:07:00,153.05,153.05,152.81,152.92,219.446217
2019-11-23 06:06:00,153,153.16,152.74,153,1061.332992
2019-11-23 06:05:00,152.57,153.38,152.57,153.05,2195.569692
2019-11-23 06:04:00,152.79,152.79,152.45,152.56,307.467339
2019-11-23 06:03:00,153.06,153.06,152.76,152.79,52.63448
2019-11-23 06:02:00,153.15,153.15,153.07,153.1,2.003892
2019-11-23 06:01:00,153.19,153.19,152.98,153.15,318.602267
2019-11-23 06:00:00,152.77,153.2,152.77,153.2,87.821212
2019-11-23 05:59:00,152.69,152.79,152.69,152.79,38.30891
2019-11-23 05:58:00,152.72,152.72,152.71,152.71,7.778375
2019-11-23 05:57:00,152.72,152.72,152.72,152.72,0
2019-11-23 05:56:00,152.72,152.72,152.72,152.72,1.50246
2019-11-23 05:55:00,152.59,152.79,152.59,152.79,102.747358
2019-11-23 05:54:00,152.55,152.59,152.55,152.56,77.544794
2019-11-23 05:53:00,152.67,152.69,152.55,152.55,108.375234
2019-11-23 05:52:00,152.59,152.66,152.47,152.66,336.725456
2019-11-23 05:51:00,152.83,152.83,152.6,152.6,24.971577
2019-11-23 05:50:00,153,153,152.84,152.84,83.874431
2019-11-23 05:49:00,153.01,153.02,153,153,76.868993
2019-11-23 05:48:00,153.04,153.1,153.03,153.03,36.476745
2019-11-23 05:47:00,153.02,153.06,153.02,153.03,29.898941
2019-11-23 05:46:00,153.05,153.05,152.87,152.98,55.879171
2019-11-23 05:45:00,153.24,153.24,153.12,153.12,9.44719
2019-11-23 05:44:00,153.04,153.25,153.04,153.25,98.872396
2019-11-23 05:43:00,153.05,153.05,153.04,153.04,35.454672
2019-11-23 05:42:00,153.15,153.18,153.05,153.05,58.612894
2019-11-23 05:41:00,153.01,153.09,152.97,153.09,53.283604
2019-11-23 05:40:00,153.05,153.08,153.02,153.07,14.642162
2019-11-23 05:39:00,153.01,153.15,152.98,153.08,168.26111
2019-11-23 05:38:00,152.65,153.09,152.65,153.05,148.210336
2019-11-23 05:37:00,152.79,152.79,152.63,152.64,72.17785
2019-11-23 05:36:00,152.86,152.86,152.79,152.84,85.138037
2019-11-23 05:35:00,152.7,152.83,152.51,152.83,206.718337
2019-11-23 05:34:00,152.81,152.82,152.68,152.7,18.830965
2019-11-23 05:33:00,152.77,152.92,152.77,152.83,130.506611
2019-11-23 05:32:00,152.93,152.97,152.78,152.78,58.251574
2019-11-23 05:31:00,152.85,152.92,152.81,152.92,83.326907
2019-11-23 05:30:00,152.75,152.95,152.68,152.86,336.14817
2019-11-23 05:29:00,152.53,152.75,152.5,152.74,107.981916
2019-11-23 05:28:00,152.67,152.67,152.46,152.53,134.155909
2019-11-23 05:27:00,152.92,152.92,152.65,152.71,266.487487
2019-11-23 05:26:00,153.06,153.09,152.94,152.94,66.630605
2019-11-23 05:25:00,152.93,153.03,152.91,153.03,389.347042
2019-11-23 05:24:00,153.27,153.27,152.84,152.95,328.162351
2019-11-23 05:23:00,153.45,153.5,153.25,153.25,896.691368
2019-11-23 05:22:00,153.21,153.45,153.16,153.45,149.410549
2019-11-23 05:21:00,153.14,153.28,153.14,153.21,67.890434
2019-11-23 05:20:00,152.96,153.17,152.96,153.14,12.825586
2019-11-23 05:19:00,152.82,153.1,152.82,152.95,53.942981
2019-11-23 05:18:00,152.82,152.82,152.82,152.82,4.873439
2019-11-23 05:17:00,152.73,152.88,152.73,152.82,114.914389
2019-11-23 05:16:00,152.73,152.83,152.73,152.73,118.345736
2019-11-23 05:15:00,152.78,152.79,152.67,152.78,293.7997
2019-11-23 05:14:00,152.47,152.82,152.47,152.75,649.560327
2019-11-23 05:13:00,152.39,152.44,152.11,152.44,532.034087
2019-11-23 05:12:00,152.05,152.43,152.04,152.41,448.983212
2019-11-23 05:11:00,151.99,152.11,151.97,151.98,353.13183
2019-11-23 05:10:00,151.99,152.22,151.97,151.97,818.87436
2019-11-23 05:09:00,152.2,152.54,151.99,152.01,403.018529
2019-11-23 05:08:00,152.23,152.32,152.18,152.19,240.337772
2019-11-23 05:07:00,152.42,152.42,152.09,152.28,577.079356
2019-11-23 05:06:00,152.58,152.73,152.43,152.43,256.101311
2019-11-23 05:05:00,152.72,152.72,152.43,152.57,373.651297
2019-11-23 05:04:00,152.57,152.89,152.57,152.74,128.933068
2019-11-23 05:03:00,152.88,152.88,152.52,152.52,60.611054
2019-11-23 05:02:00,152.63,152.85,152.62,152.85,141.653312
2019-11-23 05:01:00,152.56,152.71,152.49,152.63,569.635468
2019-11-23 05:00:00,152.26,152.76,152.22,152.59,693.708901
2019-11-23 04:59:00,152.57,152.65,152.28,152.29,726.169591
2019-11-23 04:58:00,152.64,152.77,152.53,152.57,529.2978
2019-11-23 04:57:00,152.75,152.85,152.62,152.62,415.508481
2019-11-23 04:56:00,153.1,153.1,152.75,152.75,75.514398
2019-11-23 04:55:00,153.06,153.23,153.06,153.08,181.498097
2019-11-23 04:54:00,153.32,153.39,153.05,153.05,251.42658
2019-11-23 04:53:00,153.06,153.35,153.03,153.35,249.899941
2019-11-23 04:52:00,153.52,153.52,153.06,153.08,923.516238
2019-11-23 04:51:00,153.37,153.71,153.37,153.48,579.554463
2019-11-23 04:50:00,153.44,153.6,153.36,153.39,512.780663
2019-11-23 04:49:00,153.39,153.44,153.2,153.43,961.942237
2019-11-23 04:48:00,153.02,153.35,153.02,153.35,140.572851
2019-11-23 04:47:00,152.99,153.06,152.91,153,284.479151
2019-11-23 04:46:00,152.83,153.17,152.83,153.01,631.249832
2019-11-23 04:45:00,153,153.26,152.83,152.83,664.700488
2019-11-23 04:44:00,153.2,153.2,152.89,153,231.761805
2019-11-23 04:43:00,153.23,153.35,153.07,153.21,567.963496
2019-11-23 04:42:00,152.92,153.42,152.91,153.23,458.005921
2019-11-23 04:41:00,153.02,153.26,152.86,152.92,989.681152
2019-11-23 04:40:00,152.47,152.97,152.34,152.97,978.163984
2019-11-23 04:39:00,152.7,152.85,152.38,152.5,1238.602756
2019-11-23 04:38:00,152.61,153.09,152.34,152.69,1582.722979
2019-11-23 04:37:00,152.59,152.66,151.67,152.57,2784.219521
2019-11-23 04:36:00,153.01,153.03,152.6,152.6,916.067374
2019-11-23 04:35:00,153.01,153.11,152.43,153,1769.429472
2019-11-23 04:34:00,153.47,153.5,153.03,153.03,470.55788
2019-11-23 04:33:00,153.78,154.07,153.27,153.53,1268.345057
2019-11-23 04:32:00,154.55,154.64,153.78,153.8,960.276521
2019-11-23 04:31:00,154.3,154.55,154.11,154.55,903.765144
2019-11-23 04:30:00,153.9,154.65,153.9,154.31,1401.722199
2019-11-23 04:29:00,153.81,154.24,153.81,153.9,2543.242066
2019-11-23 04:28:00,153.94,153.94,153.74,153.8,682.146466
2019-11-23 04:27:00,153.6,154.05,153.6,153.96,396.628386
2019-11-23 04:26:00,153.74,153.74,153.44,153.61,152.778748
2019-11-23 04:25:00,153.98,154.03,153.61,153.71,1204.531883
2019-11-23 04:24:00,153.46,154.03,153.46,153.93,1478.302408
2019-11-23 04:23:00,153.63,153.71,153.39,153.48,688.481602
2019-11-23 04:22:00,153.98,154.17,153.6,153.63,693.323019
2019-11-23 04:21:00,153.54,153.96,153.53,153.96,1617.243767
2019-11-23 04:20:00,153.7,153.77,153.31,153.52,613.355566
2019-11-23 04:19:00,153.63,153.89,153.54,153.72,1484.278258
2019-11-23 04:18:00,153.69,154.13,153.63,153.64,2198.086559
2019-11-23 04:17:00,153.21,153.75,153.2,153.75,732.961269
2019-11-23 04:16:00,152.82,153.23,152.82,153.14,449.7227
2019-11-23 04:15:00,152.59,152.89,152.59,152.84,625.321749
2019-11-23 04:14:00,152.95,152.98,152.65,152.65,301.986584
2019-11-23 04:13:00,152.75,152.95,152.6,152.9,487.20782
2019-11-23 04:12:00,152.26,152.71,152.17,152.71,405.525501
2019-11-23 04:11:00,151.82,152.43,151.78,152.26,921.792467
2019-11-23 04:10:00,152.19,152.23,151.8,151.82,770.917325
2019-11-23 04:09:00,151.78,152.44,151.72,152.18,539.772554
2019-11-23 04:08:00,152,152.3,151.77,151.79,1632.134332
2019-11-23 04:07:00,151.56,151.95,151.56,151.95,166.880218
2019-11-23 04:06:00,151.43,151.51,151.32,151.51,251.756809
2019-11-23 04:05:00,151.66,151.66,151.32,151.43,821.777367
2019-11-23 04:04:00,151.94,151.98,151.73,151.73,740.313031
2019-11-23 04:03:00,152.45,152.45,151.97,151.98,3078.392422
2019-11-23 04:02:00,152.73,152.76,152.45,152.47,333.59469
2019-11-23 04:01:00,152.68,153.07,152.66,152.73,1089.786292
2019-11-23 04:00:00,152.62,153.38,152.62,152.67,2692.18665
2019-11-23 03:59:00,152.57,152.65,152.57,152.62,41.494689
2019-11-23 03:58:00,152.25,152.62,152.22,152.57,728.133249
2019-11-23 03:57:00,152.57,152.57,152.22,152.23,425.110604
2019-11-23 03:56:00,152.48,152.58,152.42,152.5,544.625259
2019-11-23 03:55:00,152.44,152.52,151.99,152.52,1425.610488
2019-11-23 03:54:00,152.59,152.82,152.43,152.46,854.975435
2019-11-23 03:53:00,152.44,152.7,152.28,152.58,1885.338184
2019-11-23 03:52:00,152.19,152.58,151.86,152.47,1747.768891
2019-11-23 03:51:00,152.36,152.78,152,152.19,1768.519359
2019-11-23 03:50:00,151.82,152.45,151.69,152.36,1044.033361
2019-11-23 03:49:00,151.57,151.84,151.27,151.84,884.972499
2019-11-23 03:48:00,151.59,151.88,151.54,151.59,560.873493
2019-11-23 03:47:00,151.27,151.53,151.19,151.53,43.013912
2019-11-23 03:46:00,151.06,151.25,150.95,151.25,745.021856
2019-11-23 03:45:00,151.34,151.34,151,151.06,1512.610445
2019-11-23 03:44:00,150.86,151.59,150.86,151.34,564.463815
2019-11-23 03:43:00,150.55,151.08,150.55,150.88,1033.242636
2019-11-23 03:42:00,150.46,150.66,150.45,150.55,485.849062
2019-11-23 03:41:00,150.51,150.61,150.37,150.45,678.884085
2019-11-23 03:40:00,150.18,150.5,150.16,150.5,175.452133
2019-11-23 03:39:00,150.07,150.16,150.01,150.15,730.890106
2019-11-23 03:38:00,150.19,150.32,150,150.07,489.039202
2019-11-23 03:37:00,150.19,150.36,150.14,150.24,612.89739
2019-11-23 03:36:00,150.14,150.18,149.91,150.18,478.239614
2019-11-23 03:35:00,150.33,150.33,150.09,150.22,318.115824
2019-11-23 03:34:00,150.62,150.64,150.24,150.34,930.328092
2019-11-23 03:33:00,150.5,150.62,150.23,150.61,834.87825
2019-11-23 03:32:00,150.63,150.74,150.51,150.51,535.391669
2019-11-23 03:31:00,150.93,150.99,150.65,150.65,491.970247
2019-11-23 03:30:00,150.76,150.9,150.53,150.89,838.591957
2019-11-23 03:29:00,150.58,150.77,150.38,150.77,279.514525
2019-11-23 03:28:00,150.53,150.62,150.23,150.58,921.525115
2019-11-23 03:27:00,150.52,150.63,149.93,150.59,1612.74785
2019-11-23 03:26:00,150.53,150.87,150.48,150.52,1089.573085
2019-11-23 03:25:00,151.41,151.41,150.47,150.51,1865.789422
2019-11-23 03:24:00,150.75,151.43,150.71,151.34,1324.612757
2019-11-23 03:23:00,150.7,151.27,150.49,150.75,1656.567926
2019-11-23 03:22:00,151.59,151.9,150.67,150.7,1304.393665
2019-11-23 03:21:00,152.45,152.66,151.54,151.6,1135.604621
2019-11-23 03:20:00,152.71,153,152.09,152.46,1677.22721
2019-11-23 03:19:00,151.91,152.69,151.91,152.69,1715.654236
2019-11-23 03:18:00,151.54,151.88,151.54,151.88,1037.810904
2019-11-23 03:17:00,151.72,151.76,151.37,151.53,1159.443937
2019-11-23 03:16:00,151.44,151.8,151.13,151.76,1126.867475
2019-11-23 03:15:00,150.61,151.45,150.61,151.45,1640.344414
2019-11-23 03:14:00,150.74,150.97,150.62,150.64,1019.126256
2019-11-23 03:13:00,150.62,150.81,150.37,150.72,1200.472653
2019-11-23 03:12:00,150.44,150.87,150.38,150.58,1384.255777
2019-11-23 03:11:00,150.85,150.85,150.25,150.4,1542.585113
2019-11-23 03:10:00,150.35,150.88,150.23,150.8,1108.670069
2019-11-23 03:09:00,150.52,150.52,150.2,150.34,886.334603
2019-11-23 03:08:00,150.73,150.8,150.52,150.53,722.543558
2019-11-23 03:07:00,150.5,150.74,150.47,150.72,638.884063
2019-11-23 03:06:00,150.51,150.61,150.34,150.51,710.854704
2019-11-23 03:05:00,150.35,150.64,150.34,150.51,939.5009
2019-11-23 03:04:00,150.1,150.49,150.06,150.37,1389.93511
2019-11-23 03:03:00,150.29,150.42,149.85,150.06,1095.840104
2019-11-23 03:02:00,150.45,150.48,150.04,150.34,1052.183721
2019-11-23 03:01:00,150.46,150.7,149.91,150.46,1326.989307
2019-11-23 03:00:00,150.29,150.99,150.24,150.42,2035.754253
2019-11-23 02:59:00,149.92,150.47,149.79,150.28,1099.781875
2019-11-23 02:58:00,149.89,150.48,149.68,149.96,1589.505387
2019-11-23 02:57:00,149.51,150.24,149.51,149.89,2664.994164
2019-11-23 02:56:00,149.29,149.51,149.25,149.51,279.069111
2019-11-23 02:55:00,149.42,149.42,149.25,149.28,29.817429
2019-11-23 02:54:00,149.46,149.49,149.2,149.41,132.282248
2019-11-23 02:53:00,149.26,149.53,149.26,149.49,149.778092
2019-11-23 02:52:00,149.33,149.34,149.16,149.16,18.664204
2019-11-23 02:51:00,149.16,149.31,149.13,149.31,131.206266
2019-11-23 02:50:00,148.76,149.16,148.76,149.16,186.741741
2019-11-23 02:49:00,148.92,148.99,148.62,148.75,332.110828
2019-11-23 02:48:00,148.65,148.94,148.65,148.94,47.433872
2019-11-23 02:47:00,148.69,148.69,148.51,148.59,78.231796
2019-11-23 02:46:00,148.77,148.86,148.66,148.69,157.296433
2019-11-23 02:45:00,148.39,148.8,148.39,148.77,201.102463
2019-11-23 02:44:00,148.35,148.64,148.35,148.39,362.248056
2019-11-23 02:43:00,148.26,148.39,148.22,148.31,494.061376
2019-11-23 02:42:00,148.1,148.26,148.1,148.26,65.165119
2019-11-23 02:41:00,148.12,148.24,148.04,148.04,53.318899
2019-11-23 02:40:00,148.07,148.08,147.97,148.08,10.320898
2019-11-23 02:39:00,148.2,148.21,148.03,148.07,127.51348
2019-11-23 02:38:00,148.11,148.22,148.11,148.22,35.67817
2019-11-23 02:37:00,148.12,148.19,148.12,148.18,18.17001
2019-11-23 02:36:00,148.35,148.46,148.11,148.11,101.908309
2019-11-23 02:35:00,148.28,148.36,148.19,148.36,31.536319
2019-11-23 02:34:00,148.56,148.56,148.31,148.35,13.526392
2019-11-23 02:33:00,148.35,148.52,148.31,148.52,75.274226
2019-11-23 02:32:00,148.52,148.55,148.34,148.34,24.969362
2019-11-23 02:31:00,148.56,148.62,148.3,148.49,173.662453
2019-11-23 02:30:00,148,148.64,148,148.57,273.88168
2019-11-23 02:29:00,148.27,148.4,147.98,147.99,284.538617
2019-11-23 02:28:00,148.05,148.23,148.05,148.23,48.932259
2019-11-23 02:27:00,148.11,148.16,147.97,148.04,127.452809
2019-11-23 02:26:00,148.06,148.11,148.05,148.11,44.568178
2019-11-23 02:25:00,147.93,147.98,147.93,147.98,5.524996
2019-11-23 02:24:00,147.76,148.01,147.76,147.95,134.618579
2019-11-23 02:23:00,147.73,147.76,147.72,147.76,29.189672
2019-11-23 02:22:00,147.98,147.98,147.7,147.77,76.409501
2019-11-23 02:21:00,147.84,147.99,147.84,147.98,57.299249
2019-11-23 02:20:00,148.13,148.13,147.83,147.83,50.359338
2019-11-23 02:19:00,148.14,148.16,148.14,148.16,13.502705
2019-11-23 02:18:00,147.97,148.2,147.97,148.16,95.737267
2019-11-23 02:17:00,147.94,147.97,147.89,147.96,47.377848
2019-11-23 02:16:00,148.12,148.12,147.95,147.95,38.45988
2019-11-23 02:15:00,148.13,148.23,148.13,148.13,53.013098
2019-11-23 02:14:00,147.98,148.07,147.98,148.06,24.902958
2019-11-23 02:13:00,148.14,148.21,147.99,147.99,145.640573
2019-11-23 02:12:00,148.09,148.15,148.09,148.13,6.623249
2019-11-23 02:11:00,148.01,148.1,148.01,148.08,27.330601
2019-11-23 02:10:00,147.77,148.01,147.74,148.01,44.618785
2019-11-23 02:09:00,148.07,148.12,147.77,147.77,53.668597
2019-11-23 02:08:00,147.95,148.07,147.91,148.07,7.687017
2019-11-23 02:07:00,148.04,148.04,147.97,147.97,2.902112
2019-11-23 02:06:00,147.99,148.09,147.96,148.04,47.184499
2019-11-23 02:05:00,148.21,148.27,147.95,147.99,80.54461
2019-11-23 02:04:00,148.12,148.24,147.99,148.24,329.458853
2019-11-23 02:03:00,148.16,148.4,148.04,148.12,263.796019
2019-11-23 02:02:00,148.33,148.33,148.1,148.1,16.483258
2019-11-23 02:01:00,148.36,148.39,148.24,148.34,58.999888
2019-11-23 02:00:00,148.26,148.35,147.91,148.35,242.297791
2019-11-23 01:59:00,148.07,148.44,148.07,148.28,129.356915
2019-11-23 01:58:00,148.13,148.13,147.9,148.05,371.875
2019-11-23 01:57:00,148.07,148.33,148.03,148.16,311.954854
2019-11-23 01:56:00,148.46,148.6,148.1,148.11,558.256826
2019-11-23 01:55:00,148.13,148.63,148.13,148.45,1207.573111
2019-11-23 01:54:00,147.64,148.12,147.64,148.12,178.97025
2019-11-23 01:53:00,147.65,147.65,147.46,147.64,100.076057
2019-11-23 01:52:00,147.42,147.67,147.2,147.65,146.944638
2019-11-23 01:51:00,147.48,147.57,147.35,147.43,163.678722
2019-11-23 01:50:00,147.22,147.49,146.96,147.48,346.745429
2019-11-23 01:49:00,147.59,147.59,147.22,147.23,161.962027
2019-11-23 01:48:00,147.42,147.59,147.34,147.59,67.186895
2019-11-23 01:47:00,147.39,147.8,147.39,147.42,310.614479
2019-11-23 01:46:00,147.58,147.59,147.13,147.38,366.5442
2019-11-23 01:45:00,147.8,147.8,147.58,147.58,161.77092
2019-11-23 01:44:00,147.96,147.98,147.77,147.79,78.975214
2019-11-23 01:43:00,147.88,148,147.77,148,297.263128
2019-11-23 01:42:00,147.97,148,147.85,147.88,43.363467
2019-11-23 01:41:00,148.15,148.22,147.94,147.94,203.932393
2019-11-23 01:40:00,148.07,148.13,147.86,148.12,213.839881
2019-11-23 01:39:00,147.84,148.17,147.72,148.07,549.979469
2019-11-23 01:38:00,147.64,147.88,147.57,147.84,791.827138
2019-11-23 01:37:00,148.05,148.05,147.77,147.8,51.112184
2019-11-23 01:36:00,148.02,148.02,148.02,148.02,5
2019-11-23 01:35:00,147.6,147.6,147.6,147.6,17.048341
2019-11-23 01:34:00,147.69,147.69,147.59,147.6,36.020535
2019-11-23 01:33:00,147.87,147.87,147.71,147.71,1.228527
2019-11-23 01:32:00,147.94,148.01,147.69,147.96,70.577673
2019-11-23 01:31:00,148.08,149.02,147.24,147.93,956.597765
2019-11-23 01:30:00,148.33,148.33,147.56,148.3,1154.801186
2019-11-23 01:29:00,148.16,148.16,148.16,148.16,0.135152
2019-11-23 01:28:00,148.26,148.26,148.26,148.26,0.683
2019-11-23 01:27:00,148.38,148.38,148.33,148.35,1.396426
2019-11-23 01:26:00,148.26,148.4,148.01,148.3,1387.813606
2019-11-23 01:25:00,148.16,148.16,148.16,148.16,1.42169
2019-11-23 01:24:00,147.75,148.27,147.75,148.27,83.235918
2019-11-23 01:23:00,147.92,147.99,147.69,147.69,4.937092
2019-11-23 01:22:00,147.92,147.92,147.92,147.92,0
2019-11-23 01:21:00,147.68,147.92,147.68,147.92,186.704621
2019-11-23 01:20:00,147.83,147.83,147.63,147.63,8.165828
2019-11-23 01:19:00,147.93,148.17,147.86,148.17,65.124664
2019-11-23 01:18:00,148.27,148.27,147.89,147.89,27.587242
2019-11-23 01:17:00,148.31,148.38,148.31,148.38,5.593561
2019-11-23 01:16:00,148.27,148.27,148.27,148.27,0
2019-11-23 01:15:00,148.19,148.28,148.19,148.27,4.62288
2019-11-23 01:14:00,148.4,148.4,148.12,148.2,197.586178
2019-11-23 01:13:00,148.02,148.4,147.86,148.4,487.784615
2019-11-23 01:12:00,148.12,148.83,146.87,147.71,2352.499289
2019-11-23 01:11:00,148.17,148.17,148.12,148.12,6.889985
2019-11-23 01:10:00,148.35,148.36,148.17,148.36,105.17451
2019-11-23 01:09:00,147.91,148.2,147.43,147.43,660.025698
2019-11-23 01:08:00,147.87,147.88,147.87,147.88,18.829581
2019-11-23 01:07:00,147.86,147.86,147.86,147.86,0
2019-11-23 01:06:00,147.42,147.86,147.42,147.86,151.035872
2019-11-23 01:05:00,147.32,147.42,147.32,147.41,18.930027
2019-11-23 01:04:00,147.32,147.32,147,147.32,202.73747
2019-11-23 01:03:00,147.14,147.32,147.14,147.2,11.008133
2019-11-23 01:02:00,147.12,147.32,147.01,147.01,56.847385
2019-11-23 01:01:00,147.14,147.62,146.99,147.04,502.029269
2019-11-23 01:00:00,147.31,147.39,146.8,147.15,342.110206
2019-11-23 00:59:00,147.25,147.31,147.1,147.1,39.41905
2019-11-23 00:58:00,147.04,147.46,146.9,146.9,59.022041
2019-11-23 00:57:00,147.05,147.05,146.9,146.9,22.683892
2019-11-23 00:56:00,146.89,146.9,146.89,146.9,106.449842
2019-11-23 00:55:00,146.85,146.85,146.85,146.85,0
2019-11-23 00:54:00,146.85,146.85,146.85,146.85,0
2019-11-23 00:53:00,146.85,146.85,146.85,146.85,0.239314
2019-11-23 00:52:00,146.85,146.85,146.85,146.85,0
2019-11-23 00:51:00,146.85,146.85,146.85,146.85,0.370449
2019-11-23 00:50:00,146.89,146.89,146.85,146.85,0.272
2019-11-23 00:49:00,146.95,146.95,146.91,146.91,0.473831
2019-11-23 00:48:00,146.93,146.93,146.93,146.93,0
2019-11-23 00:47:00,147.14,147.14,146.93,146.93,4.226735
2019-11-23 00:46:00,147.28,147.28,147.16,147.16,1.686359
2019-11-23 00:45:00,147.47,147.67,147.28,147.28,271.551719
2019-11-23 00:44:00,146.5,147.41,146.49,147.41,303.943008
2019-11-23 00:43:00,146.5,146.5,146.5,146.5,9.871693
2019-11-23 00:42:00,146.48,146.48,146.45,146.45,2
2019-11-23 00:41:00,146.53,146.53,146.5,146.5,0.734142
2019-11-23 00:40:00,146.58,146.72,146.55,146.55,200.101461
2019-11-23 00:39:00,146.76,146.87,146.58,146.58,1.989621
2019-11-23 00:38:00,147.25,147.42,146.68,146.99,408.391522
2019-11-23 00:37:00,148,148,147.19,147.19,311.830236
2019-11-23 00:36:00,148.28,148.28,148,148,234.940382
2019-11-23 00:35:00,148.45,148.47,148.32,148.32,3460.050521
2019-11-23 00:34:00,148.64,148.65,148.45,148.45,3264.011442
2019-11-23 00:33:00,148.68,148.7,148.66,148.66,59.633688
2019-11-23 00:32:00,148.8,148.8,148.68,148.68,126.900011
2019-11-23 00:31:00,148.96,149,148.77,148.87,1404.184038
2019-11-23 00:30:00,149.36,149.8,148.88,149,1421.979715
2019-11-23 00:29:00,149.35,149.35,149.35,149.35,0
2019-11-23 00:28:00,149.91,149.91,149.35,149.35,373.243157
2019-11-23 00:27:00,150.05,150.11,149.91,150,347.156677
2019-11-23 00:26:00,149.82,150.06,149.82,150.05,409.740648
2019-11-23 00:25:00,149.81,149.83,149.8,149.81,64.359933
2019-11-23 00:24:00,149.71,149.85,149.71,149.76,161.090173
2019-11-23 00:23:00,149.46,149.73,149.46,149.73,385.942608
2019-11-23 00:22:00,148.96,149.47,148.95,149.46,251.207374
2019-11-23 00:21:00,148.93,148.94,148.81,148.94,287.829185
2019-11-23 00:20:00,148.76,148.94,148.76,148.94,223.364606
2019-11-23 00:19:00,148.5,148.76,148.5,148.76,159.975453
2019-11-23 00:18:00,148.48,148.5,148.48,148.5,103.455597
2019-11-23 00:17:00,148.41,148.47,148.41,148.47,212.450464
2019-11-23 00:16:00,148.55,148.69,148.37,148.37,193.304192
2019-11-23 00:15:00,148.73,148.81,148.48,148.59,687.613004
2019-11-23 00:14:00,148.35,148.76,148.34,148.76,361.704685
2019-11-23 00:13:00,148.19,148.35,148.19,148.35,36.224017
2019-11-23 00:12:00,148.58,148.58,148.18,148.36,329.236617
2019-11-23 00:11:00,148.65,148.65,148.24,148.59,379.854162
2019-11-23 00:10:00,149.03,149.12,148.66,148.66,363.090969
2019-11-23 00:09:00,149.3,149.5,149.01,149.01,921.758641
2019-11-23 00:08:00,148.75,149.51,148.71,149.34,438.775971
2019-11-23 00:07:00,149.63,149.67,148.7,148.79,671.534974
2019-11-23 00:06:00,149.65,149.91,149.5,149.61,352.12619
2019-11-23 00:05:00,149.4,150,149.39,149.64,1137.909137
2019-11-23 00:04:00,149.27,149.5,149.14,149.4,1395.27834
2019-11-23 00:03:00,148.75,149.29,148.59,149.16,364.114649
2019-11-23 00:02:00,148.47,148.87,148.47,148.75,676.745943
2019-11-23 00:01:00,148.81,148.87,148.39,148.41,391.739827
2019-11-23 00:00:00,147.93,148.78,147.91,148.78,374.082666
