2019-11-07 23:59:00,185.65,185.84,185.65,185.77,202.504485
2019-11-07 23:58:00,185.58,185.66,185.57,185.65,206.055267
2019-11-07 23:57:00,185.49,185.79,185.49,185.61,230.452066
2019-11-07 23:56:00,185.43,185.5,185.39,185.48,80.466413
2019-11-07 23:55:00,185.61,185.61,185.41,185.43,919.541449
2019-11-07 23:54:00,185.74,185.74,185.59,185.61,350.630552
2019-11-07 23:53:00,185.94,185.94,185.74,185.74,132.66416
2019-11-07 23:52:00,185.95,185.95,185.93,185.94,88.806314
2019-11-07 23:51:00,185.83,185.97,185.83,185.96,1029.539048
2019-11-07 23:50:00,185.7,185.82,185.69,185.82,621.924316
2019-11-07 23:49:00,185.69,185.74,185.67,185.71,554.494351
2019-11-07 23:48:00,185.81,185.84,185.68,185.69,781.404364
2019-11-07 23:47:00,185.86,185.86,185.82,185.83,167.333914
2019-11-07 23:46:00,185.96,185.98,185.82,185.85,231.789952
2019-11-07 23:45:00,186.04,186.04,185.9,185.95,334.738827
2019-11-07 23:44:00,185.87,186.07,185.8,186.04,570.699821
2019-11-07 23:43:00,186.06,186.06,185.81,185.87,1142.149978
2019-11-07 23:42:00,186.1,186.1,186.06,186.06,36.75126
2019-11-07 23:41:00,186.16,186.16,186.1,186.11,81.317884
2019-11-07 23:40:00,186.29,186.29,186.15,186.15,92.207201
2019-11-07 23:39:00,186.27,186.42,186.22,186.32,56.452725
2019-11-07 23:38:00,186.21,186.28,186.21,186.28,57.888493
2019-11-07 23:37:00,186.17,186.26,186.17,186.21,76.975476
2019-11-07 23:36:00,186.15,186.15,186.11,186.12,38.120892
2019-11-07 23:35:00,186.1,186.17,186.09,186.17,12.989283
2019-11-07 23:34:00,186.11,186.16,186.07,186.1,166.996656
2019-11-07 23:33:00,186.23,186.23,186.1,186.12,241.443017
2019-11-07 23:32:00,186.24,186.3,186.22,186.23,39.200417
2019-11-07 23:31:00,186.32,186.32,186.22,186.24,103.957279
2019-11-07 23:30:00,186.54,186.54,186.31,186.32,175.79969
2019-11-07 23:29:00,186.46,186.55,186.46,186.54,77.326159
2019-11-07 23:28:00,186.43,186.51,186.43,186.47,339.850836
2019-11-07 23:27:00,186.34,186.45,186.3,186.41,377.92912
2019-11-07 23:26:00,186.3,186.35,186.3,186.35,12.579389
2019-11-07 23:25:00,186.36,186.36,186.3,186.3,663.306579
2019-11-07 23:24:00,186.45,186.45,186.37,186.37,708.106239
2019-11-07 23:23:00,186.39,186.45,186.37,186.43,350.524684
2019-11-07 23:22:00,186.47,186.47,186.38,186.39,143.274979
2019-11-07 23:21:00,186.49,186.5,186.46,186.48,79.221782
2019-11-07 23:20:00,186.41,186.53,186.4,186.52,327.711924
2019-11-07 23:19:00,186.49,186.49,186.38,186.41,442.470618
2019-11-07 23:18:00,186.49,186.49,186.49,186.49,1.030613
2019-11-07 23:17:00,186.61,186.61,186.52,186.52,31.914789
2019-11-07 23:16:00,186.64,186.65,186.58,186.61,20.720569
2019-11-07 23:15:00,186.73,186.73,186.64,186.64,66.772056
2019-11-07 23:14:00,186.71,186.77,186.71,186.74,59.153991
2019-11-07 23:13:00,186.79,186.79,186.71,186.72,85.622486
2019-11-07 23:12:00,186.69,186.76,186.69,186.75,70.611933
2019-11-07 23:11:00,186.74,186.74,186.69,186.69,5.094757
2019-11-07 23:10:00,186.73,186.78,186.7,186.74,104.34441
2019-11-07 23:09:00,186.49,186.74,186.49,186.73,264.778813
2019-11-07 23:08:00,186.54,186.54,186.4,186.49,524.513328
2019-11-07 23:07:00,186.63,186.63,186.53,186.54,370.756536
2019-11-07 23:06:00,186.67,186.67,186.63,186.63,169.308038
2019-11-07 23:05:00,186.82,186.82,186.67,186.68,409.637331
2019-11-07 23:04:00,186.82,186.85,186.81,186.82,40.393747
2019-11-07 23:03:00,186.82,186.82,186.82,186.82,33.322098
2019-11-07 23:02:00,186.84,186.87,186.81,186.81,43.232308
2019-11-07 23:01:00,186.92,186.95,186.86,186.86,110.025792
2019-11-07 23:00:00,186.84,186.92,186.84,186.92,84.439761
2019-11-07 22:59:00,186.87,186.87,186.8,186.84,52.807421
2019-11-07 22:58:00,186.98,186.98,186.83,186.87,124.830195
2019-11-07 22:57:00,187.04,187.04,186.97,186.98,36.761806
2019-11-07 22:56:00,187.03,187.04,187.03,187.04,14.438078
2019-11-07 22:55:00,187.03,187.09,187.02,187.03,47.658755
2019-11-07 22:54:00,187.08,187.08,187.02,187.03,237.83824
2019-11-07 22:53:00,186.98,187.08,186.97,187.07,57.130188
2019-11-07 22:52:00,186.96,187.01,186.96,186.99,127.561173
2019-11-07 22:51:00,187,187.01,186.96,186.96,278.26318
2019-11-07 22:50:00,186.97,187.01,186.96,187,411.987217
2019-11-07 22:49:00,186.97,187.06,186.96,186.97,958.494376
2019-11-07 22:48:00,186.93,186.98,186.92,186.97,21.091487
2019-11-07 22:47:00,186.88,186.96,186.88,186.92,352.595392
2019-11-07 22:46:00,186.89,186.89,186.87,186.88,27.845642
2019-11-07 22:45:00,186.88,186.97,186.88,186.89,51.18263
2019-11-07 22:44:00,186.88,186.88,186.88,186.88,8.20731
2019-11-07 22:43:00,186.88,186.94,186.82,186.88,270.92489
2019-11-07 22:42:00,186.91,186.91,186.88,186.88,139.680474
2019-11-07 22:41:00,186.94,186.98,186.9,186.9,219.441911
2019-11-07 22:40:00,186.9,186.99,186.9,186.94,234.685466
2019-11-07 22:39:00,186.9,186.9,186.89,186.9,11.415379
2019-11-07 22:38:00,186.83,186.93,186.83,186.9,269.580982
2019-11-07 22:37:00,186.81,186.83,186.79,186.83,87.35312
2019-11-07 22:36:00,186.79,186.79,186.77,186.78,116.349843
2019-11-07 22:35:00,186.8,186.83,186.78,186.79,218.538105
2019-11-07 22:34:00,186.8,186.8,186.75,186.8,165.59728
2019-11-07 22:33:00,186.78,186.8,186.75,186.8,100.514808
2019-11-07 22:32:00,186.77,186.8,186.77,186.79,197.326165
2019-11-07 22:31:00,186.65,186.82,186.63,186.77,112.34562
2019-11-07 22:30:00,186.77,186.77,186.62,186.65,124.510056
2019-11-07 22:29:00,186.81,186.86,186.76,186.77,312.182825
2019-11-07 22:28:00,186.73,186.93,186.67,186.77,675.838349
2019-11-07 22:27:00,186.74,186.74,186.68,186.68,252.776578
2019-11-07 22:26:00,186.63,186.75,186.63,186.74,82.005789
2019-11-07 22:25:00,186.63,186.63,186.63,186.63,44.52065
2019-11-07 22:24:00,186.6,186.63,186.58,186.63,57.157021
2019-11-07 22:23:00,186.73,186.73,186.61,186.62,64.566279
2019-11-07 22:22:00,186.76,186.82,186.73,186.73,151.62124
2019-11-07 22:21:00,186.87,186.88,186.76,186.76,97.242464
2019-11-07 22:20:00,186.85,186.88,186.74,186.88,51.738602
2019-11-07 22:19:00,186.73,186.87,186.72,186.86,274.695648
2019-11-07 22:18:00,186.65,186.79,186.65,186.72,253.448666
2019-11-07 22:17:00,186.68,186.68,186.64,186.64,61.812434
2019-11-07 22:16:00,186.67,186.68,186.63,186.68,79.968191
2019-11-07 22:15:00,186.59,186.7,186.57,186.68,1350.927103
2019-11-07 22:14:00,186.62,186.65,186.58,186.59,85.220866
2019-11-07 22:13:00,186.67,186.67,186.62,186.62,13.375127
2019-11-07 22:12:00,186.68,186.74,186.67,186.73,89.274896
2019-11-07 22:11:00,186.69,186.71,186.67,186.68,99.751288
2019-11-07 22:10:00,186.82,186.87,186.68,186.69,236.985689
2019-11-07 22:09:00,186.77,186.85,186.77,186.85,96.874595
2019-11-07 22:08:00,186.69,186.77,186.68,186.77,246.94348
2019-11-07 22:07:00,186.62,186.69,186.54,186.69,307.469832
2019-11-07 22:06:00,186.82,186.82,186.62,186.62,547.369944
2019-11-07 22:05:00,186.77,186.84,186.69,186.83,280.586056
2019-11-07 22:04:00,186.67,186.78,186.66,186.78,481.732998
2019-11-07 22:03:00,186.71,186.72,186.63,186.67,408.985691
2019-11-07 22:02:00,186.85,186.85,186.68,186.72,299.839635
2019-11-07 22:01:00,186.92,186.92,186.84,186.85,97.408194
2019-11-07 22:00:00,186.92,186.92,186.91,186.91,32.361828
2019-11-07 21:59:00,186.92,186.93,186.86,186.93,147.4162
2019-11-07 21:58:00,186.92,186.93,186.9,186.92,172.736752
2019-11-07 21:57:00,186.82,186.92,186.82,186.91,402.521751
2019-11-07 21:56:00,186.83,186.84,186.79,186.82,31.232033
2019-11-07 21:55:00,186.81,186.87,186.81,186.82,20.911403
2019-11-07 21:54:00,186.93,186.93,186.83,186.84,243.668482
2019-11-07 21:53:00,186.92,186.93,186.92,186.92,16.058519
2019-11-07 21:52:00,186.98,186.98,186.93,186.93,59.34717
2019-11-07 21:51:00,186.91,186.95,186.9,186.95,26.54244
2019-11-07 21:50:00,186.86,186.91,186.77,186.91,157.748674
2019-11-07 21:49:00,186.97,186.97,186.87,186.87,254.70428
2019-11-07 21:48:00,186.97,186.99,186.94,186.97,89.554842
2019-11-07 21:47:00,186.95,186.99,186.95,186.97,335.793648
2019-11-07 21:46:00,187.27,187.27,186.8,186.95,3590.907449
2019-11-07 21:45:00,187.22,187.33,187.22,187.27,633.705777
2019-11-07 21:44:00,187.17,187.26,187.17,187.22,280.997189
2019-11-07 21:43:00,187.15,187.18,187.15,187.17,111.539007
2019-11-07 21:42:00,187.12,187.19,187.03,187.19,258.100838
2019-11-07 21:41:00,187.23,187.25,187.06,187.12,305.29655
2019-11-07 21:40:00,187.16,187.28,187.02,187.23,409.844089
2019-11-07 21:39:00,187.08,187.23,187.08,187.19,196.177462
2019-11-07 21:38:00,186.99,187.08,186.99,187.08,78.37118
2019-11-07 21:37:00,186.97,187.02,186.96,186.99,154.280045
2019-11-07 21:36:00,186.89,187.01,186.89,186.98,620.961311
2019-11-07 21:35:00,186.88,186.88,186.85,186.85,3.099739
2019-11-07 21:34:00,186.81,186.89,186.74,186.89,25.238015
2019-11-07 21:33:00,186.72,186.84,186.7,186.83,210.175785
2019-11-07 21:32:00,186.94,186.94,186.72,186.72,106.640487
2019-11-07 21:31:00,186.89,186.94,186.89,186.94,92.856541
2019-11-07 21:30:00,186.74,186.89,186.74,186.89,175.48348
2019-11-07 21:29:00,186.83,186.85,186.72,186.73,204.676069
2019-11-07 21:28:00,186.9,186.9,186.8,186.83,41.878044
2019-11-07 21:27:00,187,187,186.85,186.88,80.331361
2019-11-07 21:26:00,186.95,187.02,186.95,186.99,156.691434
2019-11-07 21:25:00,186.99,187.02,186.9,186.95,61.506662
2019-11-07 21:24:00,186.98,187.03,186.94,186.99,205.406478
2019-11-07 21:23:00,186.92,186.94,186.87,186.94,29.669761
2019-11-07 21:22:00,186.84,186.95,186.84,186.95,42.521245
2019-11-07 21:21:00,186.98,186.98,186.84,186.85,28.418938
2019-11-07 21:20:00,186.88,186.99,186.78,186.99,528.621273
2019-11-07 21:19:00,186.78,186.89,186.75,186.89,67.007376
2019-11-07 21:18:00,186.79,186.93,186.74,186.79,47.109329
2019-11-07 21:17:00,186.57,186.79,186.57,186.79,248.352816
2019-11-07 21:16:00,186.46,186.58,186.46,186.57,185.611128
2019-11-07 21:15:00,186.44,186.47,186.38,186.46,527.708001
2019-11-07 21:14:00,186.45,186.46,186.4,186.44,61.181325
2019-11-07 21:13:00,186.38,186.48,186.34,186.48,535.069638
2019-11-07 21:12:00,186.51,186.57,186.34,186.38,471.484183
2019-11-07 21:11:00,186.46,186.55,186.46,186.5,74.609997
2019-11-07 21:10:00,186.43,186.57,186.43,186.51,699.85327
2019-11-07 21:09:00,186.4,186.42,186.39,186.42,4.007216
2019-11-07 21:08:00,186.55,186.55,186.32,186.43,247.493413
2019-11-07 21:07:00,186.5,186.64,186.47,186.55,50.36518
2019-11-07 21:06:00,186.35,186.51,186.34,186.51,31.779135
2019-11-07 21:05:00,186.27,186.35,186.27,186.35,152.516749
2019-11-07 21:04:00,186.23,186.27,186.22,186.27,90.400107
2019-11-07 21:03:00,186.35,186.36,186.2,186.22,4.524366
2019-11-07 21:02:00,186.17,186.35,186.17,186.35,88.299558
2019-11-07 21:01:00,186.23,186.23,186.16,186.17,28.524133
2019-11-07 21:00:00,186.45,186.45,186.19,186.19,559.241933
2019-11-07 20:59:00,186.45,186.54,186.45,186.45,208.554439
2019-11-07 20:58:00,186.43,186.45,186.43,186.45,56.811898
2019-11-07 20:57:00,186.4,186.44,186.39,186.43,33.187422
2019-11-07 20:56:00,186.39,186.41,186.39,186.39,174.546217
2019-11-07 20:55:00,186.49,186.49,186.4,186.4,10.849037
2019-11-07 20:54:00,186.32,186.49,186.32,186.48,251.547714
2019-11-07 20:53:00,186.35,186.35,186.32,186.33,16.577143
2019-11-07 20:52:00,186.43,186.44,186.31,186.37,44.674712
2019-11-07 20:51:00,186.32,186.44,186.32,186.44,149.572088
2019-11-07 20:50:00,186.27,186.31,186.27,186.31,55.903109
2019-11-07 20:49:00,186.12,186.3,186.12,186.27,247.088228
2019-11-07 20:48:00,186.14,186.15,186.07,186.12,34.093941
2019-11-07 20:47:00,186.19,186.19,186.13,186.13,52.739322
2019-11-07 20:46:00,186.21,186.23,186.18,186.2,258.478864
2019-11-07 20:45:00,186.23,186.26,186.2,186.2,27.12015
2019-11-07 20:44:00,186.3,186.3,186.12,186.24,111.013259
2019-11-07 20:43:00,186.24,186.3,186.17,186.3,94.726214
2019-11-07 20:42:00,186.31,186.33,186.25,186.25,30.99503
2019-11-07 20:41:00,186.21,186.28,186.2,186.28,102.137483
2019-11-07 20:40:00,186.13,186.29,186.13,186.21,284.398216
2019-11-07 20:39:00,186.11,186.25,186.11,186.14,387.133917
2019-11-07 20:38:00,185.87,186.12,185.87,186.11,155.131745
2019-11-07 20:37:00,185.94,185.98,185.87,185.87,123.46534
2019-11-07 20:36:00,186.21,186.21,185.94,185.94,196.2163
2019-11-07 20:35:00,186.16,186.21,186.16,186.19,46.996376
2019-11-07 20:34:00,186.21,186.21,186.06,186.17,66.752928
2019-11-07 20:33:00,186.12,186.22,186.12,186.18,36.875312
2019-11-07 20:32:00,186.12,186.13,185.98,186.13,356.358976
2019-11-07 20:31:00,186,186.14,185.79,186.13,347.842973
2019-11-07 20:30:00,185.97,186.03,185.94,185.99,217.703216
2019-11-07 20:29:00,186.05,186.09,185.92,185.97,79.576427
2019-11-07 20:28:00,186.26,186.26,185.97,186.04,443.776585
2019-11-07 20:27:00,186.37,186.38,186.22,186.26,41.726043
2019-11-07 20:26:00,186.21,186.32,186.2,186.32,41.209079
2019-11-07 20:25:00,186.4,186.4,186.2,186.2,21.053631
2019-11-07 20:24:00,186.47,186.48,186.35,186.41,301.078864
2019-11-07 20:23:00,186.38,186.47,186.26,186.46,292.949099
2019-11-07 20:22:00,186.44,186.47,186.35,186.37,238.810006
2019-11-07 20:21:00,186.49,186.5,186.44,186.44,135.400587
2019-11-07 20:20:00,186.71,186.71,186.49,186.49,362.386876
2019-11-07 20:19:00,186.71,186.75,186.71,186.71,88.594244
2019-11-07 20:18:00,186.84,186.9,186.68,186.71,321.528443
2019-11-07 20:17:00,186.74,186.85,186.74,186.81,283.83816
2019-11-07 20:16:00,186.74,186.74,186.73,186.74,37.603847
2019-11-07 20:15:00,186.84,186.88,186.77,186.77,95.083336
2019-11-07 20:14:00,186.87,186.9,186.74,186.83,362.435159
2019-11-07 20:13:00,186.88,186.88,186.87,186.87,5.478479
2019-11-07 20:12:00,186.81,186.96,186.81,186.88,163.780046
2019-11-07 20:11:00,186.75,186.8,186.74,186.8,51.400688
2019-11-07 20:10:00,186.79,186.83,186.7,186.75,56.471877
2019-11-07 20:09:00,186.8,186.8,186.76,186.79,5.590366
2019-11-07 20:08:00,186.62,186.81,186.62,186.81,100.425247
2019-11-07 20:07:00,186.57,186.63,186.57,186.63,20.439041
2019-11-07 20:06:00,186.35,186.58,186.35,186.57,46.830068
2019-11-07 20:05:00,186.34,186.34,186.29,186.29,38.527468
2019-11-07 20:04:00,186.3,186.35,186.25,186.34,213.036453
2019-11-07 20:03:00,186.41,186.41,186.31,186.31,5.067579
2019-11-07 20:02:00,186.43,186.43,186.3,186.41,274.084456
2019-11-07 20:01:00,186.62,186.62,186.44,186.44,83.870752
2019-11-07 20:00:00,186.63,186.71,186.58,186.58,119.753479
2019-11-07 19:59:00,186.88,186.88,186.66,186.66,188.82537
2019-11-07 19:58:00,186.85,186.93,186.85,186.92,9.05011
2019-11-07 19:57:00,186.77,186.89,186.77,186.85,63.65274
2019-11-07 19:56:00,186.96,186.96,186.77,186.77,50.129597
2019-11-07 19:55:00,186.92,187.04,186.92,186.96,411.193518
2019-11-07 19:54:00,186.87,186.95,186.87,186.91,56.949932
2019-11-07 19:53:00,186.91,186.91,186.79,186.84,157.660734
2019-11-07 19:52:00,187.02,187.02,186.91,186.91,92.041405
2019-11-07 19:51:00,186.98,187.04,186.98,187.03,98.228889
2019-11-07 19:50:00,186.93,187.03,186.93,186.99,22.948127
2019-11-07 19:49:00,186.94,186.99,186.93,186.93,33.325348
2019-11-07 19:48:00,186.98,186.99,186.97,186.97,36.557605
2019-11-07 19:47:00,186.99,186.99,186.97,186.99,20.978473
2019-11-07 19:46:00,187.02,187.02,186.93,187.01,88.607271
2019-11-07 19:45:00,186.93,187.05,186.93,187.02,55.777547
2019-11-07 19:44:00,186.94,186.95,186.93,186.93,174.260489
2019-11-07 19:43:00,186.94,187,186.94,186.94,11.345589
2019-11-07 19:42:00,187,187,186.94,186.94,77.39752
2019-11-07 19:41:00,187,187.01,186.92,187.01,27.82771
2019-11-07 19:40:00,187,187.01,187,187,1.723995
2019-11-07 19:39:00,187.01,187.05,186.97,187,30.38567
2019-11-07 19:38:00,186.93,187,186.91,187,71.33879
2019-11-07 19:37:00,187.09,187.1,186.98,186.98,39.975387
2019-11-07 19:36:00,187.08,187.14,187.08,187.14,97.509133
2019-11-07 19:35:00,186.96,187.09,186.96,187.09,34.011945
2019-11-07 19:34:00,187,187,186.95,186.96,25.368405
2019-11-07 19:33:00,186.92,187.02,186.92,186.99,118.292027
2019-11-07 19:32:00,186.75,186.92,186.75,186.91,136.135708
2019-11-07 19:31:00,186.71,186.75,186.71,186.75,3.001129
2019-11-07 19:30:00,186.7,186.7,186.7,186.7,21.048987
2019-11-07 19:29:00,186.58,186.71,186.54,186.71,225.506234
2019-11-07 19:28:00,186.68,186.68,186.57,186.58,105.158008
2019-11-07 19:27:00,186.69,186.69,186.62,186.67,55.292577
2019-11-07 19:26:00,186.65,186.71,186.56,186.69,28.924812
2019-11-07 19:25:00,186.38,186.72,186.36,186.64,179.216697
2019-11-07 19:24:00,186.65,186.65,186.37,186.37,66.046574
2019-11-07 19:23:00,186.75,186.75,186.61,186.65,21.933384
2019-11-07 19:22:00,186.74,186.84,186.61,186.72,148.01709
2019-11-07 19:21:00,186.58,186.74,186.42,186.72,173.0856
2019-11-07 19:20:00,186.87,186.87,186.59,186.59,95.905586
2019-11-07 19:19:00,186.84,186.88,186.84,186.88,40.398816
2019-11-07 19:18:00,186.65,186.94,186.64,186.84,556.562785
2019-11-07 19:17:00,186.71,186.71,186.59,186.65,55.816016
2019-11-07 19:16:00,186.84,186.84,186.7,186.7,73.287324
2019-11-07 19:15:00,186.93,186.93,186.88,186.88,55.108951
2019-11-07 19:14:00,187.01,187.01,186.92,186.94,118.03674
2019-11-07 19:13:00,187.01,187.05,187.01,187.01,7.616141
2019-11-07 19:12:00,187.1,187.1,187.01,187.01,64.575876
2019-11-07 19:11:00,187.12,187.13,187.06,187.1,60.756093
2019-11-07 19:10:00,187.19,187.2,187.12,187.12,229.865213
2019-11-07 19:09:00,187.12,187.18,187.12,187.18,87.218359
2019-11-07 19:08:00,187,187.16,186.99,187.11,129.686936
2019-11-07 19:07:00,187.07,187.07,186.99,186.99,71.836994
2019-11-07 19:06:00,187.15,187.19,187.07,187.07,26.240934
2019-11-07 19:05:00,187.32,187.37,187.09,187.14,164.003621
2019-11-07 19:04:00,187.2,187.33,187.2,187.32,749.487816
2019-11-07 19:03:00,187.2,187.2,187.19,187.19,129.384792
2019-11-07 19:02:00,187.18,187.2,187.17,187.2,39.911918
2019-11-07 19:01:00,187.04,187.2,187.04,187.17,157.708811
2019-11-07 19:00:00,187,187.07,186.84,187.03,293.359556
2019-11-07 18:59:00,186.9,187.2,186.9,187.05,310.975165
2019-11-07 18:58:00,186.78,186.9,186.78,186.86,85.640312
2019-11-07 18:57:00,186.58,186.79,186.58,186.78,171.584109
2019-11-07 18:56:00,186.59,186.63,186.57,186.58,18.74023
2019-11-07 18:55:00,186.77,186.77,186.54,186.59,251.561648
2019-11-07 18:54:00,186.77,186.82,186.77,186.77,111.290764
2019-11-07 18:53:00,186.83,186.83,186.78,186.78,102.48403
2019-11-07 18:52:00,186.7,186.81,186.67,186.81,294.774299
2019-11-07 18:51:00,186.77,186.78,186.7,186.7,200.68067
2019-11-07 18:50:00,186.75,186.79,186.71,186.76,92.797874
2019-11-07 18:49:00,186.8,186.8,186.75,186.76,317.609176
2019-11-07 18:48:00,186.82,186.85,186.77,186.8,90.844136
2019-11-07 18:47:00,186.93,186.93,186.81,186.82,115.704043
2019-11-07 18:46:00,186.86,186.97,186.82,186.92,50.281244
2019-11-07 18:45:00,186.7,186.8,186.7,186.8,304.245737
2019-11-07 18:44:00,186.69,186.8,186.68,186.7,175.231658
2019-11-07 18:43:00,186.53,186.69,186.52,186.68,44.143081
2019-11-07 18:42:00,186.66,186.67,186.52,186.53,34.649836
2019-11-07 18:41:00,186.61,186.66,186.52,186.66,190.33095
2019-11-07 18:40:00,186.56,186.71,186.52,186.61,76.019723
2019-11-07 18:39:00,186.46,186.56,186.41,186.56,230.821878
2019-11-07 18:38:00,186.37,186.55,186.37,186.46,87.12507
2019-11-07 18:37:00,186.36,186.39,186.36,186.38,50.733277
2019-11-07 18:36:00,186.36,186.36,186.35,186.35,8.63014
2019-11-07 18:35:00,186.16,186.36,186.15,186.36,53.89305
2019-11-07 18:34:00,186.07,186.12,186.07,186.12,20.220178
2019-11-07 18:33:00,186,186.09,185.99,186.08,25.355272
2019-11-07 18:32:00,186.13,186.13,185.97,186,98.879587
2019-11-07 18:31:00,186.18,186.18,186.1,186.13,103.914095
2019-11-07 18:30:00,186.19,186.2,186.09,186.2,189.109065
2019-11-07 18:29:00,186.19,186.24,186.19,186.21,52.989689
2019-11-07 18:28:00,186.05,186.2,186.05,186.19,78.769557
2019-11-07 18:27:00,185.99,186.05,185.99,186.05,66.823066
2019-11-07 18:26:00,185.9,186,185.9,185.99,92.765889
2019-11-07 18:25:00,185.93,185.96,185.89,185.9,273.626219
2019-11-07 18:24:00,186.03,186.09,185.98,185.98,71.229921
2019-11-07 18:23:00,185.94,186.17,185.91,186.03,317.045283
2019-11-07 18:22:00,185.93,185.98,185.8,185.98,406.612922
2019-11-07 18:21:00,186.18,186.18,185.93,185.93,219.898567
2019-11-07 18:20:00,186.21,186.29,186.13,186.18,146.154326
2019-11-07 18:19:00,186.16,186.25,186.16,186.25,179.562086
2019-11-07 18:18:00,186.07,186.25,186.07,186.15,166.313364
2019-11-07 18:17:00,185.95,186.08,185.86,186.07,1015.946456
2019-11-07 18:16:00,186.41,186.41,185.95,185.95,312.444534
2019-11-07 18:15:00,185.96,186.55,185.92,186.42,1074.15637
2019-11-07 18:14:00,185.85,185.99,185.81,185.96,414.942598
2019-11-07 18:13:00,185.61,185.87,185.57,185.85,776.257878
2019-11-07 18:12:00,185.34,185.68,185.24,185.61,996.796496
2019-11-07 18:11:00,185.15,185.36,185.11,185.34,1591.294192
2019-11-07 18:10:00,185.54,185.55,185.15,185.15,697.882405
2019-11-07 18:09:00,185.6,185.7,185.28,185.46,1290.716487
2019-11-07 18:08:00,185.52,185.76,185.31,185.6,1697.168667
2019-11-07 18:07:00,185.8,185.96,185.53,185.53,1390.057052
2019-11-07 18:06:00,185.83,185.83,185.01,185.8,5379.596799
2019-11-07 18:05:00,186.31,186.31,185.65,185.8,3410.828773
2019-11-07 18:04:00,186.53,186.58,186.3,186.33,204.315954
2019-11-07 18:03:00,186.28,186.53,186.22,186.53,451.241098
2019-11-07 18:02:00,186.5,186.55,186.1,186.29,2502.679369
2019-11-07 18:01:00,186.66,186.66,186.44,186.5,281.220106
2019-11-07 18:00:00,186.89,186.89,186.42,186.65,1456.820689
2019-11-07 17:59:00,187.02,187.02,186.85,186.89,164.873869
2019-11-07 17:58:00,187.19,187.19,187.02,187.03,277.176085
2019-11-07 17:57:00,187.01,187.21,186.96,187.19,913.947087
2019-11-07 17:56:00,187.1,187.14,187.02,187.02,76.528946
2019-11-07 17:55:00,187.22,187.23,187.1,187.1,70.699293
2019-11-07 17:54:00,187.17,187.37,187.16,187.21,49.848091
2019-11-07 17:53:00,186.94,187.21,186.91,187.19,289.44869
2019-11-07 17:52:00,186.98,187.08,186.92,186.95,549.704386
2019-11-07 17:51:00,187.05,187.11,186.44,186.98,3416.806505
2019-11-07 17:50:00,187.12,187.26,186.95,187.04,526.523104
2019-11-07 17:49:00,187.16,187.23,187.1,187.1,297.494517
2019-11-07 17:48:00,187.3,187.31,187.11,187.2,285.081348
2019-11-07 17:47:00,187.35,187.35,187.23,187.28,62.946161
2019-11-07 17:46:00,187.39,187.55,187.34,187.35,437.586727
2019-11-07 17:45:00,187.02,187.35,186.96,187.35,806.424152
2019-11-07 17:44:00,187.26,187.26,187,187.01,350.526646
2019-11-07 17:43:00,187.21,187.36,186.88,187.26,1828.060609
2019-11-07 17:42:00,187.32,187.32,187.21,187.21,341.131874
2019-11-07 17:41:00,187.38,187.38,187.16,187.3,546.338918
2019-11-07 17:40:00,187.57,187.58,187.39,187.39,53.18206
2019-11-07 17:39:00,187.6,187.72,187.57,187.57,176.257337
2019-11-07 17:38:00,187.5,187.63,187.25,187.6,424.302304
2019-11-07 17:37:00,187.62,187.66,187.53,187.53,61.416503
2019-11-07 17:36:00,187.9,187.9,187.62,187.62,118.858673
2019-11-07 17:35:00,187.67,187.88,187.61,187.88,248.404091
2019-11-07 17:34:00,187.91,187.91,187.67,187.67,114.711044
2019-11-07 17:33:00,188.14,188.14,187.92,187.92,39.220941
2019-11-07 17:32:00,188.14,188.21,188.14,188.14,27.472883
2019-11-07 17:31:00,188.12,188.26,188.12,188.14,62.521811
2019-11-07 17:30:00,188.31,188.32,188.12,188.12,584.320361
2019-11-07 17:29:00,188.33,188.33,188.23,188.31,132.409624
2019-11-07 17:28:00,188.32,188.46,188.3,188.37,624.206854
2019-11-07 17:27:00,188.28,188.35,188.28,188.35,574.706131
2019-11-07 17:26:00,188.13,188.38,188.13,188.28,912.753108
2019-11-07 17:25:00,188.01,188.2,188.01,188.14,732.154702
2019-11-07 17:24:00,187.9,188.01,187.9,188.01,96.92242
2019-11-07 17:23:00,187.86,187.94,187.86,187.9,56.537114
2019-11-07 17:22:00,187.91,187.98,187.87,187.87,284.351055
2019-11-07 17:21:00,187.82,188,187.82,187.91,457.433344
2019-11-07 17:20:00,187.82,187.9,187.78,187.81,126.427252
2019-11-07 17:19:00,187.78,187.9,187.78,187.85,487.39375
2019-11-07 17:18:00,187.95,187.96,187.78,187.81,134.924274
2019-11-07 17:17:00,187.82,187.96,187.7,187.96,164.927026
2019-11-07 17:16:00,187.78,187.9,187.77,187.9,626.325849
2019-11-07 17:15:00,187.76,187.82,187.71,187.77,112.123753
2019-11-07 17:14:00,187.94,187.94,187.74,187.76,193.078642
2019-11-07 17:13:00,187.88,187.94,187.81,187.94,47.30809
2019-11-07 17:12:00,187.81,187.92,187.81,187.86,128.534179
2019-11-07 17:11:00,187.63,187.82,187.62,187.8,298.013094
2019-11-07 17:10:00,187.39,187.63,187.3,187.63,258.133606
2019-11-07 17:09:00,187.24,187.41,187.15,187.39,1286.693838
2019-11-07 17:08:00,187.39,187.48,187.18,187.26,1074.793845
2019-11-07 17:07:00,187.51,187.59,187.35,187.39,274.562507
2019-11-07 17:06:00,187.68,187.68,187.19,187.53,1332.206014
2019-11-07 17:05:00,187.89,187.89,187.59,187.67,831.011455
2019-11-07 17:04:00,188.04,188.04,187.89,187.89,50.653032
2019-11-07 17:03:00,188.09,188.12,188.04,188.04,24.384998
2019-11-07 17:02:00,188.07,188.12,188.06,188.09,38.983023
2019-11-07 17:01:00,188.11,188.11,188.06,188.06,60.378582
2019-11-07 17:00:00,188.08,188.12,187.93,188.11,528.142845
2019-11-07 16:59:00,188.13,188.16,188.05,188.08,328.553611
2019-11-07 16:58:00,188.39,188.39,188.11,188.12,535.792271
2019-11-07 16:57:00,188.56,188.58,188.38,188.4,334.425173
2019-11-07 16:56:00,188.54,188.62,188.52,188.56,593.790998
2019-11-07 16:55:00,188.59,188.61,188.53,188.54,238.675446
2019-11-07 16:54:00,188.53,188.6,188.5,188.59,1502.660398
2019-11-07 16:53:00,188.66,188.66,188.51,188.53,94.987142
2019-11-07 16:52:00,188.68,188.69,188.6,188.65,186.268903
2019-11-07 16:51:00,188.68,188.72,188.63,188.69,50.903507
2019-11-07 16:50:00,188.66,188.72,188.63,188.68,283.398597
2019-11-07 16:49:00,188.63,188.7,188.6,188.67,513.295138
2019-11-07 16:48:00,188.7,188.7,188.63,188.63,91.57042
2019-11-07 16:47:00,188.68,188.7,188.67,188.7,0.945661
2019-11-07 16:46:00,188.64,188.68,188.63,188.68,103.510379
2019-11-07 16:45:00,188.64,188.65,188.56,188.64,90.713432
2019-11-07 16:44:00,188.66,188.67,188.61,188.64,75.311146
2019-11-07 16:43:00,188.64,188.68,188.63,188.67,115.041227
2019-11-07 16:42:00,188.71,188.72,188.62,188.64,149.265225
2019-11-07 16:41:00,188.7,188.71,188.7,188.71,40.278996
2019-11-07 16:40:00,188.7,188.7,188.65,188.7,135.796566
2019-11-07 16:39:00,188.69,188.71,188.69,188.71,18.72873
2019-11-07 16:38:00,188.61,188.69,188.61,188.69,30.064124
2019-11-07 16:37:00,188.51,188.63,188.51,188.59,55.968396
2019-11-07 16:36:00,188.53,188.53,188.5,188.51,75.237418
2019-11-07 16:35:00,188.53,188.53,188.52,188.53,90.933168
2019-11-07 16:34:00,188.55,188.59,188.53,188.53,27.015631
2019-11-07 16:33:00,188.49,188.58,188.49,188.54,132.671579
2019-11-07 16:32:00,188.45,188.53,188.45,188.5,18.036019
2019-11-07 16:31:00,188.41,188.53,188.41,188.45,167.222601
2019-11-07 16:30:00,188.42,188.42,188.38,188.41,108.538978
2019-11-07 16:29:00,188.48,188.48,188.44,188.44,0.483317
2019-11-07 16:28:00,188.43,188.48,188.39,188.48,76.960467
2019-11-07 16:27:00,188.47,188.48,188.4,188.45,1114.55242
2019-11-07 16:26:00,188.53,188.53,188.5,188.5,7.001782
2019-11-07 16:25:00,188.46,188.53,188.46,188.53,8.465551
2019-11-07 16:24:00,188.53,188.53,188.46,188.46,5.888106
2019-11-07 16:23:00,188.59,188.59,188.53,188.53,14.564211
2019-11-07 16:22:00,188.6,188.67,188.59,188.59,2.469605
2019-11-07 16:21:00,188.56,188.67,188.56,188.62,17.942744
2019-11-07 16:20:00,188.41,188.56,188.41,188.54,95.173545
2019-11-07 16:19:00,188.55,188.55,188.36,188.41,171.104268
2019-11-07 16:18:00,188.27,188.57,188.12,188.5,769.359435
2019-11-07 16:17:00,188.49,188.49,188.29,188.29,115.891745
2019-11-07 16:16:00,188.56,188.56,188.48,188.48,97.723366
2019-11-07 16:15:00,188.61,188.61,188.58,188.58,8.926791
2019-11-07 16:14:00,188.64,188.64,188.61,188.61,11.850376
2019-11-07 16:13:00,188.71,188.74,188.67,188.67,30.487142
2019-11-07 16:12:00,188.64,188.68,188.64,188.68,17.774347
2019-11-07 16:11:00,188.63,188.64,188.63,188.63,2.292387
2019-11-07 16:10:00,188.52,188.63,188.52,188.63,133.124385
2019-11-07 16:09:00,188.52,188.57,188.52,188.53,77.918381
2019-11-07 16:08:00,188.56,188.61,188.53,188.53,170.026591
2019-11-07 16:07:00,188.61,188.63,188.55,188.56,95.795146
2019-11-07 16:06:00,188.48,188.66,188.48,188.62,49.371545
2019-11-07 16:05:00,188.66,188.66,188.48,188.48,212.296522
2019-11-07 16:04:00,188.58,188.73,188.58,188.67,139.111728
2019-11-07 16:03:00,188.55,188.57,188.46,188.57,261.323124
2019-11-07 16:02:00,188.74,188.74,188.55,188.55,132.168684
2019-11-07 16:01:00,189.02,189.07,188.72,188.78,195.041502
2019-11-07 16:00:00,189.01,189.01,189.01,189.01,24.539778
2019-11-07 15:59:00,188.9,189.03,188.9,189.03,33.395878
2019-11-07 15:58:00,189,189,188.89,188.89,2.506989
2019-11-07 15:57:00,189.18,189.18,189.01,189.01,8.752447
2019-11-07 15:56:00,188.93,189.17,188.93,189.15,298.734092
2019-11-07 15:55:00,189.04,189.05,188.92,188.92,1.818893
2019-11-07 15:54:00,189.16,189.16,189.05,189.05,10.581617
2019-11-07 15:53:00,189.06,189.19,189.03,189.16,108.428644
2019-11-07 15:52:00,188.92,189.07,188.92,189.07,145.688427
2019-11-07 15:51:00,188.88,189.01,188.88,188.95,247.926837
2019-11-07 15:50:00,189.14,189.14,188.79,188.84,149.402517
2019-11-07 15:49:00,189.2,189.2,189.14,189.15,1.981284
2019-11-07 15:48:00,189.27,189.27,189.21,189.23,12.684723
2019-11-07 15:47:00,189.14,189.28,189.11,189.27,211.821205
2019-11-07 15:46:00,189.27,189.27,189.17,189.2,47.625596
2019-11-07 15:45:00,189.41,189.41,189.27,189.27,24.851887
2019-11-07 15:44:00,189.36,189.38,189.33,189.38,47.75886
2019-11-07 15:43:00,189.41,189.41,189.33,189.37,12.449832
2019-11-07 15:42:00,189.27,189.42,189.17,189.41,102.290933
2019-11-07 15:41:00,189.39,189.41,189.25,189.25,193.880842
2019-11-07 15:40:00,189.22,189.66,189.22,189.43,267.880835
2019-11-07 15:39:00,188.9,189.23,188.85,189.23,975.948912
2019-11-07 15:38:00,188.87,188.9,188.78,188.85,29.019668
2019-11-07 15:37:00,188.59,188.88,188.59,188.87,129.728977
2019-11-07 15:36:00,188.67,188.7,188.35,188.59,1875.810419
2019-11-07 15:35:00,188.92,188.96,188.67,188.68,278.126279
2019-11-07 15:34:00,188.87,188.92,188.86,188.92,84.935585
2019-11-07 15:33:00,188.89,188.89,188.79,188.85,413.027525
2019-11-07 15:32:00,188.95,188.99,188.92,188.92,76.727913
2019-11-07 15:31:00,189.05,189.05,188.94,188.94,5.769122
2019-11-07 15:30:00,189,189.11,189,189.05,46.393324
2019-11-07 15:29:00,189.07,189.07,189,189,58.306289
2019-11-07 15:28:00,189.06,189.07,189.03,189.04,15.736156
2019-11-07 15:27:00,188.92,189.1,188.92,189.09,26.202304
2019-11-07 15:26:00,188.93,188.93,188.88,188.93,177.797803
2019-11-07 15:25:00,188.87,188.93,188.71,188.93,394.697584
2019-11-07 15:24:00,188.87,188.89,188.81,188.88,26.643981
2019-11-07 15:23:00,188.99,189,188.82,188.91,206.096589
2019-11-07 15:22:00,189.06,189.06,188.99,188.99,240.010198
2019-11-07 15:21:00,189.01,189.07,189,189.07,31.593497
2019-11-07 15:20:00,189.08,189.09,189.03,189.03,1.507565
2019-11-07 15:19:00,189.01,189.1,189.01,189.09,55.842922
2019-11-07 15:18:00,189.05,189.05,189,189.01,16.773706
2019-11-07 15:17:00,189.19,189.2,189.06,189.06,159.572193
2019-11-07 15:16:00,189.23,189.24,189.23,189.23,47.861412
2019-11-07 15:15:00,189.36,189.36,189.19,189.23,1060.253743
2019-11-07 15:14:00,189.39,189.4,189.33,189.37,100.13347
2019-11-07 15:13:00,189.37,189.43,189.37,189.4,6.624539
2019-11-07 15:12:00,189.39,189.39,189.23,189.38,158.997843
2019-11-07 15:11:00,189.44,189.44,189.38,189.39,54.108614
2019-11-07 15:10:00,189.55,189.55,189.45,189.45,30.00891
2019-11-07 15:09:00,189.62,189.62,189.59,189.59,52.025591
2019-11-07 15:08:00,189.58,189.59,189.55,189.59,1.626481
2019-11-07 15:07:00,189.57,189.59,189.5,189.58,107.442694
2019-11-07 15:06:00,189.64,189.69,189.57,189.57,50.580811
2019-11-07 15:05:00,189.49,189.64,189.49,189.63,39.155969
2019-11-07 15:04:00,189.45,189.55,189.45,189.5,10.78022
2019-11-07 15:03:00,189.29,189.44,189.28,189.44,32.05474
2019-11-07 15:02:00,189.24,189.28,189.22,189.28,168.469842
2019-11-07 15:01:00,189.25,189.29,189.23,189.23,106.6801
2019-11-07 15:00:00,189.24,189.25,189.16,189.25,32.069774
2019-11-07 14:59:00,189.12,189.25,189.12,189.25,215.011083
2019-11-07 14:58:00,189.2,189.2,189.11,189.13,75.943323
2019-11-07 14:57:00,189.2,189.21,189.2,189.2,7.878855
2019-11-07 14:56:00,189.2,189.21,189.2,189.2,58.296418
2019-11-07 14:55:00,189.31,189.32,189.2,189.21,188.882075
2019-11-07 14:54:00,189.34,189.34,189.3,189.32,344.251847
2019-11-07 14:53:00,189.34,189.34,189.33,189.33,21.793998
2019-11-07 14:52:00,189.4,189.4,189.33,189.33,16.04752
2019-11-07 14:51:00,189.46,189.52,189.39,189.39,71.529071
2019-11-07 14:50:00,189.4,189.46,189.36,189.46,124.984215
2019-11-07 14:49:00,189.58,189.58,189.4,189.4,122.419023
2019-11-07 14:48:00,189.73,189.73,189.59,189.59,35.81375
2019-11-07 14:47:00,189.72,189.76,189.72,189.73,5.420635
2019-11-07 14:46:00,189.79,189.81,189.72,189.72,104.477148
2019-11-07 14:45:00,189.78,189.81,189.74,189.79,29.353029
2019-11-07 14:44:00,189.81,189.81,189.74,189.75,7.217259
2019-11-07 14:43:00,189.74,189.82,189.73,189.82,171.540692
2019-11-07 14:42:00,189.67,189.7,189.62,189.7,94.235375
2019-11-07 14:41:00,189.7,189.7,189.66,189.67,21.140439
2019-11-07 14:40:00,189.63,189.72,189.63,189.67,15.765032
2019-11-07 14:39:00,189.63,189.63,189.63,189.63,41.191654
2019-11-07 14:38:00,189.62,189.62,189.59,189.6,14.323623
2019-11-07 14:37:00,189.74,189.74,189.62,189.62,45.280076
2019-11-07 14:36:00,189.67,189.7,189.67,189.7,11.061478
2019-11-07 14:35:00,189.69,189.75,189.67,189.67,209.532685
2019-11-07 14:34:00,189.78,189.82,189.67,189.67,351.688091
2019-11-07 14:33:00,189.75,189.76,189.74,189.76,4.902188
2019-11-07 14:32:00,189.65,189.74,189.65,189.74,72.751839
2019-11-07 14:31:00,189.71,189.94,189.64,189.65,394.373703
2019-11-07 14:30:00,189.61,190.14,189.61,189.73,1009.820142
2019-11-07 14:29:00,189.58,189.61,189.58,189.61,20.869459
2019-11-07 14:28:00,189.49,189.57,189.48,189.57,29.089881
2019-11-07 14:27:00,189.53,189.54,189.4,189.4,120.033646
2019-11-07 14:26:00,189.46,189.5,189.38,189.5,99.116304
2019-11-07 14:25:00,189.53,189.61,189.4,189.46,225.977732
2019-11-07 14:24:00,189.6,189.64,189.53,189.53,228.710252
2019-11-07 14:23:00,189.67,189.68,189.57,189.6,358.614962
2019-11-07 14:22:00,189.64,189.69,189.63,189.67,429.646759
2019-11-07 14:21:00,189.56,189.6,189.56,189.6,0.295963
2019-11-07 14:20:00,189.52,189.52,189.51,189.52,1.360242
2019-11-07 14:19:00,189.46,189.64,189.46,189.51,18.210923
2019-11-07 14:18:00,189.23,189.45,189.23,189.45,207.298725
2019-11-07 14:17:00,189.22,189.25,189.22,189.25,4.327139
2019-11-07 14:16:00,189.29,189.29,189.21,189.21,63.873789
2019-11-07 14:15:00,189.26,189.3,189.23,189.3,44.811469
2019-11-07 14:14:00,189.35,189.43,189.24,189.24,274.463698
2019-11-07 14:13:00,189.42,189.42,189.31,189.36,27.184389
2019-11-07 14:12:00,189.48,189.48,189.41,189.41,20.321545
2019-11-07 14:11:00,189.52,189.52,189.48,189.49,25.517146
2019-11-07 14:10:00,189.65,189.65,189.42,189.52,313.442023
2019-11-07 14:09:00,189.68,189.69,189.66,189.66,33.495363
2019-11-07 14:08:00,189.69,189.73,189.68,189.73,171.692263
2019-11-07 14:07:00,189.76,189.76,189.67,189.68,31.745613
2019-11-07 14:06:00,189.77,189.77,189.71,189.76,26.516046
2019-11-07 14:05:00,189.79,189.81,189.76,189.77,37.368017
2019-11-07 14:04:00,189.85,189.85,189.77,189.78,35.018452
2019-11-07 14:03:00,189.67,189.92,189.67,189.85,141.159681
2019-11-07 14:02:00,189.63,189.67,189.63,189.67,49.420802
2019-11-07 14:01:00,189.77,189.77,189.62,189.63,175.6301
2019-11-07 14:00:00,189.75,189.83,189.75,189.78,268.731195
2019-11-07 13:59:00,189.69,189.77,189.64,189.72,661.696256
2019-11-07 13:58:00,189.76,189.78,189.71,189.71,80.601304
2019-11-07 13:57:00,189.5,189.78,189.5,189.75,678.188569
2019-11-07 13:56:00,189.53,189.53,189.45,189.48,459.658353
2019-11-07 13:55:00,189.46,189.54,189.45,189.53,105.473327
2019-11-07 13:54:00,189.57,189.61,189.44,189.46,255.68577
2019-11-07 13:53:00,189.39,189.63,189.39,189.57,345.265145
2019-11-07 13:52:00,189.4,189.42,189.33,189.4,71.981821
2019-11-07 13:51:00,189.21,189.39,189.21,189.39,51.164915
2019-11-07 13:50:00,189.12,189.21,189.12,189.21,173.399773
2019-11-07 13:49:00,189.11,189.12,189.11,189.11,24.671306
2019-11-07 13:48:00,189.12,189.12,189.12,189.12,50.334794
2019-11-07 13:47:00,189.15,189.15,189.11,189.11,177.835536
2019-11-07 13:46:00,189.15,189.16,189.15,189.16,18.905887
2019-11-07 13:45:00,189.11,189.12,189.1,189.12,149.674837
2019-11-07 13:44:00,189.07,189.2,189.06,189.1,1697.890443
2019-11-07 13:43:00,189.13,189.18,189.06,189.06,133.748377
2019-11-07 13:42:00,188.99,189.14,188.99,189.13,150.784995
2019-11-07 13:41:00,188.95,188.98,188.9,188.98,69.065404
2019-11-07 13:40:00,188.9,189.05,188.9,188.95,192.622927
2019-11-07 13:39:00,188.91,188.91,188.9,188.91,40.086497
2019-11-07 13:38:00,188.98,188.99,188.94,188.94,14.85758
2019-11-07 13:37:00,188.79,189.01,188.79,188.95,329.594891
2019-11-07 13:36:00,188.84,188.86,188.62,188.82,263.375185
2019-11-07 13:35:00,188.6,188.86,188.56,188.84,604.083227
2019-11-07 13:34:00,188.53,188.63,188.53,188.6,175.581645
2019-11-07 13:33:00,188.49,188.61,188.38,188.53,335.625764
2019-11-07 13:32:00,188.63,188.63,188.45,188.46,201.596095
2019-11-07 13:31:00,188.36,188.65,188.36,188.6,198.266584
2019-11-07 13:30:00,188.15,188.37,188.12,188.35,469.975091
2019-11-07 13:29:00,188.46,188.55,188.07,188.15,783.824343
2019-11-07 13:28:00,188.4,188.55,188.4,188.46,396.707983
2019-11-07 13:27:00,188.19,188.42,188.18,188.4,234.186982
2019-11-07 13:26:00,188.11,188.2,188.11,188.19,249.443615
2019-11-07 13:25:00,188.01,188.21,188,188.08,551.709591
2019-11-07 13:24:00,187.68,188.02,187.51,188.01,2481.944279
2019-11-07 13:23:00,188.7,188.72,187.25,187.59,12764.100511
2019-11-07 13:22:00,188.75,188.79,188.7,188.7,11.221095
2019-11-07 13:21:00,188.6,188.75,188.53,188.75,187.335923
2019-11-07 13:20:00,188.66,188.81,188.63,188.63,64.181652
2019-11-07 13:19:00,188.82,188.82,188.54,188.66,638.827488
2019-11-07 13:18:00,188.9,188.99,188.82,188.82,156.79685
2019-11-07 13:17:00,188.84,188.95,188.84,188.92,224.246546
2019-11-07 13:16:00,188.79,188.84,188.78,188.83,113.008626
2019-11-07 13:15:00,188.83,188.83,188.74,188.79,245.675021
2019-11-07 13:14:00,188.97,189,188.83,188.83,36.570161
2019-11-07 13:13:00,189.01,189.04,188.93,188.97,45.690411
2019-11-07 13:12:00,189.04,189.05,189.03,189.03,50.064468
2019-11-07 13:11:00,188.99,189.05,188.99,189.05,16.724212
2019-11-07 13:10:00,189.04,189.07,188.99,188.99,18.018885
2019-11-07 13:09:00,189.13,189.13,189.01,189.04,107.216223
2019-11-07 13:08:00,188.97,189.15,188.97,189.14,164.494556
2019-11-07 13:07:00,188.92,188.99,188.91,188.94,282.509678
2019-11-07 13:06:00,188.87,188.89,188.86,188.89,51.094835
2019-11-07 13:05:00,188.8,188.87,188.8,188.87,77.2166
2019-11-07 13:04:00,188.89,188.89,188.8,188.81,341.353697
2019-11-07 13:03:00,188.94,188.94,188.82,188.9,573.062967
2019-11-07 13:02:00,189,189,188.87,188.94,132.007149
2019-11-07 13:01:00,188.89,189,188.89,189,185.618052
2019-11-07 13:00:00,189.05,189.11,188.91,188.91,720.441534
2019-11-07 12:59:00,189.17,189.18,189,189.06,311.869498
2019-11-07 12:58:00,189.28,189.28,189.18,189.18,140.4556
2019-11-07 12:57:00,189.27,189.27,189.27,189.27,0.017434
2019-11-07 12:56:00,189.23,189.29,189.23,189.28,5.810402
2019-11-07 12:55:00,189.22,189.27,189.2,189.23,8.38784
2019-11-07 12:54:00,189.17,189.26,189.14,189.22,66.560123
2019-11-07 12:53:00,189.21,189.23,189.12,189.19,285.114738
2019-11-07 12:52:00,189.33,189.33,189.11,189.22,745.620588
2019-11-07 12:51:00,189.34,189.34,189.31,189.33,4.953332
2019-11-07 12:50:00,189.45,189.45,189.33,189.33,19.262062
2019-11-07 12:49:00,189.47,189.47,189.37,189.41,391.12913
2019-11-07 12:48:00,189.47,189.47,189.39,189.47,106.339884
2019-11-07 12:47:00,189.39,189.51,189.36,189.5,16.755248
2019-11-07 12:46:00,189.33,189.43,189.32,189.4,48.17674
2019-11-07 12:45:00,189.31,189.36,189.27,189.32,67.860112
2019-11-07 12:44:00,189.38,189.42,189.26,189.3,79.825458
2019-11-07 12:43:00,189.25,189.38,189.25,189.33,32.027425
2019-11-07 12:42:00,189.26,189.44,189.24,189.25,221.123733
2019-11-07 12:41:00,189.25,189.26,189.22,189.26,58.899735
2019-11-07 12:40:00,189.21,189.31,189.21,189.29,37.609323
2019-11-07 12:39:00,189.18,189.26,189.18,189.22,51.046526
2019-11-07 12:38:00,189.17,189.26,189.16,189.18,183.30337
2019-11-07 12:37:00,189.09,189.21,189.09,189.15,155.765155
2019-11-07 12:36:00,189.3,189.3,189.06,189.13,249.937201
2019-11-07 12:35:00,189.25,189.35,189.24,189.31,39.192927
2019-11-07 12:34:00,189.43,189.55,189.24,189.25,263.467638
2019-11-07 12:33:00,189.4,189.44,189.37,189.43,79.794019
2019-11-07 12:32:00,189.28,189.48,189.28,189.42,21.296635
2019-11-07 12:31:00,189.25,189.38,189.25,189.28,72.321192
2019-11-07 12:30:00,189.3,189.33,189.25,189.25,20.790372
2019-11-07 12:29:00,189.32,189.38,189.25,189.28,54.920849
2019-11-07 12:28:00,189.56,189.57,189.32,189.32,278.251629
2019-11-07 12:27:00,189.57,189.61,189.57,189.57,22.132299
2019-11-07 12:26:00,189.52,189.62,189.52,189.57,48.990249
2019-11-07 12:25:00,189.55,189.6,189.51,189.51,62.983763
2019-11-07 12:24:00,189.55,189.55,189.54,189.54,11.84537
2019-11-07 12:23:00,189.53,189.55,189.53,189.55,36.588667
2019-11-07 12:22:00,189.56,189.56,189.56,189.56,0.457034
2019-11-07 12:21:00,189.51,189.54,189.51,189.54,1.562869
2019-11-07 12:20:00,189.56,189.61,189.5,189.5,156.531473
2019-11-07 12:19:00,189.54,189.57,189.53,189.56,2.961469
2019-11-07 12:18:00,189.59,189.66,189.54,189.54,85.921262
2019-11-07 12:17:00,189.64,189.64,189.5,189.59,447.331608
2019-11-07 12:16:00,189.62,189.69,189.62,189.65,85.392415
2019-11-07 12:15:00,189.6,189.71,189.6,189.68,59.9793
2019-11-07 12:14:00,189.72,189.72,189.59,189.59,89.2318
2019-11-07 12:13:00,189.71,189.72,189.67,189.72,24.697721
2019-11-07 12:12:00,189.71,189.74,189.71,189.71,10.105226
2019-11-07 12:11:00,189.62,189.73,189.62,189.71,134.9703
2019-11-07 12:10:00,189.58,189.62,189.57,189.62,22.395949
2019-11-07 12:09:00,189.44,189.58,189.43,189.58,11.998637
2019-11-07 12:08:00,189.41,189.49,189.41,189.43,126.904541
2019-11-07 12:07:00,189.32,189.41,189.31,189.41,67.568238
2019-11-07 12:06:00,189.26,189.42,189.26,189.32,20.121291
2019-11-07 12:05:00,189.17,189.26,189.17,189.26,23.747119
2019-11-07 12:04:00,189.15,189.2,189.14,189.19,242.846507
2019-11-07 12:03:00,189.05,189.23,189.05,189.18,83.153795
2019-11-07 12:02:00,189.11,189.11,189,189.05,149.611829
2019-11-07 12:01:00,189.13,189.15,189.09,189.13,80.367111
2019-11-07 12:00:00,189.37,189.48,189.13,189.13,204.593964
2019-11-07 11:59:00,189.29,189.37,189.28,189.37,23.137431
2019-11-07 11:58:00,189.1,189.33,189.1,189.28,186.023294
2019-11-07 11:57:00,189.09,189.1,189.09,189.1,16.027086
2019-11-07 11:56:00,189.16,189.16,189.09,189.09,141.889391
2019-11-07 11:55:00,189.23,189.23,189.16,189.16,49.692596
2019-11-07 11:54:00,189.19,189.24,189.19,189.23,18.179109
2019-11-07 11:53:00,189.21,189.27,189.2,189.2,10.227478
2019-11-07 11:52:00,189.17,189.24,189.17,189.21,10.028835
2019-11-07 11:51:00,189.23,189.27,189.15,189.16,29.317066
2019-11-07 11:50:00,189.26,189.27,189.15,189.19,160.225793
2019-11-07 11:49:00,189.24,189.26,189.21,189.26,35.170417
2019-11-07 11:48:00,189.17,189.25,189.17,189.25,27.51304
2019-11-07 11:47:00,189.21,189.23,189.17,189.17,6.081793
2019-11-07 11:46:00,189.34,189.36,189.21,189.21,193.981896
2019-11-07 11:45:00,189.39,189.39,189.34,189.35,130.759199
2019-11-07 11:44:00,189.35,189.41,189.35,189.39,57.14817
2019-11-07 11:43:00,189.33,189.38,189.28,189.38,8.661258
2019-11-07 11:42:00,189.39,189.39,189.33,189.33,20.728716
2019-11-07 11:41:00,189.33,189.41,189.32,189.38,72.151552
2019-11-07 11:40:00,189.46,189.46,189.32,189.33,16.149486
2019-11-07 11:39:00,189.42,189.45,189.42,189.45,8.505414
2019-11-07 11:38:00,189.53,189.6,189.42,189.42,245.326044
2019-11-07 11:37:00,189.34,189.56,189.34,189.53,165.562598
2019-11-07 11:36:00,189.48,189.48,189.34,189.34,39.99633
2019-11-07 11:35:00,189.69,189.69,189.46,189.49,320.052267
2019-11-07 11:34:00,189.74,189.75,189.68,189.69,85.8164
2019-11-07 11:33:00,189.77,189.77,189.74,189.74,19.975256
2019-11-07 11:32:00,189.69,189.81,189.69,189.77,69.746175
2019-11-07 11:31:00,189.65,189.69,189.65,189.69,91.69369
2019-11-07 11:30:00,189.69,189.69,189.62,189.66,3.44297
2019-11-07 11:29:00,189.7,189.7,189.66,189.69,114.982214
2019-11-07 11:28:00,189.54,189.79,189.54,189.71,245.015185
2019-11-07 11:27:00,189.42,189.54,189.42,189.54,196.873268
2019-11-07 11:26:00,189.42,189.45,189.41,189.42,23.539723
2019-11-07 11:25:00,189.41,189.42,189.41,189.42,56.795301
2019-11-07 11:24:00,189.48,189.48,189.42,189.42,97.938484
2019-11-07 11:23:00,189.53,189.54,189.47,189.48,108.472044
2019-11-07 11:22:00,189.49,189.55,189.44,189.54,265.485097
2019-11-07 11:21:00,189.51,189.51,189.45,189.5,425.615267
2019-11-07 11:20:00,189.43,189.55,189.42,189.51,53.417025
2019-11-07 11:19:00,189.43,189.47,189.42,189.47,46.175211
2019-11-07 11:18:00,189.43,189.43,189.42,189.43,30.472129
2019-11-07 11:17:00,189.37,189.46,189.37,189.44,130.773648
2019-11-07 11:16:00,189.31,189.37,189.27,189.37,103.69612
2019-11-07 11:15:00,189.29,189.32,189.17,189.32,98.444704
2019-11-07 11:14:00,189.26,189.34,189.26,189.29,226.346917
2019-11-07 11:13:00,188.95,189.27,188.95,189.27,161.653701
2019-11-07 11:12:00,189.05,189.05,188.89,188.91,154.246644
2019-11-07 11:11:00,188.8,189.12,188.8,189.05,1026.615005
2019-11-07 11:10:00,188.89,188.89,188.8,188.8,226.980794
2019-11-07 11:09:00,188.89,188.95,188.88,188.89,106.603347
2019-11-07 11:08:00,188.95,188.95,188.85,188.85,242.342148
2019-11-07 11:07:00,188.99,188.99,188.95,188.95,119.647239
2019-11-07 11:06:00,188.92,189,188.92,189,78.382124
2019-11-07 11:05:00,188.9,189,188.9,188.91,94.280944
2019-11-07 11:04:00,189.07,189.07,188.9,188.9,415.900391
2019-11-07 11:03:00,189.19,189.19,189.06,189.07,543.324972
2019-11-07 11:02:00,189.29,189.38,189.19,189.19,105.17049
2019-11-07 11:01:00,189.23,189.3,189.22,189.24,166.670297
2019-11-07 11:00:00,189.41,189.41,189.21,189.24,177.866094
2019-11-07 10:59:00,189.56,189.57,189.42,189.42,54.882945
2019-11-07 10:58:00,189.44,189.58,189.4,189.56,818.871515
2019-11-07 10:57:00,189.29,189.4,189.29,189.4,116.272663
2019-11-07 10:56:00,189.22,189.33,189.22,189.29,243.791567
2019-11-07 10:55:00,189.27,189.28,189.22,189.22,39.836722
2019-11-07 10:54:00,189.25,189.33,189.15,189.28,260.136069
2019-11-07 10:53:00,189.15,189.26,189.15,189.25,87.322189
2019-11-07 10:52:00,189.22,189.22,189.15,189.15,674.831547
2019-11-07 10:51:00,189.15,189.22,189.15,189.22,86.107306
2019-11-07 10:50:00,189.1,189.3,189.09,189.15,206.928177
2019-11-07 10:49:00,189.02,189.15,189,189.09,1036.161789
2019-11-07 10:48:00,189.04,189.05,188.86,189.02,501.20293
2019-11-07 10:47:00,189.16,189.16,189.01,189.05,152.523224
2019-11-07 10:46:00,189.03,189.16,188.98,189.12,99.080021
2019-11-07 10:45:00,189.14,189.14,188.98,189.04,323.710212
2019-11-07 10:44:00,189.3,189.3,189.15,189.15,30.386387
2019-11-07 10:43:00,189.33,189.4,189.27,189.3,34.238421
2019-11-07 10:42:00,189.14,189.45,189.14,189.33,332.381209
2019-11-07 10:41:00,189.17,189.18,189.1,189.13,50.704994
2019-11-07 10:40:00,188.93,189.17,188.92,189.17,276.829744
2019-11-07 10:39:00,188.89,189.06,188.88,188.93,226.621073
2019-11-07 10:38:00,188.92,189.05,188.8,188.88,122.938775
2019-11-07 10:37:00,188.98,189.1,188.75,188.92,1030.524029
2019-11-07 10:36:00,189.1,189.1,188.94,188.97,272.104189
2019-11-07 10:35:00,189.15,189.17,188.94,189.1,371.883192
2019-11-07 10:34:00,188.98,189.13,188.96,189.13,159.271718
2019-11-07 10:33:00,188.88,188.98,188.73,188.94,390.426978
2019-11-07 10:32:00,188.97,188.97,188.74,188.91,781.122462
2019-11-07 10:31:00,189.1,189.1,188.98,188.98,113.325361
2019-11-07 10:30:00,189.15,189.18,189.11,189.11,230.126028
2019-11-07 10:29:00,189.34,189.34,189.15,189.15,159.057739
2019-11-07 10:28:00,189.27,189.35,189.27,189.34,17.468968
2019-11-07 10:27:00,189.3,189.3,189.22,189.27,200.271178
2019-11-07 10:26:00,189.33,189.33,189.31,189.31,9.135926
2019-11-07 10:25:00,189.46,189.46,189.32,189.33,9.846244
2019-11-07 10:24:00,189.29,189.46,189.29,189.46,49.443971
2019-11-07 10:23:00,189.25,189.32,189.22,189.29,62.705842
2019-11-07 10:22:00,189.18,189.26,189.18,189.26,74.748516
2019-11-07 10:21:00,189.26,189.26,189.14,189.18,12.889821
2019-11-07 10:20:00,189.32,189.35,189.27,189.27,66.173465
2019-11-07 10:19:00,189.05,189.3,189.03,189.29,57.989369
2019-11-07 10:18:00,188.99,189.08,188.95,189.03,1523.466909
2019-11-07 10:17:00,188.69,189,188.68,188.99,427.353966
2019-11-07 10:16:00,188.67,188.78,188.55,188.67,730.003958
2019-11-07 10:15:00,188.56,188.72,188.34,188.72,377.110436
2019-11-07 10:14:00,188.75,188.75,188.52,188.58,318.912209
2019-11-07 10:13:00,188.82,188.86,188.76,188.76,325.582536
2019-11-07 10:12:00,188.98,188.98,188.67,188.83,396.440631
2019-11-07 10:11:00,189,189.11,188.9,188.94,140.214538
2019-11-07 10:10:00,189.14,189.14,188.73,189,909.480603
2019-11-07 10:09:00,189.24,189.26,189.07,189.14,211.973435
2019-11-07 10:08:00,189.29,189.36,189.19,189.25,140.996181
2019-11-07 10:07:00,189.05,189.28,189.05,189.28,36.576255
2019-11-07 10:06:00,189.08,189.17,188.92,189.08,224.33459
2019-11-07 10:05:00,189.19,189.29,188.78,189.08,1218.895896
2019-11-07 10:04:00,189.17,189.26,189.03,189.2,1360.770515
2019-11-07 10:03:00,189.6,189.6,189.17,189.18,589.799885
2019-11-07 10:02:00,189.52,189.63,189.52,189.6,166.443449
2019-11-07 10:01:00,189.71,189.76,189.52,189.52,177.856751
2019-11-07 10:00:00,189.72,189.72,189.67,189.68,425.240152
2019-11-07 09:59:00,189.7,189.77,189.7,189.73,90.596408
2019-11-07 09:58:00,189.57,189.77,189.57,189.65,220.119752
2019-11-07 09:57:00,189.47,189.67,189.44,189.61,57.681143
2019-11-07 09:56:00,189.39,189.57,189.27,189.5,105.719111
2019-11-07 09:55:00,189.58,189.58,189.38,189.38,103.374348
2019-11-07 09:54:00,189.5,189.63,189.5,189.59,154.195374
2019-11-07 09:53:00,189.58,189.58,189.47,189.53,140.111166
2019-11-07 09:52:00,189.71,189.71,189.54,189.58,113.945806
2019-11-07 09:51:00,189.6,189.75,189.6,189.71,121.774978
2019-11-07 09:50:00,189.57,189.65,189.56,189.63,24.277981
2019-11-07 09:49:00,189.85,189.87,189.56,189.6,310.57743
2019-11-07 09:48:00,189.75,189.91,189.62,189.88,1145.952213
2019-11-07 09:47:00,189.66,189.81,189.55,189.73,520.664062
2019-11-07 09:46:00,189.52,189.89,189.33,189.66,1479.166127
2019-11-07 09:45:00,190.14,190.14,189.14,189.59,1930.630206
2019-11-07 09:44:00,190.4,190.4,190.15,190.15,423.167042
2019-11-07 09:43:00,190.42,190.55,190.41,190.41,26.540907
2019-11-07 09:42:00,190.24,190.5,190.24,190.5,459.474539
2019-11-07 09:41:00,190.16,190.27,190.15,190.24,259.497288
2019-11-07 09:40:00,190.13,190.23,190.1,190.17,433.523356
2019-11-07 09:39:00,190.2,190.33,190.13,190.14,340.226159
2019-11-07 09:38:00,190.27,190.27,190.18,190.21,373.190924
2019-11-07 09:37:00,190.29,190.4,190.22,190.23,597.613191
2019-11-07 09:36:00,190.37,190.39,190.17,190.37,544.091671
2019-11-07 09:35:00,190.58,190.61,190.35,190.37,426.09378
2019-11-07 09:34:00,190.62,190.75,190.27,190.53,1243.861351
2019-11-07 09:33:00,190.54,190.78,190.33,190.62,1295.170201
2019-11-07 09:32:00,190.92,190.97,190.49,190.54,502.223338
2019-11-07 09:31:00,191.36,191.36,190.89,190.92,187.97841
2019-11-07 09:30:00,191.25,191.36,191.25,191.36,61.748597
2019-11-07 09:29:00,191.35,191.45,191.25,191.25,62.427506
2019-11-07 09:28:00,191.5,191.51,191.16,191.34,308.112618
2019-11-07 09:27:00,191.46,191.51,191.46,191.51,17.760484
2019-11-07 09:26:00,191.55,191.56,191.4,191.45,38.463281
2019-11-07 09:25:00,191.63,191.64,191.55,191.56,12.237563
2019-11-07 09:24:00,191.64,191.7,191.59,191.59,49.872531
2019-11-07 09:23:00,191.79,191.8,191.59,191.59,32.641652
2019-11-07 09:22:00,191.9,191.9,191.78,191.79,37.437
2019-11-07 09:21:00,191.86,191.87,191.86,191.87,8.219069
2019-11-07 09:20:00,191.91,191.98,191.85,191.87,77.655025
2019-11-07 09:19:00,191.84,191.92,191.84,191.91,24.750789
2019-11-07 09:18:00,192.09,192.09,191.85,191.85,13.412826
2019-11-07 09:17:00,192.1,192.16,192.07,192.07,73.520109
2019-11-07 09:16:00,192.04,192.1,191.99,192.1,402.276325
2019-11-07 09:15:00,192.26,192.3,191.94,192.02,74.970657
2019-11-07 09:14:00,192.07,192.29,192.07,192.25,130.539751
2019-11-07 09:13:00,191.86,192.08,191.81,192.08,301.486354
2019-11-07 09:12:00,192.02,192.18,191.86,191.86,212.457247
2019-11-07 09:11:00,191.81,192.11,191.81,192.01,349.080307
2019-11-07 09:10:00,191.61,191.81,191.61,191.81,341.063995
2019-11-07 09:09:00,191.71,191.71,191.58,191.6,6.335256
2019-11-07 09:08:00,192.01,192.01,191.69,191.71,149.762161
2019-11-07 09:07:00,191.84,192.02,191.84,192.02,283.658111
2019-11-07 09:06:00,191.86,192.02,191.83,191.83,150.949441
2019-11-07 09:05:00,192.05,192.06,191.83,191.85,613.186368
2019-11-07 09:04:00,191.76,192.07,191.76,192.05,227.69138
2019-11-07 09:03:00,191.66,191.85,191.66,191.76,111.26931
2019-11-07 09:02:00,191.35,191.67,191.35,191.66,549.465509
2019-11-07 09:01:00,191.31,191.36,191.31,191.36,104.860589
2019-11-07 09:00:00,191.04,191.37,191.01,191.33,365.490079
2019-11-07 08:59:00,191.44,191.44,191.07,191.07,232.264179
2019-11-07 08:58:00,191.5,191.51,191.39,191.39,177.582621
2019-11-07 08:57:00,191.48,191.55,191.48,191.5,56.667739
2019-11-07 08:56:00,191.51,191.51,191.48,191.48,22.451575
2019-11-07 08:55:00,191.52,191.55,191.51,191.51,216.398069
2019-11-07 08:54:00,191.55,191.55,191.5,191.52,7.634632
2019-11-07 08:53:00,191.55,191.6,191.54,191.54,13.418128
2019-11-07 08:52:00,191.67,191.67,191.55,191.55,22.09248
2019-11-07 08:51:00,191.52,191.67,191.49,191.66,85.379507
2019-11-07 08:50:00,191.48,191.57,191.48,191.56,61.623068
2019-11-07 08:49:00,191.63,191.63,191.48,191.48,42.593238
2019-11-07 08:48:00,191.68,191.68,191.65,191.65,8.326402
2019-11-07 08:47:00,191.82,191.86,191.65,191.66,482.483928
2019-11-07 08:46:00,191.78,191.85,191.78,191.83,94.279407
2019-11-07 08:45:00,191.69,191.77,191.68,191.77,155.07422
2019-11-07 08:44:00,191.57,191.7,191.56,191.69,113.481633
2019-11-07 08:43:00,191.57,191.57,191.56,191.57,21.565749
2019-11-07 08:42:00,191.47,191.62,191.47,191.57,242.494114
2019-11-07 08:41:00,191.43,191.47,191.39,191.47,93.868048
2019-11-07 08:40:00,191.39,191.43,191.39,191.43,8.967599
2019-11-07 08:39:00,191.6,191.62,191.39,191.4,108.613411
2019-11-07 08:38:00,191.53,191.6,191.53,191.58,87.200262
2019-11-07 08:37:00,191.37,191.53,191.37,191.52,49.982249
2019-11-07 08:36:00,191.34,191.38,191.33,191.35,2.147104
2019-11-07 08:35:00,191.29,191.44,191.25,191.37,59.290698
2019-11-07 08:34:00,191.25,191.29,191.25,191.29,13.423428
2019-11-07 08:33:00,191.18,191.26,191.18,191.26,5.8961
2019-11-07 08:32:00,191.18,191.18,191.13,191.17,36.067677
2019-11-07 08:31:00,191.1,191.19,191.1,191.18,6.240467
2019-11-07 08:30:00,191.15,191.15,191.05,191.05,17.69638
2019-11-07 08:29:00,191.15,191.21,191.15,191.15,38.369939
2019-11-07 08:28:00,191.13,191.18,191.12,191.18,57.448401
2019-11-07 08:27:00,191.09,191.16,191.09,191.13,27.008582
2019-11-07 08:26:00,191.12,191.16,191.08,191.09,32.748219
2019-11-07 08:25:00,191.1,191.12,191.1,191.12,9.381592
2019-11-07 08:24:00,191.13,191.15,191.06,191.11,31.912437
2019-11-07 08:23:00,191.13,191.13,191.03,191.12,27.07804
2019-11-07 08:22:00,191.2,191.2,191.09,191.13,43.842631
2019-11-07 08:21:00,191.09,191.17,191.09,191.17,12.22425
2019-11-07 08:20:00,191.16,191.16,191.08,191.08,13.796628
2019-11-07 08:19:00,191.17,191.17,191.16,191.16,0.835425
2019-11-07 08:18:00,191.23,191.23,191.19,191.19,8.819397
2019-11-07 08:17:00,191.22,191.25,191.16,191.24,13.672449
2019-11-07 08:16:00,191.12,191.21,191.12,191.21,57.701569
2019-11-07 08:15:00,191.07,191.09,191.03,191.09,7.845318
2019-11-07 08:14:00,190.92,191.09,190.92,191.08,143.690249
2019-11-07 08:13:00,190.97,190.99,190.9,190.96,55.445412
2019-11-07 08:12:00,191,191,190.96,190.97,6.873049
2019-11-07 08:11:00,191.07,191.12,190.95,191,38.917509
2019-11-07 08:10:00,190.96,191.03,190.93,191.01,83.689403
2019-11-07 08:09:00,190.86,190.99,190.86,190.94,115.693115
2019-11-07 08:08:00,190.99,191,190.88,190.88,359.536302
2019-11-07 08:07:00,190.99,191.12,190.9,190.99,861.406558
2019-11-07 08:06:00,191.02,191.11,190.99,191,16.416421
2019-11-07 08:05:00,190.86,191.17,190.86,191.07,181.936122
2019-11-07 08:04:00,190.7,190.91,190.7,190.85,96.13179
2019-11-07 08:03:00,190.87,190.91,190.7,190.7,55.651152
2019-11-07 08:02:00,191.02,191.06,190.83,190.83,95.07962
2019-11-07 08:01:00,191.46,191.47,191.07,191.07,65.494466
2019-11-07 08:00:00,191.15,191.46,191.15,191.45,66.16333
2019-11-07 07:59:00,191.24,191.24,191.02,191.14,366.971966
2019-11-07 07:58:00,191.46,191.49,191.23,191.24,32.935811
2019-11-07 07:57:00,191.45,191.46,191.45,191.46,0.115073
2019-11-07 07:56:00,191.31,191.43,191.3,191.41,114.16295
2019-11-07 07:55:00,191.32,191.32,191.31,191.31,260.298181
2019-11-07 07:54:00,191.28,191.31,191.27,191.31,7.069325
2019-11-07 07:53:00,191.33,191.33,191.28,191.28,5.634014
2019-11-07 07:52:00,191.37,191.37,191.32,191.32,18.662988
2019-11-07 07:51:00,191.39,191.39,191.33,191.37,12.131523
2019-11-07 07:50:00,191.18,191.4,191.18,191.4,30.687888
2019-11-07 07:49:00,191.26,191.27,191.18,191.22,19.502663
2019-11-07 07:48:00,191.45,191.45,191.17,191.24,111.043036
2019-11-07 07:47:00,191.66,191.66,191.4,191.47,618.703786
2019-11-07 07:46:00,191.63,191.67,191.6,191.67,132.609029
2019-11-07 07:45:00,191.69,191.69,191.63,191.64,5.749855
2019-11-07 07:44:00,191.78,191.78,191.73,191.73,0.089111
2019-11-07 07:43:00,191.87,191.87,191.78,191.78,7.570014
2019-11-07 07:42:00,191.83,191.87,191.83,191.87,18.200731
2019-11-07 07:41:00,191.75,191.89,191.75,191.84,63.846682
2019-11-07 07:40:00,191.92,191.92,191.74,191.77,88.540779
2019-11-07 07:39:00,191.88,191.94,191.83,191.92,34.497262
2019-11-07 07:38:00,191.87,191.91,191.85,191.88,47.011692
2019-11-07 07:37:00,191.87,191.88,191.87,191.88,8.500149
2019-11-07 07:36:00,191.61,191.83,191.61,191.83,1027.752457
2019-11-07 07:35:00,191.76,191.76,191.6,191.63,577.896337
2019-11-07 07:34:00,191.94,191.94,191.73,191.76,183.967935
2019-11-07 07:33:00,191.98,191.98,191.97,191.97,0.900803
2019-11-07 07:32:00,191.72,191.98,191.72,191.97,119.663056
2019-11-07 07:31:00,191.58,191.71,191.57,191.71,77.81629
2019-11-07 07:30:00,191.57,191.58,191.57,191.57,0.903418
2019-11-07 07:29:00,191.48,191.57,191.48,191.57,47.360205
2019-11-07 07:28:00,191.66,191.66,191.47,191.48,9.897276
2019-11-07 07:27:00,191.72,191.72,191.66,191.66,0.643151
2019-11-07 07:26:00,191.67,191.72,191.67,191.68,9.601085
2019-11-07 07:25:00,191.58,191.67,191.58,191.66,8.384371
2019-11-07 07:24:00,191.47,191.53,191.47,191.53,0.246065
2019-11-07 07:23:00,191.65,191.65,191.37,191.42,75.426637
2019-11-07 07:22:00,191.67,191.7,191.64,191.66,42.45119
2019-11-07 07:21:00,191.97,191.97,191.52,191.66,345.563097
2019-11-07 07:20:00,192.01,192.01,191.98,191.98,162.037062
2019-11-07 07:19:00,191.95,192.25,191.94,192.02,504.417757
2019-11-07 07:18:00,191.87,191.97,191.87,191.95,49.852999
2019-11-07 07:17:00,191.86,191.92,191.83,191.87,113.44542
2019-11-07 07:16:00,191.54,191.89,191.54,191.86,434.918422
2019-11-07 07:15:00,191.33,191.53,191.33,191.48,127.678576
2019-11-07 07:14:00,191.5,191.5,191.32,191.32,7.523812
2019-11-07 07:13:00,191.53,191.57,191.48,191.5,442.137725
2019-11-07 07:12:00,191.44,191.6,191.43,191.52,154.40476
2019-11-07 07:11:00,191.85,191.89,191.38,191.44,348.95798
2019-11-07 07:10:00,191.85,191.9,191.82,191.84,43.937579
2019-11-07 07:09:00,191.79,191.92,191.79,191.86,379.974894
2019-11-07 07:08:00,191.78,191.8,191.73,191.8,71.86915
2019-11-07 07:07:00,191.68,191.78,191.64,191.78,67.924605
2019-11-07 07:06:00,191.68,191.72,191.64,191.68,27.233144
2019-11-07 07:05:00,191.49,191.74,191.49,191.67,218.104268
2019-11-07 07:04:00,191.44,191.48,191.44,191.48,59.634434
2019-11-07 07:03:00,191.45,191.53,191.36,191.42,164.679672
2019-11-07 07:02:00,191.27,191.45,191.27,191.44,42.471576
2019-11-07 07:01:00,191.22,191.27,191.22,191.26,12.942052
2019-11-07 07:00:00,190.99,191.22,190.99,191.22,16.848481
2019-11-07 06:59:00,191.19,191.19,191,191.02,20.006799
2019-11-07 06:58:00,191.05,191.24,191.05,191.18,149.399189
2019-11-07 06:57:00,190.85,191.05,190.85,191.04,72.327837
2019-11-07 06:56:00,190.79,190.85,190.79,190.85,74.600796
2019-11-07 06:55:00,190.78,190.78,190.78,190.78,1.402874
2019-11-07 06:54:00,190.75,190.78,190.75,190.78,2.476631
2019-11-07 06:53:00,190.55,190.74,190.55,190.73,70.602394
2019-11-07 06:52:00,190.48,190.52,190.48,190.52,16.870152
2019-11-07 06:51:00,190.44,190.5,190.44,190.47,7.566235
2019-11-07 06:50:00,190.4,190.44,190.4,190.44,7.957345
2019-11-07 06:49:00,190.37,190.4,190.37,190.4,0.064958
2019-11-07 06:48:00,190.25,190.36,190.25,190.36,33.589551
2019-11-07 06:47:00,190.24,190.24,190.2,190.23,34.64431
2019-11-07 06:46:00,190.23,190.25,190.23,190.25,64.925053
2019-11-07 06:45:00,190.28,190.29,190.15,190.22,76.333109
2019-11-07 06:44:00,190.29,190.29,190.29,190.29,0.243573
2019-11-07 06:43:00,190.34,190.35,190.28,190.29,249.714982
2019-11-07 06:42:00,190.38,190.38,190.34,190.34,1.708909
2019-11-07 06:41:00,190.35,190.38,190.35,190.38,0.049797
2019-11-07 06:40:00,190.23,190.35,190.23,190.35,17.344066
2019-11-07 06:39:00,190.23,190.24,190.23,190.23,23.824313
2019-11-07 06:38:00,190.23,190.23,190.17,190.17,22.468006
2019-11-07 06:37:00,190.37,190.37,190.21,190.23,535.259387
2019-11-07 06:36:00,190.54,190.54,190.37,190.37,572.107416
2019-11-07 06:35:00,190.62,190.62,190.55,190.55,53.671703
2019-11-07 06:34:00,190.62,190.63,190.62,190.63,5.924534
2019-11-07 06:33:00,190.57,190.69,190.57,190.69,14.667692
2019-11-07 06:32:00,190.57,190.57,190.57,190.57,0.501514
2019-11-07 06:31:00,190.56,190.56,190.56,190.56,17.426019
2019-11-07 06:30:00,190.56,190.56,190.56,190.56,0.856075
2019-11-07 06:29:00,190.47,190.62,190.46,190.56,349.958306
2019-11-07 06:28:00,190.48,190.48,190.48,190.48,2.029754
2019-11-07 06:27:00,190.51,190.52,190.46,190.47,24.921713
2019-11-07 06:26:00,190.51,190.52,190.42,190.52,33.64898
2019-11-07 06:25:00,190.45,190.51,190.45,190.51,17.011254
2019-11-07 06:24:00,190.52,190.52,190.41,190.44,26.546205
2019-11-07 06:23:00,190.38,190.53,190.37,190.53,144.814841
2019-11-07 06:22:00,190.38,190.39,190.38,190.39,11.813024
2019-11-07 06:21:00,190.44,190.44,190.37,190.37,15.153523
2019-11-07 06:20:00,190.44,190.46,190.37,190.37,105.218033
2019-11-07 06:19:00,190.64,190.65,190.44,190.45,40.467283
2019-11-07 06:18:00,190.84,190.84,190.66,190.66,51.814137
2019-11-07 06:17:00,190.93,190.93,190.81,190.83,14.984209
2019-11-07 06:16:00,191.09,191.12,190.95,190.97,82.988374
2019-11-07 06:15:00,191.08,191.08,191.08,191.08,6.820934
2019-11-07 06:14:00,191.17,191.17,191.08,191.11,98.021205
2019-11-07 06:13:00,191.17,191.18,191.17,191.18,4.23009
2019-11-07 06:12:00,191.18,191.22,191.17,191.17,7.771601
2019-11-07 06:11:00,191.12,191.24,191.12,191.2,192.742404
2019-11-07 06:10:00,191.07,191.12,191.03,191.12,47.286282
2019-11-07 06:09:00,191.01,191.12,191.01,191.08,19.394902
2019-11-07 06:08:00,190.85,191.02,190.84,191.02,81.309935
2019-11-07 06:07:00,190.76,190.87,190.76,190.85,154.55952
2019-11-07 06:06:00,190.62,190.75,190.62,190.75,68.274198
2019-11-07 06:05:00,190.57,190.63,190.57,190.63,24.289382
2019-11-07 06:04:00,190.62,190.62,190.58,190.58,14.567088
2019-11-07 06:03:00,190.61,190.61,190.57,190.57,1.399967
2019-11-07 06:02:00,190.58,190.61,190.58,190.61,5.395447
2019-11-07 06:01:00,190.61,190.66,190.57,190.6,52.611253
2019-11-07 06:00:00,190.49,190.61,190.49,190.58,73.352954
2019-11-07 05:59:00,190.45,190.49,190.45,190.48,0.481439
2019-11-07 05:58:00,190.39,190.56,190.38,190.45,453.687304
2019-11-07 05:57:00,190.37,190.4,190.37,190.39,2.002532
2019-11-07 05:56:00,190.35,190.38,190.35,190.37,39.019677
2019-11-07 05:55:00,190.27,190.34,190.27,190.34,62.675599
2019-11-07 05:54:00,190.28,190.28,190.28,190.28,0
2019-11-07 05:53:00,190.24,190.34,190.24,190.28,31.720619
2019-11-07 05:52:00,190.24,190.24,190.23,190.23,0.250045
2019-11-07 05:51:00,190.25,190.25,190.23,190.23,7.223242
2019-11-07 05:50:00,190.3,190.3,190.3,190.3,19.593503
2019-11-07 05:49:00,190.3,190.3,190.3,190.3,84.605158
2019-11-07 05:48:00,190.21,190.29,190.21,190.29,58.259343
2019-11-07 05:47:00,190.2,190.2,190.2,190.2,8.691196
2019-11-07 05:46:00,190.2,190.23,190.18,190.2,84.360225
2019-11-07 05:45:00,190.11,190.24,190.11,190.19,122.748643
2019-11-07 05:44:00,190.13,190.13,190.11,190.11,5.480322
2019-11-07 05:43:00,190.03,190.14,190.03,190.13,58.594909
2019-11-07 05:42:00,190,190.02,190,190.02,68.571695
2019-11-07 05:41:00,189.99,190.04,189.99,190,27.574512
2019-11-07 05:40:00,189.95,189.99,189.95,189.99,23.159216
2019-11-07 05:39:00,190.03,190.03,189.94,189.94,54.691336
2019-11-07 05:38:00,190.07,190.07,190.03,190.03,23.439847
2019-11-07 05:37:00,190.08,190.08,190.07,190.07,23.464584
2019-11-07 05:36:00,189.98,190.05,189.98,190.05,14.319535
2019-11-07 05:35:00,189.99,190,189.98,189.98,100.696204
2019-11-07 05:34:00,189.95,189.99,189.94,189.97,29.383736
2019-11-07 05:33:00,189.91,189.94,189.9,189.93,17.693933
2019-11-07 05:32:00,189.83,189.9,189.83,189.9,15.894023
2019-11-07 05:31:00,189.84,189.84,189.83,189.83,6.13681
2019-11-07 05:30:00,189.9,189.9,189.84,189.84,67.797999
2019-11-07 05:29:00,189.83,189.93,189.83,189.9,34.333022
2019-11-07 05:28:00,189.82,189.83,189.81,189.82,40.12487
2019-11-07 05:27:00,189.66,189.82,189.66,189.82,22.697297
2019-11-07 05:26:00,189.72,189.72,189.68,189.68,8.454959
2019-11-07 05:25:00,189.58,189.73,189.58,189.73,31.419127
2019-11-07 05:24:00,189.6,189.6,189.56,189.57,46.184104
2019-11-07 05:23:00,189.68,189.68,189.55,189.55,2.071638
2019-11-07 05:22:00,189.69,189.69,189.62,189.69,1.485662
2019-11-07 05:21:00,189.62,189.69,189.62,189.69,0.041149
2019-11-07 05:20:00,189.58,189.65,189.58,189.65,5.290606
2019-11-07 05:19:00,189.61,189.61,189.58,189.59,4.390499
2019-11-07 05:18:00,189.57,189.72,189.56,189.56,25.126916
2019-11-07 05:17:00,189.67,189.67,189.6,189.6,797.214738
2019-11-07 05:16:00,189.68,189.68,189.68,189.68,0.238992
2019-11-07 05:15:00,189.74,189.74,189.67,189.67,16.837139
2019-11-07 05:14:00,189.59,189.73,189.59,189.73,71.641957
2019-11-07 05:13:00,189.49,189.49,189.49,189.49,0.022799
2019-11-07 05:12:00,189.52,189.52,189.51,189.51,13.047346
2019-11-07 05:11:00,189.51,189.55,189.51,189.52,6.179642
2019-11-07 05:10:00,189.41,189.51,189.41,189.51,9.163622
2019-11-07 05:09:00,189.25,189.43,189.25,189.41,106.08396
2019-11-07 05:08:00,189.38,189.38,189.2,189.25,57.948069
2019-11-07 05:07:00,189.27,189.43,189.27,189.37,52.814549
2019-11-07 05:06:00,189.2,189.2,189.2,189.2,1.05896
2019-11-07 05:05:00,189.2,189.27,189.2,189.22,67.101806
2019-11-07 05:04:00,189.16,189.29,189.16,189.16,51.900723
2019-11-07 05:03:00,189.17,189.17,189.17,189.17,2.960897
2019-11-07 05:02:00,189.08,189.18,188.96,189.18,117.862503
2019-11-07 05:01:00,188.9,189.07,188.9,189.07,75.929949
2019-11-07 05:00:00,188.69,188.95,188.64,188.89,89.225067
2019-11-07 04:59:00,188.74,188.74,188.7,188.7,0.030223
2019-11-07 04:58:00,188.74,188.75,188.74,188.75,0.342388
2019-11-07 04:57:00,188.78,188.78,188.7,188.71,14.134372
2019-11-07 04:56:00,188.77,188.8,188.76,188.76,6.758707
2019-11-07 04:55:00,188.82,188.87,188.82,188.82,4.321534
2019-11-07 04:54:00,188.7,188.8,188.7,188.8,4.025524
2019-11-07 04:53:00,188.65,188.81,188.65,188.73,54.608204
2019-11-07 04:52:00,188.48,188.64,188.48,188.64,12.496275
2019-11-07 04:51:00,188.36,188.52,188.36,188.48,8.039867
2019-11-07 04:50:00,188.38,188.41,188.3,188.36,21.104488
2019-11-07 04:49:00,188.56,188.56,188.33,188.35,12.282103
2019-11-07 04:48:00,188.6,188.6,188.56,188.56,9.085153
2019-11-07 04:47:00,188.56,188.6,188.56,188.6,43.116556
2019-11-07 04:46:00,188.56,188.56,188.56,188.56,0.017
2019-11-07 04:45:00,188.54,188.61,188.54,188.6,2.429581
2019-11-07 04:44:00,188.61,188.62,188.56,188.56,0.286398
2019-11-07 04:43:00,188.6,188.64,188.59,188.59,1.625733
2019-11-07 04:42:00,188.63,188.63,188.62,188.62,2.029418
2019-11-07 04:41:00,188.68,188.68,188.67,188.67,0.190436
2019-11-07 04:40:00,188.75,188.75,188.69,188.69,39.830665
2019-11-07 04:39:00,188.76,188.84,188.75,188.75,7.041622
2019-11-07 04:38:00,188.86,188.86,188.78,188.79,3.607347
2019-11-07 04:37:00,188.81,188.85,188.77,188.85,36.46947
2019-11-07 04:36:00,188.76,188.8,188.75,188.78,51.776817
2019-11-07 04:35:00,188.54,188.76,188.54,188.76,158.166117
2019-11-07 04:34:00,188.55,188.61,188.54,188.54,65.46068
2019-11-07 04:33:00,188.36,188.63,188.36,188.55,165.858077
2019-11-07 04:32:00,188.4,188.4,188.33,188.38,75.646021
2019-11-07 04:31:00,188.45,188.46,188.37,188.37,161.881857
2019-11-07 04:30:00,188.76,188.76,188.28,188.46,1354.936157
2019-11-07 04:29:00,188.67,188.76,188.66,188.76,446.434708
2019-11-07 04:28:00,188.85,188.9,188.66,188.66,128.409972
2019-11-07 04:27:00,188.85,188.85,188.85,188.85,0
2019-11-07 04:26:00,188.86,188.89,188.81,188.85,6.195531
2019-11-07 04:25:00,188.89,188.89,188.82,188.85,4.474782
2019-11-07 04:24:00,188.94,188.94,188.77,188.88,169.425234
2019-11-07 04:23:00,189.03,189.04,188.95,188.95,8.308785
2019-11-07 04:22:00,189.05,189.06,189.04,189.04,42.937269
2019-11-07 04:21:00,189.11,189.16,189.07,189.07,11.957339
2019-11-07 04:20:00,189,189.07,188.99,189.07,114.480775
2019-11-07 04:19:00,189.05,189.05,189,189,70.619749
2019-11-07 04:18:00,189.06,189.06,189.05,189.06,8.954481
2019-11-07 04:17:00,189.06,189.06,189.06,189.06,0
2019-11-07 04:16:00,189.06,189.06,189.06,189.06,26.193704
2019-11-07 04:15:00,189.08,189.13,189.07,189.07,41.706533
2019-11-07 04:14:00,189.13,189.13,189.06,189.08,13.278021
2019-11-07 04:13:00,189.14,189.14,189.05,189.13,93.27034
2019-11-07 04:12:00,189.13,189.19,189.05,189.09,178.558726
2019-11-07 04:11:00,189.22,189.22,189.06,189.11,94.305187
2019-11-07 04:10:00,189.15,189.2,189.15,189.2,3.202711
2019-11-07 04:09:00,189.26,189.26,189.11,189.15,70.794911
2019-11-07 04:08:00,189.2,189.33,189.2,189.3,41.971945
2019-11-07 04:07:00,189.18,189.23,189.18,189.23,150.496676
2019-11-07 04:06:00,189.32,189.32,189.14,189.18,48.619169
2019-11-07 04:05:00,189.21,189.28,189.06,189.28,432.942017
2019-11-07 04:04:00,189.27,189.39,189.27,189.3,236.767477
2019-11-07 04:03:00,189.34,189.34,189.24,189.26,200.417418
2019-11-07 04:02:00,189.38,189.38,189.26,189.33,168.235786
2019-11-07 04:01:00,189.43,189.44,189.38,189.38,80.700931
2019-11-07 04:00:00,189.45,189.46,189.4,189.4,35.489651
2019-11-07 03:59:00,189.58,189.68,189.46,189.46,42.039484
2019-11-07 03:58:00,189.57,189.61,189.57,189.61,10.238386
2019-11-07 03:57:00,189.57,189.65,189.5,189.5,28.287717
2019-11-07 03:56:00,189.51,189.58,189.51,189.58,0.091933
2019-11-07 03:55:00,189.49,189.54,189.49,189.54,41.873103
2019-11-07 03:54:00,189.69,189.73,189.49,189.49,51.884343
2019-11-07 03:53:00,189.51,189.72,189.49,189.71,77.20061
2019-11-07 03:52:00,189.62,189.62,189.51,189.51,16.99503
2019-11-07 03:51:00,189.72,189.72,189.57,189.62,41.948534
2019-11-07 03:50:00,189.8,189.88,189.67,189.71,163.70828
2019-11-07 03:49:00,189.87,189.87,189.83,189.83,22.511689
2019-11-07 03:48:00,189.88,189.88,189.84,189.84,4.164543
2019-11-07 03:47:00,189.97,189.97,189.85,189.89,0.227562
2019-11-07 03:46:00,189.86,189.97,189.83,189.97,12.816298
2019-11-07 03:45:00,189.94,189.94,189.83,189.83,0.149915
2019-11-07 03:44:00,189.94,189.99,189.86,189.97,54.595139
2019-11-07 03:43:00,189.95,189.95,189.91,189.94,18.43018
2019-11-07 03:42:00,189.94,189.96,189.92,189.96,39.827709
2019-11-07 03:41:00,189.94,190.03,189.86,189.94,175.332013
2019-11-07 03:40:00,189.94,189.94,189.85,189.89,8.738991
2019-11-07 03:39:00,189.85,189.95,189.85,189.95,0.159328
2019-11-07 03:38:00,189.9,189.9,189.86,189.86,37.721836
2019-11-07 03:37:00,189.93,189.93,189.89,189.9,0.360936
2019-11-07 03:36:00,189.88,189.94,189.88,189.94,17.900603
2019-11-07 03:35:00,189.85,189.92,189.85,189.92,1.220082
2019-11-07 03:34:00,189.74,189.83,189.73,189.81,37.515545
2019-11-07 03:33:00,189.86,189.86,189.67,189.76,158.386731
2019-11-07 03:32:00,189.78,189.88,189.78,189.85,56.769398
2019-11-07 03:31:00,189.89,189.89,189.77,189.78,21.954551
2019-11-07 03:30:00,190.01,190.03,189.84,189.89,160.629932
2019-11-07 03:29:00,189.96,190.05,189.96,190.03,6.721599
2019-11-07 03:28:00,189.95,190.03,189.92,189.99,3.223604
2019-11-07 03:27:00,189.93,189.97,189.88,189.97,18.514415
2019-11-07 03:26:00,189.96,189.96,189.96,189.96,0.065714
2019-11-07 03:25:00,189.92,190,189.88,189.96,0.18911
2019-11-07 03:24:00,189.89,189.92,189.89,189.92,11.202256
2019-11-07 03:23:00,189.85,189.93,189.85,189.89,36.79318
2019-11-07 03:22:00,189.87,189.92,189.84,189.84,39.951348
2019-11-07 03:21:00,189.78,189.85,189.78,189.85,0.192029
2019-11-07 03:20:00,189.75,189.78,189.74,189.74,8.871938
2019-11-07 03:19:00,189.72,189.72,189.72,189.72,0.0042
2019-11-07 03:18:00,189.64,189.72,189.64,189.72,11.667685
2019-11-07 03:17:00,189.75,189.75,189.49,189.63,355.614765
2019-11-07 03:16:00,189.75,189.75,189.75,189.75,1.02383
2019-11-07 03:15:00,189.75,189.76,189.75,189.76,0.369896
2019-11-07 03:14:00,189.82,189.82,189.79,189.79,6.009363
2019-11-07 03:13:00,189.75,189.75,189.75,189.75,0.604172
2019-11-07 03:12:00,189.76,189.82,189.71,189.71,162.457754
2019-11-07 03:11:00,189.71,189.82,189.71,189.82,4.351314
2019-11-07 03:10:00,189.74,189.74,189.68,189.68,12.426984
2019-11-07 03:09:00,189.68,189.78,189.65,189.78,5.122441
2019-11-07 03:08:00,189.65,189.65,189.65,189.65,0.049632
2019-11-07 03:07:00,189.64,189.64,189.53,189.6,28.594978
2019-11-07 03:06:00,189.6,189.6,189.6,189.6,0
2019-11-07 03:05:00,189.59,189.6,189.59,189.6,0.057649
2019-11-07 03:04:00,189.65,189.65,189.61,189.62,1.181134
2019-11-07 03:03:00,189.55,189.65,189.55,189.65,4.426236
2019-11-07 03:02:00,189.59,189.59,189.49,189.58,15.788001
2019-11-07 03:01:00,189.59,189.6,189.59,189.6,20.067405
2019-11-07 03:00:00,189.67,189.74,189.67,189.68,0.099297
2019-11-07 02:59:00,189.57,189.68,189.57,189.68,56.289233
2019-11-07 02:58:00,189.59,189.59,189.53,189.57,60.770706
2019-11-07 02:57:00,189.78,189.78,189.59,189.59,11.908955
2019-11-07 02:56:00,189.82,189.82,189.79,189.79,2.257145
2019-11-07 02:55:00,189.66,189.78,189.66,189.78,2.415686
2019-11-07 02:54:00,189.71,189.72,189.61,189.72,234.146325
2019-11-07 02:53:00,189.73,189.73,189.71,189.72,3.345725
2019-11-07 02:52:00,189.82,189.82,189.7,189.77,14.517045
2019-11-07 02:51:00,189.86,189.86,189.78,189.8,47.724384
2019-11-07 02:50:00,189.64,189.86,189.64,189.81,28.767829
2019-11-07 02:49:00,189.67,189.67,189.63,189.64,3.335697
2019-11-07 02:48:00,189.73,189.83,189.63,189.64,40.648336
2019-11-07 02:47:00,189.6,189.68,189.6,189.68,43.341937
2019-11-07 02:46:00,189.4,189.56,189.4,189.55,124.942664
2019-11-07 02:45:00,189.39,189.4,189.39,189.4,60.803011
2019-11-07 02:44:00,189.44,189.44,189.4,189.4,2.283048
2019-11-07 02:43:00,189.48,189.48,189.39,189.45,8.265304
2019-11-07 02:42:00,189.53,189.54,189.45,189.45,34.396748
2019-11-07 02:41:00,189.4,189.54,189.4,189.54,29.136343
2019-11-07 02:40:00,189.39,189.4,189.39,189.4,5.631861
2019-11-07 02:39:00,189.41,189.41,189.39,189.4,48.010218
2019-11-07 02:38:00,189.47,189.47,189.41,189.41,2.492497
2019-11-07 02:37:00,189.45,189.46,189.39,189.41,174.40536
2019-11-07 02:36:00,189.45,189.48,189.45,189.46,1.73118
2019-11-07 02:35:00,189.45,189.45,189.44,189.45,4.618473
2019-11-07 02:34:00,189.45,189.45,189.44,189.45,3.027685
2019-11-07 02:33:00,189.44,189.48,189.43,189.45,1.891207
2019-11-07 02:32:00,189.44,189.44,189.38,189.44,5.133532
2019-11-07 02:31:00,189.42,189.44,189.42,189.43,78.602984
2019-11-07 02:30:00,189.46,189.5,189.42,189.42,68.874434
2019-11-07 02:29:00,189.46,189.46,189.38,189.45,9.846454
2019-11-07 02:28:00,189.41,189.53,189.41,189.46,3.027907
2019-11-07 02:27:00,189.44,189.44,189.44,189.44,0.018657
2019-11-07 02:26:00,189.4,189.47,189.38,189.46,5.419107
2019-11-07 02:25:00,189.51,189.51,189.4,189.4,36.720444
2019-11-07 02:24:00,189.6,189.6,189.5,189.52,13.241458
2019-11-07 02:23:00,189.52,189.62,189.52,189.6,18.60848
2019-11-07 02:22:00,189.57,189.59,189.49,189.52,6.241034
2019-11-07 02:21:00,189.58,189.71,189.56,189.57,33.001141
2019-11-07 02:20:00,189.48,189.57,189.48,189.57,2.152864
2019-11-07 02:19:00,189.47,189.52,189.47,189.48,3.594498
2019-11-07 02:18:00,189.46,189.47,189.46,189.47,9.920294
2019-11-07 02:17:00,189.46,189.47,189.46,189.47,4.066722
2019-11-07 02:16:00,189.51,189.51,189.46,189.46,88.426638
2019-11-07 02:15:00,189.55,189.55,189.52,189.52,31.806662
2019-11-07 02:14:00,189.57,189.59,189.51,189.55,51.613943
2019-11-07 02:13:00,189.57,189.58,189.57,189.58,3.192964
2019-11-07 02:12:00,189.6,189.6,189.6,189.6,1.883916
2019-11-07 02:11:00,189.6,189.6,189.6,189.6,0
2019-11-07 02:10:00,189.61,189.61,189.6,189.6,0.099724
2019-11-07 02:09:00,189.65,189.66,189.6,189.61,18.012857
2019-11-07 02:08:00,189.66,189.66,189.65,189.65,27.963137
2019-11-07 02:07:00,189.66,189.73,189.65,189.65,83.758551
2019-11-07 02:06:00,189.84,189.84,189.71,189.71,10.486746
2019-11-07 02:05:00,189.89,189.89,189.84,189.85,64.950928
2019-11-07 02:04:00,189.7,189.85,189.7,189.85,17.648776
2019-11-07 02:03:00,189.71,189.71,189.65,189.7,23.87064
2019-11-07 02:02:00,189.7,189.74,189.7,189.7,20.704644
2019-11-07 02:01:00,189.7,189.74,189.68,189.72,52.852046
2019-11-07 02:00:00,189.91,189.91,189.7,189.74,9.052551
2019-11-07 01:59:00,189.87,189.92,189.87,189.92,2.944872
2019-11-07 01:58:00,189.82,189.89,189.82,189.89,5.131551
2019-11-07 01:57:00,189.65,189.85,189.65,189.85,13.484095
2019-11-07 01:56:00,189.86,189.86,189.64,189.65,264.587311
2019-11-07 01:55:00,189.86,189.86,189.86,189.86,22.80015
2019-11-07 01:54:00,189.85,189.85,189.85,189.85,0.023707
2019-11-07 01:53:00,189.85,189.85,189.85,189.85,0
2019-11-07 01:52:00,189.85,189.85,189.85,189.85,0
2019-11-07 01:51:00,189.75,189.85,189.75,189.85,19.374623
2019-11-07 01:50:00,189.77,189.8,189.74,189.75,134.093931
2019-11-07 01:49:00,189.84,189.85,189.76,189.76,61.161719
2019-11-07 01:48:00,189.56,189.83,189.55,189.83,328.472472
2019-11-07 01:47:00,189.4,189.6,189.4,189.51,1328.948659
2019-11-07 01:46:00,189.37,189.49,189.37,189.47,28.832852
2019-11-07 01:45:00,189.31,189.37,189.31,189.37,0.426122
2019-11-07 01:44:00,189.3,189.38,189.28,189.31,24.78011
2019-11-07 01:43:00,189.32,189.39,189.32,189.32,0.526942
2019-11-07 01:42:00,189.28,189.29,189.25,189.29,18.839738
2019-11-07 01:41:00,189.14,189.36,189.14,189.28,35.615793
2019-11-07 01:40:00,189.27,189.27,189.23,189.23,0.239448
2019-11-07 01:39:00,189.35,189.41,189.23,189.34,88.965315
2019-11-07 01:38:00,189.29,189.37,189.23,189.34,21.092723
2019-11-07 01:37:00,189.16,189.36,189.09,189.28,194.285192
2019-11-07 01:36:00,189.2,189.2,188.96,189.11,181.058587
2019-11-07 01:35:00,189.3,189.4,189.2,189.2,100.497453
2019-11-07 01:34:00,188.87,189.3,188.87,189.3,399.870091
2019-11-07 01:33:00,189.27,189.3,188.82,188.86,266.109394
2019-11-07 01:32:00,189.26,189.3,189.26,189.27,21.854522
2019-11-07 01:31:00,189.26,189.26,189.26,189.26,0
2019-11-07 01:30:00,189.21,189.3,189.21,189.3,23.2762
2019-11-07 01:29:00,189.24,189.24,189.21,189.21,38.062927
2019-11-07 01:28:00,189.16,189.23,189.09,189.22,116.498591
2019-11-07 01:27:00,189.11,189.28,189.08,189.15,249.575746
2019-11-07 01:26:00,189.13,189.2,189.09,189.11,121.0599
2019-11-07 01:25:00,189.19,189.19,189.1,189.13,19.153309
2019-11-07 01:24:00,189.1,189.22,189.1,189.19,47.735105
2019-11-07 01:23:00,189.17,189.17,189.08,189.1,28.67372
2019-11-07 01:22:00,189.37,189.37,189.17,189.17,60.911082
2019-11-07 01:21:00,189.45,189.45,189.37,189.38,0.428895
2019-11-07 01:20:00,189.5,189.5,189.41,189.44,8.156501
2019-11-07 01:19:00,189.5,189.57,189.5,189.51,7.721288
2019-11-07 01:18:00,189.54,189.59,189.53,189.55,4.52888
2019-11-07 01:17:00,189.55,189.56,189.43,189.56,1.799831
2019-11-07 01:16:00,189.48,189.55,189.45,189.55,88.562522
2019-11-07 01:15:00,189.29,189.5,189.29,189.5,39.94416
2019-11-07 01:14:00,189.51,189.51,189.26,189.28,54.745369
2019-11-07 01:13:00,189.52,189.53,189.51,189.51,7.373106
2019-11-07 01:12:00,189.34,189.58,189.34,189.54,118.116301
2019-11-07 01:11:00,189.38,189.39,189.34,189.35,12.366778
2019-11-07 01:10:00,189.33,189.39,189.33,189.39,43.826516
2019-11-07 01:09:00,189.33,189.42,189.28,189.29,6.401923
2019-11-07 01:08:00,189.51,189.51,189.29,189.29,61.715461
2019-11-07 01:07:00,189.47,189.57,189.43,189.52,57.145633
2019-11-07 01:06:00,189.39,189.47,189.39,189.43,17.257079
2019-11-07 01:05:00,189.3,189.39,189.29,189.39,61.767961
2019-11-07 01:04:00,189.36,189.36,189.32,189.33,26.765306
2019-11-07 01:03:00,189.32,189.33,189.27,189.33,0.408045
2019-11-07 01:02:00,189.57,189.57,189.2,189.32,2853.288686
2019-11-07 01:01:00,189.51,189.59,189.51,189.58,36.51434
2019-11-07 01:00:00,189.65,189.65,189.46,189.47,8.71421
2019-11-07 00:59:00,189.63,189.63,189.58,189.61,108.196918
2019-11-07 00:58:00,189.56,189.64,189.56,189.63,60.345922
2019-11-07 00:57:00,189.46,189.56,189.42,189.56,48.008112
2019-11-07 00:56:00,189.44,189.47,189.41,189.46,45.113287
2019-11-07 00:55:00,189.51,189.51,189.43,189.44,100.700905
2019-11-07 00:54:00,189.33,189.52,189.33,189.51,157.660979
2019-11-07 00:53:00,189.2,189.35,189.2,189.29,69.643915
2019-11-07 00:52:00,189.24,189.28,189.1,189.2,61.620415
2019-11-07 00:51:00,189.34,189.34,189.2,189.25,54.352983
2019-11-07 00:50:00,189.29,189.33,189.28,189.33,53.711885
2019-11-07 00:49:00,189.24,189.35,189.24,189.29,59.203919
2019-11-07 00:48:00,189.3,189.31,189.08,189.24,80.095561
2019-11-07 00:47:00,189.37,189.38,189.28,189.3,79.386522
2019-11-07 00:46:00,189.52,189.52,189.33,189.37,34.411827
2019-11-07 00:45:00,189.29,189.55,189.26,189.52,65.075239
2019-11-07 00:44:00,189.34,189.34,189.29,189.29,188.218861
2019-11-07 00:43:00,189.41,189.41,189.33,189.34,56.037827
2019-11-07 00:42:00,189.5,189.51,189.39,189.41,82.492475
2019-11-07 00:41:00,189.56,189.56,189.5,189.5,37.664797
2019-11-07 00:40:00,189.67,189.67,189.52,189.56,266.043711
2019-11-07 00:39:00,189.65,189.7,189.65,189.67,31.031748
2019-11-07 00:38:00,189.63,189.72,189.62,189.64,50.550538
2019-11-07 00:37:00,189.52,189.62,189.5,189.62,138.112986
2019-11-07 00:36:00,189.43,189.6,189.43,189.52,91.658972
2019-11-07 00:35:00,189.45,189.53,189.43,189.43,15.764951
2019-11-07 00:34:00,189.46,189.5,189.44,189.44,14.390168
2019-11-07 00:33:00,189.69,189.73,189.51,189.51,74.65271
2019-11-07 00:32:00,189.35,189.69,189.35,189.69,9.113252
2019-11-07 00:31:00,189.2,189.31,189.1,189.31,210.359136
2019-11-07 00:30:00,189.44,189.44,189,189.2,1220.083197
2019-11-07 00:29:00,189.5,189.5,189.44,189.44,23.886595
2019-11-07 00:28:00,189.47,189.49,189.45,189.49,30.871236
2019-11-07 00:27:00,189.75,189.75,189.48,189.48,29.670872
2019-11-07 00:26:00,189.63,189.75,189.62,189.75,9.146152
2019-11-07 00:25:00,189.73,189.79,189.5,189.63,268.593425
2019-11-07 00:24:00,190.02,190.02,189.73,189.73,49.321367
2019-11-07 00:23:00,190.05,190.05,190.02,190.02,5.852923
2019-11-07 00:22:00,190.05,190.06,190.05,190.05,21.849781
2019-11-07 00:21:00,190.04,190.11,190.03,190.05,69.666855
2019-11-07 00:20:00,189.99,190.06,189.98,190.04,9.724318
2019-11-07 00:19:00,189.91,189.98,189.91,189.98,101.819104
2019-11-07 00:18:00,190.01,190.01,189.88,189.9,316.683091
2019-11-07 00:17:00,190.02,190.03,190.02,190.02,119.283971
2019-11-07 00:16:00,190.1,190.1,190.01,190.03,145.240138
2019-11-07 00:15:00,189.97,190.1,189.96,190.1,168.262701
2019-11-07 00:14:00,189.85,189.96,189.85,189.96,90.760749
2019-11-07 00:13:00,189.93,189.99,189.78,189.84,77.667608
2019-11-07 00:12:00,189.66,190,189.66,189.91,67.50404
2019-11-07 00:11:00,189.6,189.67,189.59,189.59,118.486693
2019-11-07 00:10:00,189.86,189.87,189.6,189.6,74.949611
2019-11-07 00:09:00,189.77,189.87,189.77,189.86,214.236749
2019-11-07 00:08:00,189.87,189.87,189.56,189.76,141.811021
2019-11-07 00:07:00,190.14,190.22,189.88,189.88,155.903428
2019-11-07 00:06:00,189.94,190.13,189.88,190.13,168.218579
2019-11-07 00:05:00,190.21,190.21,189.85,189.94,343.268111
2019-11-07 00:04:00,190.46,190.46,190.2,190.21,47.533317
2019-11-07 00:03:00,190.47,190.47,190.46,190.46,0.010575
2019-11-07 00:02:00,190.34,190.5,190.28,190.46,134.264991
2019-11-07 00:01:00,190.21,190.44,190.21,190.38,104.384626
2019-11-07 00:00:00,190.73,190.73,190.1,190.2,382.510411
