2019-12-09 23:59:00,147.86,148.08,147.85,148.06,830.797507
2019-12-09 23:58:00,147.68,148.07,147.49,147.85,1019.173674
2019-12-09 23:57:00,147.68,147.84,147.23,147.65,3393.559344
2019-12-09 23:56:00,147.84,148.02,147.62,147.68,2140.929579
2019-12-09 23:55:00,148.24,148.32,147.05,147.84,6565.425766
2019-12-09 23:54:00,148.81,148.81,147.94,148.24,4363.583032
2019-12-09 23:53:00,148.81,148.82,148.72,148.81,125.888857
2019-12-09 23:52:00,148.85,148.88,148.79,148.8,38.586882
2019-12-09 23:51:00,148.97,148.97,148.84,148.85,108.465053
2019-12-09 23:50:00,148.99,148.99,148.96,148.97,5.73361
2019-12-09 23:49:00,148.95,149.02,148.91,148.99,12.572475
2019-12-09 23:48:00,149.02,149.02,148.88,148.93,143.049005
2019-12-09 23:47:00,149.24,149.24,148.94,149.01,821.610562
2019-12-09 23:46:00,149.22,149.26,149.19,149.23,87.040913
2019-12-09 23:45:00,149,149.19,148.91,149.19,164.597026
2019-12-09 23:44:00,148.85,149.03,148.85,149,46.98883
2019-12-09 23:43:00,148.8,148.95,148.65,148.84,831.551153
2019-12-09 23:42:00,148.99,149.07,148.78,148.83,692.746176
2019-12-09 23:41:00,149.08,149.16,148.85,148.99,1237.0265
2019-12-09 23:40:00,149.25,149.25,149.07,149.07,595.415818
2019-12-09 23:39:00,149.26,149.26,149.25,149.26,64.078634
2019-12-09 23:38:00,149.28,149.28,149.22,149.26,56.680293
2019-12-09 23:37:00,149.27,149.4,149.27,149.28,214.623414
2019-12-09 23:36:00,149.15,149.29,149.09,149.27,322.537012
2019-12-09 23:35:00,149.16,149.16,149.05,149.15,325.768184
2019-12-09 23:34:00,149.28,149.32,149.13,149.15,365.585336
2019-12-09 23:33:00,149.35,149.35,149.2,149.25,331.20303
2019-12-09 23:32:00,149.4,149.4,149.2,149.34,136.281801
2019-12-09 23:31:00,149.52,149.52,149.4,149.4,8.889117
2019-12-09 23:30:00,149.63,149.63,149.52,149.53,11.439944
2019-12-09 23:29:00,149.52,149.63,149.52,149.62,150.137961
2019-12-09 23:28:00,149.6,149.6,149.51,149.52,185.398192
2019-12-09 23:27:00,149.57,149.83,149.57,149.61,244.267377
2019-12-09 23:26:00,149.64,149.66,149.56,149.56,179.393767
2019-12-09 23:25:00,149.54,149.73,149.54,149.64,198.867111
2019-12-09 23:24:00,149.71,149.71,149.54,149.54,45.024723
2019-12-09 23:23:00,149.76,149.76,149.71,149.71,24.711495
2019-12-09 23:22:00,149.66,149.78,149.66,149.74,60.861586
2019-12-09 23:21:00,149.73,149.73,149.64,149.67,90.491752
2019-12-09 23:20:00,149.54,149.8,149.51,149.76,182.547423
2019-12-09 23:19:00,149.68,149.69,149.5,149.54,69.131017
2019-12-09 23:18:00,149.52,149.77,149.52,149.68,187.622645
2019-12-09 23:17:00,149.64,149.69,149.45,149.52,217.100425
2019-12-09 23:16:00,149.69,149.75,149.41,149.62,687.995829
2019-12-09 23:15:00,149.94,149.98,149.68,149.69,252.504395
2019-12-09 23:14:00,149.87,150.02,149.81,149.95,67.062723
2019-12-09 23:13:00,149.89,149.95,149.8,149.88,282.959213
2019-12-09 23:12:00,149.59,149.95,149.59,149.9,1329.89434
2019-12-09 23:11:00,150.02,150.11,149.5,149.57,1978.841424
2019-12-09 23:10:00,150.23,150.23,149.67,150.02,3315.700497
2019-12-09 23:09:00,150.14,150.25,150.13,150.24,334.363796
2019-12-09 23:08:00,150.25,150.28,150.12,150.14,263.917814
2019-12-09 23:07:00,150.44,150.48,150.16,150.23,1087.537411
2019-12-09 23:06:00,150.47,150.48,150.41,150.44,158.35401
2019-12-09 23:05:00,150.5,150.59,150.39,150.44,351.967714
2019-12-09 23:04:00,150.51,150.52,150.31,150.51,984.298159
2019-12-09 23:03:00,150.69,150.79,150.35,150.49,1161.019176
2019-12-09 23:02:00,151.07,151.08,150.46,150.72,5165.193253
2019-12-09 23:01:00,150.22,151.14,150.22,151.14,2243.062414
2019-12-09 23:00:00,150.23,150.26,150.22,150.22,107.091922
2019-12-09 22:59:00,150.16,150.16,150.1,150.16,50.854913
2019-12-09 22:58:00,150.3,150.3,150.16,150.16,82.749934
2019-12-09 22:57:00,150.15,150.3,150.15,150.3,97.214068
2019-12-09 22:56:00,150.14,150.17,150.12,150.12,31.714935
2019-12-09 22:55:00,150.13,150.26,150.12,150.12,112.894227
2019-12-09 22:54:00,149.97,150.18,149.97,150.13,110.876393
2019-12-09 22:53:00,149.88,149.94,149.87,149.94,52.965678
2019-12-09 22:52:00,149.95,149.96,149.87,149.92,101.908287
2019-12-09 22:51:00,149.91,149.96,149.9,149.95,15.18778
2019-12-09 22:50:00,149.96,149.96,149.88,149.91,110.658515
2019-12-09 22:49:00,150.01,150.01,149.96,149.96,50.141152
2019-12-09 22:48:00,150.02,150.05,150.01,150.01,120.961746
2019-12-09 22:47:00,150.05,150.05,150.01,150.02,51.112954
2019-12-09 22:46:00,150.13,150.14,150.07,150.08,296.101163
2019-12-09 22:45:00,150.14,150.14,150.13,150.14,0.164211
2019-12-09 22:44:00,150.14,150.14,150.13,150.13,18.764713
2019-12-09 22:43:00,150.09,150.23,150.08,150.14,108.323033
2019-12-09 22:42:00,150.07,150.09,150.07,150.09,107.439532
2019-12-09 22:41:00,150.09,150.14,150.08,150.08,11.076889
2019-12-09 22:40:00,150.05,150.11,150.05,150.11,2.969087
2019-12-09 22:39:00,150.06,150.06,150.03,150.05,12.952156
2019-12-09 22:38:00,149.99,150.09,149.99,150.09,105.29244
2019-12-09 22:37:00,149.98,149.99,149.98,149.99,28.440009
2019-12-09 22:36:00,149.95,149.98,149.95,149.98,11.916853
2019-12-09 22:35:00,149.9,149.99,149.89,149.98,12.474475
2019-12-09 22:34:00,149.86,149.9,149.86,149.87,2.441573
2019-12-09 22:33:00,149.85,149.87,149.85,149.86,26.695897
2019-12-09 22:32:00,149.85,149.85,149.84,149.84,8.357353
2019-12-09 22:31:00,149.89,149.89,149.85,149.85,0.168115
2019-12-09 22:30:00,149.88,149.89,149.88,149.88,4.214336
2019-12-09 22:29:00,149.88,149.89,149.83,149.89,6.163608
2019-12-09 22:28:00,149.89,149.89,149.88,149.89,3.664023
2019-12-09 22:27:00,149.8,149.89,149.8,149.89,29.189835
2019-12-09 22:26:00,149.81,149.82,149.78,149.8,59.048152
2019-12-09 22:25:00,149.91,149.91,149.81,149.81,77.178814
2019-12-09 22:24:00,149.94,149.95,149.9,149.91,141.976292
2019-12-09 22:23:00,150.1,150.1,149.92,149.94,262.670806
2019-12-09 22:22:00,150.12,150.12,150.09,150.1,5.897909
2019-12-09 22:21:00,150.09,150.13,150.09,150.13,19.513489
2019-12-09 22:20:00,150.11,150.11,150.08,150.09,0.352671
2019-12-09 22:19:00,150.13,150.13,150.11,150.11,0.425723
2019-12-09 22:18:00,150.1,150.13,150.1,150.13,344.77351
2019-12-09 22:17:00,149.99,150.16,149.99,150.1,273.02972
2019-12-09 22:16:00,149.87,150.03,149.85,149.99,126.237087
2019-12-09 22:15:00,149.9,149.9,149.87,149.87,7.434094
2019-12-09 22:14:00,149.94,149.94,149.9,149.9,15.831141
2019-12-09 22:13:00,149.85,149.94,149.85,149.94,27.814725
2019-12-09 22:12:00,149.86,149.87,149.82,149.86,64.981163
2019-12-09 22:11:00,149.8,149.87,149.8,149.83,21.557728
2019-12-09 22:10:00,149.8,149.8,149.79,149.8,8.878696
2019-12-09 22:09:00,149.79,149.8,149.77,149.8,30.029184
2019-12-09 22:08:00,149.81,149.81,149.77,149.79,190.386887
2019-12-09 22:07:00,149.86,149.87,149.81,149.82,168.258409
2019-12-09 22:06:00,149.86,149.89,149.86,149.87,61.584778
2019-12-09 22:05:00,149.93,149.96,149.86,149.87,21.085596
2019-12-09 22:04:00,149.86,149.98,149.86,149.95,106.989437
2019-12-09 22:03:00,149.82,149.89,149.82,149.86,84.51554
2019-12-09 22:02:00,149.67,149.82,149.67,149.82,110.145455
2019-12-09 22:01:00,149.67,149.67,149.58,149.67,43.400113
2019-12-09 22:00:00,149.71,149.74,149.66,149.66,130.247255
2019-12-09 21:59:00,149.82,149.82,149.72,149.72,145.484334
2019-12-09 21:58:00,149.85,149.86,149.81,149.82,11.106246
2019-12-09 21:57:00,149.85,149.85,149.84,149.85,14.99554
2019-12-09 21:56:00,149.9,149.91,149.84,149.84,76.593458
2019-12-09 21:55:00,149.94,149.96,149.9,149.9,17.883455
2019-12-09 21:54:00,150.01,150.02,149.93,149.94,30.678565
2019-12-09 21:53:00,150.09,150.09,150.01,150.01,7.083405
2019-12-09 21:52:00,150.05,150.11,150.04,150.09,11.217534
2019-12-09 21:51:00,150.1,150.1,150.04,150.04,31.363976
2019-12-09 21:50:00,150.13,150.13,150.11,150.11,72.319213
2019-12-09 21:49:00,150.04,150.13,150.04,150.13,24.495112
2019-12-09 21:48:00,150.04,150.05,150.03,150.04,2.923707
2019-12-09 21:47:00,150.02,150.05,150.02,150.04,4.844508
2019-12-09 21:46:00,149.99,150.02,149.99,150.02,6.625867
2019-12-09 21:45:00,150,150,149.98,149.98,15.969287
2019-12-09 21:44:00,149.94,150.01,149.94,150,62.911899
2019-12-09 21:43:00,149.96,149.97,149.91,149.95,24.861285
2019-12-09 21:42:00,150.05,150.06,149.96,149.96,201.095457
2019-12-09 21:41:00,150.1,150.12,150.05,150.05,47.178266
2019-12-09 21:40:00,150.09,150.1,150.08,150.1,15.277026
2019-12-09 21:39:00,150.17,150.17,150.1,150.1,33.326031
2019-12-09 21:38:00,150.25,150.25,150.16,150.17,161.612492
2019-12-09 21:37:00,150.21,150.25,150.21,150.25,4.156377
2019-12-09 21:36:00,150.17,150.22,150.17,150.22,10.040419
2019-12-09 21:35:00,150.07,150.16,150.07,150.16,36.696335
2019-12-09 21:34:00,150.11,150.11,150.05,150.07,0.828828
2019-12-09 21:33:00,150.2,150.21,150.11,150.11,28.941038
2019-12-09 21:32:00,150.12,150.2,150.11,150.2,11.519183
2019-12-09 21:31:00,150.08,150.11,150.08,150.11,9.037419
2019-12-09 21:30:00,150.04,150.09,150.04,150.08,252.063306
2019-12-09 21:29:00,150.03,150.05,150.03,150.04,6.951512
2019-12-09 21:28:00,150.01,150.03,150.01,150.03,9.13359
2019-12-09 21:27:00,150.05,150.06,150.01,150.01,11.903843
2019-12-09 21:26:00,149.97,150.09,149.97,150.05,225.817665
2019-12-09 21:25:00,150.01,150.02,149.96,149.96,17.579903
2019-12-09 21:24:00,150.05,150.06,150.05,150.05,37.967499
2019-12-09 21:23:00,150.04,150.05,150.04,150.05,39.278405
2019-12-09 21:22:00,150.05,150.05,150,150.05,99.814474
2019-12-09 21:21:00,150.04,150.05,150.04,150.05,1.018072
2019-12-09 21:20:00,150.1,150.1,150.05,150.05,24.294485
2019-12-09 21:19:00,150.06,150.17,150.05,150.1,168.098363
2019-12-09 21:18:00,150.07,150.09,150.02,150.05,145.993183
2019-12-09 21:17:00,150.04,150.07,150.04,150.06,90.832922
2019-12-09 21:16:00,150.05,150.05,150.04,150.05,4.214062
2019-12-09 21:15:00,149.94,150.11,149.94,150.05,951.005695
2019-12-09 21:14:00,149.95,149.96,149.93,149.94,24.334295
2019-12-09 21:13:00,150.16,150.16,149.95,149.95,550.696859
2019-12-09 21:12:00,150.18,150.18,150.15,150.15,1.930598
2019-12-09 21:11:00,150.25,150.25,150.18,150.18,9.116802
2019-12-09 21:10:00,150.17,150.26,150.17,150.26,61.704197
2019-12-09 21:09:00,150.13,150.17,150.12,150.16,35.556913
2019-12-09 21:08:00,150.14,150.14,150.09,150.11,36.387953
2019-12-09 21:07:00,150.26,150.31,150.14,150.14,237.069507
2019-12-09 21:06:00,150.27,150.31,150.26,150.27,15.99088
2019-12-09 21:05:00,150.3,150.33,150.19,150.26,199.884516
2019-12-09 21:04:00,150.09,150.33,150.09,150.3,324.248126
2019-12-09 21:03:00,150.08,150.1,150.08,150.09,134.336365
2019-12-09 21:02:00,150.08,150.09,150.08,150.09,12.706827
2019-12-09 21:01:00,150.05,150.08,150.05,150.08,1.053552
2019-12-09 21:00:00,150.03,150.06,150.02,150.06,9.983177
2019-12-09 20:59:00,150.08,150.08,150.01,150.03,59.824147
2019-12-09 20:58:00,150.04,150.14,150.04,150.11,36.637776
2019-12-09 20:57:00,149.92,150.04,149.92,150.04,41.010942
2019-12-09 20:56:00,149.92,149.93,149.92,149.93,6.862661
2019-12-09 20:55:00,149.92,149.93,149.92,149.93,2.016895
2019-12-09 20:54:00,149.86,149.94,149.86,149.93,218.651953
2019-12-09 20:53:00,149.86,149.86,149.85,149.86,24.177956
2019-12-09 20:52:00,149.85,149.86,149.85,149.86,16.695878
2019-12-09 20:51:00,149.85,149.86,149.84,149.86,30.369797
2019-12-09 20:50:00,149.8,149.85,149.8,149.85,44.73226
2019-12-09 20:49:00,149.85,149.85,149.8,149.8,54.386539
2019-12-09 20:48:00,149.8,149.87,149.79,149.85,210.429269
2019-12-09 20:47:00,149.83,149.84,149.74,149.76,205.920501
2019-12-09 20:46:00,149.83,149.84,149.8,149.84,293.400107
2019-12-09 20:45:00,149.86,149.95,149.83,149.83,413.609827
2019-12-09 20:44:00,149.95,149.95,149.84,149.86,77.476665
2019-12-09 20:43:00,149.98,149.99,149.94,149.94,85.226745
2019-12-09 20:42:00,149.95,150.03,149.94,149.98,87.554092
2019-12-09 20:41:00,150.01,150.04,149.86,149.93,263.660368
2019-12-09 20:40:00,150.01,150.11,150.01,150.06,305.956268
2019-12-09 20:39:00,150.02,150.14,150.02,150.03,82.140815
2019-12-09 20:38:00,149.85,150.01,149.84,150.01,466.741412
2019-12-09 20:37:00,149.85,149.93,149.85,149.86,81.111522
2019-12-09 20:36:00,149.77,149.84,149.75,149.84,25.544736
2019-12-09 20:35:00,149.71,149.78,149.71,149.77,19.938958
2019-12-09 20:34:00,149.69,149.73,149.69,149.72,54.307514
2019-12-09 20:33:00,149.66,149.69,149.65,149.68,9.836313
2019-12-09 20:32:00,149.68,149.68,149.65,149.66,4.569516
2019-12-09 20:31:00,149.69,149.69,149.68,149.68,23.129258
2019-12-09 20:30:00,149.73,149.73,149.63,149.66,14.862963
2019-12-09 20:29:00,149.69,149.73,149.69,149.73,92.921827
2019-12-09 20:28:00,149.86,149.86,149.7,149.7,88.567829
2019-12-09 20:27:00,149.87,149.88,149.81,149.87,118.237103
2019-12-09 20:26:00,149.93,149.98,149.9,149.9,387.58835
2019-12-09 20:25:00,149.89,150,149.89,149.92,582.932647
2019-12-09 20:24:00,149.84,149.9,149.81,149.89,227.993545
2019-12-09 20:23:00,149.56,149.85,149.56,149.84,160.718073
2019-12-09 20:22:00,149.54,149.55,149.53,149.55,115.039387
2019-12-09 20:21:00,149.53,149.53,149.53,149.53,4.893796
2019-12-09 20:20:00,149.44,149.53,149.44,149.53,68.33231
2019-12-09 20:19:00,149.45,149.46,149.41,149.45,24.931873
2019-12-09 20:18:00,149.52,149.52,149.47,149.47,15.037508
2019-12-09 20:17:00,149.52,149.52,149.52,149.52,2.232388
2019-12-09 20:16:00,149.53,149.54,149.5,149.5,5.757762
2019-12-09 20:15:00,149.5,149.54,149.5,149.53,10.838038
2019-12-09 20:14:00,149.47,149.5,149.47,149.5,6.162523
2019-12-09 20:13:00,149.4,149.42,149.4,149.42,42.611486
2019-12-09 20:12:00,149.46,149.46,149.4,149.4,96.178712
2019-12-09 20:11:00,149.46,149.49,149.46,149.48,26.944523
2019-12-09 20:10:00,149.45,149.46,149.45,149.46,23.068899
2019-12-09 20:09:00,149.42,149.45,149.37,149.45,68.158336
2019-12-09 20:08:00,149.45,149.45,149.41,149.42,23.292504
2019-12-09 20:07:00,149.47,149.47,149.44,149.44,25.410944
2019-12-09 20:06:00,149.42,149.5,149.42,149.47,70.967413
2019-12-09 20:05:00,149.41,149.42,149.41,149.42,2.96751
2019-12-09 20:04:00,149.28,149.42,149.28,149.42,4.322698
2019-12-09 20:03:00,149.15,149.28,149.15,149.28,198.547243
2019-12-09 20:02:00,149.06,149.15,148.99,149.15,867.413757
2019-12-09 20:01:00,149.14,149.18,149.01,149.06,395.550213
2019-12-09 20:00:00,149.16,149.17,149.14,149.14,7.146465
2019-12-09 19:59:00,149.2,149.3,149.16,149.17,148.307402
2019-12-09 19:58:00,149.2,149.2,149.19,149.19,0.1114
2019-12-09 19:57:00,149.2,149.23,149.2,149.21,6.569841
2019-12-09 19:56:00,149.13,149.21,149.13,149.2,20.034342
2019-12-09 19:55:00,149.19,149.19,149.13,149.13,38.525776
2019-12-09 19:54:00,149.13,149.2,149.13,149.2,36.876874
2019-12-09 19:53:00,149.22,149.22,149.14,149.14,36.781398
2019-12-09 19:52:00,149.15,149.23,149.15,149.22,93.426096
2019-12-09 19:51:00,149.16,149.16,149.16,149.16,26.469509
2019-12-09 19:50:00,149.18,149.21,149.15,149.15,22.357298
2019-12-09 19:49:00,149.15,149.21,149.12,149.18,134.231276
2019-12-09 19:48:00,149.26,149.26,149.15,149.15,183.110846
2019-12-09 19:47:00,149.3,149.3,149.27,149.27,24.554502
2019-12-09 19:46:00,149.29,149.3,149.29,149.29,0.312349
2019-12-09 19:45:00,149.3,149.3,149.29,149.29,0.635056
2019-12-09 19:44:00,149.33,149.33,149.29,149.3,20.498839
2019-12-09 19:43:00,149.4,149.4,149.33,149.33,26.075213
2019-12-09 19:42:00,149.32,149.41,149.32,149.4,341.373109
2019-12-09 19:41:00,149.32,149.32,149.31,149.31,16.068147
2019-12-09 19:40:00,149.31,149.32,149.31,149.31,4.512723
2019-12-09 19:39:00,149.32,149.32,149.31,149.32,7.85659
2019-12-09 19:38:00,149.32,149.32,149.31,149.31,1.513773
2019-12-09 19:37:00,149.32,149.32,149.31,149.31,5.169925
2019-12-09 19:36:00,149.27,149.31,149.27,149.31,38.589947
2019-12-09 19:35:00,149.26,149.27,149.26,149.26,1.662277
2019-12-09 19:34:00,149.31,149.31,149.26,149.26,5.928251
2019-12-09 19:33:00,149.32,149.32,149.29,149.31,49.885044
2019-12-09 19:32:00,149.4,149.4,149.33,149.33,51.972037
2019-12-09 19:31:00,149.41,149.41,149.39,149.39,4.641694
2019-12-09 19:30:00,149.47,149.47,149.42,149.42,60.858147
2019-12-09 19:29:00,149.4,149.45,149.4,149.45,137.520222
2019-12-09 19:28:00,149.41,149.41,149.39,149.4,2.642738
2019-12-09 19:27:00,149.48,149.48,149.41,149.41,83.9857
2019-12-09 19:26:00,149.5,149.53,149.48,149.49,88.554184
2019-12-09 19:25:00,149.5,149.51,149.49,149.49,285.410212
2019-12-09 19:24:00,149.56,149.56,149.5,149.51,88.821713
2019-12-09 19:23:00,149.53,149.57,149.53,149.57,13.534825
2019-12-09 19:22:00,149.51,149.54,149.51,149.54,2
2019-12-09 19:21:00,149.53,149.54,149.5,149.51,61.576582
2019-12-09 19:20:00,149.41,149.56,149.41,149.56,160.06255
2019-12-09 19:19:00,149.4,149.44,149.37,149.41,355.392634
2019-12-09 19:18:00,149.41,149.41,149.34,149.4,82.772493
2019-12-09 19:17:00,149.44,149.44,149.39,149.39,531.151821
2019-12-09 19:16:00,149.4,149.42,149.4,149.42,79.356523
2019-12-09 19:15:00,149.4,149.4,149.4,149.4,24.237652
2019-12-09 19:14:00,149.39,149.4,149.39,149.4,29.158252
2019-12-09 19:13:00,149.51,149.51,149.39,149.39,28.396383
2019-12-09 19:12:00,149.47,149.52,149.44,149.52,123.339686
2019-12-09 19:11:00,149.58,149.58,149.45,149.47,51.296828
2019-12-09 19:10:00,149.6,149.65,149.58,149.59,79.202598
2019-12-09 19:09:00,149.52,149.6,149.52,149.6,167.432956
2019-12-09 19:08:00,149.52,149.55,149.5,149.52,259.275345
2019-12-09 19:07:00,149.62,149.63,149.52,149.52,60.162272
2019-12-09 19:06:00,149.59,149.63,149.59,149.62,11.340625
2019-12-09 19:05:00,149.46,149.59,149.46,149.59,231.426967
2019-12-09 19:04:00,149.39,149.45,149.39,149.45,70.692592
2019-12-09 19:03:00,149.22,149.38,149.22,149.38,999.745832
2019-12-09 19:02:00,149.23,149.23,149.22,149.23,8.447234
2019-12-09 19:01:00,149.24,149.24,149.19,149.23,2.498768
2019-12-09 19:00:00,149.27,149.28,149.24,149.24,12.120083
2019-12-09 18:59:00,149.42,149.42,149.27,149.27,19.1552
2019-12-09 18:58:00,149.42,149.42,149.37,149.38,56.951726
2019-12-09 18:57:00,149.47,149.47,149.43,149.45,47.301751
2019-12-09 18:56:00,149.48,149.49,149.41,149.48,144.327362
2019-12-09 18:55:00,149.26,149.48,149.23,149.48,536.166768
2019-12-09 18:54:00,149.3,149.34,149.29,149.29,162.027398
2019-12-09 18:53:00,149.12,149.3,149.11,149.3,171.127904
2019-12-09 18:52:00,149.11,149.11,149.11,149.11,0.053997
2019-12-09 18:51:00,149.12,149.12,149.12,149.12,0
2019-12-09 18:50:00,149.11,149.12,149.11,149.12,1.541116
2019-12-09 18:49:00,149.09,149.12,149.09,149.12,63.213755
2019-12-09 18:48:00,149.08,149.09,149.08,149.09,6.195878
2019-12-09 18:47:00,149.08,149.09,149.08,149.09,149.942585
2019-12-09 18:46:00,149.1,149.1,149.09,149.09,11.709425
2019-12-09 18:45:00,149.11,149.11,149.11,149.11,1.973188
2019-12-09 18:44:00,149.11,149.11,149.11,149.11,23.572023
2019-12-09 18:43:00,149.05,149.11,149.03,149.11,295.356671
2019-12-09 18:42:00,149.03,149.05,149.03,149.05,1968.545232
2019-12-09 18:41:00,149.03,149.03,149.03,149.03,28.742732
2019-12-09 18:40:00,149.03,149.03,149.02,149.03,13.998603
2019-12-09 18:39:00,149.03,149.03,149.02,149.02,78.748466
2019-12-09 18:38:00,149.03,149.03,149.03,149.03,112.045103
2019-12-09 18:37:00,149.03,149.03,149.02,149.03,37.680383
2019-12-09 18:36:00,149.02,149.02,149.02,149.02,2.198196
2019-12-09 18:35:00,149.03,149.03,149.02,149.03,25.958046
2019-12-09 18:34:00,149.03,149.03,149.02,149.03,860.109791
2019-12-09 18:33:00,149.05,149.07,149.02,149.03,1173.810197
2019-12-09 18:32:00,149.05,149.05,149.04,149.04,7.380397
2019-12-09 18:31:00,149.05,149.05,149.04,149.05,5.705314
2019-12-09 18:30:00,149.02,149.05,149.02,149.04,72.165603
2019-12-09 18:29:00,149.01,149.01,149.01,149.01,5.262848
2019-12-09 18:28:00,149.01,149.02,149.01,149.01,65.704201
2019-12-09 18:27:00,149.02,149.02,149.01,149.02,194.295517
2019-12-09 18:26:00,148.96,149.03,148.96,149.02,3.572721
2019-12-09 18:25:00,148.96,148.96,148.96,148.96,11.358112
2019-12-09 18:24:00,148.96,148.96,148.96,148.96,14.838448
2019-12-09 18:23:00,149.03,149.04,148.95,148.96,117.649382
2019-12-09 18:22:00,149.06,149.06,149.04,149.04,88.436692
2019-12-09 18:21:00,149.07,149.07,149.06,149.06,9.061302
2019-12-09 18:20:00,149.11,149.11,149.06,149.07,64.234322
2019-12-09 18:19:00,149.14,149.15,149.11,149.12,21.205076
2019-12-09 18:18:00,149.14,149.15,149.12,149.15,11.571803
2019-12-09 18:17:00,149.17,149.17,149.15,149.15,18.486371
2019-12-09 18:16:00,149.19,149.19,149.17,149.17,4.97039
2019-12-09 18:15:00,149.16,149.2,149.16,149.2,10.454822
2019-12-09 18:14:00,149.22,149.22,149.16,149.16,81.745221
2019-12-09 18:13:00,149.1,149.23,149.1,149.23,22.722257
2019-12-09 18:12:00,149.12,149.12,149.09,149.09,6.560761
2019-12-09 18:11:00,149.05,149.12,149.05,149.11,60.473617
2019-12-09 18:10:00,149,149.06,148.99,149.06,17.354616
2019-12-09 18:09:00,148.91,149,148.91,149,34.390274
2019-12-09 18:08:00,148.94,148.95,148.9,148.91,3.726873
2019-12-09 18:07:00,148.94,148.95,148.94,148.94,14.521715
2019-12-09 18:06:00,148.97,148.97,148.94,148.94,1.183448
2019-12-09 18:05:00,148.97,148.97,148.97,148.97,3.154944
2019-12-09 18:04:00,148.98,148.98,148.97,148.97,55.708137
2019-12-09 18:03:00,148.97,148.97,148.97,148.97,0.005193
2019-12-09 18:02:00,148.99,149,148.98,148.98,12.342756
2019-12-09 18:01:00,148.98,148.98,148.98,148.98,0
2019-12-09 18:00:00,148.96,149,148.96,148.98,32.818826
2019-12-09 17:59:00,148.91,149.01,148.91,148.96,300.452643
2019-12-09 17:58:00,148.94,148.94,148.91,148.92,13.060948
2019-12-09 17:57:00,148.94,148.94,148.93,148.93,3.763216
2019-12-09 17:56:00,149.03,149.04,148.93,148.94,80.968537
2019-12-09 17:55:00,149.03,149.03,149.03,149.03,0.528476
2019-12-09 17:54:00,149.09,149.09,149.05,149.05,39.390482
2019-12-09 17:53:00,149.1,149.11,149.08,149.08,7.397235
2019-12-09 17:52:00,149.1,149.11,149.1,149.1,6.502746
2019-12-09 17:51:00,149.14,149.14,149.09,149.1,43.362503
2019-12-09 17:50:00,149.15,149.15,149.15,149.15,0.034844
2019-12-09 17:49:00,149.16,149.16,149.16,149.16,0.5
2019-12-09 17:48:00,149.21,149.21,149.17,149.17,62.118823
2019-12-09 17:47:00,149.21,149.21,149.21,149.21,0
2019-12-09 17:46:00,149.21,149.21,149.21,149.21,0.0086
2019-12-09 17:45:00,149.21,149.21,149.21,149.21,4.409701
2019-12-09 17:44:00,149.22,149.22,149.21,149.21,42.088126
2019-12-09 17:43:00,149.22,149.22,149.21,149.21,0.57725
2019-12-09 17:42:00,149.21,149.21,149.21,149.21,14.800029
2019-12-09 17:41:00,149.23,149.23,149.22,149.22,2.894561
2019-12-09 17:40:00,149.2,149.24,149.2,149.24,57.652395
2019-12-09 17:39:00,149.24,149.24,149.19,149.19,33.233799
2019-12-09 17:38:00,149.27,149.27,149.23,149.23,7.375354
2019-12-09 17:37:00,149.24,149.28,149.24,149.28,69.95278
2019-12-09 17:36:00,149.18,149.24,149.18,149.24,57.474546
2019-12-09 17:35:00,149.18,149.18,149.18,149.18,0.03464
2019-12-09 17:34:00,149.21,149.21,149.18,149.18,93.71543
2019-12-09 17:33:00,149.21,149.21,149.21,149.21,0
2019-12-09 17:32:00,149.21,149.21,149.21,149.21,0.980574
2019-12-09 17:31:00,149.21,149.21,149.2,149.21,5.104992
2019-12-09 17:30:00,149.21,149.21,149.21,149.21,4.883091
2019-12-09 17:29:00,149.23,149.24,149.2,149.2,29.688177
2019-12-09 17:28:00,149.23,149.23,149.23,149.23,2.757089
2019-12-09 17:27:00,149.23,149.23,149.23,149.23,9.405705
2019-12-09 17:26:00,149.18,149.23,149.18,149.23,31.78674
2019-12-09 17:25:00,149.19,149.19,149.18,149.18,15.587964
2019-12-09 17:24:00,149.18,149.19,149.18,149.18,0.274814
2019-12-09 17:23:00,149.17,149.19,149.17,149.19,58.50969
2019-12-09 17:22:00,149.17,149.18,149.17,149.17,114.542194
2019-12-09 17:21:00,149.24,149.24,149.17,149.18,270.453315
2019-12-09 17:20:00,149.23,149.25,149.23,149.23,14.571561
2019-12-09 17:19:00,149.23,149.23,149.22,149.23,204.746984
2019-12-09 17:18:00,149.14,149.2,149.14,149.2,60.153079
2019-12-09 17:17:00,149.1,149.14,149.1,149.14,30.983858
2019-12-09 17:16:00,149.13,149.13,149.09,149.09,73.982954
2019-12-09 17:15:00,149.14,149.14,149.13,149.14,1.329955
2019-12-09 17:14:00,149.14,149.14,149.13,149.14,47.998671
2019-12-09 17:13:00,149.16,149.16,149.15,149.15,32.435333
2019-12-09 17:12:00,149.18,149.19,149.15,149.15,31.552483
2019-12-09 17:11:00,149.24,149.24,149.15,149.19,32.233646
2019-12-09 17:10:00,149.24,149.24,149.24,149.24,54.182087
2019-12-09 17:09:00,149.24,149.24,149.24,149.24,0.772047
2019-12-09 17:08:00,149.23,149.24,149.23,149.24,1.262056
2019-12-09 17:07:00,149.25,149.25,149.22,149.24,30.708963
2019-12-09 17:06:00,149.15,149.22,149.15,149.22,24.049252
2019-12-09 17:05:00,149.11,149.2,149.11,149.15,409.909005
2019-12-09 17:04:00,149.11,149.11,149.1,149.11,21.743354
2019-12-09 17:03:00,149.02,149.11,149.02,149.1,215.448525
2019-12-09 17:02:00,149,149.02,148.99,149.02,19.453637
2019-12-09 17:01:00,149,149.01,149,149,109.842043
2019-12-09 17:00:00,149.01,149.01,148.92,148.98,195.321912
2019-12-09 16:59:00,149.01,149.02,149.01,149.01,8.235426
2019-12-09 16:58:00,149.01,149.01,149.01,149.01,0.912358
2019-12-09 16:57:00,149.06,149.09,149.01,149.01,53.383472
2019-12-09 16:56:00,149.06,149.06,149.05,149.05,2.191882
2019-12-09 16:55:00,149.02,149.09,149.02,149.08,177.865177
2019-12-09 16:54:00,149.02,149.02,149.01,149.02,3.899554
2019-12-09 16:53:00,149.03,149.03,149.01,149.01,119.309387
2019-12-09 16:52:00,149.02,149.04,149.02,149.03,55.955471
2019-12-09 16:51:00,149,149,149,149,0
2019-12-09 16:50:00,149,149,149,149,5.89932
2019-12-09 16:49:00,149.02,149.02,149.02,149.02,3.01809
2019-12-09 16:48:00,149.02,149.03,149.02,149.02,14.221861
2019-12-09 16:47:00,149,149.03,149,149.03,6.327291
2019-12-09 16:46:00,149.05,149.05,148.99,148.99,11.685338
2019-12-09 16:45:00,149.04,149.06,149.04,149.06,10.97607
2019-12-09 16:44:00,149.04,149.05,149.03,149.03,111.190795
2019-12-09 16:43:00,149.01,149.04,149.01,149.04,77.443057
2019-12-09 16:42:00,149.05,149.06,149.04,149.04,20.207953
2019-12-09 16:41:00,149.08,149.08,149.05,149.05,61.549102
2019-12-09 16:40:00,149.11,149.11,149.08,149.08,9.018034
2019-12-09 16:39:00,149.12,149.12,149.1,149.1,56.220577
2019-12-09 16:38:00,149.11,149.11,149.11,149.11,11.322891
2019-12-09 16:37:00,149.17,149.17,149.13,149.13,62.216833
2019-12-09 16:36:00,149.13,149.14,149.11,149.14,30.974227
2019-12-09 16:35:00,149.14,149.14,149.14,149.14,0.083044
2019-12-09 16:34:00,149.07,149.07,149.07,149.07,4.06209
2019-12-09 16:33:00,149,149,149,149,4.06209
2019-12-09 16:32:00,149.06,149.06,148.97,148.97,58.454172
2019-12-09 16:31:00,149.08,149.08,149.06,149.07,87.164365
2019-12-09 16:30:00,149.13,149.14,149.1,149.1,142.990284
2019-12-09 16:29:00,149.13,149.14,149.13,149.14,130.611623
2019-12-09 16:28:00,149.05,149.14,149.05,149.13,690.591156
2019-12-09 16:27:00,149.03,149.05,149.02,149.05,400.358118
2019-12-09 16:26:00,149.04,149.04,149.03,149.03,447.024857
2019-12-09 16:25:00,149.07,149.08,149.05,149.05,527.08587
2019-12-09 16:24:00,149.09,149.12,149.06,149.08,390.818008
2019-12-09 16:23:00,149.04,149.12,149.04,149.1,6.828544
2019-12-09 16:22:00,148.99,149.08,148.99,149.03,117.916656
2019-12-09 16:21:00,148.95,148.97,148.95,148.95,23.258155
2019-12-09 16:20:00,148.92,148.95,148.92,148.95,194.645899
2019-12-09 16:19:00,148.91,148.93,148.91,148.93,147.169856
2019-12-09 16:18:00,148.9,148.93,148.89,148.92,92.785452
2019-12-09 16:17:00,148.89,148.9,148.87,148.9,76.621367
2019-12-09 16:16:00,148.97,148.97,148.88,148.89,77.931121
2019-12-09 16:15:00,149.07,149.07,148.97,148.97,796.378709
2019-12-09 16:14:00,149.1,149.11,149.06,149.07,63.965515
2019-12-09 16:13:00,149.13,149.13,149,149.1,449.615127
2019-12-09 16:12:00,149.1,149.14,149.1,149.14,3.546869
2019-12-09 16:11:00,149.17,149.19,149.1,149.1,344.465904
2019-12-09 16:10:00,149.07,149.16,149.07,149.16,34.417872
2019-12-09 16:09:00,149.05,149.08,149.03,149.07,139.021651
2019-12-09 16:08:00,149.02,149.1,149.02,149.09,18.140786
2019-12-09 16:07:00,149.16,149.16,149.01,149.02,155.094591
2019-12-09 16:06:00,149.09,149.19,149.09,149.18,29.241629
2019-12-09 16:05:00,148.93,149.19,148.89,149.09,683.701135
2019-12-09 16:04:00,149.01,149.05,148.87,148.94,1973.378427
2019-12-09 16:03:00,149.2,149.2,149,149.01,621.213757
2019-12-09 16:02:00,149.26,149.26,149.2,149.2,43.211195
2019-12-09 16:01:00,149.3,149.3,149.26,149.27,4.662188
2019-12-09 16:00:00,149.35,149.35,149.27,149.27,221.812877
2019-12-09 15:59:00,149.33,149.35,149.32,149.35,171.495959
2019-12-09 15:58:00,149.24,149.34,149.24,149.32,42.332796
2019-12-09 15:57:00,149.31,149.31,149.23,149.23,9.975713
2019-12-09 15:56:00,149.3,149.31,149.3,149.31,145.052869
2019-12-09 15:55:00,149.34,149.34,149.3,149.31,33.547195
2019-12-09 15:54:00,149.31,149.37,149.31,149.34,104.720499
2019-12-09 15:53:00,149.45,149.45,149.34,149.35,125.424345
2019-12-09 15:52:00,149.51,149.51,149.44,149.45,113.615989
2019-12-09 15:51:00,149.51,149.52,149.51,149.51,0.272389
2019-12-09 15:50:00,149.38,149.52,149.38,149.52,152.247957
2019-12-09 15:49:00,149.46,149.46,149.37,149.38,71.37697
2019-12-09 15:48:00,149.59,149.59,149.51,149.51,253.057092
2019-12-09 15:47:00,149.57,149.59,149.57,149.58,18.444986
2019-12-09 15:46:00,149.59,149.59,149.57,149.57,48.747613
2019-12-09 15:45:00,149.57,149.58,149.57,149.58,46.65113
2019-12-09 15:44:00,149.57,149.59,149.57,149.57,32.872457
2019-12-09 15:43:00,149.6,149.6,149.57,149.57,45.602557
2019-12-09 15:42:00,149.59,149.6,149.54,149.6,378.268905
2019-12-09 15:41:00,149.46,149.59,149.46,149.59,66.122629
2019-12-09 15:40:00,149.43,149.47,149.41,149.46,25.414149
2019-12-09 15:39:00,149.48,149.49,149.45,149.45,60.390757
2019-12-09 15:38:00,149.53,149.53,149.48,149.48,55.337563
2019-12-09 15:37:00,149.53,149.54,149.53,149.53,9.000685
2019-12-09 15:36:00,149.57,149.57,149.56,149.56,1.663501
2019-12-09 15:35:00,149.56,149.57,149.56,149.56,16.001486
2019-12-09 15:34:00,149.54,149.55,149.54,149.55,7.669115
2019-12-09 15:33:00,149.51,149.55,149.51,149.54,108.233001
2019-12-09 15:32:00,149.44,149.51,149.44,149.51,36.083713
2019-12-09 15:31:00,149.25,149.44,149.25,149.44,105.572476
2019-12-09 15:30:00,149.43,149.43,149.2,149.25,410.692972
2019-12-09 15:29:00,149.37,149.44,149.37,149.43,9.749681
2019-12-09 15:28:00,149.43,149.44,149.33,149.37,303.489145
2019-12-09 15:27:00,149.44,149.44,149.44,149.44,12.427358
2019-12-09 15:26:00,149.43,149.45,149.43,149.45,30.17894
2019-12-09 15:25:00,149.43,149.43,149.42,149.43,2.45468
2019-12-09 15:24:00,149.4,149.43,149.4,149.43,7.547392
2019-12-09 15:23:00,149.43,149.43,149.4,149.4,1.639269
2019-12-09 15:22:00,149.44,149.44,149.38,149.44,12.360202
2019-12-09 15:21:00,149.52,149.52,149.44,149.44,26.990129
2019-12-09 15:20:00,149.64,149.64,149.51,149.51,40.186757
2019-12-09 15:19:00,149.63,149.65,149.62,149.65,23.859185
2019-12-09 15:18:00,149.56,149.68,149.56,149.62,193.604546
2019-12-09 15:17:00,149.62,149.62,149.57,149.58,406.561966
2019-12-09 15:16:00,149.69,149.69,149.58,149.62,45.469872
2019-12-09 15:15:00,149.55,149.7,149.53,149.69,127.242545
2019-12-09 15:14:00,149.51,149.57,149.46,149.57,103.120166
2019-12-09 15:13:00,149.38,149.51,149.33,149.51,240.147038
2019-12-09 15:12:00,149.37,149.38,149.37,149.38,167.379666
2019-12-09 15:11:00,149.38,149.4,149.37,149.38,55.515699
2019-12-09 15:10:00,149.34,149.43,149.34,149.37,125.21326
2019-12-09 15:09:00,149.33,149.4,149.32,149.32,82.312702
2019-12-09 15:08:00,149.24,149.38,149.15,149.33,628.723934
2019-12-09 15:07:00,149.35,149.38,149.13,149.22,579.503976
2019-12-09 15:06:00,149.45,149.51,149.15,149.35,325.794478
2019-12-09 15:05:00,149.5,149.52,149.21,149.45,1514.944048
2019-12-09 15:04:00,149.86,149.86,149.49,149.51,943.796187
2019-12-09 15:03:00,149.83,149.87,149.8,149.87,15.673467
2019-12-09 15:02:00,149.91,149.91,149.82,149.82,43.448812
2019-12-09 15:01:00,150.09,150.25,149.78,149.91,4216.553659
2019-12-09 15:00:00,150.08,150.08,150.08,150.08,85.133427
2019-12-09 14:59:00,150.07,150.08,150.07,150.08,3.676845
2019-12-09 14:58:00,150.03,150.09,150.03,150.07,47.547755
2019-12-09 14:57:00,150.12,150.12,150.03,150.04,200.56115
2019-12-09 14:56:00,150.15,150.15,150.12,150.13,73.779956
2019-12-09 14:55:00,150.17,150.17,150.15,150.15,2.063412
2019-12-09 14:54:00,150.22,150.22,150.18,150.18,15.750805
2019-12-09 14:53:00,150.17,150.22,150.17,150.22,1.073767
2019-12-09 14:52:00,150.29,150.29,150.16,150.16,9.679908
2019-12-09 14:51:00,150.29,150.33,150.25,150.3,341.908476
2019-12-09 14:50:00,150.17,150.38,150.12,150.25,669.605539
2019-12-09 14:49:00,149.84,150.22,149.84,150.17,444.966828
2019-12-09 14:48:00,149.85,149.85,149.84,149.84,8.904249
2019-12-09 14:47:00,149.83,149.85,149.83,149.84,10.845678
2019-12-09 14:46:00,149.83,149.83,149.82,149.82,32.620317
2019-12-09 14:45:00,149.82,149.82,149.81,149.82,284.140065
2019-12-09 14:44:00,149.77,149.81,149.77,149.81,2.869756
2019-12-09 14:43:00,149.77,149.78,149.77,149.77,5.300631
2019-12-09 14:42:00,149.77,149.77,149.77,149.77,6.155439
2019-12-09 14:41:00,149.73,149.8,149.73,149.77,25.662693
2019-12-09 14:40:00,149.8,149.8,149.72,149.73,183.133793
2019-12-09 14:39:00,149.82,149.82,149.8,149.8,0.096199
2019-12-09 14:38:00,149.85,149.85,149.82,149.82,0.126634
2019-12-09 14:37:00,149.87,149.87,149.81,149.81,44.870724
2019-12-09 14:36:00,149.97,149.97,149.92,149.92,24.011926
2019-12-09 14:35:00,149.87,149.96,149.87,149.96,59.337632
2019-12-09 14:34:00,149.87,149.88,149.87,149.87,1.779013
2019-12-09 14:33:00,149.9,149.91,149.87,149.87,52.186936
2019-12-09 14:32:00,149.99,149.99,149.89,149.9,51.462057
2019-12-09 14:31:00,149.99,149.99,149.99,149.99,88.968413
2019-12-09 14:30:00,150,150,149.99,149.99,28.687244
2019-12-09 14:29:00,149.99,150,149.99,150,9.643362
2019-12-09 14:28:00,150.01,150.01,149.99,149.99,35.449582
2019-12-09 14:27:00,150.03,150.03,150.01,150.01,50.301777
2019-12-09 14:26:00,150.03,150.03,150.03,150.03,46.242994
2019-12-09 14:25:00,150.03,150.04,150.02,150.04,8.186967
2019-12-09 14:24:00,150.03,150.04,150.03,150.04,41.027158
2019-12-09 14:23:00,150.03,150.04,150.03,150.04,120.495865
2019-12-09 14:22:00,150.03,150.03,150.03,150.03,18.063994
2019-12-09 14:21:00,150.04,150.04,150.02,150.04,279.427939
2019-12-09 14:20:00,150.1,150.1,150.04,150.08,419.802785
2019-12-09 14:19:00,150.09,150.1,150.09,150.1,0.989163
2019-12-09 14:18:00,150.07,150.1,150.07,150.1,70.260891
2019-12-09 14:17:00,149.99,150.08,149.99,150.07,201.738425
2019-12-09 14:16:00,149.97,150.01,149.97,150.01,24.573352
2019-12-09 14:15:00,149.97,150.01,149.96,149.97,64.522111
2019-12-09 14:14:00,149.79,150.02,149.79,149.97,453.923429
2019-12-09 14:13:00,149.79,149.79,149.78,149.79,805.398073
2019-12-09 14:12:00,149.87,149.87,149.79,149.79,89.136398
2019-12-09 14:11:00,149.89,149.89,149.83,149.88,6.063302
2019-12-09 14:10:00,149.94,149.94,149.88,149.92,15.373041
2019-12-09 14:09:00,149.94,149.95,149.94,149.95,106.311944
2019-12-09 14:08:00,149.95,149.95,149.95,149.95,2.2
2019-12-09 14:07:00,149.95,149.95,149.95,149.95,0
2019-12-09 14:06:00,149.95,149.95,149.95,149.95,17.846787
2019-12-09 14:05:00,150,150,149.94,149.94,21.755616
2019-12-09 14:04:00,149.92,149.99,149.91,149.99,0.623884
2019-12-09 14:03:00,149.85,149.92,149.85,149.92,19.737333
2019-12-09 14:02:00,149.89,149.89,149.84,149.85,55.649133
2019-12-09 14:01:00,149.9,149.9,149.82,149.89,198.133414
2019-12-09 14:00:00,149.98,149.98,149.95,149.95,43.887624
2019-12-09 13:59:00,150.01,150.04,149.98,149.98,155.54989
2019-12-09 13:58:00,149.98,150.02,149.98,150.02,49.790832
2019-12-09 13:57:00,149.99,149.99,149.98,149.98,21.047861
2019-12-09 13:56:00,149.99,149.99,149.91,149.99,28.487211
2019-12-09 13:55:00,150.01,150.01,149.98,149.99,27.387644
2019-12-09 13:54:00,150.01,150.01,150,150,4.022099
2019-12-09 13:53:00,149.93,150.02,149.93,150,111.99363
2019-12-09 13:52:00,149.91,149.95,149.9,149.92,156.324568
2019-12-09 13:51:00,149.97,149.97,149.91,149.92,53.859898
2019-12-09 13:50:00,150.04,150.04,149.96,149.98,56.490485
2019-12-09 13:49:00,150.07,150.08,150.06,150.06,1.078606
2019-12-09 13:48:00,150.11,150.13,150.05,150.08,108.078118
2019-12-09 13:47:00,150.06,150.15,150.06,150.1,71.854115
2019-12-09 13:46:00,150.16,150.18,150.09,150.09,74.521872
2019-12-09 13:45:00,150.2,150.25,150.17,150.19,128.09917
2019-12-09 13:44:00,150.33,150.33,150.19,150.19,249.190836
2019-12-09 13:43:00,150.24,150.33,150.24,150.33,11.814146
2019-12-09 13:42:00,150.27,150.27,150.24,150.25,19.710756
2019-12-09 13:41:00,150.34,150.35,150.27,150.27,91.055758
2019-12-09 13:40:00,150.35,150.4,150.34,150.34,11.291732
2019-12-09 13:39:00,150.35,150.38,150.35,150.35,5.94322
2019-12-09 13:38:00,150.41,150.41,150.33,150.34,182.61279
2019-12-09 13:37:00,150.44,150.47,150.4,150.41,8.063019
2019-12-09 13:36:00,150.38,150.45,150.38,150.45,3.233804
2019-12-09 13:35:00,150.29,150.41,150.28,150.41,123.417586
2019-12-09 13:34:00,150.25,150.29,150.25,150.29,39.466585
2019-12-09 13:33:00,150.25,150.25,150.24,150.25,128.146804
2019-12-09 13:32:00,150.25,150.25,150.25,150.25,0.772633
2019-12-09 13:31:00,150.26,150.26,150.23,150.25,24.306058
2019-12-09 13:30:00,150.27,150.27,150.26,150.27,2.954861
2019-12-09 13:29:00,150.24,150.27,150.24,150.27,8.184241
2019-12-09 13:28:00,150.23,150.27,150.23,150.24,76.716638
2019-12-09 13:27:00,150.26,150.26,150.21,150.21,0.774966
2019-12-09 13:26:00,150.25,150.26,150.25,150.26,11.443329
2019-12-09 13:25:00,150.28,150.28,150.26,150.26,142.648381
2019-12-09 13:24:00,150.29,150.29,150.26,150.27,29.199069
2019-12-09 13:23:00,150.26,150.29,150.26,150.29,39.642139
2019-12-09 13:22:00,150.27,150.27,150.25,150.26,17.487115
2019-12-09 13:21:00,150.25,150.29,150.24,150.27,50.270864
2019-12-09 13:20:00,150.11,150.29,150.11,150.24,141.385507
2019-12-09 13:19:00,150.12,150.12,150.11,150.11,1.503706
2019-12-09 13:18:00,150.1,150.12,150.1,150.12,4.451768
2019-12-09 13:17:00,150.1,150.1,150.1,150.1,1.352354
2019-12-09 13:16:00,150.1,150.1,150.09,150.1,41.063039
2019-12-09 13:15:00,150.1,150.1,150.09,150.09,121.926746
2019-12-09 13:14:00,150.1,150.1,150.09,150.1,10.93727
2019-12-09 13:13:00,150.1,150.1,150.09,150.09,16.349257
2019-12-09 13:12:00,150.08,150.1,150.08,150.1,58.259964
2019-12-09 13:11:00,150.09,150.09,150.09,150.09,6.202461
2019-12-09 13:10:00,150.11,150.11,150.09,150.09,16.120936
2019-12-09 13:09:00,150.2,150.2,150.11,150.15,228.824522
2019-12-09 13:08:00,150.2,150.2,150.19,150.19,7.992232
2019-12-09 13:07:00,150.22,150.22,150.15,150.16,79.024762
2019-12-09 13:06:00,150.24,150.24,150.23,150.23,17.759052
2019-12-09 13:05:00,150.32,150.32,150.24,150.25,143.496029
2019-12-09 13:04:00,150.33,150.33,150.32,150.33,26.630119
2019-12-09 13:03:00,150.32,150.34,150.32,150.33,0.187231
2019-12-09 13:02:00,150.22,150.29,150.22,150.29,10.217696
2019-12-09 13:01:00,150.13,150.35,150.13,150.21,1308.961385
2019-12-09 13:00:00,150.1,150.15,150.1,150.13,174.787336
2019-12-09 12:59:00,150.08,150.08,150.07,150.08,135.591088
2019-12-09 12:58:00,150.14,150.14,150.08,150.08,309.529328
2019-12-09 12:57:00,150.17,150.17,150.15,150.15,209.558775
2019-12-09 12:56:00,150.17,150.17,150.17,150.17,0
2019-12-09 12:55:00,150.23,150.23,150.11,150.17,6.482337
2019-12-09 12:54:00,150.24,150.24,150.23,150.23,5.067658
2019-12-09 12:53:00,150.23,150.24,150.23,150.24,1.935222
2019-12-09 12:52:00,150.3,150.3,150.24,150.24,18.790039
2019-12-09 12:51:00,150.3,150.3,150.3,150.3,11.413099
2019-12-09 12:50:00,150.31,150.31,150.25,150.3,72.065813
2019-12-09 12:49:00,150.36,150.36,150.31,150.32,47.274881
2019-12-09 12:48:00,150.33,150.36,150.33,150.36,1.103754
2019-12-09 12:47:00,150.39,150.39,150.36,150.36,100.042869
2019-12-09 12:46:00,150.4,150.41,150.37,150.38,45.328063
2019-12-09 12:45:00,150.41,150.43,150.41,150.41,312.676422
2019-12-09 12:44:00,150.41,150.41,150.4,150.4,0.154405
2019-12-09 12:43:00,150.44,150.46,150.41,150.41,2.940694
2019-12-09 12:42:00,150.44,150.44,150.44,150.44,3.663025
2019-12-09 12:41:00,150.47,150.47,150.44,150.44,5.715003
2019-12-09 12:40:00,150.47,150.47,150.4,150.46,12.632158
2019-12-09 12:39:00,150.48,150.49,150.48,150.48,12.212585
2019-12-09 12:38:00,150.51,150.51,150.48,150.48,28.036157
2019-12-09 12:37:00,150.51,150.51,150.5,150.5,3.551281
2019-12-09 12:36:00,150.68,150.68,150.5,150.5,183.679166
2019-12-09 12:35:00,150.76,150.76,150.68,150.68,16.803777
2019-12-09 12:34:00,150.76,150.76,150.75,150.75,24.041147
2019-12-09 12:33:00,150.78,150.78,150.69,150.75,317.50933
2019-12-09 12:32:00,150.64,150.81,150.64,150.78,536.278651
2019-12-09 12:31:00,150.59,150.64,150.58,150.63,30.18315
2019-12-09 12:30:00,150.55,150.57,150.55,150.57,70.502113
2019-12-09 12:29:00,150.44,150.57,150.44,150.56,716.579374
2019-12-09 12:28:00,150.48,150.48,150.46,150.46,58.973688
2019-12-09 12:27:00,150.41,150.49,150.41,150.49,5.109709
2019-12-09 12:26:00,150.43,150.47,150.41,150.41,48.597012
2019-12-09 12:25:00,150.47,150.49,150.42,150.42,6.933308
2019-12-09 12:24:00,150.48,150.48,150.46,150.46,0.575484
2019-12-09 12:23:00,150.46,150.49,150.42,150.48,34.132167
2019-12-09 12:22:00,150.4,150.54,150.39,150.47,378.569252
2019-12-09 12:21:00,150.36,150.43,150.29,150.39,208.061472
2019-12-09 12:20:00,150.27,150.38,150.27,150.35,57.492675
2019-12-09 12:19:00,150.22,150.26,150.22,150.24,29.619457
2019-12-09 12:18:00,150.19,150.19,150.19,150.19,0
2019-12-09 12:17:00,150.19,150.19,150.18,150.19,19.958092
2019-12-09 12:16:00,150.18,150.18,150.18,150.18,87.378179
2019-12-09 12:15:00,150.18,150.18,150.18,150.18,0
2019-12-09 12:14:00,150.16,150.19,150.16,150.18,36.310489
2019-12-09 12:13:00,150.16,150.17,150.16,150.16,16.121229
2019-12-09 12:12:00,150.16,150.17,150.16,150.16,1.457732
2019-12-09 12:11:00,150.21,150.22,150.19,150.19,82.084587
2019-12-09 12:10:00,150.2,150.22,150.2,150.21,74.503053
2019-12-09 12:09:00,150.24,150.24,150.2,150.2,668.252171
2019-12-09 12:08:00,150.26,150.26,150.25,150.25,3.992556
2019-12-09 12:07:00,150.27,150.27,150.26,150.26,13.436716
2019-12-09 12:06:00,150.27,150.28,150.26,150.27,18.073486
2019-12-09 12:05:00,150.3,150.3,150.27,150.27,93.44653
2019-12-09 12:04:00,150.29,150.29,150.29,150.29,0.004237
2019-12-09 12:03:00,150.29,150.3,150.29,150.3,0.125548
2019-12-09 12:02:00,150.3,150.3,150.3,150.3,8.902783
2019-12-09 12:01:00,150.26,150.28,150.26,150.28,22.097542
2019-12-09 12:00:00,150.29,150.3,150.26,150.26,74.728315
2019-12-09 11:59:00,150.26,150.3,150.26,150.29,26.061124
2019-12-09 11:58:00,150.26,150.26,150.26,150.26,2.619281
2019-12-09 11:57:00,150.24,150.26,150.24,150.25,4.071405
2019-12-09 11:56:00,150.26,150.26,150.22,150.23,16.734406
2019-12-09 11:55:00,150.32,150.32,150.24,150.27,89.234131
2019-12-09 11:54:00,150.3,150.32,150.27,150.32,75.864601
2019-12-09 11:53:00,150.33,150.35,150.29,150.32,10.780614
2019-12-09 11:52:00,150.32,150.38,150.32,150.33,169.935182
2019-12-09 11:51:00,150.28,150.36,150.28,150.31,106.428496
2019-12-09 11:50:00,150.21,150.29,150.21,150.28,28.028937
2019-12-09 11:49:00,150.23,150.23,150.2,150.2,235.820882
2019-12-09 11:48:00,150.17,150.23,150.14,150.23,448.185251
2019-12-09 11:47:00,150.09,150.17,150.09,150.17,394.889146
2019-12-09 11:46:00,150.08,150.09,150.08,150.09,54.31103
2019-12-09 11:45:00,150.05,150.09,150.05,150.08,474.806464
2019-12-09 11:44:00,150.06,150.07,150.05,150.06,76.949963
2019-12-09 11:43:00,149.98,150.07,149.98,150.07,418.301789
2019-12-09 11:42:00,149.97,149.98,149.96,149.98,107.226202
2019-12-09 11:41:00,149.96,149.96,149.96,149.96,0.066867
2019-12-09 11:40:00,149.97,149.98,149.97,149.97,54.488
2019-12-09 11:39:00,149.97,149.98,149.97,149.97,36.937092
2019-12-09 11:38:00,149.98,149.98,149.97,149.98,35.648143
2019-12-09 11:37:00,149.98,149.99,149.97,149.97,32.235025
2019-12-09 11:36:00,149.97,149.98,149.97,149.98,2.619649
2019-12-09 11:35:00,149.95,150,149.95,149.97,17.049096
2019-12-09 11:34:00,149.96,149.96,149.96,149.96,0.922918
2019-12-09 11:33:00,149.91,149.96,149.91,149.96,3.48486
2019-12-09 11:32:00,149.96,149.97,149.9,149.93,198.354022
2019-12-09 11:31:00,149.97,149.97,149.96,149.96,20.355005
2019-12-09 11:30:00,149.99,150.04,149.95,149.96,112.144882
2019-12-09 11:29:00,149.96,150.03,149.96,150.01,73.268896
2019-12-09 11:28:00,150.09,150.09,149.97,149.97,234.956197
2019-12-09 11:27:00,149.92,150.07,149.92,150.07,97.206252
2019-12-09 11:26:00,149.86,149.93,149.86,149.92,16.922981
2019-12-09 11:25:00,149.78,149.87,149.78,149.87,191.995324
2019-12-09 11:24:00,149.8,149.8,149.77,149.77,80.25
2019-12-09 11:23:00,149.85,149.85,149.8,149.81,18.608865
2019-12-09 11:22:00,149.89,149.89,149.85,149.86,78.377577
2019-12-09 11:21:00,149.87,149.87,149.87,149.87,8.781683
2019-12-09 11:20:00,149.87,149.87,149.86,149.86,21.889078
2019-12-09 11:19:00,149.87,149.88,149.87,149.87,59.832588
2019-12-09 11:18:00,149.89,149.89,149.86,149.86,359.550095
2019-12-09 11:17:00,149.88,149.89,149.88,149.89,14.714685
2019-12-09 11:16:00,149.92,149.92,149.9,149.9,11.635267
2019-12-09 11:15:00,149.98,149.99,149.89,149.93,62.325974
2019-12-09 11:14:00,149.98,149.99,149.98,149.98,0.296753
2019-12-09 11:13:00,149.98,149.99,149.98,149.98,9.542371
2019-12-09 11:12:00,150.02,150.05,149.97,149.98,105.462541
2019-12-09 11:11:00,150.01,150.02,150.01,150.02,7.8321
2019-12-09 11:10:00,149.97,150.02,149.97,150.02,59.471266
2019-12-09 11:09:00,150,150.01,149.97,149.97,43.230494
2019-12-09 11:08:00,149.93,150.01,149.93,150.01,103.071736
2019-12-09 11:07:00,149.9,149.97,149.88,149.93,31.285352
2019-12-09 11:06:00,149.93,149.93,149.89,149.9,55.429465
2019-12-09 11:05:00,149.92,149.93,149.92,149.93,8.965212
2019-12-09 11:04:00,150,150,149.93,149.93,8.395901
2019-12-09 11:03:00,150.03,150.03,150,150,6.570686
2019-12-09 11:02:00,150.03,150.03,150.02,150.02,4.896734
2019-12-09 11:01:00,150.04,150.04,150.02,150.03,12.98212
2019-12-09 11:00:00,150.15,150.15,150.01,150.04,175.86234
2019-12-09 10:59:00,150.12,150.15,150.12,150.15,254.10506
2019-12-09 10:58:00,150.14,150.14,150.12,150.12,1.348356
2019-12-09 10:57:00,150.15,150.15,150.14,150.14,368.87849
2019-12-09 10:56:00,150.15,150.15,150.15,150.15,76.216661
2019-12-09 10:55:00,150.15,150.15,150.14,150.14,52.061124
2019-12-09 10:54:00,150.16,150.16,150.1,150.14,149.80315
2019-12-09 10:53:00,150.04,150.17,150.04,150.16,60.049837
2019-12-09 10:52:00,150.01,150.07,149.98,150.03,51.784208
2019-12-09 10:51:00,150.03,150.05,150.01,150.02,108.77334
2019-12-09 10:50:00,150.04,150.04,150.02,150.02,55.453085
2019-12-09 10:49:00,150.07,150.07,150.03,150.03,76.951866
2019-12-09 10:48:00,150.1,150.1,150.02,150.07,24.55802
2019-12-09 10:47:00,150.17,150.18,150.12,150.12,49.304868
2019-12-09 10:46:00,150.08,150.23,150.07,150.17,101.202886
2019-12-09 10:45:00,149.93,150.08,149.92,150.07,308.107052
2019-12-09 10:44:00,149.95,149.95,149.93,149.93,7.27154
2019-12-09 10:43:00,149.93,149.96,149.88,149.95,32.275904
2019-12-09 10:42:00,149.86,149.93,149.86,149.93,36.964101
2019-12-09 10:41:00,149.85,149.86,149.85,149.85,84.555361
2019-12-09 10:40:00,149.92,149.92,149.85,149.88,50.131348
2019-12-09 10:39:00,149.92,149.92,149.92,149.92,137.812815
2019-12-09 10:38:00,149.94,149.94,149.86,149.91,140.63342
2019-12-09 10:37:00,149.92,149.99,149.9,149.94,78.562241
2019-12-09 10:36:00,149.76,149.94,149.76,149.94,379.846909
2019-12-09 10:35:00,149.79,149.79,149.72,149.76,44.119636
2019-12-09 10:34:00,149.76,149.79,149.69,149.78,42.211254
2019-12-09 10:33:00,149.78,149.79,149.76,149.76,43.451255
2019-12-09 10:32:00,149.79,149.79,149.78,149.78,11.7118
2019-12-09 10:31:00,149.85,149.85,149.78,149.78,37.637144
2019-12-09 10:30:00,149.86,149.86,149.85,149.85,22.227787
2019-12-09 10:29:00,149.87,149.87,149.87,149.87,0
2019-12-09 10:28:00,149.88,149.88,149.87,149.87,12.502645
2019-12-09 10:27:00,149.88,149.88,149.87,149.88,129.305137
2019-12-09 10:26:00,149.84,149.9,149.84,149.87,85.149961
2019-12-09 10:25:00,149.82,149.89,149.82,149.84,56.75723
2019-12-09 10:24:00,149.83,149.83,149.82,149.83,38.911205
2019-12-09 10:23:00,149.87,149.87,149.82,149.82,3.258442
2019-12-09 10:22:00,149.87,149.88,149.86,149.88,0.161849
2019-12-09 10:21:00,149.88,149.92,149.86,149.88,151.880749
2019-12-09 10:20:00,150.05,150.05,149.88,149.88,215.52513
2019-12-09 10:19:00,150.03,150.09,150.03,150.06,149.425014
2019-12-09 10:18:00,150.03,150.03,150.02,150.02,18.884158
2019-12-09 10:17:00,150.04,150.04,149.99,150.02,526.783401
2019-12-09 10:16:00,150.05,150.08,150.04,150.04,14.52797
2019-12-09 10:15:00,150.08,150.09,150.05,150.05,77.118306
2019-12-09 10:14:00,150,150.12,149.99,150.1,894.873412
2019-12-09 10:13:00,149.79,150,149.79,150,500.348823
2019-12-09 10:12:00,149.76,149.77,149.76,149.77,10.604448
2019-12-09 10:11:00,149.79,149.79,149.76,149.76,44.971894
2019-12-09 10:10:00,149.83,149.83,149.78,149.79,96.280454
2019-12-09 10:09:00,149.83,149.85,149.83,149.83,18.379058
2019-12-09 10:08:00,149.84,149.86,149.83,149.83,7.526258
2019-12-09 10:07:00,149.86,149.9,149.82,149.83,246.330684
2019-12-09 10:06:00,149.64,149.85,149.64,149.85,86.579865
2019-12-09 10:05:00,149.54,149.71,149.4,149.64,1440.70866
2019-12-09 10:04:00,149.43,149.54,149.42,149.54,376.494993
2019-12-09 10:03:00,149.55,149.55,149.39,149.43,469.612243
2019-12-09 10:02:00,149.7,149.7,149.56,149.56,175.861165
2019-12-09 10:01:00,149.73,149.78,149.69,149.73,177.407587
2019-12-09 10:00:00,149.75,149.75,149.73,149.75,68.849062
2019-12-09 09:59:00,149.77,149.77,149.71,149.75,25.595702
2019-12-09 09:58:00,149.72,149.81,149.72,149.79,64.27472
2019-12-09 09:57:00,149.84,149.84,149.72,149.72,19.26626
2019-12-09 09:56:00,149.85,149.85,149.75,149.85,159.475918
2019-12-09 09:55:00,149.99,149.99,149.82,149.83,14.665017
2019-12-09 09:54:00,150.05,150.05,149.95,149.99,55.266807
2019-12-09 09:53:00,150,150.09,150,150.07,427.317045
2019-12-09 09:52:00,149.98,150.05,149.98,150,15.908488
2019-12-09 09:51:00,149.94,150.05,149.94,150,116.377747
2019-12-09 09:50:00,149.87,149.91,149.87,149.91,33.63017
2019-12-09 09:49:00,149.63,149.89,149.61,149.86,531.255663
2019-12-09 09:48:00,149.6,149.7,149.52,149.63,407.164291
2019-12-09 09:47:00,149.59,149.62,149.53,149.6,217.413
2019-12-09 09:46:00,149.7,149.71,149.51,149.61,325.076597
2019-12-09 09:45:00,149.6,149.69,149.57,149.68,138.650566
2019-12-09 09:44:00,149.77,149.8,149.61,149.61,434.650034
2019-12-09 09:43:00,149.65,149.78,149.59,149.77,367.916775
2019-12-09 09:42:00,150,150,149.59,149.66,2413.250677
2019-12-09 09:41:00,150.17,150.17,150,150,128.245029
2019-12-09 09:40:00,150.21,150.23,150.17,150.17,185.064838
2019-12-09 09:39:00,150.34,150.34,150.15,150.21,711.959295
2019-12-09 09:38:00,150.38,150.39,150.33,150.35,84.634578
2019-12-09 09:37:00,150.32,150.38,150.32,150.38,114.452613
2019-12-09 09:36:00,150.33,150.33,150.3,150.32,52.481752
2019-12-09 09:35:00,150.32,150.34,150.31,150.34,91.781786
2019-12-09 09:34:00,150.31,150.34,150.31,150.31,30.515164
2019-12-09 09:33:00,150.33,150.33,150.3,150.3,8.691997
2019-12-09 09:32:00,150.33,150.33,150.29,150.3,83.327961
2019-12-09 09:31:00,150.34,150.34,150.33,150.33,28.168808
2019-12-09 09:30:00,150.34,150.34,150.33,150.33,7.092812
2019-12-09 09:29:00,150.34,150.34,150.34,150.34,5.964075
2019-12-09 09:28:00,150.36,150.36,150.36,150.36,0.020551
2019-12-09 09:27:00,150.35,150.38,150.34,150.36,18.527556
2019-12-09 09:26:00,150.44,150.44,150.36,150.36,417.245948
2019-12-09 09:25:00,150.43,150.45,150.4,150.44,43.177505
2019-12-09 09:24:00,150.48,150.48,150.45,150.45,34.517083
2019-12-09 09:23:00,150.5,150.5,150.49,150.49,6.301417
2019-12-09 09:22:00,150.52,150.52,150.5,150.5,33.248123
2019-12-09 09:21:00,150.51,150.53,150.5,150.53,0.357721
2019-12-09 09:20:00,150.53,150.53,150.53,150.53,2.175074
2019-12-09 09:19:00,150.49,150.55,150.49,150.54,148.061756
2019-12-09 09:18:00,150.49,150.5,150.49,150.5,110.977321
2019-12-09 09:17:00,150.49,150.49,150.47,150.49,46.168052
2019-12-09 09:16:00,150.48,150.49,150.48,150.49,8.436159
2019-12-09 09:15:00,150.47,150.5,150.47,150.5,78.802594
2019-12-09 09:14:00,150.46,150.47,150.46,150.47,31.155913
2019-12-09 09:13:00,150.46,150.47,150.46,150.46,6.844792
2019-12-09 09:12:00,150.47,150.47,150.46,150.46,5.154031
2019-12-09 09:11:00,150.52,150.52,150.49,150.49,74.866303
2019-12-09 09:10:00,150.56,150.57,150.51,150.52,98.399077
2019-12-09 09:09:00,150.56,150.57,150.56,150.57,9.010413
2019-12-09 09:08:00,150.57,150.57,150.57,150.57,4.247499
2019-12-09 09:07:00,150.58,150.58,150.56,150.57,51.320634
2019-12-09 09:06:00,150.61,150.61,150.56,150.58,22.394227
2019-12-09 09:05:00,150.54,150.6,150.54,150.58,45.110422
2019-12-09 09:04:00,150.53,150.55,150.53,150.55,11.391316
2019-12-09 09:03:00,150.57,150.57,150.52,150.52,41.218974
2019-12-09 09:02:00,150.58,150.58,150.56,150.56,134.356347
2019-12-09 09:01:00,150.56,150.56,150.56,150.56,1.975274
2019-12-09 09:00:00,150.54,150.56,150.53,150.56,29.372727
2019-12-09 08:59:00,150.51,150.54,150.51,150.54,20.090723
2019-12-09 08:58:00,150.48,150.51,150.47,150.51,124.309651
2019-12-09 08:57:00,150.56,150.56,150.48,150.48,20.935687
2019-12-09 08:56:00,150.58,150.58,150.55,150.56,63.113881
2019-12-09 08:55:00,150.62,150.62,150.58,150.58,66.883784
2019-12-09 08:54:00,150.68,150.68,150.62,150.62,37.29328
2019-12-09 08:53:00,150.68,150.68,150.67,150.68,177.571913
2019-12-09 08:52:00,150.69,150.69,150.69,150.69,16.391295
2019-12-09 08:51:00,150.68,150.7,150.68,150.7,20.100815
2019-12-09 08:50:00,150.68,150.68,150.68,150.68,0
2019-12-09 08:49:00,150.68,150.68,150.67,150.68,91.370363
2019-12-09 08:48:00,150.65,150.68,150.65,150.68,46.924928
2019-12-09 08:47:00,150.67,150.67,150.64,150.65,110.231847
2019-12-09 08:46:00,150.67,150.67,150.67,150.67,3.327
2019-12-09 08:45:00,150.6,150.65,150.6,150.65,13.042625
2019-12-09 08:44:00,150.7,150.71,150.62,150.62,33.987081
2019-12-09 08:43:00,150.78,150.78,150.68,150.68,40.218587
2019-12-09 08:42:00,150.86,150.86,150.77,150.78,58.946421
2019-12-09 08:41:00,150.86,150.86,150.86,150.86,0
2019-12-09 08:40:00,150.92,150.95,150.86,150.86,45.7566
2019-12-09 08:39:00,150.93,150.93,150.9,150.92,63.319445
2019-12-09 08:38:00,150.92,150.94,150.92,150.94,80.828353
2019-12-09 08:37:00,150.86,150.94,150.86,150.92,88.01422
2019-12-09 08:36:00,150.94,150.94,150.82,150.86,64.994775
2019-12-09 08:35:00,150.89,151,150.87,150.94,153.339923
2019-12-09 08:34:00,150.84,150.94,150.84,150.9,137.793724
2019-12-09 08:33:00,150.7,150.93,150.7,150.85,212.461723
2019-12-09 08:32:00,150.58,150.7,150.58,150.7,75.433837
2019-12-09 08:31:00,150.49,150.58,150.49,150.58,67.218539
2019-12-09 08:30:00,150.37,150.58,150.37,150.48,716.477955
2019-12-09 08:29:00,150.32,150.38,150.29,150.37,364.933705
2019-12-09 08:28:00,150.27,150.32,150.27,150.31,134.922711
2019-12-09 08:27:00,150.28,150.28,150.27,150.27,1.235468
2019-12-09 08:26:00,150.25,150.29,150.25,150.26,66.017246
2019-12-09 08:25:00,150.33,150.33,150.24,150.25,184.322573
2019-12-09 08:24:00,150.31,150.31,150.3,150.31,2.749395
2019-12-09 08:23:00,150.3,150.33,150.3,150.32,117.379673
2019-12-09 08:22:00,150.27,150.3,150.27,150.3,173.704685
2019-12-09 08:21:00,150.29,150.29,150.26,150.26,7.154246
2019-12-09 08:20:00,150.3,150.3,150.3,150.3,3.218561
2019-12-09 08:19:00,150.3,150.31,150.3,150.31,16.475684
2019-12-09 08:18:00,150.3,150.3,150.3,150.3,9.85499
2019-12-09 08:17:00,150.32,150.32,150.31,150.31,29.689594
2019-12-09 08:16:00,150.31,150.32,150.31,150.32,19.064265
2019-12-09 08:15:00,150.31,150.31,150.31,150.31,0.134247
2019-12-09 08:14:00,150.33,150.33,150.3,150.3,7.161517
2019-12-09 08:13:00,150.28,150.29,150.26,150.29,16.764262
2019-12-09 08:12:00,150.29,150.29,150.25,150.28,24.550346
2019-12-09 08:11:00,150.28,150.28,150.28,150.28,0.181697
2019-12-09 08:10:00,150.26,150.29,150.26,150.28,5.288456
2019-12-09 08:09:00,150.28,150.29,150.26,150.26,36.681631
2019-12-09 08:08:00,150.29,150.34,150.29,150.32,47.693038
2019-12-09 08:07:00,150.38,150.38,150.28,150.29,72.55758
2019-12-09 08:06:00,150.44,150.44,150.38,150.38,20.961986
2019-12-09 08:05:00,150.43,150.43,150.42,150.43,33.115056
2019-12-09 08:04:00,150.4,150.43,150.4,150.42,15.872552
2019-12-09 08:03:00,150.38,150.41,150.38,150.4,3.37125
2019-12-09 08:02:00,150.45,150.46,150.36,150.37,375.880668
2019-12-09 08:01:00,150.38,150.44,150.37,150.44,160.562851
2019-12-09 08:00:00,150.39,150.43,150.37,150.38,245.608088
2019-12-09 07:59:00,150.34,150.4,150.34,150.39,88.691394
2019-12-09 07:58:00,150.35,150.35,150.33,150.33,32.590396
2019-12-09 07:57:00,150.38,150.44,150.38,150.4,44.643992
2019-12-09 07:56:00,150.41,150.41,150.38,150.38,24.525652
2019-12-09 07:55:00,150.45,150.45,150.41,150.41,17.929907
2019-12-09 07:54:00,150.42,150.47,150.42,150.46,8.3762
2019-12-09 07:53:00,150.49,150.51,150.31,150.42,225.070571
2019-12-09 07:52:00,150.46,150.46,150.45,150.46,55.358029
2019-12-09 07:51:00,150.5,150.5,150.46,150.46,2.717336
2019-12-09 07:50:00,150.54,150.54,150.51,150.52,20.210068
2019-12-09 07:49:00,150.55,150.55,150.54,150.54,15.459667
2019-12-09 07:48:00,150.59,150.59,150.52,150.57,8.542446
2019-12-09 07:47:00,150.64,150.65,150.59,150.59,13.147508
2019-12-09 07:46:00,150.66,150.66,150.61,150.62,127.81326
2019-12-09 07:45:00,150.61,150.62,150.61,150.62,24.564625
2019-12-09 07:44:00,150.6,150.6,150.59,150.6,15.727965
2019-12-09 07:43:00,150.6,150.65,150.6,150.62,55.621296
2019-12-09 07:42:00,150.5,150.6,150.5,150.6,155.767472
2019-12-09 07:41:00,150.49,150.5,150.49,150.5,5.06886
2019-12-09 07:40:00,150.42,150.48,150.42,150.48,30.271446
2019-12-09 07:39:00,150.39,150.4,150.39,150.4,2.667251
2019-12-09 07:38:00,150.33,150.38,150.33,150.38,10.766355
2019-12-09 07:37:00,150.35,150.35,150.31,150.34,25.577483
2019-12-09 07:36:00,150.33,150.35,150.32,150.35,8.035218
2019-12-09 07:35:00,150.32,150.36,150.32,150.33,22.649944
2019-12-09 07:34:00,150.37,150.37,150.29,150.32,26.63309
2019-12-09 07:33:00,150.44,150.5,150.37,150.38,6.952143
2019-12-09 07:32:00,150.42,150.44,150.42,150.44,4.718615
2019-12-09 07:31:00,150.44,150.44,150.38,150.39,175.772987
2019-12-09 07:30:00,150.54,150.54,150.41,150.43,269.040781
2019-12-09 07:29:00,150.65,150.65,150.56,150.56,4.120866
2019-12-09 07:28:00,150.67,150.67,150.67,150.67,0
2019-12-09 07:27:00,150.62,150.69,150.6,150.67,25.307719
2019-12-09 07:26:00,150.71,150.71,150.62,150.62,110.058582
2019-12-09 07:25:00,150.78,150.78,150.71,150.72,304.191671
2019-12-09 07:24:00,150.78,150.78,150.78,150.78,7.489261
2019-12-09 07:23:00,150.79,150.79,150.79,150.79,0.032655
2019-12-09 07:22:00,150.83,150.83,150.8,150.8,105.350487
2019-12-09 07:21:00,150.81,150.84,150.81,150.84,42.981248
2019-12-09 07:20:00,150.87,150.87,150.82,150.82,13.844507
2019-12-09 07:19:00,150.93,150.93,150.85,150.88,30.071431
2019-12-09 07:18:00,150.96,150.97,150.94,150.94,4.872391
2019-12-09 07:17:00,151,151,150.97,150.97,32.068912
2019-12-09 07:16:00,151.02,151.02,151.01,151.01,34.643623
2019-12-09 07:15:00,151.04,151.04,151.02,151.02,0.14969
2019-12-09 07:14:00,151.04,151.05,151.04,151.05,3.470265
2019-12-09 07:13:00,151.04,151.04,151.04,151.04,1.140978
2019-12-09 07:12:00,151.06,151.06,151.04,151.04,26.51704
2019-12-09 07:11:00,151.14,151.14,151.07,151.07,57.743803
2019-12-09 07:10:00,151.1,151.14,151.1,151.14,14.383094
2019-12-09 07:09:00,151.14,151.14,151.13,151.13,23.519196
2019-12-09 07:08:00,151.16,151.18,151.15,151.15,28.561154
2019-12-09 07:07:00,151.17,151.17,151.15,151.15,11.155287
2019-12-09 07:06:00,151.18,151.18,151.17,151.17,3.545155
2019-12-09 07:05:00,151.19,151.19,151.18,151.18,6.714143
2019-12-09 07:04:00,151.2,151.2,151.19,151.19,14.048382
2019-12-09 07:03:00,151.21,151.23,151.14,151.2,187.485912
2019-12-09 07:02:00,151.22,151.28,151.21,151.21,184.207419
2019-12-09 07:01:00,151.16,151.21,151.16,151.21,188.073509
2019-12-09 07:00:00,151.14,151.16,151.14,151.16,24.089958
2019-12-09 06:59:00,151.1,151.15,151.1,151.14,1.371481
2019-12-09 06:58:00,151.08,151.1,151.08,151.09,13.560511
2019-12-09 06:57:00,151.06,151.06,151.06,151.06,1.019774
2019-12-09 06:56:00,151.09,151.09,151.05,151.05,13.871208
2019-12-09 06:55:00,151.1,151.1,151.1,151.1,0
2019-12-09 06:54:00,151.08,151.1,151.08,151.1,2.17307
2019-12-09 06:53:00,151.08,151.08,151.07,151.08,50.832266
2019-12-09 06:52:00,150.93,151.08,150.93,151.08,167.021054
2019-12-09 06:51:00,150.89,150.93,150.89,150.93,16.592101
2019-12-09 06:50:00,150.86,150.88,150.86,150.88,1.162298
2019-12-09 06:49:00,150.8,150.83,150.8,150.83,18.154456
2019-12-09 06:48:00,150.8,150.8,150.79,150.79,17.585535
2019-12-09 06:47:00,150.74,150.81,150.74,150.8,37.278556
2019-12-09 06:46:00,150.66,150.71,150.66,150.71,42.664186
2019-12-09 06:45:00,150.61,150.66,150.61,150.66,13.839877
2019-12-09 06:44:00,150.75,150.75,150.61,150.61,151.263929
2019-12-09 06:43:00,150.75,150.76,150.74,150.75,68.838504
2019-12-09 06:42:00,150.75,150.75,150.74,150.75,10.08875
2019-12-09 06:41:00,150.75,150.75,150.75,150.75,0
2019-12-09 06:40:00,150.75,150.75,150.75,150.75,0.133128
2019-12-09 06:39:00,150.75,150.76,150.75,150.76,3.219605
2019-12-09 06:38:00,150.72,150.76,150.69,150.76,9.985609
2019-12-09 06:37:00,150.7,150.7,150.69,150.7,6.026781
2019-12-09 06:36:00,150.69,150.7,150.69,150.7,0.43823
2019-12-09 06:35:00,150.75,150.75,150.68,150.69,48.984874
2019-12-09 06:34:00,150.67,150.76,150.67,150.71,9.219714
2019-12-09 06:33:00,150.61,150.67,150.61,150.67,4.972663
2019-12-09 06:32:00,150.61,150.63,150.6,150.6,3.733222
2019-12-09 06:31:00,150.61,150.61,150.6,150.6,14.011387
2019-12-09 06:30:00,150.58,150.61,150.57,150.61,22.520866
2019-12-09 06:29:00,150.55,150.59,150.47,150.59,107.662498
2019-12-09 06:28:00,150.44,150.56,150.44,150.56,64.669205
2019-12-09 06:27:00,150.43,150.44,150.43,150.44,2.367947
2019-12-09 06:26:00,150.5,150.5,150.4,150.44,526.409317
2019-12-09 06:25:00,150.57,150.57,150.49,150.49,5.886884
2019-12-09 06:24:00,150.61,150.61,150.55,150.57,23.560026
2019-12-09 06:23:00,150.63,150.63,150.63,150.63,0
2019-12-09 06:22:00,150.64,150.64,150.63,150.63,25.868969
2019-12-09 06:21:00,150.65,150.69,150.63,150.63,41.925516
2019-12-09 06:20:00,150.59,150.67,150.59,150.65,52.330832
2019-12-09 06:19:00,150.5,150.58,150.5,150.58,15.190704
2019-12-09 06:18:00,150.5,150.53,150.49,150.49,3.789517
2019-12-09 06:17:00,150.46,150.52,150.46,150.51,67.688428
2019-12-09 06:16:00,150.42,150.48,150.42,150.47,5.750462
2019-12-09 06:15:00,150.43,150.43,150.4,150.4,39.823465
2019-12-09 06:14:00,150.44,150.44,150.41,150.43,54.10175
2019-12-09 06:13:00,150.46,150.46,150.39,150.44,149.174532
2019-12-09 06:12:00,150.49,150.49,150.46,150.46,3.515487
2019-12-09 06:11:00,150.5,150.5,150.49,150.49,0.344714
2019-12-09 06:10:00,150.49,150.5,150.49,150.5,1.666771
2019-12-09 06:09:00,150.49,150.5,150.49,150.5,1.75792
2019-12-09 06:08:00,150.5,150.5,150.48,150.48,1.271989
2019-12-09 06:07:00,150.55,150.56,150.5,150.5,2.663111
2019-12-09 06:06:00,150.55,150.56,150.55,150.55,2.909522
2019-12-09 06:05:00,150.55,150.55,150.53,150.54,0.153866
2019-12-09 06:04:00,150.6,150.6,150.55,150.55,9.45325
2019-12-09 06:03:00,150.6,150.6,150.6,150.6,11.976104
2019-12-09 06:02:00,150.6,150.6,150.6,150.6,0.076218
2019-12-09 06:01:00,150.61,150.61,150.6,150.6,4.719623
2019-12-09 06:00:00,150.63,150.63,150.6,150.61,43.852214
2019-12-09 05:59:00,150.64,150.64,150.64,150.64,1.411203
2019-12-09 05:58:00,150.65,150.65,150.63,150.63,0.05282
2019-12-09 05:57:00,150.67,150.67,150.62,150.66,78.716002
2019-12-09 05:56:00,150.64,150.67,150.64,150.67,20.768607
2019-12-09 05:55:00,150.68,150.69,150.64,150.65,14.005827
2019-12-09 05:54:00,150.69,150.69,150.69,150.69,19.498024
2019-12-09 05:53:00,150.73,150.73,150.71,150.71,2.030263
2019-12-09 05:52:00,150.74,150.74,150.73,150.74,27.116459
2019-12-09 05:51:00,150.74,150.76,150.74,150.75,17.520507
2019-12-09 05:50:00,150.73,150.73,150.73,150.73,8.624489
2019-12-09 05:49:00,150.74,150.74,150.74,150.74,3.399056
2019-12-09 05:48:00,150.7,150.73,150.69,150.73,0.828716
2019-12-09 05:47:00,150.8,150.8,150.7,150.7,20.425536
2019-12-09 05:46:00,150.81,150.81,150.8,150.8,2.72
2019-12-09 05:45:00,150.83,150.83,150.82,150.82,19.665318
2019-12-09 05:44:00,150.83,150.84,150.82,150.83,2.133122
2019-12-09 05:43:00,150.85,150.85,150.83,150.83,0.869237
2019-12-09 05:42:00,150.82,150.85,150.82,150.85,15.484091
2019-12-09 05:41:00,150.77,150.79,150.77,150.79,1.012019
2019-12-09 05:40:00,150.85,150.85,150.78,150.78,163.188153
2019-12-09 05:39:00,150.85,150.85,150.85,150.85,10.09906
2019-12-09 05:38:00,150.84,150.85,150.84,150.85,3.371343
2019-12-09 05:37:00,150.84,150.84,150.84,150.84,10.161315
2019-12-09 05:36:00,150.8,150.85,150.8,150.85,18.845772
2019-12-09 05:35:00,150.79,150.8,150.79,150.8,26.800704
2019-12-09 05:34:00,150.77,150.77,150.77,150.77,2.824723
2019-12-09 05:33:00,150.77,150.77,150.77,150.77,19.378043
2019-12-09 05:32:00,150.77,150.77,150.77,150.77,134.325415
2019-12-09 05:31:00,150.77,150.77,150.77,150.77,51.865178
2019-12-09 05:30:00,150.77,150.77,150.76,150.76,12.367092
2019-12-09 05:29:00,150.76,150.77,150.76,150.77,19.774521
2019-12-09 05:28:00,150.76,150.76,150.76,150.76,0.563762
2019-12-09 05:27:00,150.82,150.82,150.77,150.77,4.057879
2019-12-09 05:26:00,150.79,150.81,150.79,150.81,22.51642
2019-12-09 05:25:00,150.78,150.81,150.78,150.79,4.476042
2019-12-09 05:24:00,150.81,150.83,150.76,150.76,35.562526
2019-12-09 05:23:00,150.77,150.77,150.77,150.77,1.148852
2019-12-09 05:22:00,150.82,150.82,150.76,150.76,7.342531
2019-12-09 05:21:00,150.82,150.82,150.82,150.82,0
2019-12-09 05:20:00,150.91,150.91,150.82,150.82,3.685972
2019-12-09 05:19:00,150.73,150.92,150.73,150.91,27.54832
2019-12-09 05:18:00,150.7,150.73,150.7,150.73,1.10688
2019-12-09 05:17:00,150.65,150.7,150.65,150.7,37.392581
2019-12-09 05:16:00,150.72,150.72,150.64,150.65,133.526471
2019-12-09 05:15:00,150.72,150.72,150.71,150.71,1.066275
2019-12-09 05:14:00,150.77,150.77,150.73,150.73,0.270927
2019-12-09 05:13:00,150.84,150.84,150.75,150.77,57.270575
2019-12-09 05:12:00,150.91,150.91,150.85,150.85,0.690364
2019-12-09 05:11:00,150.92,150.93,150.9,150.92,26.191727
2019-12-09 05:10:00,150.92,150.92,150.92,150.92,77.369435
2019-12-09 05:09:00,150.89,150.93,150.89,150.93,45.025683
2019-12-09 05:08:00,150.87,150.88,150.87,150.88,1.700724
2019-12-09 05:07:00,150.93,150.93,150.87,150.87,71.766045
2019-12-09 05:06:00,150.95,150.95,150.93,150.93,2.099308
2019-12-09 05:05:00,150.93,150.94,150.88,150.94,91.647403
2019-12-09 05:04:00,150.94,150.94,150.93,150.94,0.491181
2019-12-09 05:03:00,150.94,150.94,150.93,150.94,2.089939
2019-12-09 05:02:00,150.94,150.94,150.94,150.94,0.021873
2019-12-09 05:01:00,150.89,150.93,150.89,150.93,140.904548
2019-12-09 05:00:00,150.88,150.88,150.88,150.88,2.272354
2019-12-09 04:59:00,150.86,150.88,150.86,150.88,3.346101
2019-12-09 04:58:00,150.9,150.9,150.86,150.86,50.021292
2019-12-09 04:57:00,150.85,150.89,150.85,150.87,28.072846
2019-12-09 04:56:00,150.87,150.88,150.84,150.84,64.2181
2019-12-09 04:55:00,150.86,150.87,150.86,150.87,31.491694
2019-12-09 04:54:00,150.78,150.85,150.75,150.85,37.31773
2019-12-09 04:53:00,150.76,150.76,150.76,150.76,0
2019-12-09 04:52:00,150.77,150.78,150.76,150.76,30.933109
2019-12-09 04:51:00,150.82,150.82,150.77,150.77,23.906515
2019-12-09 04:50:00,150.82,150.83,150.81,150.83,35.898727
2019-12-09 04:49:00,150.79,150.82,150.79,150.82,20.164182
2019-12-09 04:48:00,150.81,150.81,150.8,150.8,8.843711
2019-12-09 04:47:00,150.77,150.82,150.76,150.82,5.133416
2019-12-09 04:46:00,150.76,150.85,150.76,150.76,99.032432
2019-12-09 04:45:00,150.65,150.76,150.65,150.76,31.493446
2019-12-09 04:44:00,150.6,150.65,150.6,150.65,22.086894
2019-12-09 04:43:00,150.59,150.59,150.59,150.59,0.249582
2019-12-09 04:42:00,150.52,150.59,150.52,150.59,134.538359
2019-12-09 04:41:00,150.43,150.52,150.43,150.5,19.866212
2019-12-09 04:40:00,150.43,150.43,150.43,150.43,7.873428
2019-12-09 04:39:00,150.44,150.44,150.44,150.44,0.101756
2019-12-09 04:38:00,150.43,150.44,150.43,150.44,13.084713
2019-12-09 04:37:00,150.31,150.43,150.31,150.43,70.25234
2019-12-09 04:36:00,150.23,150.3,150.23,150.3,16.138708
2019-12-09 04:35:00,150.23,150.23,150.23,150.23,0.0118
2019-12-09 04:34:00,150.23,150.24,150.23,150.24,1.336629
2019-12-09 04:33:00,150.24,150.24,150.24,150.24,0
2019-12-09 04:32:00,150.24,150.24,150.24,150.24,0
2019-12-09 04:31:00,150.24,150.24,150.24,150.24,3.694822
2019-12-09 04:30:00,150.24,150.24,150.24,150.24,1.43983
2019-12-09 04:29:00,150.23,150.23,150.23,150.23,0.2038
2019-12-09 04:28:00,150.24,150.24,150.21,150.21,101.592447
2019-12-09 04:27:00,150.22,150.25,150.22,150.25,0.056028
2019-12-09 04:26:00,150.2,150.2,150.2,150.2,3.567574
2019-12-09 04:25:00,150.2,150.2,150.2,150.2,4.710545
2019-12-09 04:24:00,150.19,150.19,150.19,150.19,14.258603
2019-12-09 04:23:00,150.19,150.19,150.19,150.19,0
2019-12-09 04:22:00,150.2,150.2,150.19,150.19,11.062652
2019-12-09 04:21:00,150.19,150.19,150.19,150.19,0
2019-12-09 04:20:00,150.23,150.23,150.19,150.19,95.264104
2019-12-09 04:19:00,150.21,150.21,150.21,150.21,12.32044
2019-12-09 04:18:00,150.21,150.21,150.21,150.21,0.248968
2019-12-09 04:17:00,150.35,150.35,150.22,150.23,113.375579
2019-12-09 04:16:00,150.35,150.35,150.35,150.35,0.175851
2019-12-09 04:15:00,150.3,150.34,150.3,150.34,3.177455
2019-12-09 04:14:00,150.34,150.34,150.3,150.3,0.069033
2019-12-09 04:13:00,150.4,150.4,150.36,150.36,33.658856
2019-12-09 04:12:00,150.4,150.4,150.4,150.4,6.652338
2019-12-09 04:11:00,150.39,150.42,150.39,150.42,24.100709
2019-12-09 04:10:00,150.37,150.37,150.37,150.37,0.293627
2019-12-09 04:09:00,150.42,150.42,150.36,150.38,16.322267
2019-12-09 04:08:00,150.41,150.42,150.41,150.42,37.2989
2019-12-09 04:07:00,150.43,150.43,150.41,150.41,9.475565
2019-12-09 04:06:00,150.45,150.45,150.43,150.43,6.393698
2019-12-09 04:05:00,150.49,150.49,150.45,150.45,3.880424
2019-12-09 04:04:00,150.5,150.5,150.5,150.5,0.5058
2019-12-09 04:03:00,150.48,150.49,150.48,150.49,1.57923
2019-12-09 04:02:00,150.48,150.48,150.48,150.48,2.846328
2019-12-09 04:01:00,150.46,150.48,150.46,150.48,1.821128
2019-12-09 04:00:00,150.44,150.45,150.39,150.45,15.513524
2019-12-09 03:59:00,150.46,150.46,150.45,150.45,1.669097
2019-12-09 03:58:00,150.46,150.47,150.46,150.47,1.330446
2019-12-09 03:57:00,150.44,150.49,150.44,150.46,5.170323
2019-12-09 03:56:00,150.44,150.44,150.44,150.44,1.135763
2019-12-09 03:55:00,150.44,150.45,150.44,150.45,1.058309
2019-12-09 03:54:00,150.47,150.47,150.47,150.47,0
2019-12-09 03:53:00,150.47,150.47,150.47,150.47,0
2019-12-09 03:52:00,150.49,150.49,150.47,150.47,77.442786
2019-12-09 03:51:00,150.49,150.5,150.49,150.5,5.485692
2019-12-09 03:50:00,150.51,150.51,150.49,150.49,0.904698
2019-12-09 03:49:00,150.44,150.54,150.43,150.51,101.572987
2019-12-09 03:48:00,150.46,150.46,150.46,150.46,0.619525
2019-12-09 03:47:00,150.3,150.47,150.3,150.47,399.356463
2019-12-09 03:46:00,150.29,150.29,150.29,150.29,2.003744
2019-12-09 03:45:00,150.19,150.29,150.19,150.29,34.526267
2019-12-09 03:44:00,150.19,150.21,150.18,150.18,4.009809
2019-12-09 03:43:00,150.15,150.19,150.09,150.19,70.304669
2019-12-09 03:42:00,150.15,150.17,150.15,150.17,2.150608
2019-12-09 03:41:00,150.23,150.23,150.14,150.15,36.891143
2019-12-09 03:40:00,150.31,150.31,150.23,150.23,23.338161
2019-12-09 03:39:00,150.34,150.34,150.31,150.31,40.125865
2019-12-09 03:38:00,150.34,150.34,150.33,150.34,0.606891
2019-12-09 03:37:00,150.34,150.34,150.33,150.33,2.510086
2019-12-09 03:36:00,150.32,150.34,150.32,150.34,27.739988
2019-12-09 03:35:00,150.27,150.31,150.27,150.31,0.867725
2019-12-09 03:34:00,150.27,150.27,150.27,150.27,0.070704
2019-12-09 03:33:00,150.26,150.31,150.26,150.31,13.243904
2019-12-09 03:32:00,150.26,150.26,150.26,150.26,9.27
2019-12-09 03:31:00,150.25,150.25,150.25,150.25,0
2019-12-09 03:30:00,150.23,150.25,150.23,150.25,54.43505
2019-12-09 03:29:00,150.25,150.25,150.23,150.23,23.750138
2019-12-09 03:28:00,150.42,150.42,150.29,150.29,5.719925
2019-12-09 03:27:00,150.39,150.42,150.34,150.42,29.855158
2019-12-09 03:26:00,150.39,150.39,150.39,150.39,0
2019-12-09 03:25:00,150.39,150.39,150.39,150.39,13.767317
2019-12-09 03:24:00,150.31,150.35,150.3,150.35,19.999071
2019-12-09 03:23:00,150.31,150.31,150.31,150.31,50.420412
2019-12-09 03:22:00,150.3,150.3,150.28,150.29,7.169923
2019-12-09 03:21:00,150.29,150.35,150.26,150.3,324.343872
2019-12-09 03:20:00,150.28,150.35,150.28,150.32,174.569411
2019-12-09 03:19:00,150.36,150.38,150.24,150.3,189.945913
2019-12-09 03:18:00,150.44,150.5,150.39,150.39,64.441093
2019-12-09 03:17:00,150.43,150.49,150.4,150.4,83.007192
2019-12-09 03:16:00,150.5,150.52,150.42,150.42,73.965808
2019-12-09 03:15:00,150.38,150.48,150.38,150.48,5.115121
2019-12-09 03:14:00,150.41,150.44,150.37,150.37,9.30288
2019-12-09 03:13:00,150.49,150.49,150.38,150.42,31.00039
2019-12-09 03:12:00,150.47,150.51,150.46,150.5,135.253625
2019-12-09 03:11:00,150.5,150.5,150.48,150.48,47.064215
2019-12-09 03:10:00,150.53,150.53,150.5,150.5,12.533734
2019-12-09 03:09:00,150.53,150.57,150.52,150.52,91.399554
2019-12-09 03:08:00,150.56,150.56,150.51,150.53,12.571209
2019-12-09 03:07:00,150.56,150.56,150.55,150.56,16.454812
2019-12-09 03:06:00,150.67,150.67,150.5,150.55,43.990385
2019-12-09 03:05:00,150.67,150.68,150.67,150.68,0.021081
2019-12-09 03:04:00,150.7,150.7,150.68,150.68,57.437615
2019-12-09 03:03:00,150.75,150.75,150.7,150.7,78.328901
2019-12-09 03:02:00,150.78,150.81,150.76,150.76,7.87875
2019-12-09 03:01:00,150.78,150.8,150.78,150.8,5.410198
2019-12-09 03:00:00,150.7,150.75,150.69,150.75,0.156457
2019-12-09 02:59:00,150.68,150.68,150.65,150.65,4.845758
2019-12-09 02:58:00,150.43,150.61,150.42,150.61,167.868739
2019-12-09 02:57:00,150.57,150.57,150.45,150.45,140.547656
2019-12-09 02:56:00,150.52,150.59,150.46,150.58,60.455314
2019-12-09 02:55:00,150.68,150.68,150.47,150.47,78.686877
2019-12-09 02:54:00,150.68,150.74,150.58,150.68,243.336094
2019-12-09 02:53:00,150.78,150.79,150.65,150.74,45.05292
2019-12-09 02:52:00,150.67,150.72,150.59,150.72,140.904405
2019-12-09 02:51:00,150.72,150.72,150.5,150.67,569.580288
2019-12-09 02:50:00,150.91,150.91,150.68,150.72,226.623387
2019-12-09 02:49:00,151.22,151.22,150.91,150.92,298.412696
2019-12-09 02:48:00,151.14,151.22,151.14,151.22,16.311589
2019-12-09 02:47:00,151.24,151.24,151,151.13,353.968422
2019-12-09 02:46:00,151.43,151.43,151.24,151.25,223.922278
2019-12-09 02:45:00,151.47,151.47,151.42,151.42,461.319875
2019-12-09 02:44:00,151.45,151.45,151.4,151.45,17.986339
2019-12-09 02:43:00,151.41,151.43,151.41,151.43,0.968299
2019-12-09 02:42:00,151.41,151.41,151.41,151.41,0.020342
2019-12-09 02:41:00,151.48,151.51,151.42,151.42,38.733456
2019-12-09 02:40:00,151.41,151.47,151.41,151.47,26.233688
2019-12-09 02:39:00,151.31,151.41,151.31,151.41,25.923147
2019-12-09 02:38:00,151.32,151.36,151.31,151.32,45.658764
2019-12-09 02:37:00,151.51,151.51,151.3,151.31,136.808103
2019-12-09 02:36:00,151.52,151.54,151.46,151.54,198.046555
2019-12-09 02:35:00,151.4,151.54,151.4,151.52,287.896345
2019-12-09 02:34:00,151.33,151.41,151.33,151.4,66.416659
2019-12-09 02:33:00,151.28,151.5,151.27,151.34,477.578234
2019-12-09 02:32:00,151.22,151.28,151.22,151.28,55.247611
2019-12-09 02:31:00,151.21,151.23,151.21,151.22,26.594375
2019-12-09 02:30:00,151.2,151.2,151.2,151.2,3.127
2019-12-09 02:29:00,151.2,151.21,151.2,151.2,14.205761
2019-12-09 02:28:00,151.18,151.21,151.17,151.2,40.773457
2019-12-09 02:27:00,151.15,151.18,151.15,151.18,108.294328
2019-12-09 02:26:00,151.12,151.15,151.12,151.15,2.054054
2019-12-09 02:25:00,151.11,151.12,151.11,151.12,18.588551
2019-12-09 02:24:00,151.11,151.12,151.11,151.11,35.943077
2019-12-09 02:23:00,151.12,151.17,151.12,151.15,68.578203
2019-12-09 02:22:00,151.14,151.14,151.1,151.14,153.833499
2019-12-09 02:21:00,151.18,151.18,151.12,151.15,69.636459
2019-12-09 02:20:00,151.13,151.25,151.13,151.19,340.921825
2019-12-09 02:19:00,151.12,151.14,151.11,151.13,29.162994
2019-12-09 02:18:00,151.05,151.15,151.05,151.11,607.186384
2019-12-09 02:17:00,150.99,151.08,150.99,151.05,93.447626
2019-12-09 02:16:00,150.96,151.03,150.96,150.98,56.949527
2019-12-09 02:15:00,150.93,150.95,150.93,150.95,3.982561
2019-12-09 02:14:00,150.93,150.94,150.93,150.94,6.291824
2019-12-09 02:13:00,150.93,150.93,150.93,150.93,7.523041
2019-12-09 02:12:00,150.94,150.94,150.94,150.94,1.681845
2019-12-09 02:11:00,150.9,150.94,150.9,150.93,106.721285
2019-12-09 02:10:00,150.99,151.01,150.91,150.91,205.265164
2019-12-09 02:09:00,150.96,151,150.96,150.99,100.083988
2019-12-09 02:08:00,150.82,150.95,150.82,150.95,67.140083
2019-12-09 02:07:00,150.84,150.84,150.81,150.82,6.592915
2019-12-09 02:06:00,150.88,150.89,150.84,150.84,46.492687
2019-12-09 02:05:00,150.82,150.89,150.82,150.89,38.915312
2019-12-09 02:04:00,150.82,150.82,150.82,150.82,24.937599
2019-12-09 02:03:00,150.79,150.82,150.79,150.81,12.419435
2019-12-09 02:02:00,150.76,150.79,150.76,150.79,4.16021
2019-12-09 02:01:00,150.7,150.77,150.7,150.75,14.779875
2019-12-09 02:00:00,150.69,150.7,150.69,150.7,168.631551
2019-12-09 01:59:00,150.7,150.7,150.7,150.7,98.712089
2019-12-09 01:58:00,150.75,150.75,150.72,150.72,58.42335
2019-12-09 01:57:00,150.8,150.8,150.71,150.71,33.082746
2019-12-09 01:56:00,150.81,150.81,150.78,150.8,17.402155
2019-12-09 01:55:00,150.81,150.82,150.81,150.81,15.747891
2019-12-09 01:54:00,150.92,150.92,150.81,150.82,24.903975
2019-12-09 01:53:00,150.92,150.93,150.92,150.92,18.91598
2019-12-09 01:52:00,150.92,150.92,150.92,150.92,38.343471
2019-12-09 01:51:00,150.92,150.92,150.92,150.92,6.416
2019-12-09 01:50:00,150.92,150.93,150.89,150.92,28.123295
2019-12-09 01:49:00,150.85,150.93,150.85,150.92,28.571365
2019-12-09 01:48:00,150.84,150.85,150.84,150.85,1.731205
2019-12-09 01:47:00,150.84,150.84,150.84,150.84,11.140866
2019-12-09 01:46:00,150.84,150.84,150.83,150.83,9.609735
2019-12-09 01:45:00,150.85,150.88,150.83,150.83,42.319813
2019-12-09 01:44:00,150.78,150.86,150.78,150.82,43.26466
2019-12-09 01:43:00,150.78,150.78,150.78,150.78,0.331714
2019-12-09 01:42:00,150.8,150.8,150.78,150.78,9.372324
2019-12-09 01:41:00,150.8,150.81,150.8,150.81,1.402829
2019-12-09 01:40:00,150.72,150.82,150.71,150.8,66.894625
2019-12-09 01:39:00,150.87,150.87,150.72,150.72,59.529825
2019-12-09 01:38:00,150.83,150.88,150.83,150.88,15.692944
2019-12-09 01:37:00,150.76,150.83,150.76,150.83,84.104168
2019-12-09 01:36:00,150.76,150.76,150.75,150.76,18.780948
2019-12-09 01:35:00,150.84,150.85,150.77,150.77,55.701242
2019-12-09 01:34:00,150.83,150.83,150.83,150.83,24.555959
2019-12-09 01:33:00,150.83,150.84,150.83,150.83,119.380663
2019-12-09 01:32:00,150.74,150.83,150.74,150.83,146.117729
2019-12-09 01:31:00,150.65,150.76,150.64,150.74,68.038815
2019-12-09 01:30:00,150.64,150.65,150.64,150.65,14.777951
2019-12-09 01:29:00,150.6,150.69,150.6,150.64,89.312853
2019-12-09 01:28:00,150.59,150.59,150.59,150.59,0.025
2019-12-09 01:27:00,150.55,150.6,150.54,150.6,336.285345
2019-12-09 01:26:00,150.53,150.54,150.53,150.54,2.119945
2019-12-09 01:25:00,150.52,150.53,150.52,150.53,2.360382
2019-12-09 01:24:00,150.42,150.47,150.42,150.47,121.18658
2019-12-09 01:23:00,150.4,150.41,150.38,150.41,28.87443
2019-12-09 01:22:00,150.52,150.52,150.4,150.4,28.401435
2019-12-09 01:21:00,150.52,150.52,150.52,150.52,0
2019-12-09 01:20:00,150.52,150.54,150.51,150.52,28.814695
2019-12-09 01:19:00,150.45,150.54,150.44,150.54,340.791443
2019-12-09 01:18:00,150.42,150.47,150.42,150.45,129.718457
2019-12-09 01:17:00,150.37,150.42,150.35,150.42,32.578664
2019-12-09 01:16:00,150.41,150.41,150.38,150.4,13.568061
2019-12-09 01:15:00,150.38,150.41,150.38,150.41,3.435426
2019-12-09 01:14:00,150.39,150.39,150.38,150.39,13.322849
2019-12-09 01:13:00,150.42,150.43,150.39,150.42,4.667143
2019-12-09 01:12:00,150.47,150.48,150.44,150.44,48.674359
2019-12-09 01:11:00,150.48,150.48,150.47,150.47,122.665046
2019-12-09 01:10:00,150.52,150.52,150.47,150.48,29.463176
2019-12-09 01:09:00,150.52,150.53,150.52,150.52,64.662525
2019-12-09 01:08:00,150.53,150.53,150.52,150.53,181.09777
2019-12-09 01:07:00,150.52,150.53,150.49,150.52,64.050755
2019-12-09 01:06:00,150.54,150.54,150.51,150.52,99.11191
2019-12-09 01:05:00,150.47,150.55,150.47,150.55,73.241896
2019-12-09 01:04:00,150.44,150.51,150.44,150.47,19.406894
2019-12-09 01:03:00,150.44,150.44,150.44,150.44,7.951525
2019-12-09 01:02:00,150.44,150.5,150.43,150.43,200.141004
2019-12-09 01:01:00,150.29,150.41,150.29,150.39,42.578009
2019-12-09 01:00:00,150.22,150.3,150.22,150.29,104.986729
2019-12-09 00:59:00,150.2,150.22,150.2,150.22,64.454507
2019-12-09 00:58:00,150.24,150.24,150.19,150.19,14.803827
2019-12-09 00:57:00,150.27,150.27,150.23,150.23,2.316334
2019-12-09 00:56:00,150.25,150.29,150.25,150.28,39.96149
2019-12-09 00:55:00,150.19,150.25,150.19,150.24,56.092153
2019-12-09 00:54:00,150.19,150.2,150.19,150.2,13.865512
2019-12-09 00:53:00,150.19,150.19,150.18,150.19,21.689919
2019-12-09 00:52:00,150.19,150.19,150.19,150.19,3.942068
2019-12-09 00:51:00,150.15,150.19,150.14,150.19,17.594389
2019-12-09 00:50:00,150.14,150.14,150.14,150.14,1.602755
2019-12-09 00:49:00,150.18,150.18,150.13,150.15,106.555767
2019-12-09 00:48:00,150.18,150.18,150.18,150.18,2.465612
2019-12-09 00:47:00,150.13,150.19,150.13,150.18,76.726974
2019-12-09 00:46:00,150.2,150.2,150.14,150.14,3.329601
2019-12-09 00:45:00,150.23,150.25,150.21,150.21,34.582858
2019-12-09 00:44:00,150.24,150.24,150.23,150.23,4.675799
2019-12-09 00:43:00,150.26,150.26,150.23,150.24,25.098673
2019-12-09 00:42:00,150.27,150.27,150.26,150.26,4.456283
2019-12-09 00:41:00,150.23,150.3,150.23,150.27,48.98587
2019-12-09 00:40:00,150.22,150.23,150.22,150.23,10.902308
2019-12-09 00:39:00,150.23,150.23,150.23,150.23,0.851332
2019-12-09 00:38:00,150.27,150.27,150.23,150.23,28.136695
2019-12-09 00:37:00,150.14,150.27,150.14,150.27,7.084782
2019-12-09 00:36:00,150.14,150.14,150.14,150.14,0.10132
2019-12-09 00:35:00,150.14,150.14,150.13,150.13,20.136722
2019-12-09 00:34:00,150.13,150.13,150.13,150.13,51.162417
2019-12-09 00:33:00,150.19,150.19,150.13,150.13,20.178499
2019-12-09 00:32:00,150.2,150.2,150.18,150.19,28.591754
2019-12-09 00:31:00,150.13,150.21,150.13,150.19,11.505658
2019-12-09 00:30:00,150.08,150.13,150.08,150.09,0.740609
2019-12-09 00:29:00,150.13,150.13,150.07,150.07,14.436205
2019-12-09 00:28:00,150.24,150.24,150.12,150.13,20.561834
2019-12-09 00:27:00,150.23,150.25,150.23,150.24,4.678952
2019-12-09 00:26:00,150.08,150.22,150.08,150.22,67.419577
2019-12-09 00:25:00,150.03,150.08,150.03,150.07,3.573146
2019-12-09 00:24:00,150.03,150.04,150.03,150.03,18.795214
2019-12-09 00:23:00,150.01,150.04,150.01,150.03,7.374122
2019-12-09 00:22:00,150.07,150.07,150.01,150.04,52.626523
2019-12-09 00:21:00,150.07,150.08,150.03,150.06,18.428443
2019-12-09 00:20:00,150.06,150.14,150.06,150.09,49.44441
2019-12-09 00:19:00,149.96,150.06,149.96,150.06,172.089907
2019-12-09 00:18:00,150.16,150.16,149.96,149.96,448.455717
2019-12-09 00:17:00,150.22,150.22,150.16,150.17,75.822256
2019-12-09 00:16:00,150.24,150.24,150.19,150.22,144.04342
2019-12-09 00:15:00,150.46,150.46,150.26,150.26,73.19202
2019-12-09 00:14:00,150.49,150.49,150.46,150.46,17.548758
2019-12-09 00:13:00,150.46,150.5,150.46,150.49,13.769652
2019-12-09 00:12:00,150.39,150.46,150.38,150.46,19.787526
2019-12-09 00:11:00,150.34,150.38,150.33,150.38,20.8357
2019-12-09 00:10:00,150.31,150.34,150.27,150.33,26.239737
2019-12-09 00:09:00,150.35,150.35,150.32,150.32,12.752945
2019-12-09 00:08:00,150.33,150.41,150.32,150.4,17.759498
2019-12-09 00:07:00,150.44,150.44,150.37,150.37,37.054964
2019-12-09 00:06:00,150.33,150.5,150.33,150.45,113.564558
2019-12-09 00:05:00,150.27,150.32,150.27,150.32,15.583959
2019-12-09 00:04:00,150.27,150.35,150.25,150.27,85.21593
2019-12-09 00:03:00,150.43,150.43,150.27,150.27,227.649208
2019-12-09 00:02:00,150.61,150.61,150.31,150.42,599.408726
2019-12-09 00:01:00,150.91,150.91,150.59,150.61,578.683353
2019-12-09 00:00:00,150.62,150.92,150.62,150.92,642.028448
