2019-12-05 23:59:00,147.03,147.06,146.96,146.99,129.082818
2019-12-05 23:58:00,147.11,147.12,146.93,147,114.423836
2019-12-05 23:57:00,147.16,147.21,147.12,147.12,0.212583
2019-12-05 23:56:00,147.14,147.16,147.14,147.15,20.818272
2019-12-05 23:55:00,147.11,147.16,147.11,147.16,27.311645
2019-12-05 23:54:00,147.12,147.17,147.12,147.12,0.988209
2019-12-05 23:53:00,147.14,147.14,147.13,147.13,7.99048
2019-12-05 23:52:00,147.12,147.17,147.08,147.12,17.973053
2019-12-05 23:51:00,147.03,147.15,147.03,147.15,114.561675
2019-12-05 23:50:00,147.03,147.03,147.03,147.03,0.631112
2019-12-05 23:49:00,146.98,147.04,146.98,147.04,50.154373
2019-12-05 23:48:00,146.79,147.01,146.79,146.97,29.345643
2019-12-05 23:47:00,146.75,146.8,146.75,146.8,55.893101
2019-12-05 23:46:00,146.73,146.75,146.72,146.75,3.765337
2019-12-05 23:45:00,146.66,146.68,146.62,146.68,15.534418
2019-12-05 23:44:00,146.81,146.81,146.63,146.69,73.433411
2019-12-05 23:43:00,146.83,146.84,146.81,146.81,7.911978
2019-12-05 23:42:00,146.83,146.83,146.82,146.83,23.358691
2019-12-05 23:41:00,146.74,146.86,146.73,146.83,6.802359
2019-12-05 23:40:00,146.83,146.83,146.74,146.74,11.464243
2019-12-05 23:39:00,146.72,146.84,146.72,146.84,28.058396
2019-12-05 23:38:00,146.68,146.74,146.68,146.72,16.841728
2019-12-05 23:37:00,146.64,146.77,146.64,146.72,94.937035
2019-12-05 23:36:00,146.88,146.88,146.69,146.69,19.41614
2019-12-05 23:35:00,146.93,146.93,146.83,146.89,63.280927
2019-12-05 23:34:00,146.99,146.99,146.94,146.94,12.839971
2019-12-05 23:33:00,146.94,147,146.94,147,2.058833
2019-12-05 23:32:00,146.94,146.99,146.94,146.96,50.555472
2019-12-05 23:31:00,146.88,147,146.82,146.96,23.783199
2019-12-05 23:30:00,146.97,146.97,146.81,146.88,253.437351
2019-12-05 23:29:00,146.99,147.09,146.97,146.97,30.541439
2019-12-05 23:28:00,146.78,147.01,146.78,146.99,231.119915
2019-12-05 23:27:00,146.66,146.78,146.58,146.78,187.803097
2019-12-05 23:26:00,146.8,146.83,146.63,146.66,301.382795
2019-12-05 23:25:00,146.8,146.89,146.71,146.75,175.3969
2019-12-05 23:24:00,146.74,147.27,146.68,146.83,2701.124251
2019-12-05 23:23:00,147.26,147.26,146.71,146.74,588.974738
2019-12-05 23:22:00,147.31,147.35,147.21,147.21,97.688185
2019-12-05 23:21:00,147.39,147.39,147.3,147.31,5.415967
2019-12-05 23:20:00,147.41,147.45,147.33,147.4,155.659663
2019-12-05 23:19:00,147.3,147.41,147.29,147.41,48.343156
2019-12-05 23:18:00,147.42,147.42,147.28,147.3,195.39938
2019-12-05 23:17:00,147.48,147.49,147.39,147.42,1031.69645
2019-12-05 23:16:00,147.48,147.49,147.48,147.49,24.502562
2019-12-05 23:15:00,147.47,147.47,147.46,147.47,7.050633
2019-12-05 23:14:00,147.54,147.54,147.42,147.47,60.74996
2019-12-05 23:13:00,147.53,147.54,147.53,147.54,6.654631
2019-12-05 23:12:00,147.54,147.54,147.53,147.53,6.777192
2019-12-05 23:11:00,147.46,147.55,147.46,147.54,94.336119
2019-12-05 23:10:00,147.49,147.49,147.46,147.46,193.643438
2019-12-05 23:09:00,147.59,147.59,147.49,147.49,174.309776
2019-12-05 23:08:00,147.66,147.72,147.59,147.59,423.268724
2019-12-05 23:07:00,147.75,147.75,147.65,147.66,156.446521
2019-12-05 23:06:00,147.79,147.8,147.76,147.76,247.285664
2019-12-05 23:05:00,147.75,147.79,147.7,147.79,263.289499
2019-12-05 23:04:00,147.72,147.79,147.72,147.76,175.393414
2019-12-05 23:03:00,147.83,147.83,147.7,147.72,82.923362
2019-12-05 23:02:00,147.84,147.84,147.83,147.84,8.265688
2019-12-05 23:01:00,147.84,147.84,147.83,147.84,11.624135
2019-12-05 23:00:00,147.8,147.84,147.8,147.84,67.728745
2019-12-05 22:59:00,147.8,147.83,147.77,147.81,40.440712
2019-12-05 22:58:00,147.78,147.83,147.78,147.82,69.673039
2019-12-05 22:57:00,147.76,147.78,147.74,147.78,31.137314
2019-12-05 22:56:00,147.75,147.76,147.65,147.76,126.503324
2019-12-05 22:55:00,147.72,147.78,147.71,147.76,104.964459
2019-12-05 22:54:00,147.62,147.72,147.62,147.72,71.597167
2019-12-05 22:53:00,147.62,147.62,147.62,147.62,1.51511
2019-12-05 22:52:00,147.61,147.62,147.61,147.61,4.383296
2019-12-05 22:51:00,147.59,147.68,147.59,147.65,68.943089
2019-12-05 22:50:00,147.61,147.61,147.57,147.59,86.480631
2019-12-05 22:49:00,147.69,147.69,147.6,147.61,2.311566
2019-12-05 22:48:00,147.71,147.71,147.66,147.69,49.831599
2019-12-05 22:47:00,147.71,147.74,147.67,147.71,57.015627
2019-12-05 22:46:00,147.76,147.8,147.72,147.72,53.500763
2019-12-05 22:45:00,147.66,147.8,147.66,147.76,42.289655
2019-12-05 22:44:00,147.6,147.66,147.6,147.65,221.149426
2019-12-05 22:43:00,147.47,147.64,147.47,147.6,264.793455
2019-12-05 22:42:00,147.47,147.54,147.47,147.49,20.875873
2019-12-05 22:41:00,147.42,147.48,147.42,147.47,52.039237
2019-12-05 22:40:00,147.48,147.48,147.37,147.41,278.047041
2019-12-05 22:39:00,147.56,147.56,147.35,147.49,576.498862
2019-12-05 22:38:00,147.58,147.58,147.44,147.55,300.001891
2019-12-05 22:37:00,147.56,147.58,147.56,147.58,29.78654
2019-12-05 22:36:00,147.59,147.59,147.54,147.57,29.989789
2019-12-05 22:35:00,147.55,147.59,147.55,147.59,48.797439
2019-12-05 22:34:00,147.54,147.55,147.5,147.55,88.935965
2019-12-05 22:33:00,147.53,147.54,147.48,147.54,60.254212
2019-12-05 22:32:00,147.46,147.54,147.46,147.53,106.505015
2019-12-05 22:31:00,147.48,147.48,147.39,147.46,75.157842
2019-12-05 22:30:00,147.42,147.46,147.42,147.46,105.916353
2019-12-05 22:29:00,147.5,147.51,147.45,147.45,222.930866
2019-12-05 22:28:00,147.54,147.55,147.49,147.52,63.876407
2019-12-05 22:27:00,147.53,147.53,147.53,147.53,0.291329
2019-12-05 22:26:00,147.5,147.53,147.5,147.53,76.525115
2019-12-05 22:25:00,147.49,147.51,147.49,147.51,15.884316
2019-12-05 22:24:00,147.46,147.5,147.46,147.5,10.816183
2019-12-05 22:23:00,147.48,147.52,147.46,147.46,101.218581
2019-12-05 22:22:00,147.42,147.5,147.42,147.49,278.808663
2019-12-05 22:21:00,147.38,147.4,147.38,147.4,19.577411
2019-12-05 22:20:00,147.39,147.39,147.38,147.38,7.98108
2019-12-05 22:19:00,147.36,147.4,147.35,147.4,44.109426
2019-12-05 22:18:00,147.36,147.41,147.36,147.36,199.810815
2019-12-05 22:17:00,147.27,147.35,147.27,147.32,87.571273
2019-12-05 22:16:00,147.28,147.3,147.18,147.27,247.541949
2019-12-05 22:15:00,147.37,147.38,147.25,147.28,173.733971
2019-12-05 22:14:00,147.35,147.38,147.27,147.36,117.761883
2019-12-05 22:13:00,147.32,147.44,147.31,147.36,283.221112
2019-12-05 22:12:00,147.37,147.43,147.19,147.32,452.493676
2019-12-05 22:11:00,147.52,147.61,147.33,147.36,521.037818
2019-12-05 22:10:00,147.71,147.73,147.46,147.5,521.425007
2019-12-05 22:09:00,147.68,147.71,147.67,147.67,168.804334
2019-12-05 22:08:00,147.7,147.71,147.67,147.69,197.577513
2019-12-05 22:07:00,147.71,147.73,147.7,147.73,224.19872
2019-12-05 22:06:00,147.74,147.74,147.68,147.7,193.384649
2019-12-05 22:05:00,147.66,147.75,147.66,147.75,258.794095
2019-12-05 22:04:00,147.69,147.7,147.64,147.66,107.336253
2019-12-05 22:03:00,147.63,147.72,147.62,147.71,235.560998
2019-12-05 22:02:00,147.61,147.66,147.58,147.63,384.501073
2019-12-05 22:01:00,147.59,147.61,147.59,147.61,35.769861
2019-12-05 22:00:00,147.6,147.63,147.56,147.62,59.432135
2019-12-05 21:59:00,147.55,147.7,147.55,147.63,371.002495
2019-12-05 21:58:00,147.6,147.6,147.55,147.55,32.441884
2019-12-05 21:57:00,147.42,147.63,147.38,147.63,73.740707
2019-12-05 21:56:00,147.62,147.62,147.46,147.46,195.511202
2019-12-05 21:55:00,147.73,147.73,147.43,147.62,459.406943
2019-12-05 21:54:00,147.81,147.81,147.72,147.74,420.039019
2019-12-05 21:53:00,147.82,147.83,147.82,147.82,208.53799
2019-12-05 21:52:00,147.85,147.85,147.82,147.82,89.964331
2019-12-05 21:51:00,147.85,147.86,147.85,147.85,18.990544
2019-12-05 21:50:00,147.88,147.89,147.85,147.85,78.446632
2019-12-05 21:49:00,147.91,147.92,147.85,147.89,480.457918
2019-12-05 21:48:00,147.85,147.91,147.85,147.91,127.689119
2019-12-05 21:47:00,147.83,147.89,147.79,147.85,1297.196147
2019-12-05 21:46:00,147.85,147.86,147.8,147.83,1601.109912
2019-12-05 21:45:00,147.83,147.86,147.83,147.85,12.556431
2019-12-05 21:44:00,147.82,147.83,147.82,147.82,12.960412
2019-12-05 21:43:00,147.9,147.91,147.87,147.87,112.10889
2019-12-05 21:42:00,147.96,147.99,147.9,147.9,83.822373
2019-12-05 21:41:00,148.05,148.05,147.96,147.96,125.507587
2019-12-05 21:40:00,148.06,148.06,148.05,148.06,19.184609
2019-12-05 21:39:00,147.87,148.09,147.87,148.05,557.924715
2019-12-05 21:38:00,147.91,147.92,147.8,147.8,167.126004
2019-12-05 21:37:00,147.96,147.96,147.92,147.93,21.393184
2019-12-05 21:36:00,147.89,148,147.88,147.98,495.679109
2019-12-05 21:35:00,147.94,147.95,147.88,147.89,338.043899
2019-12-05 21:34:00,147.95,147.95,147.93,147.94,653.696456
2019-12-05 21:33:00,147.96,148.05,147.93,147.94,207.174393
2019-12-05 21:32:00,148.03,148.03,147.96,147.97,97.397397
2019-12-05 21:31:00,148.1,148.1,148.06,148.06,79.566708
2019-12-05 21:30:00,148.15,148.22,148.11,148.14,113.392646
2019-12-05 21:29:00,148.03,148.15,148.03,148.15,215.178992
2019-12-05 21:28:00,147.97,148.03,147.97,148.03,131.661667
2019-12-05 21:27:00,147.97,147.98,147.97,147.98,22.158359
2019-12-05 21:26:00,147.97,147.98,147.97,147.98,17.252089
2019-12-05 21:25:00,148.03,148.04,147.95,147.96,99.277353
2019-12-05 21:24:00,148.05,148.07,148.05,148.05,37.725813
2019-12-05 21:23:00,147.96,148.08,147.95,148.06,424.967554
2019-12-05 21:22:00,147.93,147.96,147.87,147.96,359.169512
2019-12-05 21:21:00,147.89,147.95,147.87,147.94,615.41469
2019-12-05 21:20:00,147.86,147.92,147.86,147.89,551.433279
2019-12-05 21:19:00,147.92,147.96,147.85,147.85,1630.764484
2019-12-05 21:18:00,147.99,148.02,147.86,147.91,2328.476332
2019-12-05 21:17:00,148.04,148.1,147.99,147.99,1524.550101
2019-12-05 21:16:00,148.27,148.27,148.06,148.06,456.446549
2019-12-05 21:15:00,148.22,148.27,148.19,148.26,189.461956
2019-12-05 21:14:00,148.25,148.26,148.16,148.22,101.980212
2019-12-05 21:13:00,148.11,148.25,148.11,148.25,363.782144
2019-12-05 21:12:00,148.13,148.13,147.98,148.11,363.955102
2019-12-05 21:11:00,148.12,148.17,148.11,148.13,16.681601
2019-12-05 21:10:00,148.04,148.12,147.98,148.11,143.819532
2019-12-05 21:09:00,148.1,148.1,147.97,148.09,145.21327
2019-12-05 21:08:00,148.22,148.22,148.1,148.11,142.703624
2019-12-05 21:07:00,148.11,148.28,148.08,148.22,557.314813
2019-12-05 21:06:00,148.53,148.56,148.12,148.12,994.008277
2019-12-05 21:05:00,148.51,148.75,148.49,148.51,500.454444
2019-12-05 21:04:00,148.38,148.53,148.37,148.52,237.049996
2019-12-05 21:03:00,148.43,148.52,148.37,148.37,477.313785
2019-12-05 21:02:00,148.36,148.42,148.32,148.41,296.647356
2019-12-05 21:01:00,148.27,148.33,148.2,148.33,115.948625
2019-12-05 21:00:00,148.18,148.29,148.18,148.28,312.798736
2019-12-05 20:59:00,148.12,148.2,148.11,148.18,60.667564
2019-12-05 20:58:00,148.17,148.17,148.06,148.16,285.868881
2019-12-05 20:57:00,148.17,148.21,148.16,148.18,105.525816
2019-12-05 20:56:00,148.21,148.21,148.17,148.17,87.106386
2019-12-05 20:55:00,148.25,148.25,148.15,148.21,182.194063
2019-12-05 20:54:00,148.24,148.28,148.24,148.25,119.538167
2019-12-05 20:53:00,148.36,148.36,148.24,148.24,128.063966
2019-12-05 20:52:00,148.33,148.36,148.29,148.36,92.132309
2019-12-05 20:51:00,148.4,148.47,148.36,148.36,214.841924
2019-12-05 20:50:00,148.27,148.44,148.27,148.4,346.188607
2019-12-05 20:49:00,148.3,148.3,148.28,148.29,197.904438
2019-12-05 20:48:00,148.43,148.44,148.32,148.32,81.84551
2019-12-05 20:47:00,148.2,148.4,148.16,148.4,185.694461
2019-12-05 20:46:00,148.2,148.23,148.02,148.19,2372.258958
2019-12-05 20:45:00,148.13,148.21,148.12,148.21,137.990968
2019-12-05 20:44:00,148.21,148.21,148.07,148.1,51.064259
2019-12-05 20:43:00,148.3,148.3,148.2,148.2,8.207946
2019-12-05 20:42:00,148.15,148.27,148.15,148.27,422.517408
2019-12-05 20:41:00,148.43,148.43,148.18,148.18,232.456445
2019-12-05 20:40:00,148.48,148.49,148.44,148.44,138.206518
2019-12-05 20:39:00,148.49,148.5,148.49,148.49,52.758522
2019-12-05 20:38:00,148.61,148.61,148.5,148.5,70.150938
2019-12-05 20:37:00,148.72,148.72,148.62,148.62,166.598697
2019-12-05 20:36:00,148.73,148.82,148.73,148.74,450.420357
2019-12-05 20:35:00,148.59,148.73,148.58,148.73,180.453496
2019-12-05 20:34:00,148.58,148.65,148.57,148.58,141.084048
2019-12-05 20:33:00,148.62,148.62,148.51,148.58,41.101922
2019-12-05 20:32:00,148.51,148.62,148.43,148.62,217.331035
2019-12-05 20:31:00,148.35,148.51,148.35,148.51,102.600898
2019-12-05 20:30:00,148.36,148.46,148.35,148.36,626.141907
2019-12-05 20:29:00,148.37,148.39,148.23,148.36,173.254761
2019-12-05 20:28:00,148.42,148.46,148.34,148.37,457.445168
2019-12-05 20:27:00,148.77,148.79,148.41,148.42,919.154159
2019-12-05 20:26:00,148.84,148.85,148.66,148.81,903.138433
2019-12-05 20:25:00,148.61,148.83,148.59,148.83,738.923658
2019-12-05 20:24:00,148.62,148.64,148.41,148.61,332.593281
2019-12-05 20:23:00,148.34,148.89,148.34,148.62,1074.201721
2019-12-05 20:22:00,148.23,148.59,148.22,148.34,1807.449757
2019-12-05 20:21:00,148,148.23,148,148.23,376.922127
2019-12-05 20:20:00,147.94,148.01,147.94,148.01,123.016737
2019-12-05 20:19:00,147.81,147.92,147.8,147.92,214.362905
2019-12-05 20:18:00,147.7,147.82,147.7,147.82,76.772095
2019-12-05 20:17:00,147.66,147.8,147.63,147.71,472.136861
2019-12-05 20:16:00,147.76,147.76,147.61,147.7,276.83102
2019-12-05 20:15:00,147.8,147.97,147.66,147.78,438.604329
2019-12-05 20:14:00,147.79,148.12,147.71,147.8,2017.376264
2019-12-05 20:13:00,147.51,147.91,147.44,147.79,2205.809362
2019-12-05 20:12:00,147.35,147.58,147.34,147.53,685.453646
2019-12-05 20:11:00,147.21,147.35,147.21,147.34,134.041664
2019-12-05 20:10:00,147.23,147.31,147.18,147.21,135.887814
2019-12-05 20:09:00,147.01,147.29,147.01,147.21,177.072643
2019-12-05 20:08:00,147.09,147.09,147.01,147.03,522.188223
2019-12-05 20:07:00,147.08,147.2,147.08,147.09,1115.338447
2019-12-05 20:06:00,147.07,147.1,147.01,147.08,174.537818
2019-12-05 20:05:00,147.18,147.26,147.07,147.08,449.008183
2019-12-05 20:04:00,146.94,147.64,146.89,147.18,4292.385748
2019-12-05 20:03:00,146.81,146.94,146.77,146.94,34.401809
2019-12-05 20:02:00,146.9,146.95,146.76,146.81,120.07803
2019-12-05 20:01:00,146.74,146.99,146.74,146.9,310.811233
2019-12-05 20:00:00,146.53,146.74,146.51,146.74,224.237303
2019-12-05 19:59:00,146.51,146.51,146.51,146.51,1.385566
2019-12-05 19:58:00,146.48,146.51,146.48,146.51,100.420813
2019-12-05 19:57:00,146.53,146.57,146.52,146.53,55.125655
2019-12-05 19:56:00,146.59,146.59,146.54,146.54,11.150156
2019-12-05 19:55:00,146.64,146.65,146.58,146.58,82.23565
2019-12-05 19:54:00,146.64,146.64,146.64,146.64,0.325893
2019-12-05 19:53:00,146.66,146.67,146.66,146.66,53.650667
2019-12-05 19:52:00,146.58,146.71,146.58,146.66,112.774049
2019-12-05 19:51:00,146.58,146.58,146.56,146.56,6.368219
2019-12-05 19:50:00,146.64,146.65,146.58,146.58,51.919857
2019-12-05 19:49:00,146.6,146.64,146.6,146.64,19.005821
2019-12-05 19:48:00,146.62,146.62,146.6,146.6,73.100472
2019-12-05 19:47:00,146.69,146.7,146.62,146.62,116.021112
2019-12-05 19:46:00,146.85,146.89,146.68,146.69,345.570611
2019-12-05 19:45:00,146.79,146.85,146.79,146.85,4.386565
2019-12-05 19:44:00,146.76,146.79,146.76,146.79,6.435132
2019-12-05 19:43:00,146.82,146.82,146.77,146.77,32.63286
2019-12-05 19:42:00,146.72,146.81,146.72,146.81,405.514228
2019-12-05 19:41:00,146.73,146.74,146.69,146.72,4.169169
2019-12-05 19:40:00,146.74,146.75,146.73,146.73,18.97391
2019-12-05 19:39:00,146.82,146.82,146.74,146.74,47.29813
2019-12-05 19:38:00,146.77,146.89,146.77,146.89,259.592431
2019-12-05 19:37:00,146.75,146.75,146.72,146.73,7.408374
2019-12-05 19:36:00,146.63,146.78,146.63,146.78,57.603685
2019-12-05 19:35:00,146.49,146.64,146.49,146.63,38.022516
2019-12-05 19:34:00,146.45,146.48,146.45,146.48,5.987254
2019-12-05 19:33:00,146.49,146.49,146.47,146.47,48.062876
2019-12-05 19:32:00,146.46,146.49,146.46,146.49,4.198324
2019-12-05 19:31:00,146.42,146.47,146.42,146.46,25.131669
2019-12-05 19:30:00,146.41,146.52,146.41,146.44,66.832712
2019-12-05 19:29:00,146.46,146.5,146.42,146.42,46.113557
2019-12-05 19:28:00,146.4,146.45,146.4,146.45,0.217867
2019-12-05 19:27:00,146.51,146.51,146.39,146.4,132.792082
2019-12-05 19:26:00,146.5,146.55,146.5,146.51,52.650703
2019-12-05 19:25:00,146.5,146.53,146.47,146.47,23.962235
2019-12-05 19:24:00,146.43,146.46,146.36,146.46,166.829273
2019-12-05 19:23:00,146.46,146.47,146.36,146.42,217.471365
2019-12-05 19:22:00,146.53,146.55,146.44,146.44,51.009312
2019-12-05 19:21:00,146.55,146.56,146.5,146.53,25.211737
2019-12-05 19:20:00,146.68,146.68,146.53,146.58,446.442862
2019-12-05 19:19:00,146.69,146.71,146.65,146.67,274.144701
2019-12-05 19:18:00,146.74,146.74,146.69,146.69,82.803681
2019-12-05 19:17:00,146.75,146.75,146.69,146.71,80.927626
2019-12-05 19:16:00,146.86,146.86,146.77,146.77,20.107334
2019-12-05 19:15:00,146.86,146.9,146.81,146.88,109.896474
2019-12-05 19:14:00,146.81,146.9,146.81,146.9,3.478561
2019-12-05 19:13:00,146.84,146.84,146.75,146.81,28.155247
2019-12-05 19:12:00,146.75,146.86,146.75,146.84,47.142983
2019-12-05 19:11:00,146.81,146.81,146.69,146.71,200.489022
2019-12-05 19:10:00,146.79,146.88,146.79,146.81,68.713407
2019-12-05 19:09:00,146.66,146.8,146.66,146.79,78.384998
2019-12-05 19:08:00,146.85,146.85,146.69,146.7,204.064383
2019-12-05 19:07:00,146.61,146.84,146.6,146.84,515.537231
2019-12-05 19:06:00,146.54,146.61,146.54,146.61,98.583937
2019-12-05 19:05:00,146.59,146.66,146.43,146.52,201.994596
2019-12-05 19:04:00,146.66,146.69,146.53,146.62,320.281298
2019-12-05 19:03:00,146.87,147,146.67,146.67,1020.710845
2019-12-05 19:02:00,146.86,146.88,146.84,146.88,112.336427
2019-12-05 19:01:00,146.73,146.88,146.73,146.88,17.906751
2019-12-05 19:00:00,146.8,146.8,146.65,146.72,27.187766
2019-12-05 18:59:00,146.73,146.81,146.73,146.8,40.370798
2019-12-05 18:58:00,146.65,146.7,146.64,146.7,4.35338
2019-12-05 18:57:00,146.51,146.64,146.51,146.64,239.81335
2019-12-05 18:56:00,146.47,146.47,146.47,146.47,8.028883
2019-12-05 18:55:00,146.54,146.54,146.46,146.46,13.287865
2019-12-05 18:54:00,146.53,146.56,146.49,146.53,20.322871
2019-12-05 18:53:00,146.54,146.6,146.53,146.58,74.245744
2019-12-05 18:52:00,146.49,146.57,146.49,146.54,90.602275
2019-12-05 18:51:00,146.48,146.52,146.48,146.49,28.236291
2019-12-05 18:50:00,146.49,146.53,146.49,146.5,23.799323
2019-12-05 18:49:00,146.52,146.55,146.36,146.48,255.856396
2019-12-05 18:48:00,146.58,146.63,146.55,146.55,120.437022
2019-12-05 18:47:00,146.65,146.69,146.57,146.62,279.371242
2019-12-05 18:46:00,146.62,146.72,146.61,146.68,64.479985
2019-12-05 18:45:00,146.89,146.97,146.58,146.63,653.840403
2019-12-05 18:44:00,146.42,146.96,146.42,146.9,1853.269116
2019-12-05 18:43:00,146.26,146.42,146.26,146.42,112.92184
2019-12-05 18:42:00,146.2,146.27,146.2,146.26,3.470521
2019-12-05 18:41:00,146.28,146.29,146.18,146.21,54.572486
2019-12-05 18:40:00,146.31,146.34,146.27,146.28,123.2503
2019-12-05 18:39:00,146.35,146.35,146.29,146.31,73.513018
2019-12-05 18:38:00,146.36,146.44,146.35,146.4,12.21827
2019-12-05 18:37:00,146.54,146.54,146.36,146.41,219.416418
2019-12-05 18:36:00,146.47,146.55,146.47,146.53,24.170383
2019-12-05 18:35:00,146.42,146.49,146.38,146.45,15.985212
2019-12-05 18:34:00,146.33,146.4,146.31,146.4,126.610073
2019-12-05 18:33:00,146.38,146.38,146.37,146.37,102.230631
2019-12-05 18:32:00,146.34,146.44,146.34,146.38,76.760387
2019-12-05 18:31:00,146.26,146.38,146.26,146.38,626.068936
2019-12-05 18:30:00,146.31,146.32,146.22,146.25,520.455357
2019-12-05 18:29:00,146.25,146.32,146.25,146.32,13.902949
2019-12-05 18:28:00,146.32,146.33,146.26,146.26,68.063633
2019-12-05 18:27:00,146.31,146.4,146.31,146.32,69.937303
2019-12-05 18:26:00,146.36,146.36,146.3,146.31,1.46384
2019-12-05 18:25:00,146.36,146.36,146.3,146.36,108.41368
2019-12-05 18:24:00,146.5,146.5,146.38,146.4,117.604422
2019-12-05 18:23:00,146.39,146.53,146.39,146.51,176.819205
2019-12-05 18:22:00,146.36,146.39,146.35,146.39,1.143905
2019-12-05 18:21:00,146.25,146.39,146.24,146.37,875.844211
2019-12-05 18:20:00,146.19,146.25,146.19,146.24,62.329261
2019-12-05 18:19:00,146.17,146.18,146.16,146.18,10.685407
2019-12-05 18:18:00,146.1,146.21,146.1,146.17,189.570901
2019-12-05 18:17:00,146.06,146.09,146.06,146.09,59.69991
2019-12-05 18:16:00,146.05,146.06,146.05,146.06,0.779609
2019-12-05 18:15:00,146.1,146.11,146,146.05,527.181574
2019-12-05 18:14:00,146.1,146.12,146.05,146.09,37.27302
2019-12-05 18:13:00,146.1,146.11,146.07,146.1,61.964514
2019-12-05 18:12:00,146.05,146.1,146,146.1,886.363998
2019-12-05 18:11:00,146.1,146.14,146.05,146.05,41.266854
2019-12-05 18:10:00,146.12,146.12,146.06,146.09,69.334354
2019-12-05 18:09:00,146.1,146.12,146.09,146.12,33.893257
2019-12-05 18:08:00,146.06,146.1,146.06,146.1,1.178519
2019-12-05 18:07:00,146.03,146.06,146.03,146.06,43.479768
2019-12-05 18:06:00,146.06,146.07,146.02,146.02,36.552082
2019-12-05 18:05:00,146.06,146.06,146.05,146.05,13.127255
2019-12-05 18:04:00,146.05,146.08,145.97,146.06,66.928475
2019-12-05 18:03:00,145.98,146.05,145.98,146.05,30.027927
2019-12-05 18:02:00,146.05,146.05,145.99,145.99,31.885356
2019-12-05 18:01:00,145.98,146.04,145.95,146.04,7.225584
2019-12-05 18:00:00,145.8,145.98,145.8,145.97,308.846694
2019-12-05 17:59:00,145.88,145.88,145.78,145.8,115.268537
2019-12-05 17:58:00,145.92,145.92,145.89,145.89,29.951134
2019-12-05 17:57:00,145.93,145.94,145.87,145.91,36.290754
2019-12-05 17:56:00,145.97,145.97,145.84,145.92,312.550052
2019-12-05 17:55:00,145.93,146,145.91,145.98,78.396823
2019-12-05 17:54:00,145.94,146.02,145.87,145.94,166.488993
2019-12-05 17:53:00,145.93,145.93,145.89,145.91,10.9648
2019-12-05 17:52:00,145.93,145.96,145.92,145.92,76.223937
2019-12-05 17:51:00,145.9,145.93,145.84,145.93,39.652678
2019-12-05 17:50:00,145.95,145.98,145.94,145.94,29.543515
2019-12-05 17:49:00,145.99,145.99,145.9,145.96,120.349315
2019-12-05 17:48:00,146.03,146.03,146.02,146.02,0.630516
2019-12-05 17:47:00,145.99,146.06,145.99,146.03,39.575332
2019-12-05 17:46:00,146,146.01,146,146,55.621559
2019-12-05 17:45:00,145.99,146.08,145.99,146.03,41.185545
2019-12-05 17:44:00,145.98,146.02,145.95,145.96,45.710572
2019-12-05 17:43:00,146.01,146.01,145.97,145.98,98.839485
2019-12-05 17:42:00,146.06,146.06,145.95,146.02,89.176984
2019-12-05 17:41:00,146,146.08,145.97,146.07,124.631076
2019-12-05 17:40:00,146.07,146.07,145.95,146,7.69538
2019-12-05 17:39:00,145.95,146.07,145.95,146.07,54.780359
2019-12-05 17:38:00,146.05,146.06,145.89,145.93,27.480305
2019-12-05 17:37:00,145.92,146.05,145.92,146.05,18.701038
2019-12-05 17:36:00,145.82,145.92,145.79,145.92,149.763549
2019-12-05 17:35:00,145.88,145.88,145.8,145.81,21.313937
2019-12-05 17:34:00,145.74,145.92,145.74,145.88,17.82357
2019-12-05 17:33:00,145.78,145.81,145.73,145.77,81.637865
2019-12-05 17:32:00,145.88,145.96,145.79,145.79,154.094491
2019-12-05 17:31:00,145.77,145.92,145.75,145.88,42.60986
2019-12-05 17:30:00,145.97,145.97,145.74,145.77,444.399379
2019-12-05 17:29:00,146.07,146.07,145.97,145.97,124.397797
2019-12-05 17:28:00,146.01,146.08,145.94,146.07,227.840632
2019-12-05 17:27:00,145.99,146.04,145.99,146.01,11.210967
2019-12-05 17:26:00,146.01,146.07,145.96,145.97,31.078656
2019-12-05 17:25:00,145.92,146.02,145.92,146.01,105.54789
2019-12-05 17:24:00,146.03,146.03,145.91,145.91,114.650936
2019-12-05 17:23:00,145.99,146.05,145.96,146.04,33.310975
2019-12-05 17:22:00,146,146.11,145.88,145.99,227.704537
2019-12-05 17:21:00,145.96,146,145.83,146,141.959957
2019-12-05 17:20:00,146.06,146.06,145.91,145.96,204.978405
2019-12-05 17:19:00,146.07,146.07,145.9,146.02,537.977313
2019-12-05 17:18:00,146.08,146.11,146.04,146.08,50.10835
2019-12-05 17:17:00,146.19,146.25,146.04,146.07,144.604849
2019-12-05 17:16:00,146.29,146.31,146.16,146.2,58.10694
2019-12-05 17:15:00,146.26,146.41,146.26,146.29,42.249197
2019-12-05 17:14:00,146.14,146.25,146.14,146.25,419.106269
2019-12-05 17:13:00,146.06,146.16,145.99,146.16,633.773575
2019-12-05 17:12:00,146.06,146.07,145.99,146.07,828.620842
2019-12-05 17:11:00,146.04,146.1,145.9,146.09,327.68383
2019-12-05 17:10:00,146.04,146.17,146.03,146.05,84.858688
2019-12-05 17:09:00,146.2,146.2,146.02,146.04,375.028798
2019-12-05 17:08:00,146.05,146.25,146.03,146.2,458.091139
2019-12-05 17:07:00,146.38,146.38,146,146.04,1318.300068
2019-12-05 17:06:00,146.56,146.56,146.36,146.38,563.31014
2019-12-05 17:05:00,146.25,146.89,146.25,146.6,5437.938771
2019-12-05 17:04:00,146,146.26,145.97,146.25,141.393154
2019-12-05 17:03:00,146.19,146.21,145.94,146,356.495297
2019-12-05 17:02:00,145.86,146.23,145.86,146.18,659.888
2019-12-05 17:01:00,145.83,145.86,145.81,145.86,136.126729
2019-12-05 17:00:00,145.81,145.84,145.81,145.82,262.770435
2019-12-05 16:59:00,145.87,145.89,145.8,145.8,103.168476
2019-12-05 16:58:00,145.92,145.92,145.81,145.83,170.559092
2019-12-05 16:57:00,145.92,145.93,145.92,145.93,1.314162
2019-12-05 16:56:00,145.93,145.93,145.89,145.92,30.046367
2019-12-05 16:55:00,145.98,146,145.88,145.89,268.891701
2019-12-05 16:54:00,145.88,145.98,145.88,145.98,285.989834
2019-12-05 16:53:00,145.83,145.89,145.83,145.87,233.764828
2019-12-05 16:52:00,145.8,145.94,145.8,145.89,205.934168
2019-12-05 16:51:00,145.8,145.81,145.8,145.8,26.906397
2019-12-05 16:50:00,145.85,145.85,145.8,145.8,198.90098
2019-12-05 16:49:00,145.62,145.86,145.59,145.86,215.360913
2019-12-05 16:48:00,145.54,145.66,145.54,145.64,272.438638
2019-12-05 16:47:00,145.47,145.53,145.47,145.51,153.937576
2019-12-05 16:46:00,145.46,145.48,145.46,145.48,3.058801
2019-12-05 16:45:00,145.45,145.46,145.41,145.46,143.053012
2019-12-05 16:44:00,145.5,145.5,145.39,145.45,214.686215
2019-12-05 16:43:00,145.55,145.55,145.5,145.5,1.666806
2019-12-05 16:42:00,145.58,145.6,145.51,145.55,126.889756
2019-12-05 16:41:00,145.78,145.78,145.63,145.63,154.24769
2019-12-05 16:40:00,145.74,145.81,145.74,145.78,17.605139
2019-12-05 16:39:00,145.81,145.81,145.72,145.74,45.721168
2019-12-05 16:38:00,145.86,145.86,145.81,145.84,16.935795
2019-12-05 16:37:00,145.84,145.9,145.84,145.85,76.671214
2019-12-05 16:36:00,145.85,145.9,145.85,145.85,304.062606
2019-12-05 16:35:00,145.83,145.89,145.83,145.84,130.477486
2019-12-05 16:34:00,145.71,145.88,145.71,145.84,852.470112
2019-12-05 16:33:00,145.76,145.76,145.69,145.73,152.296025
2019-12-05 16:32:00,145.73,145.78,145.73,145.76,161.620752
2019-12-05 16:31:00,145.7,145.76,145.7,145.73,166.804681
2019-12-05 16:30:00,145.66,145.7,145.65,145.7,120.133519
2019-12-05 16:29:00,145.64,145.66,145.64,145.65,3.590206
2019-12-05 16:28:00,145.7,145.7,145.63,145.64,6.763314
2019-12-05 16:27:00,145.62,145.69,145.62,145.69,125.846633
2019-12-05 16:26:00,145.65,145.65,145.61,145.62,69.028028
2019-12-05 16:25:00,145.69,145.71,145.65,145.65,1817.444452
2019-12-05 16:24:00,145.62,145.7,145.62,145.69,158.361761
2019-12-05 16:23:00,145.61,145.62,145.61,145.61,65.222044
2019-12-05 16:22:00,145.62,145.66,145.61,145.61,61.898608
2019-12-05 16:21:00,145.59,145.62,145.56,145.62,24.174011
2019-12-05 16:20:00,145.56,145.57,145.56,145.57,4.364158
2019-12-05 16:19:00,145.6,145.6,145.55,145.55,15.451878
2019-12-05 16:18:00,145.51,145.62,145.51,145.6,9.663726
2019-12-05 16:17:00,145.56,145.56,145.47,145.51,115.941631
2019-12-05 16:16:00,145.6,145.61,145.55,145.55,77.237413
2019-12-05 16:15:00,145.58,145.59,145.58,145.59,30.531813
2019-12-05 16:14:00,145.6,145.64,145.49,145.54,18.982822
2019-12-05 16:13:00,145.61,145.67,145.54,145.6,148.255567
2019-12-05 16:12:00,145.52,145.68,145.52,145.61,343.038636
2019-12-05 16:11:00,145.39,145.55,145.37,145.54,396.026948
2019-12-05 16:10:00,145.44,145.44,145.39,145.39,3.306854
2019-12-05 16:09:00,145.46,145.47,145.44,145.44,102.537434
2019-12-05 16:08:00,145.47,145.47,145.43,145.44,22.174802
2019-12-05 16:07:00,145.44,145.48,145.44,145.48,11.830428
2019-12-05 16:06:00,145.49,145.49,145.4,145.41,50.952297
2019-12-05 16:05:00,145.46,145.49,145.44,145.49,50.71884
2019-12-05 16:04:00,145.34,145.54,145.34,145.47,121.730273
2019-12-05 16:03:00,145.41,145.41,145.28,145.34,135.238588
2019-12-05 16:02:00,145.45,145.48,145.39,145.41,25.550306
2019-12-05 16:01:00,145.65,145.66,145.44,145.45,208.852697
2019-12-05 16:00:00,145.65,145.67,145.65,145.65,16.517115
2019-12-05 15:59:00,145.65,145.65,145.62,145.64,4.891374
2019-12-05 15:58:00,145.57,145.68,145.57,145.65,38.206144
2019-12-05 15:57:00,145.6,145.6,145.57,145.58,82.454308
2019-12-05 15:56:00,145.67,145.67,145.6,145.61,52.507207
2019-12-05 15:55:00,145.73,145.8,145.67,145.67,36.197365
2019-12-05 15:54:00,145.75,145.75,145.7,145.72,117.812331
2019-12-05 15:53:00,145.75,145.82,145.73,145.73,264.510142
2019-12-05 15:52:00,145.73,145.75,145.72,145.75,110.86658
2019-12-05 15:51:00,145.65,145.74,145.63,145.7,60.833017
2019-12-05 15:50:00,145.55,145.65,145.55,145.65,9.945732
2019-12-05 15:49:00,145.6,145.63,145.59,145.59,16.414691
2019-12-05 15:48:00,145.55,145.6,145.55,145.6,27.121512
2019-12-05 15:47:00,145.53,145.57,145.53,145.55,15.838961
2019-12-05 15:46:00,145.55,145.55,145.53,145.53,45.960191
2019-12-05 15:45:00,145.51,145.55,145.51,145.54,73.592791
2019-12-05 15:44:00,145.59,145.59,145.49,145.52,158.243036
2019-12-05 15:43:00,145.52,145.59,145.52,145.59,71.030441
2019-12-05 15:42:00,145.51,145.51,145.47,145.51,41.143507
2019-12-05 15:41:00,145.43,145.51,145.43,145.51,25.525921
2019-12-05 15:40:00,145.41,145.43,145.41,145.42,60.692716
2019-12-05 15:39:00,145.43,145.46,145.39,145.4,42.004085
2019-12-05 15:38:00,145.38,145.45,145.37,145.43,49.829909
2019-12-05 15:37:00,145.42,145.42,145.34,145.38,145.565772
2019-12-05 15:36:00,145.4,145.44,145.37,145.43,32.868563
2019-12-05 15:35:00,145.37,145.42,145.36,145.41,17.199345
2019-12-05 15:34:00,145.31,145.37,145.31,145.37,47.647768
2019-12-05 15:33:00,145.4,145.4,145.3,145.3,280.034609
2019-12-05 15:32:00,145.41,145.46,145.35,145.4,261.699417
2019-12-05 15:31:00,145.42,145.43,145.34,145.4,659.477846
2019-12-05 15:30:00,145.47,145.49,145.4,145.43,513.155347
2019-12-05 15:29:00,145.42,145.56,145.42,145.48,158.506659
2019-12-05 15:28:00,145.45,145.45,145.38,145.43,77.254322
2019-12-05 15:27:00,145.48,145.48,145.44,145.45,19.870847
2019-12-05 15:26:00,145.49,145.49,145.45,145.49,23.217168
2019-12-05 15:25:00,145.46,145.59,145.43,145.5,261.267464
2019-12-05 15:24:00,145.46,145.46,145.43,145.43,6.469324
2019-12-05 15:23:00,145.42,145.48,145.4,145.42,69.5877
2019-12-05 15:22:00,145.4,145.46,145.39,145.42,350.269616
2019-12-05 15:21:00,145.4,145.4,145.39,145.39,0.663827
2019-12-05 15:20:00,145.42,145.42,145.35,145.4,1.507975
2019-12-05 15:19:00,145.43,145.48,145.36,145.38,113.18275
2019-12-05 15:18:00,145.36,145.57,145.35,145.46,73.37453
2019-12-05 15:17:00,145.39,145.39,145.29,145.36,76.612675
2019-12-05 15:16:00,145.3,145.42,145.3,145.39,48.242083
2019-12-05 15:15:00,145.19,145.29,145.09,145.29,53.191678
2019-12-05 15:14:00,145.24,145.31,145.2,145.2,73.446042
2019-12-05 15:13:00,145.31,145.31,145.23,145.23,63.5801
2019-12-05 15:12:00,145.38,145.38,145.28,145.3,269.440659
2019-12-05 15:11:00,145.36,145.47,145.32,145.39,155.110066
2019-12-05 15:10:00,145.34,145.42,145.34,145.39,43.063546
2019-12-05 15:09:00,145.3,145.42,145.28,145.34,133.909657
2019-12-05 15:08:00,145.3,145.35,145.22,145.29,138.404747
2019-12-05 15:07:00,145.37,145.38,145.27,145.32,393.198527
2019-12-05 15:06:00,145.65,145.65,145.33,145.37,1411.011829
2019-12-05 15:05:00,145.66,145.66,145.61,145.65,12.170691
2019-12-05 15:04:00,145.73,145.73,145.66,145.66,33.144699
2019-12-05 15:03:00,145.72,145.74,145.7,145.71,7.586546
2019-12-05 15:02:00,145.81,145.81,145.71,145.71,16.583766
2019-12-05 15:01:00,145.79,145.82,145.77,145.81,4.322701
2019-12-05 15:00:00,145.78,145.81,145.75,145.8,41.059838
2019-12-05 14:59:00,145.79,145.8,145.71,145.78,28.266636
2019-12-05 14:58:00,145.8,145.8,145.74,145.8,83.079219
2019-12-05 14:57:00,145.8,145.87,145.78,145.8,390.299217
2019-12-05 14:56:00,145.79,145.8,145.79,145.8,1.49632
2019-12-05 14:55:00,145.77,145.8,145.77,145.8,2.512522
2019-12-05 14:54:00,145.75,145.78,145.75,145.77,1.046487
2019-12-05 14:53:00,145.75,145.75,145.73,145.73,0.01762
2019-12-05 14:52:00,145.78,145.79,145.75,145.75,8.496404
2019-12-05 14:51:00,145.73,145.79,145.69,145.79,0.668929
2019-12-05 14:50:00,145.77,145.77,145.72,145.73,15.832179
2019-12-05 14:49:00,145.79,145.79,145.77,145.77,7.096297
2019-12-05 14:48:00,145.72,145.81,145.72,145.8,402.876136
2019-12-05 14:47:00,145.7,145.76,145.7,145.73,59.620754
2019-12-05 14:46:00,145.7,145.72,145.64,145.71,254.9324
2019-12-05 14:45:00,145.59,145.71,145.59,145.71,23.889256
2019-12-05 14:44:00,145.66,145.71,145.59,145.59,74.926912
2019-12-05 14:43:00,145.66,145.73,145.66,145.69,13.062328
2019-12-05 14:42:00,145.69,145.72,145.67,145.67,24.970251
2019-12-05 14:41:00,145.79,145.79,145.68,145.68,11.284732
2019-12-05 14:40:00,145.76,145.8,145.75,145.79,32.611018
2019-12-05 14:39:00,145.84,145.84,145.68,145.76,450.991812
2019-12-05 14:38:00,145.87,145.93,145.86,145.88,20.025555
2019-12-05 14:37:00,145.86,145.96,145.86,145.87,77.676479
2019-12-05 14:36:00,145.89,145.92,145.84,145.84,84.725702
2019-12-05 14:35:00,145.98,145.99,145.88,145.89,215.097775
2019-12-05 14:34:00,146.03,146.1,145.97,145.98,21.778541
2019-12-05 14:33:00,145.96,146,145.94,146,9.115879
2019-12-05 14:32:00,145.93,145.97,145.91,145.95,36.103905
2019-12-05 14:31:00,146,146.01,145.95,145.95,18.252303
2019-12-05 14:30:00,146.04,146.04,145.96,146,14.654905
2019-12-05 14:29:00,146.1,146.11,145.95,146.01,99.565895
2019-12-05 14:28:00,145.96,146.12,145.92,146.09,157.908198
2019-12-05 14:27:00,145.78,145.96,145.78,145.96,66.230022
2019-12-05 14:26:00,145.76,145.82,145.76,145.78,43.339702
2019-12-05 14:25:00,145.58,145.77,145.58,145.76,239.932449
2019-12-05 14:24:00,145.58,145.59,145.57,145.57,15.008819
2019-12-05 14:23:00,145.52,145.59,145.52,145.58,162.705257
2019-12-05 14:22:00,145.56,145.56,145.51,145.55,10.930172
2019-12-05 14:21:00,145.58,145.59,145.52,145.56,9.430842
2019-12-05 14:20:00,145.58,145.61,145.5,145.59,28.478451
2019-12-05 14:19:00,145.51,145.58,145.51,145.58,12.73724
2019-12-05 14:18:00,145.51,145.53,145.5,145.53,0.899117
2019-12-05 14:17:00,145.59,145.59,145.46,145.52,90.661303
2019-12-05 14:16:00,145.61,145.64,145.57,145.59,6.520056
2019-12-05 14:15:00,145.65,145.67,145.61,145.63,152.222516
2019-12-05 14:14:00,145.46,145.67,145.46,145.67,276.664415
2019-12-05 14:13:00,145.39,145.5,145.38,145.47,44.088935
2019-12-05 14:12:00,145.35,145.43,145.35,145.39,98.59441
2019-12-05 14:11:00,145.54,145.55,145.39,145.39,31.49571
2019-12-05 14:10:00,145.37,145.55,145.33,145.55,130.98197
2019-12-05 14:09:00,145.34,145.41,145.32,145.39,37.998593
2019-12-05 14:08:00,145.38,145.47,145.27,145.33,96.104562
2019-12-05 14:07:00,145.53,145.53,145.37,145.39,75.710402
2019-12-05 14:06:00,145.44,145.56,145.39,145.52,542.90295
2019-12-05 14:05:00,145.56,145.58,145.37,145.42,618.1232
2019-12-05 14:04:00,145.56,145.65,145.52,145.57,41.719257
2019-12-05 14:03:00,145.74,145.74,145.55,145.55,198.813365
2019-12-05 14:02:00,145.83,145.87,145.76,145.77,272.39772
2019-12-05 14:01:00,145.84,145.94,145.81,145.81,94.63043
2019-12-05 14:00:00,145.74,145.96,145.74,145.86,101.915419
2019-12-05 13:59:00,145.63,145.77,145.63,145.77,65.13634
2019-12-05 13:58:00,145.7,145.8,145.63,145.63,91.463488
2019-12-05 13:57:00,145.91,145.91,145.66,145.71,182.72449
2019-12-05 13:56:00,145.76,145.94,145.69,145.94,317.488701
2019-12-05 13:55:00,145.74,145.86,145.72,145.77,96.750268
2019-12-05 13:54:00,145.77,145.86,145.71,145.74,532.684508
2019-12-05 13:53:00,145.75,145.81,145.72,145.78,295.940358
2019-12-05 13:52:00,145.77,145.85,145.73,145.75,113.548981
2019-12-05 13:51:00,145.86,145.86,145.67,145.77,64.321704
2019-12-05 13:50:00,145.91,145.91,145.83,145.84,43.848617
2019-12-05 13:49:00,145.9,145.92,145.76,145.92,195.148522
2019-12-05 13:48:00,145.9,146.01,145.9,145.93,216.192712
2019-12-05 13:47:00,146.06,146.06,145.89,145.91,299.618773
2019-12-05 13:46:00,146,146.06,145.91,146.05,187.701062
2019-12-05 13:45:00,145.76,146.06,145.76,146.01,206.243396
2019-12-05 13:44:00,145.76,145.85,145.74,145.76,48.530931
2019-12-05 13:43:00,145.72,145.8,145.7,145.78,60.330243
2019-12-05 13:42:00,145.81,145.84,145.7,145.72,130.905445
2019-12-05 13:41:00,145.59,145.82,145.59,145.8,339.68514
2019-12-05 13:40:00,145.69,145.75,145.56,145.56,264.543971
2019-12-05 13:39:00,145.64,145.85,145.59,145.68,979.045768
2019-12-05 13:38:00,145.8,146.07,145.58,145.59,1346.953985
2019-12-05 13:37:00,145.75,145.83,145.53,145.83,812.858778
2019-12-05 13:36:00,145.76,146.25,145.76,145.76,1777.936426
2019-12-05 13:35:00,145.53,145.81,145.53,145.75,1353.712015
2019-12-05 13:34:00,145.65,145.65,145.54,145.55,216.536835
2019-12-05 13:33:00,145.56,145.75,145.5,145.61,777.246995
2019-12-05 13:32:00,145.49,145.68,145.44,145.57,358.769055
2019-12-05 13:31:00,145.57,145.58,145.44,145.51,444.739675
2019-12-05 13:30:00,145.72,145.9,145.47,145.51,1115.583791
2019-12-05 13:29:00,145.54,145.89,145.46,145.69,1520.2016
2019-12-05 13:28:00,145.54,146.17,145.49,145.53,3453.781165
2019-12-05 13:27:00,145.44,145.55,145.22,145.55,1193.502276
2019-12-05 13:26:00,145.44,145.53,145.31,145.43,677.732762
2019-12-05 13:25:00,145.22,145.64,145.22,145.5,722.666501
2019-12-05 13:24:00,145,145.24,145,145.22,151.667908
2019-12-05 13:23:00,145.25,145.26,145,145.01,469.654406
2019-12-05 13:22:00,145.08,145.36,145.08,145.28,572.843399
2019-12-05 13:21:00,145.06,145.45,145.05,145.08,1595.459349
2019-12-05 13:20:00,144.81,145.15,144.72,145.05,777.11154
2019-12-05 13:19:00,144.79,144.89,144.67,144.76,745.933165
2019-12-05 13:18:00,144.59,145.24,144.59,144.8,2316.63749
2019-12-05 13:17:00,144.6,144.64,144.52,144.59,112.853417
2019-12-05 13:16:00,144.51,144.69,144.51,144.6,180.958821
2019-12-05 13:15:00,144.48,144.55,144.46,144.52,52.477431
2019-12-05 13:14:00,144.56,144.57,144.46,144.48,291.262347
2019-12-05 13:13:00,144.59,144.61,144.54,144.56,109.271923
2019-12-05 13:12:00,144.63,144.64,144.52,144.58,161.897798
2019-12-05 13:11:00,144.6,144.69,144.51,144.56,363.666369
2019-12-05 13:10:00,144.5,144.64,144.5,144.62,463.115065
2019-12-05 13:09:00,144.45,144.49,144.35,144.45,165.046882
2019-12-05 13:08:00,144.48,144.48,144.38,144.46,308.545877
2019-12-05 13:07:00,144.49,144.69,144.45,144.47,2885.329848
2019-12-05 13:06:00,144.47,144.62,144.46,144.49,278.981974
2019-12-05 13:05:00,144.54,144.54,144.4,144.47,6179.554004
2019-12-05 13:04:00,144.59,144.61,144.54,144.54,143.012985
2019-12-05 13:03:00,144.54,144.6,144.54,144.6,20.442014
2019-12-05 13:02:00,144.56,144.62,144.51,144.54,5.478213
2019-12-05 13:01:00,144.58,144.66,144.52,144.55,100.591182
2019-12-05 13:00:00,144.68,144.68,144.51,144.56,174.163086
2019-12-05 12:59:00,144.55,144.74,144.55,144.68,105.855522
2019-12-05 12:58:00,144.59,144.63,144.55,144.59,154.023975
2019-12-05 12:57:00,144.77,144.77,144.58,144.61,58.590698
2019-12-05 12:56:00,144.69,144.8,144.66,144.77,144.258247
2019-12-05 12:55:00,144.71,144.74,144.68,144.71,69.918765
2019-12-05 12:54:00,144.69,144.75,144.62,144.65,407.658038
2019-12-05 12:53:00,144.81,144.81,144.6,144.69,1058.010206
2019-12-05 12:52:00,144.63,144.89,144.63,144.79,837.573983
2019-12-05 12:51:00,144.52,144.69,144.52,144.63,244.244054
2019-12-05 12:50:00,144.67,144.67,144.48,144.52,116.735993
2019-12-05 12:49:00,144.64,144.7,144.54,144.68,226.218603
2019-12-05 12:48:00,144.65,144.75,144.48,144.61,224.420881
2019-12-05 12:47:00,144.61,144.67,144.41,144.61,2121.395404
2019-12-05 12:46:00,144.67,144.67,144.39,144.6,645.287561
2019-12-05 12:45:00,144.64,144.84,144.34,144.67,1257.740569
2019-12-05 12:44:00,144.11,144.95,143.83,144.66,4158.059972
2019-12-05 12:43:00,145.13,145.13,144.11,144.11,2349.072935
2019-12-05 12:42:00,145.17,145.7,145.14,145.15,1955.436477
2019-12-05 12:41:00,145.81,145.92,145.03,145.17,5276.225595
2019-12-05 12:40:00,144.89,146.46,144.89,145.81,7120.431021
2019-12-05 12:39:00,144.82,144.9,144.76,144.89,154.643575
2019-12-05 12:38:00,144.82,144.86,144.76,144.79,339.690864
2019-12-05 12:37:00,144.7,144.81,144.7,144.81,263.764158
2019-12-05 12:36:00,144.7,144.7,144.7,144.7,20.114035
2019-12-05 12:35:00,144.66,144.69,144.66,144.69,10.782688
2019-12-05 12:34:00,144.68,144.71,144.66,144.66,62.023608
2019-12-05 12:33:00,144.69,144.69,144.66,144.68,34.32865
2019-12-05 12:32:00,144.7,144.73,144.69,144.69,122.352364
2019-12-05 12:31:00,144.66,144.7,144.66,144.7,26.405207
2019-12-05 12:30:00,144.64,144.66,144.63,144.66,31.61323
2019-12-05 12:29:00,144.67,144.72,144.63,144.63,279.702745
2019-12-05 12:28:00,144.66,144.71,144.66,144.67,48.800779
2019-12-05 12:27:00,144.61,144.65,144.61,144.65,4.107899
2019-12-05 12:26:00,144.59,144.65,144.59,144.61,7.179387
2019-12-05 12:25:00,144.66,144.66,144.62,144.64,11.075071
2019-12-05 12:24:00,144.6,144.67,144.6,144.67,81.974371
2019-12-05 12:23:00,144.6,144.65,144.6,144.6,36.104548
2019-12-05 12:22:00,144.71,144.71,144.59,144.59,235.754806
2019-12-05 12:21:00,144.75,144.75,144.71,144.72,5.521313
2019-12-05 12:20:00,144.68,144.82,144.68,144.72,2816.732305
2019-12-05 12:19:00,144.7,144.71,144.7,144.71,20.425877
2019-12-05 12:18:00,144.69,144.71,144.69,144.71,1.769627
2019-12-05 12:17:00,144.67,144.71,144.67,144.71,28.01482
2019-12-05 12:16:00,144.62,144.65,144.62,144.62,7.606996
2019-12-05 12:15:00,144.67,144.67,144.61,144.66,32.05067
2019-12-05 12:14:00,144.67,144.68,144.61,144.67,38.985037
2019-12-05 12:13:00,144.71,144.71,144.67,144.67,61.82369
2019-12-05 12:12:00,144.72,144.72,144.71,144.71,46.891858
2019-12-05 12:11:00,144.71,144.75,144.71,144.72,243.537051
2019-12-05 12:10:00,144.7,144.72,144.68,144.7,97.869002
2019-12-05 12:09:00,144.73,144.75,144.72,144.72,23.579329
2019-12-05 12:08:00,144.82,144.86,144.72,144.72,75.084251
2019-12-05 12:07:00,144.89,144.89,144.84,144.84,432.107797
2019-12-05 12:06:00,144.81,144.89,144.81,144.89,179.906507
2019-12-05 12:05:00,144.83,144.83,144.8,144.81,39.584467
2019-12-05 12:04:00,144.81,144.84,144.81,144.84,28.824525
2019-12-05 12:03:00,144.83,144.84,144.8,144.84,129.574404
2019-12-05 12:02:00,144.87,144.87,144.83,144.84,68.321729
2019-12-05 12:01:00,144.9,144.92,144.82,144.88,102.26151
2019-12-05 12:00:00,145,145,144.85,144.86,126.986437
2019-12-05 11:59:00,144.98,144.99,144.98,144.99,40.482261
2019-12-05 11:58:00,144.92,144.97,144.92,144.97,31.58492
2019-12-05 11:57:00,144.94,144.94,144.92,144.92,123.399817
2019-12-05 11:56:00,144.96,144.96,144.93,144.95,11.062771
2019-12-05 11:55:00,144.82,144.96,144.82,144.96,8.795167
2019-12-05 11:54:00,144.79,144.82,144.79,144.82,8.501892
2019-12-05 11:53:00,144.79,144.82,144.79,144.8,55.545253
2019-12-05 11:52:00,144.78,144.79,144.78,144.79,100.757508
2019-12-05 11:51:00,144.81,144.81,144.77,144.78,175.284731
2019-12-05 11:50:00,144.74,144.82,144.74,144.82,150.837994
2019-12-05 11:49:00,144.74,144.78,144.74,144.74,9.143152
2019-12-05 11:48:00,144.73,144.78,144.66,144.74,185.19242
2019-12-05 11:47:00,144.63,144.68,144.59,144.68,148.663604
2019-12-05 11:46:00,144.72,144.72,144.6,144.6,653.214032
2019-12-05 11:45:00,144.72,144.72,144.71,144.72,57.139892
2019-12-05 11:44:00,144.75,144.76,144.69,144.72,45.063011
2019-12-05 11:43:00,144.74,144.77,144.69,144.76,45.352565
2019-12-05 11:42:00,144.76,144.76,144.74,144.74,24.777106
2019-12-05 11:41:00,144.72,144.79,144.72,144.78,14.093456
2019-12-05 11:40:00,144.69,144.73,144.68,144.72,53.70199
2019-12-05 11:39:00,144.68,144.71,144.68,144.69,26.254515
2019-12-05 11:38:00,144.74,144.75,144.67,144.67,106.79903
2019-12-05 11:37:00,144.76,144.76,144.68,144.72,135.626537
2019-12-05 11:36:00,144.8,144.81,144.73,144.75,117.000708
2019-12-05 11:35:00,144.8,144.81,144.8,144.8,1.936582
2019-12-05 11:34:00,144.82,144.83,144.8,144.8,43.335085
2019-12-05 11:33:00,144.77,144.84,144.77,144.83,62.06821
2019-12-05 11:32:00,144.75,144.79,144.75,144.77,19.762556
2019-12-05 11:31:00,144.78,144.78,144.75,144.75,41.501685
2019-12-05 11:30:00,144.69,144.78,144.69,144.78,25.846013
2019-12-05 11:29:00,144.67,144.74,144.67,144.69,238.194106
2019-12-05 11:28:00,144.51,144.7,144.51,144.66,218.119286
2019-12-05 11:27:00,144.51,144.55,144.51,144.52,113.839934
2019-12-05 11:26:00,144.46,144.53,144.46,144.51,74.910134
2019-12-05 11:25:00,144.53,144.53,144.47,144.47,19.928571
2019-12-05 11:24:00,144.54,144.54,144.49,144.52,181.307995
2019-12-05 11:23:00,144.45,144.53,144.45,144.53,31.696723
2019-12-05 11:22:00,144.43,144.45,144.43,144.44,155.314612
2019-12-05 11:21:00,144.39,144.43,144.36,144.43,311.200332
2019-12-05 11:20:00,144.33,144.38,144.33,144.37,73.058755
2019-12-05 11:19:00,144.33,144.36,144.33,144.33,16.633765
2019-12-05 11:18:00,144.31,144.33,144.31,144.33,13.705986
2019-12-05 11:17:00,144.3,144.33,144.27,144.31,106.844663
2019-12-05 11:16:00,144.11,144.31,144.11,144.29,130.578801
2019-12-05 11:15:00,144.16,144.19,144.1,144.11,59.268917
2019-12-05 11:14:00,144.11,144.19,144.11,144.16,78.800599
2019-12-05 11:13:00,144.1,144.12,144.09,144.12,69.480438
2019-12-05 11:12:00,144.06,144.1,144.04,144.09,100.968265
2019-12-05 11:11:00,144.03,144.09,144,144.01,199.440806
2019-12-05 11:10:00,144.1,144.1,143.97,144.03,798.286759
2019-12-05 11:09:00,144.13,144.17,144.02,144.07,85.5893
2019-12-05 11:08:00,144.02,144.17,143.99,144.13,252.031537
2019-12-05 11:07:00,144.13,144.18,144,144.03,218.516063
2019-12-05 11:06:00,144.21,144.25,144.12,144.15,104.285919
2019-12-05 11:05:00,144.21,144.29,144.17,144.21,229.342147
2019-12-05 11:04:00,144.03,144.22,143.87,144.16,867.802826
2019-12-05 11:03:00,144.22,144.23,143.7,144.01,1685.92951
2019-12-05 11:02:00,144.43,144.43,144.22,144.23,592.527318
2019-12-05 11:01:00,144.33,144.5,144.32,144.42,1000.960602
2019-12-05 11:00:00,144.38,144.38,144.26,144.32,484.553382
2019-12-05 10:59:00,144.38,144.39,144.32,144.39,327.429351
2019-12-05 10:58:00,144.33,144.5,144.26,144.37,429.791152
2019-12-05 10:57:00,144.51,144.51,144.33,144.33,335.013079
2019-12-05 10:56:00,144.59,144.61,144.51,144.51,150.160718
2019-12-05 10:55:00,144.66,144.66,144.6,144.6,189.89604
2019-12-05 10:54:00,144.73,144.73,144.69,144.69,220.944665
2019-12-05 10:53:00,144.71,144.73,144.71,144.73,73.978814
2019-12-05 10:52:00,144.71,144.71,144.7,144.71,33.153431
2019-12-05 10:51:00,144.72,144.73,144.7,144.71,424.28481
2019-12-05 10:50:00,144.72,144.73,144.72,144.73,2.282541
2019-12-05 10:49:00,144.75,144.75,144.73,144.73,13.690927
2019-12-05 10:48:00,144.75,144.76,144.75,144.75,170.654002
2019-12-05 10:47:00,144.71,144.8,144.71,144.78,474.500932
2019-12-05 10:46:00,144.72,144.73,144.71,144.71,432.209886
2019-12-05 10:45:00,144.73,144.73,144.73,144.73,75.096839
2019-12-05 10:44:00,144.74,144.74,144.72,144.73,96.126824
2019-12-05 10:43:00,144.78,144.78,144.74,144.74,157.189789
2019-12-05 10:42:00,144.77,144.81,144.77,144.78,22.247242
2019-12-05 10:41:00,144.81,144.81,144.72,144.77,144.148675
2019-12-05 10:40:00,144.83,144.83,144.75,144.81,38.556451
2019-12-05 10:39:00,144.84,144.86,144.82,144.83,103.81421
2019-12-05 10:38:00,144.83,144.84,144.82,144.82,91.845909
2019-12-05 10:37:00,144.78,144.85,144.78,144.84,82.926837
2019-12-05 10:36:00,144.84,144.84,144.77,144.77,9.245632
2019-12-05 10:35:00,144.84,144.86,144.81,144.84,208.96106
2019-12-05 10:34:00,144.92,144.92,144.83,144.84,357.198864
2019-12-05 10:33:00,144.98,144.98,144.9,144.95,636.167819
2019-12-05 10:32:00,144.99,144.99,144.98,144.99,6.77656
2019-12-05 10:31:00,145.01,145.01,144.98,144.99,127.330166
2019-12-05 10:30:00,145.01,145.01,144.98,145.01,8.109552
2019-12-05 10:29:00,144.99,145.04,144.97,145.04,53.103271
2019-12-05 10:28:00,144.97,145,144.92,144.99,648.718398
2019-12-05 10:27:00,144.92,144.98,144.92,144.97,67.695422
2019-12-05 10:26:00,144.95,144.95,144.92,144.93,106.588464
2019-12-05 10:25:00,145,145,144.94,144.95,74.917945
2019-12-05 10:24:00,144.98,145,144.97,145,133.012183
2019-12-05 10:23:00,145.03,145.03,144.98,144.98,55.653624
2019-12-05 10:22:00,145.03,145.05,145.02,145.03,100.424729
2019-12-05 10:21:00,145.01,145.1,144.99,145.03,526.004047
2019-12-05 10:20:00,145.14,145.14,144.95,145.01,3947.524715
2019-12-05 10:19:00,145.17,145.17,145.12,145.14,96.859535
2019-12-05 10:18:00,145.27,145.27,145.13,145.17,1840.679606
2019-12-05 10:17:00,145.23,145.3,145.23,145.26,59.426717
2019-12-05 10:16:00,145.38,145.39,145.22,145.23,279.882155
2019-12-05 10:15:00,145.41,145.42,145.39,145.39,14.407417
2019-12-05 10:14:00,145.44,145.45,145.39,145.41,891.415162
2019-12-05 10:13:00,145.43,145.47,145.43,145.44,118.409555
2019-12-05 10:12:00,145.45,145.45,145.42,145.43,94.142335
2019-12-05 10:11:00,145.53,145.53,145.45,145.45,63.297163
2019-12-05 10:10:00,145.56,145.56,145.5,145.54,64.840313
2019-12-05 10:09:00,145.56,145.56,145.56,145.56,29.822186
2019-12-05 10:08:00,145.51,145.56,145.51,145.56,127.174346
2019-12-05 10:07:00,145.65,145.65,145.5,145.51,349.576423
2019-12-05 10:06:00,145.66,145.66,145.66,145.66,103.951739
2019-12-05 10:05:00,145.63,145.66,145.63,145.66,60.02626
2019-12-05 10:04:00,145.64,145.64,145.64,145.64,6.751076
2019-12-05 10:03:00,145.63,145.64,145.63,145.63,136.789571
2019-12-05 10:02:00,145.6,145.63,145.6,145.63,31.505255
2019-12-05 10:01:00,145.66,145.66,145.56,145.58,91.107121
2019-12-05 10:00:00,145.71,145.71,145.52,145.67,661.974417
2019-12-05 09:59:00,145.72,145.72,145.71,145.71,19.695063
2019-12-05 09:58:00,145.74,145.74,145.74,145.74,219.124692
2019-12-05 09:57:00,145.73,145.73,145.73,145.73,28.597217
2019-12-05 09:56:00,145.73,145.73,145.73,145.73,0
2019-12-05 09:55:00,145.74,145.74,145.73,145.73,115.164919
2019-12-05 09:54:00,145.7,145.74,145.69,145.74,46.467274
2019-12-05 09:53:00,145.76,145.76,145.66,145.69,214.858016
2019-12-05 09:52:00,145.78,145.79,145.74,145.74,7.402539
2019-12-05 09:51:00,145.78,145.79,145.59,145.78,1937.042935
2019-12-05 09:50:00,145.73,145.79,145.73,145.75,22.315117
2019-12-05 09:49:00,145.82,145.82,145.71,145.71,856.836949
2019-12-05 09:48:00,145.82,145.84,145.79,145.82,37.497009
2019-12-05 09:47:00,145.75,145.83,145.75,145.83,89.921091
2019-12-05 09:46:00,145.73,145.76,145.73,145.75,20.137093
2019-12-05 09:45:00,145.69,145.73,145.69,145.73,161.086059
2019-12-05 09:44:00,145.7,145.74,145.68,145.68,11.470356
2019-12-05 09:43:00,145.72,145.73,145.69,145.7,6.396945
2019-12-05 09:42:00,145.73,145.74,145.73,145.73,2.830986
2019-12-05 09:41:00,145.7,145.75,145.7,145.72,33.938562
2019-12-05 09:40:00,145.72,145.73,145.7,145.7,0.097284
2019-12-05 09:39:00,145.73,145.73,145.72,145.72,5.51475
2019-12-05 09:38:00,145.79,145.79,145.76,145.76,43.85799
2019-12-05 09:37:00,145.71,145.8,145.71,145.79,55.925186
2019-12-05 09:36:00,145.75,145.79,145.71,145.71,11.881892
2019-12-05 09:35:00,145.73,145.78,145.71,145.76,25.567825
2019-12-05 09:34:00,145.73,145.74,145.73,145.73,8.779484
2019-12-05 09:33:00,145.72,145.76,145.72,145.74,77.087168
2019-12-05 09:32:00,145.7,145.79,145.69,145.73,116.040517
2019-12-05 09:31:00,145.75,145.75,145.68,145.7,32.376633
2019-12-05 09:30:00,145.88,145.88,145.75,145.75,72.254035
2019-12-05 09:29:00,145.83,145.88,145.83,145.88,29.560395
2019-12-05 09:28:00,145.81,145.85,145.81,145.82,6.509174
2019-12-05 09:27:00,145.83,145.83,145.83,145.83,0.0151
2019-12-05 09:26:00,145.74,145.79,145.74,145.79,3.910781
2019-12-05 09:25:00,145.75,145.76,145.67,145.73,63.8643
2019-12-05 09:24:00,145.8,145.83,145.73,145.76,15.959942
2019-12-05 09:23:00,145.79,145.83,145.77,145.79,2.199156
2019-12-05 09:22:00,145.86,145.86,145.77,145.77,13.406673
2019-12-05 09:21:00,145.89,145.89,145.83,145.86,77.095489
2019-12-05 09:20:00,145.9,145.96,145.87,145.87,38.544568
2019-12-05 09:19:00,145.99,145.99,145.88,145.9,68.687398
2019-12-05 09:18:00,145.97,146,145.91,146,73.802356
2019-12-05 09:17:00,145.88,145.99,145.88,145.99,40.632978
2019-12-05 09:16:00,145.92,145.92,145.87,145.87,47.600069
2019-12-05 09:15:00,145.85,145.93,145.85,145.93,19.388054
2019-12-05 09:14:00,145.77,145.86,145.73,145.86,54.090144
2019-12-05 09:13:00,145.82,145.82,145.68,145.77,322.40643
2019-12-05 09:12:00,145.87,145.87,145.82,145.82,35.348003
2019-12-05 09:11:00,145.82,145.91,145.82,145.86,201.379422
2019-12-05 09:10:00,145.82,145.93,145.82,145.82,242.532991
2019-12-05 09:09:00,145.78,145.84,145.71,145.82,105.35166
2019-12-05 09:08:00,145.64,145.79,145.64,145.78,84.028714
2019-12-05 09:07:00,145.65,145.65,145.64,145.64,0.151944
2019-12-05 09:06:00,145.57,145.65,145.57,145.65,2.336724
2019-12-05 09:05:00,145.6,145.61,145.58,145.58,18.113247
2019-12-05 09:04:00,145.58,145.59,145.58,145.59,2.713405
2019-12-05 09:03:00,145.56,145.57,145.55,145.57,99.175315
2019-12-05 09:02:00,145.58,145.62,145.56,145.56,7.105707
2019-12-05 09:01:00,145.62,145.62,145.58,145.58,11.497047
2019-12-05 09:00:00,145.61,145.61,145.59,145.59,46.907674
2019-12-05 08:59:00,145.55,145.58,145.55,145.58,0.071922
2019-12-05 08:58:00,145.55,145.57,145.54,145.54,6.008607
2019-12-05 08:57:00,145.62,145.62,145.54,145.54,36.005566
2019-12-05 08:56:00,145.59,145.6,145.56,145.6,6.117585
2019-12-05 08:55:00,145.6,145.6,145.6,145.6,0.023641
2019-12-05 08:54:00,145.57,145.61,145.56,145.61,18.412702
2019-12-05 08:53:00,145.54,145.57,145.53,145.57,86.12625
2019-12-05 08:52:00,145.57,145.57,145.55,145.55,3.748636
2019-12-05 08:51:00,145.54,145.57,145.53,145.57,43.155282
2019-12-05 08:50:00,145.63,145.66,145.55,145.55,30.261513
2019-12-05 08:49:00,145.56,145.66,145.56,145.63,62.3084
2019-12-05 08:48:00,145.6,145.6,145.55,145.56,34.766056
2019-12-05 08:47:00,145.6,145.6,145.52,145.58,0.813656
2019-12-05 08:46:00,145.63,145.64,145.57,145.63,1.391089
2019-12-05 08:45:00,145.59,145.64,145.59,145.63,54.224174
2019-12-05 08:44:00,145.65,145.65,145.56,145.56,17.637602
2019-12-05 08:43:00,145.63,145.66,145.58,145.6,26.192039
2019-12-05 08:42:00,145.48,145.67,145.48,145.61,60.535357
2019-12-05 08:41:00,145.41,145.51,145.41,145.49,4.384754
2019-12-05 08:40:00,145.41,145.47,145.41,145.41,28.622242
2019-12-05 08:39:00,145.42,145.42,145.41,145.42,0.092568
2019-12-05 08:38:00,145.42,145.5,145.41,145.46,386.497443
2019-12-05 08:37:00,145.47,145.47,145.41,145.42,57.054027
2019-12-05 08:36:00,145.52,145.52,145.46,145.5,114.323476
2019-12-05 08:35:00,145.5,145.56,145.47,145.53,94.240433
2019-12-05 08:34:00,145.47,145.52,145.47,145.5,24.344331
2019-12-05 08:33:00,145.49,145.5,145.41,145.49,58.395178
2019-12-05 08:32:00,145.51,145.55,145.46,145.53,89.087141
2019-12-05 08:31:00,145.42,145.55,145.42,145.51,380.76542
2019-12-05 08:30:00,145.33,145.45,145.33,145.44,251.30987
2019-12-05 08:29:00,145.4,145.4,145.32,145.32,21.211651
2019-12-05 08:28:00,145.33,145.4,145.33,145.4,104.793607
2019-12-05 08:27:00,145.39,145.42,145.34,145.34,22.049423
2019-12-05 08:26:00,145.46,145.48,145.4,145.42,64.01356
2019-12-05 08:25:00,145.45,145.49,145.37,145.47,41.133705
2019-12-05 08:24:00,145.39,145.48,145.38,145.46,23.920251
2019-12-05 08:23:00,145.48,145.51,145.34,145.36,116.719463
2019-12-05 08:22:00,145.42,145.48,145.42,145.48,16.792087
2019-12-05 08:21:00,145.31,145.44,145.31,145.37,95.067617
2019-12-05 08:20:00,145.3,145.33,145.23,145.3,227.030106
2019-12-05 08:19:00,145.44,145.44,145.3,145.3,147.274899
2019-12-05 08:18:00,145.56,145.56,145.45,145.46,216.777747
2019-12-05 08:17:00,145.56,145.62,145.56,145.56,36.877654
2019-12-05 08:16:00,145.62,145.66,145.53,145.56,68.254774
2019-12-05 08:15:00,145.6,145.62,145.5,145.59,293.586581
2019-12-05 08:14:00,145.64,145.69,145.59,145.66,70.30189
2019-12-05 08:13:00,145.62,145.66,145.62,145.62,4.695065
2019-12-05 08:12:00,145.56,145.59,145.52,145.59,72.440259
2019-12-05 08:11:00,145.56,145.6,145.54,145.54,87.851833
2019-12-05 08:10:00,145.5,145.65,145.5,145.58,74.55302
2019-12-05 08:09:00,145.52,145.54,145.47,145.5,191.141711
2019-12-05 08:08:00,145.5,145.58,145.44,145.53,321.846193
2019-12-05 08:07:00,145.35,145.5,145.32,145.5,115.495838
2019-12-05 08:06:00,145.2,145.35,145.2,145.35,13.955426
2019-12-05 08:05:00,145.15,145.25,145.15,145.25,326.478093
2019-12-05 08:04:00,145.1,145.15,145.07,145.15,7.831709
2019-12-05 08:03:00,145.2,145.22,145.09,145.1,112.544915
2019-12-05 08:02:00,145.18,145.24,145.13,145.17,198.965458
2019-12-05 08:01:00,145.32,145.32,145.08,145.14,233.739483
2019-12-05 08:00:00,145.46,145.46,145.27,145.29,180.667277
2019-12-05 07:59:00,145.33,145.41,145.32,145.41,91.817129
2019-12-05 07:58:00,145.31,145.39,145.3,145.3,324.849733
2019-12-05 07:57:00,145.3,145.45,145.3,145.31,115.455414
2019-12-05 07:56:00,145.45,145.51,145.2,145.25,343.820559
2019-12-05 07:55:00,145.64,145.64,145.46,145.46,68.661213
2019-12-05 07:54:00,145.56,145.65,145.56,145.58,59.25396
2019-12-05 07:53:00,145.63,145.63,145.52,145.56,27.642808
2019-12-05 07:52:00,145.63,145.66,145.63,145.66,13.568502
2019-12-05 07:51:00,145.6,145.65,145.57,145.63,40.876657
2019-12-05 07:50:00,145.65,145.65,145.55,145.59,13.316446
2019-12-05 07:49:00,145.69,145.69,145.66,145.66,18.401018
2019-12-05 07:48:00,145.79,145.79,145.74,145.74,0.485075
2019-12-05 07:47:00,145.78,145.8,145.78,145.8,41.750534
2019-12-05 07:46:00,145.75,145.78,145.73,145.78,126.561404
2019-12-05 07:45:00,145.73,145.77,145.71,145.74,5.544914
2019-12-05 07:44:00,145.67,145.77,145.67,145.7,12.274945
2019-12-05 07:43:00,145.76,145.76,145.63,145.65,115.366593
2019-12-05 07:42:00,145.69,145.82,145.69,145.82,165.863625
2019-12-05 07:41:00,145.77,145.77,145.64,145.69,297.069975
2019-12-05 07:40:00,145.88,145.88,145.74,145.76,43.202957
2019-12-05 07:39:00,145.77,145.91,145.77,145.89,37.328865
2019-12-05 07:38:00,145.73,145.79,145.73,145.77,237.975119
2019-12-05 07:37:00,145.67,145.73,145.62,145.73,1.965912
2019-12-05 07:36:00,145.71,145.76,145.67,145.67,43.710668
2019-12-05 07:35:00,145.7,145.76,145.7,145.74,6.757894
2019-12-05 07:34:00,145.68,145.71,145.6,145.7,296.405331
2019-12-05 07:33:00,145.68,145.68,145.6,145.67,37.03118
2019-12-05 07:32:00,145.71,145.72,145.64,145.64,160.823802
2019-12-05 07:31:00,145.68,145.68,145.64,145.68,3.226164
2019-12-05 07:30:00,145.76,145.76,145.58,145.64,88.046407
2019-12-05 07:29:00,145.71,145.76,145.7,145.71,43.604974
2019-12-05 07:28:00,145.78,145.81,145.69,145.7,45.721433
2019-12-05 07:27:00,145.85,145.86,145.77,145.81,46.803804
2019-12-05 07:26:00,145.82,145.88,145.77,145.85,10.03851
2019-12-05 07:25:00,145.88,145.88,145.82,145.82,26.840762
2019-12-05 07:24:00,145.81,145.88,145.81,145.88,53.719939
2019-12-05 07:23:00,145.75,146,145.75,145.79,1028.983569
2019-12-05 07:22:00,145.74,145.79,145.69,145.74,351.990074
2019-12-05 07:21:00,145.83,145.83,145.69,145.76,177.588858
2019-12-05 07:20:00,145.92,145.92,145.81,145.83,107.576351
2019-12-05 07:19:00,145.91,145.91,145.82,145.87,15.587008
2019-12-05 07:18:00,145.86,145.88,145.82,145.88,14.705807
2019-12-05 07:17:00,145.68,145.88,145.66,145.84,228.18115
2019-12-05 07:16:00,145.79,145.81,145.64,145.68,197.354305
2019-12-05 07:15:00,145.95,145.95,145.64,145.79,387.979991
2019-12-05 07:14:00,146.09,146.09,145.94,145.95,24.926758
2019-12-05 07:13:00,146.01,146.12,145.99,146.02,56.442465
2019-12-05 07:12:00,145.98,146.04,145.93,146.04,202.771094
2019-12-05 07:11:00,146.12,146.17,146.04,146.04,40.873708
2019-12-05 07:10:00,146.2,146.2,146.08,146.12,143.415139
2019-12-05 07:09:00,146.14,146.19,146.14,146.19,6.633009
2019-12-05 07:08:00,146.08,146.16,146.08,146.14,42.536096
2019-12-05 07:07:00,146.05,146.06,146,146.06,67.422373
2019-12-05 07:06:00,145.83,146.05,145.83,146.05,34.273533
2019-12-05 07:05:00,145.78,145.86,145.77,145.84,3.139119
2019-12-05 07:04:00,145.98,145.98,145.75,145.78,254.35724
2019-12-05 07:03:00,145.8,146.05,145.8,145.96,162.614586
2019-12-05 07:02:00,145.54,145.86,145.54,145.8,425.458453
2019-12-05 07:01:00,145.43,145.5,145.41,145.5,103.189675
2019-12-05 07:00:00,145.44,145.44,145.42,145.43,14.502151
2019-12-05 06:59:00,145.4,145.43,145.4,145.43,29.969178
2019-12-05 06:58:00,145.37,145.4,145.35,145.4,12.122557
2019-12-05 06:57:00,145.33,145.37,145.33,145.35,3.433664
2019-12-05 06:56:00,145.33,145.34,145.32,145.32,3.416895
2019-12-05 06:55:00,145.33,145.33,145.32,145.33,14.593675
2019-12-05 06:54:00,145.32,145.34,145.28,145.32,21.934644
2019-12-05 06:53:00,145.33,145.36,145.3,145.3,23.224294
2019-12-05 06:52:00,145.29,145.36,145.29,145.33,83.946848
2019-12-05 06:51:00,145.29,145.29,145.29,145.29,0.122148
2019-12-05 06:50:00,145.28,145.29,145.28,145.29,2.386882
2019-12-05 06:49:00,145.25,145.29,145.24,145.28,30.793699
2019-12-05 06:48:00,145.46,145.46,145.24,145.25,79.678462
2019-12-05 06:47:00,145.5,145.5,145.44,145.46,60.388746
2019-12-05 06:46:00,145.54,145.56,145.52,145.52,122.640577
2019-12-05 06:45:00,145.59,145.6,145.53,145.53,26.370808
2019-12-05 06:44:00,145.53,145.63,145.52,145.59,68.740515
2019-12-05 06:43:00,145.5,145.54,145.5,145.54,1.874687
2019-12-05 06:42:00,145.24,145.5,145.24,145.5,72.318003
2019-12-05 06:41:00,145.23,145.34,145.23,145.26,1460.161035
2019-12-05 06:40:00,145.27,145.27,145.25,145.26,2.388673
2019-12-05 06:39:00,145.54,145.54,145.29,145.29,37.765973
2019-12-05 06:38:00,145.53,145.53,145.53,145.53,0.589543
2019-12-05 06:37:00,145.54,145.54,145.54,145.54,0.617287
2019-12-05 06:36:00,145.55,145.55,145.53,145.54,1.614407
2019-12-05 06:35:00,145.56,145.56,145.56,145.56,0.17533
2019-12-05 06:34:00,145.53,145.56,145.53,145.56,34.419058
2019-12-05 06:33:00,145.65,145.65,145.53,145.53,11.528895
2019-12-05 06:32:00,145.82,145.82,145.68,145.68,86.157388
2019-12-05 06:31:00,145.92,145.92,145.83,145.83,74.71002
2019-12-05 06:30:00,145.94,145.98,145.92,145.92,18.79064
2019-12-05 06:29:00,146,146.03,145.92,145.93,353.479578
2019-12-05 06:28:00,145.84,145.91,145.84,145.91,26.207367
2019-12-05 06:27:00,145.77,145.89,145.77,145.84,15.027804
2019-12-05 06:26:00,145.9,145.9,145.8,145.8,84.858333
2019-12-05 06:25:00,145.69,145.9,145.69,145.9,232.604478
2019-12-05 06:24:00,145.7,145.7,145.69,145.7,332.356529
2019-12-05 06:23:00,145.67,145.7,145.66,145.7,1.526053
2019-12-05 06:22:00,145.69,145.7,145.66,145.66,104.629484
2019-12-05 06:21:00,145.65,145.7,145.64,145.69,90.453566
2019-12-05 06:20:00,145.61,145.7,145.61,145.66,311.409044
2019-12-05 06:19:00,145.5,145.57,145.49,145.57,0.319068
2019-12-05 06:18:00,145.44,145.53,145.44,145.53,45.729832
2019-12-05 06:17:00,145.37,145.44,145.37,145.43,10.80258
2019-12-05 06:16:00,145.35,145.38,145.35,145.37,8.842127
2019-12-05 06:15:00,145.3,145.39,145.3,145.37,8.009385
2019-12-05 06:14:00,145.27,145.31,145.27,145.27,24.155718
2019-12-05 06:13:00,145.28,145.29,145.26,145.27,18.836025
2019-12-05 06:12:00,145.4,145.41,145.28,145.29,53.143671
2019-12-05 06:11:00,145.32,145.4,145.32,145.37,331.509977
2019-12-05 06:10:00,145.25,145.33,145.23,145.32,267.98576
2019-12-05 06:09:00,145.23,145.25,145.13,145.23,58.672959
2019-12-05 06:08:00,145.03,145.24,145.03,145.24,43.60668
2019-12-05 06:07:00,145.02,145.05,145.02,145.02,9.828746
2019-12-05 06:06:00,144.89,145,144.89,145,27.765324
2019-12-05 06:05:00,144.88,144.88,144.86,144.88,9.473019
2019-12-05 06:04:00,144.91,144.91,144.88,144.88,7.542142
2019-12-05 06:03:00,144.83,144.93,144.78,144.9,68.619432
2019-12-05 06:02:00,144.81,144.86,144.78,144.84,42.61853
2019-12-05 06:01:00,145.09,145.09,144.77,144.83,72.594882
2019-12-05 06:00:00,145.1,145.1,145.09,145.1,7.53234
2019-12-05 05:59:00,145.04,145.14,145.04,145.11,18.302434
2019-12-05 05:58:00,144.99,145.09,144.99,145.02,159.346369
2019-12-05 05:57:00,145.14,145.14,144.99,145.04,46.323749
2019-12-05 05:56:00,145.13,145.17,145.13,145.14,12.153376
2019-12-05 05:55:00,145.12,145.15,145.09,145.13,52.141151
2019-12-05 05:54:00,144.98,145.15,144.98,145.09,198.106798
2019-12-05 05:53:00,144.83,145.01,144.81,145,160.003218
2019-12-05 05:52:00,145.09,145.1,144.76,144.82,517.303634
2019-12-05 05:51:00,145,145.14,144.94,145.09,334.103985
2019-12-05 05:50:00,145.31,145.36,144.77,145.03,1258.904594
2019-12-05 05:49:00,145.54,145.61,145.23,145.3,354.370357
2019-12-05 05:48:00,145.64,145.64,145.51,145.54,146.97017
2019-12-05 05:47:00,145.6,145.67,145.6,145.65,32.757859
2019-12-05 05:46:00,145.64,145.68,145.59,145.62,40.742088
2019-12-05 05:45:00,145.67,145.7,145.53,145.64,393.209923
2019-12-05 05:44:00,145.67,145.75,145.53,145.63,427.443789
2019-12-05 05:43:00,145.62,145.81,145.6,145.68,391.848303
2019-12-05 05:42:00,145.53,145.8,145.53,145.66,588.408904
2019-12-05 05:41:00,145.5,145.68,145.5,145.52,383.67874
2019-12-05 05:40:00,145.67,145.68,145.45,145.49,414.905203
2019-12-05 05:39:00,145.39,145.66,145.39,145.66,142.445563
2019-12-05 05:38:00,145.38,145.47,145.34,145.39,573.360683
2019-12-05 05:37:00,145.46,145.47,145.32,145.38,624.607741
2019-12-05 05:36:00,145.48,145.59,145.4,145.43,325.423457
2019-12-05 05:35:00,145.51,145.69,145.46,145.49,146.179858
2019-12-05 05:34:00,145.7,145.7,145.49,145.5,283.572697
2019-12-05 05:33:00,145.65,145.75,145.65,145.7,64.105239
2019-12-05 05:32:00,145.7,145.76,145.64,145.65,169.789775
2019-12-05 05:31:00,145.54,145.73,145.46,145.69,240.990518
2019-12-05 05:30:00,145.61,145.68,145.46,145.56,679.183173
2019-12-05 05:29:00,145.81,145.86,145.54,145.6,1134.952858
2019-12-05 05:28:00,145.9,145.99,145.67,145.76,547.564359
2019-12-05 05:27:00,145.9,146.04,145.67,145.87,962.706856
2019-12-05 05:26:00,145.89,146.01,145.6,145.9,1910.80263
2019-12-05 05:25:00,145.62,145.95,145.38,145.92,2158.944782
2019-12-05 05:24:00,145.41,145.71,145.02,145.62,3733.342315
2019-12-05 05:23:00,145.77,146.27,144.38,145.45,6647.368614
2019-12-05 05:22:00,146.41,146.43,145.5,145.78,757.385427
2019-12-05 05:21:00,146.45,146.47,146.33,146.43,76.199746
2019-12-05 05:20:00,146.46,146.52,146.39,146.45,141.5488
2019-12-05 05:19:00,146.48,146.54,146.36,146.51,108.128847
2019-12-05 05:18:00,146.51,146.51,146.36,146.49,112.369532
2019-12-05 05:17:00,146.5,146.53,146.45,146.51,72.887287
2019-12-05 05:16:00,146.33,146.52,146.33,146.5,260.424336
2019-12-05 05:15:00,146.39,146.44,146.26,146.33,251.07023
2019-12-05 05:14:00,146.45,146.55,146.29,146.33,1024.988485
2019-12-05 05:13:00,146.5,146.56,146.44,146.46,121.877775
2019-12-05 05:12:00,146.51,146.62,146.45,146.46,203.779484
2019-12-05 05:11:00,146.45,146.61,146.44,146.54,356.174895
2019-12-05 05:10:00,146.59,146.61,146.4,146.47,301.908594
2019-12-05 05:09:00,146.51,146.62,146.42,146.53,281.38692
2019-12-05 05:08:00,146.35,146.59,146.28,146.53,350.151392
2019-12-05 05:07:00,146.27,146.41,146.22,146.39,395.725895
2019-12-05 05:06:00,146.46,146.52,146.24,146.28,506.174683
2019-12-05 05:05:00,146.26,146.51,146.22,146.44,914.894411
2019-12-05 05:04:00,146.41,146.52,146.2,146.3,984.866485
2019-12-05 05:03:00,146.25,146.5,146.14,146.44,1967.952601
2019-12-05 05:02:00,146.77,146.96,146.15,146.2,3012.471293
2019-12-05 05:01:00,146.3,147.17,146.13,146.75,2505.735962
2019-12-05 05:00:00,145.93,146.35,145.81,146.31,2004.175887
2019-12-05 04:59:00,145.93,146.04,145.54,145.94,2170.975912
2019-12-05 04:58:00,146.01,146.19,145.77,145.97,1838.569035
2019-12-05 04:57:00,146.12,146.45,145.59,146.02,3151.033401
2019-12-05 04:56:00,146.53,146.63,145.45,146.12,7635.864966
2019-12-05 04:55:00,146.13,146.95,145.26,146.52,9363.292021
2019-12-05 04:54:00,146.84,146.84,144.73,146.05,10955.086926
2019-12-05 04:53:00,147.82,147.82,146.63,146.83,6976.377693
2019-12-05 04:52:00,148.57,148.57,147.66,147.78,4772.234981
2019-12-05 04:51:00,148.72,148.74,148.56,148.56,20.905196
2019-12-05 04:50:00,148.75,148.8,148.71,148.78,15.373842
2019-12-05 04:49:00,148.8,148.82,148.74,148.74,20.671946
2019-12-05 04:48:00,148.88,148.89,148.79,148.79,8.979878
2019-12-05 04:47:00,148.84,148.91,148.8,148.88,45.753712
2019-12-05 04:46:00,148.93,148.93,148.77,148.91,65.785969
2019-12-05 04:45:00,149,149,148.9,148.92,30.009897
2019-12-05 04:44:00,149.03,149.07,148.93,148.93,52.264798
2019-12-05 04:43:00,149.01,149.03,148.93,149.03,168.542615
2019-12-05 04:42:00,149.02,149.05,148.94,149.03,117.933392
2019-12-05 04:41:00,148.96,149.05,148.93,149,92.043624
2019-12-05 04:40:00,149.14,149.14,148.96,148.96,162.740687
2019-12-05 04:39:00,149.12,149.17,148.98,149.17,171.41425
2019-12-05 04:38:00,148.94,149.34,148.94,149.17,887.600089
2019-12-05 04:37:00,149.27,149.27,148.7,148.94,1441.932237
2019-12-05 04:36:00,149.2,149.36,149.1,149.32,252.114743
2019-12-05 04:35:00,149.28,149.29,149.24,149.24,16.791784
2019-12-05 04:34:00,149.35,149.35,149.35,149.35,6.520698
2019-12-05 04:33:00,149.4,149.41,149.33,149.33,13.042652
2019-12-05 04:32:00,149.49,149.49,149.33,149.36,211.076993
2019-12-05 04:31:00,149.48,149.55,149.48,149.49,41.148311
2019-12-05 04:30:00,149.46,149.6,149.38,149.49,61.175514
2019-12-05 04:29:00,149.39,149.51,149.33,149.44,52.872441
2019-12-05 04:28:00,149.16,149.49,149.16,149.37,126.135933
2019-12-05 04:27:00,149.46,149.48,149.1,149.18,332.561027
2019-12-05 04:26:00,149.23,149.39,149.15,149.39,602.199903
2019-12-05 04:25:00,149.62,149.63,149.22,149.24,212.99125
2019-12-05 04:24:00,149.78,149.78,149.51,149.61,354.576088
2019-12-05 04:23:00,149.82,149.82,149.82,149.82,1.004496
2019-12-05 04:22:00,149.78,149.84,149.75,149.84,62.309644
2019-12-05 04:21:00,149.92,149.92,149.78,149.78,57.97719
2019-12-05 04:20:00,149.92,149.93,149.92,149.92,3.322546
2019-12-05 04:19:00,149.93,149.96,149.92,149.92,33.916405
2019-12-05 04:18:00,150.01,150.01,149.93,149.93,30.043687
2019-12-05 04:17:00,149.94,149.97,149.93,149.97,40.98127
2019-12-05 04:16:00,149.94,149.94,149.93,149.94,10.503888
2019-12-05 04:15:00,149.92,149.95,149.92,149.93,53.766749
2019-12-05 04:14:00,149.89,149.93,149.89,149.93,26.61133
2019-12-05 04:13:00,149.86,149.92,149.86,149.89,27.865487
2019-12-05 04:12:00,149.85,149.86,149.85,149.86,3.126672
2019-12-05 04:11:00,149.86,149.95,149.86,149.86,30.611977
2019-12-05 04:10:00,149.93,149.93,149.83,149.86,79.070926
2019-12-05 04:09:00,150,150,149.94,149.94,37.49858
2019-12-05 04:08:00,149.99,150.03,149.99,150,89.465409
2019-12-05 04:07:00,149.85,150.04,149.85,149.99,228.151494
2019-12-05 04:06:00,149.84,149.86,149.78,149.79,557.574014
2019-12-05 04:05:00,149.74,149.84,149.74,149.84,39.171006
2019-12-05 04:04:00,149.75,149.75,149.74,149.75,0.064371
2019-12-05 04:03:00,149.74,149.74,149.74,149.74,0.085368
2019-12-05 04:02:00,149.67,149.75,149.67,149.7,71.335231
2019-12-05 04:01:00,149.67,149.67,149.66,149.67,4.668506
2019-12-05 04:00:00,149.67,149.67,149.67,149.67,2.992995
2019-12-05 03:59:00,149.67,149.67,149.66,149.66,137.844481
2019-12-05 03:58:00,149.64,149.67,149.64,149.67,12.835995
2019-12-05 03:57:00,149.67,149.67,149.63,149.66,0.366687
2019-12-05 03:56:00,149.63,149.64,149.63,149.64,1.508321
2019-12-05 03:55:00,149.66,149.66,149.63,149.64,3.110221
2019-12-05 03:54:00,149.64,149.66,149.64,149.66,0.557924
2019-12-05 03:53:00,149.57,149.62,149.57,149.62,0.938816
2019-12-05 03:52:00,149.6,149.62,149.58,149.59,16.123563
2019-12-05 03:51:00,149.64,149.64,149.62,149.62,3.194649
2019-12-05 03:50:00,149.63,149.69,149.63,149.65,18.408758
2019-12-05 03:49:00,149.63,149.63,149.63,149.63,3.391612
2019-12-05 03:48:00,149.61,149.65,149.61,149.63,12.304843
2019-12-05 03:47:00,149.59,149.66,149.58,149.64,22.90153
2019-12-05 03:46:00,149.66,149.67,149.59,149.59,30.365963
2019-12-05 03:45:00,149.72,149.72,149.66,149.66,27.941192
2019-12-05 03:44:00,149.68,149.72,149.68,149.72,27.552177
2019-12-05 03:43:00,149.67,149.68,149.66,149.68,5.734328
2019-12-05 03:42:00,149.67,149.68,149.64,149.68,47.616089
2019-12-05 03:41:00,149.66,149.66,149.66,149.66,0.258169
2019-12-05 03:40:00,149.69,149.69,149.69,149.69,4.606571
2019-12-05 03:39:00,149.65,149.71,149.65,149.69,27.415936
2019-12-05 03:38:00,149.65,149.66,149.65,149.65,5.019785
2019-12-05 03:37:00,149.72,149.72,149.68,149.68,1.905891
2019-12-05 03:36:00,149.67,149.73,149.67,149.73,23.612866
2019-12-05 03:35:00,149.66,149.66,149.66,149.66,4.892356
2019-12-05 03:34:00,149.69,149.69,149.67,149.67,1.143169
2019-12-05 03:33:00,149.68,149.69,149.67,149.69,5.03399
2019-12-05 03:32:00,149.69,149.69,149.64,149.68,60.208887
2019-12-05 03:31:00,149.69,149.7,149.69,149.7,19.514514
2019-12-05 03:30:00,149.63,149.71,149.63,149.7,14.600323
2019-12-05 03:29:00,149.7,149.7,149.64,149.65,14.514059
2019-12-05 03:28:00,149.59,149.7,149.58,149.7,67.033665
2019-12-05 03:27:00,149.67,149.67,149.6,149.66,25.845456
2019-12-05 03:26:00,149.69,149.69,149.68,149.68,2.937141
2019-12-05 03:25:00,149.68,149.68,149.65,149.66,2.064237
2019-12-05 03:24:00,149.69,149.7,149.67,149.67,5.685371
2019-12-05 03:23:00,149.68,149.7,149.68,149.69,63.675825
2019-12-05 03:22:00,149.67,149.67,149.67,149.67,0
2019-12-05 03:21:00,149.62,149.67,149.62,149.67,5.34065
2019-12-05 03:20:00,149.69,149.69,149.63,149.63,0.304498
2019-12-05 03:19:00,149.68,149.68,149.64,149.64,24.655085
2019-12-05 03:18:00,149.64,149.69,149.64,149.66,33.262348
2019-12-05 03:17:00,149.67,149.67,149.62,149.63,26.647087
2019-12-05 03:16:00,149.63,149.7,149.63,149.7,17
2019-12-05 03:15:00,149.65,149.65,149.59,149.61,1.293475
2019-12-05 03:14:00,149.65,149.65,149.65,149.65,0.086177
2019-12-05 03:13:00,149.58,149.65,149.58,149.65,7.877078
2019-12-05 03:12:00,149.62,149.64,149.62,149.62,3.403297
2019-12-05 03:11:00,149.59,149.66,149.56,149.64,35.334019
2019-12-05 03:10:00,149.59,149.67,149.59,149.6,28.057489
2019-12-05 03:09:00,149.61,149.62,149.55,149.59,24.995459
2019-12-05 03:08:00,149.59,149.62,149.53,149.62,36.873175
2019-12-05 03:07:00,149.62,149.71,149.6,149.6,268.073337
2019-12-05 03:06:00,149.6,149.63,149.57,149.63,234.038298
2019-12-05 03:05:00,149.6,149.65,149.59,149.59,12.238937
2019-12-05 03:04:00,149.61,149.63,149.5,149.6,153.401401
2019-12-05 03:03:00,149.67,149.67,149.58,149.64,6.305774
2019-12-05 03:02:00,149.6,149.65,149.6,149.65,60.016717
2019-12-05 03:01:00,149.58,149.75,149.58,149.63,2369.812108
2019-12-05 03:00:00,149.47,149.66,149.47,149.57,157.058106
2019-12-05 02:59:00,149.44,149.44,149.42,149.43,4.538825
2019-12-05 02:58:00,149.47,149.47,149.39,149.44,23.541726
2019-12-05 02:57:00,149.47,149.47,149.47,149.47,0.154656
2019-12-05 02:56:00,149.43,149.47,149.43,149.47,46.982783
2019-12-05 02:55:00,149.49,149.49,149.44,149.44,52.076199
2019-12-05 02:54:00,149.48,149.48,149.41,149.46,8.769876
2019-12-05 02:53:00,149.46,149.48,149.41,149.48,27.444599
2019-12-05 02:52:00,149.44,149.44,149.44,149.44,0
2019-12-05 02:51:00,149.43,149.57,149.38,149.44,161.712297
2019-12-05 02:50:00,149.3,149.43,149.3,149.43,37.067359
2019-12-05 02:49:00,149.27,149.3,149.27,149.3,110.978708
2019-12-05 02:48:00,149.28,149.28,149.28,149.28,0
2019-12-05 02:47:00,149.29,149.29,149.27,149.28,24.621848
2019-12-05 02:46:00,149.3,149.3,149.29,149.29,3.40578
2019-12-05 02:45:00,149.3,149.3,149.3,149.3,0.432089
2019-12-05 02:44:00,149.31,149.31,149.3,149.3,16.783629
2019-12-05 02:43:00,149.31,149.31,149.31,149.31,0.222999
2019-12-05 02:42:00,149.27,149.31,149.26,149.31,1.433504
2019-12-05 02:41:00,149.23,149.29,149.23,149.26,0.295981
2019-12-05 02:40:00,149.32,149.32,149.23,149.23,0.267038
2019-12-05 02:39:00,149.31,149.31,149.28,149.31,10.859161
2019-12-05 02:38:00,149.28,149.3,149.24,149.3,29.989255
2019-12-05 02:37:00,149.27,149.32,149.27,149.32,8.268368
2019-12-05 02:36:00,149.34,149.34,149.24,149.3,39.856953
2019-12-05 02:35:00,149.33,149.34,149.33,149.34,1.178428
2019-12-05 02:34:00,149.32,149.32,149.32,149.32,3.589706
2019-12-05 02:33:00,149.29,149.32,149.29,149.32,5.507153
2019-12-05 02:32:00,149.29,149.29,149.29,149.29,0
2019-12-05 02:31:00,149.29,149.29,149.29,149.29,0
2019-12-05 02:30:00,149.35,149.37,149.27,149.29,5.679237
2019-12-05 02:29:00,149.26,149.31,149.26,149.31,21.434703
2019-12-05 02:28:00,149.29,149.29,149.26,149.26,9.456202
2019-12-05 02:27:00,149.25,149.25,149.25,149.25,0.129308
2019-12-05 02:26:00,149.24,149.24,149.24,149.24,0.239585
2019-12-05 02:25:00,149.27,149.27,149.26,149.26,44.128768
2019-12-05 02:24:00,149.22,149.29,149.22,149.28,351.130423
2019-12-05 02:23:00,149.25,149.25,149.25,149.25,8.272206
2019-12-05 02:22:00,149.25,149.25,149.25,149.25,0.042668
2019-12-05 02:21:00,149.23,149.26,149.23,149.25,20.186565
2019-12-05 02:20:00,149.22,149.24,149.19,149.23,24.717702
2019-12-05 02:19:00,149.22,149.22,149.22,149.22,0.003975
2019-12-05 02:18:00,149.23,149.23,149.19,149.23,67.023136
2019-12-05 02:17:00,149.23,149.24,149.19,149.24,20.813968
2019-12-05 02:16:00,149.19,149.24,149.19,149.23,13.727195
2019-12-05 02:15:00,149.12,149.23,149.12,149.23,63.878888
2019-12-05 02:14:00,149.24,149.24,149.12,149.12,43.336419
2019-12-05 02:13:00,149.25,149.25,149.2,149.23,10.401978
2019-12-05 02:12:00,149.32,149.32,149.27,149.27,19.561228
2019-12-05 02:11:00,149.33,149.35,149.33,149.34,1.76697
2019-12-05 02:10:00,149.35,149.35,149.3,149.33,50.50748
2019-12-05 02:09:00,149.35,149.37,149.29,149.35,87.594186
2019-12-05 02:08:00,149.38,149.38,149.37,149.37,1.311274
2019-12-05 02:07:00,149.35,149.37,149.34,149.37,51.050819
2019-12-05 02:06:00,149.39,149.39,149.35,149.36,1.533221
2019-12-05 02:05:00,149.38,149.46,149.38,149.39,84.694517
2019-12-05 02:04:00,149.37,149.41,149.37,149.4,0.277209
2019-12-05 02:03:00,149.38,149.38,149.37,149.37,5.237846
2019-12-05 02:02:00,149.37,149.37,149.35,149.37,26.336953
2019-12-05 02:01:00,149.35,149.39,149.35,149.37,91.464835
2019-12-05 02:00:00,149.36,149.36,149.35,149.36,17.211881
2019-12-05 01:59:00,149.3,149.36,149.26,149.36,33.97015
2019-12-05 01:58:00,149.29,149.32,149.25,149.31,47.222051
2019-12-05 01:57:00,149.35,149.35,149.3,149.3,0.525523
2019-12-05 01:56:00,149.34,149.35,149.34,149.35,8.712288
2019-12-05 01:55:00,149.26,149.29,149.26,149.29,2.170806
2019-12-05 01:54:00,149.25,149.26,149.25,149.26,20.007739
2019-12-05 01:53:00,149.37,149.37,149.22,149.28,1.20063
2019-12-05 01:52:00,149.26,149.34,149.26,149.34,15.289271
2019-12-05 01:51:00,149.3,149.39,149.25,149.29,30.955554
2019-12-05 01:50:00,149.4,149.4,149.27,149.3,142.385212
2019-12-05 01:49:00,149.48,149.48,149.4,149.4,413.613405
2019-12-05 01:48:00,149.48,149.48,149.48,149.48,0.153459
2019-12-05 01:47:00,149.51,149.51,149.48,149.48,0.19046
2019-12-05 01:46:00,149.48,149.52,149.48,149.52,1.957297
2019-12-05 01:45:00,149.52,149.52,149.48,149.48,5.488349
2019-12-05 01:44:00,149.52,149.55,149.52,149.53,0.40065
2019-12-05 01:43:00,149.52,149.55,149.48,149.53,6.216958
2019-12-05 01:42:00,149.59,149.59,149.52,149.52,1.385471
2019-12-05 01:41:00,149.59,149.59,149.56,149.59,165.739332
2019-12-05 01:40:00,149.56,149.6,149.56,149.57,0.549522
2019-12-05 01:39:00,149.55,149.66,149.55,149.56,22.29114
2019-12-05 01:38:00,149.55,149.55,149.55,149.55,0.222608
2019-12-05 01:37:00,149.52,149.56,149.48,149.56,14.105241
2019-12-05 01:36:00,149.51,149.52,149.51,149.52,6.522162
2019-12-05 01:35:00,149.51,149.51,149.51,149.51,0.136432
2019-12-05 01:34:00,149.49,149.51,149.47,149.51,0.221267
2019-12-05 01:33:00,149.51,149.51,149.51,149.51,0.379757
2019-12-05 01:32:00,149.53,149.53,149.48,149.52,118.417996
2019-12-05 01:31:00,149.49,149.51,149.49,149.51,47.28402
2019-12-05 01:30:00,149.46,149.46,149.46,149.46,0.091296
2019-12-05 01:29:00,149.5,149.5,149.45,149.45,436.045061
2019-12-05 01:28:00,149.5,149.52,149.5,149.51,16.391891
2019-12-05 01:27:00,149.58,149.58,149.51,149.51,50.649945
2019-12-05 01:26:00,149.51,149.58,149.51,149.58,5.999442
2019-12-05 01:25:00,149.59,149.61,149.55,149.55,12.505879
2019-12-05 01:24:00,149.56,149.59,149.53,149.59,54.23175
2019-12-05 01:23:00,149.62,149.62,149.53,149.56,565.578565
2019-12-05 01:22:00,149.62,149.63,149.62,149.63,18.126236
2019-12-05 01:21:00,149.62,149.62,149.62,149.62,1.86075
2019-12-05 01:20:00,149.61,149.63,149.6,149.62,12.282501
2019-12-05 01:19:00,149.6,149.63,149.6,149.6,12.540108
2019-12-05 01:18:00,149.61,149.62,149.6,149.6,22.924686
2019-12-05 01:17:00,149.63,149.63,149.63,149.63,0
2019-12-05 01:16:00,149.56,149.68,149.56,149.63,330.714017
2019-12-05 01:15:00,149.56,149.56,149.56,149.56,0.024647
2019-12-05 01:14:00,149.56,149.57,149.55,149.56,57.829985
2019-12-05 01:13:00,149.55,149.58,149.54,149.57,1.402241
2019-12-05 01:12:00,149.55,149.55,149.54,149.54,55.99788
2019-12-05 01:11:00,149.53,149.58,149.53,149.54,61.0934
2019-12-05 01:10:00,149.64,149.64,149.56,149.56,62.596737
2019-12-05 01:09:00,149.6,149.66,149.59,149.64,54.22908
2019-12-05 01:08:00,149.58,149.63,149.58,149.61,4.188322
2019-12-05 01:07:00,149.56,149.66,149.56,149.59,262.399332
2019-12-05 01:06:00,149.56,149.56,149.55,149.55,1.058834
2019-12-05 01:05:00,149.53,149.56,149.53,149.56,24.24088
2019-12-05 01:04:00,149.53,149.54,149.53,149.54,0.21681
2019-12-05 01:03:00,149.47,149.54,149.46,149.52,102.126366
2019-12-05 01:02:00,149.41,149.47,149.41,149.46,8.196274
2019-12-05 01:01:00,149.45,149.48,149.4,149.4,34.365013
2019-12-05 01:00:00,149.37,149.45,149.37,149.45,1.896085
2019-12-05 00:59:00,149.42,149.42,149.36,149.36,26.684745
2019-12-05 00:58:00,149.51,149.51,149.36,149.41,78.793108
2019-12-05 00:57:00,149.4,149.52,149.39,149.5,595.233162
2019-12-05 00:56:00,149.26,149.38,149.25,149.38,489.795534
2019-12-05 00:55:00,149.38,149.38,149.2,149.22,84.085195
2019-12-05 00:54:00,149.24,149.29,149.24,149.29,33.433438
2019-12-05 00:53:00,149.22,149.23,149.17,149.2,58.932303
2019-12-05 00:52:00,149.25,149.25,149.22,149.22,0.017792
2019-12-05 00:51:00,149.29,149.32,149.26,149.26,53.935929
2019-12-05 00:50:00,149.23,149.31,149.23,149.29,36.159015
2019-12-05 00:49:00,149.13,149.35,149.13,149.22,451.877859
2019-12-05 00:48:00,149.07,149.09,149,149.09,57.327848
2019-12-05 00:47:00,149.03,149.1,149.03,149.08,29.639949
2019-12-05 00:46:00,149.14,149.14,149.01,149.01,7.353325
2019-12-05 00:45:00,149.15,149.22,149.12,149.14,60.650344
2019-12-05 00:44:00,149.13,149.23,149.13,149.17,14.082583
2019-12-05 00:43:00,149.16,149.16,149.12,149.14,63.274687
2019-12-05 00:42:00,149.16,149.25,149.16,149.2,1.940998
2019-12-05 00:41:00,149.22,149.22,149.16,149.16,2.971349
2019-12-05 00:40:00,149.22,149.25,149.22,149.22,16.04528
2019-12-05 00:39:00,149.22,149.23,149.19,149.22,6.91068
2019-12-05 00:38:00,149.19,149.28,149.19,149.27,72.671874
2019-12-05 00:37:00,149.15,149.31,149.15,149.25,124.171969
2019-12-05 00:36:00,149.44,149.44,149.14,149.15,308.599449
2019-12-05 00:35:00,149.51,149.51,149.43,149.43,37.25704
2019-12-05 00:34:00,149.6,149.61,149.51,149.51,35.774625
2019-12-05 00:33:00,149.56,149.62,149.53,149.6,163.267909
2019-12-05 00:32:00,149.5,149.57,149.44,149.56,179.659649
2019-12-05 00:31:00,149.5,149.5,149.43,149.5,6.807554
2019-12-05 00:30:00,149.43,149.52,149.43,149.49,2.636922
2019-12-05 00:29:00,149.31,149.4,149.31,149.4,36.444389
2019-12-05 00:28:00,149.38,149.38,149.26,149.33,25.153946
2019-12-05 00:27:00,149.26,149.38,149.26,149.38,51.161544
2019-12-05 00:26:00,149.28,149.32,149.24,149.28,13.033875
2019-12-05 00:25:00,149.41,149.41,149.24,149.24,85.077346
2019-12-05 00:24:00,149.52,149.54,149.43,149.43,158.224935
2019-12-05 00:23:00,149.48,149.52,149.48,149.52,67.768038
2019-12-05 00:22:00,149.44,149.51,149.39,149.44,118.283527
2019-12-05 00:21:00,149.35,149.53,149.35,149.44,130.264936
2019-12-05 00:20:00,149.47,149.5,149.32,149.32,33.304523
2019-12-05 00:19:00,149.44,149.47,149.44,149.47,14.302398
2019-12-05 00:18:00,149.39,149.43,149.38,149.43,28.506072
2019-12-05 00:17:00,149.37,149.4,149.36,149.4,57.313676
2019-12-05 00:16:00,149.38,149.42,149.36,149.39,11.034605
2019-12-05 00:15:00,149.34,149.52,149.34,149.38,640.69414
2019-12-05 00:14:00,149.35,149.49,149.25,149.3,287.622848
2019-12-05 00:13:00,149.14,149.49,149.14,149.33,581.725802
2019-12-05 00:12:00,149.08,149.14,148.96,149.13,174.911283
2019-12-05 00:11:00,149.04,149.13,148.98,149.07,44.806053
2019-12-05 00:10:00,148.99,149.12,148.98,149.04,150.280921
2019-12-05 00:09:00,149.06,149.17,148.98,149.01,299.099398
2019-12-05 00:08:00,149.18,149.18,149.04,149.04,159.214783
2019-12-05 00:07:00,149.18,149.3,149.1,149.17,55.9906
2019-12-05 00:06:00,149.29,149.3,149.15,149.17,38.649703
2019-12-05 00:05:00,149.13,149.29,149.13,149.27,167.318171
2019-12-05 00:04:00,149.19,149.24,149.09,149.14,93.615875
2019-12-05 00:03:00,149.44,149.51,149.13,149.22,650.060159
2019-12-05 00:02:00,149.61,149.61,149.37,149.37,63.890586
2019-12-05 00:01:00,149.59,149.67,149.46,149.61,367.163134
2019-12-05 00:00:00,149.11,149.63,149.11,149.58,413.965983
