2019-11-27 23:59:00,150.69,150.75,150.64,150.73,151.99578
2019-11-27 23:58:00,150.84,150.84,150.64,150.65,231.284677
2019-11-27 23:57:00,150.63,150.87,150.6,150.87,250.318287
2019-11-27 23:56:00,150.58,150.75,150.52,150.63,711.778678
2019-11-27 23:55:00,150.29,150.56,150.29,150.56,174.965089
2019-11-27 23:54:00,150.46,150.46,150.19,150.28,379.911043
2019-11-27 23:53:00,150.53,150.53,150.39,150.46,153.303951
2019-11-27 23:52:00,150.33,150.6,150.33,150.52,424.136298
2019-11-27 23:51:00,150.38,150.62,150.32,150.37,632.215126
2019-11-27 23:50:00,150.23,150.62,150.23,150.4,520.432584
2019-11-27 23:49:00,150.31,150.32,150.13,150.24,336.204709
2019-11-27 23:48:00,150.62,150.66,150.3,150.3,993.545289
2019-11-27 23:47:00,150.85,151.12,150.5,150.59,1456.42601
2019-11-27 23:46:00,151.07,151.08,150.57,150.84,2158.583508
2019-11-27 23:45:00,150.94,151.65,150.89,151.1,2684.807084
2019-11-27 23:44:00,150.28,152,150.28,150.94,3984.123157
2019-11-27 23:43:00,150.23,151,150.12,150.27,5202.796514
2019-11-27 23:42:00,149.51,150.23,149.5,150.22,3385.958432
2019-11-27 23:41:00,149.32,149.53,149.32,149.49,238.07008
2019-11-27 23:40:00,149.23,149.32,149.23,149.32,310.174262
2019-11-27 23:39:00,149.18,149.24,149.18,149.23,158.202911
2019-11-27 23:38:00,149.22,149.23,149.11,149.19,511.663564
2019-11-27 23:37:00,149.04,149.23,149.03,149.22,140.413994
2019-11-27 23:36:00,149,149.09,149,149.03,58.75055
2019-11-27 23:35:00,149.28,149.28,148.96,148.97,1032.632247
2019-11-27 23:34:00,149.35,149.37,149.28,149.28,1098.905408
2019-11-27 23:33:00,149.3,149.37,149.3,149.35,636.795662
2019-11-27 23:32:00,149.32,149.37,149.3,149.3,2663.287621
2019-11-27 23:31:00,148.96,149.32,148.82,149.32,5720.547355
2019-11-27 23:30:00,148.7,149,148.7,148.93,874.564103
2019-11-27 23:29:00,148.64,148.76,148.64,148.7,419.393711
2019-11-27 23:28:00,148.63,148.69,148.58,148.66,249.815052
2019-11-27 23:27:00,148.6,148.69,148.57,148.69,153.269432
2019-11-27 23:26:00,148.39,148.61,148.31,148.59,135.568018
2019-11-27 23:25:00,148.44,148.6,148.4,148.45,740.470119
2019-11-27 23:24:00,148.42,148.45,148.42,148.44,69.501569
2019-11-27 23:23:00,148.39,148.45,148.39,148.42,23.260621
2019-11-27 23:22:00,148.36,148.42,148.36,148.38,128.252126
2019-11-27 23:21:00,148.36,148.38,148.3,148.36,154.94342
2019-11-27 23:20:00,148.42,148.47,148.34,148.36,153.972623
2019-11-27 23:19:00,148.21,148.42,148.21,148.41,249.982209
2019-11-27 23:18:00,148.13,148.24,148.13,148.21,790.299208
2019-11-27 23:17:00,148,148.13,147.9,148.13,164.449921
2019-11-27 23:16:00,148.11,148.18,147.98,148,212.050551
2019-11-27 23:15:00,148.03,148.11,147.99,148.11,259.616169
2019-11-27 23:14:00,147.84,148.03,147.84,148.03,302.494977
2019-11-27 23:13:00,147.81,147.84,147.74,147.84,122.514092
2019-11-27 23:12:00,147.63,147.81,147.63,147.8,62.837348
2019-11-27 23:11:00,147.6,147.63,147.56,147.63,42.01695
2019-11-27 23:10:00,147.59,147.61,147.54,147.6,200.625286
2019-11-27 23:09:00,147.62,147.62,147.59,147.59,30.18367
2019-11-27 23:08:00,147.44,147.61,147.44,147.61,42.591769
2019-11-27 23:07:00,147.51,147.51,147.48,147.48,43.076774
2019-11-27 23:06:00,147.54,147.54,147.48,147.53,46.751704
2019-11-27 23:05:00,147.61,147.7,147.54,147.54,242.081047
2019-11-27 23:04:00,147.51,147.7,147.5,147.59,174.620743
2019-11-27 23:03:00,147.52,147.58,147.5,147.51,143.770896
2019-11-27 23:02:00,147.5,147.63,147.48,147.52,92.573184
2019-11-27 23:01:00,147.59,147.59,147.4,147.5,195.988187
2019-11-27 23:00:00,147.66,147.71,147.58,147.58,60.249545
2019-11-27 22:59:00,147.54,147.68,147.37,147.67,187.104196
2019-11-27 22:58:00,147.59,147.7,147.54,147.54,179.196579
2019-11-27 22:57:00,147.53,147.59,147.53,147.59,10.331523
2019-11-27 22:56:00,147.54,147.55,147.51,147.55,117.886971
2019-11-27 22:55:00,147.49,147.5,147.4,147.5,139.176504
2019-11-27 22:54:00,147.31,147.5,147.31,147.47,106.460874
2019-11-27 22:53:00,147.37,147.37,147.31,147.31,39.519126
2019-11-27 22:52:00,147.38,147.42,147.38,147.4,169.608722
2019-11-27 22:51:00,147.44,147.45,147.38,147.38,11.51393
2019-11-27 22:50:00,147.55,147.55,147.4,147.41,36.595848
2019-11-27 22:49:00,147.4,147.56,147.4,147.55,25.890086
2019-11-27 22:48:00,147.41,147.43,147.37,147.43,33.988602
2019-11-27 22:47:00,147.43,147.45,147.4,147.44,145.694591
2019-11-27 22:46:00,147.54,147.54,147.43,147.43,60.383032
2019-11-27 22:45:00,147.54,147.55,147.47,147.54,62.192788
2019-11-27 22:44:00,147.47,147.58,147.46,147.58,200.054995
2019-11-27 22:43:00,147.38,147.51,147.3,147.48,1238.873514
2019-11-27 22:42:00,147.47,147.47,147.41,147.41,21.482175
2019-11-27 22:41:00,147.36,147.52,147.36,147.45,392.121303
2019-11-27 22:40:00,147.53,147.53,147.37,147.4,231.65741
2019-11-27 22:39:00,147.44,147.57,147.43,147.56,260.647068
2019-11-27 22:38:00,147.43,147.55,147.4,147.42,184.959081
2019-11-27 22:37:00,147.6,147.6,147.38,147.43,363.87671
2019-11-27 22:36:00,147.73,147.74,147.6,147.6,233.207047
2019-11-27 22:35:00,147.57,147.71,147.56,147.71,51.441628
2019-11-27 22:34:00,147.55,147.59,147.5,147.57,50.772112
2019-11-27 22:33:00,147.54,147.54,147.46,147.54,109.821561
2019-11-27 22:32:00,147.53,147.59,147.49,147.54,225.735422
2019-11-27 22:31:00,147.27,147.58,147.27,147.53,1333.875772
2019-11-27 22:30:00,147.47,147.47,147.25,147.25,156.294229
2019-11-27 22:29:00,147.37,147.49,147.37,147.47,321.427328
2019-11-27 22:28:00,147.33,147.58,147.31,147.38,503.973802
2019-11-27 22:27:00,147.14,147.34,147.14,147.33,406.170287
2019-11-27 22:26:00,147.13,147.2,147.01,147.13,671.740121
2019-11-27 22:25:00,147.34,147.37,147.12,147.12,340.210282
2019-11-27 22:24:00,147.43,147.48,147.31,147.36,418.595675
2019-11-27 22:23:00,147.3,147.42,146.91,147.42,1009.809723
2019-11-27 22:22:00,147.53,147.53,147.31,147.31,469.835961
2019-11-27 22:21:00,147.74,147.74,147.45,147.54,314.49168
2019-11-27 22:20:00,147.58,147.81,147.57,147.75,173.68712
2019-11-27 22:19:00,147.91,147.91,147.62,147.62,873.659586
2019-11-27 22:18:00,147.93,147.95,147.9,147.92,81.843075
2019-11-27 22:17:00,148.07,148.08,147.91,147.92,191.902872
2019-11-27 22:16:00,148.08,148.08,148.03,148.05,183.050361
2019-11-27 22:15:00,148.05,148.13,148,148.09,170.918523
2019-11-27 22:14:00,148.2,148.2,148.05,148.05,1032.303805
2019-11-27 22:13:00,148.22,148.22,148.2,148.21,81.73163
2019-11-27 22:12:00,148.2,148.23,148.2,148.22,75.548704
2019-11-27 22:11:00,148.23,148.23,148.2,148.2,520.31318
2019-11-27 22:10:00,148.29,148.29,148.21,148.24,21.2164
2019-11-27 22:09:00,148.3,148.33,148.25,148.29,86.228367
2019-11-27 22:08:00,148.23,148.33,148.23,148.32,23.354793
2019-11-27 22:07:00,148.39,148.39,148.24,148.25,189.278134
2019-11-27 22:06:00,148.12,148.37,148.11,148.37,1425.659524
2019-11-27 22:05:00,148.3,148.3,147.95,148.12,506.126443
2019-11-27 22:04:00,148.43,148.43,148.3,148.3,62.920033
2019-11-27 22:03:00,148.52,148.55,148.39,148.42,267.465562
2019-11-27 22:02:00,148.63,148.63,148.52,148.52,125.053321
2019-11-27 22:01:00,148.65,148.66,148.58,148.64,263.972321
2019-11-27 22:00:00,148.31,148.63,148.31,148.6,440.591156
2019-11-27 21:59:00,148.31,148.31,148.17,148.31,272.780545
2019-11-27 21:58:00,148.21,148.37,148.21,148.32,264.186799
2019-11-27 21:57:00,148.12,148.3,148.12,148.2,243.924459
2019-11-27 21:56:00,148.11,148.17,148.1,148.11,33.286311
2019-11-27 21:55:00,148.02,148.17,148.02,148.11,164.163331
2019-11-27 21:54:00,148.12,148.12,148.02,148.02,31.158918
2019-11-27 21:53:00,148.04,148.15,148,148.12,168.708733
2019-11-27 21:52:00,147.97,148.2,147.95,148.05,1219.661322
2019-11-27 21:51:00,148.09,148.09,147.97,147.97,123.085839
2019-11-27 21:50:00,148.11,148.11,148.03,148.08,78.394557
2019-11-27 21:49:00,148.04,148.12,147.95,148.11,166.26188
2019-11-27 21:48:00,147.82,148.09,147.82,148.03,366.223684
2019-11-27 21:47:00,147.85,147.85,147.74,147.82,34.004506
2019-11-27 21:46:00,147.72,147.85,147.72,147.85,247.360154
2019-11-27 21:45:00,147.72,147.74,147.67,147.71,126.915672
2019-11-27 21:44:00,147.88,147.88,147.68,147.7,146.163183
2019-11-27 21:43:00,147.88,147.91,147.81,147.9,45.673193
2019-11-27 21:42:00,147.8,147.87,147.7,147.87,53.128943
2019-11-27 21:41:00,147.7,147.88,147.69,147.77,265.98171
2019-11-27 21:40:00,147.68,147.83,147.68,147.7,230.725242
2019-11-27 21:39:00,147.85,147.86,147.6,147.67,487.08185
2019-11-27 21:38:00,147.91,147.93,147.83,147.83,293.404841
2019-11-27 21:37:00,148,148.01,147.89,147.91,156.187844
2019-11-27 21:36:00,148.02,148.11,148.01,148.04,74.625234
2019-11-27 21:35:00,148.15,148.24,148.01,148.01,505.979364
2019-11-27 21:34:00,148.39,148.39,148.15,148.15,530.366289
2019-11-27 21:33:00,148.5,148.5,148.38,148.4,1111.020932
2019-11-27 21:32:00,148.5,148.51,148.5,148.5,2094.062603
2019-11-27 21:31:00,148.51,148.52,148.5,148.5,846.342436
2019-11-27 21:30:00,148.13,148.54,148.13,148.53,2501.063872
2019-11-27 21:29:00,148.1,148.15,148.09,148.13,179.621504
2019-11-27 21:28:00,148.07,148.16,148.07,148.09,73.144483
2019-11-27 21:27:00,148.09,148.2,148.09,148.1,110.184332
2019-11-27 21:26:00,148.04,148.1,148.03,148.03,46.892662
2019-11-27 21:25:00,148.12,148.12,148.03,148.04,119.614148
2019-11-27 21:24:00,147.95,148.11,147.95,148.1,84.698168
2019-11-27 21:23:00,147.96,148.02,147.94,147.99,74.899675
2019-11-27 21:22:00,147.92,148.1,147.89,148,202.981074
2019-11-27 21:21:00,148.11,148.13,147.93,147.94,231.865657
2019-11-27 21:20:00,148.18,148.27,148.11,148.11,74.699998
2019-11-27 21:19:00,148.14,148.28,148.1,148.14,236.350961
2019-11-27 21:18:00,148.17,148.18,147.91,148.12,529.866724
2019-11-27 21:17:00,148.12,148.19,148.03,148.17,136.890385
2019-11-27 21:16:00,147.89,148.15,147.89,148.15,67.282324
2019-11-27 21:15:00,147.99,148.02,147.96,147.97,42.308219
2019-11-27 21:14:00,147.97,147.98,147.85,147.98,129.622526
2019-11-27 21:13:00,148.09,148.14,147.95,147.96,297.470673
2019-11-27 21:12:00,148.18,148.3,148.08,148.09,356.401983
2019-11-27 21:11:00,148.2,148.2,148.07,148.18,427.44435
2019-11-27 21:10:00,148.09,148.2,148.05,148.2,261.453207
2019-11-27 21:09:00,147.92,148.17,147.91,148.09,236.25572
2019-11-27 21:08:00,147.79,147.98,147.79,147.89,277.115898
2019-11-27 21:07:00,147.87,147.92,147.77,147.79,88.504049
2019-11-27 21:06:00,147.66,147.87,147.56,147.85,1289.068508
2019-11-27 21:05:00,147.82,147.82,147.52,147.66,211.360724
2019-11-27 21:04:00,147.66,147.82,147.66,147.82,58.435895
2019-11-27 21:03:00,147.68,147.76,147.66,147.66,37.822295
2019-11-27 21:02:00,147.5,147.82,147.5,147.66,189.453459
2019-11-27 21:01:00,147.88,147.9,147.42,147.48,614.66412
2019-11-27 21:00:00,147.44,147.88,147.37,147.88,153.271826
2019-11-27 20:59:00,147.37,147.5,147.37,147.44,238.432586
2019-11-27 20:58:00,147.54,147.54,147.3,147.36,456.162167
2019-11-27 20:57:00,147.63,147.7,147.53,147.53,152.853958
2019-11-27 20:56:00,147.61,147.68,147.61,147.67,140.527173
2019-11-27 20:55:00,147.8,147.81,147.59,147.59,171.482092
2019-11-27 20:54:00,147.97,147.98,147.85,147.86,136.650203
2019-11-27 20:53:00,148,148.11,147.88,148.01,201.639216
2019-11-27 20:52:00,147.9,148.13,147.84,148,466.336983
2019-11-27 20:51:00,148,148.1,147.88,147.9,459.612714
2019-11-27 20:50:00,148.2,148.22,147.99,148.01,2883.734622
2019-11-27 20:49:00,148.28,148.28,148.2,148.2,2886.753264
2019-11-27 20:48:00,148.36,148.36,148.2,148.28,3792.819588
2019-11-27 20:47:00,148.05,148.4,147.93,148.35,11664.335496
2019-11-27 20:46:00,148.04,148.16,147.96,148.05,219.628301
2019-11-27 20:45:00,147.83,148.09,147.83,148.02,397.442874
2019-11-27 20:44:00,147.93,148.02,147.78,147.82,37.335544
2019-11-27 20:43:00,148,148.1,147.75,147.92,338.542615
2019-11-27 20:42:00,147.79,148.08,147.73,148.05,193.994432
2019-11-27 20:41:00,147.98,148.13,147.83,147.85,372.314604
2019-11-27 20:40:00,147.7,148.01,147.69,147.96,331.097623
2019-11-27 20:39:00,147.83,147.83,147.61,147.71,857.811384
2019-11-27 20:38:00,147.56,147.79,147.53,147.79,335.067868
2019-11-27 20:37:00,147.48,147.67,147.48,147.57,256.488578
2019-11-27 20:36:00,147.54,147.62,147.23,147.48,1281.213105
2019-11-27 20:35:00,147.72,147.72,147.53,147.55,429.170014
2019-11-27 20:34:00,147.64,147.87,147.6,147.72,1225.737081
2019-11-27 20:33:00,147.75,147.84,147.6,147.64,508.269398
2019-11-27 20:32:00,147.94,148.04,147.81,147.81,234.849774
2019-11-27 20:31:00,148.01,148.13,147.94,147.94,266.516036
2019-11-27 20:30:00,148.27,148.56,148.04,148.04,1026.851106
2019-11-27 20:29:00,148.51,148.6,148.23,148.25,2435.515691
2019-11-27 20:28:00,148.52,148.54,148.21,148.54,206.138464
2019-11-27 20:27:00,148,148.51,147.89,148.47,1507.978881
2019-11-27 20:26:00,147.79,148.2,147.72,147.98,3490.405224
2019-11-27 20:25:00,148.07,148.07,147.67,147.79,638.631932
2019-11-27 20:24:00,148.18,148.23,147.83,148.07,702.275185
2019-11-27 20:23:00,147.83,148.32,147.83,148.18,566.341649
2019-11-27 20:22:00,147.76,147.96,147.73,147.83,262.447264
2019-11-27 20:21:00,147.75,147.91,147.67,147.81,1132.378769
2019-11-27 20:20:00,147.61,147.91,147.6,147.75,1638.75236
2019-11-27 20:19:00,147.54,147.72,147.52,147.61,551.092912
2019-11-27 20:18:00,147.97,148.03,147.53,147.53,770.834141
2019-11-27 20:17:00,147.71,148,147.69,147.93,461.014785
2019-11-27 20:16:00,148.12,148.12,147.68,147.68,1123.56088
2019-11-27 20:15:00,148.23,148.56,147.98,148.12,1053.817581
2019-11-27 20:14:00,147.76,148.29,147.67,148.23,1455.896596
2019-11-27 20:13:00,148.23,148.29,147.66,147.79,1713.706088
2019-11-27 20:12:00,148.54,148.62,148.11,148.28,974.054407
2019-11-27 20:11:00,148.33,148.68,148.18,148.53,1055.085502
2019-11-27 20:10:00,148.63,149.08,148.05,148.36,2194.429939
2019-11-27 20:09:00,148.22,149.13,148.1,148.67,3479.5969
2019-11-27 20:08:00,148.86,148.87,148.21,148.29,1977.845576
2019-11-27 20:07:00,148.26,149.37,148.26,148.87,6766.821356
2019-11-27 20:06:00,148.09,148.78,148.07,148.27,5017.153933
2019-11-27 20:05:00,147.66,148.23,147.41,148.09,2960.109203
2019-11-27 20:04:00,147.75,147.86,147.52,147.65,4969.698793
2019-11-27 20:03:00,146.64,147.85,146.64,147.74,4155.212144
2019-11-27 20:02:00,146.04,146.64,146.02,146.64,328.431633
2019-11-27 20:01:00,146.14,146.17,145.96,146.04,307.111264
2019-11-27 20:00:00,146.54,146.54,146,146.12,1722.129874
2019-11-27 19:59:00,146.4,146.64,146.36,146.51,233.865031
2019-11-27 19:58:00,146.3,146.48,146.27,146.41,262.488502
2019-11-27 19:57:00,146.19,146.46,145.93,146.32,410.297001
2019-11-27 19:56:00,146.02,146.27,145.85,146.2,710.132329
2019-11-27 19:55:00,145.87,146.4,145.86,146.06,1712.479567
2019-11-27 19:54:00,145.77,145.87,145.66,145.84,411.502219
2019-11-27 19:53:00,145.97,146.05,145.62,145.75,3008.413546
2019-11-27 19:52:00,146.16,146.24,145.7,145.97,1282.931503
2019-11-27 19:51:00,146.57,146.58,146,146.17,743.054163
2019-11-27 19:50:00,146.74,146.75,146.27,146.53,1447.603314
2019-11-27 19:49:00,146.81,146.86,146.66,146.74,332.288106
2019-11-27 19:48:00,146.5,146.78,146.43,146.78,727.007128
2019-11-27 19:47:00,146.61,146.77,146.37,146.49,1057.706645
2019-11-27 19:46:00,146.51,146.7,146.29,146.61,893.60013
2019-11-27 19:45:00,146.18,146.79,146.18,146.5,999.125127
2019-11-27 19:44:00,146.43,146.6,146.19,146.21,2286.264422
2019-11-27 19:43:00,146.33,147,146.33,146.42,1595.80888
2019-11-27 19:42:00,146.09,147,146.03,146.34,3599.127657
2019-11-27 19:41:00,146.01,146.46,145.82,146.09,1085.332406
2019-11-27 19:40:00,145.56,146.5,145.46,146.01,3265.606717
2019-11-27 19:39:00,145.18,145.7,145.07,145.6,652.155069
2019-11-27 19:38:00,145.24,145.51,144.96,145.15,1427.923703
2019-11-27 19:37:00,145.31,145.98,145.21,145.26,2531.358247
2019-11-27 19:36:00,145.68,145.83,144.89,145.27,3851.964361
2019-11-27 19:35:00,144.19,145.82,144.13,145.68,3323.880733
2019-11-27 19:34:00,144.05,144.34,144,144.18,910.412817
2019-11-27 19:33:00,144.26,144.26,143.96,143.99,1180.571705
2019-11-27 19:32:00,144.44,144.44,144.18,144.26,557.974357
2019-11-27 19:31:00,144.24,144.47,144.17,144.41,1129.404999
2019-11-27 19:30:00,144.25,144.41,144.19,144.24,313.598741
2019-11-27 19:29:00,144.06,144.37,144.01,144.28,1002.395009
2019-11-27 19:28:00,144.02,144.06,143.81,144.03,369.692394
2019-11-27 19:27:00,144.06,144.13,143.9,144.02,971.939242
2019-11-27 19:26:00,143.85,144.12,143.82,144.11,498.971462
2019-11-27 19:25:00,143.77,143.95,143.77,143.85,262.5377
2019-11-27 19:24:00,143.6,143.84,143.59,143.77,611.824393
2019-11-27 19:23:00,143.28,143.63,143.28,143.61,1648.516155
2019-11-27 19:22:00,143.34,143.34,143.2,143.27,101.82271
2019-11-27 19:21:00,143.44,143.44,143.26,143.33,319.576754
2019-11-27 19:20:00,143.58,143.59,143.43,143.44,326.558335
2019-11-27 19:19:00,143.48,143.58,143.47,143.58,9.313044
2019-11-27 19:18:00,143.48,143.48,143.44,143.47,29.485468
2019-11-27 19:17:00,143.54,143.57,143.47,143.47,302.412831
2019-11-27 19:16:00,143.42,143.55,143.42,143.54,152.676393
2019-11-27 19:15:00,143.4,143.41,143.33,143.41,655.820527
2019-11-27 19:14:00,143.51,143.52,143.32,143.38,148.575745
2019-11-27 19:13:00,143.51,143.57,143.45,143.51,108.798882
2019-11-27 19:12:00,143.43,143.55,143.43,143.51,47.918459
2019-11-27 19:11:00,143.56,143.56,143.39,143.43,709.82368
2019-11-27 19:10:00,143.53,143.55,143.44,143.52,385.104274
2019-11-27 19:09:00,143.57,143.6,143.42,143.53,1378.536922
2019-11-27 19:08:00,143.41,143.59,143.41,143.57,446.594483
2019-11-27 19:07:00,143.33,143.49,143.33,143.41,292.495392
2019-11-27 19:06:00,143.2,143.34,143.14,143.34,255.581033
2019-11-27 19:05:00,142.97,143.2,142.92,143.2,1552.222012
2019-11-27 19:04:00,142.83,142.98,142.82,142.97,340.293579
2019-11-27 19:03:00,143.04,143.04,142.82,142.85,786.706907
2019-11-27 19:02:00,142.94,143.07,142.91,143.05,156.954738
2019-11-27 19:01:00,142.73,143.01,142.73,142.94,144.939846
2019-11-27 19:00:00,142.68,142.7,142.64,142.7,6.722617
2019-11-27 18:59:00,142.77,142.77,142.62,142.65,115.934097
2019-11-27 18:58:00,142.62,142.81,142.62,142.75,160.841389
2019-11-27 18:57:00,142.61,142.65,142.51,142.61,70.650341
2019-11-27 18:56:00,142.63,142.73,142.6,142.63,61.03448
2019-11-27 18:55:00,142.45,142.71,142.45,142.62,125.269598
2019-11-27 18:54:00,142.21,142.44,142.21,142.41,70.961358
2019-11-27 18:53:00,142.2,142.34,142.16,142.21,266.192083
2019-11-27 18:52:00,142.29,142.42,142.2,142.2,32.783976
2019-11-27 18:51:00,142.21,142.46,142.21,142.26,184.750661
2019-11-27 18:50:00,142.39,142.39,142.13,142.2,186.597743
2019-11-27 18:49:00,142.56,142.56,142.35,142.43,680.642149
2019-11-27 18:48:00,142.72,142.73,142.55,142.56,81.618038
2019-11-27 18:47:00,143.07,143.07,142.72,142.72,136.364636
2019-11-27 18:46:00,142.95,143.14,142.95,143.1,161.350652
2019-11-27 18:45:00,142.9,142.98,142.89,142.98,107.101125
2019-11-27 18:44:00,142.77,142.9,142.77,142.9,67.306811
2019-11-27 18:43:00,142.68,142.72,142.66,142.72,19.011213
2019-11-27 18:42:00,142.52,142.64,142.52,142.64,24.609658
2019-11-27 18:41:00,142.47,142.56,142.43,142.54,113.922735
2019-11-27 18:40:00,142.56,142.56,142.47,142.47,99.424516
2019-11-27 18:39:00,142.53,142.68,142.48,142.55,99.07411
2019-11-27 18:38:00,142.37,142.58,142.37,142.54,590.187412
2019-11-27 18:37:00,142.5,142.52,142.34,142.37,578.159249
2019-11-27 18:36:00,142.86,142.86,142.5,142.5,334.253799
2019-11-27 18:35:00,142.87,142.99,142.81,142.83,232.63123
2019-11-27 18:34:00,142.87,142.92,142.79,142.87,160.133854
2019-11-27 18:33:00,143.05,143.09,142.76,142.88,383.484021
2019-11-27 18:32:00,142.62,143.04,142.62,143.04,258.431286
2019-11-27 18:31:00,142.54,142.63,142.5,142.61,196.079911
2019-11-27 18:30:00,142.7,142.7,142.52,142.54,188.651739
2019-11-27 18:29:00,142.82,142.93,142.64,142.68,2722.015985
2019-11-27 18:28:00,142.77,142.82,142.57,142.82,443.557381
2019-11-27 18:27:00,142.51,143.11,142.48,142.8,2733.934326
2019-11-27 18:26:00,142.11,142.48,142.06,142.47,172.796791
2019-11-27 18:25:00,142.27,142.27,142.12,142.12,192.567627
2019-11-27 18:24:00,142.2,142.3,142.2,142.27,95.522512
2019-11-27 18:23:00,142.32,142.39,142.16,142.2,157.893418
2019-11-27 18:22:00,142.02,142.43,142.02,142.31,458.334448
2019-11-27 18:21:00,141.88,142.01,141.75,142.01,1639.177586
2019-11-27 18:20:00,141.87,141.9,141.82,141.87,205.189777
2019-11-27 18:19:00,141.59,141.89,141.59,141.88,180.576538
2019-11-27 18:18:00,141.64,141.67,141.59,141.59,325.995688
2019-11-27 18:17:00,141.7,141.75,141.59,141.65,454.762405
2019-11-27 18:16:00,141.78,141.78,141.56,141.7,227.927729
2019-11-27 18:15:00,142.07,142.07,141.72,141.77,247.006804
2019-11-27 18:14:00,141.64,142.12,141.64,142.12,743.641713
2019-11-27 18:13:00,141.57,141.63,141.52,141.63,65.251372
2019-11-27 18:12:00,141.75,141.75,141.54,141.57,762.872343
2019-11-27 18:11:00,141.93,141.99,141.77,141.77,775.712464
2019-11-27 18:10:00,141.82,141.99,141.75,141.95,1234.245534
2019-11-27 18:09:00,141.81,142.07,141.78,141.86,852.034119
2019-11-27 18:08:00,141.76,141.82,141.7,141.82,579.18534
2019-11-27 18:07:00,141.42,141.84,141.42,141.73,774.328277
2019-11-27 18:06:00,141.36,141.52,141.33,141.45,831.414219
2019-11-27 18:05:00,141.34,141.36,141.01,141.36,924.940654
2019-11-27 18:04:00,141.13,141.56,141.12,141.36,1287.682406
2019-11-27 18:03:00,141.54,141.65,141.06,141.12,895.590539
2019-11-27 18:02:00,141.3,141.68,141.3,141.58,906.519423
2019-11-27 18:01:00,141.75,141.82,141.26,141.28,727.308333
2019-11-27 18:00:00,142.07,142.08,141.7,141.77,1049.241377
2019-11-27 17:59:00,142.04,142.24,142.04,142.08,451.029293
2019-11-27 17:58:00,142.38,142.38,142,142.04,563.869881
2019-11-27 17:57:00,142.23,142.44,142.23,142.38,61.519534
2019-11-27 17:56:00,142.56,142.58,142.17,142.24,1129.097524
2019-11-27 17:55:00,142.75,142.78,142.54,142.56,1458.245874
2019-11-27 17:54:00,142.48,142.77,142.48,142.77,125.674854
2019-11-27 17:53:00,142.32,142.47,142.32,142.47,182.119506
2019-11-27 17:52:00,142.36,142.36,142.18,142.32,338.673342
2019-11-27 17:51:00,142.19,142.35,142.15,142.35,298.715264
2019-11-27 17:50:00,142.49,142.49,142.05,142.18,619.064088
2019-11-27 17:49:00,142.43,142.72,142.4,142.5,941.078091
2019-11-27 17:48:00,142.06,142.48,142.06,142.43,785.289092
2019-11-27 17:47:00,142.04,142.09,142,142.05,482.149862
2019-11-27 17:46:00,141.97,142.1,141.95,142.04,674.412725
2019-11-27 17:45:00,141.49,142.04,141.49,141.98,2031.699871
2019-11-27 17:44:00,141.36,141.59,141.36,141.49,576.665147
2019-11-27 17:43:00,141.45,141.45,141.26,141.36,616.908466
2019-11-27 17:42:00,141.35,141.56,141.32,141.45,493.887136
2019-11-27 17:41:00,141.37,141.53,141.31,141.35,399.556003
2019-11-27 17:40:00,141.63,141.63,141.32,141.37,566.933521
2019-11-27 17:39:00,141.62,141.71,141.42,141.65,969.856292
2019-11-27 17:38:00,141.91,141.91,141.64,141.64,1603.81291
2019-11-27 17:37:00,141.76,141.91,141.7,141.9,893.194507
2019-11-27 17:36:00,141.07,141.83,141.06,141.76,1064.98923
2019-11-27 17:35:00,141.22,141.26,140.86,141.06,1459.646426
2019-11-27 17:34:00,141.02,141.38,140.87,141.22,1324.70774
2019-11-27 17:33:00,141.41,141.41,140.98,141.02,1211.615426
2019-11-27 17:32:00,141.25,141.53,141.21,141.43,1420.687267
2019-11-27 17:31:00,141.51,141.53,141,141.26,2605.934273
2019-11-27 17:30:00,142.15,142.15,141.48,141.48,1626.087809
2019-11-27 17:29:00,141.99,142.29,141.86,142.16,607.593979
2019-11-27 17:28:00,141.85,142.06,141.8,142.01,2658.021411
2019-11-27 17:27:00,141.95,141.96,141.48,141.87,2196.848021
2019-11-27 17:26:00,142.32,142.37,141.57,141.95,3923.898619
2019-11-27 17:25:00,142.43,142.79,142.25,142.32,1188.876
2019-11-27 17:24:00,142.93,142.93,142.27,142.45,2232.138381
2019-11-27 17:23:00,142.81,143.04,142.68,142.91,817.952336
2019-11-27 17:22:00,142.94,143.05,142.82,142.82,695.234759
2019-11-27 17:21:00,143.25,143.29,142.93,142.96,616.910948
2019-11-27 17:20:00,143.45,143.48,143.21,143.31,757.11882
2019-11-27 17:19:00,143.13,143.44,143.1,143.44,1431.038899
2019-11-27 17:18:00,143.1,143.16,142.69,143.1,2075.048497
2019-11-27 17:17:00,143.17,143.28,142.66,143.11,2978.499798
2019-11-27 17:16:00,143.55,143.6,143.21,143.21,592.815714
2019-11-27 17:15:00,143.36,143.6,143.3,143.55,1183.215512
2019-11-27 17:14:00,143.57,143.63,143.37,143.37,892.694372
2019-11-27 17:13:00,143.68,143.72,143.35,143.54,715.920054
2019-11-27 17:12:00,143.45,143.77,143.4,143.7,444.880492
2019-11-27 17:11:00,143.4,143.48,143.16,143.45,1884.140436
2019-11-27 17:10:00,143.49,143.65,143.28,143.4,1421.194751
2019-11-27 17:09:00,143.11,143.5,143.01,143.49,2058.516558
2019-11-27 17:08:00,143.53,143.53,142.5,143.06,6880.859483
2019-11-27 17:07:00,143.64,143.68,143.01,143.43,5891.473491
2019-11-27 17:06:00,144.04,144.18,143.66,143.66,1362.045618
2019-11-27 17:05:00,144.33,144.45,143.84,144.09,2262.532457
2019-11-27 17:04:00,144.11,144.55,144.03,144.34,893.365368
2019-11-27 17:03:00,143.98,144.36,143.72,144.12,1747.032769
2019-11-27 17:02:00,144.5,144.54,143.5,143.94,4739.797334
2019-11-27 17:01:00,144.48,144.59,143.94,144.48,6333.905877
2019-11-27 17:00:00,145.04,145.13,144.4,144.47,3962.353331
2019-11-27 16:59:00,145.25,145.28,145,145.03,417.601619
2019-11-27 16:58:00,145.34,145.38,145.19,145.22,851.000021
2019-11-27 16:57:00,145.65,145.65,145.32,145.35,410.61631
2019-11-27 16:56:00,145.78,145.78,145.67,145.67,3.126898
2019-11-27 16:55:00,145.68,145.78,145.68,145.78,1096.261826
2019-11-27 16:54:00,145.61,145.68,145.61,145.65,918.644332
2019-11-27 16:53:00,145.87,145.87,145.6,145.6,622.479522
2019-11-27 16:52:00,145.81,145.88,145.81,145.87,11.772925
2019-11-27 16:51:00,145.71,145.88,145.71,145.84,338.823439
2019-11-27 16:50:00,145.64,145.66,145.64,145.66,18.491398
2019-11-27 16:49:00,145.6,145.64,145.56,145.64,48.938651
2019-11-27 16:48:00,145.54,145.61,145.53,145.61,34.109442
2019-11-27 16:47:00,145.3,145.53,145.3,145.53,113.42796
2019-11-27 16:46:00,145.24,145.3,145.24,145.3,58.907523
2019-11-27 16:45:00,145.43,145.47,145.22,145.24,398.140324
2019-11-27 16:44:00,145.41,145.49,145.4,145.42,70.700846
2019-11-27 16:43:00,145.6,145.63,145.36,145.37,195.101893
2019-11-27 16:42:00,145.65,145.65,145.6,145.61,27.986718
2019-11-27 16:41:00,145.71,145.71,145.64,145.68,179.869476
2019-11-27 16:40:00,145.66,145.73,145.64,145.72,526.569907
2019-11-27 16:39:00,146,146.01,145.65,145.65,761.573755
2019-11-27 16:38:00,146.05,146.05,146,146,90.836365
2019-11-27 16:37:00,146.1,146.1,146.02,146.06,47.339494
2019-11-27 16:36:00,146.12,146.12,146.09,146.1,35.273197
2019-11-27 16:35:00,146.29,146.29,146.08,146.14,107.399079
2019-11-27 16:34:00,146.29,146.29,146.28,146.28,13.9397
2019-11-27 16:33:00,146.18,146.29,146.18,146.28,443.98225
2019-11-27 16:32:00,146.23,146.23,146.13,146.21,37.859558
2019-11-27 16:31:00,146.18,146.27,146.12,146.24,269.260221
2019-11-27 16:30:00,146.28,146.28,146.04,146.12,351.834686
2019-11-27 16:29:00,146.19,146.29,146.15,146.28,162.265248
2019-11-27 16:28:00,146.26,146.26,146.13,146.2,89.905091
2019-11-27 16:27:00,146.45,146.46,146.26,146.26,32.845854
2019-11-27 16:26:00,146.44,146.5,146.42,146.46,9.964754
2019-11-27 16:25:00,146.39,146.48,146.33,146.47,100.235711
2019-11-27 16:24:00,146.64,146.64,146.38,146.4,350.699784
2019-11-27 16:23:00,146.68,146.68,146.64,146.65,9.025837
2019-11-27 16:22:00,146.68,146.73,146.68,146.69,2.314798
2019-11-27 16:21:00,146.65,146.75,146.65,146.67,129.201765
2019-11-27 16:20:00,146.68,146.69,146.64,146.65,5.475907
2019-11-27 16:19:00,146.65,146.71,146.65,146.68,24.795856
2019-11-27 16:18:00,146.75,146.78,146.65,146.67,174.215203
2019-11-27 16:17:00,146.71,146.78,146.71,146.74,101.491255
2019-11-27 16:16:00,146.67,146.7,146.67,146.7,34.753293
2019-11-27 16:15:00,146.68,146.74,146.65,146.67,87.453896
2019-11-27 16:14:00,146.64,146.7,146.57,146.68,203.885981
2019-11-27 16:13:00,146.72,146.72,146.6,146.65,163.125645
2019-11-27 16:12:00,146.74,146.74,146.71,146.72,62.833068
2019-11-27 16:11:00,146.75,146.79,146.72,146.75,102.372542
2019-11-27 16:10:00,146.8,146.82,146.73,146.75,36.470551
2019-11-27 16:09:00,146.73,146.87,146.7,146.81,101.687675
2019-11-27 16:08:00,146.65,146.71,146.65,146.71,26.279586
2019-11-27 16:07:00,146.7,146.78,146.65,146.65,305.174666
2019-11-27 16:06:00,146.67,146.74,146.63,146.73,293.477739
2019-11-27 16:05:00,146.86,146.86,146.68,146.68,387.786961
2019-11-27 16:04:00,146.68,146.87,146.68,146.85,195.656211
2019-11-27 16:03:00,146.65,146.71,146.61,146.69,124.615283
2019-11-27 16:02:00,146.55,146.72,146.55,146.65,267.420303
2019-11-27 16:01:00,146.31,146.55,146.3,146.55,82.921552
2019-11-27 16:00:00,146.26,146.3,146.26,146.3,8.842527
2019-11-27 15:59:00,146.21,146.26,146.06,146.26,283.648516
2019-11-27 15:58:00,146.32,146.32,146.21,146.21,79.298917
2019-11-27 15:57:00,146.47,146.47,146.24,146.32,13.978336
2019-11-27 15:56:00,146.45,146.49,146.44,146.45,21.160714
2019-11-27 15:55:00,146.37,146.44,146.29,146.44,82.526946
2019-11-27 15:54:00,146.23,146.46,146.23,146.41,117.948491
2019-11-27 15:53:00,146.23,146.24,146.15,146.24,42.501023
2019-11-27 15:52:00,146.24,146.29,146.23,146.23,9.310596
2019-11-27 15:51:00,146.15,146.2,146.15,146.2,8.168658
2019-11-27 15:50:00,146.04,146.19,145.97,146.15,120.466656
2019-11-27 15:49:00,146.03,146.14,146.03,146.06,113.104409
2019-11-27 15:48:00,146.04,146.05,145.91,145.98,154.954217
2019-11-27 15:47:00,145.85,146,145.84,146,1407.094073
2019-11-27 15:46:00,145.94,145.94,145.84,145.85,122.029554
2019-11-27 15:45:00,145.94,145.97,145.9,145.95,175.205464
2019-11-27 15:44:00,145.99,145.99,145.94,145.94,29.260861
2019-11-27 15:43:00,146.1,146.1,145.98,145.98,19.746459
2019-11-27 15:42:00,146.01,146.1,146.01,146.09,41.011475
2019-11-27 15:41:00,145.95,146.11,145.95,146.01,68.806865
2019-11-27 15:40:00,146.01,146.01,145.91,145.95,45.499757
2019-11-27 15:39:00,146.15,146.15,146.01,146.01,5.409828
2019-11-27 15:38:00,146.18,146.18,146.15,146.15,0.239371
2019-11-27 15:37:00,146.36,146.41,146.2,146.2,62.141452
2019-11-27 15:36:00,146.29,146.36,146.25,146.36,30.339315
2019-11-27 15:35:00,146.24,146.28,146.24,146.25,3.701578
2019-11-27 15:34:00,146.18,146.24,146.13,146.24,7.182606
2019-11-27 15:33:00,146.09,146.2,146.03,146.2,252.168257
2019-11-27 15:32:00,146.13,146.22,146.09,146.1,34.076718
2019-11-27 15:31:00,146.09,146.17,145.99,146.14,261.767745
2019-11-27 15:30:00,146.15,146.15,146.07,146.08,33.449014
2019-11-27 15:29:00,146.23,146.29,146.08,146.15,285.572995
2019-11-27 15:28:00,146.29,146.3,146.25,146.25,3.802995
2019-11-27 15:27:00,146.15,146.38,146.15,146.31,47.355036
2019-11-27 15:26:00,146.11,146.2,146.08,146.15,75.976107
2019-11-27 15:25:00,145.92,146.26,145.91,146.12,90.855187
2019-11-27 15:24:00,146.08,146.16,145.92,145.92,347.37519
2019-11-27 15:23:00,146.22,146.22,145.9,146.07,446.553787
2019-11-27 15:22:00,146.48,146.53,146.21,146.25,150.423676
2019-11-27 15:21:00,146.48,146.57,146.48,146.48,23.720134
2019-11-27 15:20:00,146.36,146.53,146.35,146.53,80.806755
2019-11-27 15:19:00,146.35,146.53,146.35,146.37,137.25811
2019-11-27 15:18:00,146.22,146.36,146.14,146.34,273.686983
2019-11-27 15:17:00,146.44,146.46,146.22,146.22,150.824283
2019-11-27 15:16:00,146.41,146.42,146.26,146.36,154.157425
2019-11-27 15:15:00,146.47,146.51,146.4,146.44,129.77095
2019-11-27 15:14:00,146.62,146.67,146.41,146.47,165.854217
2019-11-27 15:13:00,146.51,146.73,146.42,146.63,1012.845656
2019-11-27 15:12:00,146.96,146.96,146.49,146.5,1144.743786
2019-11-27 15:11:00,146.99,147.02,146.99,146.99,26.96033
2019-11-27 15:10:00,147.02,147.06,146.89,146.99,660.011909
2019-11-27 15:09:00,147.34,147.37,147.03,147.05,45.720209
2019-11-27 15:08:00,147.25,147.44,147.24,147.33,170.649586
2019-11-27 15:07:00,147.43,147.43,147.15,147.24,470.51546
2019-11-27 15:06:00,147.58,147.67,147.42,147.43,695.580726
2019-11-27 15:05:00,147.37,147.78,147.37,147.57,1391.073486
2019-11-27 15:04:00,147.24,147.54,147.24,147.37,970.892481
2019-11-27 15:03:00,147.31,147.31,147.06,147.25,440.808489
2019-11-27 15:02:00,147.28,147.35,147.16,147.31,436.868154
2019-11-27 15:01:00,147.16,147.29,146.85,147.28,1972.929344
2019-11-27 15:00:00,146.99,147.35,146.98,147.13,1834.404657
2019-11-27 14:59:00,146.78,147.01,146.78,146.98,1034.042361
2019-11-27 14:58:00,146.76,146.8,146.73,146.79,468.668021
2019-11-27 14:57:00,146.64,146.78,146.64,146.76,358.499185
2019-11-27 14:56:00,146.45,146.64,146.39,146.64,116.271355
2019-11-27 14:55:00,146.6,146.6,146.46,146.46,78.655669
2019-11-27 14:54:00,146.52,146.65,146.52,146.61,60.96273
2019-11-27 14:53:00,146.5,146.52,146.33,146.51,310.530714
2019-11-27 14:52:00,146.54,146.58,146.46,146.51,289.462578
2019-11-27 14:51:00,146.56,146.56,146.49,146.53,484.880781
2019-11-27 14:50:00,146.27,146.56,146.26,146.56,299.339928
2019-11-27 14:49:00,146.59,146.59,146.25,146.28,306.671432
2019-11-27 14:48:00,146.33,146.6,146.33,146.59,523.306285
2019-11-27 14:47:00,146.25,146.43,146.25,146.34,126.485474
2019-11-27 14:46:00,146.18,146.31,146.18,146.24,139.812205
2019-11-27 14:45:00,146.1,146.24,146.05,146.19,197.768804
2019-11-27 14:44:00,146.03,146.22,146.03,146.1,470.740251
2019-11-27 14:43:00,145.9,146.08,145.9,145.98,281.823922
2019-11-27 14:42:00,145.79,145.86,145.79,145.86,40.770233
2019-11-27 14:41:00,145.75,145.78,145.71,145.77,405.820614
2019-11-27 14:40:00,145.73,145.78,145.71,145.76,122.265788
2019-11-27 14:39:00,145.7,145.77,145.63,145.73,256.144441
2019-11-27 14:38:00,145.8,145.8,145.63,145.69,13.250545
2019-11-27 14:37:00,145.86,145.86,145.73,145.8,237.493322
2019-11-27 14:36:00,145.63,145.87,145.63,145.86,24.228564
2019-11-27 14:35:00,145.65,145.74,145.63,145.63,65.022035
2019-11-27 14:34:00,145.62,145.65,145.62,145.65,6.949442
2019-11-27 14:33:00,145.69,145.77,145.62,145.62,77.594704
2019-11-27 14:32:00,145.68,145.71,145.68,145.68,7.697548
2019-11-27 14:31:00,145.54,145.68,145.54,145.68,30.748751
2019-11-27 14:30:00,145.4,145.53,145.33,145.53,40.645893
2019-11-27 14:29:00,145.52,145.52,145.34,145.36,14.277256
2019-11-27 14:28:00,145.48,145.53,145.45,145.53,26.142574
2019-11-27 14:27:00,145.45,145.49,145.45,145.48,25.062876
2019-11-27 14:26:00,145.69,145.69,145.45,145.46,123.554097
2019-11-27 14:25:00,145.66,145.72,145.65,145.69,222.199006
2019-11-27 14:24:00,145.7,145.7,145.62,145.66,33.949374
2019-11-27 14:23:00,145.67,145.73,145.66,145.69,49.877879
2019-11-27 14:22:00,145.66,145.76,145.65,145.68,318.279407
2019-11-27 14:21:00,145.42,145.82,145.42,145.62,808.737359
2019-11-27 14:20:00,145.24,145.42,145.24,145.42,71.171789
2019-11-27 14:19:00,145.25,145.28,145.24,145.25,187.967314
2019-11-27 14:18:00,145.22,145.28,145.21,145.25,102.16671
2019-11-27 14:17:00,145.21,145.21,145.19,145.2,504.262995
2019-11-27 14:16:00,145.17,145.21,145.15,145.21,11.6191
2019-11-27 14:15:00,145.14,145.26,145.1,145.15,107.617277
2019-11-27 14:14:00,145.28,145.29,145.14,145.14,35.629285
2019-11-27 14:13:00,145.14,145.28,145.14,145.28,143.028585
2019-11-27 14:12:00,144.94,145.17,144.94,145.14,160.760798
2019-11-27 14:11:00,145.06,145.06,144.98,144.98,252.545937
2019-11-27 14:10:00,144.98,145.08,144.94,145.06,472.169904
2019-11-27 14:09:00,144.8,145,144.8,144.97,163.355238
2019-11-27 14:08:00,144.81,144.85,144.73,144.8,327.266108
2019-11-27 14:07:00,144.67,144.81,144.6,144.81,66.115825
2019-11-27 14:06:00,144.74,144.75,144.65,144.67,148.825944
2019-11-27 14:05:00,144.79,144.79,144.71,144.74,143.527694
2019-11-27 14:04:00,144.77,144.78,144.72,144.72,428.01544
2019-11-27 14:03:00,144.83,144.83,144.72,144.79,46.159022
2019-11-27 14:02:00,144.9,144.9,144.82,144.84,8.604995
2019-11-27 14:01:00,144.98,144.99,144.89,144.95,26.037093
2019-11-27 14:00:00,145.21,145.21,144.89,144.98,267.308544
2019-11-27 13:59:00,145.2,145.2,145.2,145.2,21.285865
2019-11-27 13:58:00,145.28,145.28,145.21,145.21,26.130685
2019-11-27 13:57:00,145.24,145.29,145.24,145.29,29.688916
2019-11-27 13:56:00,145.26,145.28,145.24,145.24,7.605904
2019-11-27 13:55:00,145.27,145.3,145.23,145.25,54.819549
2019-11-27 13:54:00,145.19,145.29,145.19,145.27,68.324601
2019-11-27 13:53:00,145.16,145.26,145.16,145.19,107.191872
2019-11-27 13:52:00,145.22,145.28,145.18,145.18,209.361848
2019-11-27 13:51:00,145.13,145.24,145.07,145.22,153.751517
2019-11-27 13:50:00,144.95,145.11,144.95,145.11,29.186565
2019-11-27 13:49:00,144.97,144.97,144.87,144.95,211.925299
2019-11-27 13:48:00,144.9,144.99,144.89,144.97,9.127694
2019-11-27 13:47:00,144.73,144.89,144.73,144.89,31.479188
2019-11-27 13:46:00,144.71,144.75,144.71,144.72,0.943351
2019-11-27 13:45:00,144.65,144.78,144.65,144.72,48.170701
2019-11-27 13:44:00,144.74,144.78,144.64,144.67,35.648371
2019-11-27 13:43:00,144.82,144.82,144.62,144.7,110.646428
2019-11-27 13:42:00,144.76,144.93,144.76,144.81,33.463149
2019-11-27 13:41:00,144.78,144.81,144.71,144.81,48.781214
2019-11-27 13:40:00,144.52,144.78,144.52,144.78,220.687086
2019-11-27 13:39:00,144.68,144.68,144.53,144.53,453.216333
2019-11-27 13:38:00,144.88,144.88,144.68,144.69,192.049222
2019-11-27 13:37:00,144.89,144.95,144.84,144.88,105.169213
2019-11-27 13:36:00,144.82,144.89,144.82,144.89,25.610512
2019-11-27 13:35:00,145.01,145.01,144.78,144.82,359.378954
2019-11-27 13:34:00,145.07,145.07,145,145,94.542676
2019-11-27 13:33:00,145.09,145.11,145.07,145.07,138.703072
2019-11-27 13:32:00,145.26,145.26,145.09,145.09,39.525801
2019-11-27 13:31:00,145.25,145.27,145.23,145.27,4.006343
2019-11-27 13:30:00,145.16,145.25,145.16,145.22,44.014406
2019-11-27 13:29:00,145.16,145.22,145.16,145.16,8.41037
2019-11-27 13:28:00,145.26,145.31,145.12,145.12,154.132571
2019-11-27 13:27:00,145.17,145.2,145.17,145.2,4.021021
2019-11-27 13:26:00,145.31,145.31,145.18,145.18,55.58948
2019-11-27 13:25:00,145.21,145.3,145.14,145.3,106.654348
2019-11-27 13:24:00,145.09,145.25,145.08,145.21,94.377826
2019-11-27 13:23:00,145.05,145.21,145.04,145.11,82.261291
2019-11-27 13:22:00,145,145.06,144.99,145.06,341.214489
2019-11-27 13:21:00,144.98,145,144.94,145,1079.479168
2019-11-27 13:20:00,144.99,145.09,144.95,144.99,317.408595
2019-11-27 13:19:00,145.13,145.13,144.99,144.99,78.192183
2019-11-27 13:18:00,145.09,145.16,145.05,145.15,13.306452
2019-11-27 13:17:00,145.07,145.08,145,145.06,25.57428
2019-11-27 13:16:00,145.02,145.18,145.02,145.06,305.748632
2019-11-27 13:15:00,145.3,145.3,144.95,145.02,201.947807
2019-11-27 13:14:00,145.44,145.44,145.26,145.26,14.902736
2019-11-27 13:13:00,145.45,145.45,145.28,145.43,339.93307
2019-11-27 13:12:00,145.55,145.56,145.38,145.47,193.769358
2019-11-27 13:11:00,145.61,145.62,145.53,145.56,70.780528
2019-11-27 13:10:00,145.51,145.6,145.47,145.6,310.659095
2019-11-27 13:09:00,145.57,145.57,145.44,145.51,85.521866
2019-11-27 13:08:00,145.58,145.62,145.52,145.56,332.257192
2019-11-27 13:07:00,145.71,145.77,145.4,145.58,296.42917
2019-11-27 13:06:00,145.31,145.71,145.31,145.7,543.750185
2019-11-27 13:05:00,145.39,145.39,145.28,145.31,99.314723
2019-11-27 13:04:00,145.37,145.49,145.37,145.39,99.267179
2019-11-27 13:03:00,145.42,145.42,145.31,145.37,84.156597
2019-11-27 13:02:00,145.07,145.48,145.07,145.38,229.203076
2019-11-27 13:01:00,144.66,145.11,144.66,145.07,2105.498525
2019-11-27 13:00:00,145.21,145.21,144.63,144.65,1550.866527
2019-11-27 12:59:00,145.39,145.39,145.16,145.2,536.574417
2019-11-27 12:58:00,145.42,145.5,145.38,145.39,136.242293
2019-11-27 12:57:00,145.59,145.61,145.4,145.41,371.586012
2019-11-27 12:56:00,145.62,145.75,145.58,145.58,153.109835
2019-11-27 12:55:00,145.62,145.66,145.57,145.63,138.808781
2019-11-27 12:54:00,145.68,145.82,145.58,145.62,131.136693
2019-11-27 12:53:00,145.75,145.75,145.63,145.68,144.018974
2019-11-27 12:52:00,145.86,145.99,145.74,145.74,190.886145
2019-11-27 12:51:00,145.77,145.94,145.65,145.94,110.727788
2019-11-27 12:50:00,145.81,145.99,145.75,145.75,290.168056
2019-11-27 12:49:00,145.84,145.84,145.62,145.81,330.905253
2019-11-27 12:48:00,145.71,145.99,145.71,145.84,332.798845
2019-11-27 12:47:00,145.72,145.81,145.48,145.71,740.279963
2019-11-27 12:46:00,145.32,145.75,145.32,145.74,370.519144
2019-11-27 12:45:00,145.06,145.32,145.05,145.32,355.695597
2019-11-27 12:44:00,145.33,145.35,144.93,145.06,660.052769
2019-11-27 12:43:00,145.1,145.38,145.02,145.33,294.572232
2019-11-27 12:42:00,144.97,145.11,144.77,145.1,425.367284
2019-11-27 12:41:00,145.22,145.22,144.8,144.93,1318.040974
2019-11-27 12:40:00,145.54,145.54,144.95,145.2,958.568408
2019-11-27 12:39:00,145.13,145.6,145.13,145.54,1174.537202
2019-11-27 12:38:00,144.69,145.14,144.66,145.12,637.226382
2019-11-27 12:37:00,144.46,144.69,144.43,144.69,617.130836
2019-11-27 12:36:00,144.42,144.47,144.28,144.42,462.617086
2019-11-27 12:35:00,144.38,144.45,144.38,144.43,66.048989
2019-11-27 12:34:00,144.49,144.5,144.3,144.39,755.800074
2019-11-27 12:33:00,144.45,144.59,144.44,144.48,274.406869
2019-11-27 12:32:00,144.24,144.48,144.14,144.45,415.702669
2019-11-27 12:31:00,144.52,144.52,144.14,144.23,512.271206
2019-11-27 12:30:00,144.72,144.72,144.4,144.52,332.258068
2019-11-27 12:29:00,144.63,144.74,144.48,144.71,317.082978
2019-11-27 12:28:00,144.83,144.89,144.6,144.6,445.701879
2019-11-27 12:27:00,145.02,145.03,144.83,144.83,172.874227
2019-11-27 12:26:00,145.15,145.15,145.01,145.02,287.752566
2019-11-27 12:25:00,144.95,145.13,144.93,145.13,166.060545
2019-11-27 12:24:00,144.93,145,144.9,144.97,157.277877
2019-11-27 12:23:00,144.94,144.94,144.88,144.94,372.969429
2019-11-27 12:22:00,144.68,144.93,144.68,144.92,189.632055
2019-11-27 12:21:00,144.65,144.69,144.62,144.67,40.602989
2019-11-27 12:20:00,144.79,144.85,144.65,144.65,213.468056
2019-11-27 12:19:00,144.53,144.84,144.53,144.76,403.050767
2019-11-27 12:18:00,144.39,144.53,144.38,144.52,248.007077
2019-11-27 12:17:00,144.32,144.35,144.3,144.35,70.705223
2019-11-27 12:16:00,144.16,144.37,144.16,144.36,276.901762
2019-11-27 12:15:00,144.25,144.33,144.08,144.17,897.851234
2019-11-27 12:14:00,144.37,144.38,144.24,144.26,450.489904
2019-11-27 12:13:00,144.36,144.47,144.35,144.38,1084.175202
2019-11-27 12:12:00,144.25,144.39,144.19,144.36,182.847655
2019-11-27 12:11:00,144.27,144.29,144.11,144.26,831.820563
2019-11-27 12:10:00,143.89,144.3,143.85,144.27,551.986954
2019-11-27 12:09:00,144.22,144.23,143.9,143.9,491.214621
2019-11-27 12:08:00,144.26,144.26,143.97,144.22,552.881141
2019-11-27 12:07:00,144.07,144.27,143.5,144.26,3391.741392
2019-11-27 12:06:00,144.45,144.45,144.01,144.08,1246.07798
2019-11-27 12:05:00,144.6,144.61,144.44,144.45,338.909032
2019-11-27 12:04:00,144.59,144.59,144.32,144.58,1287.753471
2019-11-27 12:03:00,144.58,144.69,144.57,144.6,488.666944
2019-11-27 12:02:00,144.67,144.71,144.56,144.59,357.039537
2019-11-27 12:01:00,144.83,144.89,144.51,144.68,2447.857893
2019-11-27 12:00:00,145.18,145.2,144.8,144.82,724.147785
2019-11-27 11:59:00,145.05,145.25,145.05,145.18,159.167572
2019-11-27 11:58:00,145.06,145.06,144.98,145.05,52.878227
2019-11-27 11:57:00,145.26,145.28,145.05,145.05,330.87558
2019-11-27 11:56:00,145.12,145.25,145.07,145.25,536.758273
2019-11-27 11:55:00,144.98,145.08,144.89,145.08,392.763174
2019-11-27 11:54:00,145.05,145.05,144.91,144.97,626.542847
2019-11-27 11:53:00,145.13,145.26,144.97,145.04,919.891719
2019-11-27 11:52:00,144.98,145.22,144.94,145.13,429.515572
2019-11-27 11:51:00,145.33,145.33,144.84,144.98,3971.734278
2019-11-27 11:50:00,145.57,145.57,145.16,145.33,848.661128
2019-11-27 11:49:00,145.43,145.72,145.43,145.58,891.560909
2019-11-27 11:48:00,145.33,145.45,145.12,145.42,612.219349
2019-11-27 11:47:00,145.53,145.53,145.31,145.32,616.690461
2019-11-27 11:46:00,145.6,145.61,145.5,145.55,858.427974
2019-11-27 11:45:00,145.88,145.88,145.59,145.6,268.058193
2019-11-27 11:44:00,145.89,145.9,145.74,145.89,224.94559
2019-11-27 11:43:00,145.76,145.9,145.67,145.89,603.601375
2019-11-27 11:42:00,146.01,146.03,145.74,145.74,729.971493
2019-11-27 11:41:00,146.01,146.11,146.01,146.02,223.503792
2019-11-27 11:40:00,145.98,146.08,145.96,146.05,215.823417
2019-11-27 11:39:00,145.93,146.01,145.85,145.98,433.826935
2019-11-27 11:38:00,145.9,146.08,145.9,145.9,425.983502
2019-11-27 11:37:00,146.17,146.17,145.88,145.9,2129.532458
2019-11-27 11:36:00,146.41,146.46,146.03,146.18,644.845872
2019-11-27 11:35:00,146.49,146.5,146.35,146.43,243.51211
2019-11-27 11:34:00,146.6,146.6,146.39,146.5,497.223411
2019-11-27 11:33:00,146.63,146.66,146.61,146.61,94.027341
2019-11-27 11:32:00,146.64,146.69,146.62,146.63,194.433692
2019-11-27 11:31:00,146.7,146.78,146.61,146.64,181.506415
2019-11-27 11:30:00,146.73,146.79,146.64,146.7,577.492774
2019-11-27 11:29:00,146.53,146.77,146.5,146.73,585.407757
2019-11-27 11:28:00,146.53,146.54,146.47,146.53,96.228904
2019-11-27 11:27:00,146.47,146.57,146.47,146.54,158.116618
2019-11-27 11:26:00,146.48,146.5,146.39,146.49,124.671937
2019-11-27 11:25:00,146.33,146.5,146.29,146.47,366.192723
2019-11-27 11:24:00,146.38,146.38,146.15,146.34,295.960196
2019-11-27 11:23:00,146.5,146.52,146.31,146.38,694.040729
2019-11-27 11:22:00,146.6,146.6,146.51,146.51,174.171561
2019-11-27 11:21:00,146.42,146.6,146.42,146.6,123.287583
2019-11-27 11:20:00,146.34,146.56,146.34,146.42,379.294307
2019-11-27 11:19:00,146.44,146.44,146.23,146.34,758.04654
2019-11-27 11:18:00,146.47,146.57,146.4,146.44,654.489314
2019-11-27 11:17:00,146.65,146.68,146.35,146.48,910.469007
2019-11-27 11:16:00,146.76,146.78,146.6,146.64,908.036172
2019-11-27 11:15:00,146.99,146.99,146.62,146.78,2204.123722
2019-11-27 11:14:00,147.07,147.11,146.99,146.99,828.708517
2019-11-27 11:13:00,147.23,147.27,147.01,147.08,429.747201
2019-11-27 11:12:00,147.39,147.39,147.15,147.25,1052.32874
2019-11-27 11:11:00,147.48,147.48,147.33,147.39,239.016356
2019-11-27 11:10:00,147.47,147.56,147.47,147.51,103.429719
2019-11-27 11:09:00,147.56,147.56,147.47,147.47,308.980625
2019-11-27 11:08:00,147.57,147.57,147.55,147.57,22.210053
2019-11-27 11:07:00,147.64,147.64,147.57,147.57,66.984267
2019-11-27 11:06:00,147.61,147.66,147.61,147.64,121.06993
2019-11-27 11:05:00,147.58,147.65,147.54,147.62,76.244839
2019-11-27 11:04:00,147.6,147.6,147.57,147.58,81.708486
2019-11-27 11:03:00,147.55,147.6,147.55,147.6,72.09639
2019-11-27 11:02:00,147.6,147.6,147.54,147.54,36.516871
2019-11-27 11:01:00,147.54,147.6,147.54,147.6,56.419892
2019-11-27 11:00:00,147.51,147.56,147.46,147.53,131.666107
2019-11-27 10:59:00,147.53,147.58,147.48,147.55,177.02603
2019-11-27 10:58:00,147.63,147.64,147.55,147.55,829.080595
2019-11-27 10:57:00,147.62,147.64,147.62,147.63,130.003142
2019-11-27 10:56:00,147.61,147.62,147.61,147.62,3.589079
2019-11-27 10:55:00,147.61,147.67,147.61,147.67,201.99204
2019-11-27 10:54:00,147.56,147.62,147.53,147.61,77.881094
2019-11-27 10:53:00,147.51,147.57,147.51,147.56,74.748872
2019-11-27 10:52:00,147.49,147.52,147.48,147.52,6.681565
2019-11-27 10:51:00,147.48,147.53,147.48,147.49,23.665337
2019-11-27 10:50:00,147.55,147.55,147.47,147.47,104.97528
2019-11-27 10:49:00,147.57,147.57,147.53,147.54,46.374184
2019-11-27 10:48:00,147.5,147.58,147.5,147.56,18.382629
2019-11-27 10:47:00,147.48,147.53,147.46,147.52,5.201761
2019-11-27 10:46:00,147.46,147.5,147.46,147.49,4.457151
2019-11-27 10:45:00,147.52,147.52,147.43,147.46,57.083664
2019-11-27 10:44:00,147.5,147.54,147.49,147.53,360.792953
2019-11-27 10:43:00,147.51,147.52,147.43,147.5,59.56616
2019-11-27 10:42:00,147.5,147.56,147.48,147.51,23.076433
2019-11-27 10:41:00,147.52,147.52,147.49,147.51,257.683179
2019-11-27 10:40:00,147.38,147.53,147.38,147.51,537.745415
2019-11-27 10:39:00,147.53,147.53,147.36,147.4,41.419552
2019-11-27 10:38:00,147.53,147.57,147.1,147.54,4515.847962
2019-11-27 10:37:00,147.61,147.66,147.56,147.56,82.437877
2019-11-27 10:36:00,147.71,147.72,147.64,147.64,57.1075
2019-11-27 10:35:00,147.76,147.79,147.71,147.71,49.23463
2019-11-27 10:34:00,147.71,147.76,147.71,147.76,50.395231
2019-11-27 10:33:00,147.74,147.74,147.72,147.72,65.829526
2019-11-27 10:32:00,147.79,147.79,147.71,147.74,85.240692
2019-11-27 10:31:00,147.89,147.89,147.82,147.83,761.735704
2019-11-27 10:30:00,147.89,147.93,147.83,147.91,127.807182
2019-11-27 10:29:00,148.04,148.06,147.91,147.91,252.549001
2019-11-27 10:28:00,148.06,148.06,148,148.02,30.296494
2019-11-27 10:27:00,148.02,148.09,148.02,148.09,34.254921
2019-11-27 10:26:00,147.97,148.05,147.97,148,623.890014
2019-11-27 10:25:00,147.94,147.98,147.94,147.97,72.232949
2019-11-27 10:24:00,147.9,147.94,147.89,147.94,43.30351
2019-11-27 10:23:00,147.96,147.96,147.92,147.92,19.243345
2019-11-27 10:22:00,148.07,148.08,148,148,163.556458
2019-11-27 10:21:00,148.03,148.05,148.03,148.05,34.222138
2019-11-27 10:20:00,148.03,148.03,147.99,148.01,28.115341
2019-11-27 10:19:00,147.87,148.01,147.87,148.01,120.753423
2019-11-27 10:18:00,147.82,147.83,147.82,147.83,11.360072
2019-11-27 10:17:00,147.83,147.83,147.82,147.82,4.632909
2019-11-27 10:16:00,147.83,147.85,147.82,147.83,70.820317
2019-11-27 10:15:00,147.85,147.85,147.81,147.85,20.001663
2019-11-27 10:14:00,147.77,147.85,147.77,147.84,1.326364
2019-11-27 10:13:00,147.69,147.8,147.69,147.79,34.834474
2019-11-27 10:12:00,147.74,147.75,147.67,147.7,578.812677
2019-11-27 10:11:00,148.07,148.07,147.78,147.78,361.937695
2019-11-27 10:10:00,148.08,148.08,148.07,148.07,12.225555
2019-11-27 10:09:00,148.08,148.14,148.07,148.07,27.585528
2019-11-27 10:08:00,148.16,148.16,148.07,148.07,53.598982
2019-11-27 10:07:00,148.19,148.23,148.15,148.16,179.348012
2019-11-27 10:06:00,148.23,148.27,148.17,148.19,482.588146
2019-11-27 10:05:00,148.37,148.37,148.26,148.26,142.594361
2019-11-27 10:04:00,148.26,148.37,148.26,148.37,254.814457
2019-11-27 10:03:00,148.14,148.26,148.12,148.26,133.966258
2019-11-27 10:02:00,148.08,148.16,148.08,148.15,83.46273
2019-11-27 10:01:00,148.09,148.19,148.09,148.11,171.355726
2019-11-27 10:00:00,147.93,148.08,147.93,148.07,129.402777
2019-11-27 09:59:00,147.72,147.98,147.72,147.93,191.733143
2019-11-27 09:58:00,147.65,147.7,147.65,147.7,27.667702
2019-11-27 09:57:00,147.59,147.66,147.59,147.66,24.228915
2019-11-27 09:56:00,147.63,147.64,147.53,147.58,137.361788
2019-11-27 09:55:00,147.58,147.64,147.58,147.63,35.854148
2019-11-27 09:54:00,147.47,147.6,147.44,147.58,50.291205
2019-11-27 09:53:00,147.35,147.51,147.35,147.48,67.932769
2019-11-27 09:52:00,147.4,147.44,147.34,147.34,351.114863
2019-11-27 09:51:00,147.47,147.47,147.43,147.43,23.003567
2019-11-27 09:50:00,147.57,147.57,147.47,147.47,113.416187
2019-11-27 09:49:00,147.61,147.64,147.56,147.56,34.825307
2019-11-27 09:48:00,147.69,147.69,147.6,147.62,77.173422
2019-11-27 09:47:00,147.64,147.71,147.64,147.69,142.838059
2019-11-27 09:46:00,147.46,147.65,147.46,147.65,27.024327
2019-11-27 09:45:00,147.42,147.52,147.42,147.52,167.1771
2019-11-27 09:44:00,147.31,147.45,147.31,147.42,110.074351
2019-11-27 09:43:00,147.2,147.3,147.2,147.3,35.061155
2019-11-27 09:42:00,147.14,147.24,147.13,147.21,80.804465
2019-11-27 09:41:00,147.27,147.27,147.13,147.16,149.270822
2019-11-27 09:40:00,147.23,147.3,147.19,147.26,63.309032
2019-11-27 09:39:00,147.22,147.28,147.14,147.19,325.341054
2019-11-27 09:38:00,147.29,147.3,147.21,147.24,71.116815
2019-11-27 09:37:00,147.38,147.38,147.23,147.29,192.727581
2019-11-27 09:36:00,147.4,147.45,147.37,147.37,13.267387
2019-11-27 09:35:00,147.52,147.54,147.4,147.41,90.235744
2019-11-27 09:34:00,147.65,147.65,147.54,147.54,309.086846
2019-11-27 09:33:00,147.67,147.7,147.64,147.68,51.808585
2019-11-27 09:32:00,147.77,147.77,147.72,147.72,5.351201
2019-11-27 09:31:00,147.79,147.81,147.77,147.77,14.716562
2019-11-27 09:30:00,147.84,147.84,147.73,147.76,147.074191
2019-11-27 09:29:00,147.76,147.85,147.75,147.85,46.997885
2019-11-27 09:28:00,147.76,147.84,147.76,147.81,24.977406
2019-11-27 09:27:00,147.81,147.81,147.71,147.76,44.902832
2019-11-27 09:26:00,147.68,147.81,147.68,147.81,290.208807
2019-11-27 09:25:00,147.6,147.68,147.59,147.68,130.823379
2019-11-27 09:24:00,147.74,147.77,147.59,147.6,605.699723
2019-11-27 09:23:00,147.76,147.76,147.73,147.75,0.167314
2019-11-27 09:22:00,147.79,147.8,147.72,147.75,76.998951
2019-11-27 09:21:00,147.67,147.72,147.67,147.72,0.934373
2019-11-27 09:20:00,147.66,147.73,147.63,147.67,34.095817
2019-11-27 09:19:00,147.77,147.8,147.68,147.68,63.173001
2019-11-27 09:18:00,147.81,147.86,147.78,147.78,68.281557
2019-11-27 09:17:00,147.87,147.87,147.77,147.79,77.212382
2019-11-27 09:16:00,147.88,147.9,147.88,147.89,364.115096
2019-11-27 09:15:00,147.93,147.93,147.87,147.87,173.547002
2019-11-27 09:14:00,147.98,147.98,147.93,147.93,0.608746
2019-11-27 09:13:00,147.99,148.03,147.95,148.03,292.886238
2019-11-27 09:12:00,148,148.02,147.9,147.99,202.496975
2019-11-27 09:11:00,148.04,148.05,147.98,148,32.38206
2019-11-27 09:10:00,148.11,148.12,148.07,148.07,127.410363
2019-11-27 09:09:00,148.09,148.11,148.08,148.1,96.247136
2019-11-27 09:08:00,148.34,148.34,148.19,148.19,45.443312
2019-11-27 09:07:00,148.33,148.44,148.32,148.35,250.017981
2019-11-27 09:06:00,148.4,148.44,148.26,148.3,636.932244
2019-11-27 09:05:00,148.31,148.42,148.28,148.41,42.802132
2019-11-27 09:04:00,148.45,148.45,148.25,148.32,401.122443
2019-11-27 09:03:00,148.22,148.5,148.22,148.45,1489.416982
2019-11-27 09:02:00,148.16,148.22,148.16,148.21,57.305876
2019-11-27 09:01:00,148.13,148.21,148.09,148.15,185.659731
2019-11-27 09:00:00,147.81,148.14,147.81,148.1,650.568368
2019-11-27 08:59:00,147.74,147.81,147.73,147.81,7.48072
2019-11-27 08:58:00,147.79,147.79,147.7,147.73,51.411894
2019-11-27 08:57:00,147.59,147.73,147.58,147.73,200.933035
2019-11-27 08:56:00,147.81,147.81,147.59,147.59,262.05714
2019-11-27 08:55:00,147.73,147.83,147.73,147.82,112.722907
2019-11-27 08:54:00,147.65,147.72,147.57,147.72,121.981233
2019-11-27 08:53:00,147.56,147.61,147.53,147.6,210.32727
2019-11-27 08:52:00,147.51,147.56,147.51,147.56,17.811009
2019-11-27 08:51:00,147.43,147.5,147.43,147.5,260.878854
2019-11-27 08:50:00,147.45,147.46,147.42,147.43,44.364428
2019-11-27 08:49:00,147.35,147.49,147.34,147.45,63.741516
2019-11-27 08:48:00,147.32,147.36,147.26,147.36,155.310674
2019-11-27 08:47:00,147.28,147.31,147.21,147.3,106.988413
2019-11-27 08:46:00,147.28,147.31,147.16,147.3,186.793301
2019-11-27 08:45:00,147.4,147.41,147.28,147.28,142.936525
2019-11-27 08:44:00,147.33,147.39,147.3,147.38,1100.686541
2019-11-27 08:43:00,147.29,147.34,147.29,147.32,24.934495
2019-11-27 08:42:00,147.3,147.31,147.28,147.28,42.5238
2019-11-27 08:41:00,147.18,147.22,147.18,147.22,12.80111
2019-11-27 08:40:00,147.12,147.23,147.12,147.2,156.940325
2019-11-27 08:39:00,147.04,147.16,147,147.09,458.127928
2019-11-27 08:38:00,147.05,147.08,147.04,147.05,41.868494
2019-11-27 08:37:00,147.13,147.13,146.99,147.04,101.033908
2019-11-27 08:36:00,147.02,147.14,146.96,147.11,116.418762
2019-11-27 08:35:00,146.66,147.02,146.66,147.02,136.245469
2019-11-27 08:34:00,146.79,146.8,146.67,146.7,28.605917
2019-11-27 08:33:00,146.6,146.77,146.6,146.72,326.689252
2019-11-27 08:32:00,146.53,146.59,146.48,146.56,148.787008
2019-11-27 08:31:00,146.66,146.67,146.5,146.57,440.667551
2019-11-27 08:30:00,146.82,146.84,146.66,146.66,62.917389
2019-11-27 08:29:00,146.87,146.9,146.77,146.84,278.343953
2019-11-27 08:28:00,146.86,146.87,146.73,146.87,302.40488
2019-11-27 08:27:00,147.11,147.11,146.83,146.86,141.132945
2019-11-27 08:26:00,147.18,147.2,147.08,147.11,102.74219
2019-11-27 08:25:00,147.17,147.22,147.17,147.21,51.754882
2019-11-27 08:24:00,147.19,147.19,147.09,147.17,22.344202
2019-11-27 08:23:00,147.19,147.19,147.13,147.15,4.66969
2019-11-27 08:22:00,147.09,147.22,147.05,147.2,56.072211
2019-11-27 08:21:00,147.06,147.11,147.05,147.1,28.466489
2019-11-27 08:20:00,147.15,147.15,147.04,147.05,37.869348
2019-11-27 08:19:00,147.24,147.24,147.11,147.16,65.658242
2019-11-27 08:18:00,147.27,147.29,147.2,147.25,85.585268
2019-11-27 08:17:00,147.18,147.33,147.18,147.27,118.471993
2019-11-27 08:16:00,147.27,147.32,147.16,147.18,108.243809
2019-11-27 08:15:00,147.43,147.43,147.27,147.27,15.447708
2019-11-27 08:14:00,147.34,147.54,147.34,147.48,38.939806
2019-11-27 08:13:00,147.23,147.34,147.23,147.34,173.152273
2019-11-27 08:12:00,147.38,147.47,147.22,147.22,56.232772
2019-11-27 08:11:00,147.5,147.5,147.38,147.38,52.50985
2019-11-27 08:10:00,147.59,147.65,147.51,147.51,151.773783
2019-11-27 08:09:00,147.57,147.68,147.57,147.61,63.244938
2019-11-27 08:08:00,147.66,147.66,147.5,147.54,138.222621
2019-11-27 08:07:00,147.73,147.73,147.66,147.66,35.387763
2019-11-27 08:06:00,147.72,147.75,147.68,147.72,49.053355
2019-11-27 08:05:00,147.65,147.74,147.65,147.72,86.021235
2019-11-27 08:04:00,147.48,147.64,147.48,147.64,163.492239
2019-11-27 08:03:00,147.37,147.48,147.36,147.48,187.487483
2019-11-27 08:02:00,147.23,147.35,147.23,147.34,10.258862
2019-11-27 08:01:00,147.25,147.33,147.2,147.25,110.83362
2019-11-27 08:00:00,147.47,147.47,147.26,147.26,81.541559
2019-11-27 07:59:00,147.43,147.46,147.41,147.46,67.928612
2019-11-27 07:58:00,147.33,147.44,147.31,147.44,79.312766
2019-11-27 07:57:00,147.45,147.45,147.32,147.34,172.606214
2019-11-27 07:56:00,147.59,147.59,147.5,147.5,108.926489
2019-11-27 07:55:00,147.7,147.7,147.59,147.59,0.257627
2019-11-27 07:54:00,147.7,147.7,147.63,147.68,92.82857
2019-11-27 07:53:00,147.59,147.7,147.58,147.7,40.210915
2019-11-27 07:52:00,147.64,147.64,147.56,147.57,122.891084
2019-11-27 07:51:00,147.36,147.67,147.36,147.61,91.740681
2019-11-27 07:50:00,147.48,147.48,147.33,147.43,72.386997
2019-11-27 07:49:00,147.47,147.56,147.43,147.45,72.557785
2019-11-27 07:48:00,147.78,147.78,147.52,147.52,190.837771
2019-11-27 07:47:00,147.87,147.88,147.77,147.85,52.553429
2019-11-27 07:46:00,147.89,147.95,147.82,147.86,110.711255
2019-11-27 07:45:00,148.02,148.02,147.83,147.9,301.587466
2019-11-27 07:44:00,148,148.07,147.89,148.02,240.679692
2019-11-27 07:43:00,148,148.06,147.98,148.03,150.76657
2019-11-27 07:42:00,147.89,148.06,147.89,148,55.700967
2019-11-27 07:41:00,147.83,147.93,147.83,147.93,111.168906
2019-11-27 07:40:00,147.78,147.85,147.77,147.8,66.194133
2019-11-27 07:39:00,147.83,147.84,147.78,147.78,181.373706
2019-11-27 07:38:00,147.75,147.83,147.75,147.83,12.770206
2019-11-27 07:37:00,147.64,147.74,147.63,147.74,22.230927
2019-11-27 07:36:00,147.65,147.68,147.58,147.64,69.54911
2019-11-27 07:35:00,147.71,147.74,147.65,147.65,56.240657
2019-11-27 07:34:00,147.75,147.81,147.66,147.69,118.754107
2019-11-27 07:33:00,147.92,147.92,147.73,147.75,160.395915
2019-11-27 07:32:00,147.95,147.95,147.74,147.91,304.890388
2019-11-27 07:31:00,148.1,148.18,147.92,147.96,616.784086
2019-11-27 07:30:00,147.94,148.1,147.92,148.07,560.16005
2019-11-27 07:29:00,147.71,147.91,147.7,147.91,102.515326
2019-11-27 07:28:00,147.55,147.7,147.53,147.7,37.203676
2019-11-27 07:27:00,147.51,147.54,147.49,147.51,101.923469
2019-11-27 07:26:00,147.43,147.6,147.43,147.5,1076.814482
2019-11-27 07:25:00,147.47,147.5,147.4,147.43,26.193698
2019-11-27 07:24:00,147.39,147.46,147.38,147.46,4.051298
2019-11-27 07:23:00,147.41,147.42,147.34,147.42,75.980705
2019-11-27 07:22:00,147.25,147.38,147.25,147.37,81.319203
2019-11-27 07:21:00,147.09,147.3,147.09,147.29,111.923447
2019-11-27 07:20:00,147,147.07,146.96,147.05,51.698939
2019-11-27 07:19:00,147.1,147.1,146.93,147.04,117.319501
2019-11-27 07:18:00,147.32,147.33,147,147.11,481.781091
2019-11-27 07:17:00,147.46,147.46,147.33,147.33,24.140076
2019-11-27 07:16:00,147.37,147.44,147.35,147.44,30.549828
2019-11-27 07:15:00,147.43,147.47,147.4,147.4,6.612633
2019-11-27 07:14:00,147.56,147.56,147.38,147.42,43.533438
2019-11-27 07:13:00,147.49,147.53,147.34,147.53,176.899659
2019-11-27 07:12:00,147.69,147.72,147.54,147.54,105.481499
2019-11-27 07:11:00,147.68,147.82,147.63,147.73,509.700855
2019-11-27 07:10:00,147.87,147.87,147.68,147.68,18.860492
2019-11-27 07:09:00,147.97,147.97,147.89,147.9,13.546433
2019-11-27 07:08:00,148.05,148.09,147.98,147.98,62.523704
2019-11-27 07:07:00,148.1,148.1,148.02,148.06,69.066398
2019-11-27 07:06:00,148.03,148.1,148.03,148.1,27.210736
2019-11-27 07:05:00,148.05,148.09,148,148,186.283202
2019-11-27 07:04:00,148.05,148.05,147.99,148.02,27.07342
2019-11-27 07:03:00,148.1,148.1,147.96,148.03,33.005028
2019-11-27 07:02:00,148.05,148.19,148.05,148.1,76.65232
2019-11-27 07:01:00,147.79,148.05,147.69,148.05,456.443325
2019-11-27 07:00:00,147.76,147.79,147.76,147.79,5.618992
2019-11-27 06:59:00,147.89,147.89,147.76,147.77,119.08113
2019-11-27 06:58:00,147.92,147.92,147.9,147.9,58.549835
2019-11-27 06:57:00,147.93,147.94,147.93,147.93,0.202395
2019-11-27 06:56:00,147.96,147.96,147.91,147.92,14.298064
2019-11-27 06:55:00,147.85,147.92,147.85,147.92,4.724237
2019-11-27 06:54:00,147.82,147.88,147.82,147.88,80.14582
2019-11-27 06:53:00,147.78,147.86,147.78,147.81,99.819863
2019-11-27 06:52:00,147.87,147.89,147.79,147.79,124.540327
2019-11-27 06:51:00,147.84,147.87,147.84,147.87,0.201302
2019-11-27 06:50:00,147.86,147.86,147.86,147.86,14.367127
2019-11-27 06:49:00,147.88,147.88,147.86,147.86,0.502959
2019-11-27 06:48:00,147.88,147.9,147.83,147.86,82.105403
2019-11-27 06:47:00,147.91,147.91,147.91,147.91,0.15
2019-11-27 06:46:00,148.01,148.01,147.95,147.95,13.458271
2019-11-27 06:45:00,147.92,148.07,147.92,148.06,13.698117
2019-11-27 06:44:00,147.94,147.94,147.9,147.92,122.799211
2019-11-27 06:43:00,147.99,147.99,147.95,147.95,3.721945
2019-11-27 06:42:00,148.1,148.1,147.99,147.99,58.641855
2019-11-27 06:41:00,148.07,148.12,148.07,148.1,35.126769
2019-11-27 06:40:00,148.1,148.1,148.06,148.06,31.591991
2019-11-27 06:39:00,148,148.1,148,148.1,10.483727
2019-11-27 06:38:00,147.97,148.04,147.97,148,11.140449
2019-11-27 06:37:00,147.9,147.92,147.9,147.92,12.877054
2019-11-27 06:36:00,147.9,147.93,147.89,147.91,23.410694
2019-11-27 06:35:00,147.61,147.9,147.61,147.9,129.104025
2019-11-27 06:34:00,147.56,147.62,147.56,147.61,3.819961
2019-11-27 06:33:00,147.53,147.56,147.53,147.55,1.167353
2019-11-27 06:32:00,147.5,147.51,147.5,147.51,0.429403
2019-11-27 06:31:00,147.42,147.5,147.42,147.5,36.503165
2019-11-27 06:30:00,147.4,147.43,147.4,147.42,15.333565
2019-11-27 06:29:00,147.52,147.52,147.35,147.37,305.159719
2019-11-27 06:28:00,147.61,147.62,147.56,147.56,1.555755
2019-11-27 06:27:00,147.76,147.76,147.67,147.67,230.143875
2019-11-27 06:26:00,147.81,147.81,147.76,147.76,0.248623
2019-11-27 06:25:00,147.83,147.87,147.81,147.87,102.187625
2019-11-27 06:24:00,147.92,147.92,147.84,147.84,41.491744
2019-11-27 06:23:00,147.92,147.95,147.91,147.95,54.514631
2019-11-27 06:22:00,147.76,147.91,147.76,147.91,17.1078
2019-11-27 06:21:00,147.72,147.79,147.72,147.79,54.994905
2019-11-27 06:20:00,147.48,147.71,147.48,147.71,332.998649
2019-11-27 06:19:00,147.53,147.53,147.51,147.51,0.04
2019-11-27 06:18:00,147.71,147.71,147.54,147.54,23.201492
2019-11-27 06:17:00,147.71,147.75,147.71,147.75,1.304151
2019-11-27 06:16:00,147.72,147.73,147.72,147.73,13.651961
2019-11-27 06:15:00,147.77,147.79,147.74,147.77,29.352048
2019-11-27 06:14:00,147.76,147.77,147.75,147.77,14.26516
2019-11-27 06:13:00,147.6,147.74,147.59,147.73,9.690723
2019-11-27 06:12:00,147.56,147.56,147.56,147.56,0.84031
2019-11-27 06:11:00,147.46,147.54,147.44,147.54,7.733579
2019-11-27 06:10:00,147.53,147.53,147.46,147.46,0.918902
2019-11-27 06:09:00,147.48,147.49,147.48,147.49,11.285902
2019-11-27 06:08:00,147.54,147.54,147.51,147.51,2.416588
2019-11-27 06:07:00,147.56,147.57,147.54,147.54,2.010024
2019-11-27 06:06:00,147.46,147.55,147.46,147.55,17.47055
2019-11-27 06:05:00,147.51,147.51,147.37,147.47,26.701265
2019-11-27 06:04:00,147.5,147.59,147.5,147.51,6.49136
2019-11-27 06:03:00,147.54,147.62,147.5,147.5,8.166237
2019-11-27 06:02:00,147.45,147.48,147.38,147.48,65.072148
2019-11-27 06:01:00,147.68,147.68,147.33,147.41,242.112407
2019-11-27 06:00:00,147.85,147.85,147.75,147.76,18.594306
2019-11-27 05:59:00,147.8,147.85,147.75,147.85,98.184124
2019-11-27 05:58:00,148.02,148.02,147.86,147.86,76.32492
2019-11-27 05:57:00,148.06,148.07,148.06,148.06,36.798875
2019-11-27 05:56:00,147.98,148.06,147.98,148.04,51.99991
2019-11-27 05:55:00,147.96,147.97,147.95,147.97,50.008282
2019-11-27 05:54:00,148.01,148.05,147.96,147.98,58.713819
2019-11-27 05:53:00,148.03,148.03,147.93,148.03,24.034781
2019-11-27 05:52:00,147.96,148.02,147.93,147.94,25.978374
2019-11-27 05:51:00,147.8,147.97,147.76,147.97,211.690334
2019-11-27 05:50:00,147.86,147.86,147.78,147.78,23.970075
2019-11-27 05:49:00,147.74,147.86,147.73,147.86,21.85631
2019-11-27 05:48:00,147.64,147.67,147.61,147.67,12.244383
2019-11-27 05:47:00,147.67,147.71,147.64,147.64,4.284024
2019-11-27 05:46:00,147.51,147.7,147.51,147.7,8.481567
2019-11-27 05:45:00,147.43,147.5,147.43,147.5,9.376498
2019-11-27 05:44:00,147.39,147.45,147.39,147.44,27.446602
2019-11-27 05:43:00,147.26,147.4,147.17,147.39,147.959793
2019-11-27 05:42:00,147.39,147.39,147.27,147.27,11.479359
2019-11-27 05:41:00,147.42,147.45,147.33,147.4,225.762134
2019-11-27 05:40:00,147.42,147.49,147.35,147.41,97.905528
2019-11-27 05:39:00,147.53,147.59,147.45,147.45,33.141697
2019-11-27 05:38:00,147.73,147.74,147.33,147.52,1103.95356
2019-11-27 05:37:00,147.87,147.87,147.73,147.74,52.447639
2019-11-27 05:36:00,147.96,147.96,147.85,147.85,54.774876
2019-11-27 05:35:00,147.96,147.99,147.96,147.99,0.845927
2019-11-27 05:34:00,147.98,147.99,147.96,147.97,76.106544
2019-11-27 05:33:00,148.07,148.07,147.98,147.98,24.1712
2019-11-27 05:32:00,148.18,148.18,148.04,148.08,133.894434
2019-11-27 05:31:00,148.3,148.3,148.2,148.2,3.810322
2019-11-27 05:30:00,148.28,148.3,148.25,148.3,11.995813
2019-11-27 05:29:00,148.32,148.4,148.23,148.28,41.331181
2019-11-27 05:28:00,148.31,148.38,148.26,148.32,179.138573
2019-11-27 05:27:00,148.28,148.39,148.27,148.28,119.390643
2019-11-27 05:26:00,148.21,148.35,148.18,148.28,244.625256
2019-11-27 05:25:00,147.96,148.21,147.91,148.21,198.216159
2019-11-27 05:24:00,148.15,148.18,147.95,147.95,10.297683
2019-11-27 05:23:00,148.27,148.27,148.18,148.2,26.744841
2019-11-27 05:22:00,148.12,148.27,148.08,148.27,121.564059
2019-11-27 05:21:00,148.45,148.45,148.14,148.14,66.598797
2019-11-27 05:20:00,148.04,148.41,148.02,148.41,677.487478
2019-11-27 05:19:00,147.98,148.03,147.9,148.01,56.039577
2019-11-27 05:18:00,147.88,148.04,147.81,148,214.513248
2019-11-27 05:17:00,147.95,148.12,147.88,147.88,230.795941
2019-11-27 05:16:00,148.23,148.27,147.84,147.9,393.978324
2019-11-27 05:15:00,148.29,148.56,148.2,148.22,172.25273
2019-11-27 05:14:00,148.33,148.33,148.11,148.28,479.528428
2019-11-27 05:13:00,148.36,148.73,148.32,148.34,1082.72689
2019-11-27 05:12:00,148.23,148.42,148.14,148.36,184.077956
2019-11-27 05:11:00,147.69,148.33,147.62,148.25,612.016423
2019-11-27 05:10:00,147.88,147.96,147.55,147.72,217.983853
2019-11-27 05:09:00,148.02,148.19,147.87,147.87,611.163668
2019-11-27 05:08:00,148.03,148.08,147.74,148.03,1018.87416
2019-11-27 05:07:00,147.12,148.49,147.08,148.03,3733.28791
2019-11-27 05:06:00,147.02,147.17,146.98,147.13,185.013823
2019-11-27 05:05:00,146.99,147.07,146.94,147,302.808401
2019-11-27 05:04:00,147.35,147.5,147.02,147.02,438.14558
2019-11-27 05:03:00,147.47,147.58,147.35,147.35,238.369984
2019-11-27 05:02:00,147.26,147.62,147.26,147.46,768.321391
2019-11-27 05:01:00,147.06,147.43,147.03,147.25,377.065343
2019-11-27 05:00:00,146.5,147.22,146.5,147.06,1369.383505
2019-11-27 04:59:00,146.53,146.53,146.5,146.5,6.438223
2019-11-27 04:58:00,146.63,146.63,146.51,146.53,14.817319
2019-11-27 04:57:00,146.84,146.84,146.63,146.65,44.16715
2019-11-27 04:56:00,146.75,146.84,146.68,146.84,107.886911
2019-11-27 04:55:00,146.7,147.02,146.68,146.76,753.572867
2019-11-27 04:54:00,146.53,146.72,146.53,146.66,397.525677
2019-11-27 04:53:00,146.13,146.65,146.13,146.53,1380.17189
2019-11-27 04:52:00,146.03,146.13,146.03,146.13,16.757278
2019-11-27 04:51:00,146.15,146.26,146.08,146.08,235.595308
2019-11-27 04:50:00,146.12,146.19,146.12,146.15,29.205977
2019-11-27 04:49:00,146.08,146.21,146.01,146.1,143.197954
2019-11-27 04:48:00,146.01,146.1,145.94,146.1,80.006213
2019-11-27 04:47:00,145.8,146.03,145.8,146.01,179.612643
2019-11-27 04:46:00,145.83,145.83,145.78,145.8,1.094985
2019-11-27 04:45:00,145.74,145.84,145.74,145.84,104.504301
2019-11-27 04:44:00,145.72,145.74,145.72,145.74,4.148887
2019-11-27 04:43:00,145.72,145.72,145.71,145.71,0.396
2019-11-27 04:42:00,145.71,145.72,145.71,145.71,9.39745
2019-11-27 04:41:00,145.7,145.7,145.67,145.7,7.229089
2019-11-27 04:40:00,145.73,145.73,145.63,145.7,30.440676
2019-11-27 04:39:00,145.58,145.73,145.58,145.73,408.961189
2019-11-27 04:38:00,145.59,145.59,145.56,145.56,2.251823
2019-11-27 04:37:00,145.53,145.59,145.53,145.59,8.382456
2019-11-27 04:36:00,145.42,145.53,145.42,145.53,31.235456
2019-11-27 04:35:00,145.32,145.42,145.32,145.41,204.260833
2019-11-27 04:34:00,145.34,145.35,145.34,145.35,1.607916
2019-11-27 04:33:00,145.39,145.39,145.31,145.31,25.26919
2019-11-27 04:32:00,145.42,145.47,145.35,145.36,9.977399
2019-11-27 04:31:00,145.42,145.42,145.3,145.39,5.400656
2019-11-27 04:30:00,145.51,145.51,145.4,145.43,32.643517
2019-11-27 04:29:00,145.57,145.57,145.51,145.51,16.274223
2019-11-27 04:28:00,145.5,145.53,145.46,145.53,26.807373
2019-11-27 04:27:00,145.45,145.47,145.45,145.45,67.109564
2019-11-27 04:26:00,145.45,145.52,145.45,145.5,19.151674
2019-11-27 04:25:00,145.52,145.58,145.46,145.47,372.575796
2019-11-27 04:24:00,145.45,145.61,145.45,145.61,26.271028
2019-11-27 04:23:00,145.38,145.42,145.31,145.42,0.68161
2019-11-27 04:22:00,145.39,145.44,145.34,145.34,41.021388
2019-11-27 04:21:00,145.35,145.4,145.35,145.39,69.781412
2019-11-27 04:20:00,145.28,145.34,145.28,145.34,16.002716
2019-11-27 04:19:00,145.31,145.33,145.31,145.31,31.343157
2019-11-27 04:18:00,145.32,145.32,145.26,145.26,3.461731
2019-11-27 04:17:00,145.29,145.29,145.26,145.26,8.78155
2019-11-27 04:16:00,145.33,145.33,145.28,145.28,100.32723
2019-11-27 04:15:00,145.26,145.31,145.26,145.31,26.950363
2019-11-27 04:14:00,145.25,145.25,145.25,145.25,2.645346
2019-11-27 04:13:00,145.3,145.3,145.25,145.25,2.840607
2019-11-27 04:12:00,145.27,145.3,145.23,145.3,6.481359
2019-11-27 04:11:00,145.25,145.3,145.25,145.27,37.520816
2019-11-27 04:10:00,145.22,145.24,145.22,145.24,0.375042
2019-11-27 04:09:00,145.32,145.33,145.16,145.21,17.625609
2019-11-27 04:08:00,145.25,145.31,145.19,145.31,11.98185
2019-11-27 04:07:00,145.19,145.25,145.19,145.25,1.734425
2019-11-27 04:06:00,145.21,145.26,145.18,145.18,4.500359
2019-11-27 04:05:00,145.15,145.2,145.08,145.2,7.310475
2019-11-27 04:04:00,145.16,145.16,145.09,145.16,22.446589
2019-11-27 04:03:00,145.2,145.2,145.12,145.13,18.830508
2019-11-27 04:02:00,145.18,145.2,145.16,145.16,36.721695
2019-11-27 04:01:00,145.16,145.19,145.09,145.19,153.581589
2019-11-27 04:00:00,145.03,145.14,145.03,145.14,1.436696
2019-11-27 03:59:00,144.97,144.99,144.97,144.99,0.00773
2019-11-27 03:58:00,144.96,144.96,144.92,144.96,3.50325
2019-11-27 03:57:00,144.89,144.97,144.86,144.96,17.54659
2019-11-27 03:56:00,144.88,144.88,144.85,144.88,149.451999
2019-11-27 03:55:00,144.98,144.98,144.84,144.87,30.305557
2019-11-27 03:54:00,144.97,144.97,144.9,144.9,20.519588
2019-11-27 03:53:00,145.03,145.03,144.96,144.96,46.103839
2019-11-27 03:52:00,144.83,144.99,144.83,144.99,6.201769
2019-11-27 03:51:00,144.83,144.86,144.82,144.82,25.15999
2019-11-27 03:50:00,144.79,144.8,144.74,144.78,27.894724
2019-11-27 03:49:00,144.73,144.77,144.67,144.77,22.68188
2019-11-27 03:48:00,144.85,144.85,144.69,144.71,39.676272
2019-11-27 03:47:00,144.84,144.86,144.82,144.82,30.038224
2019-11-27 03:46:00,144.81,144.83,144.78,144.83,19.045018
2019-11-27 03:45:00,144.71,144.79,144.69,144.76,166.912574
2019-11-27 03:44:00,144.64,144.83,144.64,144.71,46.497111
2019-11-27 03:43:00,144.8,144.8,144.63,144.63,28.533108
2019-11-27 03:42:00,144.74,144.84,144.74,144.77,15.291936
2019-11-27 03:41:00,144.86,144.86,144.66,144.74,158.479489
2019-11-27 03:40:00,144.94,144.97,144.85,144.86,74.670739
2019-11-27 03:39:00,145.17,145.2,144.9,144.94,91.267568
2019-11-27 03:38:00,145.13,145.17,145.05,145.13,177.744108
2019-11-27 03:37:00,145.58,145.58,144.99,145.16,1323.937484
2019-11-27 03:36:00,145.34,145.55,145.34,145.55,504.756548
2019-11-27 03:35:00,145.15,145.36,145.14,145.31,194.480422
2019-11-27 03:34:00,145.06,145.14,145.06,145.14,42.017471
2019-11-27 03:33:00,145.02,145.07,145.02,145.07,20.809378
2019-11-27 03:32:00,145.01,145.09,145.01,145.02,13.895515
2019-11-27 03:31:00,145.06,145.06,145.01,145.01,1.443308
2019-11-27 03:30:00,145.07,145.07,145.07,145.07,1.79311
2019-11-27 03:29:00,145,145.11,145,145.1,13.155353
2019-11-27 03:28:00,145.1,145.1,145.04,145.04,2.608122
2019-11-27 03:27:00,145.05,145.1,145.05,145.1,8.376806
2019-11-27 03:26:00,145.04,145.15,145.04,145.08,29.504494
2019-11-27 03:25:00,145.1,145.11,145.05,145.08,10.725149
2019-11-27 03:24:00,145.02,145.09,144.98,145.09,26.345856
2019-11-27 03:23:00,145.02,145.02,144.96,145,80.73109
2019-11-27 03:22:00,144.94,145.07,144.94,145.06,2.716866
2019-11-27 03:21:00,145.17,145.17,144.93,144.94,113.328877
2019-11-27 03:20:00,144.98,145.14,144.98,145.14,101.261301
2019-11-27 03:19:00,144.94,145.03,144.94,144.98,11.699701
2019-11-27 03:18:00,144.8,144.89,144.8,144.88,3.661752
2019-11-27 03:17:00,144.83,144.83,144.83,144.83,0.00991
2019-11-27 03:16:00,144.93,144.93,144.73,144.83,22.276175
2019-11-27 03:15:00,144.77,144.98,144.77,144.93,225.050144
2019-11-27 03:14:00,144.8,144.8,144.77,144.77,6.906874
2019-11-27 03:13:00,144.75,144.93,144.75,144.81,27.597885
2019-11-27 03:12:00,144.82,144.88,144.77,144.77,6.722977
2019-11-27 03:11:00,145,145,144.82,144.82,387.148111
2019-11-27 03:10:00,145.15,145.15,145,145,12.816078
2019-11-27 03:09:00,145.19,145.19,145.15,145.15,12.558451
2019-11-27 03:08:00,145.19,145.2,145.19,145.2,2.290564
2019-11-27 03:07:00,145.23,145.23,145.18,145.19,11.816544
2019-11-27 03:06:00,145.23,145.23,145.23,145.23,0.019649
2019-11-27 03:05:00,145.23,145.23,145.2,145.22,18.721723
2019-11-27 03:04:00,145.2,145.21,145.19,145.21,2.697617
2019-11-27 03:03:00,145.15,145.19,145.14,145.19,4.153312
2019-11-27 03:02:00,145.17,145.18,145.17,145.18,5.468443
2019-11-27 03:01:00,145.18,145.18,145.13,145.14,2.297056
2019-11-27 03:00:00,145.13,145.15,145.11,145.15,4.178302
2019-11-27 02:59:00,145.04,145.11,145.04,145.11,0.118313
2019-11-27 02:58:00,144.98,145.08,144.98,145,5.800574
2019-11-27 02:57:00,145,145,144.98,144.98,33.4818
2019-11-27 02:56:00,144.99,144.99,144.97,144.97,0.082151
2019-11-27 02:55:00,145,145,145,145,0
2019-11-27 02:54:00,145,145.01,145,145,12.661159
2019-11-27 02:53:00,144.95,144.99,144.85,144.99,20.528269
2019-11-27 02:52:00,144.99,144.99,144.94,144.94,21.474676
2019-11-27 02:51:00,144.94,145.05,144.94,145.02,2.70356
2019-11-27 02:50:00,145.07,145.07,144.97,144.99,6.28386
2019-11-27 02:49:00,144.89,144.97,144.89,144.97,79.083781
2019-11-27 02:48:00,144.99,145,144.94,144.94,3.537908
2019-11-27 02:47:00,144.82,145.01,144.82,144.92,35.474095
2019-11-27 02:46:00,144.77,144.81,144.77,144.81,15.416221
2019-11-27 02:45:00,144.6,144.76,144.6,144.75,48.958196
2019-11-27 02:44:00,144.68,144.68,144.56,144.56,12.865725
2019-11-27 02:43:00,144.75,144.78,144.7,144.7,14.272255
2019-11-27 02:42:00,144.57,144.75,144.54,144.75,27.508501
2019-11-27 02:41:00,144.58,144.58,144.58,144.58,0.342947
2019-11-27 02:40:00,144.77,144.77,144.65,144.65,11.935879
2019-11-27 02:39:00,144.7,144.77,144.69,144.76,28.940706
2019-11-27 02:38:00,144.68,144.68,144.66,144.67,9.376462
2019-11-27 02:37:00,144.72,144.73,144.69,144.73,10.277083
2019-11-27 02:36:00,144.72,144.72,144.71,144.71,13.804995
2019-11-27 02:35:00,144.8,144.8,144.7,144.73,47.212335
2019-11-27 02:34:00,144.6,144.8,144.6,144.8,345.61353
2019-11-27 02:33:00,144.54,144.6,144.54,144.6,5.25641
2019-11-27 02:32:00,144.51,144.54,144.49,144.54,39.067639
2019-11-27 02:31:00,144.33,144.53,144.33,144.53,186.350639
2019-11-27 02:30:00,144.42,144.43,144.32,144.32,95.938272
2019-11-27 02:29:00,144.35,144.51,144.34,144.43,55.269509
2019-11-27 02:28:00,144.45,144.45,144.28,144.34,31.300387
2019-11-27 02:27:00,144.64,144.67,144.43,144.45,168.529063
2019-11-27 02:26:00,144.62,144.65,144.54,144.58,4.671809
2019-11-27 02:25:00,144.44,144.62,144.4,144.62,1.433503
2019-11-27 02:24:00,144.51,144.6,144.37,144.45,162.40927
2019-11-27 02:23:00,144.29,144.59,144.29,144.56,293.544122
2019-11-27 02:22:00,144.36,144.49,144.18,144.27,221.082882
2019-11-27 02:21:00,144.12,144.34,144.12,144.34,14.189504
2019-11-27 02:20:00,144.12,144.12,144.11,144.11,1.565301
2019-11-27 02:19:00,144.13,144.18,144.09,144.16,4.057479
2019-11-27 02:18:00,144.18,144.18,144.11,144.12,14.38389
2019-11-27 02:17:00,144.29,144.31,144.11,144.16,72.639792
2019-11-27 02:16:00,144.18,144.35,144.18,144.32,9.604807
2019-11-27 02:15:00,144.09,144.23,144.09,144.23,0.964439
2019-11-27 02:14:00,144.14,144.17,144.05,144.08,36.107423
2019-11-27 02:13:00,144.13,144.25,144.06,144.14,127.827258
2019-11-27 02:12:00,144.4,144.4,143.88,144.09,611.135722
2019-11-27 02:11:00,144.28,144.4,144.21,144.38,224.669439
2019-11-27 02:10:00,144.61,144.65,144.05,144.27,1178.767483
2019-11-27 02:09:00,144.67,144.72,144.59,144.61,122.293338
2019-11-27 02:08:00,144.87,144.87,144.67,144.67,281.297471
2019-11-27 02:07:00,145,145,144.87,144.88,35.68452
2019-11-27 02:06:00,145.15,145.15,144.9,145,93.815962
2019-11-27 02:05:00,145.15,145.18,145.15,145.15,1.175583
2019-11-27 02:04:00,145.26,145.26,145.17,145.2,28.35433
2019-11-27 02:03:00,145.16,145.34,145.16,145.3,31.824736
2019-11-27 02:02:00,145.18,145.18,145.18,145.18,0.000005
2019-11-27 02:01:00,145.15,145.2,145.15,145.19,8.698273
2019-11-27 02:00:00,145.12,145.27,145.12,145.18,43.912719
2019-11-27 01:59:00,145.06,145.12,145.06,145.12,18.044481
2019-11-27 01:58:00,145.14,145.17,145.12,145.12,4.211577
2019-11-27 01:57:00,145.17,145.17,145.12,145.13,84.080637
2019-11-27 01:56:00,145.15,145.27,145.15,145.23,39.58822
2019-11-27 01:55:00,145.05,145.16,145.03,145.15,1152.848468
2019-11-27 01:54:00,144.98,145.02,144.98,145.02,2.493383
2019-11-27 01:53:00,144.91,145,144.91,144.94,17.385749
2019-11-27 01:52:00,144.83,144.96,144.83,144.93,29.061152
2019-11-27 01:51:00,144.81,144.83,144.81,144.83,2.768674
2019-11-27 01:50:00,144.77,144.81,144.76,144.8,23.114831
2019-11-27 01:49:00,144.76,144.76,144.66,144.75,68.338006
2019-11-27 01:48:00,144.77,144.77,144.77,144.77,2.276814
2019-11-27 01:47:00,144.82,144.82,144.73,144.74,42.213844
2019-11-27 01:46:00,144.71,144.83,144.71,144.82,10.887134
2019-11-27 01:45:00,144.7,144.74,144.7,144.73,0.426355
2019-11-27 01:44:00,144.72,144.82,144.71,144.76,10.234696
2019-11-27 01:43:00,144.72,144.72,144.72,144.72,7.589966
2019-11-27 01:42:00,144.68,144.75,144.68,144.74,2.565039
2019-11-27 01:41:00,144.71,144.71,144.67,144.68,2.813723
2019-11-27 01:40:00,144.65,144.76,144.65,144.73,68.464326
2019-11-27 01:39:00,144.84,144.84,144.65,144.65,491.363936
2019-11-27 01:38:00,144.94,144.94,144.86,144.86,92.436512
2019-11-27 01:37:00,144.89,145.01,144.89,144.93,23.91538
2019-11-27 01:36:00,145.15,145.15,144.92,144.92,73.602052
2019-11-27 01:35:00,145.01,145.14,145.01,145.14,18.999352
2019-11-27 01:34:00,144.95,145.04,144.95,145.04,61.65853
2019-11-27 01:33:00,144.77,144.94,144.75,144.93,279.813251
2019-11-27 01:32:00,144.72,144.89,144.72,144.77,141.676364
2019-11-27 01:31:00,144.81,144.83,144.71,144.71,9.053301
2019-11-27 01:30:00,144.96,145.01,144.83,144.83,75.509604
2019-11-27 01:29:00,145.04,145.05,145,145,29.679754
2019-11-27 01:28:00,144.97,145,144.93,145,24.135323
2019-11-27 01:27:00,145.1,145.11,144.96,145.02,24.997973
2019-11-27 01:26:00,145,145.17,144.97,145.07,177.630336
2019-11-27 01:25:00,144.75,144.99,144.75,144.99,1.483088
2019-11-27 01:24:00,144.75,144.89,144.75,144.81,31.946031
2019-11-27 01:23:00,144.67,144.74,144.67,144.74,23.89038
2019-11-27 01:22:00,144.64,144.71,144.64,144.67,111.558671
2019-11-27 01:21:00,144.75,144.75,144.54,144.61,191.402941
2019-11-27 01:20:00,144.86,144.86,144.73,144.77,23.291392
2019-11-27 01:19:00,144.97,144.97,144.84,144.87,53.149787
2019-11-27 01:18:00,144.99,145,144.71,144.92,271.35838
2019-11-27 01:17:00,144.71,145.01,144.69,144.99,169.255275
2019-11-27 01:16:00,144.71,144.74,144.6,144.71,177.138485
2019-11-27 01:15:00,144.99,145.05,144.72,144.72,455.603285
2019-11-27 01:14:00,145.02,145.02,144.95,145,65.971721
2019-11-27 01:13:00,145.06,145.15,145.01,145.07,10.991707
2019-11-27 01:12:00,145,145.11,144.97,145.08,71.126487
2019-11-27 01:11:00,145.03,145.06,144.98,145,51.092581
2019-11-27 01:10:00,145.28,145.28,145.08,145.08,29.229199
2019-11-27 01:09:00,145.35,145.43,145.2,145.29,60.846624
2019-11-27 01:08:00,145.27,145.37,145.27,145.35,5.039014
2019-11-27 01:07:00,145.09,145.26,145.04,145.26,117.267241
2019-11-27 01:06:00,145.09,145.27,145.06,145.09,76.026531
2019-11-27 01:05:00,145.37,145.38,145.09,145.09,172.082672
2019-11-27 01:04:00,145.46,145.51,145.13,145.38,823.602263
2019-11-27 01:03:00,145.65,145.65,145.47,145.47,34.009895
2019-11-27 01:02:00,145.72,145.75,145.65,145.65,83.170967
2019-11-27 01:01:00,146.04,146.04,145.76,145.76,55.338762
2019-11-27 01:00:00,145.95,146.08,145.93,146.05,111.570875
2019-11-27 00:59:00,145.97,146.06,145.88,145.98,783.689753
2019-11-27 00:58:00,145.66,146.02,145.66,145.97,261.914365
2019-11-27 00:57:00,145.64,145.68,145.64,145.65,3.591742
2019-11-27 00:56:00,145.58,145.68,145.56,145.63,131.971377
2019-11-27 00:55:00,145.5,145.55,145.49,145.55,3.245664
2019-11-27 00:54:00,145.55,145.55,145.49,145.49,93.38134
2019-11-27 00:53:00,145.45,145.62,145.45,145.56,47.179547
2019-11-27 00:52:00,145.34,145.42,145.34,145.42,0.528674
2019-11-27 00:51:00,145.4,145.4,145.3,145.35,17.157604
2019-11-27 00:50:00,145.38,145.38,145.31,145.34,103.223483
2019-11-27 00:49:00,145.51,145.56,145.45,145.45,10.795104
2019-11-27 00:48:00,145.38,145.53,145.38,145.51,59.33171
2019-11-27 00:47:00,145.34,145.38,145.34,145.38,81.589721
2019-11-27 00:46:00,145.35,145.37,145.3,145.33,15.333529
2019-11-27 00:45:00,145.34,145.35,145.33,145.35,13.622304
2019-11-27 00:44:00,145.13,145.37,145.11,145.35,119.59329
2019-11-27 00:43:00,145.16,145.17,145.15,145.15,0.848174
2019-11-27 00:42:00,145.2,145.2,145.09,145.16,28.818315
2019-11-27 00:41:00,145.34,145.34,145.12,145.18,208.06873
2019-11-27 00:40:00,145.41,145.41,145.37,145.37,85.26285
2019-11-27 00:39:00,145.39,145.43,145.38,145.38,59.315769
2019-11-27 00:38:00,145.38,145.39,145.38,145.38,9.52262
2019-11-27 00:37:00,145.36,145.4,145.36,145.38,114.128158
2019-11-27 00:36:00,145.54,145.54,145.34,145.36,128.365262
2019-11-27 00:35:00,145.59,145.59,145.57,145.57,19.850985
2019-11-27 00:34:00,145.53,145.59,145.53,145.59,44.37114
2019-11-27 00:33:00,145.58,145.59,145.56,145.56,11.006799
2019-11-27 00:32:00,145.67,145.67,145.58,145.58,151.375266
2019-11-27 00:31:00,145.74,145.8,145.72,145.72,38.338992
2019-11-27 00:30:00,145.77,145.77,145.71,145.74,130.091929
2019-11-27 00:29:00,145.71,145.8,145.71,145.78,199.212874
2019-11-27 00:28:00,145.68,145.71,145.62,145.71,242.525038
2019-11-27 00:27:00,145.6,145.74,145.6,145.73,54.036594
2019-11-27 00:26:00,145.51,145.58,145.51,145.56,138.309512
2019-11-27 00:25:00,145.66,145.66,145.51,145.51,12.46157
2019-11-27 00:24:00,145.6,145.73,145.59,145.64,123.853
2019-11-27 00:23:00,145.76,145.76,145.6,145.6,59.416821
2019-11-27 00:22:00,145.8,145.8,145.74,145.77,67.374694
2019-11-27 00:21:00,145.84,145.96,145.67,145.8,2172.019314
2019-11-27 00:20:00,145.96,145.96,145.84,145.84,13.63576
2019-11-27 00:19:00,145.89,145.94,145.85,145.94,35.224385
2019-11-27 00:18:00,146.02,146.07,145.87,145.89,81.780513
2019-11-27 00:17:00,146.15,146.16,145.98,145.99,28.491358
2019-11-27 00:16:00,146.25,146.26,146.18,146.18,116.23633
2019-11-27 00:15:00,146.19,146.32,146.19,146.27,300.434859
2019-11-27 00:14:00,146.24,146.24,146.18,146.2,30.566787
2019-11-27 00:13:00,146.26,146.33,146.17,146.25,153.411642
2019-11-27 00:12:00,146.33,146.41,146.27,146.28,373.731329
2019-11-27 00:11:00,146.15,146.37,146.11,146.34,297.682172
2019-11-27 00:10:00,146,146.13,146,146.13,73.749199
2019-11-27 00:09:00,145.96,146,145.86,146,214.34077
2019-11-27 00:08:00,146.25,146.25,145.96,146,387.606452
2019-11-27 00:07:00,146.25,146.26,145.93,146.25,851.701161
2019-11-27 00:06:00,146.15,146.3,146.12,146.25,382.84499
2019-11-27 00:05:00,146.1,146.18,146.01,146.15,593.153994
2019-11-27 00:04:00,145.85,146.11,145.78,146.11,283.466651
2019-11-27 00:03:00,145.89,145.9,145.82,145.87,70.521861
2019-11-27 00:02:00,146.04,146.04,145.9,145.9,36.957402
2019-11-27 00:01:00,146.02,146.02,145.96,146,32.435477
2019-11-27 00:00:00,145.74,146.11,145.74,146,281.756905
