2019-12-08 23:59:00,150.57,150.63,150.54,150.61,137.558444
2019-12-08 23:58:00,150.59,150.6,150.57,150.59,88.811505
2019-12-08 23:57:00,150.49,150.59,150.49,150.59,66.049949
2019-12-08 23:56:00,150.43,150.5,150.42,150.49,79.701882
2019-12-08 23:55:00,150.44,150.46,150.42,150.43,23.644423
2019-12-08 23:54:00,150.46,150.46,150.41,150.43,52.282967
2019-12-08 23:53:00,150.48,150.48,150.46,150.46,32.289584
2019-12-08 23:52:00,150.46,150.48,150.46,150.47,19.952123
2019-12-08 23:51:00,150.44,150.44,150.43,150.44,39.686167
2019-12-08 23:50:00,150.46,150.48,150.45,150.48,172.893017
2019-12-08 23:49:00,150.46,150.46,150.46,150.46,192.694255
2019-12-08 23:48:00,150.48,150.48,150.45,150.45,132.329901
2019-12-08 23:47:00,150.44,150.49,150.44,150.49,157.109412
2019-12-08 23:46:00,150.38,150.44,150.37,150.44,155.205281
2019-12-08 23:45:00,150.26,150.41,150.25,150.38,316.348684
2019-12-08 23:44:00,150.23,150.26,150.22,150.26,6.675944
2019-12-08 23:43:00,150.23,150.23,150.22,150.22,55.408076
2019-12-08 23:42:00,150.18,150.23,150.17,150.23,65.277307
2019-12-08 23:41:00,150.2,150.2,150.17,150.17,153.946848
2019-12-08 23:40:00,150.13,150.2,150.13,150.2,506.930216
2019-12-08 23:39:00,150.06,150.16,150.06,150.12,447.068326
2019-12-08 23:38:00,150.07,150.09,150.05,150.06,201.467565
2019-12-08 23:37:00,150.06,150.12,150.03,150.1,277.333377
2019-12-08 23:36:00,150.12,150.12,150.06,150.06,52.683818
2019-12-08 23:35:00,150.09,150.16,150.09,150.12,56.802817
2019-12-08 23:34:00,149.93,150.11,149.93,150.09,181.165133
2019-12-08 23:33:00,149.97,149.98,149.91,149.93,97.511828
2019-12-08 23:32:00,150.15,150.15,149.91,149.98,1140.340076
2019-12-08 23:31:00,150.18,150.18,150.15,150.15,283.8502
2019-12-08 23:30:00,150.22,150.22,150.17,150.17,20.737175
2019-12-08 23:29:00,150.26,150.26,150.18,150.22,67.841718
2019-12-08 23:28:00,150.31,150.32,150.29,150.29,30.8443
2019-12-08 23:27:00,150.37,150.37,150.32,150.32,26.143495
2019-12-08 23:26:00,150.35,150.39,150.3,150.37,105.18899
2019-12-08 23:25:00,150.27,150.37,150.27,150.35,255.51693
2019-12-08 23:24:00,150.22,150.29,150.22,150.27,225.473993
2019-12-08 23:23:00,150.14,150.2,150.14,150.19,350.457701
2019-12-08 23:22:00,150.06,150.39,150.06,150.14,1870.769686
2019-12-08 23:21:00,150.18,150.18,149.98,150.06,501.832751
2019-12-08 23:20:00,150.29,150.31,150.21,150.21,91.138861
2019-12-08 23:19:00,150.28,150.37,150.28,150.33,51.967405
2019-12-08 23:18:00,150.53,150.54,150.24,150.32,1003.644556
2019-12-08 23:17:00,150.49,150.54,150.47,150.53,101.740507
2019-12-08 23:16:00,150.53,150.55,150.49,150.49,260.312137
2019-12-08 23:15:00,150.44,150.58,150.44,150.53,721.83776
2019-12-08 23:14:00,150.47,150.47,150.33,150.44,249.007186
2019-12-08 23:13:00,150.39,150.6,150.39,150.45,718.616911
2019-12-08 23:12:00,150.54,150.63,150.36,150.36,1107.981737
2019-12-08 23:11:00,150.47,150.87,150.46,150.5,1108.01517
2019-12-08 23:10:00,150.77,151,150.4,150.47,2224.383612
2019-12-08 23:09:00,150.45,151.5,150.38,150.77,9043.094858
2019-12-08 23:08:00,149.19,150.89,149.19,150.45,9407.685701
2019-12-08 23:07:00,148.76,149.45,148.76,149.18,2576.483064
2019-12-08 23:06:00,148.64,148.8,148.64,148.76,174.900165
2019-12-08 23:05:00,148.63,148.66,148.62,148.65,226.605714
2019-12-08 23:04:00,148.61,148.63,148.58,148.63,168.360692
2019-12-08 23:03:00,148.59,148.62,148.58,148.59,166.958865
2019-12-08 23:02:00,148.59,148.59,148.58,148.59,107.726939
2019-12-08 23:01:00,148.57,148.59,148.57,148.59,98.686181
2019-12-08 23:00:00,148.6,148.6,148.57,148.57,61.280027
2019-12-08 22:59:00,148.55,148.61,148.55,148.58,112.496285
2019-12-08 22:58:00,148.55,148.56,148.55,148.56,17.160104
2019-12-08 22:57:00,148.55,148.55,148.55,148.55,0.04526
2019-12-08 22:56:00,148.63,148.63,148.53,148.53,58.264892
2019-12-08 22:55:00,148.63,148.63,148.63,148.63,0
2019-12-08 22:54:00,148.58,148.63,148.58,148.63,1.301594
2019-12-08 22:53:00,148.55,148.57,148.55,148.57,22.773725
2019-12-08 22:52:00,148.61,148.61,148.57,148.57,4.864677
2019-12-08 22:51:00,148.64,148.64,148.61,148.61,14.607893
2019-12-08 22:50:00,148.58,148.64,148.58,148.63,16.087011
2019-12-08 22:49:00,148.64,148.64,148.58,148.58,223.055612
2019-12-08 22:48:00,148.64,148.69,148.63,148.65,214.921301
2019-12-08 22:47:00,148.64,148.64,148.63,148.63,5.520256
2019-12-08 22:46:00,148.58,148.64,148.58,148.64,104.534283
2019-12-08 22:45:00,148.58,148.6,148.58,148.58,50.538098
2019-12-08 22:44:00,148.57,148.58,148.57,148.58,34.122236
2019-12-08 22:43:00,148.55,148.61,148.52,148.57,146.287843
2019-12-08 22:42:00,148.53,148.57,148.5,148.57,151.507342
2019-12-08 22:41:00,148.52,148.59,148.51,148.53,115.685982
2019-12-08 22:40:00,148.57,148.59,148.5,148.52,155.153902
2019-12-08 22:39:00,148.54,148.57,148.54,148.56,139.160119
2019-12-08 22:38:00,148.54,148.55,148.53,148.54,34.911623
2019-12-08 22:37:00,148.51,148.57,148.51,148.55,77.999665
2019-12-08 22:36:00,148.48,148.51,148.48,148.5,4.554175
2019-12-08 22:35:00,148.38,148.48,148.38,148.48,8.47697
2019-12-08 22:34:00,148.38,148.39,148.38,148.39,2.884505
2019-12-08 22:33:00,148.38,148.39,148.38,148.39,59.271438
2019-12-08 22:32:00,148.3,148.38,148.3,148.38,16.597394
2019-12-08 22:31:00,148.31,148.32,148.29,148.3,9.367632
2019-12-08 22:30:00,148.39,148.4,148.34,148.34,16.731079
2019-12-08 22:29:00,148.43,148.43,148.42,148.42,20.516092
2019-12-08 22:28:00,148.25,148.41,148.25,148.41,339.257627
2019-12-08 22:27:00,148.32,148.32,148.19,148.25,4.739778
2019-12-08 22:26:00,148.41,148.41,148.32,148.32,136.172039
2019-12-08 22:25:00,148.45,148.45,148.41,148.41,71.077933
2019-12-08 22:24:00,148.43,148.45,148.43,148.44,14.718646
2019-12-08 22:23:00,148.36,148.43,148.36,148.4,33.075301
2019-12-08 22:22:00,148.51,148.51,148.34,148.36,144.453006
2019-12-08 22:21:00,148.33,148.52,148.33,148.52,38.144399
2019-12-08 22:20:00,148.28,148.34,148.28,148.33,3.730886
2019-12-08 22:19:00,148.29,148.29,148.29,148.29,6.742404
2019-12-08 22:18:00,148.28,148.29,148.28,148.29,12.391401
2019-12-08 22:17:00,148.29,148.29,148.28,148.29,4.125611
2019-12-08 22:16:00,148.25,148.29,148.25,148.29,5.219981
2019-12-08 22:15:00,148.27,148.28,148.19,148.24,46.171785
2019-12-08 22:14:00,148.36,148.36,148.24,148.29,66.360089
2019-12-08 22:13:00,148.34,148.36,148.32,148.36,33.399768
2019-12-08 22:12:00,148.29,148.34,148.2,148.33,72.424057
2019-12-08 22:11:00,148.33,148.33,148.29,148.3,93.806475
2019-12-08 22:10:00,148.54,148.54,148.29,148.32,539.355936
2019-12-08 22:09:00,148.55,148.6,148.5,148.53,178.933603
2019-12-08 22:08:00,148.53,148.56,148.46,148.55,187.35562
2019-12-08 22:07:00,148.59,148.59,148.5,148.53,144.067723
2019-12-08 22:06:00,148.66,148.69,148.55,148.58,319.417751
2019-12-08 22:05:00,148.66,148.67,148.66,148.67,111.961376
2019-12-08 22:04:00,148.62,148.66,148.6,148.66,190.930905
2019-12-08 22:03:00,148.62,148.63,148.62,148.63,138.552891
2019-12-08 22:02:00,148.66,148.66,148.62,148.62,73.865432
2019-12-08 22:01:00,148.58,148.67,148.58,148.67,60.153994
2019-12-08 22:00:00,148.57,148.58,148.57,148.58,78.074537
2019-12-08 21:59:00,148.58,148.58,148.57,148.57,12.535463
2019-12-08 21:58:00,148.58,148.58,148.57,148.57,5.558891
2019-12-08 21:57:00,148.63,148.64,148.56,148.58,56.13912
2019-12-08 21:56:00,148.67,148.67,148.63,148.64,45.041702
2019-12-08 21:55:00,148.79,148.79,148.66,148.66,141.943212
2019-12-08 21:54:00,148.71,148.79,148.71,148.79,98.383461
2019-12-08 21:53:00,148.63,148.72,148.63,148.71,60.9584
2019-12-08 21:52:00,148.53,148.63,148.53,148.63,35.809818
2019-12-08 21:51:00,148.46,148.54,148.46,148.53,71.737935
2019-12-08 21:50:00,148.49,148.49,148.44,148.47,324.579711
2019-12-08 21:49:00,148.54,148.56,148.49,148.49,107.936757
2019-12-08 21:48:00,148.6,148.61,148.5,148.6,264.896982
2019-12-08 21:47:00,148.66,148.7,148.57,148.6,361.441969
2019-12-08 21:46:00,148.6,148.97,148.6,148.67,1057.321617
2019-12-08 21:45:00,148.35,148.67,148.35,148.6,2259.761789
2019-12-08 21:44:00,148.34,148.35,148.34,148.35,27.183435
2019-12-08 21:43:00,148.36,148.36,148.34,148.34,104.615961
2019-12-08 21:42:00,148.35,148.37,148.35,148.37,24.7779
2019-12-08 21:41:00,148.31,148.37,148.31,148.35,77.49301
2019-12-08 21:40:00,148.31,148.36,148.3,148.36,2.926922
2019-12-08 21:39:00,148.28,148.38,148.28,148.31,105.191098
2019-12-08 21:38:00,148.27,148.28,148.23,148.27,95.782381
2019-12-08 21:37:00,148.32,148.33,148.26,148.26,131.428923
2019-12-08 21:36:00,148.35,148.38,148.3,148.33,105.997042
2019-12-08 21:35:00,148.32,148.35,148.32,148.35,186.195638
2019-12-08 21:34:00,148.33,148.33,148.31,148.31,62.125282
2019-12-08 21:33:00,148.26,148.35,148.26,148.32,224.642109
2019-12-08 21:32:00,148.26,148.27,148.26,148.26,121.205846
2019-12-08 21:31:00,148.27,148.27,148.26,148.26,66.480219
2019-12-08 21:30:00,148.25,148.3,148.25,148.27,9.334398
2019-12-08 21:29:00,148.25,148.25,148.25,148.25,4.600595
2019-12-08 21:28:00,148.16,148.25,148.15,148.25,127.754491
2019-12-08 21:27:00,148.15,148.16,148.15,148.15,29.219327
2019-12-08 21:26:00,148.15,148.16,148.15,148.15,6.943476
2019-12-08 21:25:00,148.16,148.16,148.15,148.15,32.958299
2019-12-08 21:24:00,148.21,148.21,148.16,148.16,16.458434
2019-12-08 21:23:00,148.22,148.22,148.22,148.22,3.533638
2019-12-08 21:22:00,148.23,148.23,148.22,148.22,10.813158
2019-12-08 21:21:00,148.24,148.25,148.22,148.22,19.159978
2019-12-08 21:20:00,148.25,148.25,148.25,148.25,5
2019-12-08 21:19:00,148.29,148.29,148.28,148.28,18.836658
2019-12-08 21:18:00,148.24,148.35,148.24,148.28,1989.502249
2019-12-08 21:17:00,148.26,148.26,148.19,148.24,28.449078
2019-12-08 21:16:00,148.23,148.26,148.23,148.26,21.599591
2019-12-08 21:15:00,148.23,148.24,148.18,148.22,20.4468
2019-12-08 21:14:00,148.24,148.24,148.24,148.24,14.752184
2019-12-08 21:13:00,148.19,148.24,148.18,148.24,33.377939
2019-12-08 21:12:00,148.17,148.19,148.17,148.18,60.466552
2019-12-08 21:11:00,148.17,148.17,148.16,148.16,2.568323
2019-12-08 21:10:00,148.06,148.17,148.06,148.17,68.38325
2019-12-08 21:09:00,148.02,148.07,148.02,148.07,91.801843
2019-12-08 21:08:00,148.09,148.09,148,148.02,59.47685
2019-12-08 21:07:00,148.09,148.09,148.09,148.09,46.984068
2019-12-08 21:06:00,148.01,148.1,148.01,148.1,104.711408
2019-12-08 21:05:00,148.02,148.02,148,148,90.08537
2019-12-08 21:04:00,148.02,148.03,148.02,148.03,59.558293
2019-12-08 21:03:00,147.99,148.03,147.99,148,45.189578
2019-12-08 21:02:00,147.99,147.99,147.98,147.99,18.540369
2019-12-08 21:01:00,147.88,148,147.88,148,6.274796
2019-12-08 21:00:00,147.9,147.9,147.88,147.88,10.405211
2019-12-08 20:59:00,147.93,147.93,147.9,147.9,2.54104
2019-12-08 20:58:00,147.92,147.93,147.92,147.93,5.374248
2019-12-08 20:57:00,147.93,147.94,147.93,147.94,106.758796
2019-12-08 20:56:00,147.88,147.93,147.88,147.92,2.793653
2019-12-08 20:55:00,147.8,147.88,147.79,147.88,47.452935
2019-12-08 20:54:00,147.85,147.85,147.79,147.79,282.697123
2019-12-08 20:53:00,147.92,147.92,147.89,147.89,59.618962
2019-12-08 20:52:00,147.98,147.98,147.96,147.96,1.496139
2019-12-08 20:51:00,147.94,147.98,147.94,147.98,16.302497
2019-12-08 20:50:00,147.89,147.94,147.88,147.93,17.556231
2019-12-08 20:49:00,147.91,147.92,147.88,147.88,9.760201
2019-12-08 20:48:00,147.93,147.93,147.92,147.92,0.187788
2019-12-08 20:47:00,147.93,147.93,147.9,147.91,26.768794
2019-12-08 20:46:00,148.04,148.04,147.93,147.93,49.591959
2019-12-08 20:45:00,148.05,148.05,148.04,148.04,1.081202
2019-12-08 20:44:00,148.05,148.05,148.04,148.05,0.292226
2019-12-08 20:43:00,148,148.08,148,148.05,15.578043
2019-12-08 20:42:00,148.02,148.02,147.99,148,17.18416
2019-12-08 20:41:00,148.05,148.05,148.04,148.04,48.680162
2019-12-08 20:40:00,147.98,148.04,147.98,148.04,6.613448
2019-12-08 20:39:00,147.94,147.98,147.94,147.98,1.93591
2019-12-08 20:38:00,148.01,148.01,147.94,147.94,109.161905
2019-12-08 20:37:00,148,148.02,148,148.01,0.407048
2019-12-08 20:36:00,147.97,147.97,147.97,147.97,24.169244
2019-12-08 20:35:00,148.02,148.02,147.96,147.97,126.384032
2019-12-08 20:34:00,148.14,148.14,148.04,148.04,147.513703
2019-12-08 20:33:00,148.11,148.16,148.11,148.14,202.948681
2019-12-08 20:32:00,148.13,148.14,148.11,148.11,19.654649
2019-12-08 20:31:00,148.09,148.16,148.09,148.15,65.542706
2019-12-08 20:30:00,148.07,148.11,148.07,148.1,1.635095
2019-12-08 20:29:00,148.07,148.08,148.07,148.08,2.447629
2019-12-08 20:28:00,148.08,148.08,148.01,148.07,12.857035
2019-12-08 20:27:00,148.14,148.14,148.07,148.07,43.273456
2019-12-08 20:26:00,148.07,148.14,148.07,148.14,21.962243
2019-12-08 20:25:00,147.94,148.08,147.94,148.08,29.46456
2019-12-08 20:24:00,147.93,147.95,147.93,147.95,3.083841
2019-12-08 20:23:00,147.93,147.93,147.92,147.93,21.702984
2019-12-08 20:22:00,147.94,147.94,147.87,147.89,41.852289
2019-12-08 20:21:00,147.97,147.98,147.91,147.98,155.488599
2019-12-08 20:20:00,147.97,147.97,147.95,147.97,8.290786
2019-12-08 20:19:00,147.97,147.97,147.97,147.97,0.755703
2019-12-08 20:18:00,147.96,147.98,147.95,147.97,18.656804
2019-12-08 20:17:00,148.05,148.05,147.95,147.96,51.663167
2019-12-08 20:16:00,148.18,148.18,148.06,148.06,43.712004
2019-12-08 20:15:00,148.21,148.21,148.18,148.18,1.278263
2019-12-08 20:14:00,148.16,148.24,148.15,148.22,804.895695
2019-12-08 20:13:00,148.15,148.16,148.15,148.15,8.607027
2019-12-08 20:12:00,148.08,148.15,148.08,148.15,4.463856
2019-12-08 20:11:00,148.12,148.13,148.09,148.09,69.750692
2019-12-08 20:10:00,148.11,148.12,148.11,148.11,0.400744
2019-12-08 20:09:00,148.12,148.12,148.11,148.11,23.082736
2019-12-08 20:08:00,148.21,148.21,148.1,148.14,35.036007
2019-12-08 20:07:00,148.21,148.21,148.2,148.21,0.623233
2019-12-08 20:06:00,148.21,148.21,148.2,148.21,2.748877
2019-12-08 20:05:00,148.2,148.2,148.2,148.2,19.139318
2019-12-08 20:04:00,148.21,148.21,148.19,148.21,31.486876
2019-12-08 20:03:00,148.22,148.22,148.19,148.21,49.351575
2019-12-08 20:02:00,148.27,148.27,148.22,148.22,67.075636
2019-12-08 20:01:00,148.1,148.34,148.1,148.27,380.317978
2019-12-08 20:00:00,148.13,148.13,148.06,148.09,146.404188
2019-12-08 19:59:00,147.96,148.12,147.96,148.12,75.868517
2019-12-08 19:58:00,147.88,147.96,147.88,147.96,20.402282
2019-12-08 19:57:00,147.89,147.89,147.84,147.87,138.677092
2019-12-08 19:56:00,147.92,147.93,147.83,147.89,109.718385
2019-12-08 19:55:00,147.96,147.98,147.93,147.93,34.65923
2019-12-08 19:54:00,147.98,148.01,147.95,147.96,28.55003
2019-12-08 19:53:00,148.15,148.15,147.93,147.98,384.64861
2019-12-08 19:52:00,148.18,148.19,148.18,148.18,301.870678
2019-12-08 19:51:00,148.19,148.2,148.18,148.18,49.988649
2019-12-08 19:50:00,148.19,148.2,148.19,148.2,3.775059
2019-12-08 19:49:00,148.2,148.2,148.2,148.2,0.32547
2019-12-08 19:48:00,148.19,148.2,148.18,148.2,3.134671
2019-12-08 19:47:00,148.19,148.19,148.19,148.19,0.749689
2019-12-08 19:46:00,148.16,148.2,148.16,148.18,8.4779
2019-12-08 19:45:00,148.16,148.17,148.15,148.17,2.736205
2019-12-08 19:44:00,148.11,148.17,148.11,148.16,85.279164
2019-12-08 19:43:00,148.14,148.14,148.08,148.08,24.856413
2019-12-08 19:42:00,148.13,148.15,148.13,148.14,127.319284
2019-12-08 19:41:00,148.09,148.13,148.09,148.13,33.435944
2019-12-08 19:40:00,148.08,148.08,148.08,148.08,0.674
2019-12-08 19:39:00,148.09,148.09,148.08,148.09,244.747542
2019-12-08 19:38:00,148.08,148.09,148.08,148.09,19.687848
2019-12-08 19:37:00,148.08,148.08,148.08,148.08,3.138169
2019-12-08 19:36:00,148.09,148.09,148.08,148.08,1.561575
2019-12-08 19:35:00,148.11,148.16,148.09,148.09,3.725885
2019-12-08 19:34:00,148.11,148.11,148.1,148.1,3.945384
2019-12-08 19:33:00,148.07,148.16,148.06,148.09,223.636015
2019-12-08 19:32:00,148.08,148.08,148.06,148.06,138.940125
2019-12-08 19:31:00,148.13,148.13,148.07,148.09,17.136554
2019-12-08 19:30:00,148.11,148.14,148.11,148.14,12.956756
2019-12-08 19:29:00,148.14,148.14,148.11,148.11,1.107394
2019-12-08 19:28:00,148.22,148.22,148.14,148.14,11.780153
2019-12-08 19:27:00,148.19,148.24,148.19,148.23,52.434943
2019-12-08 19:26:00,148.17,148.18,148.11,148.18,14.704222
2019-12-08 19:25:00,148.24,148.24,148.14,148.16,41.624512
2019-12-08 19:24:00,148.23,148.25,148.23,148.25,12.137028
2019-12-08 19:23:00,148.25,148.25,148.21,148.23,63.0408
2019-12-08 19:22:00,148.21,148.26,148.21,148.26,3.871185
2019-12-08 19:21:00,148.3,148.3,148.2,148.2,45.021173
2019-12-08 19:20:00,148.39,148.42,148.3,148.3,64.920028
2019-12-08 19:19:00,148.36,148.48,148.36,148.39,111.75299
2019-12-08 19:18:00,148.32,148.37,148.32,148.36,28.611007
2019-12-08 19:17:00,148.43,148.43,148.29,148.33,97.158586
2019-12-08 19:16:00,148.38,148.47,148.38,148.44,133.470332
2019-12-08 19:15:00,148.37,148.38,148.37,148.38,20.691188
2019-12-08 19:14:00,148.45,148.5,148.37,148.37,77.778404
2019-12-08 19:13:00,148.35,148.48,148.35,148.45,134.777953
2019-12-08 19:12:00,148.35,148.36,148.35,148.35,39.631463
2019-12-08 19:11:00,148.34,148.36,148.33,148.35,5.257339
2019-12-08 19:10:00,148.28,148.35,148.28,148.34,51.317413
2019-12-08 19:09:00,148.25,148.28,148.25,148.28,14.400835
2019-12-08 19:08:00,148.25,148.25,148.24,148.24,72.995511
2019-12-08 19:07:00,148.36,148.36,148.25,148.25,133.718612
2019-12-08 19:06:00,148.34,148.36,148.33,148.36,78.395961
2019-12-08 19:05:00,148.29,148.33,148.29,148.33,191.688507
2019-12-08 19:04:00,148.3,148.3,148.29,148.29,13.877475
2019-12-08 19:03:00,148.26,148.3,148.26,148.3,10.422637
2019-12-08 19:02:00,148.28,148.28,148.25,148.26,10.821457
2019-12-08 19:01:00,148.2,148.29,148.2,148.28,198.903168
2019-12-08 19:00:00,148.15,148.2,148.15,148.2,149.332838
2019-12-08 18:59:00,148.12,148.12,148.11,148.11,2.049425
2019-12-08 18:58:00,148.18,148.18,148.1,148.1,27.723723
2019-12-08 18:57:00,148.16,148.18,148.12,148.18,337.226242
2019-12-08 18:56:00,148.09,148.16,148.09,148.16,23.913134
2019-12-08 18:55:00,148.19,148.19,148.09,148.1,96.87034
2019-12-08 18:54:00,148.1,148.18,148.1,148.18,4.533512
2019-12-08 18:53:00,147.99,148.1,147.99,148.1,11.912654
2019-12-08 18:52:00,148.1,148.1,147.96,147.98,28.952901
2019-12-08 18:51:00,148.17,148.17,148.1,148.1,5.712336
2019-12-08 18:50:00,148.17,148.17,148.17,148.17,0.42982
2019-12-08 18:49:00,148.18,148.18,148.11,148.16,23.820678
2019-12-08 18:48:00,148.18,148.22,148.18,148.18,63.628588
2019-12-08 18:47:00,148.28,148.28,148.17,148.17,51.91864
2019-12-08 18:46:00,148.35,148.35,148.27,148.27,41.681748
2019-12-08 18:45:00,148.36,148.39,148.35,148.35,25.615018
2019-12-08 18:44:00,148.27,148.38,148.27,148.36,145.514085
2019-12-08 18:43:00,148.22,148.27,148.21,148.27,409.601369
2019-12-08 18:42:00,148.14,148.21,148.14,148.21,33.954765
2019-12-08 18:41:00,147.97,148.13,147.97,148.13,352.316423
2019-12-08 18:40:00,147.94,147.98,147.94,147.95,4.587579
2019-12-08 18:39:00,148.07,148.07,147.93,147.93,68.140365
2019-12-08 18:38:00,148.08,148.08,148.07,148.07,0.641517
2019-12-08 18:37:00,148.07,148.08,148.07,148.08,8.541287
2019-12-08 18:36:00,148.08,148.08,148.07,148.07,6.312693
2019-12-08 18:35:00,148.09,148.09,148.07,148.07,28.292927
2019-12-08 18:34:00,148.12,148.12,148.09,148.09,17.054585
2019-12-08 18:33:00,148.14,148.14,148.12,148.12,2.337862
2019-12-08 18:32:00,148.14,148.15,148.14,148.14,0.760505
2019-12-08 18:31:00,148.14,148.15,148.14,148.15,1.394741
2019-12-08 18:30:00,148.16,148.17,148.14,148.14,7.030774
2019-12-08 18:29:00,148.13,148.16,148.13,148.16,13.197712
2019-12-08 18:28:00,148.14,148.14,148.14,148.14,2.17863
2019-12-08 18:27:00,147.98,148.14,147.98,148.14,1.0359
2019-12-08 18:26:00,148.03,148.03,147.96,147.98,5.501425
2019-12-08 18:25:00,148.07,148.07,148.04,148.04,1.300914
2019-12-08 18:24:00,148.06,148.06,148.06,148.06,0
2019-12-08 18:23:00,148.05,148.12,148.05,148.06,6.67566
2019-12-08 18:22:00,147.99,148.01,147.99,148.01,29.855428
2019-12-08 18:21:00,147.94,147.99,147.94,147.99,24.248976
2019-12-08 18:20:00,147.92,147.95,147.89,147.95,46.97298
2019-12-08 18:19:00,147.96,147.96,147.93,147.93,2.006519
2019-12-08 18:18:00,147.9,147.95,147.9,147.95,20.424525
2019-12-08 18:17:00,147.95,147.95,147.88,147.89,78.739852
2019-12-08 18:16:00,147.97,148.02,147.97,147.97,3.587446
2019-12-08 18:15:00,148,148,147.97,147.97,9.565719
2019-12-08 18:14:00,147.93,147.99,147.92,147.99,8.16126
2019-12-08 18:13:00,147.96,147.97,147.9,147.9,35.02885
2019-12-08 18:12:00,148.03,148.03,147.97,147.97,136.675078
2019-12-08 18:11:00,148.09,148.09,147.97,148.02,121.214575
2019-12-08 18:10:00,148.17,148.17,148.08,148.08,11.533223
2019-12-08 18:09:00,148.17,148.19,148.17,148.19,5.257904
2019-12-08 18:08:00,148.17,148.17,148.17,148.17,0.044511
2019-12-08 18:07:00,148.13,148.22,148.12,148.17,105.199663
2019-12-08 18:06:00,148.24,148.24,148.07,148.07,52.449893
2019-12-08 18:05:00,148.41,148.41,148.25,148.25,363.006923
2019-12-08 18:04:00,148.35,148.41,148.35,148.41,74.079951
2019-12-08 18:03:00,148.27,148.35,148.27,148.34,21.363125
2019-12-08 18:02:00,148.2,148.28,148.2,148.27,1.69165
2019-12-08 18:01:00,148.16,148.22,148.16,148.19,26.495777
2019-12-08 18:00:00,148.14,148.16,148.14,148.16,15.014292
2019-12-08 17:59:00,148.14,148.15,148.14,148.14,6.690388
2019-12-08 17:58:00,148.15,148.15,148.14,148.15,1.439909
2019-12-08 17:57:00,148,148.14,148,148.14,36.364964
2019-12-08 17:56:00,147.98,148,147.98,148,0.572746
2019-12-08 17:55:00,147.98,147.98,147.98,147.98,0.391941
2019-12-08 17:54:00,147.98,147.98,147.98,147.98,0
2019-12-08 17:53:00,147.98,147.98,147.97,147.98,3.187687
2019-12-08 17:52:00,147.97,147.98,147.95,147.98,20.767242
2019-12-08 17:51:00,148.05,148.05,148.01,148.01,1.158894
2019-12-08 17:50:00,148.15,148.15,148.04,148.05,357.030123
2019-12-08 17:49:00,148.18,148.19,148.1,148.15,17.129416
2019-12-08 17:48:00,148.18,148.25,148.18,148.18,189.82351
2019-12-08 17:47:00,148.19,148.21,148.14,148.14,280.841957
2019-12-08 17:46:00,148.26,148.26,148.15,148.19,120.695947
2019-12-08 17:45:00,148.13,148.26,148.12,148.26,36.252714
2019-12-08 17:44:00,148.2,148.24,148.12,148.13,197.387032
2019-12-08 17:43:00,148.12,148.2,148.12,148.2,7.180696
2019-12-08 17:42:00,147.91,148.12,147.91,148.12,36.782159
2019-12-08 17:41:00,147.99,147.99,147.87,147.91,82.856806
2019-12-08 17:40:00,148.06,148.06,147.99,147.99,26.372882
2019-12-08 17:39:00,148.1,148.1,148.07,148.07,0.376703
2019-12-08 17:38:00,148.16,148.16,148.08,148.09,91.001387
2019-12-08 17:37:00,148.17,148.17,148.16,148.17,24.979333
2019-12-08 17:36:00,148.13,148.15,148.11,148.15,55.79761
2019-12-08 17:35:00,148.05,148.15,148.05,148.14,86.831434
2019-12-08 17:34:00,147.93,148.13,147.93,148.07,451.187838
2019-12-08 17:33:00,147.95,147.95,147.82,147.93,320.916778
2019-12-08 17:32:00,148.05,148.05,147.96,148,65.78627
2019-12-08 17:31:00,148.1,148.14,148.02,148.02,270.359392
2019-12-08 17:30:00,148.22,148.24,148.08,148.1,92.329206
2019-12-08 17:29:00,148.15,148.26,148.14,148.19,228.661224
2019-12-08 17:28:00,148.06,148.15,148.01,148.14,119.695604
2019-12-08 17:27:00,148.27,148.27,148.06,148.06,71.252017
2019-12-08 17:26:00,148.2,148.27,148.2,148.25,153.71557
2019-12-08 17:25:00,148.5,148.5,148.2,148.2,331.195045
2019-12-08 17:24:00,148.51,148.6,148.44,148.52,227.926842
2019-12-08 17:23:00,148.57,148.7,148.4,148.52,989.394351
2019-12-08 17:22:00,148.35,148.6,148.28,148.6,353.116735
2019-12-08 17:21:00,148.3,148.68,148.3,148.35,1485.56444
2019-12-08 17:20:00,148.12,148.29,148.11,148.29,177.120648
2019-12-08 17:19:00,147.93,148.17,147.93,148.12,278.235405
2019-12-08 17:18:00,147.73,147.9,147.73,147.9,131.596274
2019-12-08 17:17:00,147.68,147.74,147.68,147.73,77.952268
2019-12-08 17:16:00,147.81,147.86,147.67,147.67,698.995973
2019-12-08 17:15:00,147.9,147.96,147.79,147.82,363.57453
2019-12-08 17:14:00,147.58,147.91,147.58,147.9,2216.75554
2019-12-08 17:13:00,147.3,147.72,147.3,147.58,1774.316896
2019-12-08 17:12:00,147.22,147.3,147.16,147.3,675.4367
2019-12-08 17:11:00,147.06,147.47,147.05,147.19,2705.254555
2019-12-08 17:10:00,147.06,147.06,147.05,147.06,26.201703
2019-12-08 17:09:00,147.02,147.06,147.01,147.06,45.790366
2019-12-08 17:08:00,146.93,147.02,146.93,147.02,247.78184
2019-12-08 17:07:00,146.94,146.94,146.93,146.94,43.328973
2019-12-08 17:06:00,146.95,146.95,146.92,146.94,414.671576
2019-12-08 17:05:00,146.96,147,146.95,146.95,82.944127
2019-12-08 17:04:00,146.96,146.98,146.96,146.96,10.903174
2019-12-08 17:03:00,147,147,146.95,146.96,414.76752
2019-12-08 17:02:00,146.97,147,146.97,147,3266.278121
2019-12-08 17:01:00,147,147,146.96,146.96,898.621932
2019-12-08 17:00:00,146.99,147,146.99,147,764.827951
2019-12-08 16:59:00,146.96,147,146.96,146.99,534.512337
2019-12-08 16:58:00,146.97,146.97,146.96,146.97,31.06098
2019-12-08 16:57:00,146.97,146.97,146.97,146.97,31.768486
2019-12-08 16:56:00,146.97,146.97,146.97,146.97,0
2019-12-08 16:55:00,146.97,146.97,146.97,146.97,0
2019-12-08 16:54:00,146.96,146.97,146.96,146.97,9.747057
2019-12-08 16:53:00,146.96,146.96,146.96,146.96,0
2019-12-08 16:52:00,146.97,146.97,146.97,146.97,0.129683
2019-12-08 16:51:00,146.96,146.96,146.96,146.96,1.974774
2019-12-08 16:50:00,146.96,146.96,146.96,146.96,2.390527
2019-12-08 16:49:00,146.97,146.97,146.97,146.97,19.024357
2019-12-08 16:48:00,146.97,146.97,146.97,146.97,0.042846
2019-12-08 16:47:00,146.97,146.97,146.96,146.96,0.488889
2019-12-08 16:46:00,146.97,146.97,146.97,146.97,12.217931
2019-12-08 16:45:00,146.97,146.97,146.97,146.97,1.360821
2019-12-08 16:44:00,146.97,146.97,146.96,146.97,1.285956
2019-12-08 16:43:00,146.99,147,146.95,146.97,148.293375
2019-12-08 16:42:00,147,147,146.99,146.99,2.70208
2019-12-08 16:41:00,146.99,147,146.99,147,172.556254
2019-12-08 16:40:00,146.99,146.99,146.98,146.99,62.989147
2019-12-08 16:39:00,146.98,146.99,146.98,146.98,12.591699
2019-12-08 16:38:00,146.97,146.99,146.97,146.99,25.751014
2019-12-08 16:37:00,146.99,147,146.97,146.97,4.990585
2019-12-08 16:36:00,146.99,147,146.99,146.99,6.875981
2019-12-08 16:35:00,147,147,146.99,146.99,50.865464
2019-12-08 16:34:00,146.99,147,146.99,147,235.969859
2019-12-08 16:33:00,146.99,146.99,146.98,146.99,17.963754
2019-12-08 16:32:00,146.98,146.99,146.98,146.98,65.098267
2019-12-08 16:31:00,146.98,146.99,146.98,146.99,45.440141
2019-12-08 16:30:00,146.99,146.99,146.98,146.99,59.902046
2019-12-08 16:29:00,147,147,146.99,146.99,39.031267
2019-12-08 16:28:00,147,147,146.99,147,720.621011
2019-12-08 16:27:00,147,147,147,147,184.431121
2019-12-08 16:26:00,147,147,147,147,192.110163
2019-12-08 16:25:00,147,147,147,147,68.56852
2019-12-08 16:24:00,146.98,147,146.98,147,229.995591
2019-12-08 16:23:00,146.95,147,146.95,146.99,451.985449
2019-12-08 16:22:00,146.95,146.96,146.95,146.96,3.629695
2019-12-08 16:21:00,146.95,146.96,146.95,146.96,30.100326
2019-12-08 16:20:00,146.96,146.98,146.95,146.96,195.949213
2019-12-08 16:19:00,146.98,147,146.96,146.96,1882.29979
2019-12-08 16:18:00,146.95,146.98,146.95,146.98,14.061579
2019-12-08 16:17:00,146.92,146.97,146.92,146.95,7.502483
2019-12-08 16:16:00,146.91,146.92,146.91,146.91,50.613428
2019-12-08 16:15:00,146.88,146.92,146.88,146.91,343.611468
2019-12-08 16:14:00,146.91,146.91,146.86,146.89,252.964225
2019-12-08 16:13:00,146.91,146.91,146.9,146.91,153.788433
2019-12-08 16:12:00,146.91,146.92,146.9,146.91,42.918248
2019-12-08 16:11:00,146.91,146.92,146.91,146.92,29.463089
2019-12-08 16:10:00,146.92,146.92,146.91,146.92,14.110289
2019-12-08 16:09:00,146.92,146.92,146.91,146.92,0.263409
2019-12-08 16:08:00,146.95,146.95,146.92,146.92,7.417249
2019-12-08 16:07:00,146.94,146.95,146.94,146.95,6.999349
2019-12-08 16:06:00,146.9,146.95,146.9,146.95,48.129369
2019-12-08 16:05:00,146.9,146.9,146.9,146.9,47.802666
2019-12-08 16:04:00,146.91,146.91,146.9,146.9,43.463576
2019-12-08 16:03:00,146.91,146.91,146.91,146.91,15.795754
2019-12-08 16:02:00,146.91,146.91,146.9,146.9,10.09476
2019-12-08 16:01:00,146.98,146.98,146.91,146.91,27.278209
2019-12-08 16:00:00,146.98,146.98,146.97,146.98,7.221756
2019-12-08 15:59:00,146.98,146.98,146.98,146.98,4.008774
2019-12-08 15:58:00,146.98,146.98,146.98,146.98,0.888139
2019-12-08 15:57:00,146.98,146.98,146.96,146.98,60.821549
2019-12-08 15:56:00,146.93,146.97,146.93,146.97,103.01523
2019-12-08 15:55:00,146.92,146.93,146.92,146.93,61.436146
2019-12-08 15:54:00,146.96,146.96,146.93,146.93,23.633564
2019-12-08 15:53:00,146.96,146.96,146.95,146.95,4.763234
2019-12-08 15:52:00,146.91,146.99,146.91,146.96,84.630945
2019-12-08 15:51:00,146.95,146.95,146.91,146.92,57.820816
2019-12-08 15:50:00,146.96,146.96,146.95,146.96,13.975705
2019-12-08 15:49:00,146.96,146.96,146.96,146.96,11.541088
2019-12-08 15:48:00,146.96,146.96,146.96,146.96,0.017896
2019-12-08 15:47:00,146.96,146.96,146.95,146.95,21.796185
2019-12-08 15:46:00,146.96,146.96,146.96,146.96,22.65233
2019-12-08 15:45:00,146.91,147.03,146.91,146.96,97.795321
2019-12-08 15:44:00,146.9,146.91,146.9,146.9,167.304677
2019-12-08 15:43:00,146.9,146.91,146.9,146.9,7.258434
2019-12-08 15:42:00,146.9,146.9,146.9,146.9,0.095118
2019-12-08 15:41:00,146.9,146.92,146.83,146.92,166.778496
2019-12-08 15:40:00,146.9,146.9,146.89,146.9,101.450644
2019-12-08 15:39:00,147.01,147.01,146.87,146.9,581.433759
2019-12-08 15:38:00,147.11,147.11,147.01,147.01,50.235121
2019-12-08 15:37:00,147.1,147.19,147.1,147.19,190.286632
2019-12-08 15:36:00,147.1,147.13,147.1,147.11,114.507484
2019-12-08 15:35:00,147.08,147.11,147.08,147.1,6.287648
2019-12-08 15:34:00,147.08,147.08,147.08,147.08,7.567337
2019-12-08 15:33:00,147.05,147.05,147.04,147.05,79.553858
2019-12-08 15:32:00,147.03,147.09,147.03,147.05,169.187107
2019-12-08 15:31:00,147,147.03,146.99,147.03,37.640033
2019-12-08 15:30:00,147,147,146.99,147,4958.526878
2019-12-08 15:29:00,147,147,146.99,147,187.935855
2019-12-08 15:28:00,146.96,147,146.96,147,106.659553
2019-12-08 15:27:00,146.91,146.98,146.91,146.96,176.463821
2019-12-08 15:26:00,146.91,146.91,146.9,146.9,103.615303
2019-12-08 15:25:00,146.92,146.92,146.91,146.91,112.20997
2019-12-08 15:24:00,146.96,146.96,146.91,146.91,69.077095
2019-12-08 15:23:00,146.96,146.96,146.96,146.96,47.298021
2019-12-08 15:22:00,146.96,146.96,146.96,146.96,80.965049
2019-12-08 15:21:00,146.98,146.98,146.96,146.96,187.09992
2019-12-08 15:20:00,146.97,147,146.97,146.98,169.778228
2019-12-08 15:19:00,146.97,146.97,146.96,146.97,264.456767
2019-12-08 15:18:00,147,147,146.98,146.98,417.383336
2019-12-08 15:17:00,147,147,147,147,277.127285
2019-12-08 15:16:00,147.11,147.11,146.99,147,2672.592937
2019-12-08 15:15:00,147.08,147.12,147.07,147.12,6.420323
2019-12-08 15:14:00,147.11,147.11,147.07,147.08,20.240106
2019-12-08 15:13:00,147.11,147.11,147.1,147.11,28.385338
2019-12-08 15:12:00,147.11,147.11,147.1,147.11,4.032957
2019-12-08 15:11:00,147.1,147.11,147.09,147.11,40.607478
2019-12-08 15:10:00,147.1,147.1,147.1,147.1,0.015493
2019-12-08 15:09:00,147.13,147.13,147.09,147.1,83.167977
2019-12-08 15:08:00,147.15,147.15,147.14,147.14,215.479604
2019-12-08 15:07:00,147.19,147.19,147.15,147.15,43.239304
2019-12-08 15:06:00,147.22,147.22,147.2,147.2,55.624098
2019-12-08 15:05:00,147.19,147.19,147.19,147.19,1.675498
2019-12-08 15:04:00,147.17,147.18,147.17,147.18,5.260592
2019-12-08 15:03:00,147.2,147.2,147.2,147.2,0
2019-12-08 15:02:00,147.15,147.23,147.15,147.2,47.470734
2019-12-08 15:01:00,147.19,147.22,147.14,147.14,32.679648
2019-12-08 15:00:00,147.14,147.19,147.14,147.19,38.303624
2019-12-08 14:59:00,147.14,147.14,147.14,147.14,0
2019-12-08 14:58:00,147.1,147.14,147.1,147.14,48.932099
2019-12-08 14:57:00,147.1,147.1,147.09,147.1,20.475668
2019-12-08 14:56:00,147.1,147.1,147.09,147.09,7.677727
2019-12-08 14:55:00,147.07,147.09,147.07,147.09,2.137139
2019-12-08 14:54:00,147.07,147.07,147.07,147.07,15.491804
2019-12-08 14:53:00,147.06,147.07,147.06,147.07,12.101495
2019-12-08 14:52:00,147.06,147.06,147.06,147.06,0.014
2019-12-08 14:51:00,147.06,147.06,147.06,147.06,5.520269
2019-12-08 14:50:00,147.06,147.06,147.06,147.06,0
2019-12-08 14:49:00,147.06,147.07,147.06,147.06,49.889969
2019-12-08 14:48:00,147.06,147.06,147.06,147.06,3.435903
2019-12-08 14:47:00,147.06,147.06,147.06,147.06,0
2019-12-08 14:46:00,147.06,147.06,147.06,147.06,0
2019-12-08 14:45:00,147.06,147.06,147.06,147.06,2
2019-12-08 14:44:00,147.11,147.11,147.06,147.06,34.925652
2019-12-08 14:43:00,147.11,147.12,147.11,147.11,1.48633
2019-12-08 14:42:00,147.06,147.12,147.05,147.11,17.788111
2019-12-08 14:41:00,147.05,147.06,147.05,147.06,19.48799
2019-12-08 14:40:00,147.05,147.05,147.04,147.05,208.000901
2019-12-08 14:39:00,147.08,147.08,147.06,147.06,18.505901
2019-12-08 14:38:00,147.07,147.09,147.07,147.08,103.788285
2019-12-08 14:37:00,147.06,147.07,147.06,147.07,11.031803
2019-12-08 14:36:00,147.06,147.07,147.06,147.07,1.605933
2019-12-08 14:35:00,147.06,147.06,147.06,147.06,0.066629
2019-12-08 14:34:00,147.09,147.09,147.06,147.06,45.409084
2019-12-08 14:33:00,147.09,147.1,147.09,147.1,2.699436
2019-12-08 14:32:00,147.06,147.09,147.06,147.09,105.28394
2019-12-08 14:31:00,147.04,147.07,147.04,147.06,17.44265
2019-12-08 14:30:00,147.04,147.04,147.03,147.03,0.127718
2019-12-08 14:29:00,147.03,147.04,147.03,147.04,6.072604
2019-12-08 14:28:00,147.07,147.08,147.02,147.02,47.352148
2019-12-08 14:27:00,147.07,147.07,147.07,147.07,20.864978
2019-12-08 14:26:00,147.07,147.08,147.07,147.08,7.486071
2019-12-08 14:25:00,147.07,147.07,147.07,147.07,38.389964
2019-12-08 14:24:00,147.08,147.08,147.08,147.08,0.674474
2019-12-08 14:23:00,147.08,147.08,147.08,147.08,1.765847
2019-12-08 14:22:00,147.1,147.11,147.08,147.08,17.969567
2019-12-08 14:21:00,147.13,147.13,147.09,147.1,45.852412
2019-12-08 14:20:00,147.14,147.14,147.14,147.14,0.254568
2019-12-08 14:19:00,147.14,147.14,147.14,147.14,0.1358
2019-12-08 14:18:00,147.13,147.17,147.13,147.13,12.331847
2019-12-08 14:17:00,147.13,147.13,147.13,147.13,0
2019-12-08 14:16:00,147.13,147.13,147.13,147.13,0.09665
2019-12-08 14:15:00,147.12,147.12,147.12,147.12,0
2019-12-08 14:14:00,147.12,147.13,147.12,147.12,0.457015
2019-12-08 14:13:00,147.13,147.13,147.12,147.12,100.2377
2019-12-08 14:12:00,147.15,147.15,147.13,147.13,41.779645
2019-12-08 14:11:00,147.16,147.16,147.15,147.15,1.796288
2019-12-08 14:10:00,147.16,147.17,147.16,147.17,4.263281
2019-12-08 14:09:00,147.09,147.14,147.09,147.14,90.375464
2019-12-08 14:08:00,147.04,147.08,147.04,147.08,38.019408
2019-12-08 14:07:00,146.95,147.08,146.95,147.04,56.114853
2019-12-08 14:06:00,146.95,146.96,146.95,146.96,2.55897
2019-12-08 14:05:00,146.92,146.95,146.92,146.95,0.126797
2019-12-08 14:04:00,146.92,146.92,146.91,146.91,1.029818
2019-12-08 14:03:00,146.91,146.92,146.91,146.91,0.300616
2019-12-08 14:02:00,146.92,146.92,146.91,146.91,0.784035
2019-12-08 14:01:00,146.92,146.92,146.92,146.92,3.14672
2019-12-08 14:00:00,146.93,146.93,146.92,146.92,0.116428
2019-12-08 13:59:00,146.89,146.93,146.89,146.93,8.337968
2019-12-08 13:58:00,146.9,146.9,146.9,146.9,0
2019-12-08 13:57:00,146.9,146.9,146.9,146.9,0.151102
2019-12-08 13:56:00,146.89,146.89,146.89,146.89,1.656781
2019-12-08 13:55:00,146.89,146.9,146.89,146.9,0.952689
2019-12-08 13:54:00,146.92,146.92,146.89,146.89,0.599581
2019-12-08 13:53:00,146.86,146.93,146.86,146.92,25.135206
2019-12-08 13:52:00,146.89,146.89,146.86,146.86,2.748875
2019-12-08 13:51:00,146.86,146.89,146.85,146.89,64.272586
2019-12-08 13:50:00,146.86,146.86,146.86,146.86,0.501
2019-12-08 13:49:00,146.86,146.86,146.86,146.86,0
2019-12-08 13:48:00,146.85,146.86,146.85,146.86,37.267211
2019-12-08 13:47:00,146.86,146.86,146.86,146.86,0.0771
2019-12-08 13:46:00,146.91,146.91,146.85,146.86,0.673777
2019-12-08 13:45:00,146.88,146.91,146.88,146.91,6.156602
2019-12-08 13:44:00,146.86,146.88,146.86,146.88,4.206149
2019-12-08 13:43:00,146.86,146.86,146.86,146.86,0.464292
2019-12-08 13:42:00,146.86,146.89,146.86,146.86,0.583266
2019-12-08 13:41:00,146.86,146.86,146.85,146.86,0.798185
2019-12-08 13:40:00,146.94,146.94,146.85,146.86,12.873432
2019-12-08 13:39:00,146.94,146.99,146.94,146.97,67.937205
2019-12-08 13:38:00,146.98,146.98,146.94,146.94,23.355651
2019-12-08 13:37:00,146.91,146.97,146.91,146.97,22.964564
2019-12-08 13:36:00,146.92,146.92,146.92,146.92,12.171534
2019-12-08 13:35:00,146.88,146.91,146.88,146.91,0.400643
2019-12-08 13:34:00,146.88,146.88,146.88,146.88,0
2019-12-08 13:33:00,146.85,146.88,146.85,146.88,5.605274
2019-12-08 13:32:00,146.85,146.85,146.84,146.85,87.341276
2019-12-08 13:31:00,146.83,146.83,146.82,146.83,10.553121
2019-12-08 13:30:00,146.9,146.9,146.8,146.82,60.061075
2019-12-08 13:29:00,146.92,146.92,146.92,146.92,0.18251
2019-12-08 13:28:00,147.04,147.04,146.89,146.89,703.224646
2019-12-08 13:27:00,147.04,147.04,147.03,147.03,9.588387
2019-12-08 13:26:00,147.04,147.07,147.03,147.04,39.833942
2019-12-08 13:25:00,147.02,147.04,147.02,147.04,47.48052
2019-12-08 13:24:00,147.02,147.03,147.02,147.03,9.054329
2019-12-08 13:23:00,147.01,147.02,147.01,147.02,0.663889
2019-12-08 13:22:00,147.05,147.05,147.01,147.01,0.187109
2019-12-08 13:21:00,147.07,147.08,147.04,147.05,115.365795
2019-12-08 13:20:00,147.1,147.1,147.07,147.07,40.837758
2019-12-08 13:19:00,147.07,147.1,147.07,147.1,36.131179
2019-12-08 13:18:00,147.05,147.07,147.05,147.07,6.513435
2019-12-08 13:17:00,147.04,147.04,147.04,147.04,0.0384
2019-12-08 13:16:00,147,147.04,146.97,147.04,4.109512
2019-12-08 13:15:00,147.01,147.01,147,147,5.736221
2019-12-08 13:14:00,146.99,147.03,146.99,147.01,14.758375
2019-12-08 13:13:00,146.99,147,146.99,146.99,7.977538
2019-12-08 13:12:00,146.99,146.99,146.99,146.99,1.357216
2019-12-08 13:11:00,146.99,147,146.99,146.99,225.687008
2019-12-08 13:10:00,146.99,147,146.99,146.99,9.565191
2019-12-08 13:09:00,146.99,147,146.98,146.99,214.517676
2019-12-08 13:08:00,146.99,147,146.99,146.99,0.680813
2019-12-08 13:07:00,146.99,146.99,146.99,146.99,51.626585
2019-12-08 13:06:00,147.03,147.03,146.99,146.99,0.019457
2019-12-08 13:05:00,147.03,147.03,147.03,147.03,108.341155
2019-12-08 13:04:00,147.03,147.03,147.03,147.03,0.554323
2019-12-08 13:03:00,147.01,147.03,146.97,147.03,14.788147
2019-12-08 13:02:00,147.01,147.05,147.01,147.02,46.089465
2019-12-08 13:01:00,146.89,147.04,146.89,147.04,108.528913
2019-12-08 13:00:00,146.84,146.89,146.84,146.88,175.057376
2019-12-08 12:59:00,146.98,146.98,146.82,146.84,44.347912
2019-12-08 12:58:00,147.07,147.07,147,147,10.270337
2019-12-08 12:57:00,147.08,147.08,147.07,147.08,16.172132
2019-12-08 12:56:00,147.12,147.12,147.11,147.11,23.86647
2019-12-08 12:55:00,147.13,147.13,147.12,147.12,14.365578
2019-12-08 12:54:00,147.12,147.14,147.11,147.14,81.154083
2019-12-08 12:53:00,147.08,147.16,147.08,147.09,102.078518
2019-12-08 12:52:00,147.07,147.07,147.07,147.07,1.108255
2019-12-08 12:51:00,147.1,147.1,147.06,147.06,63.826386
2019-12-08 12:50:00,147.03,147.15,147.02,147.1,314.395525
2019-12-08 12:49:00,146.98,147.01,146.98,147.01,92.220835
2019-12-08 12:48:00,146.98,146.98,146.98,146.98,6.714691
2019-12-08 12:47:00,146.95,146.98,146.95,146.98,1.484364
2019-12-08 12:46:00,146.94,146.96,146.94,146.95,23.429614
2019-12-08 12:45:00,146.89,146.96,146.89,146.94,99.999179
2019-12-08 12:44:00,146.88,146.96,146.88,146.89,26.519011
2019-12-08 12:43:00,146.87,146.91,146.87,146.88,442.379781
2019-12-08 12:42:00,146.84,146.87,146.83,146.86,96.897454
2019-12-08 12:41:00,146.78,146.84,146.78,146.84,165.090378
2019-12-08 12:40:00,146.74,146.78,146.73,146.74,9.50302
2019-12-08 12:39:00,146.73,146.73,146.73,146.73,0
2019-12-08 12:38:00,146.73,146.74,146.73,146.73,12.092406
2019-12-08 12:37:00,146.73,146.73,146.73,146.73,26.017603
2019-12-08 12:36:00,146.85,146.85,146.78,146.78,253.950729
2019-12-08 12:35:00,146.88,146.9,146.84,146.84,75.145049
2019-12-08 12:34:00,146.89,146.89,146.87,146.87,60.253583
2019-12-08 12:33:00,146.73,146.9,146.73,146.89,43.075326
2019-12-08 12:32:00,146.67,146.73,146.67,146.73,20.651101
2019-12-08 12:31:00,146.68,146.68,146.68,146.68,0.502725
2019-12-08 12:30:00,146.61,146.72,146.61,146.68,21.065859
2019-12-08 12:29:00,146.6,146.61,146.6,146.61,6.934975
2019-12-08 12:28:00,146.58,146.62,146.58,146.61,12.22677
2019-12-08 12:27:00,146.55,146.58,146.55,146.58,23.129856
2019-12-08 12:26:00,146.59,146.59,146.54,146.54,77.31959
2019-12-08 12:25:00,146.53,146.59,146.53,146.59,17.528921
2019-12-08 12:24:00,146.52,146.53,146.52,146.52,18.644123
2019-12-08 12:23:00,146.37,146.51,146.37,146.51,309.654736
2019-12-08 12:22:00,146.37,146.37,146.36,146.37,136.255559
2019-12-08 12:21:00,146.41,146.41,146.36,146.37,74.155936
2019-12-08 12:20:00,146.43,146.44,146.41,146.41,7.910035
2019-12-08 12:19:00,146.41,146.44,146.41,146.44,16.73028
2019-12-08 12:18:00,146.42,146.42,146.39,146.41,165.924446
2019-12-08 12:17:00,146.5,146.5,146.41,146.42,1.162691
2019-12-08 12:16:00,146.51,146.51,146.5,146.5,0.439736
2019-12-08 12:15:00,146.52,146.52,146.52,146.52,0
2019-12-08 12:14:00,146.49,146.52,146.49,146.52,82.160087
2019-12-08 12:13:00,146.48,146.49,146.48,146.49,7.2017
2019-12-08 12:12:00,146.53,146.53,146.47,146.48,26.556068
2019-12-08 12:11:00,146.52,146.53,146.52,146.52,11.404333
2019-12-08 12:10:00,146.53,146.53,146.53,146.53,0
2019-12-08 12:09:00,146.56,146.56,146.52,146.53,10.741489
2019-12-08 12:08:00,146.56,146.57,146.56,146.56,5.113555
2019-12-08 12:07:00,146.57,146.57,146.56,146.56,18.166148
2019-12-08 12:06:00,146.56,146.57,146.56,146.56,5.821938
2019-12-08 12:05:00,146.56,146.56,146.56,146.56,2.997566
2019-12-08 12:04:00,146.56,146.56,146.56,146.56,3.554709
2019-12-08 12:03:00,146.56,146.57,146.56,146.57,3.556542
2019-12-08 12:02:00,146.61,146.63,146.56,146.56,9.212814
2019-12-08 12:01:00,146.63,146.63,146.6,146.6,16.071687
2019-12-08 12:00:00,146.71,146.71,146.63,146.63,98.664059
2019-12-08 11:59:00,146.7,146.72,146.7,146.72,2.940675
2019-12-08 11:58:00,146.7,146.7,146.7,146.7,0.027471
2019-12-08 11:57:00,146.68,146.69,146.68,146.69,13.253437
2019-12-08 11:56:00,146.68,146.68,146.67,146.67,0.877962
2019-12-08 11:55:00,146.63,146.68,146.63,146.68,7.87751
2019-12-08 11:54:00,146.61,146.63,146.61,146.63,20.446926
2019-12-08 11:53:00,146.56,146.61,146.56,146.61,32.103172
2019-12-08 11:52:00,146.55,146.56,146.55,146.56,4.806423
2019-12-08 11:51:00,146.55,146.55,146.55,146.55,58.274705
2019-12-08 11:50:00,146.55,146.55,146.55,146.55,14.371078
2019-12-08 11:49:00,146.56,146.56,146.56,146.56,0.139488
2019-12-08 11:48:00,146.55,146.57,146.55,146.57,29.526618
2019-12-08 11:47:00,146.57,146.57,146.56,146.56,3.800745
2019-12-08 11:46:00,146.47,146.56,146.47,146.56,31.469349
2019-12-08 11:45:00,146.52,146.52,146.47,146.47,99.100456
2019-12-08 11:44:00,146.53,146.53,146.52,146.53,6.156076
2019-12-08 11:43:00,146.6,146.6,146.55,146.57,44.423835
2019-12-08 11:42:00,146.65,146.65,146.6,146.6,7.306493
2019-12-08 11:41:00,146.67,146.67,146.63,146.64,82.316944
2019-12-08 11:40:00,146.64,146.68,146.6,146.67,201.099744
2019-12-08 11:39:00,146.66,146.68,146.64,146.64,17.594902
2019-12-08 11:38:00,146.5,146.63,146.5,146.63,25.270806
2019-12-08 11:37:00,146.51,146.51,146.48,146.5,44.598475
2019-12-08 11:36:00,146.49,146.55,146.44,146.55,131.352029
2019-12-08 11:35:00,146.43,146.53,146.42,146.5,383.948193
2019-12-08 11:34:00,146.67,146.67,146.12,146.43,2442.860842
2019-12-08 11:33:00,146.69,146.69,146.65,146.68,25.07411
2019-12-08 11:32:00,146.83,146.83,146.69,146.69,18.426978
2019-12-08 11:31:00,146.88,146.88,146.8,146.84,174.012112
2019-12-08 11:30:00,146.92,146.93,146.87,146.87,15.594519
2019-12-08 11:29:00,147,147,147,147,0.040926
2019-12-08 11:28:00,147.03,147.03,147,147,8.917868
2019-12-08 11:27:00,147.08,147.08,147.05,147.05,16.507389
2019-12-08 11:26:00,147.08,147.09,147.08,147.09,101.899903
2019-12-08 11:25:00,147.11,147.11,147.11,147.11,2.458325
2019-12-08 11:24:00,147.06,147.12,147.06,147.12,20.925483
2019-12-08 11:23:00,146.99,147.05,146.99,147.05,1.749958
2019-12-08 11:22:00,146.88,146.99,146.88,146.99,27.605644
2019-12-08 11:21:00,146.87,146.88,146.87,146.88,3.221068
2019-12-08 11:20:00,146.83,146.88,146.83,146.87,14.333665
2019-12-08 11:19:00,146.85,146.85,146.81,146.82,58.000957
2019-12-08 11:18:00,146.86,146.86,146.83,146.85,13.110708
2019-12-08 11:17:00,147.01,147.01,146.85,146.85,876.858975
2019-12-08 11:16:00,147.02,147.07,147.02,147.04,22.117945
2019-12-08 11:15:00,147.07,147.08,146.89,147.01,982.887519
2019-12-08 11:14:00,147.08,147.08,147.07,147.08,0.202199
2019-12-08 11:13:00,147.08,147.08,147.08,147.08,11.363429
2019-12-08 11:12:00,147.13,147.14,147.09,147.09,90.641363
2019-12-08 11:11:00,147.15,147.15,147.11,147.13,91.970632
2019-12-08 11:10:00,147.16,147.16,147.15,147.15,8.639204
2019-12-08 11:09:00,147.17,147.17,147.17,147.17,2.963658
2019-12-08 11:08:00,147.17,147.18,147.16,147.17,111.009955
2019-12-08 11:07:00,147.18,147.18,147.16,147.16,4.986971
2019-12-08 11:06:00,147.18,147.18,147.15,147.16,33.854745
2019-12-08 11:05:00,147.19,147.19,147.18,147.19,1.620969
2019-12-08 11:04:00,147.19,147.19,147.19,147.19,0.739685
2019-12-08 11:03:00,147.18,147.18,147.18,147.18,0.466202
2019-12-08 11:02:00,147.19,147.19,147.18,147.18,0.732484
2019-12-08 11:01:00,147.19,147.19,147.18,147.19,0.168082
2019-12-08 11:00:00,147.16,147.16,147.14,147.14,21.431562
2019-12-08 10:59:00,147.17,147.17,147.16,147.17,11.924971
2019-12-08 10:58:00,147.17,147.18,147.16,147.18,28.816437
2019-12-08 10:57:00,147.16,147.17,147.16,147.17,17.988919
2019-12-08 10:56:00,147.15,147.16,147.15,147.16,6.562081
2019-12-08 10:55:00,147.16,147.16,147.15,147.16,4.074489
2019-12-08 10:54:00,147.16,147.16,147.15,147.16,9.437939
2019-12-08 10:53:00,147.14,147.16,147.14,147.16,16.221339
2019-12-08 10:52:00,147.15,147.15,147.15,147.15,1.723347
2019-12-08 10:51:00,147.16,147.18,147.14,147.14,76.765283
2019-12-08 10:50:00,147.16,147.16,147.15,147.15,20.530717
2019-12-08 10:49:00,147.13,147.13,147.13,147.13,0
2019-12-08 10:48:00,147.1,147.15,147.1,147.13,3.907736
2019-12-08 10:47:00,147.11,147.12,147.11,147.12,1.03435
2019-12-08 10:46:00,147.03,147.09,147.03,147.06,25.666837
2019-12-08 10:45:00,147.1,147.1,147.01,147.01,64.072425
2019-12-08 10:44:00,147.12,147.12,147.09,147.09,0.242778
2019-12-08 10:43:00,147.12,147.12,147.12,147.12,7.171864
2019-12-08 10:42:00,147.13,147.15,147.13,147.15,11.847565
2019-12-08 10:41:00,147.14,147.15,147.13,147.13,2.787652
2019-12-08 10:40:00,147.13,147.15,147.13,147.15,13.788139
2019-12-08 10:39:00,147.12,147.14,147.12,147.14,82.306615
2019-12-08 10:38:00,147.16,147.16,147.13,147.13,35.814322
2019-12-08 10:37:00,147.18,147.23,147.17,147.17,0.53433
2019-12-08 10:36:00,147.14,147.22,147.14,147.17,51.691701
2019-12-08 10:35:00,147.16,147.16,147.11,147.13,32.716805
2019-12-08 10:34:00,147.2,147.2,147.16,147.16,8.037748
2019-12-08 10:33:00,147.21,147.25,147.21,147.25,8.09791
2019-12-08 10:32:00,147.22,147.22,147.18,147.21,6.512524
2019-12-08 10:31:00,147.25,147.25,147.22,147.22,27.572901
2019-12-08 10:30:00,147.2,147.24,147.18,147.21,102.607565
2019-12-08 10:29:00,147.21,147.21,147.15,147.18,9.24706
2019-12-08 10:28:00,147.25,147.26,147.22,147.22,3.053531
2019-12-08 10:27:00,147.16,147.25,147.12,147.25,1.727648
2019-12-08 10:26:00,147.07,147.17,147.07,147.17,19.394468
2019-12-08 10:25:00,147.06,147.07,147,147.03,30.258863
2019-12-08 10:24:00,147.15,147.15,147.07,147.07,15.578658
2019-12-08 10:23:00,147.03,147.22,147.02,147.17,865.708507
2019-12-08 10:22:00,147.11,147.15,146.99,147.04,238.652189
2019-12-08 10:21:00,147.23,147.23,147.02,147.07,128.172679
2019-12-08 10:20:00,147.18,147.23,147.16,147.23,20.916406
2019-12-08 10:19:00,147.3,147.36,147.19,147.2,46.703303
2019-12-08 10:18:00,147.34,147.34,147.28,147.28,172.65863
2019-12-08 10:17:00,147.36,147.36,147.34,147.35,25.584591
2019-12-08 10:16:00,147.37,147.37,147.36,147.36,3.224355
2019-12-08 10:15:00,147.25,147.37,147.25,147.36,79.23522
2019-12-08 10:14:00,147.22,147.23,147.22,147.23,45.217065
2019-12-08 10:13:00,147.19,147.23,147.19,147.22,8.817313
2019-12-08 10:12:00,147.24,147.24,147.19,147.19,14.556753
2019-12-08 10:11:00,147.25,147.25,147.24,147.24,1.732097
2019-12-08 10:10:00,147.24,147.25,147.24,147.24,0.870235
2019-12-08 10:09:00,147.24,147.25,147.24,147.24,0.46993
2019-12-08 10:08:00,147.25,147.25,147.25,147.25,2.037153
2019-12-08 10:07:00,147.25,147.25,147.25,147.25,65.938761
2019-12-08 10:06:00,147.2,147.27,147.2,147.25,76.442279
2019-12-08 10:05:00,147.22,147.24,147.16,147.24,117.742381
2019-12-08 10:04:00,147.23,147.23,147.18,147.23,68.211886
2019-12-08 10:03:00,147.23,147.23,147.23,147.23,0.075083
2019-12-08 10:02:00,147.3,147.3,147.24,147.24,1.687143
2019-12-08 10:01:00,147.35,147.35,147.35,147.35,0
2019-12-08 10:00:00,147.4,147.41,147.34,147.35,107.27268
2019-12-08 09:59:00,147.42,147.42,147.39,147.41,48.964881
2019-12-08 09:58:00,147.42,147.42,147.42,147.42,24.752947
2019-12-08 09:57:00,147.42,147.42,147.42,147.42,55.468849
2019-12-08 09:56:00,147.43,147.43,147.42,147.42,12.423972
2019-12-08 09:55:00,147.4,147.46,147.4,147.43,121.538561
2019-12-08 09:54:00,147.41,147.41,147.39,147.4,42.600883
2019-12-08 09:53:00,147.39,147.4,147.39,147.4,5.235415
2019-12-08 09:52:00,147.37,147.41,147.36,147.37,15.951954
2019-12-08 09:51:00,147.34,147.37,147.34,147.37,16.744455
2019-12-08 09:50:00,147.3,147.35,147.3,147.35,5.135952
2019-12-08 09:49:00,147.29,147.29,147.29,147.29,0.125394
2019-12-08 09:48:00,147.18,147.29,147.18,147.26,59.399276
2019-12-08 09:47:00,147.19,147.21,147.16,147.17,63.339041
2019-12-08 09:46:00,147.18,147.19,147.18,147.19,0.0458
2019-12-08 09:45:00,147.18,147.19,147.18,147.19,2.437036
2019-12-08 09:44:00,147.23,147.23,147.17,147.19,15.844215
2019-12-08 09:43:00,147.3,147.3,147.23,147.23,14.134654
2019-12-08 09:42:00,147.28,147.34,147.28,147.29,3.303734
2019-12-08 09:41:00,147.27,147.33,147.27,147.27,10.716643
2019-12-08 09:40:00,147.3,147.3,147.28,147.28,2.74842
2019-12-08 09:39:00,147.3,147.3,147.25,147.26,16.995367
2019-12-08 09:38:00,147.26,147.33,147.26,147.32,29.567967
2019-12-08 09:37:00,147.3,147.32,147.3,147.3,44.44513
2019-12-08 09:36:00,147.22,147.31,147.22,147.3,25.077544
2019-12-08 09:35:00,147.22,147.22,147.21,147.22,1.020701
2019-12-08 09:34:00,147.22,147.22,147.22,147.22,16.9766
2019-12-08 09:33:00,147.11,147.25,147.11,147.25,181.850366
2019-12-08 09:32:00,147.11,147.11,147.1,147.11,16.75636
2019-12-08 09:31:00,147.11,147.11,147.11,147.11,0.022333
2019-12-08 09:30:00,147.12,147.14,147.12,147.12,47.706029
2019-12-08 09:29:00,147.11,147.15,147.11,147.12,0.146277
2019-12-08 09:28:00,147.07,147.1,147.07,147.1,0.635618
2019-12-08 09:27:00,147.16,147.16,147.08,147.13,71.705499
2019-12-08 09:26:00,147.17,147.21,147.15,147.2,84.650761
2019-12-08 09:25:00,147.2,147.2,147.17,147.18,78.365492
2019-12-08 09:24:00,147.17,147.23,147.14,147.2,29.183179
2019-12-08 09:23:00,147.21,147.21,147.2,147.2,0.504315
2019-12-08 09:22:00,147.16,147.22,147.16,147.21,21.092249
2019-12-08 09:21:00,147.14,147.16,147.1,147.16,109.455628
2019-12-08 09:20:00,147.13,147.14,147.1,147.13,7.751631
2019-12-08 09:19:00,147.03,147.1,147.03,147.1,86.846431
2019-12-08 09:18:00,147.03,147.07,147.02,147.03,4.577746
2019-12-08 09:17:00,147.15,147.15,147.04,147.07,70.590383
2019-12-08 09:16:00,147.24,147.24,147.16,147.16,91.568809
2019-12-08 09:15:00,147.27,147.29,147.24,147.25,9.282797
2019-12-08 09:14:00,147.32,147.33,147.24,147.28,18.457358
2019-12-08 09:13:00,147.13,147.34,147.13,147.3,118.928929
2019-12-08 09:12:00,147.14,147.15,147.09,147.15,9.367157
2019-12-08 09:11:00,147.08,147.18,147.08,147.14,146.78431
2019-12-08 09:10:00,147.12,147.12,147.04,147.08,232.042191
2019-12-08 09:09:00,147.24,147.24,147.1,147.11,68.462986
2019-12-08 09:08:00,147.25,147.29,147.23,147.24,92.884476
2019-12-08 09:07:00,147.16,147.28,147.15,147.25,316.690387
2019-12-08 09:06:00,147.21,147.21,147.15,147.19,9.820051
2019-12-08 09:05:00,147.12,147.23,147.11,147.21,61.089008
2019-12-08 09:04:00,147.12,147.27,147.11,147.11,241.760434
2019-12-08 09:03:00,147.37,147.39,147.15,147.15,385.956645
2019-12-08 09:02:00,147.4,147.4,147.39,147.39,32.475095
2019-12-08 09:01:00,147.42,147.42,147.33,147.39,157.04611
2019-12-08 09:00:00,147.42,147.47,147.41,147.41,6.24087
2019-12-08 08:59:00,147.37,147.44,147.37,147.44,21.915379
2019-12-08 08:58:00,147.39,147.39,147.34,147.36,5.192084
2019-12-08 08:57:00,147.46,147.46,147.39,147.39,13.667647
2019-12-08 08:56:00,147.5,147.5,147.47,147.47,0.127525
2019-12-08 08:55:00,147.5,147.5,147.5,147.5,0.0012
2019-12-08 08:54:00,147.43,147.46,147.43,147.45,4.911193
2019-12-08 08:53:00,147.41,147.43,147.41,147.42,5.356555
2019-12-08 08:52:00,147.46,147.46,147.4,147.4,118.482324
2019-12-08 08:51:00,147.54,147.57,147.47,147.47,33.26734
2019-12-08 08:50:00,147.48,147.56,147.48,147.53,24.229453
2019-12-08 08:49:00,147.56,147.57,147.48,147.48,63.823637
2019-12-08 08:48:00,147.3,147.54,147.3,147.54,114.937704
2019-12-08 08:47:00,147.19,147.33,147.19,147.3,30.887298
2019-12-08 08:46:00,147.1,147.18,147.09,147.18,5.150319
2019-12-08 08:45:00,147.14,147.14,147.09,147.1,1.857022
2019-12-08 08:44:00,147.07,147.14,147.07,147.14,28.664615
2019-12-08 08:43:00,147.02,147.07,147.01,147.07,22.955218
2019-12-08 08:42:00,147.11,147.11,147,147.02,48.406286
2019-12-08 08:41:00,147.2,147.2,147.1,147.1,1.793178
2019-12-08 08:40:00,147.3,147.3,147.17,147.18,88.089458
2019-12-08 08:39:00,147.16,147.29,147.16,147.29,37.5151
2019-12-08 08:38:00,147.1,147.19,147.08,147.14,41.622705
2019-12-08 08:37:00,147.24,147.24,147.05,147.1,197.683841
2019-12-08 08:36:00,147.17,147.31,147.14,147.25,446.144117
2019-12-08 08:35:00,146.89,147.17,146.83,147.14,536.189597
2019-12-08 08:34:00,146.95,147.09,146.88,146.89,595.688315
2019-12-08 08:33:00,146.98,146.98,146.94,146.95,5.530481
2019-12-08 08:32:00,147.15,147.15,146.97,147.02,37.252393
2019-12-08 08:31:00,147.15,147.16,147.15,147.15,1.921927
2019-12-08 08:30:00,147.17,147.19,147.16,147.16,14.096205
2019-12-08 08:29:00,147.17,147.17,147.16,147.16,3.595259
2019-12-08 08:28:00,147.16,147.16,147.16,147.16,7.52061
2019-12-08 08:27:00,147.21,147.21,147.16,147.16,101.420858
2019-12-08 08:26:00,147.18,147.23,147.18,147.23,2.233148
2019-12-08 08:25:00,147.21,147.21,147.17,147.17,104.236762
2019-12-08 08:24:00,147.22,147.22,147.22,147.22,4.96569
2019-12-08 08:23:00,147.15,147.17,147.15,147.17,24.153027
2019-12-08 08:22:00,147.21,147.21,147.16,147.16,5.573896
2019-12-08 08:21:00,147.26,147.26,147.24,147.24,29.299283
2019-12-08 08:20:00,147.23,147.26,147.23,147.26,9.307326
2019-12-08 08:19:00,147.2,147.23,147.2,147.23,10.248638
2019-12-08 08:18:00,147.1,147.18,147.1,147.18,35.717854
2019-12-08 08:17:00,147.24,147.24,147.12,147.12,25.725339
2019-12-08 08:16:00,147.4,147.4,147.25,147.25,20.572055
2019-12-08 08:15:00,147.35,147.41,147.35,147.4,0.399256
2019-12-08 08:14:00,147.29,147.35,147.29,147.35,0.681732
2019-12-08 08:13:00,147.14,147.29,147.14,147.29,567.292466
2019-12-08 08:12:00,147.11,147.15,147.11,147.14,5.505462
2019-12-08 08:11:00,147.1,147.11,147.1,147.11,3.971249
2019-12-08 08:10:00,146.67,147.14,146.67,147.1,799.143799
2019-12-08 08:09:00,146.95,146.95,146.63,146.66,768.57401
2019-12-08 08:08:00,146.99,146.99,146.88,146.95,67.288659
2019-12-08 08:07:00,146.92,147,146.81,147,279.086359
2019-12-08 08:06:00,146.96,146.96,146.92,146.93,0.459518
2019-12-08 08:05:00,146.96,146.96,146.96,146.96,2.164664
2019-12-08 08:04:00,146.97,146.97,146.96,146.97,3.048823
2019-12-08 08:03:00,146.95,147.04,146.95,146.96,76.305817
2019-12-08 08:02:00,146.99,147,146.92,146.94,299.022097
2019-12-08 08:01:00,147.06,147.06,146.98,146.98,33.524668
2019-12-08 08:00:00,147.15,147.15,147,147.06,536.727157
2019-12-08 07:59:00,147.11,147.12,147.1,147.12,39.22721
2019-12-08 07:58:00,147.16,147.21,147.1,147.1,115.333007
2019-12-08 07:57:00,147.16,147.16,147.16,147.16,0.39532
2019-12-08 07:56:00,147.18,147.19,147.14,147.16,71.01714
2019-12-08 07:55:00,147.14,147.28,147.14,147.19,300.785221
2019-12-08 07:54:00,147.15,147.15,147.13,147.14,0.2014
2019-12-08 07:53:00,147.1,147.17,147.1,147.17,12.793523
2019-12-08 07:52:00,147.1,147.11,147.1,147.11,26.52522
2019-12-08 07:51:00,147.1,147.1,147.1,147.1,3.351734
2019-12-08 07:50:00,147.08,147.1,147.08,147.1,4.797116
2019-12-08 07:49:00,147.05,147.17,147.05,147.11,7.912996
2019-12-08 07:48:00,147.21,147.21,147.05,147.05,0.416535
2019-12-08 07:47:00,147.11,147.2,147.11,147.2,54.364513
2019-12-08 07:46:00,147.02,147.07,147.02,147.07,3.177494
2019-12-08 07:45:00,147.08,147.08,147.01,147.02,0.039054
2019-12-08 07:44:00,147.06,147.1,147.06,147.08,5.790605
2019-12-08 07:43:00,147.05,147.11,147.05,147.05,20.797987
2019-12-08 07:42:00,147.15,147.15,147.05,147.05,5.483813
2019-12-08 07:41:00,147.21,147.21,147.15,147.15,113.467572
2019-12-08 07:40:00,147.21,147.21,147.21,147.21,0.12418
2019-12-08 07:39:00,147.2,147.21,147.2,147.21,404.244052
2019-12-08 07:38:00,147.21,147.21,147.2,147.2,6.347456
2019-12-08 07:37:00,147.18,147.28,147.16,147.28,45.114896
2019-12-08 07:36:00,147.28,147.28,147.19,147.19,14.56905
2019-12-08 07:35:00,147.32,147.32,147.28,147.28,9.196327
2019-12-08 07:34:00,147.33,147.33,147.32,147.32,6.305009
2019-12-08 07:33:00,147.3,147.33,147.3,147.33,36.864289
2019-12-08 07:32:00,147.33,147.33,147.33,147.33,0
2019-12-08 07:31:00,147.32,147.33,147.32,147.33,0.017877
2019-12-08 07:30:00,147.35,147.43,147.33,147.33,3.856259
2019-12-08 07:29:00,147.42,147.42,147.35,147.35,26.983127
2019-12-08 07:28:00,147.43,147.43,147.43,147.43,36.505433
2019-12-08 07:27:00,147.43,147.43,147.43,147.43,0
2019-12-08 07:26:00,147.44,147.49,147.43,147.43,25.231097
2019-12-08 07:25:00,147.47,147.47,147.44,147.44,40.018906
2019-12-08 07:24:00,147.48,147.48,147.48,147.48,2.648127
2019-12-08 07:23:00,147.48,147.48,147.47,147.47,6.354334
2019-12-08 07:22:00,147.49,147.49,147.49,147.49,4.269872
2019-12-08 07:21:00,147.51,147.51,147.49,147.49,0.264126
2019-12-08 07:20:00,147.47,147.51,147.47,147.51,55.707579
2019-12-08 07:19:00,147.55,147.55,147.42,147.44,140.827275
2019-12-08 07:18:00,147.41,147.51,147.41,147.51,121.856941
2019-12-08 07:17:00,147.42,147.42,147.37,147.39,13.463667
2019-12-08 07:16:00,147.41,147.41,147.41,147.41,0.68041
2019-12-08 07:15:00,147.47,147.47,147.42,147.44,13.191902
2019-12-08 07:14:00,147.43,147.43,147.43,147.43,0.00588
2019-12-08 07:13:00,147.4,147.41,147.4,147.41,0.183431
2019-12-08 07:12:00,147.38,147.4,147.38,147.4,2.786381
2019-12-08 07:11:00,147.38,147.38,147.38,147.38,4.003242
2019-12-08 07:10:00,147.45,147.45,147.38,147.39,13.497806
2019-12-08 07:09:00,147.41,147.41,147.41,147.41,0.006737
2019-12-08 07:08:00,147.42,147.42,147.42,147.42,0.060325
2019-12-08 07:07:00,147.37,147.42,147.37,147.42,18.247631
2019-12-08 07:06:00,147.41,147.42,147.41,147.41,0.411526
2019-12-08 07:05:00,147.39,147.47,147.39,147.41,13.687009
2019-12-08 07:04:00,147.5,147.58,147.32,147.41,164.291345
2019-12-08 07:03:00,147.69,147.69,147.49,147.5,228.05219
2019-12-08 07:02:00,147.67,147.68,147.67,147.68,3.15495
2019-12-08 07:01:00,147.61,147.67,147.61,147.67,30.928127
2019-12-08 07:00:00,147.61,147.61,147.6,147.61,0.856503
2019-12-08 06:59:00,147.59,147.61,147.59,147.61,10.249176
2019-12-08 06:58:00,147.59,147.6,147.58,147.59,6.283955
2019-12-08 06:57:00,147.59,147.59,147.58,147.58,7.895174
2019-12-08 06:56:00,147.58,147.58,147.58,147.58,0.091716
2019-12-08 06:55:00,147.6,147.6,147.6,147.6,0
2019-12-08 06:54:00,147.6,147.6,147.6,147.6,0
2019-12-08 06:53:00,147.59,147.6,147.59,147.6,0.392856
2019-12-08 06:52:00,147.58,147.58,147.58,147.58,1.232078
2019-12-08 06:51:00,147.61,147.61,147.58,147.58,0.129164
2019-12-08 06:50:00,147.59,147.61,147.59,147.61,3.508218
2019-12-08 06:49:00,147.61,147.61,147.61,147.61,0.018876
2019-12-08 06:48:00,147.62,147.62,147.61,147.61,13.301784
2019-12-08 06:47:00,147.62,147.62,147.62,147.62,0.69713
2019-12-08 06:46:00,147.62,147.62,147.6,147.62,2.954236
2019-12-08 06:45:00,147.59,147.64,147.59,147.62,31.108341
2019-12-08 06:44:00,147.58,147.62,147.58,147.59,14.626364
2019-12-08 06:43:00,147.55,147.57,147.53,147.57,21.655317
2019-12-08 06:42:00,147.47,147.52,147.47,147.52,8.106584
2019-12-08 06:41:00,147.49,147.49,147.47,147.48,21.036554
2019-12-08 06:40:00,147.5,147.5,147.5,147.5,0.676571
2019-12-08 06:39:00,147.49,147.49,147.49,147.49,4.129093
2019-12-08 06:38:00,147.47,147.48,147.47,147.48,24.890895
2019-12-08 06:37:00,147.48,147.48,147.48,147.48,0
2019-12-08 06:36:00,147.47,147.48,147.47,147.48,3.219068
2019-12-08 06:35:00,147.43,147.49,147.43,147.47,9.152721
2019-12-08 06:34:00,147.43,147.44,147.43,147.44,2.979166
2019-12-08 06:33:00,147.43,147.43,147.43,147.43,0.082929
2019-12-08 06:32:00,147.44,147.44,147.44,147.44,6.043309
2019-12-08 06:31:00,147.42,147.46,147.42,147.44,12.793946
2019-12-08 06:30:00,147.42,147.42,147.42,147.42,0
2019-12-08 06:29:00,147.41,147.42,147.38,147.42,34.001295
2019-12-08 06:28:00,147.42,147.42,147.42,147.42,7.910228
2019-12-08 06:27:00,147.42,147.42,147.41,147.41,1.770767
2019-12-08 06:26:00,147.41,147.41,147.41,147.41,0.012
2019-12-08 06:25:00,147.39,147.42,147.39,147.39,0.337865
2019-12-08 06:24:00,147.38,147.38,147.38,147.38,0.951487
2019-12-08 06:23:00,147.38,147.41,147.38,147.41,4.062019
2019-12-08 06:22:00,147.32,147.37,147.32,147.37,2.655198
2019-12-08 06:21:00,147.36,147.36,147.31,147.31,1.116964
2019-12-08 06:20:00,147.38,147.39,147.38,147.39,29.446803
2019-12-08 06:19:00,147.39,147.39,147.39,147.39,1.162278
2019-12-08 06:18:00,147.39,147.41,147.39,147.39,6.611306
2019-12-08 06:17:00,147.39,147.39,147.39,147.39,1.569352
2019-12-08 06:16:00,147.41,147.41,147.4,147.4,0.121896
2019-12-08 06:15:00,147.56,147.56,147.46,147.46,32.240013
2019-12-08 06:14:00,147.56,147.56,147.54,147.55,20.60457
2019-12-08 06:13:00,147.62,147.62,147.54,147.56,14.736025
2019-12-08 06:12:00,147.47,147.63,147.47,147.63,118.706628
2019-12-08 06:11:00,147.45,147.48,147.45,147.48,20.423714
2019-12-08 06:10:00,147.36,147.43,147.35,147.43,77.709402
2019-12-08 06:09:00,147.38,147.38,147.36,147.37,60.189043
2019-12-08 06:08:00,147.24,147.39,147.24,147.38,68.909297
2019-12-08 06:07:00,147.1,147.28,147.1,147.25,41.438465
2019-12-08 06:06:00,147.05,147.1,147.05,147.1,0.404216
2019-12-08 06:05:00,147.04,147.05,147.04,147.05,8.388273
2019-12-08 06:04:00,147.04,147.05,147.04,147.04,8.744121
2019-12-08 06:03:00,147.05,147.05,147.04,147.04,14.429448
2019-12-08 06:02:00,147.02,147.04,146.94,147.04,303.514806
2019-12-08 06:01:00,146.92,147.03,146.92,147.01,58.677955
2019-12-08 06:00:00,146.95,146.95,146.89,146.92,16.179045
2019-12-08 05:59:00,146.95,146.95,146.95,146.95,0.059848
2019-12-08 05:58:00,146.95,146.98,146.95,146.98,6.100438
2019-12-08 05:57:00,146.95,146.95,146.95,146.95,0
2019-12-08 05:56:00,146.97,146.97,146.94,146.95,2.49883
2019-12-08 05:55:00,146.97,146.97,146.97,146.97,0.0402
2019-12-08 05:54:00,146.97,146.97,146.94,146.94,17.212283
2019-12-08 05:53:00,146.97,146.98,146.97,146.98,0.114449
2019-12-08 05:52:00,146.88,147.01,146.85,146.96,156.623141
2019-12-08 05:51:00,147.04,147.04,146.89,146.89,6.636851
2019-12-08 05:50:00,147.04,147.04,147.04,147.04,0.364224
2019-12-08 05:49:00,147.05,147.05,147.05,147.05,0.03143
2019-12-08 05:48:00,147.05,147.05,147.05,147.05,0
2019-12-08 05:47:00,147.05,147.05,147.05,147.05,0
2019-12-08 05:46:00,147.05,147.05,147.05,147.05,0
2019-12-08 05:45:00,147.09,147.09,147.04,147.05,2.526842
2019-12-08 05:44:00,147.11,147.11,147.1,147.1,4.079254
2019-12-08 05:43:00,147.12,147.12,147.08,147.11,9.504175
2019-12-08 05:42:00,147.08,147.13,147.08,147.12,8.818084
2019-12-08 05:41:00,147.13,147.13,147.08,147.08,0.235161
2019-12-08 05:40:00,147.09,147.13,147.09,147.13,5.922297
2019-12-08 05:39:00,147.08,147.08,147.08,147.08,1.717497
2019-12-08 05:38:00,147.07,147.09,147.07,147.09,15.076323
2019-12-08 05:37:00,147.07,147.07,147.07,147.07,1.671659
2019-12-08 05:36:00,147.12,147.12,147.07,147.07,79.538067
2019-12-08 05:35:00,147.12,147.12,147.11,147.11,5.303635
2019-12-08 05:34:00,147.11,147.12,147.11,147.12,1.924383
2019-12-08 05:33:00,147.1,147.12,147.1,147.11,33.010476
2019-12-08 05:32:00,147.1,147.1,147.1,147.1,1.198348
2019-12-08 05:31:00,147.11,147.11,147.11,147.11,6.304718
2019-12-08 05:30:00,147.11,147.12,147.08,147.12,47.826689
2019-12-08 05:29:00,147.07,147.11,147.05,147.1,17.402814
2019-12-08 05:28:00,147.04,147.04,147.04,147.04,3.456248
2019-12-08 05:27:00,147.07,147.07,147.04,147.04,0.174128
2019-12-08 05:26:00,147.07,147.08,147.07,147.08,12.705282
2019-12-08 05:25:00,147.07,147.07,147.03,147.04,2.320087
2019-12-08 05:24:00,147.07,147.07,147.07,147.07,0
2019-12-08 05:23:00,147.11,147.11,147.07,147.07,9.176695
2019-12-08 05:22:00,146.95,147.11,146.95,147.11,28.733053
2019-12-08 05:21:00,146.97,146.98,146.95,146.95,32.124984
2019-12-08 05:20:00,147.02,147.02,146.93,146.95,9.473152
2019-12-08 05:19:00,147.04,147.04,147.01,147.01,3.00733
2019-12-08 05:18:00,147.11,147.11,147.04,147.05,8.141795
2019-12-08 05:17:00,147.09,147.13,147.09,147.12,21.192039
2019-12-08 05:16:00,146.88,147.23,146.82,147.08,488.14078
2019-12-08 05:15:00,146.95,146.95,146.85,146.87,93.296524
2019-12-08 05:14:00,147.03,147.03,146.86,146.97,480.42752
2019-12-08 05:13:00,147.05,147.05,147.02,147.03,9.67122
2019-12-08 05:12:00,147.11,147.11,147.05,147.05,21.836464
2019-12-08 05:11:00,147.08,147.13,147.08,147.13,7.10955
2019-12-08 05:10:00,147.08,147.08,147.08,147.08,22.727858
2019-12-08 05:09:00,147.09,147.09,147.07,147.08,24.555532
2019-12-08 05:08:00,147.11,147.14,147.1,147.1,38.85159
2019-12-08 05:07:00,147.11,147.12,147.11,147.11,14.829023
2019-12-08 05:06:00,147.15,147.15,147.1,147.11,48.942781
2019-12-08 05:05:00,147.05,147.15,147.05,147.15,11.841837
2019-12-08 05:04:00,147.06,147.06,147.05,147.05,63.896201
2019-12-08 05:03:00,147.09,147.09,147.06,147.06,17.687455
2019-12-08 05:02:00,147.02,147.13,147,147.1,121.931828
2019-12-08 05:01:00,147.14,147.14,147,147.03,206.053419
2019-12-08 05:00:00,147.25,147.25,147.14,147.14,12.32415
2019-12-08 04:59:00,147.26,147.26,147.26,147.26,10.593032
2019-12-08 04:58:00,147.38,147.39,147.38,147.38,1.777164
2019-12-08 04:57:00,147.3,147.35,147.3,147.35,49.407098
2019-12-08 04:56:00,147.29,147.3,147.29,147.3,8.774366
2019-12-08 04:55:00,147.32,147.32,147.28,147.3,0.912687
2019-12-08 04:54:00,147.36,147.36,147.36,147.36,0.160658
2019-12-08 04:53:00,147.46,147.46,147.37,147.37,26.679096
2019-12-08 04:52:00,147.23,147.5,147.23,147.46,180.737844
2019-12-08 04:51:00,147.23,147.26,147.23,147.23,31.844682
2019-12-08 04:50:00,147.16,147.25,147.16,147.25,7.767432
2019-12-08 04:49:00,147.15,147.17,147.15,147.16,151.120404
2019-12-08 04:48:00,147.25,147.25,147.18,147.18,20.111778
2019-12-08 04:47:00,147.2,147.26,147.2,147.26,10.6437
2019-12-08 04:46:00,147.19,147.2,147.18,147.2,16.138641
2019-12-08 04:45:00,147.26,147.26,147.23,147.23,6.911775
2019-12-08 04:44:00,147.32,147.37,147.32,147.34,22.805407
2019-12-08 04:43:00,147.11,147.47,147.11,147.32,755.632179
2019-12-08 04:42:00,147.14,147.14,147.1,147.11,52.486449
2019-12-08 04:41:00,147.39,147.39,147.1,147.17,1104.846558
2019-12-08 04:40:00,147.39,147.39,147.39,147.39,0.005788
2019-12-08 04:39:00,147.4,147.46,147.39,147.39,148.853451
2019-12-08 04:38:00,147.5,147.5,147.42,147.42,24.67533
2019-12-08 04:37:00,147.51,147.51,147.51,147.51,10.194137
2019-12-08 04:36:00,147.51,147.51,147.51,147.51,2.004555
2019-12-08 04:35:00,147.51,147.51,147.51,147.51,0
2019-12-08 04:34:00,147.47,147.48,147.47,147.48,9.019649
2019-12-08 04:33:00,147.45,147.46,147.45,147.46,3.192587
2019-12-08 04:32:00,147.45,147.45,147.45,147.45,35.401593
2019-12-08 04:31:00,147.45,147.48,147.45,147.48,394.643751
2019-12-08 04:30:00,147.44,147.45,147.44,147.45,2.670733
2019-12-08 04:29:00,147.41,147.46,147.41,147.46,1.47517
2019-12-08 04:28:00,147.4,147.41,147.4,147.41,2.096286
2019-12-08 04:27:00,147.4,147.41,147.4,147.41,1.702152
2019-12-08 04:26:00,147.4,147.4,147.4,147.4,0
2019-12-08 04:25:00,147.41,147.41,147.4,147.41,2.543771
2019-12-08 04:24:00,147.41,147.41,147.41,147.41,0
2019-12-08 04:23:00,147.4,147.41,147.4,147.41,13.681297
2019-12-08 04:22:00,147.41,147.41,147.41,147.41,0.22214
2019-12-08 04:21:00,147.45,147.45,147.45,147.45,0
2019-12-08 04:20:00,147.45,147.45,147.45,147.45,0
2019-12-08 04:19:00,147.47,147.47,147.45,147.45,0.030332
2019-12-08 04:18:00,147.37,147.45,147.37,147.45,1.866418
2019-12-08 04:17:00,147.34,147.37,147.31,147.37,40.02085
2019-12-08 04:16:00,147.38,147.38,147.31,147.33,51.181953
2019-12-08 04:15:00,147.44,147.44,147.37,147.38,8.44841
2019-12-08 04:14:00,147.47,147.51,147.47,147.49,15.548328
2019-12-08 04:13:00,147.44,147.46,147.42,147.44,20.2786
2019-12-08 04:12:00,147.6,147.6,147.42,147.44,37.027511
2019-12-08 04:11:00,147.64,147.64,147.63,147.63,2.600213
2019-12-08 04:10:00,147.64,147.64,147.64,147.64,0.01214
2019-12-08 04:09:00,147.67,147.67,147.63,147.64,6.254246
2019-12-08 04:08:00,147.75,147.75,147.71,147.71,0.061052
2019-12-08 04:07:00,147.64,147.75,147.64,147.75,0.172896
2019-12-08 04:06:00,147.65,147.69,147.62,147.62,24.477521
2019-12-08 04:05:00,147.65,147.66,147.64,147.65,25.613087
2019-12-08 04:04:00,147.65,147.65,147.64,147.65,0.048904
2019-12-08 04:03:00,147.55,147.63,147.55,147.63,23.192802
2019-12-08 04:02:00,147.59,147.59,147.55,147.55,3.089465
2019-12-08 04:01:00,147.67,147.67,147.62,147.62,188.693097
2019-12-08 04:00:00,147.77,147.77,147.67,147.67,1.924859
2019-12-08 03:59:00,147.74,147.83,147.74,147.81,64.652287
2019-12-08 03:58:00,147.74,147.74,147.74,147.74,0
2019-12-08 03:57:00,147.73,147.75,147.73,147.74,6.854014
2019-12-08 03:56:00,147.73,147.73,147.73,147.73,0.272988
2019-12-08 03:55:00,147.69,147.7,147.69,147.7,12.542573
2019-12-08 03:54:00,147.69,147.69,147.68,147.69,6.084564
2019-12-08 03:53:00,147.69,147.69,147.69,147.69,2.245956
2019-12-08 03:52:00,147.69,147.69,147.69,147.69,0.424428
2019-12-08 03:51:00,147.76,147.76,147.74,147.74,0.874114
2019-12-08 03:50:00,147.81,147.81,147.76,147.76,0.113137
2019-12-08 03:49:00,147.82,147.82,147.82,147.82,0.388353
2019-12-08 03:48:00,147.82,147.82,147.82,147.82,0
2019-12-08 03:47:00,147.88,147.88,147.81,147.82,38.27243
2019-12-08 03:46:00,147.88,147.88,147.88,147.88,0.090988
2019-12-08 03:45:00,147.84,147.88,147.8,147.84,31.449041
2019-12-08 03:44:00,147.72,147.72,147.71,147.72,5.431229
2019-12-08 03:43:00,147.72,147.72,147.72,147.72,0.030057
2019-12-08 03:42:00,147.72,147.72,147.72,147.72,0.01694
2019-12-08 03:41:00,147.79,147.79,147.75,147.75,0.086942
2019-12-08 03:40:00,147.77,147.83,147.77,147.78,0.86451
2019-12-08 03:39:00,147.7,147.77,147.7,147.77,1.621108
2019-12-08 03:38:00,147.7,147.7,147.7,147.7,0.007714
2019-12-08 03:37:00,147.69,147.69,147.69,147.69,0.027048
2019-12-08 03:36:00,147.65,147.68,147.63,147.68,4.545675
2019-12-08 03:35:00,147.75,147.75,147.63,147.63,7.809349
2019-12-08 03:34:00,147.78,147.81,147.76,147.76,7.838885
2019-12-08 03:33:00,147.6,147.78,147.6,147.78,3.030906
2019-12-08 03:32:00,147.56,147.6,147.56,147.6,8.499828
2019-12-08 03:31:00,147.6,147.6,147.6,147.6,0.052581
2019-12-08 03:30:00,147.66,147.66,147.6,147.6,38.145572
2019-12-08 03:29:00,147.63,147.63,147.6,147.6,0.037623
2019-12-08 03:28:00,147.67,147.67,147.63,147.64,3.720139
2019-12-08 03:27:00,147.55,147.68,147.55,147.68,0.811571
2019-12-08 03:26:00,147.63,147.63,147.55,147.55,62.553522
2019-12-08 03:25:00,147.63,147.71,147.63,147.66,10.986831
2019-12-08 03:24:00,147.69,147.69,147.59,147.63,19.190913
2019-12-08 03:23:00,147.8,147.8,147.69,147.69,4.00491
2019-12-08 03:22:00,147.91,147.91,147.81,147.81,137.00061
2019-12-08 03:21:00,147.85,147.91,147.85,147.91,0.405327
2019-12-08 03:20:00,147.86,147.86,147.85,147.86,61.568689
2019-12-08 03:19:00,147.9,147.9,147.82,147.86,314.438485
2019-12-08 03:18:00,147.84,147.88,147.84,147.88,7.377385
2019-12-08 03:17:00,147.76,147.87,147.76,147.83,12.301547
2019-12-08 03:16:00,147.78,147.78,147.78,147.78,1.51176
2019-12-08 03:15:00,147.75,147.8,147.75,147.79,9.542345
2019-12-08 03:14:00,147.77,147.77,147.68,147.68,8.6971
2019-12-08 03:13:00,147.65,147.78,147.65,147.76,52.272588
2019-12-08 03:12:00,147.55,147.62,147.55,147.62,8.478202
2019-12-08 03:11:00,147.55,147.55,147.55,147.55,6.760091
2019-12-08 03:10:00,147.49,147.54,147.49,147.54,2.652469
2019-12-08 03:09:00,147.46,147.49,147.46,147.49,103.462084
2019-12-08 03:08:00,147.5,147.5,147.46,147.49,21.665124
2019-12-08 03:07:00,147.51,147.52,147.47,147.5,7.676595
2019-12-08 03:06:00,147.53,147.53,147.51,147.51,4.053263
2019-12-08 03:05:00,147.62,147.62,147.53,147.53,30.645024
2019-12-08 03:04:00,147.6,147.61,147.6,147.61,37.520452
2019-12-08 03:03:00,147.45,147.6,147.45,147.6,1.694819
2019-12-08 03:02:00,147.44,147.48,147.44,147.48,24.759633
2019-12-08 03:01:00,147.37,147.47,147.32,147.47,43.946294
2019-12-08 03:00:00,147.53,147.53,147.36,147.37,97.449388
2019-12-08 02:59:00,147.58,147.58,147.53,147.53,117.706809
2019-12-08 02:58:00,147.58,147.58,147.58,147.58,0
2019-12-08 02:57:00,147.37,147.6,147.37,147.58,35.6121
2019-12-08 02:56:00,147.49,147.49,147.37,147.37,59.03588
2019-12-08 02:55:00,147.49,147.5,147.37,147.46,147.573164
2019-12-08 02:54:00,147.57,147.57,147.49,147.49,0.030284
2019-12-08 02:53:00,147.55,147.6,147.55,147.57,9.407091
2019-12-08 02:52:00,147.46,147.55,147.46,147.55,6.0259
2019-12-08 02:51:00,147.5,147.5,147.46,147.46,48.529141
2019-12-08 02:50:00,147.52,147.52,147.52,147.52,0.058867
2019-12-08 02:49:00,147.46,147.51,147.45,147.5,26.305829
2019-12-08 02:48:00,147.61,147.61,147.51,147.51,13.876829
2019-12-08 02:47:00,147.65,147.68,147.61,147.61,4.06688
2019-12-08 02:46:00,147.77,147.77,147.64,147.64,22.353009
2019-12-08 02:45:00,147.82,147.82,147.8,147.8,0.17479
2019-12-08 02:44:00,147.79,147.83,147.78,147.83,0.56088
2019-12-08 02:43:00,147.8,147.8,147.79,147.79,0.002223
2019-12-08 02:42:00,147.79,147.84,147.79,147.83,0.537415
2019-12-08 02:41:00,147.79,147.79,147.79,147.79,2.55367
2019-12-08 02:40:00,147.79,147.82,147.79,147.79,1.170576
2019-12-08 02:39:00,147.79,147.79,147.79,147.79,0.002198
2019-12-08 02:38:00,147.75,147.75,147.75,147.75,0.004177
2019-12-08 02:37:00,147.82,147.82,147.74,147.74,18.760152
2019-12-08 02:36:00,147.87,147.87,147.85,147.85,3.641059
2019-12-08 02:35:00,147.83,147.88,147.83,147.88,80.93373
2019-12-08 02:34:00,147.86,147.86,147.86,147.86,0
2019-12-08 02:33:00,147.85,147.86,147.79,147.86,24.44286
2019-12-08 02:32:00,147.88,147.88,147.83,147.85,0.681962
2019-12-08 02:31:00,147.88,147.88,147.88,147.88,0
2019-12-08 02:30:00,147.85,147.88,147.85,147.88,1.176618
2019-12-08 02:29:00,147.94,147.94,147.83,147.85,3.764283
2019-12-08 02:28:00,147.95,147.95,147.95,147.95,0
2019-12-08 02:27:00,147.95,147.95,147.95,147.95,0.611652
2019-12-08 02:26:00,147.92,147.92,147.92,147.92,2.565915
2019-12-08 02:25:00,147.94,147.94,147.94,147.94,0.048894
2019-12-08 02:24:00,147.9,147.94,147.9,147.94,0.425925
2019-12-08 02:23:00,147.89,147.9,147.89,147.9,64.528067
2019-12-08 02:22:00,147.86,147.86,147.86,147.86,0
2019-12-08 02:21:00,147.85,147.86,147.85,147.86,77.955179
2019-12-08 02:20:00,147.91,147.91,147.85,147.85,25.922457
2019-12-08 02:19:00,147.92,147.92,147.91,147.91,6.105908
2019-12-08 02:18:00,147.93,147.95,147.93,147.94,9.625434
2019-12-08 02:17:00,147.94,147.94,147.94,147.94,0
2019-12-08 02:16:00,147.85,147.94,147.85,147.94,23.238245
2019-12-08 02:15:00,147.85,147.91,147.85,147.91,4.205664
2019-12-08 02:14:00,147.83,147.84,147.83,147.84,0.48534
2019-12-08 02:13:00,147.84,147.84,147.84,147.84,0.056634
2019-12-08 02:12:00,147.9,147.9,147.87,147.87,1.156476
2019-12-08 02:11:00,147.91,147.91,147.91,147.91,14.080692
2019-12-08 02:10:00,147.87,147.92,147.87,147.92,44.224091
2019-12-08 02:09:00,147.87,147.87,147.86,147.87,6.109121
2019-12-08 02:08:00,147.82,147.82,147.82,147.82,7.835784
2019-12-08 02:07:00,147.79,147.82,147.78,147.82,0.86519
2019-12-08 02:06:00,147.79,147.79,147.79,147.79,0.030073
2019-12-08 02:05:00,147.79,147.79,147.79,147.79,0.052192
2019-12-08 02:04:00,147.8,147.8,147.8,147.8,87.616155
2019-12-08 02:03:00,147.76,147.79,147.76,147.79,6.839946
2019-12-08 02:02:00,147.82,147.82,147.75,147.75,5.280666
2019-12-08 02:01:00,147.82,147.83,147.82,147.83,2.072537
2019-12-08 02:00:00,147.84,147.84,147.82,147.83,8.517528
2019-12-08 01:59:00,147.84,147.84,147.84,147.84,1.505672
2019-12-08 01:58:00,147.83,147.83,147.82,147.83,16.630022
2019-12-08 01:57:00,147.79,147.82,147.79,147.82,1.450757
2019-12-08 01:56:00,147.8,147.8,147.78,147.78,1.576708
2019-12-08 01:55:00,147.82,147.82,147.8,147.8,6.95358
2019-12-08 01:54:00,147.82,147.82,147.82,147.82,4.572733
2019-12-08 01:53:00,147.85,147.85,147.85,147.85,0.030026
2019-12-08 01:52:00,147.87,147.87,147.85,147.85,13.364902
2019-12-08 01:51:00,147.75,147.83,147.75,147.83,12.662334
2019-12-08 01:50:00,147.65,147.75,147.65,147.75,79.191303
2019-12-08 01:49:00,147.62,147.64,147.62,147.64,44.803348
2019-12-08 01:48:00,147.61,147.61,147.61,147.61,23.749985
2019-12-08 01:47:00,147.69,147.69,147.61,147.65,14.840361
2019-12-08 01:46:00,147.72,147.72,147.71,147.71,6.835079
2019-12-08 01:45:00,147.75,147.75,147.74,147.74,6.181228
2019-12-08 01:44:00,147.74,147.74,147.74,147.74,0.007605
2019-12-08 01:43:00,147.79,147.79,147.74,147.74,26.744572
2019-12-08 01:42:00,147.81,147.81,147.78,147.79,23.474163
2019-12-08 01:41:00,147.82,147.82,147.81,147.82,31.396405
2019-12-08 01:40:00,147.68,147.82,147.68,147.82,32.838617
2019-12-08 01:39:00,147.66,147.7,147.66,147.69,21.081379
2019-12-08 01:38:00,147.49,147.84,147.49,147.62,1298.736395
2019-12-08 01:37:00,147.48,147.48,147.48,147.48,19.333682
2019-12-08 01:36:00,147.54,147.54,147.46,147.47,5.097293
2019-12-08 01:35:00,147.58,147.58,147.57,147.57,11.57757
2019-12-08 01:34:00,147.63,147.63,147.58,147.58,6.9993
2019-12-08 01:33:00,147.64,147.68,147.64,147.65,52.434303
2019-12-08 01:32:00,147.59,147.6,147.42,147.6,489.627586
2019-12-08 01:31:00,147.7,147.7,147.59,147.59,216.649912
2019-12-08 01:30:00,147.73,147.75,147.68,147.7,10.833827
2019-12-08 01:29:00,147.72,147.75,147.67,147.74,312.584487
2019-12-08 01:28:00,147.79,147.79,147.72,147.72,13.568441
2019-12-08 01:27:00,147.8,147.8,147.79,147.79,33.442511
2019-12-08 01:26:00,147.81,147.81,147.8,147.8,0.18154
2019-12-08 01:25:00,147.88,147.88,147.88,147.88,1.02514
2019-12-08 01:24:00,147.92,147.92,147.91,147.91,8.583967
2019-12-08 01:23:00,147.91,147.91,147.91,147.91,0
2019-12-08 01:22:00,147.94,147.94,147.91,147.91,0.348933
2019-12-08 01:21:00,147.98,147.98,147.98,147.98,0.068604
2019-12-08 01:20:00,148.01,148.02,148.01,148.01,27.405988
2019-12-08 01:19:00,148.02,148.02,148.01,148.01,18.305547
2019-12-08 01:18:00,148.01,148.03,148.01,148.01,19.211294
2019-12-08 01:17:00,147.95,148.05,147.95,148.05,187.132404
2019-12-08 01:16:00,147.94,147.94,147.9,147.94,134.70525
2019-12-08 01:15:00,147.89,147.94,147.88,147.94,117.871154
2019-12-08 01:14:00,147.89,147.89,147.85,147.89,175.741876
2019-12-08 01:13:00,147.85,147.89,147.85,147.89,178.54339
2019-12-08 01:12:00,147.84,147.85,147.84,147.85,56.793691
2019-12-08 01:11:00,147.84,147.85,147.84,147.85,0.595084
2019-12-08 01:10:00,147.84,147.84,147.84,147.84,0
2019-12-08 01:09:00,147.84,147.84,147.82,147.84,6.786465
2019-12-08 01:08:00,147.84,147.85,147.84,147.84,13.779641
2019-12-08 01:07:00,147.85,147.85,147.82,147.84,13.738393
2019-12-08 01:06:00,147.8,147.84,147.8,147.84,6.475501
2019-12-08 01:05:00,147.88,147.88,147.8,147.8,39.869615
2019-12-08 01:04:00,147.97,147.97,147.91,147.91,12.606875
2019-12-08 01:03:00,147.79,147.97,147.79,147.97,25.000575
2019-12-08 01:02:00,147.65,147.81,147.65,147.79,84.145841
2019-12-08 01:01:00,147.65,147.65,147.65,147.65,0.467997
2019-12-08 01:00:00,147.64,147.65,147.64,147.65,4.478424
2019-12-08 00:59:00,147.67,147.67,147.64,147.64,2
2019-12-08 00:58:00,147.75,147.75,147.68,147.68,0.247979
2019-12-08 00:57:00,147.86,147.86,147.76,147.76,59.879372
2019-12-08 00:56:00,147.81,147.93,147.81,147.87,60.493908
2019-12-08 00:55:00,147.61,147.78,147.61,147.78,80.697977
2019-12-08 00:54:00,147.7,147.7,147.58,147.6,290.099565
2019-12-08 00:53:00,147.74,147.74,147.68,147.7,126.837889
2019-12-08 00:52:00,147.75,147.75,147.74,147.75,38.238492
2019-12-08 00:51:00,147.87,147.87,147.74,147.75,106.386197
2019-12-08 00:50:00,148,148,147.81,147.87,104.041339
2019-12-08 00:49:00,148.01,148.05,147.98,147.98,6.950104
2019-12-08 00:48:00,148.05,148.05,147.99,148.01,192.915986
2019-12-08 00:47:00,148.04,148.05,148.04,148.05,24.415884
2019-12-08 00:46:00,148.04,148.04,148.04,148.04,0.074619
2019-12-08 00:45:00,148.04,148.04,148.04,148.04,206.387787
2019-12-08 00:44:00,148.03,148.04,148,148.04,51.889954
2019-12-08 00:43:00,148.04,148.05,148.02,148.04,304.936149
2019-12-08 00:42:00,148.04,148.04,148.04,148.04,1.475515
2019-12-08 00:41:00,148,148.04,148,148.04,10.828441
2019-12-08 00:40:00,148,148,148,148,5.535265
2019-12-08 00:39:00,148.06,148.06,147.98,148,10.339586
2019-12-08 00:38:00,148.06,148.07,148.06,148.06,5.747605
2019-12-08 00:37:00,148.01,148.06,148.01,148.06,1.356136
2019-12-08 00:36:00,148,148,148,148,8.634858
2019-12-08 00:35:00,147.97,148.02,147.94,147.97,266.839031
2019-12-08 00:34:00,147.97,147.98,147.94,147.94,441.307277
2019-12-08 00:33:00,147.97,147.97,147.96,147.97,244.445323
2019-12-08 00:32:00,148,148.02,147.96,147.97,67.07648
2019-12-08 00:31:00,147.99,148.02,147.99,148,154.753166
2019-12-08 00:30:00,148.12,148.12,147.98,147.99,421.717407
2019-12-08 00:29:00,148.15,148.15,148.08,148.1,171.493458
2019-12-08 00:28:00,148.29,148.29,148.16,148.18,6.030568
2019-12-08 00:27:00,148.21,148.29,148.21,148.29,141.434281
2019-12-08 00:26:00,148.19,148.21,148.19,148.21,1.059631
2019-12-08 00:25:00,148.24,148.25,148.22,148.22,59.220799
2019-12-08 00:24:00,148.22,148.27,148.22,148.23,17.27385
2019-12-08 00:23:00,148.15,148.15,148.15,148.15,0.13915
2019-12-08 00:22:00,148.16,148.2,148.16,148.18,20.933576
2019-12-08 00:21:00,148.07,148.16,148.07,148.1,24.333355
2019-12-08 00:20:00,148.04,148.14,148.04,148.07,61.026251
2019-12-08 00:19:00,147.96,147.97,147.95,147.97,15.229607
2019-12-08 00:18:00,148.05,148.05,147.96,147.96,11.122681
2019-12-08 00:17:00,148.15,148.15,148.06,148.06,18.393112
2019-12-08 00:16:00,148.18,148.19,148.18,148.18,19.235098
2019-12-08 00:15:00,148.15,148.19,148.15,148.19,8.313909
2019-12-08 00:14:00,148.21,148.22,148.14,148.15,67.364848
2019-12-08 00:13:00,148.21,148.22,148.21,148.21,10.886773
2019-12-08 00:12:00,148.32,148.32,148.21,148.21,11.274524
2019-12-08 00:11:00,148.3,148.34,148.3,148.34,12.798859
2019-12-08 00:10:00,148.2,148.3,148.2,148.3,70.253838
2019-12-08 00:09:00,148.07,148.19,148.07,148.19,32.088569
2019-12-08 00:08:00,147.94,148.01,147.94,148.01,19.603639
2019-12-08 00:07:00,147.97,147.97,147.87,147.97,34.245455
2019-12-08 00:06:00,148.03,148.03,147.96,147.97,79.602996
2019-12-08 00:05:00,147.95,148.04,147.95,148.03,43.20049
2019-12-08 00:04:00,147.98,147.98,147.94,147.94,34.429037
2019-12-08 00:03:00,148.03,148.03,147.9,147.98,122.262349
2019-12-08 00:02:00,148.09,148.09,148.03,148.03,33.840292
2019-12-08 00:01:00,148.18,148.18,148.1,148.1,142.062982
2019-12-08 00:00:00,148.27,148.27,148.18,148.18,89.424406
