2019-12-03 23:59:00,45.7,45.77,45.7,45.76,18.280425
2019-12-03 23:58:00,45.78,45.8,45.7,45.7,235.93548
2019-12-03 23:57:00,45.76,45.78,45.74,45.78,146.482799
2019-12-03 23:56:00,45.66,45.8,45.66,45.77,532.793427
2019-12-03 23:55:00,45.74,45.74,45.66,45.66,135.565179
2019-12-03 23:54:00,45.86,45.86,45.73,45.74,732.156243
2019-12-03 23:53:00,45.83,45.85,45.83,45.85,54.253023
2019-12-03 23:52:00,45.86,45.86,45.74,45.82,299.692609
2019-12-03 23:51:00,45.77,45.88,45.77,45.87,238.355342
2019-12-03 23:50:00,45.77,45.77,45.76,45.77,5.72617
2019-12-03 23:49:00,45.62,45.78,45.62,45.78,576.638228
2019-12-03 23:48:00,45.66,45.66,45.62,45.63,260.065523
2019-12-03 23:47:00,45.77,45.77,45.66,45.66,650.951551
2019-12-03 23:46:00,45.78,45.82,45.77,45.79,138.591399
2019-12-03 23:45:00,45.81,45.83,45.8,45.8,91.38619
2019-12-03 23:44:00,45.73,45.81,45.73,45.81,3371.08947
2019-12-03 23:43:00,45.68,45.73,45.68,45.73,203.639565
2019-12-03 23:42:00,45.77,45.77,45.68,45.68,1097.885696
2019-12-03 23:41:00,45.84,45.86,45.79,45.79,622.266226
2019-12-03 23:40:00,45.83,45.88,45.83,45.84,313.651684
2019-12-03 23:39:00,45.91,45.94,45.82,45.83,399.583254
2019-12-03 23:38:00,45.87,45.91,45.83,45.91,469.918524
2019-12-03 23:37:00,45.95,46,45.89,45.89,543.911927
2019-12-03 23:36:00,45.9,45.96,45.9,45.95,51.991811
2019-12-03 23:35:00,45.87,45.91,45.87,45.89,96.978881
2019-12-03 23:34:00,45.84,45.87,45.8,45.86,688.355374
2019-12-03 23:33:00,46.01,46.01,45.85,45.85,470.219767
2019-12-03 23:32:00,46.2,46.2,45.96,45.99,2246.191152
2019-12-03 23:31:00,45.98,46.25,45.98,46.19,4048.223236
2019-12-03 23:30:00,45.92,45.99,45.92,45.98,904.513287
2019-12-03 23:29:00,45.95,45.95,45.91,45.93,216.774283
2019-12-03 23:28:00,45.93,45.96,45.93,45.95,327.656534
2019-12-03 23:27:00,45.85,45.93,45.85,45.93,211.492978
2019-12-03 23:26:00,45.82,45.85,45.81,45.85,49.815426
2019-12-03 23:25:00,45.74,45.81,45.74,45.8,1393.063946
2019-12-03 23:24:00,45.72,45.72,45.69,45.72,486.249926
2019-12-03 23:23:00,45.71,45.72,45.68,45.71,46.480943
2019-12-03 23:22:00,45.69,45.7,45.69,45.7,447.954219
2019-12-03 23:21:00,45.7,45.73,45.69,45.69,181.45209
2019-12-03 23:20:00,45.63,45.69,45.63,45.69,743.017074
2019-12-03 23:19:00,45.65,45.65,45.64,45.64,133.937573
2019-12-03 23:18:00,45.64,45.66,45.62,45.66,9.299904
2019-12-03 23:17:00,45.62,45.65,45.61,45.64,189.538046
2019-12-03 23:16:00,45.65,45.65,45.63,45.63,51.53989
2019-12-03 23:15:00,45.68,45.69,45.65,45.65,119.116584
2019-12-03 23:14:00,45.69,45.73,45.69,45.69,536.535477
2019-12-03 23:13:00,45.75,45.75,45.67,45.69,427.553261
2019-12-03 23:12:00,45.77,45.77,45.72,45.75,176.69942
2019-12-03 23:11:00,45.68,45.77,45.67,45.76,424.474851
2019-12-03 23:10:00,45.68,45.68,45.65,45.68,260.066192
2019-12-03 23:09:00,45.66,45.72,45.66,45.68,227.666229
2019-12-03 23:08:00,45.6,45.63,45.58,45.63,374.265149
2019-12-03 23:07:00,45.57,45.61,45.57,45.61,288.204229
2019-12-03 23:06:00,45.52,45.58,45.51,45.58,301.200869
2019-12-03 23:05:00,45.54,45.57,45.52,45.53,52.522738
2019-12-03 23:04:00,45.62,45.62,45.54,45.54,330.537935
2019-12-03 23:03:00,45.75,45.75,45.62,45.62,769.16418
2019-12-03 23:02:00,45.79,45.81,45.76,45.76,608.246389
2019-12-03 23:01:00,45.79,45.86,45.78,45.79,527.91405
2019-12-03 23:00:00,45.72,45.77,45.72,45.77,166.616058
2019-12-03 22:59:00,45.77,45.77,45.72,45.72,428.069551
2019-12-03 22:58:00,45.75,45.81,45.75,45.78,94.694789
2019-12-03 22:57:00,45.74,45.74,45.7,45.74,427.053904
2019-12-03 22:56:00,45.77,45.78,45.74,45.74,64.645727
2019-12-03 22:55:00,45.77,45.79,45.77,45.78,57.193449
2019-12-03 22:54:00,45.75,45.77,45.74,45.77,137.229975
2019-12-03 22:53:00,45.67,45.75,45.67,45.75,585.23198
2019-12-03 22:52:00,45.69,45.78,45.65,45.68,1261.956464
2019-12-03 22:51:00,45.75,45.75,45.68,45.68,477.151274
2019-12-03 22:50:00,45.82,45.86,45.74,45.75,1975.726251
2019-12-03 22:49:00,45.72,45.81,45.72,45.81,182.924926
2019-12-03 22:48:00,45.56,45.74,45.56,45.72,419.175982
2019-12-03 22:47:00,45.63,45.63,45.57,45.57,51.573081
2019-12-03 22:46:00,45.64,45.72,45.64,45.65,686.589824
2019-12-03 22:45:00,45.62,45.64,45.6,45.64,1091.462573
2019-12-03 22:44:00,45.72,45.73,45.62,45.62,160.852042
2019-12-03 22:43:00,45.61,45.74,45.61,45.73,934.240404
2019-12-03 22:42:00,45.67,45.67,45.58,45.61,521.388833
2019-12-03 22:41:00,45.82,45.82,45.64,45.68,235.458608
2019-12-03 22:40:00,45.77,45.83,45.77,45.82,91.470456
2019-12-03 22:39:00,45.68,45.76,45.66,45.76,159.27747
2019-12-03 22:38:00,45.68,45.76,45.67,45.68,369.263145
2019-12-03 22:37:00,45.83,45.84,45.68,45.7,279.981893
2019-12-03 22:36:00,45.75,45.9,45.75,45.83,2362.361286
2019-12-03 22:35:00,45.65,45.75,45.65,45.75,1064.504419
2019-12-03 22:34:00,45.6,45.71,45.58,45.65,928.874957
2019-12-03 22:33:00,45.69,45.73,45.57,45.59,664.768893
2019-12-03 22:32:00,45.59,45.69,45.55,45.67,2666.044569
2019-12-03 22:31:00,45.47,45.58,45.47,45.58,511.646846
2019-12-03 22:30:00,45.5,45.51,45.41,45.45,296.462414
2019-12-03 22:29:00,45.5,45.5,45.46,45.47,361.937345
2019-12-03 22:28:00,45.53,45.53,45.49,45.5,173.847228
2019-12-03 22:27:00,45.56,45.57,45.53,45.54,133.948211
2019-12-03 22:26:00,45.51,45.56,45.51,45.55,81.252725
2019-12-03 22:25:00,45.43,45.49,45.42,45.49,186.090734
2019-12-03 22:24:00,45.44,45.46,45.4,45.43,517.263316
2019-12-03 22:23:00,45.45,45.45,45.42,45.44,65.995827
2019-12-03 22:22:00,45.45,45.46,45.41,45.45,153.69646
2019-12-03 22:21:00,45.52,45.52,45.44,45.46,871.914014
2019-12-03 22:20:00,45.62,45.62,45.52,45.54,193.960967
2019-12-03 22:19:00,45.56,45.64,45.56,45.61,328.230663
2019-12-03 22:18:00,45.54,45.58,45.54,45.57,239.380893
2019-12-03 22:17:00,45.59,45.6,45.5,45.53,1605.092216
2019-12-03 22:16:00,45.5,45.7,45.5,45.59,5256.037671
2019-12-03 22:15:00,45.54,45.55,45.45,45.49,2862.060498
2019-12-03 22:14:00,45.37,45.58,45.34,45.53,2788.075967
2019-12-03 22:13:00,45.33,45.42,45.28,45.36,2170.682548
2019-12-03 22:12:00,45.14,45.35,45.14,45.33,1422.342443
2019-12-03 22:11:00,45.11,45.14,45.11,45.13,88.59397
2019-12-03 22:10:00,45.08,45.13,45.08,45.11,93.791489
2019-12-03 22:09:00,45.08,45.09,45.08,45.09,7.973
2019-12-03 22:08:00,45.09,45.09,45.08,45.08,280.105883
2019-12-03 22:07:00,45.07,45.09,45.07,45.09,498.382138
2019-12-03 22:06:00,45.06,45.08,45.06,45.08,60.608617
2019-12-03 22:05:00,45.06,45.06,45.05,45.05,148.49822
2019-12-03 22:04:00,45.07,45.07,45.06,45.06,26.35985
2019-12-03 22:03:00,45.08,45.08,45.07,45.07,330.698573
2019-12-03 22:02:00,45.08,45.08,45.08,45.08,0.032853
2019-12-03 22:01:00,45.08,45.08,45.08,45.08,0.010355
2019-12-03 22:00:00,45.08,45.09,45.07,45.08,107.247036
2019-12-03 21:59:00,45.05,45.07,45.05,45.07,71.464811
2019-12-03 21:58:00,45.01,45.05,45,45.04,1124.225946
2019-12-03 21:57:00,45.01,45.01,45,45.01,91.183261
2019-12-03 21:56:00,44.97,45.01,44.97,45.01,87.698122
2019-12-03 21:55:00,44.96,44.96,44.96,44.96,3.876534
2019-12-03 21:54:00,44.96,44.96,44.96,44.96,18.141128
2019-12-03 21:53:00,44.95,44.98,44.95,44.95,298.762718
2019-12-03 21:52:00,44.93,44.94,44.92,44.94,153.700164
2019-12-03 21:51:00,44.84,44.92,44.84,44.92,178.576538
2019-12-03 21:50:00,44.88,44.88,44.84,44.84,98.523399
2019-12-03 21:49:00,44.9,44.9,44.89,44.89,0.782138
2019-12-03 21:48:00,44.91,44.91,44.9,44.91,26.815786
2019-12-03 21:47:00,44.93,44.93,44.93,44.93,0
2019-12-03 21:46:00,44.92,44.93,44.92,44.93,54.088066
2019-12-03 21:45:00,44.94,44.94,44.92,44.92,106.321255
2019-12-03 21:44:00,44.92,44.96,44.92,44.95,158.444919
2019-12-03 21:43:00,44.83,44.95,44.83,44.92,1501.593892
2019-12-03 21:42:00,44.8,44.81,44.8,44.81,83.242731
2019-12-03 21:41:00,44.8,44.8,44.8,44.8,171.733373
2019-12-03 21:40:00,44.84,44.84,44.8,44.8,349.727542
2019-12-03 21:39:00,44.84,44.84,44.84,44.84,4.306997
2019-12-03 21:38:00,44.81,44.83,44.81,44.83,67.57822
2019-12-03 21:37:00,44.89,44.89,44.8,44.82,345.052618
2019-12-03 21:36:00,44.95,44.95,44.89,44.89,370.009354
2019-12-03 21:35:00,44.97,45,44.96,44.96,291.469606
2019-12-03 21:34:00,45,45,44.98,44.98,92.525366
2019-12-03 21:33:00,45.07,45.07,45.02,45.02,699.562965
2019-12-03 21:32:00,45.04,45.07,45.03,45.07,452.792686
2019-12-03 21:31:00,45.05,45.09,45.05,45.09,1476.659395
2019-12-03 21:30:00,45.08,45.11,45.06,45.06,405.598957
2019-12-03 21:29:00,45.05,45.07,45.05,45.07,10.529004
2019-12-03 21:28:00,45.05,45.05,45.05,45.05,29.835153
2019-12-03 21:27:00,44.98,45.05,44.98,45.05,142.053148
2019-12-03 21:26:00,45.06,45.07,45,45,157.41465
2019-12-03 21:25:00,45,45.08,45,45.08,111.231244
2019-12-03 21:24:00,44.99,45.02,44.99,45,559.2324
2019-12-03 21:23:00,44.98,44.98,44.97,44.97,31.834335
2019-12-03 21:22:00,44.97,45,44.97,44.97,144.233024
2019-12-03 21:21:00,44.95,44.97,44.95,44.97,222.234143
2019-12-03 21:20:00,44.96,44.96,44.93,44.93,21.908147
2019-12-03 21:19:00,44.95,44.97,44.95,44.96,119.660929
2019-12-03 21:18:00,44.95,44.95,44.93,44.95,133.526699
2019-12-03 21:17:00,44.94,44.98,44.94,44.95,508.060384
2019-12-03 21:16:00,44.98,44.98,44.95,44.95,48.766452
2019-12-03 21:15:00,44.95,44.99,44.95,44.99,301.560944
2019-12-03 21:14:00,44.99,44.99,44.95,44.95,2.614702
2019-12-03 21:13:00,45,45,44.99,44.99,1.36177
2019-12-03 21:12:00,44.99,45,44.99,45,27.714954
2019-12-03 21:11:00,45,45.01,45,45,4.747721
2019-12-03 21:10:00,45.02,45.02,45,45,2.831141
2019-12-03 21:09:00,44.98,45.02,44.96,45.02,664.360351
2019-12-03 21:08:00,44.95,44.98,44.95,44.97,14.925198
2019-12-03 21:07:00,44.95,44.99,44.93,44.94,976.645308
2019-12-03 21:06:00,44.88,44.95,44.88,44.95,495.325877
2019-12-03 21:05:00,44.85,44.88,44.85,44.87,502.035564
2019-12-03 21:04:00,44.85,44.85,44.85,44.85,0
2019-12-03 21:03:00,44.85,44.85,44.85,44.85,0.005174
2019-12-03 21:02:00,44.86,44.87,44.85,44.86,13.615335
2019-12-03 21:01:00,44.86,44.86,44.86,44.86,59.370398
2019-12-03 21:00:00,44.9,44.9,44.86,44.86,45.167892
2019-12-03 20:59:00,44.87,44.9,44.87,44.9,87.474734
2019-12-03 20:58:00,44.88,44.89,44.87,44.87,79.745534
2019-12-03 20:57:00,44.86,44.88,44.86,44.88,11.00505
2019-12-03 20:56:00,44.93,44.93,44.88,44.88,83.762911
2019-12-03 20:55:00,44.89,44.93,44.89,44.93,83.867289
2019-12-03 20:54:00,44.88,44.89,44.88,44.88,164.436005
2019-12-03 20:53:00,44.86,44.86,44.86,44.86,3.482514
2019-12-03 20:52:00,44.82,44.85,44.8,44.85,227.518628
2019-12-03 20:51:00,44.84,44.84,44.81,44.82,46.487651
2019-12-03 20:50:00,44.83,44.83,44.83,44.83,2.748945
2019-12-03 20:49:00,44.82,44.84,44.82,44.83,118.697329
2019-12-03 20:48:00,44.82,44.83,44.82,44.82,7.059716
2019-12-03 20:47:00,44.82,44.83,44.82,44.82,38.417466
2019-12-03 20:46:00,44.88,44.88,44.82,44.82,108.992921
2019-12-03 20:45:00,44.87,44.88,44.87,44.88,35.455402
2019-12-03 20:44:00,44.92,44.92,44.86,44.87,92.858888
2019-12-03 20:43:00,44.93,44.93,44.92,44.92,18.692368
2019-12-03 20:42:00,44.94,44.96,44.94,44.94,142.580573
2019-12-03 20:41:00,44.92,44.94,44.9,44.94,225.691298
2019-12-03 20:40:00,44.88,44.92,44.88,44.92,343.239823
2019-12-03 20:39:00,44.87,44.88,44.87,44.88,29.056045
2019-12-03 20:38:00,44.85,44.86,44.85,44.86,26.153252
2019-12-03 20:37:00,44.85,44.85,44.84,44.84,3.415036
2019-12-03 20:36:00,44.84,44.84,44.84,44.84,0
2019-12-03 20:35:00,44.81,44.84,44.81,44.84,58.677613
2019-12-03 20:34:00,44.81,44.81,44.81,44.81,0
2019-12-03 20:33:00,44.81,44.81,44.81,44.81,113.727625
2019-12-03 20:32:00,44.8,44.8,44.8,44.8,12.035733
2019-12-03 20:31:00,44.79,44.81,44.79,44.81,126.440337
2019-12-03 20:30:00,44.77,44.77,44.77,44.77,18
2019-12-03 20:29:00,44.8,44.8,44.76,44.76,130.701358
2019-12-03 20:28:00,44.8,44.82,44.8,44.8,141.26596
2019-12-03 20:27:00,44.8,44.8,44.8,44.8,25.752568
2019-12-03 20:26:00,44.78,44.79,44.78,44.79,74.093651
2019-12-03 20:25:00,44.78,44.83,44.77,44.77,151.50247
2019-12-03 20:24:00,44.78,44.79,44.78,44.78,72.093878
2019-12-03 20:23:00,44.72,44.78,44.72,44.78,267.344487
2019-12-03 20:22:00,44.7,44.71,44.69,44.71,62.071404
2019-12-03 20:21:00,44.7,44.7,44.67,44.68,267.484879
2019-12-03 20:20:00,44.74,44.74,44.7,44.7,70.847357
2019-12-03 20:19:00,44.68,44.74,44.68,44.74,81.505241
2019-12-03 20:18:00,44.68,44.68,44.67,44.68,12.519341
2019-12-03 20:17:00,44.7,44.7,44.7,44.7,3.330137
2019-12-03 20:16:00,44.68,44.7,44.68,44.7,102.766854
2019-12-03 20:15:00,44.73,44.73,44.69,44.69,20.700184
2019-12-03 20:14:00,44.76,44.76,44.72,44.74,27.775611
2019-12-03 20:13:00,44.76,44.76,44.76,44.76,0.509776
2019-12-03 20:12:00,44.76,44.77,44.76,44.76,15.402797
2019-12-03 20:11:00,44.72,44.76,44.72,44.76,87.947594
2019-12-03 20:10:00,44.74,44.74,44.72,44.72,35.178055
2019-12-03 20:09:00,44.79,44.79,44.73,44.73,160.304606
2019-12-03 20:08:00,44.8,44.82,44.79,44.8,107.213825
2019-12-03 20:07:00,44.84,44.84,44.76,44.79,555.14871
2019-12-03 20:06:00,44.8,44.84,44.8,44.84,33.817286
2019-12-03 20:05:00,44.75,44.79,44.75,44.79,118.229444
2019-12-03 20:04:00,44.73,44.79,44.72,44.74,499.855491
2019-12-03 20:03:00,44.69,44.74,44.69,44.73,423.320734
2019-12-03 20:02:00,44.66,44.69,44.66,44.69,26.803792
2019-12-03 20:01:00,44.63,44.65,44.63,44.65,25.710848
2019-12-03 20:00:00,44.61,44.63,44.6,44.63,129.788231
2019-12-03 19:59:00,44.64,44.64,44.62,44.62,11.148358
2019-12-03 19:58:00,44.61,44.64,44.61,44.64,115.206044
2019-12-03 19:57:00,44.5,44.59,44.5,44.59,472.923878
2019-12-03 19:56:00,44.5,44.5,44.5,44.5,0.022464
2019-12-03 19:55:00,44.5,44.5,44.49,44.49,125.782232
2019-12-03 19:54:00,44.51,44.51,44.51,44.51,114.722899
2019-12-03 19:53:00,44.52,44.52,44.51,44.51,16.33304
2019-12-03 19:52:00,44.53,44.53,44.52,44.52,78.356481
2019-12-03 19:51:00,44.54,44.54,44.51,44.53,7.101371
2019-12-03 19:50:00,44.57,44.57,44.54,44.54,83.911984
2019-12-03 19:49:00,44.59,44.59,44.52,44.52,525.23232
2019-12-03 19:48:00,44.6,44.6,44.6,44.6,0.03516
2019-12-03 19:47:00,44.6,44.6,44.6,44.6,0.4521
2019-12-03 19:46:00,44.6,44.61,44.58,44.61,25.509108
2019-12-03 19:45:00,44.64,44.64,44.61,44.61,18.543034
2019-12-03 19:44:00,44.61,44.62,44.61,44.61,34.098432
2019-12-03 19:43:00,44.62,44.62,44.61,44.62,55.929718
2019-12-03 19:42:00,44.61,44.65,44.6,44.62,439.93036
2019-12-03 19:41:00,44.62,44.62,44.6,44.61,87.576612
2019-12-03 19:40:00,44.64,44.66,44.63,44.63,150.505479
2019-12-03 19:39:00,44.65,44.65,44.65,44.65,0
2019-12-03 19:38:00,44.68,44.68,44.63,44.65,5.04226
2019-12-03 19:37:00,44.68,44.69,44.68,44.69,3.896306
2019-12-03 19:36:00,44.75,44.75,44.66,44.68,807.244998
2019-12-03 19:35:00,44.71,44.75,44.71,44.74,73.338506
2019-12-03 19:34:00,44.69,44.72,44.68,44.71,61.102995
2019-12-03 19:33:00,44.72,44.73,44.7,44.7,200.001249
2019-12-03 19:32:00,44.65,44.72,44.65,44.72,809.79059
2019-12-03 19:31:00,44.65,44.66,44.62,44.65,419.540623
2019-12-03 19:30:00,44.64,44.65,44.64,44.65,1.1661
2019-12-03 19:29:00,44.65,44.67,44.63,44.63,98.720423
2019-12-03 19:28:00,44.63,44.67,44.63,44.67,27.474721
2019-12-03 19:27:00,44.68,44.68,44.63,44.63,190.183491
2019-12-03 19:26:00,44.69,44.71,44.68,44.68,259.711349
2019-12-03 19:25:00,44.72,44.72,44.68,44.69,108.582873
2019-12-03 19:24:00,44.68,44.72,44.68,44.72,37.426359
2019-12-03 19:23:00,44.64,44.68,44.64,44.68,146.64535
2019-12-03 19:22:00,44.65,44.65,44.64,44.64,7.572121
2019-12-03 19:21:00,44.7,44.71,44.66,44.66,32.646077
2019-12-03 19:20:00,44.72,44.72,44.7,44.7,32.736571
2019-12-03 19:19:00,44.7,44.73,44.7,44.73,2.434887
2019-12-03 19:18:00,44.74,44.75,44.69,44.7,66.621393
2019-12-03 19:17:00,44.73,44.73,44.72,44.73,9.15577
2019-12-03 19:16:00,44.76,44.77,44.73,44.73,271.407153
2019-12-03 19:15:00,44.82,44.82,44.77,44.77,776.933937
2019-12-03 19:14:00,44.85,44.85,44.8,44.81,447.913683
2019-12-03 19:13:00,44.89,44.9,44.85,44.85,91.838282
2019-12-03 19:12:00,44.89,44.92,44.88,44.91,402.800934
2019-12-03 19:11:00,44.9,44.9,44.87,44.88,45.877714
2019-12-03 19:10:00,44.9,44.9,44.86,44.86,133.904112
2019-12-03 19:09:00,44.86,44.88,44.84,44.88,223.482073
2019-12-03 19:08:00,44.92,44.92,44.84,44.88,364.322292
2019-12-03 19:07:00,44.84,44.94,44.84,44.93,602.929759
2019-12-03 19:06:00,44.74,44.86,44.74,44.85,1185.399076
2019-12-03 19:05:00,44.66,44.75,44.66,44.75,477.453495
2019-12-03 19:04:00,44.65,44.65,44.65,44.65,190.83584
2019-12-03 19:03:00,44.63,44.68,44.6,44.65,307.253462
2019-12-03 19:02:00,44.71,44.72,44.62,44.63,746.732935
2019-12-03 19:01:00,44.71,44.75,44.7,44.71,275.904526
2019-12-03 19:00:00,44.75,44.75,44.7,44.7,204.741478
2019-12-03 18:59:00,44.74,44.78,44.72,44.75,519.691561
2019-12-03 18:58:00,44.77,44.77,44.73,44.74,312.967219
2019-12-03 18:57:00,44.81,44.81,44.76,44.77,370.827634
2019-12-03 18:56:00,44.82,44.82,44.8,44.81,254.085299
2019-12-03 18:55:00,44.85,44.85,44.8,44.81,363.419521
2019-12-03 18:54:00,44.85,44.85,44.84,44.84,106.466737
2019-12-03 18:53:00,44.85,44.86,44.84,44.84,382.867515
2019-12-03 18:52:00,44.83,44.86,44.82,44.86,109.03052
2019-12-03 18:51:00,44.83,44.85,44.83,44.83,319.610238
2019-12-03 18:50:00,44.85,44.85,44.84,44.84,146.195687
2019-12-03 18:49:00,44.84,44.85,44.84,44.84,224.898171
2019-12-03 18:48:00,44.84,44.85,44.81,44.85,465.65112
2019-12-03 18:47:00,44.89,44.89,44.8,44.83,247.002361
2019-12-03 18:46:00,44.89,44.9,44.89,44.89,137.072269
2019-12-03 18:45:00,44.89,44.91,44.89,44.9,240.674868
2019-12-03 18:44:00,44.91,44.91,44.85,44.89,341.829604
2019-12-03 18:43:00,44.92,44.93,44.9,44.91,161.84843
2019-12-03 18:42:00,44.96,44.96,44.91,44.92,751.45874
2019-12-03 18:41:00,44.93,44.96,44.93,44.96,141.624036
2019-12-03 18:40:00,44.91,44.95,44.89,44.93,223.713936
2019-12-03 18:39:00,44.77,44.91,44.77,44.9,932.429221
2019-12-03 18:38:00,44.78,44.82,44.77,44.77,349.969366
2019-12-03 18:37:00,44.72,44.77,44.72,44.77,163.344593
2019-12-03 18:36:00,44.7,44.72,44.7,44.72,4.660366
2019-12-03 18:35:00,44.69,44.73,44.69,44.71,46.175979
2019-12-03 18:34:00,44.69,44.69,44.68,44.68,40.573333
2019-12-03 18:33:00,44.68,44.7,44.68,44.69,347.408158
2019-12-03 18:32:00,44.68,44.68,44.68,44.68,0
2019-12-03 18:31:00,44.66,44.72,44.66,44.68,438.924259
2019-12-03 18:30:00,44.73,44.73,44.67,44.67,41.745883
2019-12-03 18:29:00,44.74,44.75,44.7,44.74,209.583227
2019-12-03 18:28:00,44.73,44.78,44.72,44.74,420.932651
2019-12-03 18:27:00,44.76,44.8,44.69,44.74,1177.678743
2019-12-03 18:26:00,44.76,44.76,44.74,44.75,94.139641
2019-12-03 18:25:00,44.8,44.8,44.77,44.77,50.580239
2019-12-03 18:24:00,44.86,44.87,44.81,44.81,121.456669
2019-12-03 18:23:00,44.79,44.87,44.78,44.87,1273.839722
2019-12-03 18:22:00,44.75,44.79,44.72,44.78,529.769157
2019-12-03 18:21:00,44.76,44.79,44.72,44.75,1298.825863
2019-12-03 18:20:00,44.66,44.78,44.65,44.76,813.99489
2019-12-03 18:19:00,44.6,44.68,44.6,44.66,397.344072
2019-12-03 18:18:00,44.55,44.63,44.55,44.6,221.639285
2019-12-03 18:17:00,44.44,44.53,44.43,44.52,590.681243
2019-12-03 18:16:00,44.57,44.58,44.41,44.43,2958.572073
2019-12-03 18:15:00,44.61,44.61,44.53,44.58,146.749494
2019-12-03 18:14:00,44.64,44.68,44.62,44.62,259.110809
2019-12-03 18:13:00,44.63,44.65,44.61,44.65,263.231208
2019-12-03 18:12:00,44.68,44.7,44.63,44.63,163.221983
2019-12-03 18:11:00,44.69,44.73,44.69,44.69,445.830818
2019-12-03 18:10:00,44.72,44.74,44.68,44.69,824.734871
2019-12-03 18:09:00,44.7,44.78,44.67,44.72,650.275406
2019-12-03 18:08:00,44.72,44.75,44.69,44.71,380.291594
2019-12-03 18:07:00,44.64,44.76,44.62,44.72,684.083558
2019-12-03 18:06:00,44.56,44.63,44.53,44.62,770.274114
2019-12-03 18:05:00,44.64,44.64,44.54,44.59,1430.389427
2019-12-03 18:04:00,44.61,44.67,44.58,44.65,1319.309821
2019-12-03 18:03:00,44.48,44.65,44.48,44.6,4744.413068
2019-12-03 18:02:00,44.52,44.54,44.41,44.5,2650.22823
2019-12-03 18:01:00,44.84,44.84,44.37,44.51,7650.019034
2019-12-03 18:00:00,44.94,44.94,44.76,44.84,2195.077587
2019-12-03 17:59:00,44.92,44.97,44.87,44.93,527.348136
2019-12-03 17:58:00,45.03,45.04,44.92,44.92,965.579416
2019-12-03 17:57:00,45.13,45.13,44.95,45.02,2025.538109
2019-12-03 17:56:00,45.14,45.15,45.13,45.14,111.365749
2019-12-03 17:55:00,45.17,45.17,45.15,45.15,65.206426
2019-12-03 17:54:00,45.17,45.2,45.16,45.17,55.591526
2019-12-03 17:53:00,45.2,45.2,45.16,45.16,134.559931
2019-12-03 17:52:00,45.2,45.21,45.17,45.21,102.411334
2019-12-03 17:51:00,45.15,45.18,45.12,45.16,284.949658
2019-12-03 17:50:00,45.23,45.23,45.13,45.16,611.329376
2019-12-03 17:49:00,45.31,45.31,45.25,45.25,388.696848
2019-12-03 17:48:00,45.37,45.37,45.33,45.33,140.58787
2019-12-03 17:47:00,45.34,45.37,45.34,45.37,391.085204
2019-12-03 17:46:00,45.35,45.37,45.35,45.35,6.302176
2019-12-03 17:45:00,45.33,45.33,45.33,45.33,0.7284
2019-12-03 17:44:00,45.36,45.36,45.31,45.32,107.831877
2019-12-03 17:43:00,45.29,45.35,45.29,45.35,14.997135
2019-12-03 17:42:00,45.27,45.29,45.25,45.29,207.831885
2019-12-03 17:41:00,45.26,45.27,45.25,45.27,803.000882
2019-12-03 17:40:00,45.21,45.31,45.21,45.28,1706.773315
2019-12-03 17:39:00,45.21,45.23,45.21,45.21,73.865684
2019-12-03 17:38:00,45.2,45.25,45.2,45.21,147.420559
2019-12-03 17:37:00,45.19,45.22,45.16,45.19,1339.724963
2019-12-03 17:36:00,45.4,45.52,45.16,45.2,5859.24504
2019-12-03 17:35:00,45.22,45.4,45.13,45.39,5924.723528
2019-12-03 17:34:00,45.37,45.38,45.22,45.23,491.494567
2019-12-03 17:33:00,45.5,45.5,45.37,45.38,609.139364
2019-12-03 17:32:00,45.51,45.51,45.51,45.51,1.5381
2019-12-03 17:31:00,45.51,45.51,45.5,45.5,14.668108
2019-12-03 17:30:00,45.51,45.51,45.51,45.51,3.4684
2019-12-03 17:29:00,45.58,45.58,45.55,45.55,4.046096
2019-12-03 17:28:00,45.6,45.6,45.58,45.58,0.721268
2019-12-03 17:27:00,45.59,45.6,45.59,45.6,1.686848
2019-12-03 17:26:00,45.56,45.58,45.56,45.58,43.540779
2019-12-03 17:25:00,45.56,45.56,45.55,45.56,0.962189
2019-12-03 17:24:00,45.5,45.55,45.5,45.55,45.197678
2019-12-03 17:23:00,45.49,45.49,45.49,45.49,68.4232
2019-12-03 17:22:00,45.5,45.5,45.5,45.5,2.171602
2019-12-03 17:21:00,45.51,45.51,45.51,45.51,28.7136
2019-12-03 17:20:00,45.47,45.5,45.47,45.5,5.379754
2019-12-03 17:19:00,45.46,45.5,45.46,45.48,3.11544
2019-12-03 17:18:00,45.46,45.49,45.46,45.47,184.826788
2019-12-03 17:17:00,45.46,45.46,45.45,45.45,85.412008
2019-12-03 17:16:00,45.47,45.49,45.47,45.47,40.210022
2019-12-03 17:15:00,45.49,45.5,45.47,45.47,294.338904
2019-12-03 17:14:00,45.49,45.53,45.49,45.49,242.554985
2019-12-03 17:13:00,45.53,45.53,45.45,45.5,968.655763
2019-12-03 17:12:00,45.58,45.58,45.52,45.53,239.586111
2019-12-03 17:11:00,45.65,45.65,45.57,45.59,938.707527
2019-12-03 17:10:00,45.65,45.65,45.65,45.65,0.692
2019-12-03 17:09:00,45.63,45.65,45.63,45.64,184.601693
2019-12-03 17:08:00,45.64,45.65,45.62,45.65,143.474157
2019-12-03 17:07:00,45.65,45.67,45.65,45.67,796.457881
2019-12-03 17:06:00,45.68,45.68,45.65,45.65,52.642266
2019-12-03 17:05:00,45.68,45.68,45.68,45.68,2.527528
2019-12-03 17:04:00,45.68,45.71,45.68,45.69,40.703513
2019-12-03 17:03:00,45.66,45.67,45.66,45.67,0.490014
2019-12-03 17:02:00,45.69,45.69,45.66,45.66,68.200463
2019-12-03 17:01:00,45.76,45.76,45.7,45.73,112.358208
2019-12-03 17:00:00,45.67,45.76,45.67,45.76,191.043729
2019-12-03 16:59:00,45.64,45.64,45.64,45.64,0
2019-12-03 16:58:00,45.65,45.66,45.64,45.64,77.688891
2019-12-03 16:57:00,45.6,45.65,45.6,45.65,38.329822
2019-12-03 16:56:00,45.62,45.63,45.56,45.6,669.598447
2019-12-03 16:55:00,45.61,45.62,45.61,45.62,166.522193
2019-12-03 16:54:00,45.62,45.62,45.62,45.62,2.346691
2019-12-03 16:53:00,45.61,45.62,45.59,45.62,32.240069
2019-12-03 16:52:00,45.62,45.63,45.62,45.63,13.81088
2019-12-03 16:51:00,45.59,45.62,45.59,45.62,24.685731
2019-12-03 16:50:00,45.59,45.59,45.59,45.59,75.692502
2019-12-03 16:49:00,45.6,45.6,45.6,45.6,0.5
2019-12-03 16:48:00,45.6,45.61,45.6,45.61,56.901318
2019-12-03 16:47:00,45.59,45.59,45.59,45.59,0.116245
2019-12-03 16:46:00,45.59,45.59,45.59,45.59,0
2019-12-03 16:45:00,45.56,45.59,45.56,45.59,18.58256
2019-12-03 16:44:00,45.61,45.61,45.56,45.57,9.506391
2019-12-03 16:43:00,45.6,45.61,45.6,45.61,35.838439
2019-12-03 16:42:00,45.6,45.6,45.59,45.59,72.838469
2019-12-03 16:41:00,45.61,45.62,45.59,45.6,19.681277
2019-12-03 16:40:00,45.56,45.61,45.55,45.61,180.368777
2019-12-03 16:39:00,45.56,45.56,45.56,45.56,0.507812
2019-12-03 16:38:00,45.55,45.56,45.54,45.56,3.41065
2019-12-03 16:37:00,45.55,45.55,45.54,45.55,7.580684
2019-12-03 16:36:00,45.5,45.55,45.5,45.55,13.935815
2019-12-03 16:35:00,45.48,45.49,45.48,45.49,78.080306
2019-12-03 16:34:00,45.51,45.51,45.49,45.49,162.492896
2019-12-03 16:33:00,45.49,45.52,45.49,45.51,175.343469
2019-12-03 16:32:00,45.51,45.52,45.5,45.5,126.919805
2019-12-03 16:31:00,45.53,45.53,45.52,45.52,14.1665
2019-12-03 16:30:00,45.52,45.53,45.52,45.52,184.927867
2019-12-03 16:29:00,45.54,45.54,45.48,45.52,211.263303
2019-12-03 16:28:00,45.51,45.54,45.51,45.54,89.112309
2019-12-03 16:27:00,45.57,45.57,45.51,45.53,80.66042
2019-12-03 16:26:00,45.58,45.58,45.58,45.58,2.227307
2019-12-03 16:25:00,45.57,45.57,45.57,45.57,0
2019-12-03 16:24:00,45.57,45.57,45.57,45.57,0
2019-12-03 16:23:00,45.58,45.58,45.57,45.57,1.389435
2019-12-03 16:22:00,45.57,45.58,45.57,45.58,2.936453
2019-12-03 16:21:00,45.53,45.57,45.53,45.56,294.13083
2019-12-03 16:20:00,45.51,45.53,45.51,45.53,15.437095
2019-12-03 16:19:00,45.48,45.51,45.48,45.51,0.212234
2019-12-03 16:18:00,45.46,45.47,45.46,45.47,5.021623
2019-12-03 16:17:00,45.46,45.46,45.46,45.46,0
2019-12-03 16:16:00,45.46,45.46,45.46,45.46,0.882857
2019-12-03 16:15:00,45.49,45.5,45.47,45.47,2.134435
2019-12-03 16:14:00,45.43,45.46,45.42,45.46,714.386946
2019-12-03 16:13:00,45.44,45.45,45.42,45.42,53.993207
2019-12-03 16:12:00,45.54,45.54,45.44,45.44,378.753062
2019-12-03 16:11:00,45.55,45.55,45.54,45.54,0.823175
2019-12-03 16:10:00,45.57,45.57,45.57,45.57,0
2019-12-03 16:09:00,45.58,45.58,45.55,45.57,154.874972
2019-12-03 16:08:00,45.56,45.57,45.56,45.57,4.925093
2019-12-03 16:07:00,45.55,45.57,45.54,45.56,237.581746
2019-12-03 16:06:00,45.54,45.6,45.54,45.55,322.508214
2019-12-03 16:05:00,45.54,45.54,45.52,45.52,29.703285
2019-12-03 16:04:00,45.49,45.53,45.49,45.52,228.062774
2019-12-03 16:03:00,45.44,45.49,45.44,45.49,69.449117
2019-12-03 16:02:00,45.41,45.41,45.41,45.41,0
2019-12-03 16:01:00,45.41,45.41,45.41,45.41,0.664335
2019-12-03 16:00:00,45.4,45.4,45.4,45.4,31.684353
2019-12-03 15:59:00,45.43,45.43,45.39,45.4,144.445118
2019-12-03 15:58:00,45.44,45.44,45.43,45.43,41.532845
2019-12-03 15:57:00,45.44,45.45,45.43,45.43,59.3825
2019-12-03 15:56:00,45.43,45.43,45.43,45.43,6.84324
2019-12-03 15:55:00,45.44,45.47,45.42,45.46,143.558021
2019-12-03 15:54:00,45.47,45.49,45.45,45.45,111.647178
2019-12-03 15:53:00,45.46,45.46,45.46,45.46,97.846123
2019-12-03 15:52:00,45.46,45.46,45.45,45.46,78.625805
2019-12-03 15:51:00,45.46,45.46,45.45,45.45,48.946576
2019-12-03 15:50:00,45.46,45.46,45.44,45.45,251.051706
2019-12-03 15:49:00,45.47,45.47,45.46,45.46,53.060327
2019-12-03 15:48:00,45.48,45.48,45.48,45.48,59.880439
2019-12-03 15:47:00,45.48,45.48,45.47,45.48,108.024882
2019-12-03 15:46:00,45.44,45.49,45.44,45.48,81.776635
2019-12-03 15:45:00,45.45,45.45,45.44,45.45,78.474425
2019-12-03 15:44:00,45.45,45.46,45.45,45.45,53.610327
2019-12-03 15:43:00,45.47,45.47,45.45,45.45,164.682698
2019-12-03 15:42:00,45.49,45.49,45.47,45.47,415.521353
2019-12-03 15:41:00,45.49,45.49,45.49,45.49,0
2019-12-03 15:40:00,45.5,45.5,45.47,45.49,30.383565
2019-12-03 15:39:00,45.52,45.52,45.5,45.5,137.230074
2019-12-03 15:38:00,45.53,45.53,45.52,45.52,74.6475
2019-12-03 15:37:00,45.55,45.56,45.54,45.55,216.271052
2019-12-03 15:36:00,45.56,45.56,45.56,45.56,26.291897
2019-12-03 15:35:00,45.52,45.57,45.52,45.57,47.816478
2019-12-03 15:34:00,45.56,45.57,45.52,45.52,252.088645
2019-12-03 15:33:00,45.53,45.57,45.52,45.56,95.430508
2019-12-03 15:32:00,45.55,45.55,45.52,45.52,133.839842
2019-12-03 15:31:00,45.58,45.58,45.58,45.58,0
2019-12-03 15:30:00,45.6,45.6,45.56,45.58,64.855774
2019-12-03 15:29:00,45.61,45.62,45.61,45.62,0.961687
2019-12-03 15:28:00,45.6,45.6,45.6,45.6,0.01
2019-12-03 15:27:00,45.6,45.62,45.59,45.61,99.609391
2019-12-03 15:26:00,45.61,45.62,45.57,45.62,190.237284
2019-12-03 15:25:00,45.64,45.64,45.6,45.61,60.964483
2019-12-03 15:24:00,45.62,45.63,45.62,45.63,25.999449
2019-12-03 15:23:00,45.61,45.61,45.6,45.61,48.660807
2019-12-03 15:22:00,45.63,45.63,45.61,45.61,100.321159
2019-12-03 15:21:00,45.64,45.64,45.63,45.63,103.662103
2019-12-03 15:20:00,45.65,45.65,45.65,45.65,0.017712
2019-12-03 15:19:00,45.68,45.68,45.66,45.66,35.573287
2019-12-03 15:18:00,45.62,45.67,45.62,45.67,290.849328
2019-12-03 15:17:00,45.59,45.62,45.59,45.62,23.36629
2019-12-03 15:16:00,45.6,45.61,45.6,45.61,2.628397
2019-12-03 15:15:00,45.58,45.6,45.58,45.6,57.2763
2019-12-03 15:14:00,45.58,45.59,45.57,45.57,43.240686
2019-12-03 15:13:00,45.52,45.58,45.52,45.58,22.318701
2019-12-03 15:12:00,45.55,45.55,45.53,45.53,118.691111
2019-12-03 15:11:00,45.56,45.59,45.56,45.59,55.59369
2019-12-03 15:10:00,45.59,45.59,45.55,45.55,538.649732
2019-12-03 15:09:00,45.53,45.59,45.53,45.59,623.945855
2019-12-03 15:08:00,45.5,45.52,45.48,45.52,84.116414
2019-12-03 15:07:00,45.52,45.52,45.48,45.48,538.125248
2019-12-03 15:06:00,45.51,45.52,45.5,45.52,249.077846
2019-12-03 15:05:00,45.52,45.52,45.49,45.5,148.330769
2019-12-03 15:04:00,45.55,45.55,45.52,45.52,22.337103
2019-12-03 15:03:00,45.53,45.58,45.53,45.55,390.136944
2019-12-03 15:02:00,45.6,45.6,45.53,45.53,166.424853
2019-12-03 15:01:00,45.65,45.65,45.6,45.6,69.065635
2019-12-03 15:00:00,45.68,45.68,45.66,45.66,24.25016
2019-12-03 14:59:00,45.71,45.71,45.68,45.68,1020.307584
2019-12-03 14:58:00,45.72,45.72,45.72,45.72,0.000032
2019-12-03 14:57:00,45.73,45.74,45.71,45.72,123.409936
2019-12-03 14:56:00,45.66,45.77,45.66,45.71,840.73442
2019-12-03 14:55:00,45.63,45.66,45.63,45.66,40.207831
2019-12-03 14:54:00,45.62,45.62,45.59,45.62,279.316105
2019-12-03 14:53:00,45.64,45.65,45.62,45.62,161.14051
2019-12-03 14:52:00,45.64,45.66,45.63,45.64,614.530003
2019-12-03 14:51:00,45.58,45.63,45.58,45.63,64.723216
2019-12-03 14:50:00,45.57,45.57,45.57,45.57,38.750273
2019-12-03 14:49:00,45.51,45.57,45.51,45.57,266.821173
2019-12-03 14:48:00,45.47,45.52,45.47,45.5,379.646755
2019-12-03 14:47:00,45.52,45.52,45.47,45.47,351.229539
2019-12-03 14:46:00,45.51,45.52,45.49,45.52,683.621661
2019-12-03 14:45:00,45.55,45.55,45.51,45.51,102.461647
2019-12-03 14:44:00,45.52,45.55,45.5,45.54,181.295345
2019-12-03 14:43:00,45.53,45.55,45.51,45.53,263.698709
2019-12-03 14:42:00,45.52,45.53,45.52,45.53,73.230886
2019-12-03 14:41:00,45.47,45.52,45.47,45.52,502.730784
2019-12-03 14:40:00,45.46,45.46,45.46,45.46,0.383994
2019-12-03 14:39:00,45.46,45.46,45.46,45.46,140.612936
2019-12-03 14:38:00,45.47,45.48,45.44,45.44,162.915174
2019-12-03 14:37:00,45.49,45.49,45.47,45.47,396.214943
2019-12-03 14:36:00,45.54,45.54,45.5,45.5,41.109017
2019-12-03 14:35:00,45.53,45.54,45.53,45.54,46.372814
2019-12-03 14:34:00,45.5,45.53,45.5,45.53,75.549013
2019-12-03 14:33:00,45.49,45.51,45.49,45.5,172.839872
2019-12-03 14:32:00,45.47,45.48,45.47,45.48,148.908142
2019-12-03 14:31:00,45.47,45.47,45.47,45.47,7.521534
2019-12-03 14:30:00,45.44,45.49,45.44,45.49,45.198876
2019-12-03 14:29:00,45.44,45.44,45.44,45.44,5.474998
2019-12-03 14:28:00,45.49,45.49,45.45,45.45,6.558629
2019-12-03 14:27:00,45.49,45.5,45.49,45.5,15.13911
2019-12-03 14:26:00,45.48,45.49,45.45,45.49,144.331097
2019-12-03 14:25:00,45.49,45.5,45.47,45.47,363.097108
2019-12-03 14:24:00,45.53,45.54,45.49,45.51,206.988077
2019-12-03 14:23:00,45.51,45.53,45.51,45.52,222.69898
2019-12-03 14:22:00,45.52,45.52,45.51,45.51,185.671665
2019-12-03 14:21:00,45.48,45.5,45.48,45.49,83.40383
2019-12-03 14:20:00,45.46,45.48,45.46,45.48,90.059376
2019-12-03 14:19:00,45.41,45.46,45.4,45.46,425.460844
2019-12-03 14:18:00,45.41,45.42,45.41,45.41,173.442763
2019-12-03 14:17:00,45.41,45.41,45.39,45.41,424.535708
2019-12-03 14:16:00,45.4,45.41,45.4,45.4,169.434875
2019-12-03 14:15:00,45.38,45.39,45.38,45.39,24.775315
2019-12-03 14:14:00,45.4,45.4,45.37,45.38,207.442644
2019-12-03 14:13:00,45.38,45.42,45.37,45.4,75.480779
2019-12-03 14:12:00,45.36,45.38,45.35,45.37,329.883987
2019-12-03 14:11:00,45.37,45.37,45.36,45.37,95.048
2019-12-03 14:10:00,45.34,45.37,45.34,45.36,528.527143
2019-12-03 14:09:00,45.34,45.38,45.34,45.34,195.238446
2019-12-03 14:08:00,45.36,45.36,45.34,45.34,1.053023
2019-12-03 14:07:00,45.38,45.39,45.38,45.38,211.891962
2019-12-03 14:06:00,45.33,45.37,45.32,45.37,128.417404
2019-12-03 14:05:00,45.32,45.33,45.3,45.3,47.004758
2019-12-03 14:04:00,45.26,45.32,45.26,45.3,11.467303
2019-12-03 14:03:00,45.27,45.27,45.26,45.26,14.87418
2019-12-03 14:02:00,45.27,45.27,45.26,45.27,135.437482
2019-12-03 14:01:00,45.3,45.3,45.28,45.28,74.214231
2019-12-03 14:00:00,45.3,45.3,45.29,45.3,54.953687
2019-12-03 13:59:00,45.36,45.38,45.34,45.34,318.3855
2019-12-03 13:58:00,45.3,45.37,45.3,45.36,191.474923
2019-12-03 13:57:00,45.26,45.32,45.26,45.3,178.37593
2019-12-03 13:56:00,45.25,45.26,45.21,45.26,265.32059
2019-12-03 13:55:00,45.23,45.31,45.22,45.25,1909.341371
2019-12-03 13:54:00,45.28,45.28,45.22,45.23,567.254298
2019-12-03 13:53:00,45.35,45.35,45.27,45.27,71.208215
2019-12-03 13:52:00,45.32,45.36,45.32,45.35,115.353356
2019-12-03 13:51:00,45.39,45.4,45.34,45.34,142.936508
2019-12-03 13:50:00,45.46,45.46,45.37,45.4,414.095952
2019-12-03 13:49:00,45.44,45.46,45.44,45.45,203.836096
2019-12-03 13:48:00,45.42,45.44,45.42,45.43,190.481148
2019-12-03 13:47:00,45.41,45.42,45.4,45.42,117.756045
2019-12-03 13:46:00,45.35,45.41,45.34,45.41,110.11496
2019-12-03 13:45:00,45.38,45.38,45.33,45.35,37.868732
2019-12-03 13:44:00,45.33,45.36,45.33,45.35,239.882124
2019-12-03 13:43:00,45.39,45.39,45.33,45.33,12.661563
2019-12-03 13:42:00,45.33,45.38,45.33,45.38,167.492374
2019-12-03 13:41:00,45.33,45.37,45.33,45.33,151.349313
2019-12-03 13:40:00,45.37,45.39,45.3,45.33,431.564951
2019-12-03 13:39:00,45.39,45.4,45.37,45.37,304.723393
2019-12-03 13:38:00,45.39,45.41,45.38,45.41,89.899767
2019-12-03 13:37:00,45.45,45.46,45.38,45.39,322.479222
2019-12-03 13:36:00,45.45,45.47,45.44,45.45,69.306939
2019-12-03 13:35:00,45.44,45.46,45.43,45.44,120.341034
2019-12-03 13:34:00,45.46,45.47,45.43,45.43,296.522579
2019-12-03 13:33:00,45.47,45.47,45.42,45.46,880.5784
2019-12-03 13:32:00,45.45,45.5,45.45,45.47,304.624887
2019-12-03 13:31:00,45.4,45.44,45.39,45.44,716.259474
2019-12-03 13:30:00,45.43,45.43,45.38,45.4,541.908261
2019-12-03 13:29:00,45.47,45.47,45.42,45.42,396.402273
2019-12-03 13:28:00,45.44,45.46,45.43,45.46,494.293204
2019-12-03 13:27:00,45.5,45.5,45.41,45.42,479.178744
2019-12-03 13:26:00,45.52,45.52,45.51,45.51,63.911623
2019-12-03 13:25:00,45.53,45.53,45.51,45.53,118.774884
2019-12-03 13:24:00,45.52,45.56,45.52,45.54,193.112897
2019-12-03 13:23:00,45.52,45.52,45.5,45.52,55.910647
2019-12-03 13:22:00,45.57,45.57,45.53,45.53,103.039825
2019-12-03 13:21:00,45.53,45.57,45.53,45.57,152.293902
2019-12-03 13:20:00,45.55,45.55,45.53,45.53,86.562063
2019-12-03 13:19:00,45.49,45.53,45.49,45.53,398.342713
2019-12-03 13:18:00,45.5,45.5,45.49,45.49,56.649779
2019-12-03 13:17:00,45.55,45.55,45.51,45.51,34.321259
2019-12-03 13:16:00,45.55,45.55,45.54,45.54,105.94457
2019-12-03 13:15:00,45.55,45.55,45.53,45.54,106.694187
2019-12-03 13:14:00,45.56,45.56,45.54,45.55,135.291506
2019-12-03 13:13:00,45.58,45.58,45.54,45.56,654.355898
2019-12-03 13:12:00,45.57,45.6,45.57,45.59,262.455864
2019-12-03 13:11:00,45.54,45.57,45.54,45.56,35.910275
2019-12-03 13:10:00,45.54,45.57,45.54,45.56,65.666376
2019-12-03 13:09:00,45.59,45.59,45.53,45.53,403.219938
2019-12-03 13:08:00,45.52,45.61,45.51,45.58,1335.883459
2019-12-03 13:07:00,45.51,45.52,45.49,45.52,296.070647
2019-12-03 13:06:00,45.5,45.5,45.48,45.49,52.747789
2019-12-03 13:05:00,45.49,45.51,45.49,45.51,3.906557
2019-12-03 13:04:00,45.5,45.51,45.49,45.49,377.279875
2019-12-03 13:03:00,45.45,45.51,45.43,45.51,541.339004
2019-12-03 13:02:00,45.52,45.52,45.46,45.46,195.718063
2019-12-03 13:01:00,45.51,45.52,45.51,45.52,9.538945
2019-12-03 13:00:00,45.51,45.51,45.51,45.51,0.2
2019-12-03 12:59:00,45.55,45.55,45.52,45.52,506.838595
2019-12-03 12:58:00,45.58,45.58,45.54,45.54,371.850534
2019-12-03 12:57:00,45.56,45.57,45.55,45.57,93.496912
2019-12-03 12:56:00,45.56,45.58,45.56,45.58,100.149002
2019-12-03 12:55:00,45.52,45.59,45.52,45.57,503.958399
2019-12-03 12:54:00,45.5,45.53,45.5,45.52,125.863273
2019-12-03 12:53:00,45.54,45.55,45.53,45.53,193.173037
2019-12-03 12:52:00,45.52,45.54,45.52,45.53,258.212076
2019-12-03 12:51:00,45.54,45.55,45.53,45.53,105.365353
2019-12-03 12:50:00,45.47,45.53,45.47,45.51,874.03305
2019-12-03 12:49:00,45.52,45.52,45.49,45.49,132.892984
2019-12-03 12:48:00,45.53,45.53,45.52,45.53,53.785654
2019-12-03 12:47:00,45.54,45.54,45.52,45.52,140.232592
2019-12-03 12:46:00,45.52,45.55,45.52,45.55,663.379635
2019-12-03 12:45:00,45.52,45.53,45.52,45.52,137.570463
2019-12-03 12:44:00,45.52,45.52,45.51,45.52,261.67216
2019-12-03 12:43:00,45.55,45.55,45.5,45.54,678.022441
2019-12-03 12:42:00,45.53,45.54,45.52,45.54,97.940385
2019-12-03 12:41:00,45.53,45.54,45.51,45.51,246.988828
2019-12-03 12:40:00,45.62,45.65,45.51,45.52,814.712981
2019-12-03 12:39:00,45.66,45.66,45.63,45.63,59.416678
2019-12-03 12:38:00,45.65,45.66,45.65,45.66,196.788234
2019-12-03 12:37:00,45.64,45.69,45.63,45.68,242.034825
2019-12-03 12:36:00,45.6,45.67,45.56,45.63,1464.822246
2019-12-03 12:35:00,45.66,45.67,45.62,45.62,372.74007
2019-12-03 12:34:00,45.66,45.66,45.65,45.66,41.627265
2019-12-03 12:33:00,45.68,45.69,45.67,45.67,74.471355
2019-12-03 12:32:00,45.65,45.7,45.65,45.68,286.909042
2019-12-03 12:31:00,45.63,45.66,45.63,45.65,314.873957
2019-12-03 12:30:00,45.61,45.62,45.61,45.62,116.535123
2019-12-03 12:29:00,45.6,45.61,45.6,45.6,221.845603
2019-12-03 12:28:00,45.59,45.61,45.59,45.61,321.154397
2019-12-03 12:27:00,45.63,45.65,45.57,45.59,395.866657
2019-12-03 12:26:00,45.66,45.67,45.62,45.63,237.856454
2019-12-03 12:25:00,45.66,45.66,45.66,45.66,142.468796
2019-12-03 12:24:00,45.67,45.7,45.66,45.66,184.950205
2019-12-03 12:23:00,45.68,45.69,45.66,45.66,101.306819
2019-12-03 12:22:00,45.7,45.71,45.67,45.71,413.4405
2019-12-03 12:21:00,45.65,45.7,45.63,45.7,738.880135
2019-12-03 12:20:00,45.7,45.7,45.67,45.67,1.522885
2019-12-03 12:19:00,45.72,45.73,45.7,45.71,259.568982
2019-12-03 12:18:00,45.73,45.73,45.73,45.73,54.839751
2019-12-03 12:17:00,45.76,45.76,45.73,45.73,125.428278
2019-12-03 12:16:00,45.78,45.78,45.75,45.77,94.254621
2019-12-03 12:15:00,45.83,45.83,45.78,45.78,100.656408
2019-12-03 12:14:00,45.85,45.85,45.83,45.84,271.155001
2019-12-03 12:13:00,45.84,45.85,45.83,45.85,256.698001
2019-12-03 12:12:00,45.84,45.85,45.84,45.84,203.082849
2019-12-03 12:11:00,45.84,45.84,45.84,45.84,71.5076
2019-12-03 12:10:00,45.87,45.87,45.85,45.85,83.373184
2019-12-03 12:09:00,45.87,45.89,45.87,45.87,188.490966
2019-12-03 12:08:00,45.86,45.86,45.86,45.86,0
2019-12-03 12:07:00,45.86,45.89,45.86,45.86,115.999291
2019-12-03 12:06:00,45.85,45.85,45.85,45.85,0
2019-12-03 12:05:00,45.84,45.87,45.84,45.85,257.068682
2019-12-03 12:04:00,45.83,45.84,45.83,45.84,331.826385
2019-12-03 12:03:00,45.81,45.83,45.81,45.83,243.783555
2019-12-03 12:02:00,45.78,45.82,45.78,45.81,172.405551
2019-12-03 12:01:00,45.78,45.78,45.78,45.78,0
2019-12-03 12:00:00,45.78,45.79,45.77,45.78,170.680746
2019-12-03 11:59:00,45.76,45.78,45.76,45.78,57.70872
2019-12-03 11:58:00,45.74,45.76,45.74,45.76,36.44112
2019-12-03 11:57:00,45.69,45.74,45.69,45.73,212.621686
2019-12-03 11:56:00,45.71,45.71,45.69,45.69,177.47141
2019-12-03 11:55:00,45.7,45.7,45.7,45.7,26.52388
2019-12-03 11:54:00,45.71,45.71,45.71,45.71,22.173066
2019-12-03 11:53:00,45.7,45.7,45.7,45.7,0
2019-12-03 11:52:00,45.7,45.7,45.69,45.7,29.683007
2019-12-03 11:51:00,45.71,45.71,45.65,45.67,210.371566
2019-12-03 11:50:00,45.69,45.71,45.69,45.71,112.994012
2019-12-03 11:49:00,45.66,45.68,45.66,45.68,40.007745
2019-12-03 11:48:00,45.71,45.71,45.67,45.67,16.279764
2019-12-03 11:47:00,45.71,45.72,45.71,45.72,71.432123
2019-12-03 11:46:00,45.69,45.72,45.69,45.69,297.542841
2019-12-03 11:45:00,45.66,45.66,45.66,45.66,0
2019-12-03 11:44:00,45.67,45.68,45.64,45.66,77.509322
2019-12-03 11:43:00,45.64,45.66,45.64,45.66,2.730045
2019-12-03 11:42:00,45.65,45.65,45.63,45.64,53.333379
2019-12-03 11:41:00,45.61,45.66,45.61,45.66,125.760214
2019-12-03 11:40:00,45.63,45.63,45.62,45.62,197.511111
2019-12-03 11:39:00,45.72,45.74,45.63,45.63,603.294054
2019-12-03 11:38:00,45.72,45.73,45.71,45.73,58.863524
2019-12-03 11:37:00,45.73,45.73,45.72,45.72,48.297112
2019-12-03 11:36:00,45.72,45.73,45.72,45.73,22.064503
2019-12-03 11:35:00,45.74,45.74,45.72,45.72,137.919029
2019-12-03 11:34:00,45.74,45.75,45.74,45.75,38.99
2019-12-03 11:33:00,45.74,45.75,45.72,45.74,204.024445
2019-12-03 11:32:00,45.71,45.75,45.71,45.75,170.86761
2019-12-03 11:31:00,45.71,45.71,45.71,45.71,0.155141
2019-12-03 11:30:00,45.71,45.71,45.71,45.71,8.7
2019-12-03 11:29:00,45.64,45.72,45.64,45.72,6022.072718
2019-12-03 11:28:00,45.65,45.65,45.64,45.64,46.106965
2019-12-03 11:27:00,45.64,45.64,45.64,45.64,41.080753
2019-12-03 11:26:00,45.62,45.65,45.61,45.64,228.509426
2019-12-03 11:25:00,45.68,45.68,45.64,45.64,88.823159
2019-12-03 11:24:00,45.67,45.67,45.67,45.67,0
2019-12-03 11:23:00,45.67,45.67,45.67,45.67,37.749913
2019-12-03 11:22:00,45.68,45.68,45.68,45.68,11.782838
2019-12-03 11:21:00,45.64,45.68,45.64,45.67,326.484594
2019-12-03 11:20:00,45.65,45.65,45.64,45.64,65.010073
2019-12-03 11:19:00,45.66,45.67,45.66,45.67,17.976556
2019-12-03 11:18:00,45.66,45.66,45.64,45.64,50.834738
2019-12-03 11:17:00,45.67,45.7,45.65,45.67,1024.215801
2019-12-03 11:16:00,45.76,45.76,45.66,45.67,798.40015
2019-12-03 11:15:00,45.73,45.74,45.73,45.74,20.951666
2019-12-03 11:14:00,45.79,45.79,45.71,45.73,1004.641837
2019-12-03 11:13:00,45.87,45.89,45.8,45.8,647.129532
2019-12-03 11:12:00,45.86,45.89,45.86,45.89,100.691492
2019-12-03 11:11:00,45.88,45.88,45.86,45.87,166.702544
2019-12-03 11:10:00,45.88,45.88,45.88,45.88,21.795989
2019-12-03 11:09:00,45.88,45.92,45.88,45.88,446.238661
2019-12-03 11:08:00,45.89,45.9,45.87,45.89,126.1759
2019-12-03 11:07:00,45.9,45.9,45.9,45.9,0
2019-12-03 11:06:00,45.9,45.9,45.89,45.9,228.733811
2019-12-03 11:05:00,45.89,45.9,45.89,45.9,130.085307
2019-12-03 11:04:00,45.83,45.87,45.83,45.87,58.980025
2019-12-03 11:03:00,45.82,45.83,45.82,45.83,14.372836
2019-12-03 11:02:00,45.82,45.84,45.82,45.84,258.531126
2019-12-03 11:01:00,45.81,45.82,45.79,45.81,63.152184
2019-12-03 11:00:00,45.79,45.82,45.79,45.82,72.942806
2019-12-03 10:59:00,45.78,45.78,45.78,45.78,15.56
2019-12-03 10:58:00,45.8,45.8,45.75,45.76,54.132895
2019-12-03 10:57:00,45.81,45.81,45.81,45.81,27.9747
2019-12-03 10:56:00,45.76,45.8,45.76,45.8,296.643031
2019-12-03 10:55:00,45.75,45.78,45.75,45.76,570.885487
2019-12-03 10:54:00,45.74,45.75,45.74,45.74,43.279992
2019-12-03 10:53:00,45.75,45.76,45.75,45.75,45.204763
2019-12-03 10:52:00,45.75,45.75,45.72,45.73,79.511263
2019-12-03 10:51:00,45.74,45.77,45.72,45.77,143.4968
2019-12-03 10:50:00,45.74,45.77,45.71,45.75,530.187926
2019-12-03 10:49:00,45.82,45.82,45.74,45.75,116.175564
2019-12-03 10:48:00,45.84,45.84,45.83,45.84,38.009822
2019-12-03 10:47:00,45.85,45.85,45.85,45.85,10.514453
2019-12-03 10:46:00,45.89,45.89,45.86,45.88,127.254168
2019-12-03 10:45:00,45.89,45.89,45.87,45.88,74.693192
2019-12-03 10:44:00,45.88,45.9,45.88,45.89,313.573153
2019-12-03 10:43:00,45.88,45.89,45.88,45.88,34.563307
2019-12-03 10:42:00,45.88,45.88,45.87,45.88,7.873166
2019-12-03 10:41:00,45.89,45.89,45.89,45.89,0.21604
2019-12-03 10:40:00,45.86,45.9,45.86,45.87,305.370726
2019-12-03 10:39:00,45.87,45.87,45.86,45.86,49.005242
2019-12-03 10:38:00,45.85,45.88,45.84,45.86,130.498374
2019-12-03 10:37:00,45.86,45.88,45.85,45.85,181.310937
2019-12-03 10:36:00,45.85,45.87,45.84,45.87,72.090725
2019-12-03 10:35:00,45.85,45.87,45.85,45.87,124.378615
2019-12-03 10:34:00,45.82,45.85,45.82,45.83,68.938101
2019-12-03 10:33:00,45.82,45.82,45.82,45.82,119.058636
2019-12-03 10:32:00,45.84,45.86,45.83,45.83,111.388081
2019-12-03 10:31:00,45.85,45.85,45.84,45.84,51.598093
2019-12-03 10:30:00,45.87,45.87,45.86,45.86,63.916939
2019-12-03 10:29:00,45.84,45.88,45.84,45.86,182.409722
2019-12-03 10:28:00,45.88,45.88,45.84,45.84,185.995152
2019-12-03 10:27:00,45.87,45.89,45.86,45.88,105.330491
2019-12-03 10:26:00,45.83,45.89,45.83,45.88,418.37356
2019-12-03 10:25:00,45.85,45.86,45.83,45.84,167.476275
2019-12-03 10:24:00,45.82,45.85,45.82,45.84,207.710184
2019-12-03 10:23:00,45.84,45.85,45.82,45.82,108.005235
2019-12-03 10:22:00,45.83,45.84,45.83,45.84,16.185807
2019-12-03 10:21:00,45.79,45.83,45.79,45.82,262.147256
2019-12-03 10:20:00,45.75,45.8,45.75,45.8,22.806792
2019-12-03 10:19:00,45.74,45.75,45.73,45.75,68.82247
2019-12-03 10:18:00,45.74,45.75,45.73,45.75,139.98293
2019-12-03 10:17:00,45.75,45.76,45.73,45.75,318.744235
2019-12-03 10:16:00,45.75,45.75,45.75,45.75,43.873692
2019-12-03 10:15:00,45.73,45.73,45.73,45.73,0
2019-12-03 10:14:00,45.73,45.77,45.73,45.73,136.032944
2019-12-03 10:13:00,45.74,45.74,45.73,45.74,174.896083
2019-12-03 10:12:00,45.73,45.74,45.73,45.73,219.512286
2019-12-03 10:11:00,45.73,45.74,45.71,45.72,66.266862
2019-12-03 10:10:00,45.68,45.73,45.68,45.73,163.458582
2019-12-03 10:09:00,45.7,45.7,45.69,45.69,36.870597
2019-12-03 10:08:00,45.69,45.7,45.69,45.69,0.603715
2019-12-03 10:07:00,45.67,45.71,45.67,45.69,127.320492
2019-12-03 10:06:00,45.68,45.71,45.68,45.68,66.647404
2019-12-03 10:05:00,45.73,45.73,45.69,45.7,235.630247
2019-12-03 10:04:00,45.75,45.75,45.73,45.73,11.787478
2019-12-03 10:03:00,45.8,45.8,45.77,45.77,15.204397
2019-12-03 10:02:00,45.8,45.81,45.8,45.8,108.714271
2019-12-03 10:01:00,45.78,45.81,45.78,45.81,92.212238
2019-12-03 10:00:00,45.76,45.76,45.76,45.76,193.146573
2019-12-03 09:59:00,45.77,45.78,45.76,45.76,213.908261
2019-12-03 09:58:00,45.76,45.77,45.76,45.77,75.416759
2019-12-03 09:57:00,45.77,45.78,45.76,45.78,189.423974
2019-12-03 09:56:00,45.79,45.82,45.78,45.78,360.539768
2019-12-03 09:55:00,45.79,45.8,45.79,45.8,197.578511
2019-12-03 09:54:00,45.78,45.8,45.78,45.8,66.533066
2019-12-03 09:53:00,45.74,45.75,45.73,45.75,96.503823
2019-12-03 09:52:00,45.77,45.77,45.75,45.75,58.526958
2019-12-03 09:51:00,45.77,45.78,45.77,45.77,89.6725
2019-12-03 09:50:00,45.79,45.79,45.75,45.76,139.948558
2019-12-03 09:49:00,45.8,45.82,45.8,45.8,230.257156
2019-12-03 09:48:00,45.79,45.79,45.79,45.79,8.699999
2019-12-03 09:47:00,45.81,45.81,45.8,45.8,4.001754
2019-12-03 09:46:00,45.75,45.81,45.75,45.81,101.967352
2019-12-03 09:45:00,45.75,45.75,45.75,45.75,5.053415
2019-12-03 09:44:00,45.75,45.79,45.73,45.76,116.178216
2019-12-03 09:43:00,45.72,45.77,45.72,45.77,44.522188
2019-12-03 09:42:00,45.75,45.75,45.72,45.72,73.663613
2019-12-03 09:41:00,45.76,45.77,45.75,45.75,225.452561
2019-12-03 09:40:00,45.7,45.75,45.7,45.75,89.748177
2019-12-03 09:39:00,45.68,45.71,45.68,45.7,88.640048
2019-12-03 09:38:00,45.72,45.72,45.7,45.7,1.073456
2019-12-03 09:37:00,45.71,45.73,45.7,45.72,177.680682
2019-12-03 09:36:00,45.72,45.77,45.7,45.71,451.189764
2019-12-03 09:35:00,45.66,45.72,45.66,45.72,110.281618
2019-12-03 09:34:00,45.72,45.72,45.66,45.67,243.743065
2019-12-03 09:33:00,45.78,45.78,45.72,45.75,186.14128
2019-12-03 09:32:00,45.82,45.82,45.79,45.79,4.924718
2019-12-03 09:31:00,45.81,45.81,45.81,45.81,0
2019-12-03 09:30:00,45.81,45.81,45.81,45.81,2.469468
2019-12-03 09:29:00,45.82,45.83,45.8,45.81,578.216405
2019-12-03 09:28:00,45.81,45.83,45.79,45.83,89.639402
2019-12-03 09:27:00,45.83,45.83,45.82,45.82,61.517405
2019-12-03 09:26:00,45.81,45.82,45.81,45.82,15.395481
2019-12-03 09:25:00,45.81,45.83,45.79,45.79,155.332548
2019-12-03 09:24:00,45.8,45.8,45.8,45.8,61.243161
2019-12-03 09:23:00,45.79,45.81,45.79,45.81,2115.694816
2019-12-03 09:22:00,45.79,45.79,45.79,45.79,0
2019-12-03 09:21:00,45.78,45.79,45.78,45.79,9.286496
2019-12-03 09:20:00,45.79,45.79,45.75,45.78,133.81789
2019-12-03 09:19:00,45.82,45.82,45.8,45.8,96.335541
2019-12-03 09:18:00,45.88,45.88,45.83,45.83,149.395663
2019-12-03 09:17:00,45.88,45.89,45.88,45.88,49.75242
2019-12-03 09:16:00,45.89,45.9,45.87,45.88,182.92193
2019-12-03 09:15:00,45.89,45.89,45.88,45.88,359.937848
2019-12-03 09:14:00,45.88,45.91,45.88,45.89,124.778737
2019-12-03 09:13:00,45.9,45.91,45.86,45.88,82.004537
2019-12-03 09:12:00,45.95,45.96,45.91,45.91,67.584277
2019-12-03 09:11:00,45.92,45.95,45.92,45.95,341.88987
2019-12-03 09:10:00,45.89,45.92,45.89,45.92,141.93153
2019-12-03 09:09:00,45.89,45.89,45.87,45.88,74.456782
2019-12-03 09:08:00,45.9,45.9,45.89,45.89,3.261329
2019-12-03 09:07:00,45.88,45.88,45.88,45.88,0
2019-12-03 09:06:00,45.87,45.88,45.87,45.88,39.026348
2019-12-03 09:05:00,45.89,45.89,45.87,45.87,2.76584
2019-12-03 09:04:00,45.87,45.89,45.87,45.89,1.079926
2019-12-03 09:03:00,45.87,45.88,45.86,45.87,139.213165
2019-12-03 09:02:00,45.82,45.85,45.82,45.85,3.588951
2019-12-03 09:01:00,45.89,45.89,45.82,45.82,47.864394
2019-12-03 09:00:00,45.84,45.89,45.83,45.89,114.042097
2019-12-03 08:59:00,45.85,45.85,45.84,45.85,69.547992
2019-12-03 08:58:00,45.86,45.86,45.84,45.85,120.596078
2019-12-03 08:57:00,45.9,45.9,45.87,45.87,110.404326
2019-12-03 08:56:00,45.92,45.92,45.91,45.91,24.512794
2019-12-03 08:55:00,45.93,45.93,45.9,45.91,35.858129
2019-12-03 08:54:00,45.92,45.94,45.92,45.94,36.089802
2019-12-03 08:53:00,45.9,45.93,45.9,45.93,64.450253
2019-12-03 08:52:00,45.89,45.89,45.89,45.89,68.15057
2019-12-03 08:51:00,45.87,45.87,45.86,45.86,25.585788
2019-12-03 08:50:00,45.86,45.88,45.86,45.88,367.854478
2019-12-03 08:49:00,45.89,45.89,45.86,45.86,11.246885
2019-12-03 08:48:00,46.01,46.01,45.88,45.88,30.992345
2019-12-03 08:47:00,46.05,46.05,46.02,46.02,152.840779
2019-12-03 08:46:00,46.03,46.05,46.02,46.05,101.444605
2019-12-03 08:45:00,46.1,46.12,46.03,46.04,346.296503
2019-12-03 08:44:00,46.07,46.09,46.07,46.09,89.660762
2019-12-03 08:43:00,46.04,46.07,46.03,46.07,1535.682892
2019-12-03 08:42:00,46.03,46.08,46.03,46.04,289.355967
2019-12-03 08:41:00,45.99,46.02,45.98,45.98,677.834478
2019-12-03 08:40:00,45.97,45.98,45.96,45.98,112.345241
2019-12-03 08:39:00,45.89,45.94,45.89,45.94,583.72968
2019-12-03 08:38:00,45.99,45.99,45.89,45.89,521.840652
2019-12-03 08:37:00,45.94,46,45.92,45.99,11.626033
2019-12-03 08:36:00,45.9,45.95,45.85,45.95,248.345205
2019-12-03 08:35:00,46.02,46.04,45.84,45.91,1401.264247
2019-12-03 08:34:00,46.04,46.12,46.03,46.03,1409.40773
2019-12-03 08:33:00,45.89,46.06,45.89,46.05,1752.417679
2019-12-03 08:32:00,45.79,45.91,45.79,45.9,1432.143127
2019-12-03 08:31:00,45.79,45.79,45.78,45.78,289.692666
2019-12-03 08:30:00,45.75,45.78,45.75,45.78,2.53186
2019-12-03 08:29:00,45.73,45.75,45.73,45.75,76.62205
2019-12-03 08:28:00,45.74,45.74,45.73,45.73,102.258897
2019-12-03 08:27:00,45.72,45.74,45.72,45.73,132.961492
2019-12-03 08:26:00,45.72,45.72,45.72,45.72,0
2019-12-03 08:25:00,45.73,45.73,45.72,45.72,66.044149
2019-12-03 08:24:00,45.7,45.73,45.7,45.73,194.101835
2019-12-03 08:23:00,45.69,45.69,45.68,45.68,80.206529
2019-12-03 08:22:00,45.67,45.69,45.67,45.69,25.43575
2019-12-03 08:21:00,45.69,45.69,45.66,45.66,244.91634
2019-12-03 08:20:00,45.67,45.68,45.67,45.68,199.610773
2019-12-03 08:19:00,45.67,45.69,45.66,45.68,34.254214
2019-12-03 08:18:00,45.67,45.67,45.66,45.66,64.582892
2019-12-03 08:17:00,45.65,45.67,45.65,45.67,32.975193
2019-12-03 08:16:00,45.65,45.65,45.64,45.65,6.682908
2019-12-03 08:15:00,45.64,45.67,45.62,45.67,337.608205
2019-12-03 08:14:00,45.64,45.64,45.63,45.63,14.835515
2019-12-03 08:13:00,45.58,45.61,45.58,45.61,1.356416
2019-12-03 08:12:00,45.58,45.6,45.58,45.58,2.221814
2019-12-03 08:11:00,45.61,45.61,45.57,45.58,309.48286
2019-12-03 08:10:00,45.58,45.61,45.56,45.6,119.294383
2019-12-03 08:09:00,45.57,45.59,45.57,45.59,45.338317
2019-12-03 08:08:00,45.55,45.56,45.53,45.55,65.50491
2019-12-03 08:07:00,45.56,45.58,45.53,45.55,390.110926
2019-12-03 08:06:00,45.55,45.6,45.55,45.58,164.308752
2019-12-03 08:05:00,45.57,45.57,45.51,45.54,365.093508
2019-12-03 08:04:00,45.6,45.6,45.55,45.59,375.383481
2019-12-03 08:03:00,45.57,45.62,45.56,45.62,375.307154
2019-12-03 08:02:00,45.56,45.57,45.56,45.56,7.910109
2019-12-03 08:01:00,45.5,45.55,45.5,45.54,327.398096
2019-12-03 08:00:00,45.45,45.52,45.45,45.5,75.300721
2019-12-03 07:59:00,45.46,45.47,45.46,45.46,100.010274
2019-12-03 07:58:00,45.47,45.51,45.47,45.48,324.493364
2019-12-03 07:57:00,45.49,45.52,45.47,45.47,231.047198
2019-12-03 07:56:00,45.55,45.55,45.49,45.5,161.43915
2019-12-03 07:55:00,45.55,45.56,45.55,45.56,140.470343
2019-12-03 07:54:00,45.56,45.57,45.55,45.55,281.526019
2019-12-03 07:53:00,45.59,45.59,45.56,45.57,106.91367
2019-12-03 07:52:00,45.58,45.61,45.58,45.61,117.276662
2019-12-03 07:51:00,45.58,45.61,45.58,45.6,116.10219
2019-12-03 07:50:00,45.61,45.61,45.57,45.59,704.228027
2019-12-03 07:49:00,45.54,45.6,45.54,45.6,123.357523
2019-12-03 07:48:00,45.56,45.59,45.55,45.55,43.275741
2019-12-03 07:47:00,45.57,45.58,45.56,45.56,61.148615
2019-12-03 07:46:00,45.56,45.57,45.56,45.57,60.032831
2019-12-03 07:45:00,45.56,45.56,45.56,45.56,23.891794
2019-12-03 07:44:00,45.57,45.57,45.55,45.56,8.038177
2019-12-03 07:43:00,45.58,45.58,45.57,45.57,1.23203
2019-12-03 07:42:00,45.59,45.63,45.58,45.6,197.813705
2019-12-03 07:41:00,45.59,45.6,45.57,45.58,164.563311
2019-12-03 07:40:00,45.58,45.61,45.56,45.6,92.906149
2019-12-03 07:39:00,45.62,45.62,45.58,45.58,216.656632
2019-12-03 07:38:00,45.59,45.61,45.57,45.61,101.140249
2019-12-03 07:37:00,45.61,45.64,45.58,45.61,474.527479
2019-12-03 07:36:00,45.59,45.64,45.59,45.61,281.959844
2019-12-03 07:35:00,45.54,45.56,45.54,45.56,105.911363
2019-12-03 07:34:00,45.6,45.6,45.54,45.54,225.932516
2019-12-03 07:33:00,45.61,45.63,45.6,45.6,119.128802
2019-12-03 07:32:00,45.61,45.62,45.61,45.62,37.797538
2019-12-03 07:31:00,45.64,45.67,45.63,45.63,192.32784
2019-12-03 07:30:00,45.59,45.63,45.59,45.63,115.137322
2019-12-03 07:29:00,45.58,45.61,45.58,45.61,177.434358
2019-12-03 07:28:00,45.59,45.64,45.57,45.58,905.859862
2019-12-03 07:27:00,45.54,45.59,45.54,45.59,444.715348
2019-12-03 07:26:00,45.54,45.54,45.54,45.54,33.919554
2019-12-03 07:25:00,45.55,45.55,45.54,45.54,128.821457
2019-12-03 07:24:00,45.56,45.6,45.56,45.57,58.434036
2019-12-03 07:23:00,45.53,45.54,45.53,45.54,28.713017
2019-12-03 07:22:00,45.57,45.57,45.55,45.55,45.001571
2019-12-03 07:21:00,45.59,45.6,45.59,45.59,162.007043
2019-12-03 07:20:00,45.62,45.62,45.58,45.6,166.452806
2019-12-03 07:19:00,45.61,45.61,45.55,45.61,410.950985
2019-12-03 07:18:00,45.56,45.6,45.55,45.6,137.32296
2019-12-03 07:17:00,45.55,45.56,45.55,45.56,19.6095
2019-12-03 07:16:00,45.55,45.59,45.52,45.55,143.108476
2019-12-03 07:15:00,45.55,45.61,45.5,45.57,887.956091
2019-12-03 07:14:00,45.6,45.6,45.49,45.53,883.144531
2019-12-03 07:13:00,45.78,45.78,45.61,45.61,1701.928585
2019-12-03 07:12:00,45.78,45.79,45.77,45.78,160.293359
2019-12-03 07:11:00,45.8,45.8,45.78,45.78,64.564669
2019-12-03 07:10:00,45.79,45.8,45.79,45.8,39.861629
2019-12-03 07:09:00,45.79,45.79,45.78,45.79,98.438984
2019-12-03 07:08:00,45.79,45.8,45.79,45.79,0.457784
2019-12-03 07:07:00,45.79,45.79,45.79,45.79,0.012956
2019-12-03 07:06:00,45.78,45.78,45.78,45.78,3
2019-12-03 07:05:00,45.79,45.79,45.78,45.78,65.775207
2019-12-03 07:04:00,45.79,45.79,45.79,45.79,20.994898
2019-12-03 07:03:00,45.8,45.8,45.79,45.79,181.046956
2019-12-03 07:02:00,45.81,45.82,45.79,45.79,168.570146
2019-12-03 07:01:00,45.8,45.81,45.8,45.81,28.365987
2019-12-03 07:00:00,45.76,45.77,45.76,45.77,247.270647
2019-12-03 06:59:00,45.76,45.76,45.76,45.76,21.921608
2019-12-03 06:58:00,45.75,45.77,45.75,45.75,180.192991
2019-12-03 06:57:00,45.73,45.75,45.73,45.74,501.648511
2019-12-03 06:56:00,45.73,45.76,45.73,45.74,1143.497598
2019-12-03 06:55:00,45.73,45.73,45.72,45.73,54.615294
2019-12-03 06:54:00,45.72,45.73,45.72,45.73,79.058499
2019-12-03 06:53:00,45.73,45.73,45.73,45.73,37.3814
2019-12-03 06:52:00,45.73,45.74,45.73,45.74,64.608609
2019-12-03 06:51:00,45.75,45.75,45.75,45.75,0
2019-12-03 06:50:00,45.75,45.75,45.75,45.75,0
2019-12-03 06:49:00,45.75,45.75,45.75,45.75,90.240346
2019-12-03 06:48:00,45.75,45.75,45.75,45.75,73.766448
2019-12-03 06:47:00,45.76,45.76,45.76,45.76,17.765279
2019-12-03 06:46:00,45.77,45.77,45.77,45.77,0.134991
2019-12-03 06:45:00,45.78,45.78,45.78,45.78,9.137062
2019-12-03 06:44:00,45.78,45.78,45.76,45.78,299.18217
2019-12-03 06:43:00,45.78,45.78,45.78,45.78,3.692847
2019-12-03 06:42:00,45.78,45.78,45.78,45.78,0
2019-12-03 06:41:00,45.77,45.78,45.76,45.78,46.851361
2019-12-03 06:40:00,45.79,45.79,45.78,45.78,29.982718
2019-12-03 06:39:00,45.8,45.8,45.79,45.79,41.990573
2019-12-03 06:38:00,45.79,45.8,45.78,45.8,3.028326
2019-12-03 06:37:00,45.81,45.81,45.79,45.79,63.552654
2019-12-03 06:36:00,45.8,45.8,45.8,45.8,37.93
2019-12-03 06:35:00,45.8,45.8,45.8,45.8,0.0019
2019-12-03 06:34:00,45.79,45.8,45.78,45.8,96.986425
2019-12-03 06:33:00,45.81,45.82,45.8,45.8,208.033228
2019-12-03 06:32:00,45.8,45.81,45.77,45.8,229.065408
2019-12-03 06:31:00,45.72,45.79,45.72,45.79,88.217894
2019-12-03 06:30:00,45.72,45.72,45.72,45.72,0.23846
2019-12-03 06:29:00,45.72,45.72,45.72,45.72,0
2019-12-03 06:28:00,45.72,45.72,45.72,45.72,0.2
2019-12-03 06:27:00,45.68,45.72,45.68,45.71,291.434931
2019-12-03 06:26:00,45.67,45.67,45.67,45.67,147.448993
2019-12-03 06:25:00,45.63,45.65,45.63,45.65,79.31337
2019-12-03 06:24:00,45.62,45.62,45.62,45.62,10.484
2019-12-03 06:23:00,45.61,45.61,45.61,45.61,0
2019-12-03 06:22:00,45.6,45.61,45.59,45.61,123.314501
2019-12-03 06:21:00,45.59,45.6,45.59,45.6,90.139922
2019-12-03 06:20:00,45.55,45.59,45.55,45.59,278.27571
2019-12-03 06:19:00,45.55,45.55,45.54,45.55,0.698904
2019-12-03 06:18:00,45.54,45.55,45.54,45.54,247.014193
2019-12-03 06:17:00,45.54,45.55,45.54,45.55,15.832828
2019-12-03 06:16:00,45.53,45.53,45.53,45.53,18.279024
2019-12-03 06:15:00,45.55,45.55,45.55,45.55,0
2019-12-03 06:14:00,45.55,45.55,45.55,45.55,1.444548
2019-12-03 06:13:00,45.54,45.57,45.54,45.55,361.10744
2019-12-03 06:12:00,45.56,45.56,45.55,45.55,377.903478
2019-12-03 06:11:00,45.53,45.56,45.53,45.56,1034.491557
2019-12-03 06:10:00,45.53,45.53,45.53,45.53,1.299204
2019-12-03 06:09:00,45.51,45.53,45.51,45.53,120.562239
2019-12-03 06:08:00,45.5,45.51,45.5,45.51,128.643515
2019-12-03 06:07:00,45.48,45.5,45.48,45.5,140.426005
2019-12-03 06:06:00,45.47,45.48,45.47,45.47,222.232859
2019-12-03 06:05:00,45.45,45.46,45.43,45.46,769.550884
2019-12-03 06:04:00,45.46,45.46,45.46,45.46,0
2019-12-03 06:03:00,45.46,45.46,45.46,45.46,0.2157
2019-12-03 06:02:00,45.47,45.47,45.45,45.45,145.865635
2019-12-03 06:01:00,45.44,45.47,45.44,45.46,91.042829
2019-12-03 06:00:00,45.44,45.44,45.44,45.44,0.028829
2019-12-03 05:59:00,45.43,45.45,45.43,45.44,154.272663
2019-12-03 05:58:00,45.42,45.42,45.42,45.42,0.830277
2019-12-03 05:57:00,45.44,45.44,45.44,45.44,65.65009
2019-12-03 05:56:00,45.43,45.44,45.43,45.44,53.178842
2019-12-03 05:55:00,45.45,45.45,45.44,45.44,0.014236
2019-12-03 05:54:00,45.45,45.45,45.45,45.45,0
2019-12-03 05:53:00,45.45,45.45,45.45,45.45,0
2019-12-03 05:52:00,45.45,45.45,45.45,45.45,126.775405
2019-12-03 05:51:00,45.44,45.44,45.44,45.44,248.725185
2019-12-03 05:50:00,45.43,45.43,45.43,45.43,0
2019-12-03 05:49:00,45.43,45.43,45.43,45.43,0
2019-12-03 05:48:00,45.43,45.43,45.43,45.43,0
2019-12-03 05:47:00,45.41,45.43,45.41,45.43,124.145176
2019-12-03 05:46:00,45.41,45.41,45.41,45.41,0
2019-12-03 05:45:00,45.41,45.41,45.41,45.41,29.52
2019-12-03 05:44:00,45.43,45.44,45.43,45.44,26.886989
2019-12-03 05:43:00,45.44,45.44,45.43,45.43,27.470928
2019-12-03 05:42:00,45.44,45.44,45.44,45.44,1.475844
2019-12-03 05:41:00,45.42,45.42,45.42,45.42,6.044735
2019-12-03 05:40:00,45.43,45.43,45.43,45.43,0
2019-12-03 05:39:00,45.43,45.43,45.43,45.43,0.080771
2019-12-03 05:38:00,45.43,45.43,45.43,45.43,35.147627
2019-12-03 05:37:00,45.42,45.42,45.42,45.42,2.095291
2019-12-03 05:36:00,45.41,45.41,45.41,45.41,0.5
2019-12-03 05:35:00,45.39,45.41,45.39,45.41,50.488288
2019-12-03 05:34:00,45.39,45.39,45.39,45.39,286.1118
2019-12-03 05:33:00,45.39,45.39,45.39,45.39,37.9754
2019-12-03 05:32:00,45.38,45.39,45.38,45.39,16.292983
2019-12-03 05:31:00,45.34,45.39,45.34,45.39,3.512065
2019-12-03 05:30:00,45.33,45.33,45.33,45.33,98.224764
2019-12-03 05:29:00,45.33,45.33,45.33,45.33,25.579361
2019-12-03 05:28:00,45.34,45.34,45.34,45.34,13.105858
2019-12-03 05:27:00,45.36,45.36,45.33,45.33,91.829062
2019-12-03 05:26:00,45.36,45.37,45.36,45.37,46.035693
2019-12-03 05:25:00,45.36,45.36,45.35,45.35,1.589314
2019-12-03 05:24:00,45.35,45.37,45.35,45.37,61.302799
2019-12-03 05:23:00,45.31,45.33,45.31,45.33,93.94965
2019-12-03 05:22:00,45.28,45.31,45.28,45.31,0.6
2019-12-03 05:21:00,45.29,45.29,45.29,45.29,0.446568
2019-12-03 05:20:00,45.25,45.27,45.25,45.27,20.654864
2019-12-03 05:19:00,45.25,45.25,45.25,45.25,2.255
2019-12-03 05:18:00,45.29,45.29,45.27,45.27,113.366686
2019-12-03 05:17:00,45.38,45.38,45.3,45.31,715.850641
2019-12-03 05:16:00,45.37,45.38,45.37,45.38,39.176084
2019-12-03 05:15:00,45.36,45.36,45.36,45.36,0
2019-12-03 05:14:00,45.35,45.36,45.35,45.36,0.350426
2019-12-03 05:13:00,45.34,45.35,45.34,45.35,1.110617
2019-12-03 05:12:00,45.35,45.37,45.33,45.34,239.752719
2019-12-03 05:11:00,45.32,45.35,45.32,45.35,31.354904
2019-12-03 05:10:00,45.27,45.32,45.27,45.32,122.343353
2019-12-03 05:09:00,45.32,45.33,45.27,45.27,4.373328
2019-12-03 05:08:00,45.33,45.33,45.32,45.32,0.417291
2019-12-03 05:07:00,45.3,45.33,45.3,45.33,9.136988
2019-12-03 05:06:00,45.28,45.31,45.28,45.3,203.17925
2019-12-03 05:05:00,45.26,45.28,45.26,45.28,21.451097
2019-12-03 05:04:00,45.24,45.26,45.24,45.26,0.197387
2019-12-03 05:03:00,45.19,45.24,45.19,45.24,160.317927
2019-12-03 05:02:00,45.21,45.21,45.19,45.19,0.290424
2019-12-03 05:01:00,45.19,45.21,45.18,45.21,54.706889
2019-12-03 05:00:00,45.24,45.24,45.2,45.2,148.75372
2019-12-03 04:59:00,45.26,45.26,45.26,45.26,0
2019-12-03 04:58:00,45.26,45.26,45.26,45.26,0
2019-12-03 04:57:00,45.26,45.26,45.26,45.26,0
2019-12-03 04:56:00,45.26,45.26,45.26,45.26,11.034117
2019-12-03 04:55:00,45.27,45.27,45.27,45.27,0.4
2019-12-03 04:54:00,45.26,45.27,45.26,45.27,8.712043
2019-12-03 04:53:00,45.23,45.24,45.23,45.24,20.946504
2019-12-03 04:52:00,45.22,45.26,45.22,45.24,163.72952
2019-12-03 04:51:00,45.2,45.22,45.2,45.22,152.764115
2019-12-03 04:50:00,45.22,45.22,45.2,45.2,40.786297
2019-12-03 04:49:00,45.23,45.23,45.23,45.23,80.537195
2019-12-03 04:48:00,45.33,45.33,45.24,45.24,201.703295
2019-12-03 04:47:00,45.35,45.35,45.35,45.35,0
2019-12-03 04:46:00,45.35,45.35,45.35,45.35,0.4
2019-12-03 04:45:00,45.36,45.36,45.35,45.35,145.646638
2019-12-03 04:44:00,45.35,45.36,45.32,45.36,118.137133
2019-12-03 04:43:00,45.33,45.36,45.33,45.35,47.300129
2019-12-03 04:42:00,45.35,45.35,45.32,45.32,203.065132
2019-12-03 04:41:00,45.33,45.35,45.33,45.35,35.044477
2019-12-03 04:40:00,45.32,45.33,45.31,45.33,426.039725
2019-12-03 04:39:00,45.35,45.35,45.35,45.35,37.520673
2019-12-03 04:38:00,45.31,45.33,45.31,45.33,101.691498
2019-12-03 04:37:00,45.28,45.32,45.28,45.32,237.461626
2019-12-03 04:36:00,45.27,45.33,45.26,45.28,539.945539
2019-12-03 04:35:00,45.2,45.29,45.2,45.26,89.554412
2019-12-03 04:34:00,45.19,45.2,45.19,45.2,23.962784
2019-12-03 04:33:00,45.17,45.19,45.17,45.18,18.895478
2019-12-03 04:32:00,45.15,45.19,45.15,45.17,96.037687
2019-12-03 04:31:00,45.2,45.2,45.14,45.15,116.993145
2019-12-03 04:30:00,45.18,45.22,45.17,45.21,742.292067
2019-12-03 04:29:00,45.22,45.26,45.2,45.2,746.843089
2019-12-03 04:28:00,45.21,45.21,45.21,45.21,0
2019-12-03 04:27:00,45.2,45.21,45.19,45.21,155.295598
2019-12-03 04:26:00,45.2,45.2,45.2,45.2,0
2019-12-03 04:25:00,45.2,45.2,45.2,45.2,0
2019-12-03 04:24:00,45.2,45.2,45.2,45.2,0
2019-12-03 04:23:00,45.21,45.21,45.2,45.2,166.349003
2019-12-03 04:22:00,45.2,45.22,45.2,45.21,730.777053
2019-12-03 04:21:00,45.21,45.22,45.21,45.21,22.153118
2019-12-03 04:20:00,45.18,45.21,45.18,45.21,58.091891
2019-12-03 04:19:00,45.2,45.2,45.18,45.18,48.624651
2019-12-03 04:18:00,45.21,45.21,45.21,45.21,4.18
2019-12-03 04:17:00,45.19,45.2,45.19,45.2,19.550124
2019-12-03 04:16:00,45.18,45.18,45.18,45.18,33.409281
2019-12-03 04:15:00,45.17,45.17,45.17,45.17,9.170337
2019-12-03 04:14:00,45.16,45.17,45.16,45.16,9.294762
2019-12-03 04:13:00,45.19,45.19,45.16,45.16,333.215734
2019-12-03 04:12:00,45.15,45.2,45.15,45.19,215.865553
2019-12-03 04:11:00,45.17,45.17,45.14,45.14,171.588574
2019-12-03 04:10:00,45.16,45.18,45.16,45.18,20.458875
2019-12-03 04:09:00,45.15,45.16,45.15,45.16,32.546513
2019-12-03 04:08:00,45.16,45.16,45.13,45.13,122.250581
2019-12-03 04:07:00,45.16,45.18,45.15,45.17,104.090095
2019-12-03 04:06:00,45.14,45.16,45.14,45.15,6.516527
2019-12-03 04:05:00,45.11,45.13,45.11,45.13,0.545554
2019-12-03 04:04:00,45.1,45.1,45.1,45.1,0
2019-12-03 04:03:00,45.11,45.11,45.07,45.1,419.713791
2019-12-03 04:02:00,45.15,45.15,45.11,45.11,116.029601
2019-12-03 04:01:00,45.14,45.16,45.14,45.15,9.584889
2019-12-03 04:00:00,45.13,45.16,45.12,45.15,270.643268
2019-12-03 03:59:00,45.17,45.17,45.13,45.13,7.389549
2019-12-03 03:58:00,45.17,45.17,45.17,45.17,0.20162
2019-12-03 03:57:00,45.17,45.17,45.17,45.17,0.209091
2019-12-03 03:56:00,45.16,45.16,45.16,45.16,0
2019-12-03 03:55:00,45.16,45.16,45.16,45.16,0
2019-12-03 03:54:00,45.16,45.16,45.16,45.16,0
2019-12-03 03:53:00,45.15,45.16,45.15,45.16,37.937515
2019-12-03 03:52:00,45.14,45.15,45.14,45.15,44.061
2019-12-03 03:51:00,45.16,45.16,45.16,45.16,0.2
2019-12-03 03:50:00,45.15,45.15,45.14,45.15,42.867844
2019-12-03 03:49:00,45.18,45.18,45.14,45.14,104.933979
2019-12-03 03:48:00,45.19,45.19,45.18,45.18,11.975486
2019-12-03 03:47:00,45.21,45.21,45.17,45.19,354.856592
2019-12-03 03:46:00,45.2,45.2,45.2,45.2,23.7285
2019-12-03 03:45:00,45.19,45.19,45.19,45.19,0.83364
2019-12-03 03:44:00,45.18,45.2,45.18,45.2,18.213565
2019-12-03 03:43:00,45.17,45.19,45.17,45.18,60.526936
2019-12-03 03:42:00,45.17,45.17,45.16,45.16,138.087032
2019-12-03 03:41:00,45.2,45.2,45.17,45.17,378.277457
2019-12-03 03:40:00,45.22,45.22,45.21,45.21,13.207524
2019-12-03 03:39:00,45.21,45.22,45.21,45.22,180.939614
2019-12-03 03:38:00,45.23,45.23,45.21,45.21,13.190552
2019-12-03 03:37:00,45.23,45.24,45.22,45.24,77.065237
2019-12-03 03:36:00,45.18,45.22,45.18,45.22,125.61128
2019-12-03 03:35:00,45.22,45.22,45.18,45.18,6.193819
2019-12-03 03:34:00,45.23,45.23,45.23,45.23,16.35973
2019-12-03 03:33:00,45.22,45.22,45.21,45.22,181.194375
2019-12-03 03:32:00,45.21,45.24,45.21,45.22,577.040893
2019-12-03 03:31:00,45.19,45.2,45.19,45.19,340.896452
2019-12-03 03:30:00,45.14,45.18,45.14,45.18,50.416415
2019-12-03 03:29:00,45.13,45.13,45.11,45.11,7.969225
2019-12-03 03:28:00,45.13,45.14,45.13,45.14,112.62399
2019-12-03 03:27:00,45.15,45.15,45.1,45.11,248.155465
2019-12-03 03:26:00,45.15,45.17,45.15,45.17,49.543705
2019-12-03 03:25:00,45.14,45.14,45.14,45.14,0
2019-12-03 03:24:00,45.14,45.14,45.14,45.14,44.7276
2019-12-03 03:23:00,45.15,45.17,45.15,45.15,39.025596
2019-12-03 03:22:00,45.15,45.15,45.15,45.15,0
2019-12-03 03:21:00,45.12,45.15,45.12,45.15,164.541212
2019-12-03 03:20:00,45.13,45.13,45.13,45.13,212.968371
2019-12-03 03:19:00,45.14,45.14,45.13,45.13,27.036906
2019-12-03 03:18:00,45.14,45.14,45.12,45.14,81.547355
2019-12-03 03:17:00,45.15,45.16,45.15,45.16,53.808799
2019-12-03 03:16:00,45.15,45.15,45.15,45.15,4.35
2019-12-03 03:15:00,45.17,45.17,45.16,45.16,12.397578
2019-12-03 03:14:00,45.25,45.25,45.19,45.19,6.21755
2019-12-03 03:13:00,45.24,45.25,45.24,45.24,6.810533
2019-12-03 03:12:00,45.24,45.24,45.23,45.23,197.239099
2019-12-03 03:11:00,45.21,45.23,45.18,45.23,74.422685
2019-12-03 03:10:00,45.21,45.23,45.21,45.21,235.887069
2019-12-03 03:09:00,45.14,45.2,45.14,45.2,236.644874
2019-12-03 03:08:00,45.16,45.16,45.12,45.13,51.284233
2019-12-03 03:07:00,45.11,45.17,45.1,45.16,247.788583
2019-12-03 03:06:00,45.07,45.1,45.07,45.1,185.419541
2019-12-03 03:05:00,45.06,45.07,45.06,45.07,50.02739
2019-12-03 03:04:00,45.04,45.06,45.04,45.06,175.122466
2019-12-03 03:03:00,45.06,45.06,45.02,45.03,94.580282
2019-12-03 03:02:00,45.06,45.06,45.06,45.06,52.057536
2019-12-03 03:01:00,45.03,45.05,45.03,45.05,31.20937
2019-12-03 03:00:00,44.97,45.04,44.97,45.03,539.719108
2019-12-03 02:59:00,45.02,45.02,45.01,45.01,75.444039
2019-12-03 02:58:00,44.97,45.02,44.97,45.02,321.638
2019-12-03 02:57:00,44.97,44.97,44.97,44.97,0
2019-12-03 02:56:00,44.98,44.99,44.97,44.97,385.390203
2019-12-03 02:55:00,44.97,44.98,44.97,44.98,0.065636
2019-12-03 02:54:00,44.94,44.96,44.94,44.96,33.045783
2019-12-03 02:53:00,44.96,44.96,44.96,44.96,0
2019-12-03 02:52:00,44.96,44.96,44.96,44.96,10.290127
2019-12-03 02:51:00,44.99,44.99,44.98,44.98,12.161799
2019-12-03 02:50:00,45.01,45.01,45.01,45.01,75.770885
2019-12-03 02:49:00,45.03,45.03,45,45.02,102.821885
2019-12-03 02:48:00,45.07,45.07,45.05,45.05,3.583271
2019-12-03 02:47:00,45.08,45.09,45.07,45.08,241.807396
2019-12-03 02:46:00,45.08,45.08,45.08,45.08,12.962733
2019-12-03 02:45:00,45.06,45.06,45.06,45.06,132.759671
2019-12-03 02:44:00,45.12,45.12,45.06,45.06,101.267577
2019-12-03 02:43:00,45.07,45.11,45.07,45.11,126.768056
2019-12-03 02:42:00,45.08,45.09,45.06,45.07,64.518546
2019-12-03 02:41:00,45.13,45.13,45.08,45.08,93.5377
2019-12-03 02:40:00,45.1,45.11,45.1,45.11,61.220008
2019-12-03 02:39:00,45.04,45.09,45.04,45.09,119.219283
2019-12-03 02:38:00,45.01,45.05,45.01,45.04,165.347278
2019-12-03 02:37:00,45.05,45.07,45.03,45.03,446.973761
2019-12-03 02:36:00,45.09,45.09,45.06,45.06,113.298818
2019-12-03 02:35:00,45.07,45.11,45.07,45.1,74.997333
2019-12-03 02:34:00,45.03,45.06,45.03,45.06,75.099205
2019-12-03 02:33:00,44.95,45,44.95,45,50.090704
2019-12-03 02:32:00,44.98,44.98,44.95,44.96,45.97622
2019-12-03 02:31:00,44.93,44.96,44.93,44.96,167.646927
2019-12-03 02:30:00,44.84,44.93,44.84,44.93,59.384565
2019-12-03 02:29:00,44.77,44.8,44.76,44.8,55.559152
2019-12-03 02:28:00,44.75,44.77,44.71,44.76,348.48195
2019-12-03 02:27:00,44.8,44.8,44.75,44.76,1544.176859
2019-12-03 02:26:00,44.82,44.84,44.8,44.8,322.924189
2019-12-03 02:25:00,44.92,44.93,44.8,44.8,740.274781
2019-12-03 02:24:00,44.95,44.96,44.93,44.94,111.348707
2019-12-03 02:23:00,45.01,45.01,44.95,44.99,266.675169
2019-12-03 02:22:00,45,45.02,45,45.01,52.183184
2019-12-03 02:21:00,44.99,45,44.99,45,4.134031
2019-12-03 02:20:00,45.01,45.02,44.99,44.99,64.134985
2019-12-03 02:19:00,44.99,45.01,44.99,45.01,9.550955
2019-12-03 02:18:00,44.98,45.01,44.98,45.01,538.949913
2019-12-03 02:17:00,44.95,44.99,44.95,44.97,324.686744
2019-12-03 02:16:00,44.93,44.94,44.91,44.94,336.311434
2019-12-03 02:15:00,44.84,44.97,44.82,44.94,1122.289841
2019-12-03 02:14:00,44.85,44.88,44.82,44.83,173.616498
2019-12-03 02:13:00,44.96,44.96,44.8,44.84,921.593876
2019-12-03 02:12:00,44.99,44.99,44.97,44.97,86.739519
2019-12-03 02:11:00,44.98,44.98,44.97,44.98,136.678599
2019-12-03 02:10:00,44.99,45,44.98,44.98,67.942893
2019-12-03 02:09:00,45.01,45.01,44.99,44.99,14.544586
2019-12-03 02:08:00,45.01,45.02,45,45.02,165.610367
2019-12-03 02:07:00,45.04,45.04,45.01,45.01,25.188202
2019-12-03 02:06:00,45.07,45.07,45.01,45.03,261.039307
2019-12-03 02:05:00,45.1,45.1,45.07,45.07,41.739445
2019-12-03 02:04:00,45.14,45.16,45.1,45.1,545.594196
2019-12-03 02:03:00,45.14,45.14,45.13,45.14,15.95484
2019-12-03 02:02:00,45.14,45.19,45.14,45.19,115.111152
2019-12-03 02:01:00,45.14,45.16,45.11,45.14,154.063799
2019-12-03 02:00:00,45.24,45.24,45.14,45.15,238.987384
2019-12-03 01:59:00,45.27,45.27,45.25,45.27,36.905519
2019-12-03 01:58:00,45.28,45.28,45.28,45.28,1.415626
2019-12-03 01:57:00,45.27,45.28,45.27,45.27,79.68131
2019-12-03 01:56:00,45.27,45.27,45.27,45.27,0
2019-12-03 01:55:00,45.21,45.29,45.19,45.27,281.490849
2019-12-03 01:54:00,45.24,45.24,45.23,45.23,165.233883
2019-12-03 01:53:00,45.23,45.23,45.2,45.23,13.323161
2019-12-03 01:52:00,45.23,45.23,45.23,45.23,32.643847
2019-12-03 01:51:00,45.2,45.24,45.2,45.24,191.777698
2019-12-03 01:50:00,45.23,45.24,45.19,45.19,137.551023
2019-12-03 01:49:00,45.23,45.23,45.23,45.23,0.67257
2019-12-03 01:48:00,45.25,45.25,45.25,45.25,84.3
2019-12-03 01:47:00,45.31,45.31,45.28,45.28,53.830753
2019-12-03 01:46:00,45.33,45.33,45.3,45.3,185.587778
2019-12-03 01:45:00,45.33,45.34,45.3,45.34,817.49256
2019-12-03 01:44:00,45.25,45.32,45.25,45.32,48.582619
2019-12-03 01:43:00,45.23,45.24,45.23,45.24,2.442783
2019-12-03 01:42:00,45.24,45.24,45.23,45.23,36.319525
2019-12-03 01:41:00,45.19,45.24,45.16,45.23,902.527507
2019-12-03 01:40:00,45.23,45.23,45.2,45.2,11.033292
2019-12-03 01:39:00,45.27,45.27,45.25,45.25,34.392422
2019-12-03 01:38:00,45.29,45.29,45.27,45.27,53.591636
2019-12-03 01:37:00,45.32,45.32,45.3,45.31,162.2819
2019-12-03 01:36:00,45.28,45.35,45.28,45.33,227.010911
2019-12-03 01:35:00,45.3,45.3,45.27,45.28,476.331299
2019-12-03 01:34:00,45.26,45.3,45.26,45.3,51.869799
2019-12-03 01:33:00,45.24,45.28,45.21,45.28,397.435457
2019-12-03 01:32:00,45.24,45.24,45.24,45.24,52.4704
2019-12-03 01:31:00,45.26,45.26,45.26,45.26,0
2019-12-03 01:30:00,45.26,45.26,45.26,45.26,16.023662
2019-12-03 01:29:00,45.26,45.27,45.26,45.27,1.578279
2019-12-03 01:28:00,45.28,45.28,45.26,45.26,10.731497
2019-12-03 01:27:00,45.29,45.29,45.27,45.27,96.699503
2019-12-03 01:26:00,45.29,45.29,45.28,45.28,17.255997
2019-12-03 01:25:00,45.26,45.29,45.25,45.29,178.657105
2019-12-03 01:24:00,45.25,45.26,45.24,45.26,100.182823
2019-12-03 01:23:00,45.24,45.25,45.24,45.25,0.308278
2019-12-03 01:22:00,45.25,45.25,45.21,45.21,262.239855
2019-12-03 01:21:00,45.24,45.27,45.24,45.26,66.203708
2019-12-03 01:20:00,45.31,45.32,45.27,45.27,158.368307
2019-12-03 01:19:00,45.32,45.32,45.27,45.3,240.015617
2019-12-03 01:18:00,45.35,45.38,45.32,45.32,107.033885
2019-12-03 01:17:00,45.29,45.35,45.29,45.35,110.461159
2019-12-03 01:16:00,45.25,45.29,45.23,45.28,846.52134
2019-12-03 01:15:00,45.18,45.24,45.18,45.24,26.393573
2019-12-03 01:14:00,45.18,45.22,45.17,45.19,287.330254
2019-12-03 01:13:00,45.19,45.23,45.18,45.19,424.817068
2019-12-03 01:12:00,45.14,45.2,45.14,45.2,369.601009
2019-12-03 01:11:00,45.26,45.27,45.15,45.15,357.386397
2019-12-03 01:10:00,45.12,45.25,45.12,45.24,1189.483139
2019-12-03 01:09:00,45.21,45.21,44.98,45.14,4459.017056
2019-12-03 01:08:00,45.26,45.26,45.22,45.23,291.603807
2019-12-03 01:07:00,45.32,45.32,45.26,45.26,121.342639
2019-12-03 01:06:00,45.36,45.36,45.31,45.32,144.830214
2019-12-03 01:05:00,45.28,45.35,45.28,45.34,760.854694
2019-12-03 01:04:00,45.36,45.36,45.27,45.27,221.909533
2019-12-03 01:03:00,45.39,45.39,45.36,45.39,546.426305
2019-12-03 01:02:00,45.44,45.45,45.4,45.4,98.822997
2019-12-03 01:01:00,45.41,45.43,45.39,45.42,728.717588
2019-12-03 01:00:00,45.43,45.47,45.4,45.42,851.425549
2019-12-03 00:59:00,45.49,45.49,45.44,45.44,1226.854283
2019-12-03 00:58:00,45.43,45.5,45.43,45.5,95.029352
2019-12-03 00:57:00,45.48,45.54,45.44,45.44,660.579556
2019-12-03 00:56:00,45.38,45.49,45.38,45.49,860.477728
2019-12-03 00:55:00,45.52,45.53,45.39,45.39,1331.893982
2019-12-03 00:54:00,45.58,45.58,45.53,45.53,122.861828
2019-12-03 00:53:00,45.58,45.59,45.58,45.59,83.289788
2019-12-03 00:52:00,45.55,45.57,45.55,45.57,39.84347
2019-12-03 00:51:00,45.56,45.58,45.51,45.56,410.322685
2019-12-03 00:50:00,45.57,45.58,45.57,45.57,0.882365
2019-12-03 00:49:00,45.6,45.6,45.57,45.57,56.036087
2019-12-03 00:48:00,45.57,45.6,45.57,45.6,210.283892
2019-12-03 00:47:00,45.6,45.6,45.58,45.58,15.341256
2019-12-03 00:46:00,45.62,45.62,45.6,45.6,117.68739
2019-12-03 00:45:00,45.66,45.66,45.63,45.64,121.028991
2019-12-03 00:44:00,45.64,45.66,45.64,45.65,38.045381
2019-12-03 00:43:00,45.64,45.64,45.6,45.64,132.666783
2019-12-03 00:42:00,45.63,45.64,45.62,45.64,101.194012
2019-12-03 00:41:00,45.62,45.63,45.6,45.63,133.719922
2019-12-03 00:40:00,45.65,45.66,45.62,45.62,237.153166
2019-12-03 00:39:00,45.64,45.65,45.61,45.65,636.66812
2019-12-03 00:38:00,45.65,45.68,45.65,45.68,59.129297
2019-12-03 00:37:00,45.65,45.66,45.63,45.63,205.322193
2019-12-03 00:36:00,45.71,45.71,45.65,45.66,222.658642
2019-12-03 00:35:00,45.69,45.71,45.68,45.71,53.46101
2019-12-03 00:34:00,45.64,45.68,45.64,45.68,52.908782
2019-12-03 00:33:00,45.63,45.63,45.6,45.61,282.929169
2019-12-03 00:32:00,45.63,45.66,45.63,45.64,126.083123
2019-12-03 00:31:00,45.69,45.69,45.62,45.63,304.546625
2019-12-03 00:30:00,45.69,45.7,45.69,45.7,6.987215
2019-12-03 00:29:00,45.71,45.71,45.69,45.71,17.346579
2019-12-03 00:28:00,45.71,45.71,45.71,45.71,34.059783
2019-12-03 00:27:00,45.67,45.69,45.66,45.69,218.54929
2019-12-03 00:26:00,45.67,45.67,45.66,45.66,64.709839
2019-12-03 00:25:00,45.64,45.67,45.62,45.67,259.604963
2019-12-03 00:24:00,45.67,45.67,45.63,45.64,36.787029
2019-12-03 00:23:00,45.71,45.71,45.67,45.67,46.030217
2019-12-03 00:22:00,45.7,45.72,45.7,45.72,102.852126
2019-12-03 00:21:00,45.7,45.7,45.68,45.69,35.032015
2019-12-03 00:20:00,45.71,45.71,45.69,45.71,144.888506
2019-12-03 00:19:00,45.71,45.71,45.71,45.71,0.155398
2019-12-03 00:18:00,45.75,45.77,45.74,45.74,320.013901
2019-12-03 00:17:00,45.74,45.75,45.71,45.74,327.374892
2019-12-03 00:16:00,45.82,45.83,45.76,45.76,628.115552
2019-12-03 00:15:00,45.76,45.81,45.76,45.81,417.471875
2019-12-03 00:14:00,45.72,45.78,45.72,45.76,372.17719
2019-12-03 00:13:00,45.62,45.72,45.62,45.72,265.847861
2019-12-03 00:12:00,45.63,45.63,45.59,45.62,253.892958
2019-12-03 00:11:00,45.66,45.69,45.64,45.64,841.189525
2019-12-03 00:10:00,45.71,45.71,45.64,45.66,396.15981
2019-12-03 00:09:00,45.75,45.75,45.7,45.71,471.39253
2019-12-03 00:08:00,45.8,45.8,45.75,45.75,64.517232
2019-12-03 00:07:00,45.85,45.85,45.8,45.8,312.284837
2019-12-03 00:06:00,45.86,45.87,45.84,45.84,244.940164
2019-12-03 00:05:00,45.85,45.87,45.83,45.83,8.635984
2019-12-03 00:04:00,45.86,45.9,45.85,45.85,321.140364
2019-12-03 00:03:00,45.85,45.85,45.83,45.85,364.136354
2019-12-03 00:02:00,45.84,45.9,45.84,45.85,1995.349036
2019-12-03 00:01:00,45.77,45.83,45.77,45.83,70.193754
2019-12-03 00:00:00,45.75,45.77,45.75,45.77,299.599125
