2019-11-18 23:59:00,57.53,57.53,57.44,57.44,449.209354
2019-11-18 23:58:00,57.49,57.53,57.48,57.53,385.865735
2019-11-18 23:57:00,57.5,57.51,57.49,57.49,52.01236
2019-11-18 23:56:00,57.55,57.55,57.49,57.49,83.477451
2019-11-18 23:55:00,57.5,57.53,57.42,57.51,526.044673
2019-11-18 23:54:00,57.34,57.51,57.34,57.5,790.536842
2019-11-18 23:53:00,57.28,57.33,57.23,57.33,586.711476
2019-11-18 23:52:00,57.38,57.45,57.27,57.29,1024.478648
2019-11-18 23:51:00,57.5,57.5,57.22,57.38,4150.973636
2019-11-18 23:50:00,57.48,57.51,57.48,57.51,82.579834
2019-11-18 23:49:00,57.46,57.5,57.43,57.48,1001.422537
2019-11-18 23:48:00,57.59,57.63,57.44,57.46,946.108284
2019-11-18 23:47:00,57.55,57.6,57.51,57.6,548.617171
2019-11-18 23:46:00,57.59,57.64,57.43,57.55,3061.991086
2019-11-18 23:45:00,57.78,57.78,57.58,57.6,552.446615
2019-11-18 23:44:00,57.79,57.79,57.76,57.77,181.054006
2019-11-18 23:43:00,57.81,57.81,57.78,57.79,55.555964
2019-11-18 23:42:00,57.81,57.81,57.8,57.8,2.285324
2019-11-18 23:41:00,57.77,57.81,57.77,57.81,262.989047
2019-11-18 23:40:00,57.75,57.75,57.75,57.75,1.145936
2019-11-18 23:39:00,57.74,57.75,57.74,57.74,319.909761
2019-11-18 23:38:00,57.72,57.74,57.72,57.74,198.156455
2019-11-18 23:37:00,57.73,57.73,57.7,57.71,154.192579
2019-11-18 23:36:00,57.73,57.76,57.73,57.73,27.787519
2019-11-18 23:35:00,57.64,57.75,57.6,57.75,1219.429961
2019-11-18 23:34:00,57.74,57.75,57.64,57.64,1443.38425
2019-11-18 23:33:00,57.8,57.8,57.74,57.74,197.233059
2019-11-18 23:32:00,57.85,57.85,57.8,57.8,100.724455
2019-11-18 23:31:00,57.9,57.9,57.86,57.86,81.791429
2019-11-18 23:30:00,57.88,57.91,57.88,57.9,19.518122
2019-11-18 23:29:00,57.81,57.85,57.8,57.85,357.707491
2019-11-18 23:28:00,57.86,57.86,57.79,57.81,356.884942
2019-11-18 23:27:00,57.85,57.92,57.84,57.86,230.375008
2019-11-18 23:26:00,57.85,57.85,57.79,57.85,341.733996
2019-11-18 23:25:00,57.91,57.91,57.85,57.85,258.969031
2019-11-18 23:24:00,57.94,57.97,57.82,57.91,1068.216367
2019-11-18 23:23:00,57.97,57.97,57.95,57.95,96.487866
2019-11-18 23:22:00,57.98,57.99,57.95,57.98,85.56806
2019-11-18 23:21:00,58,58,58,58,30.44748
2019-11-18 23:20:00,58.01,58.01,58,58,14.408916
2019-11-18 23:19:00,57.99,58.01,57.96,58.01,204.056141
2019-11-18 23:18:00,58,58,57.99,57.99,34.259297
2019-11-18 23:17:00,58.03,58.03,57.98,57.98,207.947156
2019-11-18 23:16:00,58,58.03,58,58.03,5.620876
2019-11-18 23:15:00,57.99,58.03,57.97,58,199.722877
2019-11-18 23:14:00,57.95,57.99,57.95,57.99,37.716211
2019-11-18 23:13:00,57.93,57.96,57.92,57.95,18.439789
2019-11-18 23:12:00,57.96,57.96,57.93,57.93,67.113131
2019-11-18 23:11:00,57.99,57.99,57.97,57.97,49.305782
2019-11-18 23:10:00,57.9,57.99,57.9,57.99,512.006226
2019-11-18 23:09:00,58.03,58.03,57.9,57.9,670.225053
2019-11-18 23:08:00,58.04,58.05,58.04,58.05,12.521443
2019-11-18 23:07:00,58.08,58.08,58.04,58.04,138.257173
2019-11-18 23:06:00,58.09,58.09,58.08,58.09,3.846586
2019-11-18 23:05:00,58.09,58.1,58.09,58.1,88.457455
2019-11-18 23:04:00,58.15,58.15,58.1,58.1,68.582383
2019-11-18 23:03:00,58.16,58.16,58.16,58.16,0.186
2019-11-18 23:02:00,58.09,58.15,58.09,58.15,296.02022
2019-11-18 23:01:00,58.13,58.13,58.09,58.09,13.78916
2019-11-18 23:00:00,58.14,58.14,58.14,58.14,42.231813
2019-11-18 22:59:00,58.16,58.16,58.15,58.15,0.516232
2019-11-18 22:58:00,58.17,58.17,58.17,58.17,0.147912
2019-11-18 22:57:00,58.18,58.18,58.18,58.18,15.101499
2019-11-18 22:56:00,58.21,58.21,58.2,58.2,8.033737
2019-11-18 22:55:00,58.23,58.23,58.21,58.21,14.067585
2019-11-18 22:54:00,58.24,58.24,58.23,58.23,18.564718
2019-11-18 22:53:00,58.24,58.24,58.24,58.24,0
2019-11-18 22:52:00,58.24,58.24,58.24,58.24,19.422123
2019-11-18 22:51:00,58.24,58.24,58.23,58.23,23.109684
2019-11-18 22:50:00,58.27,58.27,58.24,58.24,66.105094
2019-11-18 22:49:00,58.34,58.34,58.28,58.28,31.294597
2019-11-18 22:48:00,58.34,58.34,58.34,58.34,201.930641
2019-11-18 22:47:00,58.32,58.34,58.32,58.34,54.023153
2019-11-18 22:46:00,58.33,58.33,58.33,58.33,9.49213
2019-11-18 22:45:00,58.18,58.36,58.18,58.32,1946.817543
2019-11-18 22:44:00,58.18,58.19,58.18,58.18,1.789451
2019-11-18 22:43:00,58.18,58.2,58.18,58.19,47.568859
2019-11-18 22:42:00,58.14,58.2,58.14,58.17,66.412132
2019-11-18 22:41:00,58.18,58.2,58.15,58.15,620.820318
2019-11-18 22:40:00,58.15,58.16,58.15,58.16,3.783731
2019-11-18 22:39:00,58.14,58.15,58.14,58.15,71.199826
2019-11-18 22:38:00,58.13,58.14,58.13,58.14,5.930871
2019-11-18 22:37:00,58.13,58.13,58.13,58.13,0
2019-11-18 22:36:00,58.13,58.13,58.13,58.13,0.812
2019-11-18 22:35:00,58.13,58.13,58.13,58.13,1.34083
2019-11-18 22:34:00,58.13,58.13,58.12,58.13,24.530477
2019-11-18 22:33:00,58.13,58.13,58.13,58.13,2.411819
2019-11-18 22:32:00,58.13,58.13,58.12,58.12,18.659212
2019-11-18 22:31:00,58.15,58.15,58.14,58.14,10.72262
2019-11-18 22:30:00,58.11,58.17,58.11,58.17,11.976701
2019-11-18 22:29:00,58.15,58.15,58.1,58.1,34.688833
2019-11-18 22:28:00,58.22,58.22,58.16,58.16,111.126085
2019-11-18 22:27:00,58.23,58.24,58.23,58.23,97.972531
2019-11-18 22:26:00,58.3,58.3,58.21,58.22,181.174676
2019-11-18 22:25:00,58.31,58.31,58.29,58.31,86.760854
2019-11-18 22:24:00,58.31,58.32,58.31,58.32,1.75661
2019-11-18 22:23:00,58.31,58.31,58.31,58.31,1.548888
2019-11-18 22:22:00,58.33,58.33,58.33,58.33,0
2019-11-18 22:21:00,58.33,58.33,58.33,58.33,0
2019-11-18 22:20:00,58.33,58.33,58.33,58.33,0
2019-11-18 22:19:00,58.33,58.33,58.33,58.33,2.294079
2019-11-18 22:18:00,58.36,58.36,58.36,58.36,0.577546
2019-11-18 22:17:00,58.35,58.37,58.35,58.37,93.527363
2019-11-18 22:16:00,58.36,58.36,58.32,58.36,55.15656
2019-11-18 22:15:00,58.37,58.38,58.37,58.38,2.4273
2019-11-18 22:14:00,58.38,58.4,58.37,58.37,4.330969
2019-11-18 22:13:00,58.38,58.38,58.36,58.38,5.057815
2019-11-18 22:12:00,58.31,58.39,58.31,58.38,87.286881
2019-11-18 22:11:00,58.33,58.33,58.32,58.32,28.057345
2019-11-18 22:10:00,58.35,58.36,58.33,58.36,261.079781
2019-11-18 22:09:00,58.35,58.36,58.34,58.36,25.852351
2019-11-18 22:08:00,58.35,58.35,58.34,58.35,8.407273
2019-11-18 22:07:00,58.36,58.36,58.35,58.36,26.518689
2019-11-18 22:06:00,58.37,58.37,58.36,58.36,139.470922
2019-11-18 22:05:00,58.37,58.37,58.37,58.37,0.225679
2019-11-18 22:04:00,58.37,58.37,58.36,58.37,48.613116
2019-11-18 22:03:00,58.37,58.37,58.37,58.37,0.138693
2019-11-18 22:02:00,58.36,58.36,58.36,58.36,0
2019-11-18 22:01:00,58.36,58.36,58.36,58.36,12.894468
2019-11-18 22:00:00,58.33,58.36,58.33,58.36,39.062306
2019-11-18 21:59:00,58.35,58.38,58.33,58.33,231.783465
2019-11-18 21:58:00,58.29,58.35,58.29,58.34,155.006956
2019-11-18 21:57:00,58.18,58.26,58.18,58.24,131.555501
2019-11-18 21:56:00,58.22,58.22,58.17,58.17,160.625238
2019-11-18 21:55:00,58.23,58.23,58.22,58.22,0.074184
2019-11-18 21:54:00,58.2,58.2,58.2,58.2,0
2019-11-18 21:53:00,58.25,58.25,58.19,58.2,38.855104
2019-11-18 21:52:00,58.25,58.25,58.25,58.25,1.348443
2019-11-18 21:51:00,58.24,58.25,58.24,58.25,37.802797
2019-11-18 21:50:00,58.3,58.31,58.25,58.25,40.38675
2019-11-18 21:49:00,58.34,58.34,58.31,58.32,55.192831
2019-11-18 21:48:00,58.38,58.38,58.34,58.34,99.499363
2019-11-18 21:47:00,58.37,58.42,58.37,58.41,68.801116
2019-11-18 21:46:00,58.37,58.39,58.37,58.39,71.852122
2019-11-18 21:45:00,58.3,58.37,58.3,58.36,463.80259
2019-11-18 21:44:00,58.24,58.35,58.24,58.3,825.727758
2019-11-18 21:43:00,58.23,58.24,58.23,58.24,10.869516
2019-11-18 21:42:00,58.2,58.23,58.2,58.23,38.394224
2019-11-18 21:41:00,58.22,58.22,58.19,58.19,1.869947
2019-11-18 21:40:00,58.17,58.25,58.17,58.23,778.373216
2019-11-18 21:39:00,58.18,58.18,58.17,58.18,8.502368
2019-11-18 21:38:00,58.23,58.23,58.19,58.19,35.819692
2019-11-18 21:37:00,58.23,58.26,58.23,58.24,366.151745
2019-11-18 21:36:00,58.21,58.23,58.21,58.23,18.050842
2019-11-18 21:35:00,58.21,58.21,58.21,58.21,79.9175
2019-11-18 21:34:00,58.18,58.2,58.18,58.2,250.148739
2019-11-18 21:33:00,58.19,58.2,58.18,58.18,285.637098
2019-11-18 21:32:00,58.15,58.17,58.15,58.17,96.29613
2019-11-18 21:31:00,58.14,58.14,58.14,58.14,0.214
2019-11-18 21:30:00,58.14,58.15,58.1,58.15,142.256484
2019-11-18 21:29:00,58.15,58.16,58.15,58.15,10.621197
2019-11-18 21:28:00,58.16,58.16,58.15,58.16,11.569872
2019-11-18 21:27:00,58.16,58.16,58.15,58.16,148.321035
2019-11-18 21:26:00,58.17,58.18,58.16,58.16,447.214002
2019-11-18 21:25:00,58.17,58.18,58.17,58.17,52.818652
2019-11-18 21:24:00,58.17,58.18,58.17,58.17,12.382904
2019-11-18 21:23:00,58.18,58.18,58.18,58.18,6.392786
2019-11-18 21:22:00,58.16,58.18,58.16,58.18,98.878422
2019-11-18 21:21:00,58.18,58.18,58.13,58.15,110.792737
2019-11-18 21:20:00,58.1,58.18,58.1,58.18,515.82756
2019-11-18 21:19:00,58.13,58.18,58.08,58.1,368.96937
2019-11-18 21:18:00,58.13,58.16,58.12,58.14,366.033731
2019-11-18 21:17:00,58.1,58.13,58.1,58.13,0.162677
2019-11-18 21:16:00,58.02,58.08,58.02,58.08,31.424659
2019-11-18 21:15:00,58.01,58.02,58.01,58.02,94.953501
2019-11-18 21:14:00,57.99,58,57.99,58,6.82689
2019-11-18 21:13:00,57.99,58,57.99,57.99,20.439375
2019-11-18 21:12:00,57.98,58,57.96,57.99,252.27738
2019-11-18 21:11:00,57.96,57.99,57.96,57.99,3.584065
2019-11-18 21:10:00,57.98,57.98,57.96,57.96,28.12911
2019-11-18 21:09:00,57.96,57.98,57.95,57.98,26.550352
2019-11-18 21:08:00,57.91,57.97,57.91,57.95,181.205226
2019-11-18 21:07:00,57.91,57.91,57.91,57.91,0
2019-11-18 21:06:00,57.89,57.92,57.89,57.91,27.731191
2019-11-18 21:05:00,57.89,57.89,57.85,57.87,592.450572
2019-11-18 21:04:00,57.89,57.93,57.87,57.88,1608.702761
2019-11-18 21:03:00,57.89,57.91,57.88,57.88,28.159042
2019-11-18 21:02:00,57.89,57.92,57.88,57.89,221.364112
2019-11-18 21:01:00,57.93,57.93,57.88,57.89,137.066903
2019-11-18 21:00:00,57.95,57.95,57.94,57.94,5.012839
2019-11-18 20:59:00,57.97,57.97,57.95,57.96,146.924785
2019-11-18 20:58:00,57.96,57.96,57.93,57.96,113.533562
2019-11-18 20:57:00,57.98,57.98,57.98,57.98,0
2019-11-18 20:56:00,57.99,57.99,57.98,57.98,12.955132
2019-11-18 20:55:00,58.02,58.02,58,58,104.376643
2019-11-18 20:54:00,58.01,58.05,57.98,58.03,544.694032
2019-11-18 20:53:00,57.99,58,57.99,58,33.229675
2019-11-18 20:52:00,57.96,57.98,57.95,57.97,267.087483
2019-11-18 20:51:00,58,58,57.98,57.99,156.822829
2019-11-18 20:50:00,58.05,58.05,58,58,39.275392
2019-11-18 20:49:00,58.09,58.09,58.07,58.07,45.928626
2019-11-18 20:48:00,58.09,58.1,58.09,58.1,46.587165
2019-11-18 20:47:00,58.17,58.17,58.08,58.11,211.100498
2019-11-18 20:46:00,58.16,58.17,58.16,58.16,21.467772
2019-11-18 20:45:00,58.16,58.16,58.15,58.16,7.712841
2019-11-18 20:44:00,58.12,58.16,58.12,58.16,20.892104
2019-11-18 20:43:00,58.11,58.11,58.08,58.11,12.37011
2019-11-18 20:42:00,58.17,58.17,58.11,58.11,15.136135
2019-11-18 20:41:00,58.22,58.22,58.16,58.16,30.300853
2019-11-18 20:40:00,58.2,58.21,58.2,58.21,182.879003
2019-11-18 20:39:00,58.16,58.22,58.16,58.22,26.156618
2019-11-18 20:38:00,58.19,58.19,58.15,58.15,248.499896
2019-11-18 20:37:00,58.16,58.19,58.16,58.19,160.68729
2019-11-18 20:36:00,58.11,58.17,58.11,58.17,41.204762
2019-11-18 20:35:00,58.11,58.11,58.07,58.11,251.61391
2019-11-18 20:34:00,58.12,58.13,58.11,58.11,10.160298
2019-11-18 20:33:00,58.15,58.15,58.12,58.12,65.881048
2019-11-18 20:32:00,58.17,58.2,58.15,58.15,240.453517
2019-11-18 20:31:00,58.07,58.16,58.07,58.16,168.510822
2019-11-18 20:30:00,58.06,58.09,58.05,58.07,814.78377
2019-11-18 20:29:00,58.08,58.09,58.06,58.06,104.519808
2019-11-18 20:28:00,58.09,58.09,58.06,58.06,28.148167
2019-11-18 20:27:00,58.07,58.1,58.07,58.1,18.851774
2019-11-18 20:26:00,58.05,58.08,58.05,58.07,132.498285
2019-11-18 20:25:00,58.06,58.06,58.03,58.06,261.844796
2019-11-18 20:24:00,58.05,58.07,58.02,58.07,408.826032
2019-11-18 20:23:00,58.08,58.09,58.05,58.05,79.916764
2019-11-18 20:22:00,58.13,58.13,58.1,58.1,29.568769
2019-11-18 20:21:00,58.17,58.17,58.13,58.13,70.036695
2019-11-18 20:20:00,58.19,58.19,58.17,58.17,32.0756
2019-11-18 20:19:00,58.18,58.18,58.14,58.18,75.183414
2019-11-18 20:18:00,58.18,58.19,58.18,58.19,0.6734
2019-11-18 20:17:00,58.23,58.23,58.18,58.19,126.826224
2019-11-18 20:16:00,58.19,58.26,58.19,58.23,103.28705
2019-11-18 20:15:00,58.15,58.2,58.14,58.19,178.735034
2019-11-18 20:14:00,58.16,58.16,58.13,58.13,64.115407
2019-11-18 20:13:00,58.12,58.18,58.11,58.15,370.812377
2019-11-18 20:12:00,58.11,58.13,58.08,58.12,325.096452
2019-11-18 20:11:00,58,58.14,57.99,58.11,574.931124
2019-11-18 20:10:00,58.04,58.06,57.97,58,535.097088
2019-11-18 20:09:00,58.03,58.07,58.03,58.05,909.585546
2019-11-18 20:08:00,58.01,58.11,58,58.05,760.044169
2019-11-18 20:07:00,58.12,58.13,57.94,58.01,968.491937
2019-11-18 20:06:00,58.18,58.18,58.12,58.12,140.607371
2019-11-18 20:05:00,58.21,58.23,58.17,58.18,170.014311
2019-11-18 20:04:00,58.19,58.24,58.17,58.24,287.966714
2019-11-18 20:03:00,58.23,58.27,58.19,58.19,250.900801
2019-11-18 20:02:00,58.28,58.28,58.17,58.23,1068.979016
2019-11-18 20:01:00,58.36,58.36,58.28,58.28,823.954599
2019-11-18 20:00:00,58.39,58.39,58.35,58.35,315.851026
2019-11-18 19:59:00,58.36,58.37,58.36,58.37,49.288009
2019-11-18 19:58:00,58.36,58.37,58.36,58.37,21.624585
2019-11-18 19:57:00,58.35,58.35,58.35,58.35,4.432355
2019-11-18 19:56:00,58.35,58.35,58.35,58.35,0
2019-11-18 19:55:00,58.36,58.36,58.35,58.35,704.827616
2019-11-18 19:54:00,58.36,58.36,58.36,58.36,0.130883
2019-11-18 19:53:00,58.32,58.36,58.32,58.36,121.838877
2019-11-18 19:52:00,58.32,58.32,58.32,58.32,0
2019-11-18 19:51:00,58.33,58.36,58.33,58.35,119.465828
2019-11-18 19:50:00,58.31,58.34,58.29,58.34,390.630909
2019-11-18 19:49:00,58.37,58.37,58.28,58.28,192.545155
2019-11-18 19:48:00,58.4,58.4,58.39,58.39,196.589327
2019-11-18 19:47:00,58.44,58.44,58.4,58.4,418.998129
2019-11-18 19:46:00,58.41,58.44,58.41,58.44,30.329603
2019-11-18 19:45:00,58.39,58.42,58.39,58.4,153.755835
2019-11-18 19:44:00,58.41,58.41,58.39,58.39,101.950534
2019-11-18 19:43:00,58.42,58.43,58.41,58.41,61.343386
2019-11-18 19:42:00,58.41,58.42,58.41,58.42,1.64493
2019-11-18 19:41:00,58.4,58.41,58.4,58.41,93.600488
2019-11-18 19:40:00,58.42,58.42,58.39,58.39,103.107041
2019-11-18 19:39:00,58.46,58.46,58.4,58.42,88.049374
2019-11-18 19:38:00,58.42,58.48,58.42,58.48,111.562601
2019-11-18 19:37:00,58.44,58.44,58.42,58.42,79.948159
2019-11-18 19:36:00,58.44,58.44,58.44,58.44,0.154
2019-11-18 19:35:00,58.44,58.46,58.44,58.46,36.16682
2019-11-18 19:34:00,58.43,58.43,58.43,58.43,17.057085
2019-11-18 19:33:00,58.4,58.42,58.4,58.42,86.304517
2019-11-18 19:32:00,58.3,58.39,58.3,58.36,75.594613
2019-11-18 19:31:00,58.32,58.32,58.28,58.29,90.746075
2019-11-18 19:30:00,58.35,58.36,58.31,58.33,319.539519
2019-11-18 19:29:00,58.39,58.39,58.36,58.36,337.756049
2019-11-18 19:28:00,58.37,58.39,58.37,58.39,5.597699
2019-11-18 19:27:00,58.35,58.38,58.35,58.37,11.94992
2019-11-18 19:26:00,58.36,58.36,58.35,58.36,3.616691
2019-11-18 19:25:00,58.4,58.4,58.37,58.37,374.468108
2019-11-18 19:24:00,58.42,58.42,58.38,58.4,131.251845
2019-11-18 19:23:00,58.43,58.43,58.43,58.43,20.443153
2019-11-18 19:22:00,58.42,58.43,58.42,58.43,68.990685
2019-11-18 19:21:00,58.47,58.47,58.43,58.43,123.424324
2019-11-18 19:20:00,58.54,58.54,58.48,58.48,418.215462
2019-11-18 19:19:00,58.58,58.58,58.57,58.58,38.262356
2019-11-18 19:18:00,58.59,58.6,58.59,58.6,71.395867
2019-11-18 19:17:00,58.6,58.6,58.59,58.6,26.038333
2019-11-18 19:16:00,58.63,58.63,58.57,58.6,279.025758
2019-11-18 19:15:00,58.62,58.62,58.62,58.62,253.120307
2019-11-18 19:14:00,58.62,58.63,58.62,58.63,21.327581
2019-11-18 19:13:00,58.64,58.65,58.62,58.62,65.034891
2019-11-18 19:12:00,58.64,58.64,58.64,58.64,0
2019-11-18 19:11:00,58.58,58.64,58.58,58.64,34.442219
2019-11-18 19:10:00,58.59,58.59,58.59,58.59,0
2019-11-18 19:09:00,58.59,58.59,58.59,58.59,0.009342
2019-11-18 19:08:00,58.55,58.59,58.55,58.58,311.945924
2019-11-18 19:07:00,58.55,58.55,58.55,58.55,11.455165
2019-11-18 19:06:00,58.49,58.55,58.49,58.54,537.395324
2019-11-18 19:05:00,58.48,58.49,58.48,58.49,13.323421
2019-11-18 19:04:00,58.43,58.46,58.4,58.46,84.289719
2019-11-18 19:03:00,58.36,58.42,58.36,58.42,174.586374
2019-11-18 19:02:00,58.43,58.43,58.26,58.36,548.580228
2019-11-18 19:01:00,58.47,58.47,58.43,58.43,35.556017
2019-11-18 19:00:00,58.46,58.48,58.38,58.47,323.195735
2019-11-18 18:59:00,58.42,58.58,58.37,58.48,3135.508496
2019-11-18 18:58:00,58.61,58.61,58.12,58.4,6885.117125
2019-11-18 18:57:00,58.62,58.62,58.62,58.62,14.926139
2019-11-18 18:56:00,58.65,58.65,58.63,58.63,357.383115
2019-11-18 18:55:00,58.68,58.69,58.65,58.65,2010.137128
2019-11-18 18:54:00,58.69,58.7,58.69,58.69,24.570914
2019-11-18 18:53:00,58.7,58.7,58.7,58.7,1.987526
2019-11-18 18:52:00,58.7,58.7,58.7,58.7,62.89535
2019-11-18 18:51:00,58.71,58.71,58.71,58.71,1.980553
2019-11-18 18:50:00,58.7,58.71,58.7,58.71,2.296678
2019-11-18 18:49:00,58.7,58.7,58.7,58.7,0.883867
2019-11-18 18:48:00,58.68,58.69,58.67,58.69,222.836845
2019-11-18 18:47:00,58.69,58.69,58.68,58.68,291.544148
2019-11-18 18:46:00,58.7,58.72,58.7,58.7,44.968371
2019-11-18 18:45:00,58.71,58.71,58.71,58.71,2.534
2019-11-18 18:44:00,58.72,58.73,58.72,58.72,9.705363
2019-11-18 18:43:00,58.72,58.74,58.72,58.72,454.87837
2019-11-18 18:42:00,58.73,58.73,58.72,58.72,202.779077
2019-11-18 18:41:00,58.71,58.72,58.71,58.72,39.862899
2019-11-18 18:40:00,58.73,58.73,58.71,58.71,113.600428
2019-11-18 18:39:00,58.73,58.73,58.73,58.73,33.15139
2019-11-18 18:38:00,58.73,58.73,58.73,58.73,603.09254
2019-11-18 18:37:00,58.73,58.73,58.72,58.72,3.939367
2019-11-18 18:36:00,58.73,58.73,58.73,58.73,8.721572
2019-11-18 18:35:00,58.73,58.74,58.73,58.74,2.5012
2019-11-18 18:34:00,58.75,58.75,58.75,58.75,0
2019-11-18 18:33:00,58.75,58.75,58.75,58.75,7.043698
2019-11-18 18:32:00,58.75,58.76,58.75,58.75,38.977356
2019-11-18 18:31:00,58.75,58.75,58.75,58.75,0
2019-11-18 18:30:00,58.75,58.75,58.75,58.75,2.490417
2019-11-18 18:29:00,58.75,58.75,58.74,58.74,100.217429
2019-11-18 18:28:00,58.75,58.75,58.74,58.75,29.962384
2019-11-18 18:27:00,58.75,58.75,58.74,58.75,117.883575
2019-11-18 18:26:00,58.75,58.75,58.74,58.75,9.229084
2019-11-18 18:25:00,58.75,58.75,58.74,58.75,9.324464
2019-11-18 18:24:00,58.75,58.75,58.75,58.75,0
2019-11-18 18:23:00,58.75,58.75,58.75,58.75,0.160868
2019-11-18 18:22:00,58.75,58.75,58.75,58.75,0
2019-11-18 18:21:00,58.75,58.75,58.75,58.75,0.166595
2019-11-18 18:20:00,58.76,58.77,58.75,58.76,59.350049
2019-11-18 18:19:00,58.75,58.76,58.75,58.76,139.335024
2019-11-18 18:18:00,58.74,58.77,58.74,58.74,70.514231
2019-11-18 18:17:00,58.75,58.75,58.75,58.75,0.007128
2019-11-18 18:16:00,58.73,58.75,58.73,58.75,73.064342
2019-11-18 18:15:00,58.77,58.77,58.73,58.74,295.485823
2019-11-18 18:14:00,58.77,58.77,58.76,58.76,7.039981
2019-11-18 18:13:00,58.79,58.79,58.75,58.77,45.403889
2019-11-18 18:12:00,58.77,58.8,58.77,58.79,114.106823
2019-11-18 18:11:00,58.77,58.78,58.77,58.78,25.577298
2019-11-18 18:10:00,58.78,58.78,58.75,58.75,201.131765
2019-11-18 18:09:00,58.8,58.8,58.77,58.77,232.97279
2019-11-18 18:08:00,58.82,58.82,58.8,58.8,544.630047
2019-11-18 18:07:00,58.85,58.86,58.82,58.83,40.975549
2019-11-18 18:06:00,58.85,58.86,58.85,58.86,16.095321
2019-11-18 18:05:00,58.86,58.86,58.85,58.86,6.563537
2019-11-18 18:04:00,58.86,58.86,58.85,58.86,42.722816
2019-11-18 18:03:00,58.86,58.86,58.86,58.86,10.588081
2019-11-18 18:02:00,58.86,58.87,58.86,58.86,82.444801
2019-11-18 18:01:00,58.86,58.86,58.85,58.86,10.076436
2019-11-18 18:00:00,58.88,58.88,58.86,58.86,10.273172
2019-11-18 17:59:00,58.86,58.89,58.86,58.89,168.399833
2019-11-18 17:58:00,58.84,58.86,58.84,58.86,16.814024
2019-11-18 17:57:00,58.77,58.85,58.77,58.85,612.842118
2019-11-18 17:56:00,58.77,58.78,58.77,58.77,0.592714
2019-11-18 17:55:00,58.77,58.77,58.77,58.77,0.009936
2019-11-18 17:54:00,58.78,58.78,58.77,58.77,3.260088
2019-11-18 17:53:00,58.79,58.79,58.79,58.79,0
2019-11-18 17:52:00,58.79,58.79,58.79,58.79,33.409932
2019-11-18 17:51:00,58.79,58.8,58.79,58.79,0.217593
2019-11-18 17:50:00,58.8,58.8,58.8,58.8,0.114442
2019-11-18 17:49:00,58.8,58.8,58.8,58.8,47.6243
2019-11-18 17:48:00,58.79,58.79,58.79,58.79,5.53
2019-11-18 17:47:00,58.81,58.81,58.81,58.81,0.43587
2019-11-18 17:46:00,58.82,58.83,58.82,58.82,105.769901
2019-11-18 17:45:00,58.76,58.82,58.76,58.82,210.86777
2019-11-18 17:44:00,58.75,58.75,58.75,58.75,4.194109
2019-11-18 17:43:00,58.74,58.77,58.74,58.76,37.423231
2019-11-18 17:42:00,58.72,58.74,58.72,58.73,87.245259
2019-11-18 17:41:00,58.75,58.76,58.72,58.73,304.909726
2019-11-18 17:40:00,58.74,58.75,58.74,58.75,54.22622
2019-11-18 17:39:00,58.74,58.75,58.74,58.75,12.251539
2019-11-18 17:38:00,58.74,58.74,58.74,58.74,12.514763
2019-11-18 17:37:00,58.74,58.74,58.74,58.74,74.431436
2019-11-18 17:36:00,58.75,58.76,58.73,58.75,359.048037
2019-11-18 17:35:00,58.76,58.77,58.76,58.76,35.258774
2019-11-18 17:34:00,58.81,58.81,58.76,58.76,210.150859
2019-11-18 17:33:00,58.82,58.82,58.82,58.82,25.280064
2019-11-18 17:32:00,58.83,58.83,58.83,58.83,6.3
2019-11-18 17:31:00,58.84,58.84,58.84,58.84,19.984443
2019-11-18 17:30:00,58.84,58.85,58.84,58.84,40.991053
2019-11-18 17:29:00,58.85,58.85,58.84,58.85,81.498496
2019-11-18 17:28:00,58.89,58.89,58.85,58.85,119.445743
2019-11-18 17:27:00,58.89,58.89,58.89,58.89,59.022525
2019-11-18 17:26:00,58.89,58.9,58.89,58.89,81.160662
2019-11-18 17:25:00,58.89,58.9,58.89,58.9,14.377512
2019-11-18 17:24:00,58.88,58.88,58.88,58.88,44.325784
2019-11-18 17:23:00,58.91,58.91,58.88,58.88,8.467046
2019-11-18 17:22:00,58.92,58.93,58.91,58.93,57.214738
2019-11-18 17:21:00,58.94,58.96,58.92,58.93,107.341989
2019-11-18 17:20:00,58.96,58.96,58.94,58.94,0.870481
2019-11-18 17:19:00,58.98,58.98,58.96,58.96,0.471319
2019-11-18 17:18:00,59.05,59.05,58.99,58.99,453.787842
2019-11-18 17:17:00,59.05,59.05,59.05,59.05,34.422428
2019-11-18 17:16:00,59.05,59.06,59.05,59.06,145.456351
2019-11-18 17:15:00,59.04,59.04,59.04,59.04,0.1959
2019-11-18 17:14:00,59.06,59.06,59.05,59.05,190.209798
2019-11-18 17:13:00,59.05,59.06,59.05,59.06,106.868023
2019-11-18 17:12:00,59.05,59.05,59.04,59.04,0.473141
2019-11-18 17:11:00,59.02,59.04,59.02,59.04,322.479084
2019-11-18 17:10:00,59.02,59.02,59.02,59.02,5.183029
2019-11-18 17:09:00,58.94,59.03,58.94,59.01,180.06436
2019-11-18 17:08:00,58.95,58.95,58.94,58.94,45.235167
2019-11-18 17:07:00,58.92,58.96,58.92,58.96,211.770827
2019-11-18 17:06:00,58.92,58.93,58.92,58.92,47.350222
2019-11-18 17:05:00,58.93,58.93,58.93,58.93,0.62
2019-11-18 17:04:00,58.88,58.93,58.88,58.93,124.542537
2019-11-18 17:03:00,58.88,58.88,58.88,58.88,0
2019-11-18 17:02:00,58.94,58.94,58.87,58.88,165.112363
2019-11-18 17:01:00,58.95,58.96,58.94,58.94,12.860524
2019-11-18 17:00:00,58.98,58.98,58.95,58.95,4.389308
2019-11-18 16:59:00,58.95,58.99,58.95,58.99,75.541576
2019-11-18 16:58:00,58.93,58.93,58.93,58.93,0
2019-11-18 16:57:00,58.94,58.94,58.93,58.93,25.010278
2019-11-18 16:56:00,58.92,58.94,58.92,58.94,54.048978
2019-11-18 16:55:00,58.92,58.92,58.92,58.92,64.783848
2019-11-18 16:54:00,58.93,58.93,58.93,58.93,0.002731
2019-11-18 16:53:00,58.94,58.94,58.94,58.94,19.225367
2019-11-18 16:52:00,58.93,58.93,58.93,58.93,5.028859
2019-11-18 16:51:00,59,59,58.93,58.94,162.626071
2019-11-18 16:50:00,59.01,59.01,58.95,58.99,223.600178
2019-11-18 16:49:00,59.09,59.09,59.02,59.02,48.793611
2019-11-18 16:48:00,59.09,59.12,59.05,59.12,232.791146
2019-11-18 16:47:00,59.11,59.12,59.07,59.09,223.650942
2019-11-18 16:46:00,59.08,59.13,59.07,59.11,245.659553
2019-11-18 16:45:00,58.99,59.15,58.97,59.08,817.598094
2019-11-18 16:44:00,58.94,58.98,58.93,58.97,271.755423
2019-11-18 16:43:00,58.88,58.95,58.88,58.95,242.037225
2019-11-18 16:42:00,58.83,58.87,58.83,58.87,237.690408
2019-11-18 16:41:00,58.82,58.84,58.82,58.83,72.810799
2019-11-18 16:40:00,58.8,58.81,58.8,58.81,4.569114
2019-11-18 16:39:00,58.8,58.8,58.79,58.79,5.158561
2019-11-18 16:38:00,58.8,58.8,58.8,58.8,6.121934
2019-11-18 16:37:00,58.8,58.8,58.79,58.79,3.641398
2019-11-18 16:36:00,58.79,58.8,58.79,58.8,161.151633
2019-11-18 16:35:00,58.8,58.8,58.79,58.79,14.287807
2019-11-18 16:34:00,58.8,58.8,58.8,58.8,0.43
2019-11-18 16:33:00,58.79,58.8,58.79,58.8,72.232846
2019-11-18 16:32:00,58.8,58.81,58.79,58.79,53.451976
2019-11-18 16:31:00,58.82,58.82,58.8,58.8,19.317373
2019-11-18 16:30:00,58.82,58.83,58.82,58.83,33.513627
2019-11-18 16:29:00,58.8,58.82,58.8,58.82,37.39563
2019-11-18 16:28:00,58.82,58.82,58.82,58.82,2.08187
2019-11-18 16:27:00,58.82,58.82,58.82,58.82,0
2019-11-18 16:26:00,58.83,58.83,58.82,58.82,18.714028
2019-11-18 16:25:00,58.83,58.83,58.83,58.83,0.2
2019-11-18 16:24:00,58.84,58.84,58.83,58.83,164.471737
2019-11-18 16:23:00,58.84,58.85,58.82,58.82,96.27382
2019-11-18 16:22:00,58.82,58.84,58.82,58.84,103.743661
2019-11-18 16:21:00,58.82,58.82,58.82,58.82,48.177
2019-11-18 16:20:00,58.8,58.8,58.8,58.8,0
2019-11-18 16:19:00,58.78,58.8,58.78,58.8,17.657189
2019-11-18 16:18:00,58.79,58.82,58.79,58.8,130.733466
2019-11-18 16:17:00,58.76,58.79,58.76,58.79,12.312966
2019-11-18 16:16:00,58.74,58.74,58.74,58.74,0.096438
2019-11-18 16:15:00,58.71,58.74,58.7,58.74,192.675779
2019-11-18 16:14:00,58.75,58.75,58.73,58.73,43.956723
2019-11-18 16:13:00,58.75,58.75,58.75,58.75,2.234353
2019-11-18 16:12:00,58.71,58.75,58.71,58.75,74.282227
2019-11-18 16:11:00,58.71,58.71,58.71,58.71,0
2019-11-18 16:10:00,58.71,58.71,58.71,58.71,0
2019-11-18 16:09:00,58.74,58.74,58.68,58.71,230.70445
2019-11-18 16:08:00,58.74,58.74,58.73,58.74,12.309205
2019-11-18 16:07:00,58.73,58.73,58.66,58.72,852.719076
2019-11-18 16:06:00,58.77,58.77,58.73,58.73,107.202583
2019-11-18 16:05:00,58.78,58.78,58.77,58.77,37.9315
2019-11-18 16:04:00,58.78,58.78,58.78,58.78,6.816943
2019-11-18 16:03:00,58.78,58.78,58.78,58.78,0.880032
2019-11-18 16:02:00,58.78,58.78,58.78,58.78,78.622652
2019-11-18 16:01:00,58.84,58.84,58.77,58.77,105.32093
2019-11-18 16:00:00,58.85,58.85,58.85,58.85,4.99054
2019-11-18 15:59:00,58.84,58.85,58.84,58.84,32.9961
2019-11-18 15:58:00,58.83,58.84,58.82,58.82,49.638603
2019-11-18 15:57:00,58.82,58.83,58.82,58.83,66.709473
2019-11-18 15:56:00,58.82,58.82,58.82,58.82,6.903079
2019-11-18 15:55:00,58.79,58.82,58.79,58.82,134.53169
2019-11-18 15:54:00,58.8,58.8,58.79,58.79,68.937215
2019-11-18 15:53:00,58.78,58.8,58.78,58.8,9.155607
2019-11-18 15:52:00,58.74,58.77,58.74,58.77,57.747315
2019-11-18 15:51:00,58.71,58.74,58.71,58.74,131.163212
2019-11-18 15:50:00,58.71,58.71,58.71,58.71,9.27
2019-11-18 15:49:00,58.7,58.7,58.7,58.7,0
2019-11-18 15:48:00,58.7,58.7,58.7,58.7,0
2019-11-18 15:47:00,58.7,58.7,58.7,58.7,8
2019-11-18 15:46:00,58.7,58.7,58.7,58.7,13.702971
2019-11-18 15:45:00,58.7,58.7,58.7,58.7,2.0597
2019-11-18 15:44:00,58.7,58.7,58.7,58.7,44.256846
2019-11-18 15:43:00,58.7,58.71,58.7,58.7,38.311286
2019-11-18 15:42:00,58.72,58.72,58.69,58.7,34.211545
2019-11-18 15:41:00,58.71,58.71,58.7,58.71,118.314843
2019-11-18 15:40:00,58.72,58.72,58.7,58.71,142.249574
2019-11-18 15:39:00,58.73,58.73,58.7,58.71,186.856917
2019-11-18 15:38:00,58.72,58.73,58.72,58.73,47.763824
2019-11-18 15:37:00,58.71,58.74,58.71,58.72,88.821567
2019-11-18 15:36:00,58.71,58.71,58.7,58.7,19.854091
2019-11-18 15:35:00,58.73,58.73,58.71,58.71,84.502327
2019-11-18 15:34:00,58.69,58.73,58.69,58.73,385.859983
2019-11-18 15:33:00,58.69,58.7,58.69,58.69,5.918262
2019-11-18 15:32:00,58.7,58.71,58.69,58.69,65.599265
2019-11-18 15:31:00,58.68,58.7,58.67,58.7,184.07989
2019-11-18 15:30:00,58.75,58.75,58.68,58.68,17.168358
2019-11-18 15:29:00,58.72,58.74,58.71,58.74,116.096174
2019-11-18 15:28:00,58.68,58.68,58.64,58.68,188.224292
2019-11-18 15:27:00,58.7,58.7,58.59,58.68,1188.209875
2019-11-18 15:26:00,58.7,58.7,58.68,58.7,46.919389
2019-11-18 15:25:00,58.74,58.74,58.7,58.71,166.467002
2019-11-18 15:24:00,58.79,58.79,58.74,58.75,204.488989
2019-11-18 15:23:00,58.8,58.8,58.79,58.79,44.015003
2019-11-18 15:22:00,58.8,58.82,58.8,58.8,1160.398149
2019-11-18 15:21:00,58.78,58.82,58.78,58.81,192.049329
2019-11-18 15:20:00,58.79,58.8,58.78,58.79,383.328045
2019-11-18 15:19:00,58.81,58.82,58.79,58.8,1568.114594
2019-11-18 15:18:00,58.8,58.82,58.8,58.81,400.643583
2019-11-18 15:17:00,58.79,58.8,58.79,58.8,9.998917
2019-11-18 15:16:00,58.8,58.81,58.79,58.79,122.828992
2019-11-18 15:15:00,58.82,58.82,58.82,58.82,0.6
2019-11-18 15:14:00,58.84,58.84,58.82,58.82,39.091052
2019-11-18 15:13:00,58.89,58.89,58.83,58.83,14.575807
2019-11-18 15:12:00,58.91,58.91,58.89,58.89,39.718545
2019-11-18 15:11:00,58.9,58.9,58.89,58.89,190.808874
2019-11-18 15:10:00,58.89,58.9,58.88,58.9,172.190201
2019-11-18 15:09:00,58.86,58.89,58.86,58.88,37.45729
2019-11-18 15:08:00,58.79,58.89,58.79,58.87,267.623584
2019-11-18 15:07:00,58.77,58.82,58.77,58.78,290.439614
2019-11-18 15:06:00,58.73,58.77,58.73,58.77,152.234655
2019-11-18 15:05:00,58.71,58.73,58.71,58.73,12.950336
2019-11-18 15:04:00,58.71,58.71,58.7,58.71,1.486789
2019-11-18 15:03:00,58.71,58.71,58.71,58.71,0.126017
2019-11-18 15:02:00,58.7,58.71,58.69,58.71,4.325986
2019-11-18 15:01:00,58.68,58.7,58.68,58.7,404.001669
2019-11-18 15:00:00,58.7,58.7,58.68,58.68,18.322791
2019-11-18 14:59:00,58.7,58.71,58.7,58.7,7.085915
2019-11-18 14:58:00,58.69,58.71,58.69,58.71,0.797623
2019-11-18 14:57:00,58.74,58.74,58.67,58.69,598.932885
2019-11-18 14:56:00,58.74,58.74,58.74,58.74,24.131626
2019-11-18 14:55:00,58.73,58.74,58.73,58.73,442.804043
2019-11-18 14:54:00,58.64,58.71,58.64,58.71,486.502103
2019-11-18 14:53:00,58.66,58.68,58.65,58.65,87.444222
2019-11-18 14:52:00,58.67,58.67,58.65,58.66,210.769971
2019-11-18 14:51:00,58.7,58.7,58.67,58.67,54.972309
2019-11-18 14:50:00,58.72,58.72,58.72,58.72,0
2019-11-18 14:49:00,58.72,58.72,58.72,58.72,163.698644
2019-11-18 14:48:00,58.75,58.75,58.74,58.74,7.006233
2019-11-18 14:47:00,58.72,58.75,58.72,58.73,31.053798
2019-11-18 14:46:00,58.7,58.74,58.7,58.73,615.815588
2019-11-18 14:45:00,58.7,58.7,58.7,58.7,0
2019-11-18 14:44:00,58.69,58.7,58.69,58.7,15.305784
2019-11-18 14:43:00,58.69,58.69,58.69,58.69,54.241472
2019-11-18 14:42:00,58.69,58.7,58.69,58.69,10.342516
2019-11-18 14:41:00,58.71,58.73,58.7,58.72,503.856188
2019-11-18 14:40:00,58.74,58.74,58.71,58.71,33.207845
2019-11-18 14:39:00,58.68,58.73,58.68,58.73,199.605802
2019-11-18 14:38:00,58.67,58.69,58.66,58.68,278.31877
2019-11-18 14:37:00,58.66,58.7,58.66,58.67,42.438622
2019-11-18 14:36:00,58.69,58.69,58.65,58.65,983.523794
2019-11-18 14:35:00,58.7,58.7,58.69,58.69,43.903172
2019-11-18 14:34:00,58.73,58.73,58.72,58.72,282.827405
2019-11-18 14:33:00,58.71,58.73,58.71,58.72,20.92197
2019-11-18 14:32:00,58.71,58.71,58.7,58.71,81.805838
2019-11-18 14:31:00,58.66,58.72,58.61,58.72,698.326246
2019-11-18 14:30:00,58.67,58.69,58.65,58.66,495.533187
2019-11-18 14:29:00,58.66,58.68,58.66,58.68,364.144944
2019-11-18 14:28:00,58.68,58.68,58.65,58.65,31.624419
2019-11-18 14:27:00,58.74,58.74,58.64,58.69,459.748025
2019-11-18 14:26:00,58.74,58.74,58.72,58.72,53.88949
2019-11-18 14:25:00,58.74,58.77,58.7,58.75,345.532197
2019-11-18 14:24:00,58.81,58.81,58.74,58.74,210.175932
2019-11-18 14:23:00,58.81,58.82,58.81,58.82,32.229118
2019-11-18 14:22:00,58.82,58.82,58.81,58.81,28.748147
2019-11-18 14:21:00,58.84,58.84,58.82,58.82,20.682909
2019-11-18 14:20:00,58.87,58.87,58.78,58.85,611.099525
2019-11-18 14:19:00,58.92,58.93,58.87,58.87,337.63964
2019-11-18 14:18:00,58.95,58.95,58.93,58.93,38.148455
2019-11-18 14:17:00,58.95,58.96,58.95,58.95,5.032617
2019-11-18 14:16:00,58.95,58.96,58.95,58.95,41.124059
2019-11-18 14:15:00,58.95,58.95,58.95,58.95,117.197957
2019-11-18 14:14:00,58.95,58.95,58.94,58.94,51.959231
2019-11-18 14:13:00,58.95,58.95,58.95,58.95,6.784376
2019-11-18 14:12:00,58.93,58.95,58.93,58.95,19.308538
2019-11-18 14:11:00,58.92,58.92,58.92,58.92,121.820325
2019-11-18 14:10:00,58.93,58.93,58.93,58.93,63.283059
2019-11-18 14:09:00,58.93,58.93,58.93,58.93,1.489
2019-11-18 14:08:00,58.93,58.93,58.93,58.93,0.575861
2019-11-18 14:07:00,58.93,58.93,58.92,58.93,48.910938
2019-11-18 14:06:00,58.93,58.93,58.92,58.93,3.694554
2019-11-18 14:05:00,58.93,58.93,58.93,58.93,0.258806
2019-11-18 14:04:00,58.93,58.93,58.93,58.93,6.703997
2019-11-18 14:03:00,58.92,58.93,58.92,58.93,0.755918
2019-11-18 14:02:00,58.94,58.94,58.92,58.93,208.068953
2019-11-18 14:01:00,58.94,58.94,58.93,58.93,0.028089
2019-11-18 14:00:00,58.94,58.94,58.94,58.94,5.02
2019-11-18 13:59:00,58.94,58.94,58.94,58.94,37.3428
2019-11-18 13:58:00,58.95,58.95,58.95,58.95,0
2019-11-18 13:57:00,58.93,58.95,58.93,58.95,42.873144
2019-11-18 13:56:00,58.93,58.95,58.93,58.95,189.948725
2019-11-18 13:55:00,58.97,58.97,58.92,58.92,50.301536
2019-11-18 13:54:00,58.96,58.98,58.94,58.98,60.803633
2019-11-18 13:53:00,58.95,58.97,58.95,58.97,16.625578
2019-11-18 13:52:00,58.95,58.95,58.94,58.94,1.654172
2019-11-18 13:51:00,58.94,58.94,58.94,58.94,0.006617
2019-11-18 13:50:00,58.92,58.94,58.9,58.93,17.160525
2019-11-18 13:49:00,58.91,58.92,58.91,58.92,184.268486
2019-11-18 13:48:00,58.92,58.92,58.9,58.9,0.09516
2019-11-18 13:47:00,58.91,58.92,58.91,58.92,6.050562
2019-11-18 13:46:00,58.91,58.91,58.91,58.91,72.752109
2019-11-18 13:45:00,58.91,58.91,58.91,58.91,0.009389
2019-11-18 13:44:00,58.91,58.91,58.91,58.91,5.767778
2019-11-18 13:43:00,58.91,58.91,58.9,58.91,10.769492
2019-11-18 13:42:00,58.9,58.91,58.9,58.91,12.460672
2019-11-18 13:41:00,58.89,58.9,58.87,58.9,187.521522
2019-11-18 13:40:00,58.88,58.91,58.88,58.9,408.049939
2019-11-18 13:39:00,58.88,58.89,58.88,58.89,72.404651
2019-11-18 13:38:00,58.88,58.89,58.87,58.89,37.274553
2019-11-18 13:37:00,58.89,58.89,58.88,58.88,78.774165
2019-11-18 13:36:00,58.89,58.89,58.89,58.89,0.009462
2019-11-18 13:35:00,58.89,58.9,58.89,58.89,120.298547
2019-11-18 13:34:00,58.89,58.89,58.88,58.89,209.642436
2019-11-18 13:33:00,58.89,58.89,58.89,58.89,46.801912
2019-11-18 13:32:00,58.88,58.88,58.88,58.88,0
2019-11-18 13:31:00,58.89,58.89,58.88,58.88,131.409077
2019-11-18 13:30:00,58.9,58.91,58.89,58.89,159.039727
2019-11-18 13:29:00,58.89,58.9,58.89,58.9,39.23166
2019-11-18 13:28:00,58.89,58.89,58.89,58.89,0
2019-11-18 13:27:00,58.88,58.89,58.88,58.89,79.949278
2019-11-18 13:26:00,58.88,58.89,58.88,58.89,124.15361
2019-11-18 13:25:00,58.88,58.88,58.88,58.88,36.306265
2019-11-18 13:24:00,58.88,58.88,58.87,58.88,120.019595
2019-11-18 13:23:00,58.88,58.88,58.88,58.88,5.424314
2019-11-18 13:22:00,58.87,58.87,58.87,58.87,27.193183
2019-11-18 13:21:00,58.87,58.87,58.87,58.87,27.661654
2019-11-18 13:20:00,58.84,58.89,58.84,58.87,444.520099
2019-11-18 13:19:00,58.84,58.84,58.84,58.84,67.236963
2019-11-18 13:18:00,58.85,58.85,58.84,58.84,37.491076
2019-11-18 13:17:00,58.87,58.87,58.85,58.85,82.477032
2019-11-18 13:16:00,58.86,58.87,58.86,58.87,78.480817
2019-11-18 13:15:00,58.86,58.86,58.86,58.86,212.973018
2019-11-18 13:14:00,58.86,58.87,58.85,58.85,58.26215
2019-11-18 13:13:00,58.86,58.87,58.86,58.86,0.233082
2019-11-18 13:12:00,58.85,58.88,58.85,58.87,65.874679
2019-11-18 13:11:00,58.84,58.86,58.84,58.85,85.115621
2019-11-18 13:10:00,58.83,58.85,58.82,58.85,34.31782
2019-11-18 13:09:00,58.82,58.87,58.8,58.83,152.412574
2019-11-18 13:08:00,58.81,58.83,58.81,58.83,49.569673
2019-11-18 13:07:00,58.8,58.83,58.8,58.81,3.631102
2019-11-18 13:06:00,58.79,58.83,58.79,58.81,78.400349
2019-11-18 13:05:00,58.82,58.82,58.8,58.8,12.957071
2019-11-18 13:04:00,58.81,58.85,58.8,58.85,102.677767
2019-11-18 13:03:00,58.82,58.82,58.81,58.81,31.376782
2019-11-18 13:02:00,58.78,58.83,58.78,58.82,43.655475
2019-11-18 13:01:00,58.78,58.78,58.78,58.78,29.167011
2019-11-18 13:00:00,58.77,58.78,58.76,58.78,20.999761
2019-11-18 12:59:00,58.67,58.79,58.67,58.78,648.603501
2019-11-18 12:58:00,58.68,58.69,58.66,58.66,35.540476
2019-11-18 12:57:00,58.73,58.73,58.66,58.67,185.565538
2019-11-18 12:56:00,58.65,58.73,58.65,58.73,154.379832
2019-11-18 12:55:00,58.66,58.66,58.64,58.65,72.052215
2019-11-18 12:54:00,58.65,58.66,58.65,58.66,3.15438
2019-11-18 12:53:00,58.63,58.66,58.62,58.66,97.795346
2019-11-18 12:52:00,58.65,58.66,58.63,58.63,214.731108
2019-11-18 12:51:00,58.64,58.65,58.62,58.65,447.135237
2019-11-18 12:50:00,58.61,58.64,58.6,58.64,212.599367
2019-11-18 12:49:00,58.63,58.63,58.59,58.61,123.058483
2019-11-18 12:48:00,58.65,58.65,58.65,58.65,9.998
2019-11-18 12:47:00,58.65,58.66,58.65,58.66,0.033566
2019-11-18 12:46:00,58.66,58.67,58.66,58.66,42.40894
2019-11-18 12:45:00,58.68,58.69,58.67,58.67,37.911922
2019-11-18 12:44:00,58.69,58.69,58.68,58.69,71.870105
2019-11-18 12:43:00,58.7,58.7,58.68,58.68,197.556012
2019-11-18 12:42:00,58.71,58.73,58.71,58.73,143.643354
2019-11-18 12:41:00,58.73,58.73,58.71,58.71,56.516799
2019-11-18 12:40:00,58.72,58.74,58.72,58.74,208.704091
2019-11-18 12:39:00,58.72,58.73,58.72,58.72,8.58058
2019-11-18 12:38:00,58.72,58.73,58.72,58.72,15.952235
2019-11-18 12:37:00,58.74,58.75,58.72,58.72,51.296184
2019-11-18 12:36:00,58.74,58.75,58.74,58.74,16.699054
2019-11-18 12:35:00,58.75,58.75,58.71,58.74,398.573332
2019-11-18 12:34:00,58.75,58.75,58.75,58.75,0.33003
2019-11-18 12:33:00,58.75,58.75,58.75,58.75,0.154198
2019-11-18 12:32:00,58.76,58.77,58.75,58.75,0.142993
2019-11-18 12:31:00,58.77,58.77,58.76,58.76,1.089836
2019-11-18 12:30:00,58.78,58.78,58.76,58.76,611.946095
2019-11-18 12:29:00,58.78,58.78,58.78,58.78,0
2019-11-18 12:28:00,58.78,58.78,58.78,58.78,114.652338
2019-11-18 12:27:00,58.79,58.79,58.77,58.77,113.781313
2019-11-18 12:26:00,58.79,58.79,58.79,58.79,34.338395
2019-11-18 12:25:00,58.78,58.78,58.78,58.78,11.506448
2019-11-18 12:24:00,58.78,58.8,58.78,58.8,22.910015
2019-11-18 12:23:00,58.79,58.8,58.78,58.79,502.022577
2019-11-18 12:22:00,58.8,58.8,58.79,58.79,5.745376
2019-11-18 12:21:00,58.77,58.8,58.77,58.79,36.337132
2019-11-18 12:20:00,58.77,58.8,58.77,58.77,277.848601
2019-11-18 12:19:00,58.8,58.8,58.77,58.78,1.337994
2019-11-18 12:18:00,58.82,58.82,58.78,58.78,62.919099
2019-11-18 12:17:00,58.82,58.83,58.82,58.82,16.974633
2019-11-18 12:16:00,58.83,58.83,58.82,58.82,7.113655
2019-11-18 12:15:00,58.83,58.84,58.83,58.83,283.478947
2019-11-18 12:14:00,58.83,58.84,58.82,58.84,251.461245
2019-11-18 12:13:00,58.81,58.82,58.81,58.82,22.876482
2019-11-18 12:12:00,58.82,58.82,58.81,58.81,29.422363
2019-11-18 12:11:00,58.81,58.82,58.81,58.82,94.812614
2019-11-18 12:10:00,58.84,58.84,58.82,58.82,152.855565
2019-11-18 12:09:00,58.85,58.85,58.85,58.85,0
2019-11-18 12:08:00,58.87,58.87,58.85,58.85,11.113178
2019-11-18 12:07:00,58.87,58.87,58.86,58.86,1.932503
2019-11-18 12:06:00,58.89,58.91,58.89,58.89,198.811725
2019-11-18 12:05:00,58.9,58.9,58.9,58.9,5.378323
2019-11-18 12:04:00,58.88,58.9,58.88,58.9,59.681795
2019-11-18 12:03:00,58.89,58.89,58.89,58.89,0
2019-11-18 12:02:00,58.9,58.9,58.89,58.89,2.776467
2019-11-18 12:01:00,58.89,58.9,58.87,58.9,133.273226
2019-11-18 12:00:00,58.9,58.9,58.9,58.9,0
2019-11-18 11:59:00,58.89,58.9,58.89,58.9,134.046923
2019-11-18 11:58:00,58.91,58.91,58.89,58.89,3.402282
2019-11-18 11:57:00,58.91,58.91,58.91,58.91,0
2019-11-18 11:56:00,58.91,58.91,58.91,58.91,1.918602
2019-11-18 11:55:00,58.91,58.92,58.87,58.91,668.573596
2019-11-18 11:54:00,58.84,58.91,58.83,58.91,134.914386
2019-11-18 11:53:00,58.81,58.82,58.81,58.82,46.205232
2019-11-18 11:52:00,58.8,58.82,58.8,58.82,209.660198
2019-11-18 11:51:00,58.77,58.77,58.75,58.75,76.734455
2019-11-18 11:50:00,58.68,58.76,58.68,58.76,483.072822
2019-11-18 11:49:00,58.66,58.67,58.66,58.67,77.437736
2019-11-18 11:48:00,58.64,58.65,58.64,58.65,286.862864
2019-11-18 11:47:00,58.64,58.64,58.64,58.64,0.200556
2019-11-18 11:46:00,58.65,58.65,58.65,58.65,6
2019-11-18 11:45:00,58.64,58.65,58.64,58.65,104.407055
2019-11-18 11:44:00,58.62,58.64,58.62,58.64,7.841441
2019-11-18 11:43:00,58.64,58.64,58.62,58.62,1.957099
2019-11-18 11:42:00,58.64,58.64,58.63,58.63,88.944463
2019-11-18 11:41:00,58.62,58.63,58.62,58.63,132.609144
2019-11-18 11:40:00,58.65,58.65,58.62,58.62,358.609704
2019-11-18 11:39:00,58.66,58.67,58.66,58.66,167.506913
2019-11-18 11:38:00,58.63,58.67,58.63,58.65,67.473667
2019-11-18 11:37:00,58.64,58.64,58.63,58.63,0.1355
2019-11-18 11:36:00,58.64,58.64,58.63,58.64,83.15962
2019-11-18 11:35:00,58.66,58.69,58.66,58.66,273.679888
2019-11-18 11:34:00,58.63,58.69,58.63,58.65,348.853707
2019-11-18 11:33:00,58.67,58.68,58.63,58.63,34.822499
2019-11-18 11:32:00,58.67,58.7,58.67,58.67,145.667473
2019-11-18 11:31:00,58.65,58.66,58.64,58.66,52.967879
2019-11-18 11:30:00,58.67,58.68,58.65,58.65,117.514232
2019-11-18 11:29:00,58.65,58.67,58.64,58.67,53.238904
2019-11-18 11:28:00,58.56,58.65,58.56,58.65,266.975516
2019-11-18 11:27:00,58.61,58.61,58.5,58.56,1260.324408
2019-11-18 11:26:00,58.63,58.63,58.61,58.62,211.464897
2019-11-18 11:25:00,58.62,58.66,58.61,58.61,91.683971
2019-11-18 11:24:00,58.61,58.62,58.61,58.62,17.957063
2019-11-18 11:23:00,58.66,58.66,58.62,58.62,122.523309
2019-11-18 11:22:00,58.64,58.67,58.61,58.66,480.478733
2019-11-18 11:21:00,58.61,58.68,58.61,58.65,136.377155
2019-11-18 11:20:00,58.65,58.66,58.6,58.61,153.292425
2019-11-18 11:19:00,58.68,58.68,58.66,58.66,32.286232
2019-11-18 11:18:00,58.7,58.74,58.69,58.69,263.360209
2019-11-18 11:17:00,58.75,58.75,58.68,58.69,55.46086
2019-11-18 11:16:00,58.79,58.79,58.75,58.75,237.911928
2019-11-18 11:15:00,58.79,58.81,58.78,58.8,48.300137
2019-11-18 11:14:00,58.78,58.81,58.77,58.79,137.917216
2019-11-18 11:13:00,58.78,58.79,58.77,58.78,95.823123
2019-11-18 11:12:00,58.78,58.78,58.77,58.78,121.920957
2019-11-18 11:11:00,58.76,58.79,58.75,58.76,124.361555
2019-11-18 11:10:00,58.77,58.79,58.75,58.76,589.737495
2019-11-18 11:09:00,58.75,58.78,58.74,58.77,35.677592
2019-11-18 11:08:00,58.75,58.76,58.74,58.74,50.488039
2019-11-18 11:07:00,58.75,58.75,58.75,58.75,6.645427
2019-11-18 11:06:00,58.75,58.75,58.74,58.75,8.513391
2019-11-18 11:05:00,58.75,58.76,58.75,58.75,67.774557
2019-11-18 11:04:00,58.75,58.77,58.75,58.76,115.37653
2019-11-18 11:03:00,58.73,58.74,58.69,58.74,148.375943
2019-11-18 11:02:00,58.72,58.73,58.7,58.72,220.645852
2019-11-18 11:01:00,58.74,58.74,58.7,58.73,381.683947
2019-11-18 11:00:00,58.83,58.83,58.74,58.74,221.639507
2019-11-18 10:59:00,58.79,58.83,58.77,58.83,85.236884
2019-11-18 10:58:00,58.84,58.84,58.8,58.8,90.830233
2019-11-18 10:57:00,58.78,58.83,58.78,58.83,151.233604
2019-11-18 10:56:00,58.76,58.78,58.76,58.78,148.840903
2019-11-18 10:55:00,58.76,58.8,58.76,58.76,447.1208
2019-11-18 10:54:00,58.78,58.78,58.75,58.76,464.166891
2019-11-18 10:53:00,58.79,58.83,58.77,58.78,543.504288
2019-11-18 10:52:00,58.88,58.88,58.76,58.79,711.965021
2019-11-18 10:51:00,58.72,58.88,58.72,58.88,843.950849
2019-11-18 10:50:00,58.68,58.72,58.66,58.7,170.530983
2019-11-18 10:49:00,58.7,58.7,58.63,58.68,418.472451
2019-11-18 10:48:00,58.71,58.72,58.65,58.69,1086.817601
2019-11-18 10:47:00,58.65,58.71,58.65,58.69,759.581602
2019-11-18 10:46:00,58.7,58.72,58.66,58.67,580.826781
2019-11-18 10:45:00,58.76,58.77,58.67,58.7,1006.782722
2019-11-18 10:44:00,58.82,58.82,58.75,58.75,124.074749
2019-11-18 10:43:00,58.81,58.88,58.81,58.82,457.693627
2019-11-18 10:42:00,58.75,58.8,58.61,58.8,1470.720758
2019-11-18 10:41:00,58.86,58.86,58.75,58.76,855.54383
2019-11-18 10:40:00,58.86,58.88,58.86,58.86,15.007271
2019-11-18 10:39:00,58.86,58.86,58.85,58.86,32.013218
2019-11-18 10:38:00,58.84,58.86,58.84,58.85,73.517761
2019-11-18 10:37:00,58.89,58.89,58.83,58.84,734.294936
2019-11-18 10:36:00,58.83,58.9,58.83,58.9,48.190239
2019-11-18 10:35:00,58.89,58.89,58.83,58.83,216.024593
2019-11-18 10:34:00,58.92,58.92,58.87,58.9,333.516352
2019-11-18 10:33:00,58.97,58.97,58.85,58.92,441.231428
2019-11-18 10:32:00,59.01,59.01,58.97,58.97,26.52537
2019-11-18 10:31:00,59.01,59.02,59.01,59.01,16.361051
2019-11-18 10:30:00,59.09,59.09,59.03,59.03,214.518426
2019-11-18 10:29:00,59.08,59.09,59.08,59.09,36.987058
2019-11-18 10:28:00,59.08,59.08,59.08,59.08,144.346026
2019-11-18 10:27:00,59.09,59.11,59.08,59.08,93.869025
2019-11-18 10:26:00,59.1,59.1,59.08,59.09,6.101993
2019-11-18 10:25:00,59.11,59.14,59.11,59.11,2.702967
2019-11-18 10:24:00,59.12,59.12,59.09,59.1,110.705437
2019-11-18 10:23:00,59.14,59.14,59.12,59.13,14.661188
2019-11-18 10:22:00,59.13,59.14,59.13,59.14,1.520611
2019-11-18 10:21:00,59.1,59.14,59.1,59.14,228.823987
2019-11-18 10:20:00,59.11,59.11,59.09,59.1,56.823726
2019-11-18 10:19:00,59.13,59.14,59.12,59.12,40.598206
2019-11-18 10:18:00,59.13,59.14,59.11,59.13,290.194007
2019-11-18 10:17:00,59.13,59.13,59.12,59.13,354.405166
2019-11-18 10:16:00,59.13,59.13,59.1,59.13,1135.643608
2019-11-18 10:15:00,59.17,59.17,59.13,59.13,9.148293
2019-11-18 10:14:00,59.18,59.18,59.16,59.16,66.791264
2019-11-18 10:13:00,59.18,59.18,59.17,59.18,135.982625
2019-11-18 10:12:00,59.18,59.18,59.17,59.18,17.603816
2019-11-18 10:11:00,59.18,59.18,59.17,59.18,174.165383
2019-11-18 10:10:00,59.18,59.18,59.17,59.18,33.906751
2019-11-18 10:09:00,59.17,59.19,59.17,59.18,364.397992
2019-11-18 10:08:00,59.15,59.16,59.14,59.16,304.677782
2019-11-18 10:07:00,59.16,59.16,59.14,59.14,83.161823
2019-11-18 10:06:00,59.16,59.17,59.12,59.17,182.527331
2019-11-18 10:05:00,59.12,59.16,59.12,59.13,701.289279
2019-11-18 10:04:00,59.16,59.16,59.1,59.12,332.669193
2019-11-18 10:03:00,59.16,59.17,59.16,59.16,104.259034
2019-11-18 10:02:00,59.18,59.19,59.16,59.16,239.771936
2019-11-18 10:01:00,59.2,59.22,59.15,59.19,488.009886
2019-11-18 10:00:00,59.23,59.23,59.17,59.18,212.787993
2019-11-18 09:59:00,59.14,59.24,59.14,59.24,119.733678
2019-11-18 09:58:00,59.13,59.13,59.13,59.13,0
2019-11-18 09:57:00,59.13,59.13,59.13,59.13,0.085931
2019-11-18 09:56:00,59.14,59.14,59.14,59.14,5.26384
2019-11-18 09:55:00,59.15,59.15,59.13,59.14,80.038567
2019-11-18 09:54:00,59.15,59.15,59.15,59.15,4.403315
2019-11-18 09:53:00,59.14,59.15,59.06,59.15,1351.179011
2019-11-18 09:52:00,59.17,59.17,59.15,59.15,7.118824
2019-11-18 09:51:00,59.2,59.2,59.17,59.17,128.533506
2019-11-18 09:50:00,59.18,59.18,59.18,59.18,216.725727
2019-11-18 09:49:00,59.19,59.2,59.17,59.17,71.85816
2019-11-18 09:48:00,59.18,59.19,59.17,59.17,214.342524
2019-11-18 09:47:00,59.16,59.19,59.15,59.18,323.422301
2019-11-18 09:46:00,59.17,59.17,59.15,59.15,214.647666
2019-11-18 09:45:00,59.16,59.2,59.15,59.17,71.53636
2019-11-18 09:44:00,59.14,59.17,59.14,59.17,2.322025
2019-11-18 09:43:00,59.15,59.15,59.14,59.14,4.088477
2019-11-18 09:42:00,59.15,59.16,59.15,59.15,10.975486
2019-11-18 09:41:00,59.15,59.16,59.14,59.16,39.440924
2019-11-18 09:40:00,59.15,59.15,59.14,59.15,35.949543
2019-11-18 09:39:00,59.06,59.15,59.06,59.15,166.868514
2019-11-18 09:38:00,59.06,59.07,59.06,59.06,173.255958
2019-11-18 09:37:00,59.07,59.07,59.06,59.06,4.224348
2019-11-18 09:36:00,59.06,59.07,59.06,59.06,33.022228
2019-11-18 09:35:00,59.07,59.07,59.06,59.06,60.737447
2019-11-18 09:34:00,59.06,59.07,59.06,59.06,13.5264
2019-11-18 09:33:00,59.07,59.07,59.06,59.07,161.625107
2019-11-18 09:32:00,59.07,59.07,59.07,59.07,3.343824
2019-11-18 09:31:00,59.06,59.06,59.05,59.06,345.827651
2019-11-18 09:30:00,59.04,59.05,59.04,59.05,135.260426
2019-11-18 09:29:00,59.05,59.05,59.04,59.04,8.741878
2019-11-18 09:28:00,59.04,59.04,59.04,59.04,0
2019-11-18 09:27:00,59.06,59.06,59.02,59.04,118.480544
2019-11-18 09:26:00,59.06,59.06,59.06,59.06,3.619976
2019-11-18 09:25:00,59.03,59.08,59.03,59.05,724.45627
2019-11-18 09:24:00,59.05,59.05,59.04,59.04,41.868034
2019-11-18 09:23:00,59.04,59.05,59.04,59.05,43.83601
2019-11-18 09:22:00,59.04,59.04,59.04,59.04,2.00672
2019-11-18 09:21:00,59.04,59.04,59.04,59.04,0.002864
2019-11-18 09:20:00,59.04,59.04,59.04,59.04,0.001863
2019-11-18 09:19:00,59.04,59.04,59.04,59.04,0.008513
2019-11-18 09:18:00,59.04,59.04,59.04,59.04,0
2019-11-18 09:17:00,59.04,59.04,59.03,59.04,7.207093
2019-11-18 09:16:00,59.03,59.04,59.03,59.04,30.826975
2019-11-18 09:15:00,59.03,59.03,59.03,59.03,25.911154
2019-11-18 09:14:00,59.05,59.06,59.02,59.02,410.703088
2019-11-18 09:13:00,59.05,59.06,59.05,59.05,3.906015
2019-11-18 09:12:00,59.08,59.08,59.05,59.06,59.446287
2019-11-18 09:11:00,59.08,59.09,59.06,59.07,49.731405
2019-11-18 09:10:00,59.11,59.11,59.06,59.08,74.696666
2019-11-18 09:09:00,59.14,59.14,59.11,59.12,15.944775
2019-11-18 09:08:00,59.14,59.14,59.13,59.13,3.292634
2019-11-18 09:07:00,59.14,59.14,59.13,59.14,0.96107
2019-11-18 09:06:00,59.16,59.16,59.11,59.12,123.133323
2019-11-18 09:05:00,59.12,59.16,59.12,59.15,109.375536
2019-11-18 09:04:00,59.11,59.12,59.11,59.11,3.466965
2019-11-18 09:03:00,59.14,59.14,59.11,59.11,97.973009
2019-11-18 09:02:00,59.12,59.16,59.12,59.14,77.049939
2019-11-18 09:01:00,59.17,59.18,59.12,59.12,155.237747
2019-11-18 09:00:00,59.21,59.21,59.13,59.17,230.375065
2019-11-18 08:59:00,59.24,59.24,59.21,59.21,5.664457
2019-11-18 08:58:00,59.23,59.24,59.21,59.24,144.7884
2019-11-18 08:57:00,59.2,59.26,59.13,59.25,656.392887
2019-11-18 08:56:00,59.26,59.26,59.18,59.19,848.542366
2019-11-18 08:55:00,59.26,59.27,59.26,59.26,26.211295
2019-11-18 08:54:00,59.23,59.25,59.21,59.25,91.84297
2019-11-18 08:53:00,59.13,59.22,59.13,59.22,133.154057
2019-11-18 08:52:00,59.11,59.12,59.11,59.12,1.84951
2019-11-18 08:51:00,59.1,59.11,59.1,59.11,7.225593
2019-11-18 08:50:00,59.09,59.1,59.09,59.09,3.890172
2019-11-18 08:49:00,59.07,59.11,59.06,59.09,498.112002
2019-11-18 08:48:00,59.08,59.08,59.07,59.07,1.760686
2019-11-18 08:47:00,59.08,59.09,59.07,59.07,7.235011
2019-11-18 08:46:00,59.03,59.09,59.03,59.08,602.289375
2019-11-18 08:45:00,59.04,59.04,59.01,59.03,34.331088
2019-11-18 08:44:00,59.04,59.04,59.01,59.04,11.344125
2019-11-18 08:43:00,59,59.04,59,59.04,16.189039
2019-11-18 08:42:00,59,59,58.98,59,51.032493
2019-11-18 08:41:00,59,59.02,59,59.01,99.373357
2019-11-18 08:40:00,59.06,59.06,58.97,59,104.624222
2019-11-18 08:39:00,58.91,59.07,58.91,59.05,1262.023166
2019-11-18 08:38:00,58.9,58.93,58.9,58.9,586.501052
2019-11-18 08:37:00,58.89,58.9,58.87,58.9,72.795989
2019-11-18 08:36:00,58.89,58.91,58.88,58.89,37.97377
2019-11-18 08:35:00,58.87,58.89,58.86,58.88,1075.03499
2019-11-18 08:34:00,58.88,58.88,58.87,58.87,13.470937
2019-11-18 08:33:00,58.85,58.89,58.84,58.89,412.397533
2019-11-18 08:32:00,58.85,58.85,58.84,58.85,69.403636
2019-11-18 08:31:00,58.87,58.87,58.84,58.85,102.389165
2019-11-18 08:30:00,58.85,58.86,58.85,58.85,379.107046
2019-11-18 08:29:00,58.86,58.86,58.84,58.84,124.544884
2019-11-18 08:28:00,58.86,58.88,58.86,58.87,158.700479
2019-11-18 08:27:00,58.84,58.85,58.84,58.85,41.172168
2019-11-18 08:26:00,58.84,58.87,58.83,58.84,315.304518
2019-11-18 08:25:00,58.88,58.88,58.83,58.84,343.422319
2019-11-18 08:24:00,58.87,58.9,58.87,58.89,26.180133
2019-11-18 08:23:00,58.9,58.91,58.87,58.87,111.44154
2019-11-18 08:22:00,58.83,58.87,58.82,58.87,4758.337236
2019-11-18 08:21:00,58.85,58.87,58.83,58.83,371.742169
2019-11-18 08:20:00,58.85,58.86,58.84,58.84,5.738641
2019-11-18 08:19:00,58.83,58.87,58.83,58.87,115.894729
2019-11-18 08:18:00,58.85,58.86,58.84,58.84,44.504341
2019-11-18 08:17:00,58.88,58.88,58.84,58.86,173.012061
2019-11-18 08:16:00,58.93,58.93,58.88,58.89,348.510265
2019-11-18 08:15:00,58.93,58.94,58.91,58.93,155.248748
2019-11-18 08:14:00,58.91,58.94,58.9,58.94,114.554243
2019-11-18 08:13:00,58.94,58.95,58.89,58.92,513.216071
2019-11-18 08:12:00,58.92,58.99,58.91,58.94,495.365439
2019-11-18 08:11:00,59.02,59.02,58.89,58.91,862.386207
2019-11-18 08:10:00,58.99,59.04,58.97,58.99,538.847999
2019-11-18 08:09:00,59.09,59.09,58.96,58.99,932.705887
2019-11-18 08:08:00,59.13,59.14,59.01,59.1,1365.633561
2019-11-18 08:07:00,59.14,59.16,59.13,59.13,54.123533
2019-11-18 08:06:00,59.19,59.19,59.14,59.14,85.724771
2019-11-18 08:05:00,59.21,59.21,59.19,59.2,155.107183
2019-11-18 08:04:00,59.22,59.23,59.22,59.22,20.628913
2019-11-18 08:03:00,59.24,59.24,59.2,59.22,206.24391
2019-11-18 08:02:00,59.22,59.27,59.2,59.24,659.866479
2019-11-18 08:01:00,59.19,59.28,59.18,59.22,1096.340361
2019-11-18 08:00:00,59.22,59.22,59.19,59.2,395.35016
2019-11-18 07:59:00,59.17,59.22,59.17,59.22,13.447927
2019-11-18 07:58:00,59.18,59.19,59.17,59.17,90.575688
2019-11-18 07:57:00,59.17,59.18,59.17,59.18,78.1388
2019-11-18 07:56:00,59.17,59.18,59.17,59.18,11.087158
2019-11-18 07:55:00,59.17,59.18,59.17,59.17,31.111757
2019-11-18 07:54:00,59.17,59.18,59.17,59.18,0.007122
2019-11-18 07:53:00,59.17,59.18,59.17,59.17,26.689477
2019-11-18 07:52:00,59.17,59.18,59.17,59.17,111.30719
2019-11-18 07:51:00,59.16,59.17,59.15,59.17,163.58556
2019-11-18 07:50:00,59.15,59.17,59.14,59.17,196.256777
2019-11-18 07:49:00,59.17,59.17,59.14,59.16,194.963461
2019-11-18 07:48:00,59.14,59.15,59.14,59.15,0.010604
2019-11-18 07:47:00,59.15,59.15,59.1,59.12,40.103687
2019-11-18 07:46:00,59.09,59.13,59.09,59.13,214.759765
2019-11-18 07:45:00,59.14,59.14,59.11,59.11,21.738996
2019-11-18 07:44:00,59.12,59.16,59.12,59.14,19.195321
2019-11-18 07:43:00,59.18,59.18,59.12,59.12,3.048773
2019-11-18 07:42:00,59.18,59.18,59.14,59.17,130.701187
2019-11-18 07:41:00,59.18,59.18,59.16,59.17,69.183262
2019-11-18 07:40:00,59.21,59.21,59.13,59.15,157.081818
2019-11-18 07:39:00,59.19,59.23,59.19,59.22,20.380713
2019-11-18 07:38:00,59.2,59.2,59.16,59.17,42.462254
2019-11-18 07:37:00,59.22,59.23,59.19,59.21,111.33881
2019-11-18 07:36:00,59.16,59.24,59.15,59.23,841.004031
2019-11-18 07:35:00,59.12,59.16,59.09,59.16,1127.853922
2019-11-18 07:34:00,59.17,59.17,59.14,59.14,14.952077
2019-11-18 07:33:00,59.18,59.19,59.17,59.19,8.052985
2019-11-18 07:32:00,59.18,59.19,59.17,59.18,22.434238
2019-11-18 07:31:00,59.19,59.22,59.19,59.22,25.069892
2019-11-18 07:30:00,59.19,59.2,59.15,59.17,90.972416
2019-11-18 07:29:00,59.19,59.2,59.16,59.2,99.626591
2019-11-18 07:28:00,59.21,59.21,59.13,59.14,103.121731
2019-11-18 07:27:00,59.19,59.22,59.19,59.21,54.544982
2019-11-18 07:26:00,59.16,59.17,59.14,59.15,47.978318
2019-11-18 07:25:00,59.17,59.17,59.13,59.13,139.723285
2019-11-18 07:24:00,59.15,59.18,59.15,59.18,140.910356
2019-11-18 07:23:00,59.17,59.17,59.15,59.15,33.771797
2019-11-18 07:22:00,59.14,59.17,59.13,59.17,338.342928
2019-11-18 07:21:00,59.22,59.23,59.1,59.14,1870.576752
2019-11-18 07:20:00,59.21,59.22,59.2,59.22,20.394676
2019-11-18 07:19:00,59.22,59.23,59.22,59.23,6.343857
2019-11-18 07:18:00,59.21,59.22,59.21,59.22,185.810331
2019-11-18 07:17:00,59.22,59.22,59.21,59.22,7.95335
2019-11-18 07:16:00,59.21,59.22,59.2,59.22,62.296442
2019-11-18 07:15:00,59.23,59.23,59.19,59.2,1506.652169
2019-11-18 07:14:00,59.25,59.27,59.25,59.26,56.498842
2019-11-18 07:13:00,59.24,59.25,59.24,59.25,7.070491
2019-11-18 07:12:00,59.24,59.24,59.23,59.24,0.438457
2019-11-18 07:11:00,59.22,59.25,59.22,59.24,281.53101
2019-11-18 07:10:00,59.23,59.24,59.23,59.24,0.003856
2019-11-18 07:09:00,59.23,59.25,59.23,59.24,161.516419
2019-11-18 07:08:00,59.27,59.27,59.24,59.24,42.513728
2019-11-18 07:07:00,59.27,59.28,59.27,59.27,0.071645
2019-11-18 07:06:00,59.27,59.28,59.27,59.27,26.478806
2019-11-18 07:05:00,59.32,59.33,59.3,59.3,10.2696
2019-11-18 07:04:00,59.36,59.37,59.32,59.33,21.113878
2019-11-18 07:03:00,59.36,59.36,59.36,59.36,1.878647
2019-11-18 07:02:00,59.41,59.42,59.36,59.36,37.446505
2019-11-18 07:01:00,59.41,59.42,59.41,59.41,0.538719
2019-11-18 07:00:00,59.43,59.43,59.41,59.41,43.703257
2019-11-18 06:59:00,59.43,59.44,59.43,59.43,0.061743
2019-11-18 06:58:00,59.43,59.44,59.43,59.43,0.090022
2019-11-18 06:57:00,59.43,59.44,59.43,59.43,21.156563
2019-11-18 06:56:00,59.43,59.44,59.43,59.43,0.058683
2019-11-18 06:55:00,59.43,59.44,59.43,59.43,0.071615
2019-11-18 06:54:00,59.43,59.44,59.43,59.43,0.062172
2019-11-18 06:53:00,59.43,59.44,59.43,59.43,0.048298
2019-11-18 06:52:00,59.43,59.44,59.43,59.43,0.01124
2019-11-18 06:51:00,59.43,59.44,59.43,59.44,0.014905
2019-11-18 06:50:00,59.44,59.44,59.43,59.44,1.261534
2019-11-18 06:49:00,59.44,59.45,59.44,59.45,0.010023
2019-11-18 06:48:00,59.44,59.46,59.44,59.44,42.011903
2019-11-18 06:47:00,59.44,59.46,59.44,59.45,0.815769
2019-11-18 06:46:00,59.44,59.46,59.43,59.44,137.552402
2019-11-18 06:45:00,59.42,59.46,59.42,59.46,188.78371
2019-11-18 06:44:00,59.46,59.47,59.38,59.43,2110.290584
2019-11-18 06:43:00,59.49,59.5,59.47,59.47,25.404676
2019-11-18 06:42:00,59.49,59.49,59.49,59.49,2.263136
2019-11-18 06:41:00,59.51,59.51,59.49,59.5,10.867599
2019-11-18 06:40:00,59.51,59.51,59.51,59.51,0.002
2019-11-18 06:39:00,59.51,59.51,59.51,59.51,0.002
2019-11-18 06:38:00,59.46,59.53,59.45,59.52,87.434809
2019-11-18 06:37:00,59.46,59.46,59.45,59.46,2.83783
2019-11-18 06:36:00,59.45,59.45,59.45,59.45,0.002
2019-11-18 06:35:00,59.44,59.45,59.44,59.44,80.849496
2019-11-18 06:34:00,59.43,59.44,59.43,59.44,0.086118
2019-11-18 06:33:00,59.41,59.44,59.41,59.44,14.146186
2019-11-18 06:32:00,59.4,59.41,59.4,59.41,0.954767
2019-11-18 06:31:00,59.4,59.41,59.4,59.41,181.655384
2019-11-18 06:30:00,59.42,59.44,59.4,59.41,141.483436
2019-11-18 06:29:00,59.48,59.48,59.41,59.43,96.594168
2019-11-18 06:28:00,59.51,59.52,59.48,59.48,142.981213
2019-11-18 06:27:00,59.51,59.53,59.51,59.51,81.001425
2019-11-18 06:26:00,59.53,59.55,59.51,59.51,143.630138
2019-11-18 06:25:00,59.57,59.57,59.5,59.53,964.983937
2019-11-18 06:24:00,59.57,59.58,59.57,59.57,83.544181
2019-11-18 06:23:00,59.6,59.61,59.56,59.57,73.813178
2019-11-18 06:22:00,59.63,59.63,59.59,59.61,41.795822
2019-11-18 06:21:00,59.64,59.64,59.63,59.64,81.74391
2019-11-18 06:20:00,59.67,59.67,59.63,59.63,105.417116
2019-11-18 06:19:00,59.7,59.71,59.68,59.68,59.285219
2019-11-18 06:18:00,59.71,59.71,59.7,59.71,0.211725
2019-11-18 06:17:00,59.74,59.75,59.7,59.71,53.875945
2019-11-18 06:16:00,59.74,59.75,59.74,59.75,17.388452
2019-11-18 06:15:00,59.74,59.75,59.71,59.75,23.526247
2019-11-18 06:14:00,59.74,59.75,59.74,59.75,0.696696
2019-11-18 06:13:00,59.74,59.75,59.74,59.75,0.590904
2019-11-18 06:12:00,59.74,59.75,59.74,59.75,0.584544
2019-11-18 06:11:00,59.75,59.75,59.74,59.75,0.032672
2019-11-18 06:10:00,59.75,59.75,59.72,59.75,8.549028
2019-11-18 06:09:00,59.74,59.75,59.74,59.75,0.019817
2019-11-18 06:08:00,59.75,59.75,59.74,59.74,26.966783
2019-11-18 06:07:00,59.75,59.75,59.74,59.75,0.169571
2019-11-18 06:06:00,59.73,59.75,59.72,59.75,1.198825
2019-11-18 06:05:00,59.72,59.73,59.72,59.73,0.01114
2019-11-18 06:04:00,59.73,59.73,59.72,59.73,5.896777
2019-11-18 06:03:00,59.7,59.74,59.69,59.73,91.595307
2019-11-18 06:02:00,59.7,59.7,59.69,59.7,17.459682
2019-11-18 06:01:00,59.69,59.7,59.68,59.7,1.619703
2019-11-18 06:00:00,59.69,59.69,59.68,59.68,5.595239
2019-11-18 05:59:00,59.69,59.69,59.68,59.69,0.073187
2019-11-18 05:58:00,59.67,59.69,59.67,59.69,105.397725
2019-11-18 05:57:00,59.66,59.69,59.65,59.68,1.229685
2019-11-18 05:56:00,59.66,59.66,59.65,59.66,0.235359
2019-11-18 05:55:00,59.66,59.66,59.65,59.66,0.073441
2019-11-18 05:54:00,59.65,59.65,59.65,59.65,3.358836
2019-11-18 05:53:00,59.65,59.66,59.65,59.66,0.003843
2019-11-18 05:52:00,59.65,59.66,59.65,59.65,0.014795
2019-11-18 05:51:00,59.65,59.66,59.65,59.66,0.003843
2019-11-18 05:50:00,59.6,59.66,59.6,59.66,1500.802118
2019-11-18 05:49:00,59.6,59.61,59.6,59.61,0.011588
2019-11-18 05:48:00,59.61,59.61,59.6,59.61,5.977596
2019-11-18 05:47:00,59.6,59.61,59.6,59.61,23.902896
2019-11-18 05:46:00,59.63,59.63,59.6,59.61,53.273704
2019-11-18 05:45:00,59.63,59.64,59.62,59.64,33.013581
2019-11-18 05:44:00,59.62,59.62,59.61,59.62,64.672322
2019-11-18 05:43:00,59.6,59.62,59.6,59.62,3.39368
2019-11-18 05:42:00,59.6,59.6,59.56,59.59,122.64714
2019-11-18 05:41:00,59.57,59.57,59.57,59.57,1.444122
2019-11-18 05:40:00,59.56,59.57,59.56,59.57,0.517533
2019-11-18 05:39:00,59.56,59.58,59.56,59.56,0.703343
2019-11-18 05:38:00,59.54,59.56,59.54,59.56,62.832215
2019-11-18 05:37:00,59.54,59.54,59.54,59.54,0.190989
2019-11-18 05:36:00,59.54,59.54,59.54,59.54,0.50469
2019-11-18 05:35:00,59.55,59.55,59.54,59.54,0.283037
2019-11-18 05:34:00,59.56,59.56,59.54,59.54,0.276753
2019-11-18 05:33:00,59.57,59.58,59.56,59.56,9.783217
2019-11-18 05:32:00,59.54,59.57,59.54,59.57,39.116406
2019-11-18 05:31:00,59.54,59.54,59.53,59.54,0.804829
2019-11-18 05:30:00,59.55,59.56,59.54,59.54,4.221949
2019-11-18 05:29:00,59.55,59.56,59.55,59.56,60.347447
2019-11-18 05:28:00,59.51,59.53,59.51,59.53,3.713748
2019-11-18 05:27:00,59.44,59.48,59.44,59.48,311.445342
2019-11-18 05:26:00,59.44,59.44,59.44,59.44,0.007397
2019-11-18 05:25:00,59.5,59.5,59.45,59.45,680.615265
2019-11-18 05:24:00,59.54,59.54,59.5,59.52,769.380542
2019-11-18 05:23:00,59.54,59.54,59.54,59.54,3.256998
2019-11-18 05:22:00,59.54,59.54,59.53,59.54,46.282276
2019-11-18 05:21:00,59.55,59.55,59.53,59.54,5.294814
2019-11-18 05:20:00,59.55,59.55,59.54,59.55,0.017095
2019-11-18 05:19:00,59.54,59.57,59.53,59.56,53.742773
2019-11-18 05:18:00,59.54,59.54,59.53,59.54,44.457848
2019-11-18 05:17:00,59.52,59.54,59.52,59.53,22.357778
2019-11-18 05:16:00,59.51,59.53,59.51,59.52,37.362681
2019-11-18 05:15:00,59.48,59.51,59.48,59.51,183.427361
2019-11-18 05:14:00,59.55,59.55,59.49,59.49,318.129418
2019-11-18 05:13:00,59.47,59.53,59.47,59.53,190.310583
2019-11-18 05:12:00,59.5,59.5,59.49,59.49,0.002
2019-11-18 05:11:00,59.5,59.5,59.5,59.5,13.86838
2019-11-18 05:10:00,59.57,59.57,59.5,59.5,135.842218
2019-11-18 05:09:00,59.53,59.57,59.5,59.55,109.343315
2019-11-18 05:08:00,59.54,59.54,59.51,59.54,33.361475
2019-11-18 05:07:00,59.55,59.55,59.55,59.55,0.01522
2019-11-18 05:06:00,59.51,59.55,59.51,59.55,7.358514
2019-11-18 05:05:00,59.57,59.57,59.52,59.52,303.258634
2019-11-18 05:04:00,59.55,59.55,59.54,59.55,5.757093
2019-11-18 05:03:00,59.54,59.55,59.54,59.55,64.230801
2019-11-18 05:02:00,59.53,59.54,59.53,59.54,45.074073
2019-11-18 05:01:00,59.48,59.56,59.48,59.53,119.546168
2019-11-18 05:00:00,59.49,59.52,59.47,59.47,130.661245
2019-11-18 04:59:00,59.51,59.53,59.49,59.49,626.740908
2019-11-18 04:58:00,59.54,59.54,59.51,59.51,31.932113
2019-11-18 04:57:00,59.58,59.58,59.5,59.56,718.163821
2019-11-18 04:56:00,59.55,59.61,59.5,59.59,2197.720036
2019-11-18 04:55:00,59.63,59.63,59.54,59.54,1206.071791
2019-11-18 04:54:00,59.61,59.68,59.6,59.65,1161.273098
2019-11-18 04:53:00,59.63,59.66,59.59,59.63,1727.567629
2019-11-18 04:52:00,59.66,59.67,59.65,59.65,31.373569
2019-11-18 04:51:00,59.68,59.68,59.65,59.66,80.107616
2019-11-18 04:50:00,59.63,59.68,59.63,59.67,596.984675
2019-11-18 04:49:00,59.62,59.67,59.6,59.67,42.77311
2019-11-18 04:48:00,59.66,59.66,59.65,59.65,130.181863
2019-11-18 04:47:00,59.63,59.68,59.63,59.66,65.630066
2019-11-18 04:46:00,59.66,59.66,59.61,59.63,239.295828
2019-11-18 04:45:00,59.73,59.74,59.66,59.66,253.199061
2019-11-18 04:44:00,59.8,59.8,59.72,59.73,479.404891
2019-11-18 04:43:00,59.79,59.81,59.68,59.8,1072.3778
2019-11-18 04:42:00,59.78,59.81,59.78,59.8,6.179764
2019-11-18 04:41:00,59.8,59.81,59.77,59.77,26.823228
2019-11-18 04:40:00,59.74,59.8,59.74,59.8,173.550255
2019-11-18 04:39:00,59.78,59.78,59.74,59.74,15.985117
2019-11-18 04:38:00,59.74,59.81,59.74,59.78,215.833667
2019-11-18 04:37:00,59.75,59.76,59.71,59.75,299.53417
2019-11-18 04:36:00,59.79,59.8,59.73,59.75,352.397621
2019-11-18 04:35:00,59.8,59.82,59.78,59.79,34.163936
2019-11-18 04:34:00,59.77,59.85,59.77,59.8,820.710254
2019-11-18 04:33:00,59.92,59.94,59.78,59.78,518.12412
2019-11-18 04:32:00,59.77,59.96,59.77,59.91,2790.911872
2019-11-18 04:31:00,59.7,59.76,59.7,59.76,77.101819
2019-11-18 04:30:00,59.72,59.77,59.68,59.7,263.18989
2019-11-18 04:29:00,59.71,59.71,59.71,59.71,0.002
2019-11-18 04:28:00,59.73,59.75,59.72,59.72,21.693362
2019-11-18 04:27:00,59.74,59.74,59.71,59.72,52.551085
2019-11-18 04:26:00,59.77,59.77,59.72,59.72,54.82011
2019-11-18 04:25:00,59.67,59.8,59.67,59.8,423.842128
2019-11-18 04:24:00,59.69,59.69,59.67,59.67,39.367006
2019-11-18 04:23:00,59.68,59.7,59.68,59.7,0.531698
2019-11-18 04:22:00,59.67,59.67,59.64,59.67,169.91218
2019-11-18 04:21:00,59.66,59.71,59.62,59.71,192.608694
2019-11-18 04:20:00,59.65,59.66,59.65,59.66,66.881
2019-11-18 04:19:00,59.64,59.66,59.64,59.64,81.12324
2019-11-18 04:18:00,59.7,59.71,59.65,59.66,1505.901597
2019-11-18 04:17:00,59.67,59.75,59.63,59.7,1974.273647
2019-11-18 04:16:00,59.7,59.72,59.7,59.7,34.550808
2019-11-18 04:15:00,59.77,59.77,59.68,59.7,393.780272
2019-11-18 04:14:00,59.72,59.77,59.72,59.77,105.800964
2019-11-18 04:13:00,59.75,59.76,59.7,59.72,166.788431
2019-11-18 04:12:00,59.78,59.78,59.76,59.77,55.591075
2019-11-18 04:11:00,59.73,59.75,59.73,59.75,49.759617
2019-11-18 04:10:00,59.75,59.78,59.74,59.74,40.292728
2019-11-18 04:09:00,59.79,59.79,59.74,59.74,63.373297
2019-11-18 04:08:00,59.81,59.81,59.76,59.77,5.90385
2019-11-18 04:07:00,59.77,59.79,59.77,59.79,20.43025
2019-11-18 04:06:00,59.78,59.79,59.78,59.78,14.006728
2019-11-18 04:05:00,59.77,59.79,59.75,59.79,21.45099
2019-11-18 04:04:00,59.78,59.82,59.78,59.79,141.691457
2019-11-18 04:03:00,59.81,59.81,59.8,59.8,168.741067
2019-11-18 04:02:00,59.8,59.83,59.8,59.81,286.415525
2019-11-18 04:01:00,59.81,59.81,59.77,59.81,3.159207
2019-11-18 04:00:00,59.75,59.81,59.75,59.8,193.371744
2019-11-18 03:59:00,59.78,59.78,59.75,59.75,28.405209
2019-11-18 03:58:00,59.8,59.8,59.74,59.78,5.699842
2019-11-18 03:57:00,59.73,59.8,59.73,59.8,165.678359
2019-11-18 03:56:00,59.77,59.77,59.75,59.75,57.444104
2019-11-18 03:55:00,59.74,59.77,59.74,59.77,32.536872
2019-11-18 03:54:00,59.73,59.74,59.71,59.71,38.516003
2019-11-18 03:53:00,59.74,59.8,59.69,59.71,958.92397
2019-11-18 03:52:00,59.72,59.74,59.72,59.73,27.781809
2019-11-18 03:51:00,59.72,59.72,59.69,59.7,12.527986
2019-11-18 03:50:00,59.72,59.72,59.67,59.72,198.185179
2019-11-18 03:49:00,59.72,59.74,59.72,59.74,47.083107
2019-11-18 03:48:00,59.67,59.72,59.67,59.72,10.901623
2019-11-18 03:47:00,59.7,59.7,59.66,59.66,35.492502
2019-11-18 03:46:00,59.7,59.71,59.7,59.7,2.482
2019-11-18 03:45:00,59.72,59.75,59.71,59.71,107.240967
2019-11-18 03:44:00,59.7,59.71,59.68,59.68,460.677621
2019-11-18 03:43:00,59.74,59.74,59.63,59.72,1096.173992
2019-11-18 03:42:00,59.68,59.74,59.68,59.74,388.462729
2019-11-18 03:41:00,59.65,59.68,59.65,59.66,43.071327
2019-11-18 03:40:00,59.65,59.65,59.65,59.65,0.344723
2019-11-18 03:39:00,59.65,59.65,59.65,59.65,0.257704
2019-11-18 03:38:00,59.67,59.67,59.65,59.65,439.969178
2019-11-18 03:37:00,59.66,59.69,59.66,59.67,49.804357
2019-11-18 03:36:00,59.67,59.67,59.65,59.65,21.389239
2019-11-18 03:35:00,59.66,59.67,59.66,59.67,2.631443
2019-11-18 03:34:00,59.66,59.67,59.66,59.67,40.254941
2019-11-18 03:33:00,59.67,59.67,59.66,59.66,25.693245
2019-11-18 03:32:00,59.68,59.68,59.67,59.67,0.118152
2019-11-18 03:31:00,59.67,59.68,59.66,59.68,77.190773
2019-11-18 03:30:00,59.68,59.68,59.67,59.67,161.856413
2019-11-18 03:29:00,59.68,59.68,59.68,59.68,0
2019-11-18 03:28:00,59.7,59.7,59.68,59.68,60.044
2019-11-18 03:27:00,59.69,59.69,59.69,59.69,30.408749
2019-11-18 03:26:00,59.68,59.68,59.68,59.68,0
2019-11-18 03:25:00,59.68,59.7,59.68,59.68,529.261048
2019-11-18 03:24:00,59.68,59.69,59.68,59.69,20.661396
2019-11-18 03:23:00,59.7,59.7,59.7,59.7,0
2019-11-18 03:22:00,59.71,59.71,59.7,59.7,41.652758
2019-11-18 03:21:00,59.69,59.69,59.69,59.69,46.797285
2019-11-18 03:20:00,59.68,59.68,59.68,59.68,0
2019-11-18 03:19:00,59.68,59.68,59.68,59.68,0
2019-11-18 03:18:00,59.68,59.68,59.68,59.68,0
2019-11-18 03:17:00,59.68,59.68,59.68,59.68,2.016563
2019-11-18 03:16:00,59.72,59.72,59.68,59.69,48.757131
2019-11-18 03:15:00,59.7,59.72,59.7,59.72,97.923509
2019-11-18 03:14:00,59.72,59.72,59.69,59.69,16.37126
2019-11-18 03:13:00,59.72,59.72,59.72,59.72,1.326877
2019-11-18 03:12:00,59.7,59.72,59.7,59.72,8.656152
2019-11-18 03:11:00,59.69,59.7,59.69,59.7,1.430607
2019-11-18 03:10:00,59.69,59.69,59.69,59.69,83.610913
2019-11-18 03:09:00,59.67,59.67,59.67,59.67,258.995152
2019-11-18 03:08:00,59.66,59.67,59.66,59.66,13.60104
2019-11-18 03:07:00,59.66,59.67,59.66,59.66,28.510555
2019-11-18 03:06:00,59.66,59.67,59.66,59.67,181.094752
2019-11-18 03:05:00,59.71,59.71,59.66,59.67,50.288911
2019-11-18 03:04:00,59.71,59.71,59.71,59.71,0.139412
2019-11-18 03:03:00,59.71,59.71,59.71,59.71,62.990715
2019-11-18 03:02:00,59.72,59.72,59.71,59.71,8.11432
2019-11-18 03:01:00,59.71,59.72,59.71,59.71,142.494011
2019-11-18 03:00:00,59.7,59.7,59.7,59.7,34.67475
2019-11-18 02:59:00,59.67,59.7,59.67,59.7,48.570044
2019-11-18 02:58:00,59.7,59.7,59.67,59.67,61.772099
2019-11-18 02:57:00,59.75,59.75,59.7,59.7,140.857656
2019-11-18 02:56:00,59.71,59.72,59.71,59.72,162.465807
2019-11-18 02:55:00,59.71,59.71,59.71,59.71,215.965783
2019-11-18 02:54:00,59.71,59.72,59.71,59.72,31.485131
2019-11-18 02:53:00,59.72,59.72,59.72,59.72,114.369482
2019-11-18 02:52:00,59.7,59.71,59.7,59.71,5.774674
2019-11-18 02:51:00,59.7,59.7,59.7,59.7,0
2019-11-18 02:50:00,59.72,59.72,59.7,59.7,360.204206
2019-11-18 02:49:00,59.7,59.7,59.7,59.7,0.2
2019-11-18 02:48:00,59.7,59.7,59.68,59.69,83.191796
2019-11-18 02:47:00,59.7,59.7,59.7,59.7,0.1121
2019-11-18 02:46:00,59.7,59.7,59.7,59.7,6.7699
2019-11-18 02:45:00,59.71,59.71,59.7,59.7,13.6568
2019-11-18 02:44:00,59.73,59.75,59.67,59.71,216.188228
2019-11-18 02:43:00,59.73,59.74,59.73,59.74,20.529005
2019-11-18 02:42:00,59.7,59.74,59.7,59.74,13.155305
2019-11-18 02:41:00,59.67,59.68,59.67,59.68,3.168068
2019-11-18 02:40:00,59.68,59.68,59.67,59.67,23.535954
2019-11-18 02:39:00,59.68,59.68,59.68,59.68,0
2019-11-18 02:38:00,59.73,59.73,59.68,59.68,12.753982
2019-11-18 02:37:00,59.76,59.77,59.74,59.75,21.290721
2019-11-18 02:36:00,59.74,59.74,59.73,59.74,154.113789
2019-11-18 02:35:00,59.68,59.76,59.68,59.75,757.814237
2019-11-18 02:34:00,59.68,59.68,59.68,59.68,0
2019-11-18 02:33:00,59.68,59.68,59.68,59.68,0
2019-11-18 02:32:00,59.68,59.68,59.68,59.68,0
2019-11-18 02:31:00,59.68,59.68,59.68,59.68,0
2019-11-18 02:30:00,59.71,59.72,59.68,59.68,42.52855
2019-11-18 02:29:00,59.69,59.72,59.69,59.72,16.338835
2019-11-18 02:28:00,59.69,59.69,59.69,59.69,0
2019-11-18 02:27:00,59.69,59.69,59.69,59.69,89.782374
2019-11-18 02:26:00,59.68,59.68,59.68,59.68,0
2019-11-18 02:25:00,59.68,59.68,59.68,59.68,0
2019-11-18 02:24:00,59.68,59.68,59.68,59.68,0
2019-11-18 02:23:00,59.68,59.68,59.68,59.68,8.54851
2019-11-18 02:22:00,59.69,59.7,59.68,59.68,183.307071
2019-11-18 02:21:00,59.68,59.69,59.68,59.69,51.87921
2019-11-18 02:20:00,59.66,59.66,59.66,59.66,0
2019-11-18 02:19:00,59.66,59.66,59.66,59.66,0.764681
2019-11-18 02:18:00,59.66,59.66,59.66,59.66,0.020815
2019-11-18 02:17:00,59.66,59.67,59.66,59.66,127.918171
2019-11-18 02:16:00,59.65,59.67,59.65,59.66,43.641858
2019-11-18 02:15:00,59.67,59.67,59.64,59.64,173.695425
2019-11-18 02:14:00,59.73,59.73,59.67,59.67,98.218401
2019-11-18 02:13:00,59.69,59.74,59.69,59.73,205.833093
2019-11-18 02:12:00,59.69,59.69,59.69,59.69,0.376661
2019-11-18 02:11:00,59.67,59.7,59.67,59.68,6.486295
2019-11-18 02:10:00,59.71,59.71,59.67,59.67,42.488836
2019-11-18 02:09:00,59.72,59.72,59.66,59.7,509.317763
2019-11-18 02:08:00,59.7,59.73,59.7,59.73,30.307969
2019-11-18 02:07:00,59.7,59.71,59.7,59.7,29.700646
2019-11-18 02:06:00,59.7,59.7,59.69,59.69,0.035696
2019-11-18 02:05:00,59.71,59.71,59.7,59.7,0.554847
2019-11-18 02:04:00,59.73,59.73,59.72,59.72,17.1003
2019-11-18 02:03:00,59.7,59.7,59.7,59.7,0.035439
2019-11-18 02:02:00,59.71,59.71,59.69,59.69,144.877177
2019-11-18 02:01:00,59.73,59.73,59.72,59.72,24.255015
2019-11-18 02:00:00,59.69,59.76,59.69,59.73,129.110274
2019-11-18 01:59:00,59.69,59.69,59.69,59.69,0.000053
2019-11-18 01:58:00,59.7,59.72,59.7,59.72,137.096628
2019-11-18 01:57:00,59.7,59.7,59.7,59.7,8.456036
2019-11-18 01:56:00,59.69,59.69,59.69,59.69,1.351923
2019-11-18 01:55:00,59.68,59.7,59.68,59.69,2.203203
2019-11-18 01:54:00,59.7,59.7,59.7,59.7,0
2019-11-18 01:53:00,59.71,59.71,59.7,59.7,49.016866
2019-11-18 01:52:00,59.68,59.71,59.68,59.7,90.13911
2019-11-18 01:51:00,59.68,59.68,59.68,59.68,0
2019-11-18 01:50:00,59.67,59.67,59.67,59.67,20.027922
2019-11-18 01:49:00,59.68,59.68,59.68,59.68,0
2019-11-18 01:48:00,59.68,59.68,59.68,59.68,34.932732
2019-11-18 01:47:00,59.69,59.69,59.69,59.69,110.130965
2019-11-18 01:46:00,59.72,59.72,59.69,59.69,1.936947
2019-11-18 01:45:00,59.72,59.72,59.72,59.72,39.811209
2019-11-18 01:44:00,59.71,59.72,59.69,59.72,18.239381
2019-11-18 01:43:00,59.69,59.71,59.69,59.71,118.132978
2019-11-18 01:42:00,59.71,59.71,59.66,59.69,309.389372
2019-11-18 01:41:00,59.72,59.72,59.71,59.71,1.308038
2019-11-18 01:40:00,59.7,59.73,59.68,59.73,172.888758
2019-11-18 01:39:00,59.71,59.71,59.7,59.7,10.011131
2019-11-18 01:38:00,59.68,59.72,59.68,59.72,142.843829
2019-11-18 01:37:00,59.66,59.72,59.66,59.7,34.275868
2019-11-18 01:36:00,59.69,59.69,59.67,59.67,186.666094
2019-11-18 01:35:00,59.64,59.82,59.61,59.69,2322.73629
2019-11-18 01:34:00,59.62,59.64,59.61,59.64,0.242324
2019-11-18 01:33:00,59.57,59.62,59.57,59.62,11.01335
2019-11-18 01:32:00,59.6,59.6,59.54,59.56,136.104808
2019-11-18 01:31:00,59.57,59.6,59.57,59.6,0.105831
2019-11-18 01:30:00,59.56,59.58,59.56,59.58,67.796633
2019-11-18 01:29:00,59.61,59.61,59.57,59.58,32.871987
2019-11-18 01:28:00,59.65,59.65,59.61,59.61,16.859363
2019-11-18 01:27:00,59.53,59.61,59.53,59.61,14.846015
2019-11-18 01:26:00,59.6,59.63,59.54,59.54,594.410653
2019-11-18 01:25:00,59.6,59.6,59.52,59.6,331.083527
2019-11-18 01:24:00,59.59,59.59,59.55,59.58,143.19563
2019-11-18 01:23:00,59.67,59.67,59.59,59.59,605.962374
2019-11-18 01:22:00,59.67,59.69,59.67,59.69,5.34138
2019-11-18 01:21:00,59.65,59.69,59.65,59.66,374.478343
2019-11-18 01:20:00,59.63,59.63,59.63,59.63,0
2019-11-18 01:19:00,59.67,59.67,59.63,59.63,78.487435
2019-11-18 01:18:00,59.5,59.69,59.5,59.67,2436.028926
2019-11-18 01:17:00,59.55,59.56,59.51,59.51,35.96939
2019-11-18 01:16:00,59.56,59.56,59.55,59.55,25.137368
2019-11-18 01:15:00,59.58,59.58,59.55,59.55,424.118695
2019-11-18 01:14:00,59.62,59.62,59.56,59.59,118.230282
2019-11-18 01:13:00,59.65,59.65,59.62,59.62,47.437321
2019-11-18 01:12:00,59.65,59.65,59.65,59.65,0.68774
2019-11-18 01:11:00,59.68,59.68,59.6,59.61,477.474472
2019-11-18 01:10:00,59.67,59.69,59.67,59.69,113.962947
2019-11-18 01:09:00,59.57,59.67,59.57,59.67,272.95741
2019-11-18 01:08:00,59.63,59.63,59.53,59.53,646.38127
2019-11-18 01:07:00,59.58,59.63,59.57,59.63,140.167606
2019-11-18 01:06:00,59.6,59.6,59.56,59.56,171.355594
2019-11-18 01:05:00,59.7,59.7,59.55,59.62,1313.052194
2019-11-18 01:04:00,59.64,59.7,59.64,59.68,376.361918
2019-11-18 01:03:00,59.59,59.64,59.59,59.63,58.425469
2019-11-18 01:02:00,59.57,59.58,59.55,59.58,28.454114
2019-11-18 01:01:00,59.5,59.58,59.5,59.57,582.020312
2019-11-18 01:00:00,59.38,59.5,59.37,59.5,1664.57323
2019-11-18 00:59:00,59.41,59.41,59.38,59.38,122.024626
2019-11-18 00:58:00,59.41,59.41,59.4,59.4,214.393223
2019-11-18 00:57:00,59.38,59.4,59.38,59.4,199.342981
2019-11-18 00:56:00,59.38,59.38,59.38,59.38,1.811964
2019-11-18 00:55:00,59.38,59.39,59.38,59.38,2.347234
2019-11-18 00:54:00,59.37,59.37,59.35,59.35,43.901962
2019-11-18 00:53:00,59.41,59.41,59.33,59.34,516.208182
2019-11-18 00:52:00,59.31,59.4,59.31,59.4,841.539924
2019-11-18 00:51:00,59.33,59.33,59.32,59.32,9.083613
2019-11-18 00:50:00,59.33,59.33,59.33,59.33,50.088042
2019-11-18 00:49:00,59.32,59.33,59.32,59.33,347.818987
2019-11-18 00:48:00,59.32,59.33,59.32,59.33,260.930279
2019-11-18 00:47:00,59.33,59.34,59.33,59.33,128.547025
2019-11-18 00:46:00,59.33,59.33,59.32,59.33,104.689896
2019-11-18 00:45:00,59.33,59.33,59.33,59.33,0
2019-11-18 00:44:00,59.33,59.33,59.33,59.33,0.37365
2019-11-18 00:43:00,59.33,59.34,59.33,59.33,16.612243
2019-11-18 00:42:00,59.34,59.35,59.32,59.33,201.703145
2019-11-18 00:41:00,59.35,59.35,59.34,59.34,98.149855
2019-11-18 00:40:00,59.32,59.34,59.32,59.34,16.926879
2019-11-18 00:39:00,59.32,59.35,59.32,59.32,251.315957
2019-11-18 00:38:00,59.28,59.28,59.28,59.28,33.840965
2019-11-18 00:37:00,59.24,59.27,59.24,59.26,140.278053
2019-11-18 00:36:00,59.3,59.3,59.25,59.25,1043.328227
2019-11-18 00:35:00,59.3,59.3,59.29,59.3,111.141345
2019-11-18 00:34:00,59.29,59.29,59.29,59.29,98.762228
2019-11-18 00:33:00,59.26,59.28,59.26,59.28,104.838223
2019-11-18 00:32:00,59.26,59.26,59.26,59.26,0
2019-11-18 00:31:00,59.27,59.27,59.26,59.26,63.590182
2019-11-18 00:30:00,59.28,59.28,59.26,59.27,225.543784
2019-11-18 00:29:00,59.28,59.28,59.24,59.27,75.307059
2019-11-18 00:28:00,59.29,59.3,59.29,59.3,47.575209
2019-11-18 00:27:00,59.31,59.32,59.29,59.29,73.25867
2019-11-18 00:26:00,59.31,59.33,59.3,59.31,155.679697
2019-11-18 00:25:00,59.37,59.37,59.29,59.29,42.077302
2019-11-18 00:24:00,59.39,59.41,59.38,59.38,121.415466
2019-11-18 00:23:00,59.38,59.38,59.38,59.38,15.438868
2019-11-18 00:22:00,59.38,59.38,59.32,59.32,81.974095
2019-11-18 00:21:00,59.41,59.45,59.38,59.38,592.92564
2019-11-18 00:20:00,59.35,59.37,59.35,59.37,57.766746
2019-11-18 00:19:00,59.27,59.33,59.27,59.32,340.494679
2019-11-18 00:18:00,59.27,59.27,59.24,59.27,298.727519
2019-11-18 00:17:00,59.24,59.27,59.22,59.27,890.975143
2019-11-18 00:16:00,59.24,59.24,59.24,59.24,91.111408
2019-11-18 00:15:00,59.26,59.26,59.24,59.24,631.743979
2019-11-18 00:14:00,59.25,59.26,59.25,59.26,5.550663
2019-11-18 00:13:00,59.28,59.28,59.25,59.25,4.407688
2019-11-18 00:12:00,59.26,59.28,59.26,59.28,119.647613
2019-11-18 00:11:00,59.26,59.28,59.26,59.28,100.92264
2019-11-18 00:10:00,59.26,59.26,59.26,59.26,0
2019-11-18 00:09:00,59.27,59.27,59.26,59.26,109.313436
2019-11-18 00:08:00,59.28,59.28,59.27,59.27,11.950034
2019-11-18 00:07:00,59.28,59.28,59.27,59.27,36.143443
2019-11-18 00:06:00,59.3,59.3,59.27,59.27,74.951314
2019-11-18 00:05:00,59.29,59.29,59.29,59.29,0.95
2019-11-18 00:04:00,59.27,59.31,59.27,59.3,209.180851
2019-11-18 00:03:00,59.29,59.29,59.26,59.27,509.646801
2019-11-18 00:02:00,59.29,59.29,59.29,59.29,0
2019-11-18 00:01:00,59.34,59.36,59.29,59.29,377.112365
2019-11-18 00:00:00,59.26,59.35,59.26,59.35,1362.844931
