2019-11-24 23:59:00,44.38,44.6,44.3,44.42,4664.044655
2019-11-24 23:58:00,44.56,44.6,44.33,44.38,2350.446347
2019-11-24 23:57:00,44.6,44.64,44.45,44.56,3736.660239
2019-11-24 23:56:00,44.56,44.71,44.54,44.6,3159.728209
2019-11-24 23:55:00,44.56,44.7,44.36,44.56,3929.984519
2019-11-24 23:54:00,44.84,44.86,44.41,44.56,8042.871627
2019-11-24 23:53:00,44.92,45,44.85,44.85,537.442814
2019-11-24 23:52:00,44.92,44.97,44.85,44.93,1208.276839
2019-11-24 23:51:00,45.01,45.01,44.9,44.92,265.743502
2019-11-24 23:50:00,44.93,45.07,44.93,45,796.814365
2019-11-24 23:49:00,44.97,45.05,44.92,44.92,2219.554435
2019-11-24 23:48:00,44.96,45.03,44.83,44.97,2201.770206
2019-11-24 23:47:00,45.11,45.12,44.95,44.97,2596.970841
2019-11-24 23:46:00,45.11,45.17,44.99,45.11,2781.247282
2019-11-24 23:45:00,45.23,45.28,45.03,45.11,1861.571745
2019-11-24 23:44:00,45.13,45.23,45.01,45.23,3874.605812
2019-11-24 23:43:00,45.25,45.25,45.13,45.13,681.253121
2019-11-24 23:42:00,45.27,45.33,45.23,45.25,485.264972
2019-11-24 23:41:00,45.18,45.28,45.11,45.28,696.272561
2019-11-24 23:40:00,45.15,45.26,45.13,45.18,1673.568941
2019-11-24 23:39:00,45.27,45.27,45.04,45.15,4511.447149
2019-11-24 23:38:00,45.36,45.41,45.27,45.27,252.070772
2019-11-24 23:37:00,45.43,45.44,45.28,45.38,672.109643
2019-11-24 23:36:00,45.56,45.56,45.4,45.42,3838.084733
2019-11-24 23:35:00,45.52,45.58,45.52,45.58,222.289809
2019-11-24 23:34:00,45.54,45.54,45.51,45.51,200.982013
2019-11-24 23:33:00,45.62,45.65,45.52,45.53,606.111807
2019-11-24 23:32:00,45.54,45.62,45.49,45.61,1380.334252
2019-11-24 23:31:00,45.42,45.54,45.42,45.54,302.670183
2019-11-24 23:30:00,45.4,45.45,45.38,45.41,878.987372
2019-11-24 23:29:00,45.38,45.44,45.35,45.4,825.020056
2019-11-24 23:28:00,45.42,45.43,45.24,45.39,3383.804325
2019-11-24 23:27:00,45.6,45.6,45.41,45.41,3355.03351
2019-11-24 23:26:00,45.67,45.67,45.59,45.59,327.920947
2019-11-24 23:25:00,45.7,45.72,45.68,45.68,68.108666
2019-11-24 23:24:00,45.72,45.72,45.67,45.69,149.330126
2019-11-24 23:23:00,45.65,45.72,45.64,45.71,89.752692
2019-11-24 23:22:00,45.57,45.66,45.57,45.64,336.86551
2019-11-24 23:21:00,45.65,45.66,45.56,45.56,199.909555
2019-11-24 23:20:00,45.68,45.71,45.6,45.67,651.782119
2019-11-24 23:19:00,45.57,45.68,45.5,45.68,1083.224832
2019-11-24 23:18:00,45.75,45.75,45.59,45.59,786.418647
2019-11-24 23:17:00,45.78,45.85,45.74,45.75,179.535114
2019-11-24 23:16:00,45.8,45.8,45.73,45.78,876.442277
2019-11-24 23:15:00,45.81,45.89,45.78,45.8,290.527478
2019-11-24 23:14:00,45.81,45.86,45.8,45.82,745.244342
2019-11-24 23:13:00,45.91,45.94,45.82,45.82,1307.141602
2019-11-24 23:12:00,45.82,45.91,45.81,45.91,982.526046
2019-11-24 23:11:00,45.92,45.96,45.81,45.82,1393.368486
2019-11-24 23:10:00,45.9,45.99,45.89,45.93,837.586891
2019-11-24 23:09:00,45.84,45.94,45.81,45.9,773.667443
2019-11-24 23:08:00,45.84,45.87,45.78,45.85,575.013638
2019-11-24 23:07:00,45.69,45.87,45.67,45.82,1315.782056
2019-11-24 23:06:00,45.65,45.71,45.64,45.71,461.557513
2019-11-24 23:05:00,45.58,45.7,45.57,45.64,529.293949
2019-11-24 23:04:00,45.56,45.6,45.55,45.58,711.429074
2019-11-24 23:03:00,45.58,45.61,45.54,45.55,730.435945
2019-11-24 23:02:00,45.61,45.66,45.56,45.57,977.100594
2019-11-24 23:01:00,45.54,45.6,45.48,45.59,334.687375
2019-11-24 23:00:00,45.73,45.74,45.51,45.56,1632.056832
2019-11-24 22:59:00,45.71,45.78,45.7,45.71,186.919468
2019-11-24 22:58:00,45.62,45.74,45.62,45.71,1732.662429
2019-11-24 22:57:00,45.62,45.63,45.44,45.61,1999.044071
2019-11-24 22:56:00,45.78,45.8,45.6,45.64,1806.483974
2019-11-24 22:55:00,45.46,45.78,45.46,45.78,984.600478
2019-11-24 22:54:00,45.59,45.59,45.45,45.46,975.568809
2019-11-24 22:53:00,45.46,45.58,45.44,45.56,672.672823
2019-11-24 22:52:00,45.4,45.46,45.39,45.46,391.952839
2019-11-24 22:51:00,45.41,45.44,45.32,45.41,3354.415791
2019-11-24 22:50:00,45.43,45.45,45.14,45.41,2497.803178
2019-11-24 22:49:00,45.37,45.52,45.25,45.45,3132.094921
2019-11-24 22:48:00,45.66,45.71,45.3,45.35,4455.049084
2019-11-24 22:47:00,45.79,45.79,45.65,45.68,1391.448944
2019-11-24 22:46:00,45.72,45.8,45.72,45.77,489.985871
2019-11-24 22:45:00,45.66,45.84,45.66,45.73,1551.974992
2019-11-24 22:44:00,45.76,45.76,45.65,45.66,1333.075191
2019-11-24 22:43:00,45.64,45.8,45.57,45.76,2084.728971
2019-11-24 22:42:00,45.79,45.8,45.47,45.63,2503.682081
2019-11-24 22:41:00,45.89,45.92,45.68,45.76,2566.676817
2019-11-24 22:40:00,45.73,45.94,45.55,45.88,3911.881144
2019-11-24 22:39:00,45.98,46.04,45.72,45.74,2870.531689
2019-11-24 22:38:00,46.17,46.17,45.96,45.99,1996.096825
2019-11-24 22:37:00,46.2,46.2,46.17,46.17,97.847427
2019-11-24 22:36:00,46.19,46.26,46.17,46.25,308.919002
2019-11-24 22:35:00,46.18,46.27,46.16,46.18,335.529644
2019-11-24 22:34:00,46.05,46.18,46.05,46.18,361.743106
2019-11-24 22:33:00,46.13,46.13,46.04,46.06,133.462142
2019-11-24 22:32:00,46.01,46.1,46,46.1,319.985895
2019-11-24 22:31:00,46.07,46.1,46,46.02,1137.137694
2019-11-24 22:30:00,46.16,46.17,46.08,46.08,107.252126
2019-11-24 22:29:00,46.19,46.21,46.16,46.17,355.750948
2019-11-24 22:28:00,46.19,46.19,46.09,46.19,1031.317584
2019-11-24 22:27:00,46.25,46.25,46.13,46.19,1179.329928
2019-11-24 22:26:00,46.32,46.33,46.14,46.26,3133.057741
2019-11-24 22:25:00,46.32,46.34,46.32,46.32,73.509778
2019-11-24 22:24:00,46.33,46.35,46.3,46.32,677.027433
2019-11-24 22:23:00,46.35,46.35,46.32,46.33,26.67109
2019-11-24 22:22:00,46.39,46.39,46.32,46.36,260.006233
2019-11-24 22:21:00,46.45,46.45,46.35,46.39,665.656789
2019-11-24 22:20:00,46.47,46.5,46.47,46.47,3.572
2019-11-24 22:19:00,46.49,46.49,46.43,46.47,278.726071
2019-11-24 22:18:00,46.53,46.59,46.5,46.5,708.952971
2019-11-24 22:17:00,46.52,46.53,46.52,46.53,0.48955
2019-11-24 22:16:00,46.47,46.52,46.47,46.52,86.871548
2019-11-24 22:15:00,46.46,46.47,46.46,46.47,56.522332
2019-11-24 22:14:00,46.48,46.5,46.44,46.46,167.093233
2019-11-24 22:13:00,46.43,46.48,46.43,46.48,258.574387
2019-11-24 22:12:00,46.46,46.46,46.43,46.43,87.119331
2019-11-24 22:11:00,46.42,46.45,46.42,46.45,54.433192
2019-11-24 22:10:00,46.41,46.46,46.41,46.42,292.637842
2019-11-24 22:09:00,46.39,46.41,46.36,46.41,159.797716
2019-11-24 22:08:00,46.44,46.44,46.33,46.39,306.806349
2019-11-24 22:07:00,46.46,46.46,46.45,46.45,84.382297
2019-11-24 22:06:00,46.49,46.49,46.44,46.48,766.431412
2019-11-24 22:05:00,46.56,46.6,46.49,46.49,1343.523294
2019-11-24 22:04:00,46.55,46.57,46.51,46.57,532.504306
2019-11-24 22:03:00,46.49,46.55,46.46,46.55,130.256606
2019-11-24 22:02:00,46.55,46.55,46.47,46.49,225.319318
2019-11-24 22:01:00,46.48,46.55,46.47,46.54,385.750146
2019-11-24 22:00:00,46.52,46.52,46.48,46.48,481.069556
2019-11-24 21:59:00,46.58,46.58,46.52,46.52,108.313343
2019-11-24 21:58:00,46.57,46.63,46.57,46.58,1059.952222
2019-11-24 21:57:00,46.58,46.58,46.52,46.55,471.291512
2019-11-24 21:56:00,46.59,46.6,46.58,46.59,242.906368
2019-11-24 21:55:00,46.67,46.67,46.57,46.58,642.873567
2019-11-24 21:54:00,46.67,46.67,46.67,46.67,37.6121
2019-11-24 21:53:00,46.66,46.7,46.66,46.67,179.471403
2019-11-24 21:52:00,46.66,46.71,46.66,46.68,362.987507
2019-11-24 21:51:00,46.73,46.73,46.66,46.66,145.607421
2019-11-24 21:50:00,46.67,46.74,46.66,46.74,37.872456
2019-11-24 21:49:00,46.74,46.76,46.66,46.67,169.707883
2019-11-24 21:48:00,46.75,46.75,46.71,46.74,188.843893
2019-11-24 21:47:00,46.83,46.83,46.72,46.75,497.216867
2019-11-24 21:46:00,46.78,46.83,46.77,46.83,198.834403
2019-11-24 21:45:00,46.68,46.77,46.68,46.77,43.969837
2019-11-24 21:44:00,46.77,46.77,46.66,46.67,92.287283
2019-11-24 21:43:00,46.69,46.79,46.69,46.79,366.350447
2019-11-24 21:42:00,46.74,46.74,46.69,46.69,167.810713
2019-11-24 21:41:00,46.76,46.77,46.76,46.76,28.460805
2019-11-24 21:40:00,46.73,46.75,46.7,46.75,33.133104
2019-11-24 21:39:00,46.68,46.74,46.68,46.74,51.3236
2019-11-24 21:38:00,46.7,46.73,46.7,46.73,26.137273
2019-11-24 21:37:00,46.75,46.76,46.7,46.7,444.3736
2019-11-24 21:36:00,46.69,46.75,46.69,46.75,389.600712
2019-11-24 21:35:00,46.74,46.75,46.7,46.71,9.272319
2019-11-24 21:34:00,46.77,46.78,46.73,46.76,30.650759
2019-11-24 21:33:00,46.81,46.81,46.78,46.78,1.59462
2019-11-24 21:32:00,46.79,46.81,46.79,46.81,23.578766
2019-11-24 21:31:00,46.76,46.8,46.76,46.76,189.148198
2019-11-24 21:30:00,46.71,46.75,46.71,46.75,59.596363
2019-11-24 21:29:00,46.66,46.7,46.66,46.7,138.007959
2019-11-24 21:28:00,46.73,46.73,46.66,46.66,165.639049
2019-11-24 21:27:00,46.78,46.78,46.73,46.74,220.789824
2019-11-24 21:26:00,46.76,46.78,46.75,46.78,140.659187
2019-11-24 21:25:00,46.72,46.75,46.72,46.75,13.242233
2019-11-24 21:24:00,46.76,46.76,46.74,46.75,1.77119
2019-11-24 21:23:00,46.77,46.79,46.77,46.77,0.936544
2019-11-24 21:22:00,46.84,46.86,46.77,46.77,74.806191
2019-11-24 21:21:00,46.85,46.85,46.83,46.83,30.29238
2019-11-24 21:20:00,46.85,46.88,46.83,46.86,86.205885
2019-11-24 21:19:00,46.95,46.95,46.86,46.86,233.097689
2019-11-24 21:18:00,46.83,46.97,46.83,46.95,671.264467
2019-11-24 21:17:00,46.93,46.94,46.82,46.84,655.88104
2019-11-24 21:16:00,46.62,46.95,46.62,46.91,1566.770257
2019-11-24 21:15:00,46.65,46.65,46.64,46.64,108.245131
2019-11-24 21:14:00,46.64,46.66,46.64,46.66,126.296999
2019-11-24 21:13:00,46.62,46.69,46.62,46.64,94.145705
2019-11-24 21:12:00,46.65,46.65,46.62,46.64,441.456467
2019-11-24 21:11:00,46.55,46.67,46.55,46.65,329.367093
2019-11-24 21:10:00,46.63,46.63,46.51,46.57,671.049129
2019-11-24 21:09:00,46.64,46.66,46.62,46.63,582.099979
2019-11-24 21:08:00,46.67,46.68,46.62,46.64,17.61371
2019-11-24 21:07:00,46.68,46.69,46.66,46.68,189.599307
2019-11-24 21:06:00,46.67,46.7,46.67,46.68,187.380038
2019-11-24 21:05:00,46.71,46.71,46.66,46.66,192.505636
2019-11-24 21:04:00,46.74,46.77,46.71,46.71,369.692101
2019-11-24 21:03:00,46.81,46.82,46.74,46.74,256.648759
2019-11-24 21:02:00,46.84,46.84,46.81,46.82,338.98559
2019-11-24 21:01:00,46.8,46.82,46.79,46.82,141.01309
2019-11-24 21:00:00,46.88,46.9,46.81,46.81,676.609458
2019-11-24 20:59:00,46.73,46.92,46.73,46.89,693.314441
2019-11-24 20:58:00,46.72,46.73,46.71,46.72,97.321976
2019-11-24 20:57:00,46.83,46.83,46.72,46.72,2194.187364
2019-11-24 20:56:00,46.82,46.84,46.8,46.83,174.396037
2019-11-24 20:55:00,46.87,46.87,46.82,46.82,127.285917
2019-11-24 20:54:00,46.83,46.88,46.83,46.86,5.00561
2019-11-24 20:53:00,46.87,46.87,46.79,46.83,419.431626
2019-11-24 20:52:00,46.78,46.88,46.78,46.86,321.878349
2019-11-24 20:51:00,46.87,46.87,46.69,46.77,1312.305002
2019-11-24 20:50:00,46.84,46.91,46.84,46.88,530.106103
2019-11-24 20:49:00,46.83,46.88,46.77,46.83,2174.005301
2019-11-24 20:48:00,46.99,46.99,46.79,46.83,4390.697824
2019-11-24 20:47:00,47.06,47.06,47,47,134.831561
2019-11-24 20:46:00,47.1,47.1,47.05,47.06,220.500652
2019-11-24 20:45:00,47.07,47.13,47.07,47.11,639.074945
2019-11-24 20:44:00,47.13,47.15,47.06,47.06,525.376145
2019-11-24 20:43:00,47.12,47.23,47.12,47.13,753.670823
2019-11-24 20:42:00,46.96,47.1,46.96,47.1,151.709408
2019-11-24 20:41:00,46.96,46.96,46.95,46.96,151.867302
2019-11-24 20:40:00,46.95,46.96,46.95,46.96,60.386794
2019-11-24 20:39:00,46.92,46.96,46.92,46.95,171.252828
2019-11-24 20:38:00,46.99,47,46.92,46.92,190.452297
2019-11-24 20:37:00,46.94,46.99,46.92,46.99,40.134171
2019-11-24 20:36:00,46.99,46.99,46.94,46.94,11.963034
2019-11-24 20:35:00,46.93,46.99,46.93,46.99,104.772555
2019-11-24 20:34:00,46.96,46.97,46.95,46.95,14.938132
2019-11-24 20:33:00,46.99,46.99,46.97,46.97,75.110848
2019-11-24 20:32:00,47.05,47.05,46.97,46.98,128.863233
2019-11-24 20:31:00,47.04,47.06,47.04,47.06,25.334884
2019-11-24 20:30:00,47,47.04,47,47.04,47.203379
2019-11-24 20:29:00,47.04,47.04,46.99,46.99,160.238862
2019-11-24 20:28:00,47.06,47.06,47,47.01,28.108822
2019-11-24 20:27:00,46.97,47.06,46.94,47.06,134.686725
2019-11-24 20:26:00,47.02,47.02,46.98,46.98,253.938257
2019-11-24 20:25:00,47.08,47.08,47.03,47.03,41.179831
2019-11-24 20:24:00,47.05,47.07,47.03,47.07,60.222585
2019-11-24 20:23:00,46.97,47.05,46.96,47.05,850.563673
2019-11-24 20:22:00,47.04,47.06,46.91,46.97,791.108487
2019-11-24 20:21:00,47.11,47.11,47.04,47.05,56.591672
2019-11-24 20:20:00,47.08,47.14,47.08,47.12,139.189776
2019-11-24 20:19:00,47.12,47.12,47.08,47.08,69.081187
2019-11-24 20:18:00,47.06,47.14,47.02,47.14,236.782473
2019-11-24 20:17:00,47.14,47.14,47.06,47.06,158.514098
2019-11-24 20:16:00,47.18,47.18,47.14,47.14,137.503089
2019-11-24 20:15:00,47.17,47.17,47.17,47.17,2.5963
2019-11-24 20:14:00,47.22,47.22,47.17,47.18,55.545951
2019-11-24 20:13:00,47.22,47.23,47.22,47.22,1.126709
2019-11-24 20:12:00,47.21,47.22,47.19,47.22,98.327726
2019-11-24 20:11:00,47.22,47.24,47.22,47.23,155.571373
2019-11-24 20:10:00,47.2,47.2,47.18,47.19,62.576929
2019-11-24 20:09:00,47.22,47.22,47.2,47.2,11.443957
2019-11-24 20:08:00,47.17,47.21,47.17,47.21,125.908015
2019-11-24 20:07:00,47.19,47.22,47.17,47.17,222.897536
2019-11-24 20:06:00,47.2,47.2,47.19,47.19,377.508715
2019-11-24 20:05:00,47.21,47.21,47.17,47.21,449.610538
2019-11-24 20:04:00,47.24,47.24,47.23,47.23,15.262888
2019-11-24 20:03:00,47.2,47.28,47.2,47.24,850.215903
2019-11-24 20:02:00,47.29,47.29,47.13,47.19,1710.561183
2019-11-24 20:01:00,47.29,47.31,47.24,47.29,665.877064
2019-11-24 20:00:00,47.36,47.36,47.3,47.3,116.654219
2019-11-24 19:59:00,47.36,47.37,47.31,47.37,613.809668
2019-11-24 19:58:00,47.34,47.39,47.34,47.37,598.388835
2019-11-24 19:57:00,47.31,47.32,47.31,47.32,54.9546
2019-11-24 19:56:00,47.29,47.31,47.19,47.31,648.106705
2019-11-24 19:55:00,47.29,47.29,47.29,47.29,0.441586
2019-11-24 19:54:00,47.31,47.31,47.3,47.3,8.988121
2019-11-24 19:53:00,47.29,47.3,47.29,47.3,238.374278
2019-11-24 19:52:00,47.3,47.3,47.3,47.3,0
2019-11-24 19:51:00,47.27,47.32,47.27,47.3,971.754157
2019-11-24 19:50:00,47.23,47.25,47.23,47.25,212.59141
2019-11-24 19:49:00,47.23,47.23,47.23,47.23,0
2019-11-24 19:48:00,47.26,47.26,47.23,47.23,358.194068
2019-11-24 19:47:00,47.29,47.3,47.23,47.28,600.763211
2019-11-24 19:46:00,47.33,47.33,47.29,47.29,2.159599
2019-11-24 19:45:00,47.3,47.34,47.3,47.34,6.227309
2019-11-24 19:44:00,47.35,47.35,47.28,47.29,142.157842
2019-11-24 19:43:00,47.22,47.35,47.17,47.35,827.782341
2019-11-24 19:42:00,47.35,47.35,47.22,47.22,102.314846
2019-11-24 19:41:00,47.35,47.37,47.35,47.36,79.221229
2019-11-24 19:40:00,47.35,47.37,47.31,47.33,72.167638
2019-11-24 19:39:00,47.3,47.36,47.3,47.31,35.720047
2019-11-24 19:38:00,47.33,47.36,47.25,47.3,601.153697
2019-11-24 19:37:00,47.25,47.39,47.23,47.35,200.47897
2019-11-24 19:36:00,47.33,47.34,47.25,47.25,304.622636
2019-11-24 19:35:00,47.37,47.39,47.28,47.31,206.929915
2019-11-24 19:34:00,47.44,47.48,47.38,47.38,875.211395
2019-11-24 19:33:00,47.44,47.45,47.41,47.45,70.559058
2019-11-24 19:32:00,47.42,47.44,47.4,47.44,449.605909
2019-11-24 19:31:00,47.34,47.43,47.31,47.42,369.575255
2019-11-24 19:30:00,47.43,47.48,47.34,47.34,457.097387
2019-11-24 19:29:00,47.3,47.43,47.29,47.43,1031.480931
2019-11-24 19:28:00,47.27,47.3,47.26,47.3,22.391001
2019-11-24 19:27:00,47.3,47.3,47.25,47.26,10.667997
2019-11-24 19:26:00,47.35,47.35,47.29,47.3,3.233865
2019-11-24 19:25:00,47.3,47.36,47.29,47.35,868.388885
2019-11-24 19:24:00,47.21,47.37,47.21,47.31,1274.034475
2019-11-24 19:23:00,47.1,47.25,47.1,47.21,1686.774185
2019-11-24 19:22:00,47.23,47.23,47.01,47.09,1445.249171
2019-11-24 19:21:00,47.34,47.34,47.23,47.24,1620.753074
2019-11-24 19:20:00,47.36,47.37,47.36,47.36,89.210635
2019-11-24 19:19:00,47.35,47.41,47.35,47.37,358.571696
2019-11-24 19:18:00,47.31,47.33,47.3,47.32,177.715614
2019-11-24 19:17:00,47.32,47.36,47.3,47.31,382.93252
2019-11-24 19:16:00,47.21,47.34,47.17,47.32,1651.502484
2019-11-24 19:15:00,47.19,47.28,47.19,47.19,149.200062
2019-11-24 19:14:00,47.24,47.24,47.14,47.17,140.006803
2019-11-24 19:13:00,47.16,47.26,47.13,47.26,432.73797
2019-11-24 19:12:00,47.3,47.3,47.17,47.17,477.535806
2019-11-24 19:11:00,47.21,47.31,47.14,47.29,668.864256
2019-11-24 19:10:00,47.27,47.27,47.19,47.22,310.487551
2019-11-24 19:09:00,47.27,47.31,47.23,47.28,508.785055
2019-11-24 19:08:00,47.37,47.37,47.15,47.26,1380.434415
2019-11-24 19:07:00,47.45,47.48,47.34,47.38,2328.709885
2019-11-24 19:06:00,47.16,47.59,47.16,47.45,5537.726949
2019-11-24 19:05:00,46.9,47.19,46.9,47.19,1056.684436
2019-11-24 19:04:00,46.91,46.91,46.89,46.89,26.965977
2019-11-24 19:03:00,46.79,46.9,46.77,46.9,208.966148
2019-11-24 19:02:00,46.72,46.83,46.72,46.8,158.702855
2019-11-24 19:01:00,46.64,46.72,46.63,46.72,303.672925
2019-11-24 19:00:00,46.7,46.71,46.62,46.63,563.968997
2019-11-24 18:59:00,46.61,46.69,46.61,46.69,62.357916
2019-11-24 18:58:00,46.63,46.66,46.62,46.62,225.000001
2019-11-24 18:57:00,46.62,46.69,46.54,46.65,863.913305
2019-11-24 18:56:00,46.68,46.69,46.63,46.63,587.819
2019-11-24 18:55:00,46.67,46.7,46.64,46.69,416.453977
2019-11-24 18:54:00,46.71,46.71,46.65,46.67,388.175414
2019-11-24 18:53:00,46.77,46.77,46.66,46.72,562.031063
2019-11-24 18:52:00,46.69,46.8,46.69,46.77,464.545248
2019-11-24 18:51:00,46.64,46.69,46.56,46.68,1098.575612
2019-11-24 18:50:00,46.79,46.79,46.65,46.66,347.180927
2019-11-24 18:49:00,46.84,46.84,46.78,46.79,170.68339
2019-11-24 18:48:00,46.89,46.89,46.84,46.84,378.055938
2019-11-24 18:47:00,46.87,46.89,46.86,46.88,155.178914
2019-11-24 18:46:00,46.93,46.93,46.88,46.88,13.407014
2019-11-24 18:45:00,46.91,46.92,46.91,46.91,104.106402
2019-11-24 18:44:00,46.9,46.91,46.9,46.9,74.624394
2019-11-24 18:43:00,46.91,46.92,46.9,46.91,102.72513
2019-11-24 18:42:00,46.91,46.92,46.88,46.9,64.382411
2019-11-24 18:41:00,46.95,46.96,46.91,46.91,69.948018
2019-11-24 18:40:00,46.89,46.99,46.89,46.96,447.440598
2019-11-24 18:39:00,46.81,46.87,46.81,46.87,121.76512
2019-11-24 18:38:00,46.83,46.83,46.78,46.82,394.394224
2019-11-24 18:37:00,46.85,46.87,46.85,46.86,117.507633
2019-11-24 18:36:00,46.95,46.96,46.82,46.85,1227.337655
2019-11-24 18:35:00,47.03,47.03,46.97,46.97,349.549159
2019-11-24 18:34:00,47.06,47.08,47.01,47.01,97.946609
2019-11-24 18:33:00,47.07,47.13,47.07,47.07,253.290133
2019-11-24 18:32:00,46.99,47.06,46.96,47.06,1126.787022
2019-11-24 18:31:00,46.85,47,46.84,47,289.692433
2019-11-24 18:30:00,46.94,46.94,46.85,46.85,233.3458
2019-11-24 18:29:00,47.02,47.06,46.95,46.95,91.515903
2019-11-24 18:28:00,46.97,47.1,46.97,47.02,934.0109
2019-11-24 18:27:00,46.94,46.98,46.92,46.96,227.913638
2019-11-24 18:26:00,46.93,46.94,46.86,46.9,470.626961
2019-11-24 18:25:00,46.99,47.03,46.87,46.92,945.817023
2019-11-24 18:24:00,46.88,46.98,46.88,46.95,514.533535
2019-11-24 18:23:00,46.8,46.95,46.79,46.9,978.094939
2019-11-24 18:22:00,46.8,46.9,46.76,46.82,1741.652082
2019-11-24 18:21:00,46.7,46.98,46.69,46.79,1835.49809
2019-11-24 18:20:00,46.78,46.83,46.5,46.7,6726.166584
2019-11-24 18:19:00,47.03,47.16,46.78,46.78,2354.385746
2019-11-24 18:18:00,47.44,47.44,47,47.03,3413.163827
2019-11-24 18:17:00,47.53,47.53,47.45,47.45,73.48708
2019-11-24 18:16:00,47.51,47.55,47.51,47.53,3.718213
2019-11-24 18:15:00,47.51,47.51,47.5,47.5,13.696204
2019-11-24 18:14:00,47.51,47.51,47.47,47.51,23.336381
2019-11-24 18:13:00,47.55,47.55,47.5,47.54,85.772523
2019-11-24 18:12:00,47.58,47.58,47.57,47.57,30.540177
2019-11-24 18:11:00,47.52,47.55,47.52,47.55,24.366724
2019-11-24 18:10:00,47.48,47.54,47.48,47.52,166.837807
2019-11-24 18:09:00,47.51,47.51,47.45,47.46,153.481999
2019-11-24 18:08:00,47.59,47.59,47.53,47.53,255.627741
2019-11-24 18:07:00,47.62,47.62,47.52,47.58,39.621501
2019-11-24 18:06:00,47.61,47.61,47.57,47.6,225.731794
2019-11-24 18:05:00,47.72,47.74,47.62,47.62,528.391386
2019-11-24 18:04:00,47.78,47.78,47.71,47.71,179.299712
2019-11-24 18:03:00,47.74,47.77,47.74,47.77,56.692184
2019-11-24 18:02:00,47.78,47.8,47.73,47.76,582.434101
2019-11-24 18:01:00,47.67,47.76,47.66,47.76,304.572447
2019-11-24 18:00:00,47.59,47.67,47.59,47.65,746.999743
2019-11-24 17:59:00,47.55,47.59,47.55,47.58,240.906041
2019-11-24 17:58:00,47.58,47.58,47.57,47.57,4.229897
2019-11-24 17:57:00,47.49,47.57,47.49,47.57,652.748225
2019-11-24 17:56:00,47.47,47.5,47.45,47.5,90.888666
2019-11-24 17:55:00,47.52,47.52,47.48,47.48,353.729825
2019-11-24 17:54:00,47.6,47.6,47.56,47.56,24.869945
2019-11-24 17:53:00,47.65,47.67,47.59,47.59,69.813989
2019-11-24 17:52:00,47.6,47.64,47.57,47.62,399.9482
2019-11-24 17:51:00,47.67,47.7,47.59,47.6,900.350233
2019-11-24 17:50:00,47.54,47.73,47.53,47.68,2063.641241
2019-11-24 17:49:00,47.44,47.52,47.44,47.52,680.202896
2019-11-24 17:48:00,47.41,47.44,47.4,47.42,130.642788
2019-11-24 17:47:00,47.33,47.42,47.33,47.41,126.827059
2019-11-24 17:46:00,47.36,47.37,47.33,47.33,205.971476
2019-11-24 17:45:00,47.34,47.39,47.33,47.34,642.427954
2019-11-24 17:44:00,47.26,47.38,47.26,47.34,272.694778
2019-11-24 17:43:00,47.26,47.27,47.26,47.27,53.788995
2019-11-24 17:42:00,47.26,47.29,47.21,47.26,159.106877
2019-11-24 17:41:00,47.31,47.32,47.24,47.24,95.840974
2019-11-24 17:40:00,47.29,47.32,47.24,47.32,680.294908
2019-11-24 17:39:00,47.29,47.39,47.28,47.3,2061.064286
2019-11-24 17:38:00,47.24,47.37,47.22,47.31,398.450754
2019-11-24 17:37:00,47.11,47.32,47.11,47.24,2127.973481
2019-11-24 17:36:00,47.05,47.11,47.05,47.09,135.048426
2019-11-24 17:35:00,47.01,47.05,47.01,47.05,32.314464
2019-11-24 17:34:00,47.03,47.04,47.02,47.02,55.682842
2019-11-24 17:33:00,47.01,47.03,46.99,47.03,359.254178
2019-11-24 17:32:00,47.02,47.02,47.02,47.02,91.183565
2019-11-24 17:31:00,46.99,47.02,46.98,47.02,16.549604
2019-11-24 17:30:00,46.96,47.01,46.96,46.99,86.528653
2019-11-24 17:29:00,46.93,46.95,46.92,46.95,27.60661
2019-11-24 17:28:00,46.96,46.96,46.94,46.94,103.988755
2019-11-24 17:27:00,46.98,46.98,46.96,46.96,54.759264
2019-11-24 17:26:00,46.98,47.01,46.98,46.99,147.113396
2019-11-24 17:25:00,46.98,46.98,46.97,46.97,218.648637
2019-11-24 17:24:00,46.96,47,46.96,47,33.75284
2019-11-24 17:23:00,47,47,46.95,46.95,193.035164
2019-11-24 17:22:00,47,47,47,47,177.09406
2019-11-24 17:21:00,46.98,46.99,46.97,46.99,83.351337
2019-11-24 17:20:00,46.96,46.99,46.95,46.99,9.689649
2019-11-24 17:19:00,47.03,47.03,46.97,46.97,31.989382
2019-11-24 17:18:00,46.98,47.03,46.97,47.03,190.653367
2019-11-24 17:17:00,47.07,47.07,46.98,46.98,154.585155
2019-11-24 17:16:00,47.03,47.09,47.03,47.07,72.215962
2019-11-24 17:15:00,47.06,47.08,47.02,47.04,315.446487
2019-11-24 17:14:00,47.16,47.17,47.07,47.07,514.91242
2019-11-24 17:13:00,47.11,47.17,47.11,47.17,92.302356
2019-11-24 17:12:00,47.12,47.13,47.1,47.11,24.380415
2019-11-24 17:11:00,47.11,47.13,47.11,47.12,370.963701
2019-11-24 17:10:00,47.17,47.21,47.1,47.11,269.471978
2019-11-24 17:09:00,47.25,47.25,47.16,47.17,157.159642
2019-11-24 17:08:00,47.17,47.25,47.17,47.25,2049.522307
2019-11-24 17:07:00,47.11,47.17,47.11,47.17,118.439246
2019-11-24 17:06:00,47.08,47.08,47.08,47.08,3.096157
2019-11-24 17:05:00,47.1,47.1,47.08,47.08,49.176186
2019-11-24 17:04:00,47.09,47.1,47.09,47.1,8.609287
2019-11-24 17:03:00,47.04,47.07,47.04,47.07,1.702692
2019-11-24 17:02:00,47.04,47.05,47.02,47.04,141.660135
2019-11-24 17:01:00,47.04,47.09,47.04,47.06,37.664924
2019-11-24 17:00:00,47.11,47.11,47.04,47.04,266.742146
2019-11-24 16:59:00,47.12,47.12,47.11,47.11,111.074277
2019-11-24 16:58:00,47.2,47.2,47.14,47.14,208.684586
2019-11-24 16:57:00,47.19,47.19,47.19,47.19,0
2019-11-24 16:56:00,47.2,47.2,47.19,47.19,51.091972
2019-11-24 16:55:00,47.22,47.22,47.22,47.22,0.02744
2019-11-24 16:54:00,47.22,47.22,47.21,47.21,43.948915
2019-11-24 16:53:00,47.3,47.3,47.21,47.22,379.011713
2019-11-24 16:52:00,47.29,47.32,47.26,47.28,245.629305
2019-11-24 16:51:00,47.25,47.29,47.25,47.29,195.369134
2019-11-24 16:50:00,47.27,47.27,47.26,47.26,13.366507
2019-11-24 16:49:00,47.27,47.27,47.21,47.26,377.493713
2019-11-24 16:48:00,47.29,47.29,47.28,47.28,23.594459
2019-11-24 16:47:00,47.24,47.24,47.24,47.24,99.957813
2019-11-24 16:46:00,47.25,47.26,47.25,47.26,0.194798
2019-11-24 16:45:00,47.26,47.26,47.25,47.25,0.02432
2019-11-24 16:44:00,47.26,47.29,47.26,47.28,55.836045
2019-11-24 16:43:00,47.26,47.26,47.26,47.26,0.869332
2019-11-24 16:42:00,47.23,47.25,47.23,47.25,96.09681
2019-11-24 16:41:00,47.23,47.24,47.23,47.23,124.499086
2019-11-24 16:40:00,47.21,47.24,47.18,47.22,52.664371
2019-11-24 16:39:00,47.15,47.2,47.15,47.2,74.490551
2019-11-24 16:38:00,47.14,47.14,47.14,47.14,0
2019-11-24 16:37:00,47.13,47.14,47.13,47.14,7.064265
2019-11-24 16:36:00,47.08,47.1,47.08,47.1,18.916323
2019-11-24 16:35:00,47.08,47.08,47.07,47.08,60.362238
2019-11-24 16:34:00,47.11,47.11,47.09,47.09,232.061964
2019-11-24 16:33:00,47.11,47.11,47.11,47.11,49.933578
2019-11-24 16:32:00,47.09,47.11,47.09,47.11,4.849155
2019-11-24 16:31:00,47.09,47.09,47.07,47.07,285.164658
2019-11-24 16:30:00,47.15,47.15,47.09,47.09,69.514339
2019-11-24 16:29:00,47.08,47.15,47.07,47.15,260.38076
2019-11-24 16:28:00,47.08,47.08,47.07,47.07,12.800364
2019-11-24 16:27:00,47.08,47.08,47.08,47.08,34.921376
2019-11-24 16:26:00,47.1,47.1,47.08,47.08,27.436078
2019-11-24 16:25:00,47.1,47.1,47.1,47.1,0.2
2019-11-24 16:24:00,47.09,47.1,47.08,47.1,126.9341
2019-11-24 16:23:00,47.09,47.1,47.08,47.1,0.121248
2019-11-24 16:22:00,47.08,47.1,47.08,47.1,30.153752
2019-11-24 16:21:00,47.07,47.08,47.07,47.08,331.118535
2019-11-24 16:20:00,47.07,47.07,47.06,47.07,0.33992
2019-11-24 16:19:00,47.05,47.07,47.05,47.07,92.290836
2019-11-24 16:18:00,47.06,47.06,47.06,47.06,0.024548
2019-11-24 16:17:00,47.04,47.05,47.04,47.05,168.761891
2019-11-24 16:16:00,47,47.05,47,47.04,28.85549
2019-11-24 16:15:00,46.98,46.99,46.98,46.99,0.701933
2019-11-24 16:14:00,46.97,46.97,46.97,46.97,0.165
2019-11-24 16:13:00,46.97,46.97,46.97,46.97,131.991686
2019-11-24 16:12:00,46.97,46.98,46.97,46.98,106.931807
2019-11-24 16:11:00,46.97,46.97,46.95,46.96,123.957883
2019-11-24 16:10:00,46.94,46.98,46.94,46.98,118.458608
2019-11-24 16:09:00,46.92,46.92,46.92,46.92,0
2019-11-24 16:08:00,46.9,46.92,46.9,46.92,48.853445
2019-11-24 16:07:00,46.91,46.91,46.9,46.9,0.249025
2019-11-24 16:06:00,46.97,46.97,46.9,46.91,13.616231
2019-11-24 16:05:00,46.99,46.99,46.97,46.97,1.52512
2019-11-24 16:04:00,46.98,47,46.98,47,79.353162
2019-11-24 16:03:00,47,47.01,47,47.01,0.101796
2019-11-24 16:02:00,47.07,47.07,47.02,47.02,34.635964
2019-11-24 16:01:00,47,47.1,46.99,47.1,1313.390473
2019-11-24 16:00:00,46.99,46.99,46.99,46.99,47.256
2019-11-24 15:59:00,47,47,46.98,46.98,147.949289
2019-11-24 15:58:00,47.02,47.02,47,47,139.70997
2019-11-24 15:57:00,47.04,47.04,47.01,47.01,10.613301
2019-11-24 15:56:00,47.05,47.05,47.05,47.05,0
2019-11-24 15:55:00,47.06,47.06,47.05,47.05,3.345726
2019-11-24 15:54:00,47.05,47.07,47.05,47.06,47.468143
2019-11-24 15:53:00,47.02,47.07,47.02,47.06,122.730998
2019-11-24 15:52:00,47.01,47.01,47,47.01,276.748855
2019-11-24 15:51:00,47.01,47.01,47.01,47.01,0
2019-11-24 15:50:00,47.01,47.01,47.01,47.01,53.203914
2019-11-24 15:49:00,47.02,47.05,47.02,47.05,75.149674
2019-11-24 15:48:00,47.08,47.08,47.02,47.02,35.155437
2019-11-24 15:47:00,47.15,47.15,47.08,47.08,465.549627
2019-11-24 15:46:00,47.17,47.17,47.15,47.15,261.422203
2019-11-24 15:45:00,47.16,47.18,47.16,47.18,31.367461
2019-11-24 15:44:00,47.16,47.16,47.15,47.15,101.201489
2019-11-24 15:43:00,47.18,47.18,47.15,47.16,6.810809
2019-11-24 15:42:00,47.18,47.18,47.18,47.18,49.453412
2019-11-24 15:41:00,47.17,47.19,47.15,47.18,29.975118
2019-11-24 15:40:00,47.16,47.17,47.12,47.17,287.527215
2019-11-24 15:39:00,47.17,47.17,47.16,47.17,141.19889
2019-11-24 15:38:00,47.17,47.18,47.17,47.17,132.755479
2019-11-24 15:37:00,47.16,47.16,47.16,47.16,0.615944
2019-11-24 15:36:00,47.12,47.19,47.12,47.15,1183.847779
2019-11-24 15:35:00,47.12,47.12,47.12,47.12,0.649763
2019-11-24 15:34:00,47.11,47.12,47.1,47.11,4.275884
2019-11-24 15:33:00,47.08,47.11,47.08,47.11,22.84687
2019-11-24 15:32:00,47.08,47.08,47.06,47.08,45.60255
2019-11-24 15:31:00,47,47.09,47,47.09,60.747438
2019-11-24 15:30:00,47.05,47.05,47.02,47.02,11.725431
2019-11-24 15:29:00,47.09,47.09,47.06,47.06,109.549564
2019-11-24 15:28:00,47.11,47.13,47.1,47.1,92.03641
2019-11-24 15:27:00,47.13,47.14,47.11,47.13,70.183788
2019-11-24 15:26:00,47.16,47.16,47.13,47.13,52.367599
2019-11-24 15:25:00,47.18,47.18,47.16,47.17,80.67
2019-11-24 15:24:00,47.2,47.2,47.2,47.2,50.677545
2019-11-24 15:23:00,47.19,47.19,47.19,47.19,111.919038
2019-11-24 15:22:00,47.17,47.19,47.17,47.19,30.44807
2019-11-24 15:21:00,47.24,47.24,47.2,47.2,9.731279
2019-11-24 15:20:00,47.24,47.24,47.24,47.24,135.37337
2019-11-24 15:19:00,47.23,47.23,47.22,47.23,35.852451
2019-11-24 15:18:00,47.24,47.25,47.23,47.23,71.005964
2019-11-24 15:17:00,47.21,47.26,47.21,47.26,774.572762
2019-11-24 15:16:00,47.19,47.21,47.18,47.21,201.513186
2019-11-24 15:15:00,47.29,47.29,47.2,47.21,821.18943
2019-11-24 15:14:00,47.25,47.27,47.24,47.27,70.326875
2019-11-24 15:13:00,47.24,47.25,47.23,47.25,133.415029
2019-11-24 15:12:00,47.26,47.26,47.22,47.24,74.902045
2019-11-24 15:11:00,47.24,47.28,47.24,47.26,343.217887
2019-11-24 15:10:00,47.16,47.24,47.16,47.24,594.369841
2019-11-24 15:09:00,47.08,47.15,47.08,47.15,45.016401
2019-11-24 15:08:00,47.09,47.09,47.07,47.07,5.889516
2019-11-24 15:07:00,47.11,47.11,47.1,47.1,0.079475
2019-11-24 15:06:00,47.09,47.12,47.09,47.11,221.804852
2019-11-24 15:05:00,47.15,47.15,47.1,47.1,20.015646
2019-11-24 15:04:00,47.12,47.12,47.11,47.11,3.849846
2019-11-24 15:03:00,47.13,47.13,47.12,47.12,0.014333
2019-11-24 15:02:00,47.18,47.18,47.1,47.13,1233.689913
2019-11-24 15:01:00,47.21,47.21,47.15,47.17,876.023968
2019-11-24 15:00:00,47.24,47.24,47.21,47.21,66.501943
2019-11-24 14:59:00,47.29,47.29,47.25,47.26,8.625378
2019-11-24 14:58:00,47.25,47.27,47.25,47.26,88.615575
2019-11-24 14:57:00,47.3,47.3,47.23,47.25,78.040718
2019-11-24 14:56:00,47.34,47.34,47.31,47.31,30.408852
2019-11-24 14:55:00,47.36,47.36,47.35,47.35,89.798917
2019-11-24 14:54:00,47.38,47.38,47.35,47.37,62.605236
2019-11-24 14:53:00,47.38,47.38,47.38,47.38,15.150456
2019-11-24 14:52:00,47.4,47.4,47.4,47.4,650.770575
2019-11-24 14:51:00,47.4,47.42,47.39,47.4,37.419538
2019-11-24 14:50:00,47.35,47.38,47.35,47.38,66.942307
2019-11-24 14:49:00,47.35,47.35,47.35,47.35,10.305196
2019-11-24 14:48:00,47.37,47.37,47.37,47.37,25.649279
2019-11-24 14:47:00,47.39,47.39,47.38,47.38,105.362351
2019-11-24 14:46:00,47.39,47.39,47.39,47.39,0
2019-11-24 14:45:00,47.39,47.39,47.36,47.39,234.868712
2019-11-24 14:44:00,47.39,47.39,47.38,47.39,18.326827
2019-11-24 14:43:00,47.32,47.39,47.32,47.39,88.901117
2019-11-24 14:42:00,47.34,47.34,47.32,47.32,73.633107
2019-11-24 14:41:00,47.31,47.33,47.31,47.33,28.703949
2019-11-24 14:40:00,47.31,47.33,47.31,47.31,191.278407
2019-11-24 14:39:00,47.37,47.37,47.32,47.32,457.805199
2019-11-24 14:38:00,47.38,47.42,47.38,47.38,55.153521
2019-11-24 14:37:00,47.3,47.38,47.3,47.38,206.744693
2019-11-24 14:36:00,47.29,47.29,47.25,47.29,252.711181
2019-11-24 14:35:00,47.3,47.3,47.3,47.3,40.508998
2019-11-24 14:34:00,47.3,47.31,47.3,47.31,48.138572
2019-11-24 14:33:00,47.32,47.32,47.29,47.3,62.25132
2019-11-24 14:32:00,47.44,47.45,47.31,47.32,523.531687
2019-11-24 14:31:00,47.42,47.42,47.41,47.41,39.797905
2019-11-24 14:30:00,47.38,47.44,47.38,47.42,192.07313
2019-11-24 14:29:00,47.3,47.35,47.3,47.35,202.910483
2019-11-24 14:28:00,47.25,47.32,47.25,47.31,470.804546
2019-11-24 14:27:00,47.24,47.25,47.24,47.25,68.051598
2019-11-24 14:26:00,47.21,47.23,47.21,47.22,394.62352
2019-11-24 14:25:00,47.19,47.2,47.19,47.2,178.427945
2019-11-24 14:24:00,47.23,47.24,47.21,47.21,32.071074
2019-11-24 14:23:00,47.23,47.3,47.23,47.23,759.78672
2019-11-24 14:22:00,47.21,47.22,47.21,47.22,2.68772
2019-11-24 14:21:00,47.21,47.21,47.19,47.21,117.896195
2019-11-24 14:20:00,47.22,47.22,47.21,47.21,9.565374
2019-11-24 14:19:00,47.23,47.24,47.23,47.23,100.504731
2019-11-24 14:18:00,47.26,47.26,47.22,47.22,349.591968
2019-11-24 14:17:00,47.21,47.29,47.21,47.29,193.680368
2019-11-24 14:16:00,47.19,47.2,47.15,47.2,394.48129
2019-11-24 14:15:00,47.07,47.19,47.07,47.19,517.425483
2019-11-24 14:14:00,47.13,47.14,47.1,47.1,878.253615
2019-11-24 14:13:00,47.13,47.15,47.12,47.13,40.853476
2019-11-24 14:12:00,47.08,47.12,47.08,47.1,127.408101
2019-11-24 14:11:00,47.03,47.08,47.03,47.08,176.55272
2019-11-24 14:10:00,47.02,47.03,47,47.03,12.949623
2019-11-24 14:09:00,47.06,47.06,47.04,47.04,18.717392
2019-11-24 14:08:00,47.04,47.06,47.04,47.06,127.936042
2019-11-24 14:07:00,47.05,47.14,46.98,47.04,2812.502167
2019-11-24 14:06:00,47.17,47.2,47.04,47.05,2452.210334
2019-11-24 14:05:00,47.02,47.16,47.02,47.16,401.624432
2019-11-24 14:04:00,47.04,47.07,47.03,47.03,652.930938
2019-11-24 14:03:00,47.02,47.04,47.02,47.03,270.638062
2019-11-24 14:02:00,46.97,47.04,46.97,47.02,233.39704
2019-11-24 14:01:00,47.04,47.04,46.96,46.96,163.047597
2019-11-24 14:00:00,46.97,47.04,46.97,47.04,12.199036
2019-11-24 13:59:00,46.87,46.96,46.87,46.96,200.277524
2019-11-24 13:58:00,46.87,46.87,46.87,46.87,1.296455
2019-11-24 13:57:00,46.88,46.9,46.83,46.87,166.869093
2019-11-24 13:56:00,46.83,46.87,46.81,46.87,230.849142
2019-11-24 13:55:00,46.85,46.85,46.8,46.82,106.586177
2019-11-24 13:54:00,46.93,46.93,46.86,46.87,468.817603
2019-11-24 13:53:00,46.97,46.98,46.87,46.93,1782.541958
2019-11-24 13:52:00,46.97,46.99,46.97,46.97,58.451638
2019-11-24 13:51:00,46.99,47.02,46.98,46.99,119.511547
2019-11-24 13:50:00,47.06,47.06,46.97,47,509.513564
2019-11-24 13:49:00,47.07,47.07,47.07,47.07,0
2019-11-24 13:48:00,47.07,47.07,47.07,47.07,76.085521
2019-11-24 13:47:00,47.1,47.1,47.06,47.07,2.055213
2019-11-24 13:46:00,47.1,47.11,47.1,47.11,184.356929
2019-11-24 13:45:00,47.09,47.1,47.08,47.1,860.882619
2019-11-24 13:44:00,47.11,47.11,47.1,47.11,0.488622
2019-11-24 13:43:00,47.11,47.11,47.1,47.1,1.732419
2019-11-24 13:42:00,47.14,47.14,47.09,47.09,730.874222
2019-11-24 13:41:00,47.14,47.14,47.12,47.12,0.624636
2019-11-24 13:40:00,47.16,47.16,47.16,47.16,0.235698
2019-11-24 13:39:00,47.16,47.16,47.16,47.16,3.317877
2019-11-24 13:38:00,47.15,47.15,47.15,47.15,0
2019-11-24 13:37:00,47.13,47.15,47.11,47.15,89.949019
2019-11-24 13:36:00,47.11,47.14,47.11,47.13,10.511517
2019-11-24 13:35:00,47.1,47.12,47.1,47.11,31.128434
2019-11-24 13:34:00,47.1,47.11,47.09,47.1,351.340443
2019-11-24 13:33:00,47.11,47.14,47.1,47.11,414.626506
2019-11-24 13:32:00,47.11,47.12,47.11,47.12,11.826448
2019-11-24 13:31:00,47.1,47.1,47.1,47.1,29.030148
2019-11-24 13:30:00,47.1,47.1,47.1,47.1,11.224053
2019-11-24 13:29:00,47.13,47.13,47.12,47.12,3.0427
2019-11-24 13:28:00,47.13,47.13,47.13,47.13,61.843459
2019-11-24 13:27:00,47.13,47.13,47.13,47.13,15.087354
2019-11-24 13:26:00,47.11,47.12,47.11,47.12,13.808035
2019-11-24 13:25:00,47.14,47.14,47.11,47.11,7.558402
2019-11-24 13:24:00,47.19,47.2,47.15,47.15,257.219235
2019-11-24 13:23:00,47.19,47.19,47.19,47.19,5.954651
2019-11-24 13:22:00,47.15,47.17,47.15,47.17,13.93163
2019-11-24 13:21:00,47.12,47.15,47.12,47.15,16.468362
2019-11-24 13:20:00,47.09,47.11,47.09,47.11,0.364923
2019-11-24 13:19:00,47.08,47.09,47.08,47.09,0.019911
2019-11-24 13:18:00,47.07,47.08,47.07,47.08,0.001409
2019-11-24 13:17:00,47.06,47.06,47.06,47.06,9.5475
2019-11-24 13:16:00,47.07,47.07,47.07,47.07,6.0114
2019-11-24 13:15:00,47.06,47.06,47.06,47.06,4
2019-11-24 13:14:00,47.03,47.06,47.01,47.06,1.429304
2019-11-24 13:13:00,47.08,47.11,47.04,47.04,308.947696
2019-11-24 13:12:00,47.01,47.08,47.01,47.07,210.496
2019-11-24 13:11:00,47.14,47.14,47.02,47.02,337.425109
2019-11-24 13:10:00,47.11,47.14,47.11,47.14,18.89431
2019-11-24 13:09:00,47.04,47.1,47.04,47.1,79.10764
2019-11-24 13:08:00,46.99,47.03,46.99,47.03,61.421347
2019-11-24 13:07:00,46.97,47.02,46.97,47.02,94.880616
2019-11-24 13:06:00,46.95,46.96,46.95,46.96,53.124066
2019-11-24 13:05:00,46.93,46.93,46.93,46.93,9.700265
2019-11-24 13:04:00,46.87,46.9,46.87,46.9,10.691787
2019-11-24 13:03:00,46.88,46.88,46.86,46.87,1.346367
2019-11-24 13:02:00,46.88,46.88,46.87,46.87,140.026741
2019-11-24 13:01:00,46.95,46.95,46.9,46.92,40.047834
2019-11-24 13:00:00,46.98,47.04,46.98,47.02,282.794212
2019-11-24 12:59:00,46.95,46.95,46.91,46.95,177.305962
2019-11-24 12:58:00,46.96,46.97,46.96,46.97,8.979239
2019-11-24 12:57:00,47.02,47.02,46.97,46.98,302.392425
2019-11-24 12:56:00,47.03,47.04,47.03,47.03,18.814129
2019-11-24 12:55:00,47.01,47.02,47,47.02,51.168385
2019-11-24 12:54:00,47.02,47.02,47.01,47.01,32.65909
2019-11-24 12:53:00,47,47.01,46.97,47,293.845161
2019-11-24 12:52:00,46.89,46.98,46.89,46.98,117.744291
2019-11-24 12:51:00,46.82,46.9,46.82,46.9,72.565523
2019-11-24 12:50:00,46.86,46.89,46.84,46.84,293.398192
2019-11-24 12:49:00,46.86,46.89,46.86,46.88,19.978532
2019-11-24 12:48:00,46.81,46.83,46.81,46.83,87.068878
2019-11-24 12:47:00,46.79,46.82,46.79,46.82,72.97135
2019-11-24 12:46:00,46.74,46.8,46.74,46.8,317.71165
2019-11-24 12:45:00,46.77,46.77,46.73,46.76,655.973163
2019-11-24 12:44:00,46.82,46.82,46.77,46.77,49.887801
2019-11-24 12:43:00,46.85,46.85,46.79,46.83,337.052639
2019-11-24 12:42:00,46.86,46.87,46.86,46.87,0.488139
2019-11-24 12:41:00,46.86,46.87,46.86,46.87,87.489743
2019-11-24 12:40:00,46.85,46.86,46.83,46.86,446.500385
2019-11-24 12:39:00,46.89,46.9,46.85,46.85,223.065191
2019-11-24 12:38:00,46.88,46.88,46.87,46.87,1.36263
2019-11-24 12:37:00,46.93,46.93,46.89,46.89,30.827554
2019-11-24 12:36:00,46.94,46.94,46.92,46.92,5.691527
2019-11-24 12:35:00,47.02,47.02,46.94,46.94,231.804585
2019-11-24 12:34:00,47.06,47.06,47.02,47.02,41.199434
2019-11-24 12:33:00,47.04,47.11,47.04,47.07,217.142772
2019-11-24 12:32:00,47.08,47.1,47.01,47.03,314.335885
2019-11-24 12:31:00,46.94,47.07,46.94,47.07,116.828236
2019-11-24 12:30:00,46.94,46.95,46.83,46.93,2205.493841
2019-11-24 12:29:00,46.99,46.99,46.96,46.96,118.787453
2019-11-24 12:28:00,47.01,47.01,47.01,47.01,21.982609
2019-11-24 12:27:00,46.94,47.01,46.93,47,556.510571
2019-11-24 12:26:00,46.99,46.99,46.96,46.96,19.69399
2019-11-24 12:25:00,47.04,47.05,47,47,305.174281
2019-11-24 12:24:00,47.02,47.05,46.94,47.05,506.811315
2019-11-24 12:23:00,47.07,47.07,47.01,47.01,136.734052
2019-11-24 12:22:00,47.11,47.11,47.07,47.07,67.103629
2019-11-24 12:21:00,47.1,47.1,47.1,47.1,7.7
2019-11-24 12:20:00,47.11,47.11,47.11,47.11,1.624435
2019-11-24 12:19:00,47.14,47.14,47.11,47.12,79.814883
2019-11-24 12:18:00,47.14,47.15,47.14,47.15,29.041991
2019-11-24 12:17:00,47.17,47.17,47.16,47.16,0.422097
2019-11-24 12:16:00,47.17,47.17,47.17,47.17,0.872355
2019-11-24 12:15:00,47.16,47.17,47.16,47.17,14.431796
2019-11-24 12:14:00,47.15,47.15,47.15,47.15,20.555386
2019-11-24 12:13:00,47.13,47.15,47.13,47.15,5.990111
2019-11-24 12:12:00,47.14,47.14,47.13,47.13,8.039696
2019-11-24 12:11:00,47.14,47.14,47.14,47.14,0
2019-11-24 12:10:00,47.12,47.15,47.12,47.14,103.789459
2019-11-24 12:09:00,47.16,47.16,47.16,47.16,0
2019-11-24 12:08:00,47.18,47.18,47.16,47.16,47.288595
2019-11-24 12:07:00,47.22,47.22,47.16,47.18,945.523312
2019-11-24 12:06:00,47.15,47.21,47.15,47.21,125.236077
2019-11-24 12:05:00,47.06,47.14,47.06,47.14,174.604144
2019-11-24 12:04:00,47.08,47.1,47.08,47.08,29.078338
2019-11-24 12:03:00,47.1,47.11,47.1,47.11,31.008844
2019-11-24 12:02:00,47.1,47.1,47.1,47.1,155.595916
2019-11-24 12:01:00,47.03,47.09,47.03,47.09,575.248293
2019-11-24 12:00:00,47.01,47.03,47,47.02,115.745205
2019-11-24 11:59:00,47.02,47.02,47.02,47.02,84.974893
2019-11-24 11:58:00,46.98,47,46.98,47,106.760494
2019-11-24 11:57:00,46.96,46.98,46.96,46.97,7.850427
2019-11-24 11:56:00,46.96,46.96,46.95,46.95,30.69993
2019-11-24 11:55:00,47.03,47.03,46.94,46.96,2364.738037
2019-11-24 11:54:00,47.06,47.06,47.03,47.03,98.029666
2019-11-24 11:53:00,47.01,47.07,47.01,47.07,125.65063
2019-11-24 11:52:00,47.01,47.03,46.99,47.02,2774.152949
2019-11-24 11:51:00,47.03,47.03,47.02,47.02,19.623297
2019-11-24 11:50:00,47.03,47.05,47.03,47.04,50.991065
2019-11-24 11:49:00,47.08,47.1,47.05,47.05,366.090805
2019-11-24 11:48:00,47.16,47.16,47.11,47.11,173.24084
2019-11-24 11:47:00,47.09,47.16,47.09,47.16,150.334557
2019-11-24 11:46:00,47.03,47.08,47.03,47.08,275.328255
2019-11-24 11:45:00,47.06,47.06,47.01,47.01,32.045111
2019-11-24 11:44:00,47.09,47.09,47.07,47.07,0.641601
2019-11-24 11:43:00,47.1,47.15,47.09,47.09,200.07223
2019-11-24 11:42:00,47.01,47.1,47.01,47.1,371.636539
2019-11-24 11:41:00,47.18,47.18,47.03,47.03,442.055634
2019-11-24 11:40:00,47.24,47.24,47.18,47.18,96.128218
2019-11-24 11:39:00,47.22,47.24,47.22,47.24,144.828796
2019-11-24 11:38:00,47.25,47.25,47.2,47.2,27.97445
2019-11-24 11:37:00,47.21,47.25,47.21,47.25,17.207026
2019-11-24 11:36:00,47.16,47.21,47.16,47.21,16.048321
2019-11-24 11:35:00,47.19,47.21,47.18,47.18,46.299492
2019-11-24 11:34:00,47.2,47.2,47.17,47.17,16.197693
2019-11-24 11:33:00,47.28,47.28,47.2,47.21,224.419984
2019-11-24 11:32:00,47.29,47.32,47.29,47.29,89.322699
2019-11-24 11:31:00,47.26,47.29,47.26,47.29,180.730292
2019-11-24 11:30:00,47.24,47.24,47.24,47.24,6.71
2019-11-24 11:29:00,47.24,47.27,47.24,47.25,22.779674
2019-11-24 11:28:00,47.17,47.23,47.16,47.23,204.487626
2019-11-24 11:27:00,47.17,47.17,47.16,47.16,156.802947
2019-11-24 11:26:00,47.13,47.18,47.11,47.17,683.854298
2019-11-24 11:25:00,47.17,47.17,47.11,47.13,197.586883
2019-11-24 11:24:00,47.19,47.19,47.17,47.17,8.963925
2019-11-24 11:23:00,47.17,47.2,47.17,47.2,43.873023
2019-11-24 11:22:00,47.12,47.17,47.12,47.17,32.603146
2019-11-24 11:21:00,47.12,47.12,47.11,47.12,111.995774
2019-11-24 11:20:00,47.15,47.18,47.13,47.13,385.208046
2019-11-24 11:19:00,47.15,47.15,47.14,47.14,29.113029
2019-11-24 11:18:00,47.15,47.16,47.12,47.14,141.772777
2019-11-24 11:17:00,47.21,47.21,47.18,47.18,12.039796
2019-11-24 11:16:00,47.27,47.27,47.23,47.23,6.986718
2019-11-24 11:15:00,47.33,47.34,47.3,47.3,43.980853
2019-11-24 11:14:00,47.39,47.39,47.34,47.34,75.373363
2019-11-24 11:13:00,47.39,47.39,47.39,47.39,2.494578
2019-11-24 11:12:00,47.38,47.38,47.38,47.38,24.954716
2019-11-24 11:11:00,47.42,47.42,47.37,47.37,119.994586
2019-11-24 11:10:00,47.31,47.41,47.31,47.41,316.167104
2019-11-24 11:09:00,47.34,47.34,47.3,47.31,156.094984
2019-11-24 11:08:00,47.22,47.32,47.22,47.32,485.809347
2019-11-24 11:07:00,47.19,47.22,47.12,47.22,147.611814
2019-11-24 11:06:00,47.26,47.26,47.19,47.19,34.564816
2019-11-24 11:05:00,47.23,47.27,47.23,47.27,27.843564
2019-11-24 11:04:00,47.22,47.22,47.18,47.22,1597.20613
2019-11-24 11:03:00,47.21,47.23,47.2,47.23,123.665979
2019-11-24 11:02:00,47.33,47.33,47.22,47.22,97.06808
2019-11-24 11:01:00,47.24,47.32,47.24,47.32,972.452565
2019-11-24 11:00:00,47.34,47.34,47.24,47.24,276.908774
2019-11-24 10:59:00,47.41,47.41,47.33,47.33,348.682583
2019-11-24 10:58:00,47.42,47.42,47.41,47.41,63.522247
2019-11-24 10:57:00,47.48,47.48,47.42,47.43,200.428569
2019-11-24 10:56:00,47.51,47.53,47.49,47.49,253.893942
2019-11-24 10:55:00,47.57,47.57,47.53,47.53,7.864689
2019-11-24 10:54:00,47.61,47.61,47.58,47.58,13.925048
2019-11-24 10:53:00,47.61,47.61,47.61,47.61,7.59
2019-11-24 10:52:00,47.59,47.61,47.59,47.61,43.168879
2019-11-24 10:51:00,47.57,47.61,47.57,47.61,116.443495
2019-11-24 10:50:00,47.61,47.61,47.59,47.59,23.564209
2019-11-24 10:49:00,47.68,47.68,47.6,47.6,516.581611
2019-11-24 10:48:00,47.68,47.68,47.68,47.68,103.339492
2019-11-24 10:47:00,47.7,47.7,47.7,47.7,0
2019-11-24 10:46:00,47.69,47.7,47.69,47.7,9.69692
2019-11-24 10:45:00,47.7,47.7,47.7,47.7,0
2019-11-24 10:44:00,47.71,47.71,47.7,47.7,101.055229
2019-11-24 10:43:00,47.68,47.68,47.68,47.68,75.276468
2019-11-24 10:42:00,47.66,47.68,47.66,47.68,29.860672
2019-11-24 10:41:00,47.65,47.65,47.65,47.65,132.64493
2019-11-24 10:40:00,47.65,47.65,47.65,47.65,18.195539
2019-11-24 10:39:00,47.64,47.64,47.64,47.64,2.770223
2019-11-24 10:38:00,47.6,47.64,47.6,47.64,68.428781
2019-11-24 10:37:00,47.54,47.6,47.52,47.6,113.933336
2019-11-24 10:36:00,47.55,47.55,47.55,47.55,0.63
2019-11-24 10:35:00,47.53,47.54,47.53,47.54,9.156007
2019-11-24 10:34:00,47.52,47.52,47.52,47.52,5.59585
2019-11-24 10:33:00,47.54,47.54,47.53,47.53,12.301302
2019-11-24 10:32:00,47.55,47.55,47.55,47.55,0.256196
2019-11-24 10:31:00,47.58,47.58,47.55,47.55,43.656662
2019-11-24 10:30:00,47.6,47.6,47.58,47.58,72.712272
2019-11-24 10:29:00,47.62,47.62,47.61,47.61,0.031282
2019-11-24 10:28:00,47.67,47.67,47.64,47.64,18.659277
2019-11-24 10:27:00,47.67,47.68,47.66,47.68,14.571632
2019-11-24 10:26:00,47.68,47.68,47.66,47.66,39.605851
2019-11-24 10:25:00,47.71,47.71,47.68,47.68,93.409218
2019-11-24 10:24:00,47.74,47.74,47.71,47.71,270.132935
2019-11-24 10:23:00,47.73,47.76,47.73,47.76,84.23235
2019-11-24 10:22:00,47.69,47.7,47.68,47.7,127.217533
2019-11-24 10:21:00,47.6,47.68,47.59,47.68,229.499057
2019-11-24 10:20:00,47.62,47.62,47.57,47.6,662.316219
2019-11-24 10:19:00,47.68,47.68,47.62,47.62,115.677433
2019-11-24 10:18:00,47.65,47.68,47.65,47.67,86.827506
2019-11-24 10:17:00,47.58,47.64,47.58,47.64,133.34688
2019-11-24 10:16:00,47.46,47.59,47.46,47.59,671.136231
2019-11-24 10:15:00,47.4,47.47,47.4,47.47,768.132547
2019-11-24 10:14:00,47.33,47.4,47.33,47.4,460.193409
2019-11-24 10:13:00,47.31,47.34,47.31,47.33,187.093815
2019-11-24 10:12:00,47.32,47.32,47.31,47.31,0.494049
2019-11-24 10:11:00,47.31,47.31,47.3,47.3,11.962384
2019-11-24 10:10:00,47.33,47.33,47.3,47.3,231.599976
2019-11-24 10:09:00,47.34,47.34,47.33,47.34,21.292574
2019-11-24 10:08:00,47.31,47.33,47.3,47.33,31.487091
2019-11-24 10:07:00,47.31,47.32,47.3,47.32,182.566769
2019-11-24 10:06:00,47.35,47.35,47.33,47.33,54.409743
2019-11-24 10:05:00,47.35,47.35,47.35,47.35,0.076076
2019-11-24 10:04:00,47.28,47.38,47.28,47.37,141.384799
2019-11-24 10:03:00,47.28,47.28,47.28,47.28,25.758458
2019-11-24 10:02:00,47.27,47.28,47.27,47.28,12.980544
2019-11-24 10:01:00,47.25,47.27,47.25,47.27,110.919709
2019-11-24 10:00:00,47.27,47.28,47.25,47.25,46.505236
2019-11-24 09:59:00,47.24,47.26,47.24,47.26,108.160265
2019-11-24 09:58:00,47.25,47.25,47.24,47.24,44.55541
2019-11-24 09:57:00,47.26,47.27,47.25,47.25,346.477534
2019-11-24 09:56:00,47.25,47.27,47.25,47.26,248.891196
2019-11-24 09:55:00,47.25,47.26,47.22,47.22,371.372943
2019-11-24 09:54:00,47.32,47.32,47.26,47.26,166.694444
2019-11-24 09:53:00,47.3,47.32,47.3,47.32,74.017529
2019-11-24 09:52:00,47.28,47.31,47.28,47.3,114.515495
2019-11-24 09:51:00,47.26,47.27,47.26,47.27,178.212998
2019-11-24 09:50:00,47.27,47.27,47.25,47.26,130.092932
2019-11-24 09:49:00,47.23,47.27,47.23,47.27,78.243268
2019-11-24 09:48:00,47.19,47.21,47.18,47.2,118.218242
2019-11-24 09:47:00,47.18,47.21,47.18,47.21,54.402648
2019-11-24 09:46:00,47.18,47.18,47.18,47.18,2.906121
2019-11-24 09:45:00,47.21,47.21,47.2,47.2,50.621059
2019-11-24 09:44:00,47.16,47.21,47.16,47.21,11.46525
2019-11-24 09:43:00,47.13,47.17,47.13,47.16,260.366406
2019-11-24 09:42:00,47.21,47.21,47.14,47.14,144.622851
2019-11-24 09:41:00,47.11,47.19,47.11,47.19,317.259746
2019-11-24 09:40:00,47.14,47.14,47.1,47.12,103.917486
2019-11-24 09:39:00,47.19,47.19,47.15,47.15,46.920635
2019-11-24 09:38:00,47.16,47.28,47.16,47.18,477.671693
2019-11-24 09:37:00,47.16,47.16,47.1,47.16,180.384174
2019-11-24 09:36:00,47.23,47.23,47.15,47.15,40.269125
2019-11-24 09:35:00,47.26,47.26,47.2,47.22,119.327426
2019-11-24 09:34:00,47.31,47.31,47.26,47.26,9.277808
2019-11-24 09:33:00,47.35,47.35,47.31,47.31,10.110595
2019-11-24 09:32:00,47.39,47.39,47.35,47.35,15.799489
2019-11-24 09:31:00,47.41,47.41,47.39,47.39,117.357731
2019-11-24 09:30:00,47.42,47.42,47.42,47.42,0
2019-11-24 09:29:00,47.42,47.42,47.42,47.42,0
2019-11-24 09:28:00,47.42,47.43,47.42,47.42,29.43535
2019-11-24 09:27:00,47.42,47.42,47.42,47.42,233.981458
2019-11-24 09:26:00,47.43,47.43,47.42,47.42,10.941385
2019-11-24 09:25:00,47.43,47.43,47.43,47.43,36.647948
2019-11-24 09:24:00,47.43,47.44,47.43,47.44,69.526943
2019-11-24 09:23:00,47.44,47.44,47.44,47.44,0.933438
2019-11-24 09:22:00,47.45,47.47,47.45,47.47,45.815124
2019-11-24 09:21:00,47.47,47.47,47.43,47.43,84.414708
2019-11-24 09:20:00,47.49,47.5,47.48,47.48,12.879352
2019-11-24 09:19:00,47.45,47.48,47.45,47.48,43.118509
2019-11-24 09:18:00,47.39,47.44,47.39,47.43,72.480044
2019-11-24 09:17:00,47.38,47.38,47.35,47.37,293.673686
2019-11-24 09:16:00,47.42,47.42,47.36,47.37,139.840839
2019-11-24 09:15:00,47.46,47.46,47.46,47.46,0
2019-11-24 09:14:00,47.47,47.49,47.45,47.46,46.181713
2019-11-24 09:13:00,47.51,47.55,47.47,47.47,153.850139
2019-11-24 09:12:00,47.45,47.52,47.45,47.52,29.04384
2019-11-24 09:11:00,47.37,47.46,47.37,47.46,216.535482
2019-11-24 09:10:00,47.34,47.34,47.34,47.34,0
2019-11-24 09:09:00,47.34,47.34,47.34,47.34,0
2019-11-24 09:08:00,47.34,47.34,47.34,47.34,1.558492
2019-11-24 09:07:00,47.34,47.34,47.34,47.34,1.2
2019-11-24 09:06:00,47.32,47.34,47.32,47.34,227.092286
2019-11-24 09:05:00,47.36,47.36,47.35,47.35,389.742897
2019-11-24 09:04:00,47.35,47.36,47.35,47.36,129.217376
2019-11-24 09:03:00,47.45,47.45,47.45,47.45,0
2019-11-24 09:02:00,47.45,47.46,47.42,47.45,170.681525
2019-11-24 09:01:00,47.41,47.46,47.41,47.45,105.289813
2019-11-24 09:00:00,47.41,47.43,47.41,47.43,400.614585
2019-11-24 08:59:00,47.41,47.46,47.41,47.41,243.948099
2019-11-24 08:58:00,47.35,47.41,47.35,47.4,39.276996
2019-11-24 08:57:00,47.33,47.33,47.32,47.33,156.558071
2019-11-24 08:56:00,47.26,47.33,47.26,47.32,137.720333
2019-11-24 08:55:00,47.27,47.28,47.25,47.25,29.767464
2019-11-24 08:54:00,47.3,47.3,47.27,47.28,154.338546
2019-11-24 08:53:00,47.31,47.31,47.26,47.28,256.41597
2019-11-24 08:52:00,47.32,47.32,47.32,47.32,0
2019-11-24 08:51:00,47.34,47.34,47.32,47.32,73.809975
2019-11-24 08:50:00,47.34,47.37,47.31,47.32,202.27437
2019-11-24 08:49:00,47.32,47.41,47.32,47.36,49.079035
2019-11-24 08:48:00,47.23,47.34,47.23,47.34,378.305656
2019-11-24 08:47:00,47.27,47.29,47.24,47.25,157.133418
2019-11-24 08:46:00,47.29,47.3,47.25,47.26,251.362557
2019-11-24 08:45:00,47.31,47.37,47.27,47.32,805.220649
2019-11-24 08:44:00,47.3,47.34,47.2,47.33,1051.108892
2019-11-24 08:43:00,47.39,47.41,47.22,47.3,1080.547065
2019-11-24 08:42:00,47.47,47.47,47.39,47.44,1401.460256
2019-11-24 08:41:00,47.55,47.55,47.45,47.49,427.639254
2019-11-24 08:40:00,47.48,47.54,47.48,47.54,65.45698
2019-11-24 08:39:00,47.47,47.49,47.46,47.46,92.048771
2019-11-24 08:38:00,47.48,47.52,47.42,47.48,864.134631
2019-11-24 08:37:00,47.48,47.54,47.48,47.49,59.937774
2019-11-24 08:36:00,47.53,47.53,47.48,47.48,89.260555
2019-11-24 08:35:00,47.58,47.58,47.56,47.57,212.626707
2019-11-24 08:34:00,47.67,47.67,47.58,47.58,111.087309
2019-11-24 08:33:00,47.75,47.76,47.66,47.67,70.049721
2019-11-24 08:32:00,47.78,47.81,47.75,47.75,56.150484
2019-11-24 08:31:00,47.72,47.76,47.72,47.76,58.24486
2019-11-24 08:30:00,47.7,47.74,47.69,47.72,715.148793
2019-11-24 08:29:00,47.61,47.69,47.56,47.69,1583.10256
2019-11-24 08:28:00,47.45,47.8,47.44,47.61,11434.983509
2019-11-24 08:27:00,47.76,47.76,47.45,47.45,2235.653549
2019-11-24 08:26:00,47.84,47.84,47.77,47.77,142.609703
2019-11-24 08:25:00,47.87,47.87,47.85,47.85,112.778497
2019-11-24 08:24:00,47.92,47.92,47.91,47.91,186.353967
2019-11-24 08:23:00,47.89,47.91,47.88,47.91,40.75264
2019-11-24 08:22:00,47.91,47.91,47.88,47.88,44.525293
2019-11-24 08:21:00,47.81,47.9,47.81,47.9,423.704402
2019-11-24 08:20:00,47.87,47.91,47.81,47.81,171.649518
2019-11-24 08:19:00,47.93,47.96,47.83,47.87,133.475001
2019-11-24 08:18:00,47.93,47.93,47.92,47.93,74.644811
2019-11-24 08:17:00,47.95,47.98,47.93,47.95,482.594165
2019-11-24 08:16:00,48.03,48.03,47.95,47.96,145.533633
2019-11-24 08:15:00,48,48.07,47.99,48.04,150.234439
2019-11-24 08:14:00,48.08,48.08,48.01,48.01,46.702185
2019-11-24 08:13:00,48.06,48.12,48.06,48.08,176.984158
2019-11-24 08:12:00,48.04,48.08,48.04,48.07,230.642111
2019-11-24 08:11:00,48.06,48.07,48.01,48.05,180.696081
2019-11-24 08:10:00,48,48.07,47.95,48.07,437.206905
2019-11-24 08:09:00,48.09,48.09,48.02,48.03,40.337591
2019-11-24 08:08:00,48.1,48.1,48.07,48.1,79.577916
2019-11-24 08:07:00,48.1,48.15,48.1,48.11,956.068681
2019-11-24 08:06:00,48.12,48.15,48.1,48.1,364.150864
2019-11-24 08:05:00,48.19,48.19,48.14,48.14,127.327956
2019-11-24 08:04:00,48.2,48.2,48.18,48.19,51.187721
2019-11-24 08:03:00,48.19,48.19,48.14,48.19,65.902328
2019-11-24 08:02:00,48.19,48.24,48.19,48.19,92.339242
2019-11-24 08:01:00,48.13,48.18,48.13,48.18,114.346704
2019-11-24 08:00:00,48.09,48.14,48.09,48.14,318.107188
2019-11-24 07:59:00,48.06,48.08,48.06,48.08,138.534821
2019-11-24 07:58:00,48.09,48.11,48.08,48.08,27.274753
2019-11-24 07:57:00,48.1,48.1,48.1,48.1,0.033348
2019-11-24 07:56:00,48.12,48.12,48.12,48.12,17.189364
2019-11-24 07:55:00,48.13,48.13,48.1,48.1,21.772827
2019-11-24 07:54:00,48.13,48.13,48.13,48.13,5.654517
2019-11-24 07:53:00,48.15,48.15,48.13,48.13,0.497273
2019-11-24 07:52:00,48.15,48.15,48.15,48.15,0
2019-11-24 07:51:00,48.15,48.15,48.15,48.15,60
2019-11-24 07:50:00,48.13,48.13,48.13,48.13,0.88729
2019-11-24 07:49:00,48.12,48.12,48.12,48.12,0.49068
2019-11-24 07:48:00,48.06,48.09,48.06,48.08,101.151628
2019-11-24 07:47:00,48.09,48.09,48.06,48.06,24.949473
2019-11-24 07:46:00,48.12,48.12,48.1,48.1,31.837864
2019-11-24 07:45:00,48.16,48.16,48.16,48.16,0.000006
2019-11-24 07:44:00,48.14,48.17,48.14,48.16,0.586226
2019-11-24 07:43:00,48.13,48.16,48.11,48.15,220.488223
2019-11-24 07:42:00,48.07,48.13,48.07,48.13,104.60607
2019-11-24 07:41:00,48.07,48.08,48.05,48.06,119.910573
2019-11-24 07:40:00,48.12,48.12,48.04,48.05,40.169261
2019-11-24 07:39:00,48.13,48.13,48.11,48.13,10.793175
2019-11-24 07:38:00,48.14,48.14,48.13,48.13,3.05086
2019-11-24 07:37:00,48.16,48.16,48.14,48.14,4.435508
2019-11-24 07:36:00,48.17,48.17,48.17,48.17,0
2019-11-24 07:35:00,48.16,48.17,48.13,48.17,70.705152
2019-11-24 07:34:00,48.15,48.17,48.15,48.17,62.974072
2019-11-24 07:33:00,48.16,48.16,48.07,48.1,327.22315
2019-11-24 07:32:00,48.11,48.17,48.11,48.17,31.295872
2019-11-24 07:31:00,48.02,48.1,48.02,48.09,6.560651
2019-11-24 07:30:00,48.05,48.05,48.03,48.03,4.029674
2019-11-24 07:29:00,48.04,48.04,48.02,48.02,41.784122
2019-11-24 07:28:00,48.03,48.03,48.03,48.03,0.006799
2019-11-24 07:27:00,48.05,48.07,48.05,48.05,169.641644
2019-11-24 07:26:00,48.02,48.02,48.02,48.02,0
2019-11-24 07:25:00,48.06,48.06,47.99,48.02,198.785666
2019-11-24 07:24:00,48.1,48.1,48.07,48.07,68.552531
2019-11-24 07:23:00,48.17,48.17,48.11,48.11,5.018332
2019-11-24 07:22:00,48.15,48.15,48.12,48.15,5.168597
2019-11-24 07:21:00,48.12,48.12,48.12,48.12,0
2019-11-24 07:20:00,48.12,48.12,48.12,48.12,0.0034
2019-11-24 07:19:00,48.1,48.14,48.1,48.14,212.460905
2019-11-24 07:18:00,48.15,48.15,48.09,48.1,14.37192
2019-11-24 07:17:00,48.14,48.17,48.14,48.15,132.609749
2019-11-24 07:16:00,48.18,48.18,48.1,48.13,86.078821
2019-11-24 07:15:00,48.2,48.2,48.2,48.2,14.698546
2019-11-24 07:14:00,48.19,48.22,48.17,48.18,120.805963
2019-11-24 07:13:00,48.14,48.2,48.13,48.19,195.246039
2019-11-24 07:12:00,48.12,48.14,48.12,48.13,221.692471
2019-11-24 07:11:00,48.09,48.13,48.09,48.11,111.707359
2019-11-24 07:10:00,48.04,48.1,48.04,48.09,491.995898
2019-11-24 07:09:00,48.01,48.04,48,48.04,146.949013
2019-11-24 07:08:00,48,48.03,48,48.02,292.891184
2019-11-24 07:07:00,47.98,48,47.97,48,113.712296
2019-11-24 07:06:00,47.96,47.97,47.96,47.97,13.52985
2019-11-24 07:05:00,47.95,47.98,47.95,47.97,289.094027
2019-11-24 07:04:00,47.94,47.95,47.93,47.95,46.938074
2019-11-24 07:03:00,47.91,47.94,47.91,47.94,61.043309
2019-11-24 07:02:00,47.89,47.91,47.89,47.91,52.44367
2019-11-24 07:01:00,47.88,47.89,47.88,47.88,369.011509
2019-11-24 07:00:00,47.9,47.92,47.88,47.88,113.318108
2019-11-24 06:59:00,47.91,47.91,47.91,47.91,20.343219
2019-11-24 06:58:00,47.92,47.92,47.9,47.9,61.883967
2019-11-24 06:57:00,47.92,47.92,47.91,47.92,20.7676
2019-11-24 06:56:00,47.94,47.94,47.94,47.94,25.48455
2019-11-24 06:55:00,47.95,47.95,47.95,47.95,28.34834
2019-11-24 06:54:00,47.97,47.97,47.95,47.96,80.609708
2019-11-24 06:53:00,47.97,47.97,47.97,47.97,148.984576
2019-11-24 06:52:00,47.96,47.96,47.96,47.96,3.29135
2019-11-24 06:51:00,47.97,47.97,47.95,47.96,152.836493
2019-11-24 06:50:00,48.04,48.04,47.94,47.96,161.777101
2019-11-24 06:49:00,48.09,48.09,48.04,48.04,49.434945
2019-11-24 06:48:00,48.06,48.1,48.06,48.1,39.788244
2019-11-24 06:47:00,48.04,48.04,48.04,48.04,57.163698
2019-11-24 06:46:00,48.04,48.04,48.03,48.03,121.43738
2019-11-24 06:45:00,48.03,48.05,48.03,48.05,16.803795
2019-11-24 06:44:00,48.02,48.04,48.02,48.03,3.498728
2019-11-24 06:43:00,47.97,48,47.97,47.99,105.594438
2019-11-24 06:42:00,47.96,47.96,47.94,47.96,151.15865
2019-11-24 06:41:00,47.96,47.96,47.96,47.96,0
2019-11-24 06:40:00,48,48,47.97,47.98,110.478942
2019-11-24 06:39:00,48.03,48.03,48,48,91.981308
2019-11-24 06:38:00,48.04,48.04,48.04,48.04,9.052931
2019-11-24 06:37:00,48.04,48.08,48.04,48.06,92.371725
2019-11-24 06:36:00,48.01,48.03,48.01,48.03,75.251162
2019-11-24 06:35:00,47.98,47.99,47.98,47.99,26.023457
2019-11-24 06:34:00,47.99,48,47.98,47.98,26.014421
2019-11-24 06:33:00,47.99,47.99,47.98,47.99,33.813954
2019-11-24 06:32:00,48.01,48.01,47.99,47.99,107.123251
2019-11-24 06:31:00,48.03,48.03,48.02,48.02,21.765331
2019-11-24 06:30:00,48.03,48.03,48.03,48.03,0.124538
2019-11-24 06:29:00,47.99,48.03,47.99,48.03,117.342149
2019-11-24 06:28:00,47.99,47.99,47.99,47.99,0.002718
2019-11-24 06:27:00,47.89,47.99,47.89,47.99,183.516344
2019-11-24 06:26:00,47.88,47.88,47.88,47.88,18.347288
2019-11-24 06:25:00,47.88,47.88,47.88,47.88,0
2019-11-24 06:24:00,47.88,47.88,47.87,47.88,45.791962
2019-11-24 06:23:00,47.89,47.89,47.89,47.89,0
2019-11-24 06:22:00,47.89,47.9,47.89,47.89,4.798166
2019-11-24 06:21:00,47.88,47.91,47.88,47.89,200.758811
2019-11-24 06:20:00,47.82,47.9,47.82,47.88,330.177484
2019-11-24 06:19:00,47.81,47.81,47.81,47.81,29.008352
2019-11-24 06:18:00,47.81,47.82,47.81,47.81,79.157197
2019-11-24 06:17:00,47.76,47.81,47.76,47.81,35.915073
2019-11-24 06:16:00,47.76,47.76,47.76,47.76,0
2019-11-24 06:15:00,47.76,47.76,47.76,47.76,0.1254
2019-11-24 06:14:00,47.75,47.76,47.75,47.76,2.911279
2019-11-24 06:13:00,47.74,47.74,47.74,47.74,60.482952
2019-11-24 06:12:00,47.71,47.73,47.71,47.73,50.773603
2019-11-24 06:11:00,47.7,47.7,47.7,47.7,9.342884
2019-11-24 06:10:00,47.68,47.7,47.68,47.7,4.167335
2019-11-24 06:09:00,47.67,47.68,47.67,47.68,26.251102
2019-11-24 06:08:00,47.63,47.67,47.63,47.66,46.268042
2019-11-24 06:07:00,47.63,47.63,47.63,47.63,0.012565
2019-11-24 06:06:00,47.63,47.63,47.63,47.63,3.075652
2019-11-24 06:05:00,47.63,47.63,47.63,47.63,0.547785
2019-11-24 06:04:00,47.63,47.63,47.63,47.63,0.077744
2019-11-24 06:03:00,47.63,47.63,47.63,47.63,0.00846
2019-11-24 06:02:00,47.63,47.63,47.63,47.63,0.007715
2019-11-24 06:01:00,47.63,47.63,47.63,47.63,0.012025
2019-11-24 06:00:00,47.64,47.64,47.62,47.63,96.492197
2019-11-24 05:59:00,47.61,47.64,47.6,47.64,29.749595
2019-11-24 05:58:00,47.59,47.62,47.59,47.62,253.223203
2019-11-24 05:57:00,47.59,47.59,47.59,47.59,0.817462
2019-11-24 05:56:00,47.57,47.57,47.57,47.57,39.655338
2019-11-24 05:55:00,47.56,47.56,47.56,47.56,0
2019-11-24 05:54:00,47.56,47.56,47.56,47.56,0.34977
2019-11-24 05:53:00,47.56,47.56,47.56,47.56,0.34989
2019-11-24 05:52:00,47.54,47.55,47.54,47.55,143.056918
2019-11-24 05:51:00,47.62,47.64,47.53,47.53,647.597336
2019-11-24 05:50:00,47.59,47.64,47.58,47.58,100.94446
2019-11-24 05:49:00,47.53,47.59,47.53,47.59,82.079975
2019-11-24 05:48:00,47.48,47.53,47.48,47.53,19.128487
2019-11-24 05:47:00,47.47,47.47,47.47,47.47,0
2019-11-24 05:46:00,47.47,47.47,47.47,47.47,0.16
2019-11-24 05:45:00,47.47,47.47,47.47,47.47,0.016414
2019-11-24 05:44:00,47.43,47.47,47.43,47.47,149.89593
2019-11-24 05:43:00,47.48,47.48,47.45,47.45,33.814751
2019-11-24 05:42:00,47.5,47.5,47.49,47.49,292.062861
2019-11-24 05:41:00,47.51,47.51,47.5,47.5,3.263562
2019-11-24 05:40:00,47.49,47.49,47.49,47.49,3.907242
2019-11-24 05:39:00,47.49,47.5,47.48,47.5,72.200651
2019-11-24 05:38:00,47.49,47.49,47.49,47.49,41.313505
2019-11-24 05:37:00,47.49,47.49,47.49,47.49,148.151774
2019-11-24 05:36:00,47.49,47.49,47.49,47.49,0.84155
2019-11-24 05:35:00,47.43,47.48,47.43,47.48,59.149659
2019-11-24 05:34:00,47.44,47.44,47.43,47.43,51.109224
2019-11-24 05:33:00,47.44,47.44,47.44,47.44,0
2019-11-24 05:32:00,47.42,47.42,47.42,47.42,168.020837
2019-11-24 05:31:00,47.39,47.41,47.39,47.41,164.643075
2019-11-24 05:30:00,47.36,47.36,47.36,47.36,58.1763
2019-11-24 05:29:00,47.4,47.4,47.38,47.38,4.235659
2019-11-24 05:28:00,47.4,47.42,47.4,47.42,34.905475
2019-11-24 05:27:00,47.43,47.43,47.4,47.4,45.007227
2019-11-24 05:26:00,47.46,47.46,47.44,47.44,83.749763
2019-11-24 05:25:00,47.48,47.48,47.48,47.48,1.067302
2019-11-24 05:24:00,47.51,47.51,47.5,47.5,0.460367
2019-11-24 05:23:00,47.59,47.59,47.51,47.51,95.75131
2019-11-24 05:22:00,47.56,47.57,47.55,47.57,83.301861
2019-11-24 05:21:00,47.53,47.55,47.53,47.55,100.101577
2019-11-24 05:20:00,47.44,47.5,47.44,47.5,27.786106
2019-11-24 05:19:00,47.47,47.47,47.43,47.43,10.468149
2019-11-24 05:18:00,47.4,47.45,47.39,47.45,79.776395
2019-11-24 05:17:00,47.42,47.43,47.41,47.41,47.499916
2019-11-24 05:16:00,47.47,47.48,47.42,47.42,131.597766
2019-11-24 05:15:00,47.55,47.55,47.48,47.48,245.262716
2019-11-24 05:14:00,47.64,47.64,47.56,47.56,169.665714
2019-11-24 05:13:00,47.62,47.64,47.61,47.61,21.215757
2019-11-24 05:12:00,47.58,47.62,47.58,47.62,10.581536
2019-11-24 05:11:00,47.56,47.56,47.54,47.56,10.750233
2019-11-24 05:10:00,47.57,47.58,47.56,47.56,33.244607
2019-11-24 05:09:00,47.59,47.59,47.56,47.57,50.632022
2019-11-24 05:08:00,47.63,47.63,47.59,47.59,90.622449
2019-11-24 05:07:00,47.64,47.64,47.61,47.63,0.253974
2019-11-24 05:06:00,47.71,47.71,47.63,47.64,112.270005
2019-11-24 05:05:00,47.73,47.73,47.72,47.72,40.997406
2019-11-24 05:04:00,47.74,47.74,47.73,47.73,26.792532
2019-11-24 05:03:00,47.72,47.72,47.72,47.72,60.187422
2019-11-24 05:02:00,47.72,47.73,47.72,47.72,127.5711
2019-11-24 05:01:00,47.72,47.73,47.71,47.73,17.801885
2019-11-24 05:00:00,47.7,47.73,47.7,47.73,42.54085
2019-11-24 04:59:00,47.71,47.71,47.68,47.69,37.380315
2019-11-24 04:58:00,47.73,47.73,47.73,47.73,0
2019-11-24 04:57:00,47.66,47.73,47.66,47.73,135.178689
2019-11-24 04:56:00,47.68,47.68,47.67,47.67,42.25709
2019-11-24 04:55:00,47.7,47.7,47.7,47.7,70.311198
2019-11-24 04:54:00,47.76,47.77,47.73,47.73,11.569578
2019-11-24 04:53:00,47.77,47.77,47.75,47.76,0.41315
2019-11-24 04:52:00,47.78,47.78,47.77,47.78,236.306327
2019-11-24 04:51:00,47.78,47.8,47.78,47.78,54.322481
2019-11-24 04:50:00,47.73,47.77,47.73,47.77,56.532507
2019-11-24 04:49:00,47.71,47.74,47.71,47.73,303.306346
2019-11-24 04:48:00,47.64,47.72,47.64,47.7,40.53611
2019-11-24 04:47:00,47.6,47.65,47.6,47.64,400.584299
2019-11-24 04:46:00,47.59,47.6,47.59,47.6,68.854806
2019-11-24 04:45:00,47.55,47.56,47.55,47.56,66.707854
2019-11-24 04:44:00,47.55,47.58,47.55,47.57,2.368474
2019-11-24 04:43:00,47.52,47.63,47.52,47.56,220.736283
2019-11-24 04:42:00,47.56,47.56,47.52,47.52,51.643625
2019-11-24 04:41:00,47.6,47.61,47.53,47.54,224.535026
2019-11-24 04:40:00,47.7,47.71,47.6,47.62,497.148947
2019-11-24 04:39:00,47.75,47.76,47.67,47.67,214.792692
2019-11-24 04:38:00,47.71,47.76,47.67,47.76,418.372688
2019-11-24 04:37:00,47.74,47.76,47.71,47.71,594.745522
2019-11-24 04:36:00,47.73,47.75,47.73,47.73,2.038479
2019-11-24 04:35:00,47.75,47.75,47.74,47.74,179.917741
2019-11-24 04:34:00,47.73,47.78,47.73,47.76,54.558126
2019-11-24 04:33:00,47.71,47.71,47.7,47.7,56.283067
2019-11-24 04:32:00,47.74,47.75,47.69,47.7,71.45418
2019-11-24 04:31:00,47.8,47.8,47.74,47.74,674.047642
2019-11-24 04:30:00,47.84,47.84,47.79,47.8,133.048083
2019-11-24 04:29:00,47.84,47.84,47.83,47.83,71.676986
2019-11-24 04:28:00,47.8,47.87,47.8,47.84,94.832695
2019-11-24 04:27:00,47.83,47.86,47.83,47.85,157.894681
2019-11-24 04:26:00,47.86,47.87,47.83,47.83,57.234341
2019-11-24 04:25:00,47.82,47.88,47.82,47.88,120.734785
2019-11-24 04:24:00,47.8,47.82,47.79,47.81,50.425187
2019-11-24 04:23:00,47.79,47.81,47.76,47.78,331.435718
2019-11-24 04:22:00,47.77,47.83,47.77,47.83,13.719525
2019-11-24 04:21:00,47.81,47.81,47.75,47.77,94.635604
2019-11-24 04:20:00,47.78,47.85,47.76,47.81,189.023576
2019-11-24 04:19:00,47.76,47.8,47.74,47.76,62.397711
2019-11-24 04:18:00,47.73,47.76,47.66,47.75,93.080886
2019-11-24 04:17:00,47.64,47.74,47.64,47.74,137.204396
2019-11-24 04:16:00,47.62,47.65,47.58,47.65,453.314759
2019-11-24 04:15:00,47.69,47.69,47.59,47.62,1024.874753
2019-11-24 04:14:00,47.73,47.74,47.69,47.72,290.525236
2019-11-24 04:13:00,47.74,47.78,47.73,47.73,47.63095
2019-11-24 04:12:00,47.79,47.79,47.75,47.75,94.181968
2019-11-24 04:11:00,47.81,47.83,47.81,47.81,25.075833
2019-11-24 04:10:00,47.88,47.88,47.87,47.87,0.2694
2019-11-24 04:09:00,47.85,47.87,47.83,47.87,83.718831
2019-11-24 04:08:00,47.83,47.86,47.83,47.85,114.277255
2019-11-24 04:07:00,47.74,47.83,47.74,47.83,179.795184
2019-11-24 04:06:00,47.81,47.81,47.74,47.75,131.09495
2019-11-24 04:05:00,47.8,47.83,47.8,47.82,30.256361
2019-11-24 04:04:00,47.78,47.8,47.74,47.8,46.495241
2019-11-24 04:03:00,47.8,47.81,47.73,47.78,266.122414
2019-11-24 04:02:00,47.86,47.86,47.8,47.8,8.665633
2019-11-24 04:01:00,47.88,47.93,47.85,47.85,235.604121
2019-11-24 04:00:00,47.81,47.87,47.81,47.86,301.112536
2019-11-24 03:59:00,47.79,47.82,47.77,47.82,83.278598
2019-11-24 03:58:00,47.77,47.79,47.74,47.79,293.608269
2019-11-24 03:57:00,47.85,47.85,47.76,47.77,186.640488
2019-11-24 03:56:00,47.83,47.91,47.83,47.86,93.06886
2019-11-24 03:55:00,47.84,47.89,47.83,47.83,344.779409
2019-11-24 03:54:00,47.93,47.93,47.84,47.84,535.164217
2019-11-24 03:53:00,47.98,47.98,47.93,47.93,470.329836
2019-11-24 03:52:00,48.01,48.01,47.86,48,982.274216
2019-11-24 03:51:00,48.02,48.02,47.94,48,554.21322
2019-11-24 03:50:00,48.04,48.05,48.03,48.03,48.877952
2019-11-24 03:49:00,48.06,48.06,48.04,48.04,5.075765
2019-11-24 03:48:00,48.06,48.06,48.06,48.06,0
2019-11-24 03:47:00,48.06,48.06,48.06,48.06,4.7067
2019-11-24 03:46:00,48.04,48.04,48.04,48.04,0.01071
2019-11-24 03:45:00,48.05,48.06,48.05,48.06,26.071056
2019-11-24 03:44:00,48.03,48.05,48.03,48.05,9.279407
2019-11-24 03:43:00,48.03,48.04,48.03,48.03,47.721073
2019-11-24 03:42:00,48.04,48.05,48.03,48.03,58.721971
2019-11-24 03:41:00,48.06,48.06,48.01,48.02,134.852124
2019-11-24 03:40:00,48.07,48.07,48.06,48.06,0.71435
2019-11-24 03:39:00,48.07,48.07,48.06,48.07,44.289846
2019-11-24 03:38:00,48.07,48.07,48.06,48.06,8.518269
2019-11-24 03:37:00,48.09,48.09,48.07,48.07,125.477964
2019-11-24 03:36:00,48.04,48.08,48.04,48.06,21.88783
2019-11-24 03:35:00,48.03,48.05,48.03,48.05,16.04057
2019-11-24 03:34:00,48.07,48.07,48.02,48.03,115.762456
2019-11-24 03:33:00,48.08,48.08,48.08,48.08,0
2019-11-24 03:32:00,48.09,48.09,48.08,48.08,13.465404
2019-11-24 03:31:00,48.09,48.09,48.09,48.09,0.30157
2019-11-24 03:30:00,48.06,48.11,48.06,48.09,61.137643
2019-11-24 03:29:00,48.07,48.07,48.07,48.07,0.2
2019-11-24 03:28:00,48.05,48.07,48.05,48.07,14.333635
2019-11-24 03:27:00,48.05,48.05,48.05,48.05,9.353771
2019-11-24 03:26:00,48.09,48.09,48.06,48.06,2.188163
2019-11-24 03:25:00,48.11,48.11,48.11,48.11,20.98362
2019-11-24 03:24:00,48.14,48.14,48.13,48.13,138.895315
2019-11-24 03:23:00,48.19,48.19,48.17,48.17,18.819768
2019-11-24 03:22:00,48.19,48.2,48.19,48.2,80.72971
2019-11-24 03:21:00,48.15,48.19,48.12,48.18,520.660508
2019-11-24 03:20:00,48.16,48.16,48.1,48.12,213.313861
2019-11-24 03:19:00,48.1,48.14,48.09,48.14,163.582113
2019-11-24 03:18:00,48.1,48.1,48.08,48.1,81.324314
2019-11-24 03:17:00,48.1,48.11,48.1,48.11,23.354018
2019-11-24 03:16:00,48.1,48.11,48.1,48.1,53.898025
2019-11-24 03:15:00,48.09,48.13,48.09,48.11,91.660797
2019-11-24 03:14:00,48.07,48.07,48.02,48.07,152.213772
2019-11-24 03:13:00,48.06,48.1,48.06,48.06,82.058268
2019-11-24 03:12:00,48.06,48.07,48.06,48.07,0.876852
2019-11-24 03:11:00,48.07,48.07,48.06,48.06,4.304724
2019-11-24 03:10:00,48.07,48.08,48.06,48.07,145.210597
2019-11-24 03:09:00,48.11,48.11,48.06,48.08,750.355482
2019-11-24 03:08:00,48.09,48.14,48.07,48.11,279.573133
2019-11-24 03:07:00,48.14,48.14,48.09,48.09,281.999675
2019-11-24 03:06:00,48.04,48.14,48.04,48.14,300.130183
2019-11-24 03:05:00,48.17,48.17,48.07,48.07,466.998885
2019-11-24 03:04:00,48.17,48.17,48.11,48.16,156.752407
2019-11-24 03:03:00,48.13,48.14,48.1,48.14,204.282778
2019-11-24 03:02:00,48.16,48.19,48.13,48.13,27.963989
2019-11-24 03:01:00,48.19,48.21,48.19,48.19,626.554004
2019-11-24 03:00:00,48.11,48.21,48.11,48.2,213.76425
2019-11-24 02:59:00,48.1,48.1,48.04,48.1,715.278786
2019-11-24 02:58:00,48.12,48.12,48.11,48.11,69.057105
2019-11-24 02:57:00,48.15,48.15,48.12,48.12,125.011905
2019-11-24 02:56:00,48.13,48.16,48.13,48.16,355.256858
2019-11-24 02:55:00,48.17,48.17,48.14,48.14,185.648428
2019-11-24 02:54:00,48.17,48.22,48.16,48.16,36.742139
2019-11-24 02:53:00,48.24,48.24,48.15,48.15,924.128769
2019-11-24 02:52:00,48.29,48.29,48.22,48.22,494.919543
2019-11-24 02:51:00,48.14,48.29,48.14,48.29,299.702696
2019-11-24 02:50:00,48.13,48.14,48.12,48.14,389.607778
2019-11-24 02:49:00,48.09,48.15,48.09,48.13,90.007635
2019-11-24 02:48:00,48.09,48.09,48.07,48.08,95.328823
2019-11-24 02:47:00,48.07,48.07,48.05,48.06,442.262985
2019-11-24 02:46:00,48.08,48.11,48.08,48.08,350.802091
2019-11-24 02:45:00,48.03,48.08,48.03,48.08,490.760201
2019-11-24 02:44:00,48.04,48.05,48.03,48.03,219.896233
2019-11-24 02:43:00,47.99,48.02,47.99,48.02,87.13163
2019-11-24 02:42:00,47.99,48.02,47.99,48.01,154.116515
2019-11-24 02:41:00,47.98,48.01,47.98,48,84.70906
2019-11-24 02:40:00,48.01,48.02,47.98,47.98,81.825416
2019-11-24 02:39:00,48.06,48.08,48.01,48.01,65.304822
2019-11-24 02:38:00,48.03,48.03,48.03,48.03,0
2019-11-24 02:37:00,48.04,48.04,48,48.03,106.910038
2019-11-24 02:36:00,48.07,48.1,48.05,48.06,290.565863
2019-11-24 02:35:00,48.01,48.06,48.01,48.06,109.780817
2019-11-24 02:34:00,48.01,48.01,48.01,48.01,0.12111
2019-11-24 02:33:00,48.01,48.01,48.01,48.01,0.251724
2019-11-24 02:32:00,48.01,48.01,47.97,48.01,89.657988
2019-11-24 02:31:00,47.97,48,47.97,48,17.592224
2019-11-24 02:30:00,47.93,47.97,47.92,47.96,787.755974
2019-11-24 02:29:00,48.02,48.02,47.94,47.94,447.055076
2019-11-24 02:28:00,47.97,48.03,47.97,48.03,148.199278
2019-11-24 02:27:00,48,48,48,48,0.2
2019-11-24 02:26:00,48.02,48.02,47.95,47.96,247.170189
2019-11-24 02:25:00,47.98,48.01,47.97,48.01,11.34507
2019-11-24 02:24:00,47.97,47.99,47.97,47.99,44.582035
2019-11-24 02:23:00,47.95,47.98,47.95,47.98,0.645639
2019-11-24 02:22:00,47.98,47.98,47.94,47.94,2.56455
2019-11-24 02:21:00,47.95,47.96,47.94,47.96,23.648879
2019-11-24 02:20:00,47.96,47.96,47.96,47.96,0.00204
2019-11-24 02:19:00,48,48,47.98,47.98,332.277149
2019-11-24 02:18:00,47.94,47.94,47.94,47.94,0
2019-11-24 02:17:00,47.96,47.96,47.93,47.94,69.240196
2019-11-24 02:16:00,47.91,47.91,47.91,47.91,0
2019-11-24 02:15:00,47.92,47.92,47.91,47.91,491.159956
2019-11-24 02:14:00,47.92,47.92,47.9,47.91,138.020838
2019-11-24 02:13:00,47.96,47.96,47.92,47.92,110.983732
2019-11-24 02:12:00,47.94,47.95,47.94,47.95,58.453799
2019-11-24 02:11:00,47.93,47.95,47.93,47.95,8.785241
2019-11-24 02:10:00,47.94,47.94,47.93,47.93,1.509765
2019-11-24 02:09:00,47.92,47.94,47.92,47.94,259.108138
2019-11-24 02:08:00,47.92,47.94,47.92,47.93,110.779916
2019-11-24 02:07:00,47.97,47.97,47.91,47.95,604.100082
2019-11-24 02:06:00,47.96,48.02,47.96,47.98,245.197946
2019-11-24 02:05:00,47.98,48,47.96,47.96,118.735305
2019-11-24 02:04:00,47.98,47.98,47.97,47.98,12.50567
2019-11-24 02:03:00,47.9,47.97,47.9,47.96,115.420632
2019-11-24 02:02:00,47.89,47.91,47.89,47.9,671.026367
2019-11-24 02:01:00,47.95,47.98,47.86,47.91,243.536493
2019-11-24 02:00:00,48,48,47.9,47.95,213.265733
2019-11-24 01:59:00,48.02,48.06,48,48,383.229219
2019-11-24 01:58:00,48.02,48.07,48.02,48.03,246.19576
2019-11-24 01:57:00,47.95,48.02,47.95,48.01,222.437772
2019-11-24 01:56:00,47.92,47.95,47.92,47.95,0.660596
2019-11-24 01:55:00,47.89,47.94,47.87,47.94,140.879479
2019-11-24 01:54:00,47.94,47.94,47.88,47.89,175.925036
2019-11-24 01:53:00,47.91,47.96,47.91,47.95,522.271904
2019-11-24 01:52:00,47.96,47.99,47.91,47.91,126.406102
2019-11-24 01:51:00,47.88,47.96,47.87,47.96,21.506354
2019-11-24 01:50:00,47.85,47.88,47.85,47.88,78.551308
2019-11-24 01:49:00,47.86,47.9,47.86,47.86,241.180676
2019-11-24 01:48:00,47.89,47.89,47.86,47.89,65.00892
2019-11-24 01:47:00,47.94,47.95,47.92,47.92,92.606175
2019-11-24 01:46:00,48,48.02,47.94,47.94,198.240583
2019-11-24 01:45:00,48.06,48.06,48,48,24.638192
2019-11-24 01:44:00,47.97,48.06,47.96,48.06,43.669976
2019-11-24 01:43:00,48.04,48.04,47.94,47.94,78.140656
2019-11-24 01:42:00,48.05,48.06,48.04,48.05,267.276645
2019-11-24 01:41:00,48.06,48.08,47.99,48.08,872.795342
2019-11-24 01:40:00,48.13,48.13,48.08,48.08,193.0376
2019-11-24 01:39:00,48.23,48.23,48.16,48.16,31.030631
2019-11-24 01:38:00,48.26,48.26,48.26,48.26,4.567999
2019-11-24 01:37:00,48.23,48.25,48.23,48.25,66.078464
2019-11-24 01:36:00,48.28,48.28,48.25,48.25,145.96425
2019-11-24 01:35:00,48.33,48.34,48.3,48.3,50.527762
2019-11-24 01:34:00,48.28,48.34,48.28,48.34,78.965235
2019-11-24 01:33:00,48.29,48.33,48.25,48.31,142.03582
2019-11-24 01:32:00,48.26,48.38,48.26,48.3,367.834868
2019-11-24 01:31:00,48.25,48.4,48.25,48.27,696.113633
2019-11-24 01:30:00,48.17,48.31,48.17,48.24,658.362675
2019-11-24 01:29:00,48.09,48.17,48.08,48.17,555.689244
2019-11-24 01:28:00,48.04,48.1,48.04,48.1,157.683934
2019-11-24 01:27:00,48.08,48.08,48.04,48.04,187.609243
2019-11-24 01:26:00,48.13,48.13,48.07,48.08,486.356774
2019-11-24 01:25:00,48.09,48.17,48.09,48.14,260.888217
2019-11-24 01:24:00,48.14,48.15,48.08,48.08,76.585427
2019-11-24 01:23:00,48.08,48.15,48.07,48.15,99.064381
2019-11-24 01:22:00,48.06,48.08,48.03,48.08,339.883087
2019-11-24 01:21:00,47.98,48.06,47.98,48.06,136.839536
2019-11-24 01:20:00,47.98,47.98,47.96,47.97,124.321758
2019-11-24 01:19:00,47.9,47.98,47.9,47.98,183.891782
2019-11-24 01:18:00,47.91,47.92,47.89,47.9,115.524356
2019-11-24 01:17:00,47.89,47.9,47.87,47.9,53.500415
2019-11-24 01:16:00,47.94,47.95,47.9,47.93,403.770522
2019-11-24 01:15:00,48,48.02,47.95,47.95,162.314234
2019-11-24 01:14:00,47.94,48.01,47.94,48,133.275198
2019-11-24 01:13:00,47.96,47.96,47.92,47.95,500.541023
2019-11-24 01:12:00,47.93,48.03,47.93,48,180.898899
2019-11-24 01:11:00,48.02,48.02,47.93,47.93,133.163553
2019-11-24 01:10:00,48.11,48.11,48.04,48.04,162.420894
2019-11-24 01:09:00,48.08,48.11,48.08,48.1,30.983069
2019-11-24 01:08:00,48.08,48.08,48.04,48.06,90.10663
2019-11-24 01:07:00,48.06,48.11,48.03,48.1,458.774039
2019-11-24 01:06:00,48.02,48.09,48.02,48.06,117.264754
2019-11-24 01:05:00,48.06,48.06,48.02,48.02,179.184491
2019-11-24 01:04:00,48.08,48.13,48.07,48.07,544.174437
2019-11-24 01:03:00,48.08,48.08,48.02,48.08,260.159565
2019-11-24 01:02:00,48.22,48.22,48.09,48.09,272.700117
2019-11-24 01:01:00,48.24,48.24,48.22,48.22,70.59015
2019-11-24 01:00:00,48.19,48.23,48.16,48.23,161.027476
2019-11-24 00:59:00,48.23,48.23,48.16,48.18,347.584193
2019-11-24 00:58:00,48.23,48.23,48.23,48.23,159.46934
2019-11-24 00:57:00,48.2,48.22,48.2,48.21,122.199839
2019-11-24 00:56:00,48.24,48.24,48.2,48.2,28.032552
2019-11-24 00:55:00,48.2,48.27,48.2,48.22,149.174795
2019-11-24 00:54:00,48.24,48.24,48.19,48.19,348.510777
2019-11-24 00:53:00,48.14,48.22,48.14,48.22,340.003559
2019-11-24 00:52:00,48.25,48.25,48.12,48.12,243.322437
2019-11-24 00:51:00,48.28,48.29,48.26,48.26,224.338304
2019-11-24 00:50:00,48.4,48.4,48.28,48.28,59.661685
2019-11-24 00:49:00,48.34,48.39,48.34,48.39,26.818494
2019-11-24 00:48:00,48.35,48.38,48.33,48.33,49.64708
2019-11-24 00:47:00,48.44,48.47,48.37,48.37,114.477076
2019-11-24 00:46:00,48.33,48.41,48.33,48.41,38.940442
2019-11-24 00:45:00,48.27,48.33,48.27,48.33,62.172042
2019-11-24 00:44:00,48.29,48.29,48.2,48.23,296.840924
2019-11-24 00:43:00,48.33,48.33,48.3,48.3,4.065075
2019-11-24 00:42:00,48.41,48.41,48.33,48.33,54.689816
2019-11-24 00:41:00,48.51,48.52,48.42,48.42,245.046105
2019-11-24 00:40:00,48.43,48.51,48.43,48.51,490.174895
2019-11-24 00:39:00,48.46,48.47,48.38,48.43,1001.229537
2019-11-24 00:38:00,48.44,48.54,48.44,48.46,335.364755
2019-11-24 00:37:00,48.42,48.44,48.4,48.44,128.061361
2019-11-24 00:36:00,48.45,48.48,48.41,48.41,380.229384
2019-11-24 00:35:00,48.43,48.45,48.38,48.44,462.096845
2019-11-24 00:34:00,48.33,48.41,48.33,48.39,340.840627
2019-11-24 00:33:00,48.3,48.3,48.27,48.29,299.173779
2019-11-24 00:32:00,48.27,48.31,48.26,48.3,213.777708
2019-11-24 00:31:00,48.29,48.32,48.25,48.25,65.485342
2019-11-24 00:30:00,48.2,48.3,48.2,48.3,470.555584
2019-11-24 00:29:00,48.2,48.23,48.16,48.2,384.069924
2019-11-24 00:28:00,48.33,48.33,48.19,48.23,255.548297
2019-11-24 00:27:00,48.37,48.39,48.25,48.32,665.404123
2019-11-24 00:26:00,48.36,48.53,48.36,48.38,1617.859144
2019-11-24 00:25:00,48.22,48.36,48.22,48.36,1623.858287
2019-11-24 00:24:00,48.18,48.2,48.15,48.2,863.127742
2019-11-24 00:23:00,48.17,48.2,48.15,48.18,50.500094
2019-11-24 00:22:00,48.2,48.2,48.1,48.16,736.648888
2019-11-24 00:21:00,48.23,48.24,48.19,48.21,125.76069
2019-11-24 00:20:00,48.22,48.24,48.21,48.23,344.215695
2019-11-24 00:19:00,48.19,48.29,48.19,48.21,597.562698
2019-11-24 00:18:00,48.15,48.18,48.14,48.18,182.34272
2019-11-24 00:17:00,48.11,48.17,48.11,48.14,600.209779
2019-11-24 00:16:00,48.21,48.21,48.06,48.12,1172.136569
2019-11-24 00:15:00,48.13,48.34,48.11,48.21,3138.172085
2019-11-24 00:14:00,48.2,48.2,48.01,48.13,651.209478
2019-11-24 00:13:00,48.35,48.35,48.2,48.21,359.341655
2019-11-24 00:12:00,48.36,48.37,48.23,48.35,1722.017333
2019-11-24 00:11:00,48.32,48.39,48.3,48.37,591.542173
2019-11-24 00:10:00,48.33,48.47,48.32,48.32,1671.77087
2019-11-24 00:09:00,48.48,48.5,48.28,48.33,1358.703964
2019-11-24 00:08:00,48.18,48.48,48.18,48.48,1799.41759
2019-11-24 00:07:00,48.08,48.19,48.06,48.18,862.384372
2019-11-24 00:06:00,47.98,48.16,47.96,48.1,2553.593729
2019-11-24 00:05:00,47.9,47.98,47.9,47.98,242.197636
2019-11-24 00:04:00,47.83,47.92,47.83,47.9,1541.451667
2019-11-24 00:03:00,47.74,47.85,47.74,47.83,690.259957
2019-11-24 00:02:00,47.77,47.78,47.69,47.75,802.324296
2019-11-24 00:01:00,47.85,47.86,47.77,47.77,252.827204
2019-11-24 00:00:00,47.92,47.95,47.79,47.87,1633.462252
