2019-11-02 23:59:00,58.45,58.5,58.44,58.5,228.011815
2019-11-02 23:58:00,58.45,58.46,58.42,58.46,120.147811
2019-11-02 23:57:00,58.45,58.45,58.44,58.45,5.003881
2019-11-02 23:56:00,58.47,58.47,58.43,58.45,446.163105
2019-11-02 23:55:00,58.5,58.53,58.48,58.48,198.249129
2019-11-02 23:54:00,58.48,58.52,58.47,58.5,143.309675
2019-11-02 23:53:00,58.47,58.48,58.46,58.48,28.27376
2019-11-02 23:52:00,58.48,58.51,58.47,58.48,63.937427
2019-11-02 23:51:00,58.46,58.5,58.46,58.48,316.17131
2019-11-02 23:50:00,58.42,58.48,58.42,58.48,11.272448
2019-11-02 23:49:00,58.4,58.43,58.4,58.43,77.158366
2019-11-02 23:48:00,58.39,58.41,58.39,58.41,285.494527
2019-11-02 23:47:00,58.38,58.38,58.37,58.38,0.048183
2019-11-02 23:46:00,58.35,58.39,58.35,58.39,159.35568
2019-11-02 23:45:00,58.36,58.36,58.35,58.35,0.003884
2019-11-02 23:44:00,58.33,58.36,58.33,58.36,11.230527
2019-11-02 23:43:00,58.36,58.38,58.34,58.34,194.555499
2019-11-02 23:42:00,58.32,58.37,58.31,58.37,23.987033
2019-11-02 23:41:00,58.3,58.32,58.3,58.32,70.905108
2019-11-02 23:40:00,58.35,58.36,58.31,58.31,12.36657
2019-11-02 23:39:00,58.37,58.37,58.34,58.35,327.094136
2019-11-02 23:38:00,58.37,58.37,58.35,58.36,51.474388
2019-11-02 23:37:00,58.34,58.36,58.34,58.36,18.825888
2019-11-02 23:36:00,58.34,58.35,58.33,58.35,168.622579
2019-11-02 23:35:00,58.3,58.35,58.3,58.34,5.299296
2019-11-02 23:34:00,58.3,58.31,58.29,58.3,329.554283
2019-11-02 23:33:00,58.27,58.3,58.27,58.3,123.813164
2019-11-02 23:32:00,58.26,58.27,58.25,58.27,1.420488
2019-11-02 23:31:00,58.24,58.25,58.24,58.25,0.919375
2019-11-02 23:30:00,58.2,58.24,58.2,58.23,117.693635
2019-11-02 23:29:00,58.23,58.24,58.18,58.22,154.625116
2019-11-02 23:28:00,58.17,58.23,58.16,58.23,83.970827
2019-11-02 23:27:00,58.19,58.21,58.16,58.16,165.283955
2019-11-02 23:26:00,58.25,58.26,58.18,58.2,478.459171
2019-11-02 23:25:00,58.25,58.27,58.25,58.26,164.566334
2019-11-02 23:24:00,58.31,58.31,58.26,58.26,150.583417
2019-11-02 23:23:00,58.32,58.32,58.31,58.31,1.43025
2019-11-02 23:22:00,58.3,58.32,58.28,58.32,129.193439
2019-11-02 23:21:00,58.3,58.3,58.27,58.29,56.903385
2019-11-02 23:20:00,58.24,58.29,58.22,58.29,106.90067
2019-11-02 23:19:00,58.22,58.24,58.21,58.24,132.297263
2019-11-02 23:18:00,58.22,58.22,58.21,58.22,0.007157
2019-11-02 23:17:00,58.27,58.28,58.23,58.23,71.35535
2019-11-02 23:16:00,58.23,58.27,58.23,58.27,4.265305
2019-11-02 23:15:00,58.24,58.24,58.2,58.23,80.463313
2019-11-02 23:14:00,58.26,58.27,58.22,58.25,202.00455
2019-11-02 23:13:00,58.25,58.27,58.24,58.26,110.770898
2019-11-02 23:12:00,58.24,58.26,58.21,58.25,161.847513
2019-11-02 23:11:00,58.16,58.26,58.15,58.24,775.360367
2019-11-02 23:10:00,58.19,58.19,58.15,58.16,258.918673
2019-11-02 23:09:00,58.2,58.23,58.19,58.19,301.759834
2019-11-02 23:08:00,58.18,58.23,58.15,58.2,1021.050608
2019-11-02 23:07:00,58.27,58.27,58.16,58.18,420.425756
2019-11-02 23:06:00,58.32,58.33,58.27,58.28,232.057934
2019-11-02 23:05:00,58.25,58.32,58.25,58.32,347.229158
2019-11-02 23:04:00,58.32,58.32,58.27,58.27,319.248894
2019-11-02 23:03:00,58.34,58.34,58.32,58.32,93.772555
2019-11-02 23:02:00,58.34,58.35,58.33,58.35,159.993721
2019-11-02 23:01:00,58.37,58.37,58.34,58.34,48.357245
2019-11-02 23:00:00,58.39,58.39,58.36,58.36,98.383829
2019-11-02 22:59:00,58.4,58.41,58.38,58.4,104.645744
2019-11-02 22:58:00,58.41,58.43,58.41,58.41,37.463019
2019-11-02 22:57:00,58.46,58.46,58.37,58.4,757.221029
2019-11-02 22:56:00,58.48,58.48,58.46,58.46,73.052907
2019-11-02 22:55:00,58.48,58.48,58.47,58.47,0.727052
2019-11-02 22:54:00,58.5,58.5,58.47,58.48,99.091711
2019-11-02 22:53:00,58.45,58.49,58.44,58.49,182.094758
2019-11-02 22:52:00,58.47,58.48,58.45,58.45,60.322474
2019-11-02 22:51:00,58.47,58.48,58.44,58.47,98.851879
2019-11-02 22:50:00,58.45,58.46,58.45,58.45,0.016625
2019-11-02 22:49:00,58.4,58.45,58.4,58.44,130.864243
2019-11-02 22:48:00,58.43,58.43,58.4,58.41,139.138172
2019-11-02 22:47:00,58.48,58.49,58.43,58.43,96.472663
2019-11-02 22:46:00,58.47,58.47,58.46,58.47,11.114489
2019-11-02 22:45:00,58.33,58.46,58.31,58.46,584.739568
2019-11-02 22:44:00,58.36,58.37,58.34,58.34,95.43159
2019-11-02 22:43:00,58.51,58.51,58.36,58.36,462.977151
2019-11-02 22:42:00,58.49,58.49,58.46,58.49,118.087021
2019-11-02 22:41:00,58.52,58.53,58.5,58.5,47.02165
2019-11-02 22:40:00,58.57,58.57,58.54,58.54,25.457834
2019-11-02 22:39:00,58.56,58.57,58.55,58.57,0.355454
2019-11-02 22:38:00,58.59,58.6,58.54,58.6,1278.804332
2019-11-02 22:37:00,58.6,58.6,58.59,58.59,0.08008
2019-11-02 22:36:00,58.58,58.59,58.56,58.59,152.653533
2019-11-02 22:35:00,58.58,58.59,58.57,58.58,162.545884
2019-11-02 22:34:00,58.59,58.61,58.58,58.58,909.687258
2019-11-02 22:33:00,58.57,58.59,58.56,58.59,81.909619
2019-11-02 22:32:00,58.56,58.58,58.51,58.57,703.110382
2019-11-02 22:31:00,58.57,58.57,58.56,58.57,0.028452
2019-11-02 22:30:00,58.58,58.58,58.57,58.58,71.783935
2019-11-02 22:29:00,58.58,58.58,58.58,58.58,6.877139
2019-11-02 22:28:00,58.56,58.58,58.56,58.58,147.076923
2019-11-02 22:27:00,58.57,58.57,58.49,58.56,311.714149
2019-11-02 22:26:00,58.58,58.58,58.54,58.57,17.608465
2019-11-02 22:25:00,58.56,58.59,58.55,58.58,158.063595
2019-11-02 22:24:00,58.56,58.56,58.53,58.54,90.570988
2019-11-02 22:23:00,58.56,58.56,58.53,58.56,136.981781
2019-11-02 22:22:00,58.51,58.57,58.51,58.56,28.580574
2019-11-02 22:21:00,58.45,58.52,58.45,58.51,78.011474
2019-11-02 22:20:00,58.43,58.44,58.43,58.44,0.118683
2019-11-02 22:19:00,58.31,58.43,58.3,58.43,869.539644
2019-11-02 22:18:00,58.34,58.34,58.3,58.32,226.899886
2019-11-02 22:17:00,58.36,58.36,58.34,58.34,75.543855
2019-11-02 22:16:00,58.44,58.44,58.35,58.36,346.687183
2019-11-02 22:15:00,58.47,58.48,58.44,58.44,462.497833
2019-11-02 22:14:00,58.5,58.5,58.44,58.47,479.866432
2019-11-02 22:13:00,58.51,58.51,58.5,58.5,244.829057
2019-11-02 22:12:00,58.54,58.55,58.51,58.51,56.176647
2019-11-02 22:11:00,58.57,58.57,58.54,58.54,2.956968
2019-11-02 22:10:00,58.5,58.58,58.49,58.57,850.206351
2019-11-02 22:09:00,58.47,58.5,58.44,58.5,1363.523242
2019-11-02 22:08:00,58.47,58.48,58.46,58.48,276.563558
2019-11-02 22:07:00,58.5,58.5,58.47,58.47,4.605364
2019-11-02 22:06:00,58.52,58.52,58.5,58.5,105.845886
2019-11-02 22:05:00,58.51,58.54,58.49,58.52,299.729867
2019-11-02 22:04:00,58.57,58.57,58.5,58.51,227.908094
2019-11-02 22:03:00,58.52,58.57,58.52,58.57,384.445534
2019-11-02 22:02:00,58.53,58.55,58.5,58.55,367.059881
2019-11-02 22:01:00,58.53,58.53,58.52,58.52,79.123846
2019-11-02 22:00:00,58.58,58.58,58.53,58.53,309.152073
2019-11-02 21:59:00,58.52,58.58,58.51,58.58,161.886695
2019-11-02 21:58:00,58.52,58.53,58.51,58.51,79.692593
2019-11-02 21:57:00,58.55,58.55,58.51,58.51,108.923181
2019-11-02 21:56:00,58.54,58.54,58.54,58.54,1.153798
2019-11-02 21:55:00,58.5,58.54,58.48,58.53,230.667065
2019-11-02 21:54:00,58.48,58.49,58.45,58.49,59.393897
2019-11-02 21:53:00,58.55,58.56,58.48,58.49,90.127664
2019-11-02 21:52:00,58.58,58.58,58.55,58.55,58.551977
2019-11-02 21:51:00,58.54,58.59,58.54,58.55,272.761012
2019-11-02 21:50:00,58.54,58.54,58.53,58.54,18.378087
2019-11-02 21:49:00,58.54,58.55,58.54,58.55,93.459528
2019-11-02 21:48:00,58.55,58.56,58.53,58.54,70.991941
2019-11-02 21:47:00,58.54,58.58,58.53,58.57,9.863705
2019-11-02 21:46:00,58.56,58.57,58.54,58.55,121.671106
2019-11-02 21:45:00,58.57,58.57,58.55,58.56,110.55531
2019-11-02 21:44:00,58.53,58.59,58.53,58.57,231.639086
2019-11-02 21:43:00,58.47,58.53,58.46,58.53,84.399271
2019-11-02 21:42:00,58.51,58.51,58.47,58.47,178.860581
2019-11-02 21:41:00,58.54,58.55,58.51,58.51,44.516297
2019-11-02 21:40:00,58.52,58.57,58.52,58.54,64.008531
2019-11-02 21:39:00,58.49,58.54,58.47,58.52,172.397842
2019-11-02 21:38:00,58.44,58.46,58.42,58.46,4.770821
2019-11-02 21:37:00,58.48,58.49,58.44,58.46,73.469242
2019-11-02 21:36:00,58.39,58.51,58.39,58.47,913.59881
2019-11-02 21:35:00,58.35,58.4,58.34,58.4,158.579482
2019-11-02 21:34:00,58.49,58.49,58.35,58.35,950.505351
2019-11-02 21:33:00,58.49,58.5,58.47,58.48,163.038079
2019-11-02 21:32:00,58.5,58.5,58.48,58.5,151.624577
2019-11-02 21:31:00,58.46,58.57,58.46,58.49,95.396065
2019-11-02 21:30:00,58.44,58.46,58.44,58.46,358.899963
2019-11-02 21:29:00,58.43,58.44,58.43,58.44,4.096485
2019-11-02 21:28:00,58.43,58.44,58.43,58.44,81.92741
2019-11-02 21:27:00,58.44,58.44,58.41,58.42,165.439401
2019-11-02 21:26:00,58.41,58.45,58.41,58.45,226.677822
2019-11-02 21:25:00,58.39,58.4,58.36,58.4,266.170993
2019-11-02 21:24:00,58.38,58.43,58.38,58.4,171.208781
2019-11-02 21:23:00,58.4,58.42,58.36,58.39,434.04416
2019-11-02 21:22:00,58.42,58.42,58.38,58.4,95.065537
2019-11-02 21:21:00,58.41,58.41,58.4,58.41,91.368411
2019-11-02 21:20:00,58.37,58.41,58.36,58.41,261.355664
2019-11-02 21:19:00,58.43,58.43,58.35,58.35,636.717682
2019-11-02 21:18:00,58.43,58.43,58.41,58.43,144.770068
2019-11-02 21:17:00,58.46,58.47,58.44,58.44,146.403641
2019-11-02 21:16:00,58.48,58.48,58.44,58.46,100.270272
2019-11-02 21:15:00,58.45,58.5,58.45,58.49,148.352702
2019-11-02 21:14:00,58.48,58.5,58.44,58.45,473.909279
2019-11-02 21:13:00,58.43,58.48,58.39,58.48,222.91905
2019-11-02 21:12:00,58.42,58.46,58.41,58.41,236.499282
2019-11-02 21:11:00,58.45,58.46,58.38,58.4,256.695487
2019-11-02 21:10:00,58.5,58.5,58.45,58.45,126.316921
2019-11-02 21:09:00,58.44,58.5,58.44,58.5,89.276008
2019-11-02 21:08:00,58.45,58.46,58.44,58.44,1.80216
2019-11-02 21:07:00,58.46,58.5,58.45,58.45,92.829836
2019-11-02 21:06:00,58.42,58.46,58.39,58.46,173.390206
2019-11-02 21:05:00,58.4,58.45,58.38,58.45,274.818029
2019-11-02 21:04:00,58.54,58.54,58.41,58.41,627.191365
2019-11-02 21:03:00,58.58,58.68,58.54,58.56,1176.940485
2019-11-02 21:02:00,58.52,58.58,58.49,58.57,450.358735
2019-11-02 21:01:00,58.51,58.56,58.5,58.51,735.731409
2019-11-02 21:00:00,58.43,58.54,58.43,58.5,895.24819
2019-11-02 20:59:00,58.49,58.51,58.38,58.44,903.233112
2019-11-02 20:58:00,58.44,58.54,58.44,58.51,674.224267
2019-11-02 20:57:00,58.42,58.43,58.41,58.43,45.077595
2019-11-02 20:56:00,58.42,58.43,58.41,58.42,126.481509
2019-11-02 20:55:00,58.35,58.44,58.34,58.44,270.696038
2019-11-02 20:54:00,58.29,58.36,58.29,58.36,294.465134
2019-11-02 20:53:00,58.33,58.33,58.29,58.29,15.294362
2019-11-02 20:52:00,58.32,58.35,58.3,58.35,89.640514
2019-11-02 20:51:00,58.31,58.31,58.28,58.3,145.915539
2019-11-02 20:50:00,58.35,58.35,58.29,58.3,388.717227
2019-11-02 20:49:00,58.38,58.38,58.34,58.37,86.362956
2019-11-02 20:48:00,58.37,58.43,58.35,58.39,215.88474
2019-11-02 20:47:00,58.3,58.42,58.3,58.34,486.20559
2019-11-02 20:46:00,58.3,58.3,58.29,58.3,166.758591
2019-11-02 20:45:00,58.3,58.3,58.29,58.29,0.003886
2019-11-02 20:44:00,58.29,58.3,58.28,58.29,105.639354
2019-11-02 20:43:00,58.22,58.29,58.22,58.28,522.763277
2019-11-02 20:42:00,58.22,58.22,58.21,58.22,25.292437
2019-11-02 20:41:00,58.21,58.22,58.16,58.22,120.513287
2019-11-02 20:40:00,58.23,58.23,58.21,58.22,118.584726
2019-11-02 20:39:00,58.22,58.23,58.21,58.22,37.55755
2019-11-02 20:38:00,58.21,58.24,58.21,58.23,128.967471
2019-11-02 20:37:00,58.26,58.26,58.18,58.2,473.311473
2019-11-02 20:36:00,58.21,58.27,58.21,58.26,210.333585
2019-11-02 20:35:00,58.21,58.21,58.2,58.21,46.786817
2019-11-02 20:34:00,58.25,58.25,58.21,58.21,75.501165
2019-11-02 20:33:00,58.17,58.29,58.15,58.22,952.537329
2019-11-02 20:32:00,58.16,58.18,58.16,58.17,8.348838
2019-11-02 20:31:00,58.22,58.22,58.16,58.16,100.821666
2019-11-02 20:30:00,58.22,58.22,58.22,58.22,0.757004
2019-11-02 20:29:00,58.22,58.23,58.22,58.23,0.286904
2019-11-02 20:28:00,58.23,58.23,58.22,58.23,0.589611
2019-11-02 20:27:00,58.24,58.24,58.22,58.23,5.807885
2019-11-02 20:26:00,58.16,58.26,58.16,58.23,192.75498
2019-11-02 20:25:00,58.16,58.16,58.15,58.16,0.126321
2019-11-02 20:24:00,58.15,58.17,58.13,58.16,223.700124
2019-11-02 20:23:00,58.19,58.19,58.14,58.15,96.157908
2019-11-02 20:22:00,58.2,58.2,58.19,58.2,34.224303
2019-11-02 20:21:00,58.19,58.23,58.19,58.21,227.155004
2019-11-02 20:20:00,58.15,58.21,58.13,58.16,654.318401
2019-11-02 20:19:00,58.17,58.17,58.11,58.16,177.203126
2019-11-02 20:18:00,58.2,58.2,58.17,58.17,76.763228
2019-11-02 20:17:00,58.16,58.22,58.14,58.19,117.302425
2019-11-02 20:16:00,58.16,58.17,58.16,58.16,0.141497
2019-11-02 20:15:00,58.17,58.22,58.17,58.17,271.574497
2019-11-02 20:14:00,58.12,58.19,58.12,58.14,124.27603
2019-11-02 20:13:00,58.1,58.15,58.1,58.12,107.19061
2019-11-02 20:12:00,58.12,58.15,58.09,58.09,109.105475
2019-11-02 20:11:00,58.12,58.15,58.09,58.11,116.405995
2019-11-02 20:10:00,58.18,58.18,58.12,58.12,290.040966
2019-11-02 20:09:00,58.12,58.15,58.08,58.14,1323.473245
2019-11-02 20:08:00,58.06,58.21,58.06,58.14,838.276091
2019-11-02 20:07:00,58.11,58.14,58.05,58.05,939.67694
2019-11-02 20:06:00,58.07,58.25,58.02,58.12,1089.959254
2019-11-02 20:05:00,58.18,58.18,57.83,58.03,4926.433587
2019-11-02 20:04:00,58.51,58.51,58.12,58.16,2651.269064
2019-11-02 20:03:00,58.5,58.58,58.45,58.51,836.477857
2019-11-02 20:02:00,58.4,58.5,58.39,58.5,1097.323719
2019-11-02 20:01:00,58.39,58.4,58.37,58.37,23.969193
2019-11-02 20:00:00,58.27,58.39,58.27,58.39,748.154121
2019-11-02 19:59:00,58.27,58.27,58.2,58.24,199.284562
2019-11-02 19:58:00,58.27,58.28,58.27,58.27,0.039512
2019-11-02 19:57:00,58.25,58.28,58.24,58.27,60.210643
2019-11-02 19:56:00,58.22,58.27,58.22,58.25,35.455467
2019-11-02 19:55:00,58.24,58.24,58.21,58.22,325.416211
2019-11-02 19:54:00,58.24,58.25,58.22,58.25,325.259758
2019-11-02 19:53:00,58.26,58.26,58.24,58.24,25.370202
2019-11-02 19:52:00,58.3,58.31,58.26,58.26,76.455914
2019-11-02 19:51:00,58.34,58.35,58.3,58.31,61.132473
2019-11-02 19:50:00,58.34,58.35,58.33,58.34,46.574773
2019-11-02 19:49:00,58.38,58.38,58.33,58.35,38.02267
2019-11-02 19:48:00,58.37,58.38,58.36,58.36,204.17451
2019-11-02 19:47:00,58.36,58.37,58.36,58.36,0.093531
2019-11-02 19:46:00,58.32,58.37,58.32,58.37,87.611209
2019-11-02 19:45:00,58.32,58.33,58.31,58.32,70.203018
2019-11-02 19:44:00,58.31,58.33,58.29,58.31,144.39534
2019-11-02 19:43:00,58.29,58.32,58.28,58.32,69.218512
2019-11-02 19:42:00,58.26,58.29,58.26,58.29,488.624584
2019-11-02 19:41:00,58.26,58.26,58.25,58.26,4.509895
2019-11-02 19:40:00,58.25,58.26,58.25,58.26,11.038227
2019-11-02 19:39:00,58.23,58.26,58.23,58.25,300.864224
2019-11-02 19:38:00,58.19,58.22,58.19,58.22,62.769435
2019-11-02 19:37:00,58.19,58.24,58.18,58.19,162.203552
2019-11-02 19:36:00,58.16,58.19,58.16,58.18,115.250417
2019-11-02 19:35:00,58.15,58.16,58.15,58.15,1.49279
2019-11-02 19:34:00,58.15,58.16,58.13,58.15,2.065217
2019-11-02 19:33:00,58.19,58.19,58.15,58.15,143.167977
2019-11-02 19:32:00,58.17,58.19,58.17,58.18,75.518904
2019-11-02 19:31:00,58.16,58.18,58.15,58.15,38.105111
2019-11-02 19:30:00,58.19,58.2,58.17,58.17,201.087237
2019-11-02 19:29:00,58.19,58.2,58.17,58.19,351.411711
2019-11-02 19:28:00,58.2,58.2,58.17,58.17,92.358086
2019-11-02 19:27:00,58.24,58.24,58.19,58.2,165.603951
2019-11-02 19:26:00,58.25,58.26,58.23,58.24,222.823873
2019-11-02 19:25:00,58.24,58.25,58.23,58.25,113.132435
2019-11-02 19:24:00,58.25,58.27,58.24,58.24,147.247927
2019-11-02 19:23:00,58.23,58.24,58.23,58.24,65.59313
2019-11-02 19:22:00,58.28,58.28,58.23,58.23,5.843958
2019-11-02 19:21:00,58.23,58.26,58.22,58.26,219.24989
2019-11-02 19:20:00,58.31,58.31,58.21,58.21,254.369097
2019-11-02 19:19:00,58.39,58.39,58.3,58.3,261.132294
2019-11-02 19:18:00,58.35,58.43,58.34,58.4,348.747521
2019-11-02 19:17:00,58.29,58.37,58.29,58.37,82.770334
2019-11-02 19:16:00,58.36,58.37,58.28,58.28,237.637956
2019-11-02 19:15:00,58.29,58.36,58.29,58.35,434.46935
2019-11-02 19:14:00,58.28,58.29,58.27,58.28,24.314188
2019-11-02 19:13:00,58.26,58.28,58.26,58.27,72.577508
2019-11-02 19:12:00,58.26,58.27,58.25,58.25,77.934902
2019-11-02 19:11:00,58.24,58.26,58.24,58.25,103.390805
2019-11-02 19:10:00,58.2,58.25,58.19,58.25,162.643619
2019-11-02 19:09:00,58.21,58.21,58.17,58.19,232.108066
2019-11-02 19:08:00,58.2,58.26,58.2,58.21,256.268131
2019-11-02 19:07:00,58.21,58.21,58.17,58.2,67.452536
2019-11-02 19:06:00,58.26,58.26,58.23,58.23,171.594613
2019-11-02 19:05:00,58.18,58.29,58.18,58.26,1020.239536
2019-11-02 19:04:00,58.11,58.19,58.1,58.18,1507.411272
2019-11-02 19:03:00,58.08,58.11,58.07,58.1,68.762052
2019-11-02 19:02:00,58.08,58.08,58.07,58.08,8.66377
2019-11-02 19:01:00,58.08,58.09,58.07,58.07,4.238486
2019-11-02 19:00:00,58.08,58.09,58.07,58.08,44.569536
2019-11-02 18:59:00,58.09,58.09,58.07,58.07,171.727817
2019-11-02 18:58:00,58.07,58.1,58.06,58.08,418.636073
2019-11-02 18:57:00,58.04,58.07,58.01,58.05,193.682874
2019-11-02 18:56:00,58.06,58.06,58.04,58.04,34.245105
2019-11-02 18:55:00,58.07,58.07,58.06,58.06,0.077305
2019-11-02 18:54:00,58.09,58.09,58.07,58.07,0.508207
2019-11-02 18:53:00,58.11,58.11,58.08,58.08,55.026523
2019-11-02 18:52:00,58.11,58.11,58.1,58.1,0.003892
2019-11-02 18:51:00,58.11,58.12,58.11,58.11,24.836121
2019-11-02 18:50:00,58.12,58.12,58.11,58.11,0.125118
2019-11-02 18:49:00,58.12,58.12,58.11,58.11,4.619923
2019-11-02 18:48:00,58.12,58.12,58.11,58.11,0.179611
2019-11-02 18:47:00,58.11,58.12,58.11,58.12,41.552754
2019-11-02 18:46:00,58.12,58.12,58.11,58.12,9.85647
2019-11-02 18:45:00,58.14,58.14,58.1,58.12,6.247896
2019-11-02 18:44:00,58.13,58.14,58.1,58.13,41.051722
2019-11-02 18:43:00,58.06,58.16,58.06,58.13,405.798299
2019-11-02 18:42:00,58.07,58.07,58.06,58.07,27.438634
2019-11-02 18:41:00,58.1,58.1,58.06,58.07,27.843812
2019-11-02 18:40:00,58.1,58.1,58.09,58.1,3.103949
2019-11-02 18:39:00,58.1,58.1,58.09,58.09,6.720266
2019-11-02 18:38:00,58.1,58.1,58.06,58.09,6.614106
2019-11-02 18:37:00,58.1,58.1,58.06,58.09,55.826615
2019-11-02 18:36:00,58.03,58.1,58.03,58.1,1021.293684
2019-11-02 18:35:00,58.03,58.03,58.02,58.03,1.230526
2019-11-02 18:34:00,58.03,58.03,58.02,58.02,1.18175
2019-11-02 18:33:00,58.03,58.03,58,58.02,166.359019
2019-11-02 18:32:00,58.03,58.03,58.02,58.03,16.575595
2019-11-02 18:31:00,58.03,58.04,58.01,58.03,139.33203
2019-11-02 18:30:00,58.04,58.04,58.02,58.02,152.49292
2019-11-02 18:29:00,58.04,58.04,58.03,58.04,1.799628
2019-11-02 18:28:00,58.03,58.04,58.02,58.04,150.097269
2019-11-02 18:27:00,57.98,58.04,57.97,58.04,557.343444
2019-11-02 18:26:00,58.01,58.01,57.97,57.97,6.298583
2019-11-02 18:25:00,58,58.01,58,58.01,5.232754
2019-11-02 18:24:00,58.02,58.02,58,58,100.80329
2019-11-02 18:23:00,58.07,58.08,58.01,58.01,217.488947
2019-11-02 18:22:00,58.06,58.07,58.05,58.07,11.881258
2019-11-02 18:21:00,58.06,58.06,58.05,58.06,2.355983
2019-11-02 18:20:00,58.06,58.07,58.05,58.06,247.937879
2019-11-02 18:19:00,58.05,58.06,58.05,58.06,11.734321
2019-11-02 18:18:00,58.06,58.06,58.05,58.06,167.583983
2019-11-02 18:17:00,58.04,58.07,58.04,58.05,403.309349
2019-11-02 18:16:00,58.01,58.03,58.01,58.03,1.75059
2019-11-02 18:15:00,58,58.02,58,58.02,63.446355
2019-11-02 18:14:00,57.93,57.99,57.92,57.99,289.287544
2019-11-02 18:13:00,57.93,57.93,57.91,57.92,2.357368
2019-11-02 18:12:00,57.93,57.94,57.93,57.93,31.396746
2019-11-02 18:11:00,57.94,57.94,57.93,57.94,47.349261
2019-11-02 18:10:00,57.94,57.94,57.93,57.94,12.03983
2019-11-02 18:09:00,57.93,57.94,57.93,57.94,62.928962
2019-11-02 18:08:00,57.93,57.94,57.92,57.94,78.381722
2019-11-02 18:07:00,57.92,57.93,57.92,57.93,0.152581
2019-11-02 18:06:00,57.93,57.93,57.92,57.93,2.609361
2019-11-02 18:05:00,57.93,57.94,57.92,57.92,59.474965
2019-11-02 18:04:00,57.95,57.96,57.93,57.94,42.403907
2019-11-02 18:03:00,57.94,57.96,57.93,57.96,168.898148
2019-11-02 18:02:00,57.91,57.94,57.91,57.94,32.868489
2019-11-02 18:01:00,57.94,57.94,57.92,57.92,6.593628
2019-11-02 18:00:00,57.95,57.95,57.93,57.94,9.509296
2019-11-02 17:59:00,57.95,57.96,57.95,57.95,0.084986
2019-11-02 17:58:00,57.94,57.96,57.94,57.95,19.780817
2019-11-02 17:57:00,57.96,57.96,57.94,57.94,71.622023
2019-11-02 17:56:00,57.96,57.96,57.95,57.96,0.521495
2019-11-02 17:55:00,57.99,57.99,57.96,57.96,27.652309
2019-11-02 17:54:00,57.99,58,57.98,58,12.535918
2019-11-02 17:53:00,57.97,57.99,57.97,57.99,349.508041
2019-11-02 17:52:00,58,58,57.98,57.98,88.500038
2019-11-02 17:51:00,58.02,58.02,57.97,57.97,137.411897
2019-11-02 17:50:00,57.99,58.01,57.99,58.01,120.148735
2019-11-02 17:49:00,58,58,57.99,57.99,0.535281
2019-11-02 17:48:00,58.02,58.02,57.98,58,297.902783
2019-11-02 17:47:00,58.02,58.04,58.01,58.03,23.621027
2019-11-02 17:46:00,58,58.01,57.99,58,165.38199
2019-11-02 17:45:00,58,58,57.99,57.99,95.921028
2019-11-02 17:44:00,58.02,58.03,58,58,6.69826
2019-11-02 17:43:00,58.04,58.04,58.02,58.02,9.009709
2019-11-02 17:42:00,58.05,58.05,58.04,58.05,3.491528
2019-11-02 17:41:00,58.06,58.07,58.05,58.05,129.114255
2019-11-02 17:40:00,58.07,58.07,58.06,58.06,0.083402
2019-11-02 17:39:00,58.06,58.07,58.03,58.06,126.69983
2019-11-02 17:38:00,58.04,58.06,58.03,58.05,16.499444
2019-11-02 17:37:00,58.05,58.05,58.02,58.03,230.167537
2019-11-02 17:36:00,58.05,58.06,58.04,58.04,48.879306
2019-11-02 17:35:00,58.06,58.06,58.05,58.05,3.8161
2019-11-02 17:34:00,58.04,58.06,58.04,58.06,51.457756
2019-11-02 17:33:00,58.05,58.05,58.04,58.05,1.495482
2019-11-02 17:32:00,58.07,58.07,58.04,58.05,112.969166
2019-11-02 17:31:00,58.07,58.09,58.05,58.07,77.579892
2019-11-02 17:30:00,58.15,58.15,58.07,58.07,319.875173
2019-11-02 17:29:00,58.14,58.14,58.11,58.14,13.440262
2019-11-02 17:28:00,58.06,58.13,58.06,58.13,97.465702
2019-11-02 17:27:00,58.07,58.07,58.05,58.05,0.054946
2019-11-02 17:26:00,58.08,58.08,58.07,58.07,195.96511
2019-11-02 17:25:00,58.09,58.09,58.08,58.08,0.508451
2019-11-02 17:24:00,58.06,58.08,58.06,58.08,74.383133
2019-11-02 17:23:00,58.06,58.07,58.06,58.06,3.906511
2019-11-02 17:22:00,58.01,58.08,58.01,58.06,116.893677
2019-11-02 17:21:00,58.01,58.02,58,58,7.479416
2019-11-02 17:20:00,57.99,58.05,57.99,58.04,184.212486
2019-11-02 17:19:00,57.96,57.98,57.93,57.98,124.456301
2019-11-02 17:18:00,57.96,57.97,57.96,57.96,31.066484
2019-11-02 17:17:00,57.93,57.96,57.93,57.95,55.743119
2019-11-02 17:16:00,57.89,57.96,57.88,57.96,474.949084
2019-11-02 17:15:00,57.87,57.89,57.87,57.89,12.211123
2019-11-02 17:14:00,57.86,57.87,57.86,57.87,329.861321
2019-11-02 17:13:00,57.89,57.89,57.86,57.87,245.005824
2019-11-02 17:12:00,57.91,57.91,57.89,57.89,135.495938
2019-11-02 17:11:00,57.92,57.92,57.91,57.92,11.661375
2019-11-02 17:10:00,57.9,57.92,57.9,57.92,64.885372
2019-11-02 17:09:00,57.9,57.9,57.89,57.9,8.631631
2019-11-02 17:08:00,57.89,57.9,57.88,57.9,4.173218
2019-11-02 17:07:00,57.89,57.89,57.88,57.88,4.010652
2019-11-02 17:06:00,57.88,57.89,57.88,57.89,10.82988
2019-11-02 17:05:00,57.88,57.88,57.86,57.88,16.828014
2019-11-02 17:04:00,57.92,57.92,57.89,57.89,33.733955
2019-11-02 17:03:00,57.92,57.93,57.91,57.91,54.913411
2019-11-02 17:02:00,57.88,57.95,57.88,57.95,186.314339
2019-11-02 17:01:00,57.86,57.89,57.86,57.89,25.287349
2019-11-02 17:00:00,57.82,57.87,57.82,57.87,85.468767
2019-11-02 16:59:00,57.86,57.86,57.82,57.82,14.305675
2019-11-02 16:58:00,57.86,57.86,57.82,57.82,0.506956
2019-11-02 16:57:00,57.87,57.87,57.85,57.86,84.727542
2019-11-02 16:56:00,57.88,57.89,57.87,57.88,0.703324
2019-11-02 16:55:00,57.89,57.89,57.87,57.89,45.755928
2019-11-02 16:54:00,57.88,57.89,57.87,57.89,29.141396
2019-11-02 16:53:00,57.89,57.89,57.86,57.86,27.191487
2019-11-02 16:52:00,57.89,57.9,57.86,57.87,51.501296
2019-11-02 16:51:00,57.81,57.89,57.81,57.88,236.198063
2019-11-02 16:50:00,57.88,57.89,57.79,57.79,277.196815
2019-11-02 16:49:00,57.9,57.9,57.88,57.89,44.648249
2019-11-02 16:48:00,57.92,57.92,57.87,57.88,130.911395
2019-11-02 16:47:00,57.94,57.94,57.92,57.92,0.087074
2019-11-02 16:46:00,57.94,57.94,57.92,57.92,0.575878
2019-11-02 16:45:00,57.9,57.94,57.9,57.94,76.327501
2019-11-02 16:44:00,57.8,57.88,57.8,57.87,239.647157
2019-11-02 16:43:00,57.87,57.88,57.8,57.8,168.57628
2019-11-02 16:42:00,57.91,57.91,57.86,57.87,43.436569
2019-11-02 16:41:00,57.87,57.96,57.87,57.92,301.484079
2019-11-02 16:40:00,57.81,57.92,57.81,57.88,323.830617
2019-11-02 16:39:00,57.9,57.9,57.82,57.83,88.946998
2019-11-02 16:38:00,57.77,57.9,57.7,57.89,964.463717
2019-11-02 16:37:00,57.84,57.84,57.75,57.78,224.993046
2019-11-02 16:36:00,57.84,57.85,57.82,57.84,80.130402
2019-11-02 16:35:00,57.89,57.89,57.8,57.84,237.722928
2019-11-02 16:34:00,57.96,57.96,57.87,57.88,64.184745
2019-11-02 16:33:00,57.9,57.96,57.89,57.96,345.816993
2019-11-02 16:32:00,57.92,57.93,57.88,57.91,435.710995
2019-11-02 16:31:00,58.08,58.08,57.77,57.91,5978.045389
2019-11-02 16:30:00,58.03,58.09,58.02,58.08,211.751008
2019-11-02 16:29:00,58.04,58.04,58.01,58.02,125.469462
2019-11-02 16:28:00,58.08,58.08,58,58.04,375.23887
2019-11-02 16:27:00,58.12,58.13,58.08,58.08,179.123074
2019-11-02 16:26:00,58.13,58.13,58.1,58.12,3.666191
2019-11-02 16:25:00,58.13,58.13,58.12,58.13,0.445048
2019-11-02 16:24:00,58.13,58.14,58.13,58.13,34.379974
2019-11-02 16:23:00,58.18,58.18,58.11,58.13,94.259664
2019-11-02 16:22:00,58.18,58.19,58.18,58.18,3.270885
2019-11-02 16:21:00,58.21,58.21,58.19,58.19,264.978104
2019-11-02 16:20:00,58.23,58.26,58.21,58.21,225.599822
2019-11-02 16:19:00,58.23,58.24,58.23,58.24,1.699598
2019-11-02 16:18:00,58.23,58.23,58.21,58.23,141.909876
2019-11-02 16:17:00,58.23,58.23,58.21,58.23,20.922326
2019-11-02 16:16:00,58.22,58.23,58.2,58.22,230.478705
2019-11-02 16:15:00,58.22,58.23,58.2,58.2,40.501295
2019-11-02 16:14:00,58.22,58.23,58.21,58.21,81.654953
2019-11-02 16:13:00,58.22,58.22,58.18,58.2,309.497383
2019-11-02 16:12:00,58.22,58.23,58.21,58.22,77.545181
2019-11-02 16:11:00,58.2,58.22,58.19,58.22,48.318072
2019-11-02 16:10:00,58.2,58.21,58.19,58.19,100.090088
2019-11-02 16:09:00,58.19,58.2,58.18,58.2,51.319748
2019-11-02 16:08:00,58.19,58.19,58.18,58.19,0.544988
2019-11-02 16:07:00,58.19,58.19,58.18,58.19,1.398784
2019-11-02 16:06:00,58.18,58.19,58.16,58.18,53.918385
2019-11-02 16:05:00,58.19,58.19,58.16,58.18,76.568068
2019-11-02 16:04:00,58.19,58.19,58.18,58.19,1.006102
2019-11-02 16:03:00,58.19,58.19,58.18,58.19,0.201115
2019-11-02 16:02:00,58.19,58.19,58.18,58.19,0.048385
2019-11-02 16:01:00,58.18,58.2,58.17,58.19,190.507285
2019-11-02 16:00:00,58.17,58.17,58.16,58.16,35.755635
2019-11-02 15:59:00,58.17,58.17,58.16,58.16,12.490597
2019-11-02 15:58:00,58.16,58.16,58.15,58.16,58.193766
2019-11-02 15:57:00,58.15,58.15,58.14,58.15,0.083512
2019-11-02 15:56:00,58.15,58.16,58.14,58.15,10.468783
2019-11-02 15:55:00,58.15,58.16,58.14,58.15,1.028453
2019-11-02 15:54:00,58.17,58.17,58.13,58.13,8.312763
2019-11-02 15:53:00,58.16,58.17,58.14,58.16,66.621334
2019-11-02 15:52:00,58.17,58.17,58.16,58.16,6.188688
2019-11-02 15:51:00,58.16,58.16,58.15,58.15,12.630702
2019-11-02 15:50:00,58.15,58.17,58.14,58.15,219.019492
2019-11-02 15:49:00,58.11,58.13,58.1,58.13,117.693888
2019-11-02 15:48:00,58.11,58.11,58.1,58.1,0.011394
2019-11-02 15:47:00,58.12,58.12,58.1,58.1,80.341837
2019-11-02 15:46:00,58.12,58.12,58.11,58.11,0.003892
2019-11-02 15:45:00,58.12,58.12,58.11,58.12,0.080629
2019-11-02 15:44:00,58.11,58.12,58.11,58.12,60.154176
2019-11-02 15:43:00,58.13,58.13,58.1,58.11,2.92602
2019-11-02 15:42:00,58.1,58.14,58.09,58.13,104.248359
2019-11-02 15:41:00,58.12,58.12,58.08,58.09,124.513843
2019-11-02 15:40:00,58.11,58.11,58.09,58.11,112.891308
2019-11-02 15:39:00,58.1,58.11,58.09,58.09,243.992862
2019-11-02 15:38:00,58.12,58.12,58.08,58.09,63.037911
2019-11-02 15:37:00,58.13,58.14,58.11,58.12,71.734561
2019-11-02 15:36:00,58.17,58.17,58.12,58.13,240.263415
2019-11-02 15:35:00,58.17,58.18,58.17,58.17,100.071394
2019-11-02 15:34:00,58.17,58.17,58.16,58.17,54.526856
2019-11-02 15:33:00,58.14,58.17,58.14,58.16,71.946642
2019-11-02 15:32:00,58.14,58.15,58.13,58.13,78.769999
2019-11-02 15:31:00,58.16,58.17,58.12,58.15,193.592629
2019-11-02 15:30:00,58.09,58.17,58.09,58.17,230.783238
2019-11-02 15:29:00,58.1,58.1,58.08,58.08,58.861891
2019-11-02 15:28:00,58.11,58.11,58.1,58.1,54.13951
2019-11-02 15:27:00,58.08,58.1,58.07,58.1,59.339867
2019-11-02 15:26:00,58.08,58.08,58.07,58.07,0.003893
2019-11-02 15:25:00,58.08,58.08,58.07,58.07,0.071515
2019-11-02 15:24:00,58.08,58.08,58.07,58.07,10.003893
2019-11-02 15:23:00,58.08,58.08,58.07,58.07,0.003893
2019-11-02 15:22:00,58.11,58.11,58.08,58.08,157.488467
2019-11-02 15:21:00,58.11,58.11,58.1,58.1,1.785216
2019-11-02 15:20:00,58.11,58.11,58.1,58.1,0.088899
2019-11-02 15:19:00,58.07,58.11,58.07,58.1,21.606949
2019-11-02 15:18:00,58.08,58.09,58.06,58.06,28.173572
2019-11-02 15:17:00,58.08,58.08,58.07,58.07,2.431168
2019-11-02 15:16:00,58.09,58.09,58.07,58.08,128.654627
2019-11-02 15:15:00,58.08,58.09,58.08,58.08,67.173076
2019-11-02 15:14:00,58.04,58.07,58.04,58.07,9.007633
2019-11-02 15:13:00,58.06,58.06,58.04,58.04,0.272753
2019-11-02 15:12:00,58.05,58.06,58.03,58.04,3.066211
2019-11-02 15:11:00,58.04,58.06,58.04,58.05,3.18708
2019-11-02 15:10:00,58.03,58.06,58.03,58.06,69.739475
2019-11-02 15:09:00,58.04,58.04,58.03,58.03,0.317883
2019-11-02 15:08:00,58,58.04,58,58.04,24.513097
2019-11-02 15:07:00,58.02,58.02,58,58,2.100384
2019-11-02 15:06:00,58.04,58.04,58.03,58.03,22.523076
2019-11-02 15:05:00,58.01,58.06,58.01,58.04,117.360517
2019-11-02 15:04:00,58.02,58.03,58.01,58.01,4.890234
2019-11-02 15:03:00,58.03,58.03,58.02,58.02,116.573579
2019-11-02 15:02:00,58.01,58.03,58.01,58.02,38.422056
2019-11-02 15:01:00,58.02,58.02,58.01,58.01,1.370276
2019-11-02 15:00:00,58.07,58.07,58.02,58.02,32.887514
2019-11-02 14:59:00,58.07,58.07,58.06,58.06,17.196366
2019-11-02 14:58:00,58.07,58.07,58.06,58.06,0.160307
2019-11-02 14:57:00,58.06,58.07,58.06,58.06,0.535401
2019-11-02 14:56:00,58.07,58.07,58.06,58.07,0.973894
2019-11-02 14:55:00,58.03,58.07,58.03,58.07,6.245312
2019-11-02 14:54:00,58.03,58.03,58.02,58.03,20.615433
2019-11-02 14:53:00,58.02,58.04,58.01,58.03,289.552623
2019-11-02 14:52:00,58.03,58.03,57.99,58.02,104.032757
2019-11-02 14:51:00,58.05,58.08,58.02,58.03,98.183297
2019-11-02 14:50:00,58,58.06,57.98,58.04,700.75151
2019-11-02 14:49:00,57.98,58,57.98,57.99,42.176912
2019-11-02 14:48:00,57.97,57.98,57.97,57.98,2.578342
2019-11-02 14:47:00,58,58,57.97,57.97,63.633262
2019-11-02 14:46:00,57.96,58,57.95,57.99,49.656092
2019-11-02 14:45:00,57.97,57.97,57.96,57.96,0.011978
2019-11-02 14:44:00,57.95,57.98,57.95,57.97,65.727584
2019-11-02 14:43:00,57.93,57.95,57.93,57.94,42.00389
2019-11-02 14:42:00,57.94,57.95,57.93,57.93,13.73997
2019-11-02 14:41:00,57.98,57.98,57.94,57.95,350.400016
2019-11-02 14:40:00,57.97,57.98,57.97,57.98,3.461068
2019-11-02 14:39:00,57.99,58,57.97,57.98,110.972651
2019-11-02 14:38:00,57.98,58,57.98,57.99,118.367469
2019-11-02 14:37:00,57.98,57.98,57.97,57.97,11.460039
2019-11-02 14:36:00,58.01,58.02,57.96,57.96,174.545022
2019-11-02 14:35:00,57.99,58.01,57.99,58.01,25.843983
2019-11-02 14:34:00,57.99,58.01,57.98,57.99,67.285932
2019-11-02 14:33:00,57.99,58,57.96,57.99,206.657309
2019-11-02 14:32:00,58,58,57.98,57.99,275.638685
2019-11-02 14:31:00,58.01,58.02,58,58,76.504404
2019-11-02 14:30:00,58,58.02,57.99,58.01,49.856074
2019-11-02 14:29:00,57.98,58.01,57.97,57.99,405.768982
2019-11-02 14:28:00,57.96,58,57.95,57.98,208.770163
2019-11-02 14:27:00,58.05,58.05,57.94,57.97,2025.850196
2019-11-02 14:26:00,58.07,58.08,58.06,58.06,15.670933
2019-11-02 14:25:00,58.09,58.09,58.06,58.06,63.320338
2019-11-02 14:24:00,58.14,58.14,58.09,58.1,211.746128
2019-11-02 14:23:00,58.11,58.15,58.11,58.15,84.009964
2019-11-02 14:22:00,58.09,58.12,58.09,58.11,123.209381
2019-11-02 14:21:00,58.09,58.1,58.06,58.06,169.458116
2019-11-02 14:20:00,58.13,58.15,58.09,58.09,583.36252
2019-11-02 14:19:00,58.09,58.13,58.09,58.12,248.186082
2019-11-02 14:18:00,58.12,58.12,58.09,58.09,32.016124
2019-11-02 14:17:00,58.1,58.12,58.08,58.12,73.226325
2019-11-02 14:16:00,58.07,58.08,58.06,58.08,37.067271
2019-11-02 14:15:00,58.06,58.09,58.06,58.07,468.847867
2019-11-02 14:14:00,58.09,58.09,58.06,58.07,182.981657
2019-11-02 14:13:00,58.06,58.1,58.05,58.09,214.877545
2019-11-02 14:12:00,58.08,58.08,58.04,58.05,181.662323
2019-11-02 14:11:00,58.06,58.08,58.05,58.08,69.341945
2019-11-02 14:10:00,58.06,58.06,58.05,58.06,0.830966
2019-11-02 14:09:00,58.02,58.06,58.02,58.06,203.959072
2019-11-02 14:08:00,58.03,58.04,57.99,58,184.740066
2019-11-02 14:07:00,58.01,58.06,58.01,58.06,112.129643
2019-11-02 14:06:00,58.04,58.04,57.98,58.01,178.462217
2019-11-02 14:05:00,58.06,58.07,58.04,58.05,151.189483
2019-11-02 14:04:00,58.05,58.07,58.04,58.05,172.228246
2019-11-02 14:03:00,58.07,58.07,58.04,58.05,1.03674
2019-11-02 14:02:00,58.04,58.09,58.04,58.07,48.603741
2019-11-02 14:01:00,58.06,58.07,58.04,58.04,62.738128
2019-11-02 14:00:00,58.06,58.07,58.03,58.06,241.196941
2019-11-02 13:59:00,58.02,58.06,58,58.06,837.394772
2019-11-02 13:58:00,58.04,58.06,58.03,58.04,186.422558
2019-11-02 13:57:00,58.05,58.07,58.04,58.05,122.351096
2019-11-02 13:56:00,58.05,58.05,58.01,58.03,173.437878
2019-11-02 13:55:00,58.06,58.06,58.05,58.05,0.06187
2019-11-02 13:54:00,58.08,58.08,58.05,58.05,196.889471
2019-11-02 13:53:00,58.08,58.09,58.05,58.08,57.83644
2019-11-02 13:52:00,58.11,58.12,58.08,58.09,186.327103
2019-11-02 13:51:00,58.08,58.12,58.07,58.11,94.693503
2019-11-02 13:50:00,58.09,58.09,58.05,58.07,29.49692
2019-11-02 13:49:00,58.1,58.1,58.09,58.1,1.835163
2019-11-02 13:48:00,58.1,58.1,58.09,58.09,1.661196
2019-11-02 13:47:00,58.14,58.14,58.09,58.09,61.299668
2019-11-02 13:46:00,58.14,58.17,58.13,58.14,150.194288
2019-11-02 13:45:00,58.13,58.14,58.12,58.14,20.005394
2019-11-02 13:44:00,58.12,58.14,58.11,58.13,36.601393
2019-11-02 13:43:00,58.15,58.15,58.12,58.12,23.77103
2019-11-02 13:42:00,58.14,58.15,58.14,58.15,5.338278
2019-11-02 13:41:00,58.14,58.16,58.14,58.14,128.903889
2019-11-02 13:40:00,58.12,58.12,58.11,58.12,0.950159
2019-11-02 13:39:00,58.12,58.12,58.11,58.12,0.224695
2019-11-02 13:38:00,58.11,58.14,58.11,58.12,64.73974
2019-11-02 13:37:00,58.09,58.11,58.08,58.11,119.161437
2019-11-02 13:36:00,58.09,58.09,58.05,58.08,244.840984
2019-11-02 13:35:00,57.98,58.08,57.98,58.08,360.275639
2019-11-02 13:34:00,57.99,58,57.96,57.98,261.734951
2019-11-02 13:33:00,58.02,58.02,57.99,57.99,162.634314
2019-11-02 13:32:00,58.03,58.03,58.01,58.01,1.220214
2019-11-02 13:31:00,58.04,58.04,58.03,58.04,0.313656
2019-11-02 13:30:00,58.05,58.05,58.03,58.04,207.470222
2019-11-02 13:29:00,58.06,58.06,58.05,58.05,0.072324
2019-11-02 13:28:00,58.06,58.06,58.05,58.05,2.024521
2019-11-02 13:27:00,58.03,58.05,58.03,58.05,74.382621
2019-11-02 13:26:00,58.02,58.04,58.01,58.03,65.765242
2019-11-02 13:25:00,58.02,58.03,58.01,58.02,182.251613
2019-11-02 13:24:00,58.03,58.04,58.02,58.02,25.961032
2019-11-02 13:23:00,57.98,58.04,57.98,58.03,134.706381
2019-11-02 13:22:00,58.01,58.03,57.97,57.98,155.546911
2019-11-02 13:21:00,57.96,58.01,57.95,58.01,126.523916
2019-11-02 13:20:00,57.99,57.99,57.95,57.95,133.591253
2019-11-02 13:19:00,58.02,58.02,57.99,57.99,182.956003
2019-11-02 13:18:00,58.03,58.03,58.01,58.02,103.017398
2019-11-02 13:17:00,58.06,58.06,58.02,58.02,25.755146
2019-11-02 13:16:00,58.06,58.08,58.05,58.05,111.263534
2019-11-02 13:15:00,58,58.05,58,58.05,18.564074
2019-11-02 13:14:00,58.04,58.04,58,58,152.778963
2019-11-02 13:13:00,58.05,58.05,58.04,58.04,44.12124
2019-11-02 13:12:00,58.02,58.03,57.98,58.03,472.225449
2019-11-02 13:11:00,58.03,58.04,58,58.02,523.859654
2019-11-02 13:10:00,58.03,58.03,57.97,58.03,83.530308
2019-11-02 13:09:00,58.05,58.05,58.03,58.03,137.033065
2019-11-02 13:08:00,58.01,58.05,58.01,58.01,2.422348
2019-11-02 13:07:00,57.97,58.01,57.97,58.01,3.295031
2019-11-02 13:06:00,57.92,57.97,57.91,57.97,142.656604
2019-11-02 13:05:00,57.94,57.94,57.91,57.91,111.868629
2019-11-02 13:04:00,57.94,57.96,57.94,57.94,79.607294
2019-11-02 13:03:00,57.94,57.94,57.92,57.94,374.67587
2019-11-02 13:02:00,57.93,57.95,57.92,57.93,58.197232
2019-11-02 13:01:00,57.9,57.92,57.9,57.92,4.293912
2019-11-02 13:00:00,57.92,57.92,57.9,57.9,93.786303
2019-11-02 12:59:00,57.96,57.96,57.91,57.92,65.748571
2019-11-02 12:58:00,57.97,57.97,57.95,57.96,1.811994
2019-11-02 12:57:00,57.98,57.98,57.96,57.96,8.952772
2019-11-02 12:56:00,57.94,58,57.93,57.99,175.074845
2019-11-02 12:55:00,57.93,57.95,57.93,57.95,69.379704
2019-11-02 12:54:00,57.95,57.95,57.92,57.94,34.130307
2019-11-02 12:53:00,57.98,57.98,57.92,57.95,157.224258
2019-11-02 12:52:00,57.99,57.99,57.98,57.98,0.003896
2019-11-02 12:51:00,58,58,57.97,57.99,133.655751
2019-11-02 12:50:00,57.96,58.02,57.93,58.01,128.423932
2019-11-02 12:49:00,57.93,57.98,57.92,57.97,320.816725
2019-11-02 12:48:00,57.94,57.94,57.9,57.93,207.215432
2019-11-02 12:47:00,57.92,57.95,57.92,57.94,53.41056
2019-11-02 12:46:00,57.98,57.98,57.92,57.92,221.456796
2019-11-02 12:45:00,57.99,58,57.98,57.99,145.239054
2019-11-02 12:44:00,58.02,58.03,57.99,57.99,57.60952
2019-11-02 12:43:00,58.07,58.07,58,58.06,351.33708
2019-11-02 12:42:00,58.1,58.1,58.08,58.08,1.824006
2019-11-02 12:41:00,58.09,58.1,58.09,58.09,1.35705
2019-11-02 12:40:00,58.1,58.1,58.09,58.09,0.003893
2019-11-02 12:39:00,58.08,58.08,58.06,58.08,56.801773
2019-11-02 12:38:00,58.07,58.09,58.06,58.06,231.785489
2019-11-02 12:37:00,58.07,58.08,58.06,58.07,26.553269
2019-11-02 12:36:00,58.07,58.07,58.06,58.07,0.376303
2019-11-02 12:35:00,58.07,58.07,58.06,58.06,18.447889
2019-11-02 12:34:00,58.09,58.09,58.04,58.07,235.088819
2019-11-02 12:33:00,58.07,58.1,58.07,58.09,33.061205
2019-11-02 12:32:00,58.03,58.03,58.02,58.03,2.261199
2019-11-02 12:31:00,58.03,58.03,58.02,58.02,0.118318
2019-11-02 12:30:00,58.03,58.03,58.02,58.03,49.413873
2019-11-02 12:29:00,57.99,58.06,57.99,58.02,30.944688
2019-11-02 12:28:00,57.99,57.99,57.98,57.98,62.660792
2019-11-02 12:27:00,57.98,57.99,57.97,57.98,143.99002
2019-11-02 12:26:00,57.93,58.02,57.93,57.98,761.807268
2019-11-02 12:25:00,57.93,57.95,57.92,57.95,75.598962
2019-11-02 12:24:00,57.96,57.97,57.92,57.93,216.907528
2019-11-02 12:23:00,57.98,57.99,57.95,57.96,94.850322
2019-11-02 12:22:00,58.05,58.05,57.97,57.99,473.893115
2019-11-02 12:21:00,58.05,58.05,58.04,58.04,0.003894
2019-11-02 12:20:00,58.04,58.05,58.04,58.04,104.708772
2019-11-02 12:19:00,58.04,58.04,58.03,58.04,0.516855
2019-11-02 12:18:00,58.06,58.06,58.03,58.03,59.342002
2019-11-02 12:17:00,58.05,58.05,58.04,58.05,2.357899
2019-11-02 12:16:00,58.05,58.06,58.03,58.04,106.860895
2019-11-02 12:15:00,58.02,58.05,58.01,58.05,65.373282
2019-11-02 12:14:00,58.07,58.08,58.05,58.05,362.010059
2019-11-02 12:13:00,58.07,58.08,58.06,58.07,55.694582
2019-11-02 12:12:00,58.08,58.09,58.06,58.06,40.363277
2019-11-02 12:11:00,58.1,58.1,58.04,58.07,38.236875
2019-11-02 12:10:00,58.02,58.1,58.02,58.1,232.347285
2019-11-02 12:09:00,58.06,58.06,58.02,58.02,25.982553
2019-11-02 12:08:00,58.04,58.06,58.03,58.05,49.850203
2019-11-02 12:07:00,58.06,58.06,58.04,58.04,137.335417
2019-11-02 12:06:00,58.07,58.08,58.05,58.06,75.445141
2019-11-02 12:05:00,58.15,58.15,58.06,58.07,201.709619
2019-11-02 12:04:00,58.17,58.17,58.16,58.16,11.867434
2019-11-02 12:03:00,58.17,58.17,58.16,58.16,0.008319
2019-11-02 12:02:00,58.17,58.18,58.17,58.17,1.734559
2019-11-02 12:01:00,58.13,58.17,58.12,58.17,113.246997
2019-11-02 12:00:00,58.15,58.15,58.14,58.14,48.503283
2019-11-02 11:59:00,58.2,58.2,58.14,58.15,58.996739
2019-11-02 11:58:00,58.21,58.21,58.18,58.2,112.988533
2019-11-02 11:57:00,58.22,58.23,58.2,58.23,26.041458
2019-11-02 11:56:00,58.17,58.22,58.17,58.21,78.738135
2019-11-02 11:55:00,58.21,58.23,58.17,58.17,81.715294
2019-11-02 11:54:00,58.2,58.21,58.2,58.2,0.116942
2019-11-02 11:53:00,58.22,58.22,58.18,58.19,260.813586
2019-11-02 11:52:00,58.21,58.22,58.18,58.22,233.048764
2019-11-02 11:51:00,58.17,58.22,58.15,58.22,184.092332
2019-11-02 11:50:00,58.17,58.19,58.17,58.19,168.728542
2019-11-02 11:49:00,58.18,58.2,58.15,58.17,103.236308
2019-11-02 11:48:00,58.19,58.2,58.18,58.19,28.632924
2019-11-02 11:47:00,58.18,58.22,58.17,58.19,127.82155
2019-11-02 11:46:00,58.16,58.21,58.14,58.21,9.214394
2019-11-02 11:45:00,58.12,58.18,58.11,58.17,160.420079
2019-11-02 11:44:00,58.15,58.15,58.12,58.12,77.984204
2019-11-02 11:43:00,58.17,58.18,58.14,58.15,17.591278
2019-11-02 11:42:00,58.17,58.17,58.15,58.17,333.486575
2019-11-02 11:41:00,58.19,58.21,58.17,58.18,182.341348
2019-11-02 11:40:00,58.23,58.24,58.2,58.2,121.860424
2019-11-02 11:39:00,58.25,58.25,58.22,58.23,156.011065
2019-11-02 11:38:00,58.26,58.26,58.24,58.25,292.702253
2019-11-02 11:37:00,58.27,58.28,58.25,58.25,80.601981
2019-11-02 11:36:00,58.32,58.34,58.27,58.27,482.817074
2019-11-02 11:35:00,58.32,58.32,58.29,58.31,102.808788
2019-11-02 11:34:00,58.3,58.32,58.3,58.32,52.657272
2019-11-02 11:33:00,58.28,58.31,58.27,58.3,356.643453
2019-11-02 11:32:00,58.28,58.28,58.27,58.28,9.055288
2019-11-02 11:31:00,58.26,58.28,58.26,58.27,190.917789
2019-11-02 11:30:00,58.26,58.27,58.26,58.27,28.228845
2019-11-02 11:29:00,58.27,58.27,58.26,58.26,0.003887
2019-11-02 11:28:00,58.26,58.27,58.26,58.27,48.495527
2019-11-02 11:27:00,58.28,58.28,58.26,58.26,0.507005
2019-11-02 11:26:00,58.27,58.3,58.24,58.27,94.152644
2019-11-02 11:25:00,58.28,58.28,58.27,58.27,0.102951
2019-11-02 11:24:00,58.25,58.29,58.25,58.28,182.97902
2019-11-02 11:23:00,58.25,58.25,58.24,58.24,0.009361
2019-11-02 11:22:00,58.25,58.26,58.24,58.24,44.733686
2019-11-02 11:21:00,58.24,58.26,58.24,58.24,133.395616
2019-11-02 11:20:00,58.26,58.26,58.24,58.25,43.549884
2019-11-02 11:19:00,58.24,58.26,58.23,58.25,38.133912
2019-11-02 11:18:00,58.28,58.28,58.24,58.24,355.790149
2019-11-02 11:17:00,58.29,58.29,58.26,58.27,108.018978
2019-11-02 11:16:00,58.38,58.38,58.3,58.3,273.755383
2019-11-02 11:15:00,58.34,58.38,58.34,58.37,169.260765
2019-11-02 11:14:00,58.31,58.34,58.28,58.34,303.159087
2019-11-02 11:13:00,58.33,58.36,58.29,58.31,121.712664
2019-11-02 11:12:00,58.36,58.36,58.33,58.33,117.557659
2019-11-02 11:11:00,58.36,58.39,58.35,58.35,91.234535
2019-11-02 11:10:00,58.34,58.39,58.34,58.39,210.056037
2019-11-02 11:09:00,58.35,58.38,58.33,58.35,208.632065
2019-11-02 11:08:00,58.33,58.37,58.32,58.36,10.924787
2019-11-02 11:07:00,58.31,58.4,58.31,58.33,234.256352
2019-11-02 11:06:00,58.33,58.33,58.29,58.31,34.862994
2019-11-02 11:05:00,58.32,58.34,58.25,58.32,448.101881
2019-11-02 11:04:00,58.25,58.34,58.22,58.32,194.05768
2019-11-02 11:03:00,58.26,58.28,58.24,58.24,169.642298
2019-11-02 11:02:00,58.27,58.28,58.26,58.26,109.141363
2019-11-02 11:01:00,58.25,58.3,58.25,58.28,159.21486
2019-11-02 11:00:00,58.32,58.33,58.26,58.26,113.717925
2019-11-02 10:59:00,58.29,58.35,58.28,58.35,730.729234
2019-11-02 10:58:00,58.2,58.31,58.2,58.31,264.331583
2019-11-02 10:57:00,58.17,58.23,58.17,58.22,643.313174
2019-11-02 10:56:00,58.21,58.22,58.15,58.17,374.191072
2019-11-02 10:55:00,58.21,58.22,58.18,58.21,299.798208
2019-11-02 10:54:00,58.15,58.21,58.15,58.21,195.655345
2019-11-02 10:53:00,58.15,58.18,58.14,58.15,121.426356
2019-11-02 10:52:00,58.12,58.17,58.11,58.15,160.67272
2019-11-02 10:51:00,58.13,58.14,58.11,58.13,378.711722
2019-11-02 10:50:00,58.15,58.16,58.12,58.14,293.972938
2019-11-02 10:49:00,58.15,58.21,58.14,58.15,409.710854
2019-11-02 10:48:00,58.13,58.16,58.11,58.16,305.841648
2019-11-02 10:47:00,58.1,58.13,58.07,58.12,182.506754
2019-11-02 10:46:00,58.12,58.15,58.1,58.1,197.135193
2019-11-02 10:45:00,58.09,58.19,58.09,58.13,302.737715
2019-11-02 10:44:00,58.09,58.1,58.04,58.09,217.829969
2019-11-02 10:43:00,58.04,58.09,58.03,58.09,41.751403
2019-11-02 10:42:00,58.06,58.06,58.03,58.04,122.469578
2019-11-02 10:41:00,58.06,58.08,58.05,58.06,284.695821
2019-11-02 10:40:00,58.04,58.07,58.04,58.06,12.092996
2019-11-02 10:39:00,58.03,58.05,58.02,58.05,247.8262
2019-11-02 10:38:00,58.04,58.05,58.02,58.04,80.823398
2019-11-02 10:37:00,58.07,58.07,58.05,58.05,139.605838
2019-11-02 10:36:00,58.07,58.07,58.04,58.06,51.971827
2019-11-02 10:35:00,58.05,58.1,58.05,58.07,83.672704
2019-11-02 10:34:00,58.07,58.11,58.05,58.05,159.481837
2019-11-02 10:33:00,58.07,58.1,58.07,58.07,5.666893
2019-11-02 10:32:00,58.05,58.08,58.05,58.07,124.991862
2019-11-02 10:31:00,58.01,58.07,58.01,58.06,199.711703
2019-11-02 10:30:00,58,58.02,57.99,58.02,327.324238
2019-11-02 10:29:00,57.98,58.02,57.94,58,105.658595
2019-11-02 10:28:00,58.02,58.02,57.97,57.98,220.952138
2019-11-02 10:27:00,58.02,58.04,58.02,58.04,132.858634
2019-11-02 10:26:00,57.95,58.01,57.95,58.01,123.909138
2019-11-02 10:25:00,57.99,57.99,57.96,57.96,22.539632
2019-11-02 10:24:00,58.01,58.01,58,58,79.204434
2019-11-02 10:23:00,58.02,58.02,58,58.01,37.565794
2019-11-02 10:22:00,58.04,58.04,58,58.01,84.947371
2019-11-02 10:21:00,58.05,58.05,58.04,58.04,16.085705
2019-11-02 10:20:00,58.05,58.05,58.05,58.05,3.230672
2019-11-02 10:19:00,58.05,58.05,58.04,58.04,1.355604
2019-11-02 10:18:00,58.06,58.06,58.05,58.05,12.299475
2019-11-02 10:17:00,58.06,58.09,58.05,58.07,249.214033
2019-11-02 10:16:00,58.12,58.14,58.06,58.06,79.002057
2019-11-02 10:15:00,58.12,58.12,58.12,58.12,0.303434
2019-11-02 10:14:00,58.12,58.15,58.1,58.1,62.404655
2019-11-02 10:13:00,58.09,58.13,58.08,58.12,129.362431
2019-11-02 10:12:00,58.09,58.09,58.09,58.09,31.251063
2019-11-02 10:11:00,58.11,58.11,58.05,58.09,120.285837
2019-11-02 10:10:00,58.1,58.13,58.09,58.11,222.219611
2019-11-02 10:09:00,58.1,58.1,58.05,58.1,600.037918
2019-11-02 10:08:00,58.13,58.13,58.1,58.1,10.823473
2019-11-02 10:07:00,58.13,58.13,58.12,58.12,0.085894
2019-11-02 10:06:00,58.13,58.13,58.13,58.13,0.001892
2019-11-02 10:05:00,58.14,58.14,58.12,58.13,51.385811
2019-11-02 10:04:00,58.14,58.14,58.13,58.14,29.81733
2019-11-02 10:03:00,58.13,58.14,58.12,58.14,11.428397
2019-11-02 10:02:00,58.13,58.14,58.13,58.13,21.719361
2019-11-02 10:01:00,58.12,58.14,58.1,58.13,319.415736
2019-11-02 10:00:00,58.1,58.13,58.1,58.12,156.258348
2019-11-02 09:59:00,58.11,58.11,58.07,58.09,74.549113
2019-11-02 09:58:00,58.1,58.12,58.1,58.11,511.054152
2019-11-02 09:57:00,58.11,58.12,58.08,58.09,114.332497
2019-11-02 09:56:00,58.13,58.13,58.12,58.12,47.411039
2019-11-02 09:55:00,58.13,58.13,58.08,58.12,42.114827
2019-11-02 09:54:00,58.14,58.15,58.13,58.14,48.995661
2019-11-02 09:53:00,58.15,58.15,58.12,58.14,382.581983
2019-11-02 09:52:00,58.07,58.16,58.07,58.15,1256.263146
2019-11-02 09:51:00,58.09,58.09,58.07,58.08,155.808801
2019-11-02 09:50:00,58.12,58.13,58.09,58.09,64.441101
2019-11-02 09:49:00,58.17,58.19,58.11,58.12,375.722439
2019-11-02 09:48:00,58.18,58.19,58.16,58.17,189.577953
2019-11-02 09:47:00,58.12,58.2,58.12,58.19,519.992885
2019-11-02 09:46:00,58.14,58.16,58.09,58.12,340.843814
2019-11-02 09:45:00,58.19,58.19,58.13,58.13,708.034813
2019-11-02 09:44:00,58.24,58.24,58.2,58.2,300.228186
2019-11-02 09:43:00,58.27,58.27,58.22,58.24,139.66342
2019-11-02 09:42:00,58.23,58.27,58.23,58.27,3.220051
2019-11-02 09:41:00,58.21,58.27,58.21,58.23,294.711059
2019-11-02 09:40:00,58.24,58.24,58.2,58.21,35.004718
2019-11-02 09:39:00,58.18,58.25,58.18,58.24,359.357236
2019-11-02 09:38:00,58.18,58.18,58.15,58.17,83.242172
2019-11-02 09:37:00,58.22,58.23,58.2,58.2,10.85098
2019-11-02 09:36:00,58.2,58.22,58.17,58.2,221.411106
2019-11-02 09:35:00,58.26,58.26,58.19,58.19,17.579402
2019-11-02 09:34:00,58.26,58.27,58.26,58.26,51.341039
2019-11-02 09:33:00,58.24,58.26,58.24,58.26,121.543403
2019-11-02 09:32:00,58.3,58.3,58.21,58.24,46.303996
2019-11-02 09:31:00,58.29,58.3,58.28,58.29,95.082892
2019-11-02 09:30:00,58.27,58.29,58.27,58.28,9.248188
2019-11-02 09:29:00,58.27,58.3,58.27,58.29,29.251165
2019-11-02 09:28:00,58.29,58.29,58.27,58.27,10.330852
2019-11-02 09:27:00,58.26,58.3,58.26,58.28,34.113989
2019-11-02 09:26:00,58.21,58.27,58.19,58.25,336.507533
2019-11-02 09:25:00,58.18,58.2,58.18,58.2,180.991344
2019-11-02 09:24:00,58.19,58.21,58.16,58.18,125.364065
2019-11-02 09:23:00,58.16,58.2,58.14,58.19,189.341292
2019-11-02 09:22:00,58.2,58.21,58.14,58.14,554.752702
2019-11-02 09:21:00,58.21,58.21,58.17,58.18,368.226092
2019-11-02 09:20:00,58.19,58.24,58.19,58.21,38.326898
2019-11-02 09:19:00,58.24,58.24,58.16,58.19,467.410823
2019-11-02 09:18:00,58.3,58.31,58.23,58.25,150.799483
2019-11-02 09:17:00,58.31,58.31,58.25,58.28,392.598707
2019-11-02 09:16:00,58.44,58.46,58.32,58.32,386.953072
2019-11-02 09:15:00,58.39,58.44,58.36,58.43,516.554569
2019-11-02 09:14:00,58.34,58.39,58.34,58.39,286.315269
2019-11-02 09:13:00,58.27,58.36,58.27,58.35,272.075577
2019-11-02 09:12:00,58.25,58.27,58.25,58.26,108.48296
2019-11-02 09:11:00,58.23,58.25,58.22,58.25,97.631999
2019-11-02 09:10:00,58.29,58.3,58.23,58.25,131.334326
2019-11-02 09:09:00,58.35,58.38,58.29,58.29,397.78283
2019-11-02 09:08:00,58.34,58.34,58.34,58.34,0.180089
2019-11-02 09:07:00,58.33,58.4,58.33,58.34,276.258747
2019-11-02 09:06:00,58.32,58.36,58.32,58.33,223.602541
2019-11-02 09:05:00,58.33,58.33,58.32,58.32,99.128146
2019-11-02 09:04:00,58.33,58.33,58.31,58.33,121.977405
2019-11-02 09:03:00,58.33,58.36,58.33,58.34,317.604634
2019-11-02 09:02:00,58.33,58.35,58.31,58.32,269.741013
2019-11-02 09:01:00,58.25,58.33,58.25,58.33,399.68033
2019-11-02 09:00:00,58.24,58.26,58.23,58.24,3.58957
2019-11-02 08:59:00,58.25,58.26,58.23,58.25,249.634843
2019-11-02 08:58:00,58.3,58.31,58.23,58.23,223.46063
2019-11-02 08:57:00,58.27,58.31,58.26,58.3,176.418189
2019-11-02 08:56:00,58.3,58.3,58.27,58.27,127.108776
2019-11-02 08:55:00,58.29,58.34,58.29,58.31,163.089337
2019-11-02 08:54:00,58.25,58.3,58.24,58.3,2.622436
2019-11-02 08:53:00,58.24,58.25,58.24,58.24,58.299831
2019-11-02 08:52:00,58.19,58.25,58.14,58.21,334.793846
2019-11-02 08:51:00,58.15,58.19,58.15,58.18,190.804604
2019-11-02 08:50:00,58.08,58.16,58.08,58.14,181.849612
2019-11-02 08:49:00,58.08,58.08,58.07,58.08,44.303178
2019-11-02 08:48:00,58.08,58.08,58.07,58.08,0.252514
2019-11-02 08:47:00,58.08,58.08,58.07,58.08,0.76395
2019-11-02 08:46:00,58.08,58.08,58.08,58.08,0.001893
2019-11-02 08:45:00,58.08,58.08,58.08,58.08,13.997169
2019-11-02 08:44:00,58.06,58.08,58.06,58.07,115.436721
2019-11-02 08:43:00,58.1,58.11,58.07,58.07,329.663608
2019-11-02 08:42:00,58.13,58.13,58.09,58.11,176.736988
2019-11-02 08:41:00,58.14,58.14,58.09,58.12,109.777347
2019-11-02 08:40:00,58.13,58.15,58.13,58.15,365.567339
2019-11-02 08:39:00,58.12,58.13,58.11,58.11,191.579915
2019-11-02 08:38:00,58.09,58.14,58.09,58.13,358.288353
2019-11-02 08:37:00,58.11,58.11,58.09,58.09,99.855904
2019-11-02 08:36:00,58.1,58.11,58.09,58.1,44.328004
2019-11-02 08:35:00,58.1,58.11,58.09,58.11,148.901606
2019-11-02 08:34:00,58.06,58.08,58.05,58.08,156.014763
2019-11-02 08:33:00,58.03,58.06,58.03,58.05,60.963766
2019-11-02 08:32:00,57.97,58.05,57.97,58.02,49.445876
2019-11-02 08:31:00,57.99,57.99,57.94,57.96,128.087822
2019-11-02 08:30:00,58.02,58.02,57.99,58,58.256187
2019-11-02 08:29:00,58.07,58.07,58.03,58.03,71.63707
2019-11-02 08:28:00,58.08,58.08,58.07,58.08,1.14564
2019-11-02 08:27:00,58.1,58.1,58.06,58.08,175.307928
2019-11-02 08:26:00,58,58.11,57.99,58.11,119.429745
2019-11-02 08:25:00,58,58.01,58,58,8.769815
2019-11-02 08:24:00,58.06,58.06,57.97,58,520.91819
2019-11-02 08:23:00,58.06,58.07,58.05,58.07,71.420124
2019-11-02 08:22:00,58.06,58.12,58.06,58.06,139.207325
2019-11-02 08:21:00,58.15,58.17,58.06,58.06,189.51286
2019-11-02 08:20:00,58.19,58.2,58.15,58.18,151.226042
2019-11-02 08:19:00,58.22,58.23,58.19,58.19,317.050142
2019-11-02 08:18:00,58.25,58.26,58.22,58.22,295.007574
2019-11-02 08:17:00,58.26,58.28,58.25,58.25,121.414761
2019-11-02 08:16:00,58.28,58.28,58.24,58.25,151.125502
2019-11-02 08:15:00,58.22,58.29,58.22,58.28,152.704017
2019-11-02 08:14:00,58.2,58.22,58.2,58.22,297.986774
2019-11-02 08:13:00,58.2,58.22,58.2,58.2,90.157899
2019-11-02 08:12:00,58.19,58.22,58.17,58.2,292.578063
2019-11-02 08:11:00,58.28,58.3,58.21,58.21,440.125353
2019-11-02 08:10:00,58.33,58.34,58.28,58.28,96.627703
2019-11-02 08:09:00,58.32,58.35,58.32,58.33,102.062382
2019-11-02 08:08:00,58.33,58.33,58.32,58.33,2.879014
2019-11-02 08:07:00,58.31,58.35,58.31,58.32,197.986574
2019-11-02 08:06:00,58.33,58.33,58.32,58.32,122.755151
2019-11-02 08:05:00,58.37,58.37,58.33,58.33,98.542151
2019-11-02 08:04:00,58.3,58.37,58.3,58.35,243.172126
2019-11-02 08:03:00,58.32,58.32,58.3,58.3,55.715575
2019-11-02 08:02:00,58.36,58.36,58.31,58.32,215.19318
2019-11-02 08:01:00,58.36,58.36,58.33,58.33,219.411992
2019-11-02 08:00:00,58.26,58.33,58.25,58.33,501.609533
2019-11-02 07:59:00,58.26,58.26,58.24,58.24,80.294568
2019-11-02 07:58:00,58.26,58.26,58.23,58.24,49.91552
2019-11-02 07:57:00,58.25,58.26,58.25,58.25,204.101535
2019-11-02 07:56:00,58.24,58.25,58.24,58.25,411.179866
2019-11-02 07:55:00,58.24,58.25,58.22,58.24,111.404895
2019-11-02 07:54:00,58.25,58.25,58.24,58.24,0.461588
2019-11-02 07:53:00,58.24,58.26,58.24,58.25,197.814745
2019-11-02 07:52:00,58.26,58.27,58.25,58.25,42.395962
2019-11-02 07:51:00,58.26,58.27,58.25,58.25,72.554948
2019-11-02 07:50:00,58.26,58.28,58.25,58.26,402.585534
2019-11-02 07:49:00,58.28,58.28,58.25,58.25,47.689398
2019-11-02 07:48:00,58.27,58.28,58.27,58.28,4.697501
2019-11-02 07:47:00,58.25,58.28,58.24,58.27,99.496544
2019-11-02 07:46:00,58.27,58.27,58.24,58.26,34.043055
2019-11-02 07:45:00,58.25,58.3,58.24,58.3,291.158141
2019-11-02 07:44:00,58.3,58.3,58.24,58.28,199.019564
2019-11-02 07:43:00,58.3,58.3,58.28,58.3,247.43244
2019-11-02 07:42:00,58.37,58.38,58.29,58.3,350.15826
2019-11-02 07:41:00,58.36,58.38,58.36,58.37,50.639319
2019-11-02 07:40:00,58.36,58.38,58.36,58.36,136.349958
2019-11-02 07:39:00,58.36,58.37,58.34,58.36,44.781981
2019-11-02 07:38:00,58.33,58.36,58.31,58.36,45.391362
2019-11-02 07:37:00,58.27,58.34,58.27,58.33,616.585488
2019-11-02 07:36:00,58.24,58.27,58.24,58.27,123.978067
2019-11-02 07:35:00,58.24,58.24,58.23,58.23,1.1
2019-11-02 07:34:00,58.22,58.25,58.21,58.24,204.492406
2019-11-02 07:33:00,58.24,58.24,58.21,58.21,288.319176
2019-11-02 07:32:00,58.24,58.24,58.23,58.23,10.501608
2019-11-02 07:31:00,58.2,58.22,58.2,58.22,38.22523
2019-11-02 07:30:00,58.2,58.21,58.2,58.2,5.270881
2019-11-02 07:29:00,58.22,58.22,58.21,58.21,102.662557
2019-11-02 07:28:00,58.19,58.24,58.19,58.24,234.022989
2019-11-02 07:27:00,58.21,58.24,58.18,58.2,52.091525
2019-11-02 07:26:00,58.13,58.17,58.12,58.17,122.107401
2019-11-02 07:25:00,58.17,58.17,58.14,58.14,269.648468
2019-11-02 07:24:00,58.18,58.19,58.15,58.17,82.388258
2019-11-02 07:23:00,58.23,58.24,58.16,58.16,347.402738
2019-11-02 07:22:00,58.22,58.24,58.22,58.24,1.027227
2019-11-02 07:21:00,58.2,58.25,58.2,58.24,366.98629
2019-11-02 07:20:00,58.09,58.21,58.09,58.19,345.242932
2019-11-02 07:19:00,58.08,58.08,58.08,58.08,0.007721
2019-11-02 07:18:00,58.08,58.08,58.08,58.08,0.007843
2019-11-02 07:17:00,58.15,58.15,58.08,58.08,109.740845
2019-11-02 07:16:00,58.15,58.16,58.14,58.15,102.22286
2019-11-02 07:15:00,58.16,58.17,58.13,58.17,49.551961
2019-11-02 07:14:00,58.19,58.19,58.15,58.15,204.004983
2019-11-02 07:13:00,58.2,58.21,58.16,58.19,21.81117
2019-11-02 07:12:00,58.15,58.22,58.15,58.21,129.311879
2019-11-02 07:11:00,58.16,58.17,58.15,58.16,74.349635
2019-11-02 07:10:00,58.18,58.2,58.14,58.17,346.504003
2019-11-02 07:09:00,58.23,58.23,58.19,58.19,311.697528
2019-11-02 07:08:00,58.2,58.22,58.2,58.22,89.285421
2019-11-02 07:07:00,58.18,58.19,58.16,58.19,124.504408
2019-11-02 07:06:00,58.18,58.18,58.18,58.18,25.8846
2019-11-02 07:05:00,58.18,58.2,58.16,58.18,196.621548
2019-11-02 07:04:00,58.08,58.2,58.06,58.16,2048.46081
2019-11-02 07:03:00,58.13,58.15,58.07,58.07,9.589074
2019-11-02 07:02:00,58.17,58.17,58.09,58.13,532.450369
2019-11-02 07:01:00,58.19,58.19,58.18,58.18,114.639691
2019-11-02 07:00:00,58.06,58.19,58.06,58.19,59.30537
2019-11-02 06:59:00,58.12,58.12,58.04,58.06,215.842471
2019-11-02 06:58:00,58.15,58.15,58.13,58.13,2.236694
2019-11-02 06:57:00,58.15,58.15,58.14,58.15,99.350286
2019-11-02 06:56:00,58.1,58.15,58.1,58.15,45.907205
2019-11-02 06:55:00,58.07,58.09,58.06,58.09,159.897349
2019-11-02 06:54:00,58.1,58.1,58.06,58.07,23.770849
2019-11-02 06:53:00,58.1,58.11,58.1,58.11,253.770785
2019-11-02 06:52:00,58.1,58.1,58.1,58.1,0.002
2019-11-02 06:51:00,58.13,58.13,58.1,58.11,99.544039
2019-11-02 06:50:00,58.13,58.14,58.13,58.13,24.45307
2019-11-02 06:49:00,58.13,58.14,58.11,58.13,320.632462
2019-11-02 06:48:00,58.16,58.16,58.1,58.1,61.712692
2019-11-02 06:47:00,58.2,58.2,58.18,58.19,94.006164
2019-11-02 06:46:00,58.2,58.22,58.2,58.21,226.046543
2019-11-02 06:45:00,58.2,58.21,58.18,58.18,187.272448
2019-11-02 06:44:00,58.17,58.19,58.15,58.19,49.097149
2019-11-02 06:43:00,58.16,58.23,58.16,58.18,303.771495
2019-11-02 06:42:00,58.14,58.17,58.13,58.14,163.846342
2019-11-02 06:41:00,58.14,58.18,58.13,58.14,104.458063
2019-11-02 06:40:00,58.16,58.16,58.13,58.13,42.793295
2019-11-02 06:39:00,58.16,58.16,58.16,58.16,38.18303
2019-11-02 06:38:00,58.17,58.17,58.13,58.16,152.008102
2019-11-02 06:37:00,58.18,58.18,58.16,58.17,133.624244
2019-11-02 06:36:00,58.18,58.18,58.16,58.18,38.335916
2019-11-02 06:35:00,58.22,58.22,58.18,58.2,120.30465
2019-11-02 06:34:00,58.2,58.22,58.2,58.21,37.258698
2019-11-02 06:33:00,58.21,58.21,58.19,58.21,209.472833
2019-11-02 06:32:00,58.26,58.27,58.18,58.18,49.131876
2019-11-02 06:31:00,58.29,58.36,58.26,58.26,507.277816
2019-11-02 06:30:00,58.26,58.29,58.26,58.29,9.585939
2019-11-02 06:29:00,58.24,58.25,58.2,58.25,109.368073
2019-11-02 06:28:00,58.12,58.21,58.12,58.21,90.828421
2019-11-02 06:27:00,58.11,58.13,58.11,58.13,211.41648
2019-11-02 06:26:00,58.08,58.1,58.07,58.1,141.569275
2019-11-02 06:25:00,58.06,58.08,58.03,58.08,68.417831
2019-11-02 06:24:00,58.08,58.1,58.05,58.06,50.089793
2019-11-02 06:23:00,58.13,58.13,58.04,58.08,159.221292
2019-11-02 06:22:00,58.03,58.13,58.01,58.13,255.319026
2019-11-02 06:21:00,58.06,58.06,58.02,58.02,107.42483
2019-11-02 06:20:00,58.11,58.11,58.03,58.05,334.383677
2019-11-02 06:19:00,58.11,58.14,58.1,58.12,292.266148
2019-11-02 06:18:00,58.13,58.19,58.12,58.12,96.944312
2019-11-02 06:17:00,58.04,58.12,58.04,58.12,83.542324
2019-11-02 06:16:00,58.11,58.15,58.04,58.05,388.961855
2019-11-02 06:15:00,58.23,58.23,58.1,58.12,283.269236
2019-11-02 06:14:00,58.28,58.28,58.23,58.23,79.448766
2019-11-02 06:13:00,58.31,58.31,58.24,58.28,70.234797
2019-11-02 06:12:00,58.23,58.37,58.23,58.34,245.40394
2019-11-02 06:11:00,58.4,58.4,58.19,58.23,258.619762
2019-11-02 06:10:00,58.5,58.57,58.37,58.41,1032.222546
2019-11-02 06:09:00,58.41,58.5,58.41,58.5,289.642011
2019-11-02 06:08:00,58.47,58.47,58.39,58.41,399.53409
2019-11-02 06:07:00,58.47,58.47,58.45,58.46,18.033525
2019-11-02 06:06:00,58.45,58.47,58.45,58.47,22.050236
2019-11-02 06:05:00,58.45,58.48,58.44,58.46,87.665629
2019-11-02 06:04:00,58.41,58.46,58.39,58.45,121.809157
2019-11-02 06:03:00,58.44,58.45,58.41,58.41,109.329323
2019-11-02 06:02:00,58.42,58.48,58.41,58.47,466.197236
2019-11-02 06:01:00,58.47,58.5,58.43,58.44,812.856732
2019-11-02 06:00:00,58.4,58.47,58.37,58.47,324.704439
2019-11-02 05:59:00,58.3,58.4,58.3,58.4,284.958633
2019-11-02 05:58:00,58.28,58.28,58.27,58.28,20.373637
2019-11-02 05:57:00,58.27,58.28,58.27,58.27,0.679719
2019-11-02 05:56:00,58.28,58.28,58.24,58.27,210.334345
2019-11-02 05:55:00,58.31,58.33,58.3,58.3,131.134505
2019-11-02 05:54:00,58.28,58.31,58.28,58.31,132.928212
2019-11-02 05:53:00,58.3,58.31,58.25,58.29,167.122287
2019-11-02 05:52:00,58.3,58.31,58.28,58.31,4.32479
2019-11-02 05:51:00,58.44,58.44,58.28,58.3,376.520451
2019-11-02 05:50:00,58.29,58.49,58.29,58.43,389.354162
2019-11-02 05:49:00,58.24,58.3,58.24,58.3,103.25825
2019-11-02 05:48:00,58.19,58.23,58.15,58.23,518.103574
2019-11-02 05:47:00,58.18,58.18,58.17,58.18,329.30436
2019-11-02 05:46:00,58.23,58.23,58.17,58.19,98.930624
2019-11-02 05:45:00,58.31,58.31,58.24,58.24,16.143865
2019-11-02 05:44:00,58.36,58.36,58.26,58.28,395.228767
2019-11-02 05:43:00,58.26,58.35,58.25,58.35,80.89791
2019-11-02 05:42:00,58.06,58.25,58.06,58.24,394.163158
2019-11-02 05:41:00,58.06,58.06,58.05,58.05,8.909597
2019-11-02 05:40:00,58.06,58.06,58.05,58.06,63.874759
2019-11-02 05:39:00,58.06,58.06,58.05,58.06,0.561334
2019-11-02 05:38:00,58.14,58.14,58.05,58.06,32.101453
2019-11-02 05:37:00,58.22,58.22,58.15,58.15,254.742148
2019-11-02 05:36:00,58.27,58.27,58.22,58.22,90.837611
2019-11-02 05:35:00,58.26,58.26,58.25,58.26,16.43934
2019-11-02 05:34:00,58.27,58.27,58.24,58.25,95.050897
2019-11-02 05:33:00,58.27,58.27,58.26,58.26,0.003887
2019-11-02 05:32:00,58.27,58.27,58.26,58.26,0.008058
2019-11-02 05:31:00,58.26,58.27,58.26,58.26,37.276619
2019-11-02 05:30:00,58.28,58.28,58.24,58.26,180.414041
2019-11-02 05:29:00,58.31,58.31,58.27,58.27,70.987256
2019-11-02 05:28:00,58.33,58.33,58.29,58.33,71.11568
2019-11-02 05:27:00,58.34,58.35,58.3,58.32,268.56334
2019-11-02 05:26:00,58.32,58.36,58.3,58.33,340.250356
2019-11-02 05:25:00,58.33,58.35,58.32,58.33,176.996972
2019-11-02 05:24:00,58.31,58.33,58.3,58.3,220.388779
2019-11-02 05:23:00,58.32,58.33,58.3,58.3,387.564975
2019-11-02 05:22:00,58.33,58.34,58.3,58.32,215.319647
2019-11-02 05:21:00,58.32,58.34,58.29,58.32,28.905299
2019-11-02 05:20:00,58.32,58.34,58.31,58.32,36.578408
2019-11-02 05:19:00,58.32,58.34,58.31,58.32,140.75839
2019-11-02 05:18:00,58.33,58.34,58.3,58.32,241.33099
2019-11-02 05:17:00,58.33,58.33,58.3,58.33,41.441121
2019-11-02 05:16:00,58.31,58.33,58.3,58.33,60.405874
2019-11-02 05:15:00,58.3,58.31,58.29,58.31,130.768881
2019-11-02 05:14:00,58.34,58.35,58.29,58.29,359.811787
2019-11-02 05:13:00,58.45,58.46,58.33,58.35,258.788139
2019-11-02 05:12:00,58.44,58.47,58.42,58.43,580.243319
2019-11-02 05:11:00,58.42,58.45,58.41,58.44,143.019404
2019-11-02 05:10:00,58.41,58.45,58.41,58.43,288.388122
2019-11-02 05:09:00,58.4,58.41,58.39,58.41,95.693563
2019-11-02 05:08:00,58.35,58.46,58.35,58.39,617.366519
2019-11-02 05:07:00,58.34,58.38,58.34,58.35,436.532664
2019-11-02 05:06:00,58.41,58.43,58.33,58.34,192.413666
2019-11-02 05:05:00,58.39,58.43,58.37,58.4,298.779736
2019-11-02 05:04:00,58.36,58.45,58.36,58.4,342.447472
2019-11-02 05:03:00,58.35,58.37,58.33,58.36,149.630768
2019-11-02 05:02:00,58.21,58.37,58.21,58.34,511.741683
2019-11-02 05:01:00,58.15,58.21,58.15,58.2,149.49923
2019-11-02 05:00:00,58.12,58.16,58.12,58.14,79.474684
2019-11-02 04:59:00,58.13,58.15,58.12,58.13,463.463967
2019-11-02 04:58:00,58.11,58.12,58.08,58.12,216.555832
2019-11-02 04:57:00,58.1,58.14,58.08,58.08,132.856102
2019-11-02 04:56:00,58.11,58.15,58.1,58.12,119.913094
2019-11-02 04:55:00,58.13,58.14,58.1,58.11,246.804592
2019-11-02 04:54:00,58.1,58.11,58.09,58.11,46.201104
2019-11-02 04:53:00,58.1,58.12,58.09,58.1,118.648912
2019-11-02 04:52:00,58.09,58.13,58.08,58.12,1145.725535
2019-11-02 04:51:00,58.11,58.11,58.07,58.09,120.362854
2019-11-02 04:50:00,58.11,58.12,58.1,58.11,42.387725
2019-11-02 04:49:00,58.08,58.12,58.08,58.11,217.202879
2019-11-02 04:48:00,58.05,58.08,58.05,58.08,144.892458
2019-11-02 04:47:00,57.96,58.12,57.96,58.04,1131.011164
2019-11-02 04:46:00,57.94,57.97,57.93,57.95,182.970154
2019-11-02 04:45:00,57.9,57.93,57.89,57.92,164.717747
2019-11-02 04:44:00,57.9,57.93,57.9,57.91,94.103341
2019-11-02 04:43:00,57.9,57.9,57.87,57.9,152.660519
2019-11-02 04:42:00,57.92,57.92,57.88,57.89,213.147344
2019-11-02 04:41:00,57.93,57.93,57.92,57.92,1.992675
2019-11-02 04:40:00,57.93,57.94,57.92,57.93,30.930522
2019-11-02 04:39:00,57.93,57.94,57.92,57.93,62.399596
2019-11-02 04:38:00,57.92,57.96,57.91,57.94,143.761394
2019-11-02 04:37:00,57.9,57.91,57.9,57.91,0.808568
2019-11-02 04:36:00,57.89,57.91,57.88,57.91,43.6656
2019-11-02 04:35:00,57.89,57.89,57.87,57.88,83.338676
2019-11-02 04:34:00,57.92,57.93,57.88,57.88,303.480162
2019-11-02 04:33:00,57.94,57.95,57.92,57.92,56.623142
2019-11-02 04:32:00,57.95,57.99,57.94,57.95,757.613783
2019-11-02 04:31:00,57.96,57.97,57.94,57.96,138.269012
2019-11-02 04:30:00,57.97,57.97,57.91,57.96,57.310062
2019-11-02 04:29:00,57.9,57.98,57.9,57.98,96.418743
2019-11-02 04:28:00,57.88,57.91,57.87,57.91,48.764874
2019-11-02 04:27:00,57.89,57.92,57.88,57.88,369.890499
2019-11-02 04:26:00,57.88,57.89,57.83,57.89,115.784134
2019-11-02 04:25:00,57.83,57.89,57.8,57.89,638.936451
2019-11-02 04:24:00,57.74,57.87,57.74,57.84,123.637832
2019-11-02 04:23:00,57.74,57.76,57.71,57.73,278.300908
2019-11-02 04:22:00,57.77,57.8,57.74,57.74,109.587162
2019-11-02 04:21:00,57.82,57.82,57.74,57.78,294.255086
2019-11-02 04:20:00,57.82,57.82,57.81,57.81,0.556457
2019-11-02 04:19:00,57.86,57.87,57.81,57.81,64.336787
2019-11-02 04:18:00,57.77,57.87,57.72,57.87,238.61652
2019-11-02 04:17:00,57.82,57.82,57.78,57.78,140.121272
2019-11-02 04:16:00,57.87,57.87,57.81,57.82,282.013354
2019-11-02 04:15:00,57.92,57.95,57.87,57.88,91.923005
2019-11-02 04:14:00,57.98,57.99,57.91,57.92,47.433281
2019-11-02 04:13:00,57.93,58.05,57.91,58,689.813941
2019-11-02 04:12:00,57.95,57.96,57.9,57.92,68.868942
2019-11-02 04:11:00,57.86,57.9,57.8,57.9,966.871256
2019-11-02 04:10:00,57.77,57.99,57.76,57.86,1256.823254
2019-11-02 04:09:00,57.77,57.77,57.76,57.76,7.029282
2019-11-02 04:08:00,57.75,57.78,57.7,57.78,148.892543
2019-11-02 04:07:00,57.77,57.79,57.75,57.75,72.651453
2019-11-02 04:06:00,57.77,57.77,57.74,57.77,159.255899
2019-11-02 04:05:00,57.75,57.78,57.74,57.77,8.637785
2019-11-02 04:04:00,57.74,57.78,57.74,57.75,183.892403
2019-11-02 04:03:00,57.72,57.76,57.72,57.74,56.928595
2019-11-02 04:02:00,57.76,57.8,57.71,57.72,270.723893
2019-11-02 04:01:00,57.74,57.78,57.74,57.76,210.538608
2019-11-02 04:00:00,57.68,57.81,57.68,57.75,334.66434
2019-11-02 03:59:00,57.66,57.71,57.66,57.68,34.531151
2019-11-02 03:58:00,57.68,57.68,57.64,57.65,88.17739
2019-11-02 03:57:00,57.69,57.69,57.64,57.68,51.018605
2019-11-02 03:56:00,57.67,57.72,57.67,57.7,200.100609
2019-11-02 03:55:00,57.65,57.68,57.63,57.66,220.791648
2019-11-02 03:54:00,57.65,57.72,57.63,57.64,524.103349
2019-11-02 03:53:00,57.63,57.65,57.63,57.64,0.009843
2019-11-02 03:52:00,57.66,57.66,57.6,57.62,395.056308
2019-11-02 03:51:00,57.64,57.66,57.63,57.66,0.766263
2019-11-02 03:50:00,57.63,57.65,57.62,57.64,9.468578
2019-11-02 03:49:00,57.62,57.62,57.59,57.62,132.939723
2019-11-02 03:48:00,57.6,57.62,57.59,57.62,151.853256
2019-11-02 03:47:00,57.65,57.65,57.59,57.6,359.855921
2019-11-02 03:46:00,57.63,57.66,57.63,57.65,165.058124
2019-11-02 03:45:00,57.6,57.66,57.6,57.63,212.090811
2019-11-02 03:44:00,57.63,57.66,57.62,57.62,268.016693
2019-11-02 03:43:00,57.61,57.64,57.61,57.63,99.629025
2019-11-02 03:42:00,57.6,57.61,57.6,57.6,42.016052
2019-11-02 03:41:00,57.59,57.59,57.56,57.59,29.219822
2019-11-02 03:40:00,57.59,57.59,57.58,57.59,132.879123
2019-11-02 03:39:00,57.6,57.62,57.58,57.59,96.499031
2019-11-02 03:38:00,57.59,57.59,57.56,57.59,67.40218
2019-11-02 03:37:00,57.56,57.59,57.56,57.58,133.384326
2019-11-02 03:36:00,57.57,57.57,57.54,57.54,44.129204
2019-11-02 03:35:00,57.66,57.67,57.56,57.57,677.417921
2019-11-02 03:34:00,57.66,57.67,57.65,57.67,36.424423
2019-11-02 03:33:00,57.59,57.66,57.58,57.66,138.760112
2019-11-02 03:32:00,57.59,57.59,57.58,57.59,3.054027
2019-11-02 03:31:00,57.58,57.61,57.57,57.58,139.440473
2019-11-02 03:30:00,57.61,57.63,57.59,57.59,96.915837
2019-11-02 03:29:00,57.63,57.63,57.55,57.61,173.961728
2019-11-02 03:28:00,57.63,57.65,57.62,57.64,111.357971
2019-11-02 03:27:00,57.65,57.65,57.61,57.64,154.816014
2019-11-02 03:26:00,57.66,57.72,57.65,57.65,193.910122
2019-11-02 03:25:00,57.67,57.68,57.64,57.64,39.369774
2019-11-02 03:24:00,57.68,57.69,57.67,57.67,1.295654
2019-11-02 03:23:00,57.69,57.7,57.67,57.68,95.624807
2019-11-02 03:22:00,57.67,57.68,57.65,57.68,134.439601
2019-11-02 03:21:00,57.63,57.68,57.63,57.67,69.299864
2019-11-02 03:20:00,57.63,57.67,57.62,57.62,134.099923
2019-11-02 03:19:00,57.66,57.7,57.65,57.65,27.870313
2019-11-02 03:18:00,57.66,57.67,57.65,57.66,40.375495
2019-11-02 03:17:00,57.64,57.65,57.6,57.65,159.535479
2019-11-02 03:16:00,57.71,57.71,57.66,57.66,40.066953
2019-11-02 03:15:00,57.68,57.74,57.68,57.72,20.882247
2019-11-02 03:14:00,57.67,57.68,57.66,57.68,12.279477
2019-11-02 03:13:00,57.69,57.69,57.62,57.68,262.062466
2019-11-02 03:12:00,57.75,57.75,57.71,57.71,187.557236
2019-11-02 03:11:00,57.74,57.75,57.73,57.75,61.95223
2019-11-02 03:10:00,57.78,57.79,57.74,57.74,58.704739
2019-11-02 03:09:00,57.8,57.8,57.74,57.79,107.37712
2019-11-02 03:08:00,57.86,57.87,57.82,57.82,122.009388
2019-11-02 03:07:00,57.82,57.87,57.82,57.86,335.77051
2019-11-02 03:06:00,57.81,57.82,57.81,57.81,1.05911
2019-11-02 03:05:00,57.78,57.83,57.78,57.82,86.998824
2019-11-02 03:04:00,57.72,57.8,57.72,57.77,852.482751
2019-11-02 03:03:00,57.72,57.72,57.71,57.71,0.003905
2019-11-02 03:02:00,57.72,57.72,57.71,57.72,1.563958
2019-11-02 03:01:00,57.75,57.76,57.71,57.71,283.864784
2019-11-02 03:00:00,57.7,57.75,57.7,57.74,74.294186
2019-11-02 02:59:00,57.67,57.71,57.67,57.7,70.648685
2019-11-02 02:58:00,57.68,57.68,57.66,57.67,89.982125
2019-11-02 02:57:00,57.71,57.74,57.69,57.7,360.507908
2019-11-02 02:56:00,57.69,57.71,57.69,57.7,5.229255
2019-11-02 02:55:00,57.72,57.72,57.68,57.68,48.485012
2019-11-02 02:54:00,57.7,57.73,57.7,57.72,62.075374
2019-11-02 02:53:00,57.72,57.72,57.69,57.69,1.710926
2019-11-02 02:52:00,57.73,57.73,57.72,57.73,5.504615
2019-11-02 02:51:00,57.75,57.76,57.73,57.73,188.613817
2019-11-02 02:50:00,57.77,57.78,57.74,57.76,102.717233
2019-11-02 02:49:00,57.8,57.8,57.77,57.77,211.796588
2019-11-02 02:48:00,57.78,57.79,57.78,57.79,39.360574
2019-11-02 02:47:00,57.8,57.8,57.79,57.79,151.410091
2019-11-02 02:46:00,57.82,57.85,57.79,57.8,165.871268
2019-11-02 02:45:00,57.81,57.85,57.81,57.82,125.727377
2019-11-02 02:44:00,57.7,57.81,57.7,57.81,37.412586
2019-11-02 02:43:00,57.68,57.72,57.68,57.69,8.034299
2019-11-02 02:42:00,57.72,57.73,57.68,57.68,94.491536
2019-11-02 02:41:00,57.79,57.81,57.73,57.73,62.479235
2019-11-02 02:40:00,57.71,57.8,57.71,57.79,84.348855
2019-11-02 02:39:00,57.76,57.76,57.71,57.71,54.530226
2019-11-02 02:38:00,57.76,57.79,57.76,57.77,109.337308
2019-11-02 02:37:00,57.76,57.89,57.74,57.76,648.835325
2019-11-02 02:36:00,57.78,57.79,57.74,57.74,278.534223
2019-11-02 02:35:00,57.62,57.8,57.62,57.76,930.638504
2019-11-02 02:34:00,57.61,57.64,57.61,57.64,56.474543
2019-11-02 02:33:00,57.62,57.63,57.61,57.61,0.563732
2019-11-02 02:32:00,57.61,57.62,57.6,57.62,41.511386
2019-11-02 02:31:00,57.6,57.63,57.59,57.61,205.941575
2019-11-02 02:30:00,57.62,57.62,57.61,57.61,0.7371
2019-11-02 02:29:00,57.57,57.62,57.57,57.62,59.818324
2019-11-02 02:28:00,57.61,57.62,57.57,57.57,260.064716
2019-11-02 02:27:00,57.62,57.65,57.62,57.62,26.159072
2019-11-02 02:26:00,57.68,57.7,57.61,57.62,504.790386
2019-11-02 02:25:00,57.69,57.72,57.69,57.69,61.458423
2019-11-02 02:24:00,57.63,57.66,57.62,57.66,2.155092
2019-11-02 02:23:00,57.64,57.66,57.62,57.62,3.184083
2019-11-02 02:22:00,57.59,57.65,57.58,57.64,71.608229
2019-11-02 02:21:00,57.59,57.59,57.56,57.58,4.390308
2019-11-02 02:20:00,57.59,57.6,57.58,57.58,17.712988
2019-11-02 02:19:00,57.55,57.58,57.54,57.58,265.051645
2019-11-02 02:18:00,57.56,57.56,57.55,57.55,51.120968
2019-11-02 02:17:00,57.58,57.58,57.57,57.57,107.385779
2019-11-02 02:16:00,57.57,57.57,57.57,57.57,0.00191
2019-11-02 02:15:00,57.59,57.59,57.56,57.56,105.254698
2019-11-02 02:14:00,57.6,57.6,57.58,57.59,65.714068
2019-11-02 02:13:00,57.59,57.6,57.59,57.59,54.339582
2019-11-02 02:12:00,57.59,57.61,57.58,57.59,29.941882
2019-11-02 02:11:00,57.61,57.61,57.58,57.58,1.004301
2019-11-02 02:10:00,57.61,57.61,57.58,57.6,4.872625
2019-11-02 02:09:00,57.57,57.61,57.57,57.61,196.344798
2019-11-02 02:08:00,57.62,57.62,57.56,57.57,215.617987
2019-11-02 02:07:00,57.64,57.65,57.63,57.63,12.150479
2019-11-02 02:06:00,57.67,57.69,57.64,57.65,201.459817
2019-11-02 02:05:00,57.69,57.7,57.68,57.68,304.423695
2019-11-02 02:04:00,57.67,57.69,57.67,57.69,216.167384
2019-11-02 02:03:00,57.78,57.78,57.67,57.69,87.377286
2019-11-02 02:02:00,57.73,57.79,57.73,57.77,251.469082
2019-11-02 02:01:00,57.67,57.71,57.66,57.71,106.788436
2019-11-02 02:00:00,57.61,57.66,57.6,57.66,48.292071
2019-11-02 01:59:00,57.6,57.62,57.58,57.61,178.566822
2019-11-02 01:58:00,57.58,57.59,57.55,57.59,261.617011
2019-11-02 01:57:00,57.56,57.58,57.56,57.56,11.912639
2019-11-02 01:56:00,57.56,57.58,57.56,57.56,495.080865
2019-11-02 01:55:00,57.58,57.58,57.56,57.56,9.62841
2019-11-02 01:54:00,57.58,57.59,57.58,57.59,26.219914
2019-11-02 01:53:00,57.58,57.58,57.57,57.58,2.499491
2019-11-02 01:52:00,57.6,57.61,57.57,57.57,75.403409
2019-11-02 01:51:00,57.58,57.6,57.58,57.6,233.012786
2019-11-02 01:50:00,57.59,57.6,57.54,57.58,124.56053
2019-11-02 01:49:00,57.59,57.59,57.59,57.59,2.033624
2019-11-02 01:48:00,57.59,57.61,57.58,57.59,12.200126
2019-11-02 01:47:00,57.57,57.61,57.56,57.59,68.873598
2019-11-02 01:46:00,57.55,57.56,57.54,57.56,3.091997
2019-11-02 01:45:00,57.56,57.56,57.55,57.56,1.325681
2019-11-02 01:44:00,57.6,57.6,57.54,57.55,98.009891
2019-11-02 01:43:00,57.58,57.59,57.57,57.59,68.716971
2019-11-02 01:42:00,57.59,57.61,57.57,57.59,297.334502
2019-11-02 01:41:00,57.57,57.58,57.57,57.57,36.881099
2019-11-02 01:40:00,57.55,57.57,57.55,57.57,8.90782
2019-11-02 01:39:00,57.58,57.59,57.55,57.56,120.273978
2019-11-02 01:38:00,57.6,57.6,57.57,57.57,67.207634
2019-11-02 01:37:00,57.67,57.68,57.59,57.59,277.635165
2019-11-02 01:36:00,57.7,57.7,57.64,57.65,8.645683
2019-11-02 01:35:00,57.72,57.79,57.68,57.7,621.360029
2019-11-02 01:34:00,57.75,57.85,57.73,57.75,593.924973
2019-11-02 01:33:00,57.7,57.74,57.7,57.74,154.066367
2019-11-02 01:32:00,57.68,57.72,57.67,57.7,31.327749
2019-11-02 01:31:00,57.63,57.68,57.63,57.66,238.600483
2019-11-02 01:30:00,57.62,57.66,57.62,57.66,174.29335
2019-11-02 01:29:00,57.64,57.64,57.59,57.62,2132.199014
2019-11-02 01:28:00,57.64,57.68,57.58,57.68,66.561724
2019-11-02 01:27:00,57.6,57.63,57.58,57.63,703.439548
2019-11-02 01:26:00,57.67,57.72,57.6,57.61,436.768516
2019-11-02 01:25:00,57.55,57.66,57.55,57.66,829.481114
2019-11-02 01:24:00,57.48,57.54,57.48,57.54,170.988534
2019-11-02 01:23:00,57.56,57.57,57.48,57.48,251.685615
2019-11-02 01:22:00,57.54,57.58,57.51,57.55,258.488558
2019-11-02 01:21:00,57.55,57.59,57.55,57.55,291.253721
2019-11-02 01:20:00,57.62,57.62,57.55,57.55,83.73229
2019-11-02 01:19:00,57.62,57.65,57.62,57.62,171.129446
2019-11-02 01:18:00,57.63,57.64,57.61,57.62,61.533417
2019-11-02 01:17:00,57.61,57.65,57.61,57.63,335.190065
2019-11-02 01:16:00,57.63,57.65,57.59,57.62,87.201473
2019-11-02 01:15:00,57.67,57.67,57.62,57.63,130.78857
2019-11-02 01:14:00,57.71,57.72,57.66,57.67,72.911848
2019-11-02 01:13:00,57.72,57.73,57.7,57.7,251.646404
2019-11-02 01:12:00,57.65,57.7,57.62,57.7,183.746173
2019-11-02 01:11:00,57.68,57.68,57.64,57.66,93.39107
2019-11-02 01:10:00,57.81,57.82,57.62,57.66,415.891161
2019-11-02 01:09:00,57.75,57.82,57.74,57.82,45.540855
2019-11-02 01:08:00,57.71,57.76,57.7,57.74,168.56559
2019-11-02 01:07:00,57.68,57.71,57.68,57.69,89.202397
2019-11-02 01:06:00,57.63,57.7,57.63,57.69,118.751583
2019-11-02 01:05:00,57.58,57.65,57.58,57.63,366.682473
2019-11-02 01:04:00,57.61,57.66,57.58,57.58,225.182395
2019-11-02 01:03:00,57.58,57.62,57.56,57.62,156.6166
2019-11-02 01:02:00,57.58,57.59,57.54,57.56,208.961599
2019-11-02 01:01:00,57.64,57.64,57.58,57.59,163.906491
2019-11-02 01:00:00,57.62,57.69,57.59,57.64,1621.153923
2019-11-02 00:59:00,57.66,57.74,57.62,57.63,1012.580078
2019-11-02 00:58:00,57.45,57.84,57.45,57.67,4311.078847
2019-11-02 00:57:00,57.46,57.46,57.42,57.43,139.595882
2019-11-02 00:56:00,57.46,57.46,57.45,57.46,172.660659
2019-11-02 00:55:00,57.44,57.5,57.44,57.47,605.823014
2019-11-02 00:54:00,57.48,57.48,57.44,57.44,587.316379
2019-11-02 00:53:00,57.4,57.49,57.39,57.47,941.817051
2019-11-02 00:52:00,57.4,57.4,57.39,57.39,34.284918
2019-11-02 00:51:00,57.41,57.42,57.39,57.41,225.811897
2019-11-02 00:50:00,57.37,57.42,57.37,57.41,119.246033
2019-11-02 00:49:00,57.42,57.42,57.37,57.37,144.640156
2019-11-02 00:48:00,57.4,57.42,57.38,57.39,213.202214
2019-11-02 00:47:00,57.39,57.42,57.38,57.42,114.543462
2019-11-02 00:46:00,57.42,57.42,57.38,57.42,342.810063
2019-11-02 00:45:00,57.43,57.43,57.41,57.41,22.379949
2019-11-02 00:44:00,57.44,57.44,57.43,57.44,137.026549
2019-11-02 00:43:00,57.46,57.48,57.46,57.46,31.650297
2019-11-02 00:42:00,57.42,57.46,57.42,57.45,561.108029
2019-11-02 00:41:00,57.43,57.45,57.42,57.42,359.764543
2019-11-02 00:40:00,57.48,57.5,57.43,57.43,952.384744
2019-11-02 00:39:00,57.46,57.49,57.46,57.49,269.779188
2019-11-02 00:38:00,57.49,57.49,57.47,57.47,1.318487
2019-11-02 00:37:00,57.46,57.5,57.46,57.49,561.862234
2019-11-02 00:36:00,57.49,57.5,57.44,57.46,121.467115
2019-11-02 00:35:00,57.38,57.47,57.38,57.47,129.92973
2019-11-02 00:34:00,57.38,57.38,57.37,57.38,230.927305
2019-11-02 00:33:00,57.37,57.42,57.35,57.39,93.496511
2019-11-02 00:32:00,57.39,57.42,57.37,57.38,389.74358
2019-11-02 00:31:00,57.37,57.38,57.29,57.38,511.80373
2019-11-02 00:30:00,57.47,57.49,57.38,57.38,337.841229
2019-11-02 00:29:00,57.36,57.5,57.36,57.5,399.843291
2019-11-02 00:28:00,57.45,57.47,57.35,57.35,392.36304
2019-11-02 00:27:00,57.42,57.47,57.41,57.47,698.801801
2019-11-02 00:26:00,57.44,57.48,57.43,57.43,245.683626
2019-11-02 00:25:00,57.41,57.43,57.38,57.43,72.834233
2019-11-02 00:24:00,57.38,57.43,57.38,57.42,44.116508
2019-11-02 00:23:00,57.52,57.54,57.38,57.38,175.092143
2019-11-02 00:22:00,57.47,57.54,57.47,57.52,257.208294
2019-11-02 00:21:00,57.52,57.53,57.42,57.45,567.906343
2019-11-02 00:20:00,57.5,57.54,57.47,57.52,345.017665
2019-11-02 00:19:00,57.45,57.53,57.45,57.51,563.114399
2019-11-02 00:18:00,57.34,57.56,57.34,57.46,773.166866
2019-11-02 00:17:00,57.35,57.35,57.33,57.34,36.825565
2019-11-02 00:16:00,57.31,57.35,57.3,57.34,198.630538
2019-11-02 00:15:00,57.3,57.34,57.3,57.32,112.617253
2019-11-02 00:14:00,57.28,57.34,57.28,57.29,205.778777
2019-11-02 00:13:00,57.22,57.3,57.22,57.28,204.804581
2019-11-02 00:12:00,57.32,57.32,57.22,57.22,407.55099
2019-11-02 00:11:00,57.25,57.38,57.09,57.32,3282.002772
2019-11-02 00:10:00,57.37,57.37,57.25,57.26,92.901664
2019-11-02 00:09:00,57.33,57.37,57.31,57.36,141.779501
2019-11-02 00:08:00,57.25,57.34,57.25,57.33,1162.520652
2019-11-02 00:07:00,57.2,57.28,57.18,57.25,414.362923
2019-11-02 00:06:00,57.27,57.27,57.16,57.2,575.688069
2019-11-02 00:05:00,57.28,57.29,57.22,57.27,937.00403
2019-11-02 00:04:00,57.07,57.28,57.05,57.28,925.472227
2019-11-02 00:03:00,57.21,57.3,56.96,57.05,1240.889873
2019-11-02 00:02:00,57.28,57.37,57.14,57.21,1629.528207
2019-11-02 00:01:00,57.27,57.38,57.04,57.28,4477.579365
2019-11-02 00:00:00,57.12,57.29,56.61,57.27,11904.728164