2019-11-07 23:59:00,60.85,60.93,60.85,60.87,394.090365
2019-11-07 23:58:00,60.86,60.92,60.85,60.85,457.065815
2019-11-07 23:57:00,60.92,61,60.86,60.86,1476.447528
2019-11-07 23:56:00,60.91,61.02,60.77,60.94,2436.920042
2019-11-07 23:55:00,61.08,61.09,60.85,60.95,4034.91545
2019-11-07 23:54:00,61.23,61.23,61.08,61.08,2862.161801
2019-11-07 23:53:00,61.33,61.33,61.21,61.23,2498.455772
2019-11-07 23:52:00,61.34,61.36,61.3,61.34,1103.875497
2019-11-07 23:51:00,61.33,61.36,61.3,61.35,528.03714
2019-11-07 23:50:00,61.3,61.35,61.3,61.33,419.191367
2019-11-07 23:49:00,61.26,61.3,61.26,61.3,202.89052
2019-11-07 23:48:00,61.41,61.41,61.25,61.26,333.051409
2019-11-07 23:47:00,61.42,61.42,61.42,61.42,128.4
2019-11-07 23:46:00,61.49,61.49,61.44,61.44,74.591085
2019-11-07 23:45:00,61.55,61.55,61.54,61.54,175.499894
2019-11-07 23:44:00,61.56,61.56,61.49,61.56,296.726151
2019-11-07 23:43:00,61.58,61.6,61.57,61.57,270.400732
2019-11-07 23:42:00,61.65,61.65,61.58,61.58,631.100332
2019-11-07 23:41:00,61.7,61.7,61.65,61.65,2.649086
2019-11-07 23:40:00,61.79,61.79,61.71,61.73,373.168917
2019-11-07 23:39:00,61.75,61.79,61.75,61.79,59.502825
2019-11-07 23:38:00,61.75,61.77,61.75,61.77,48.295984
2019-11-07 23:37:00,61.67,61.73,61.67,61.72,368.240998
2019-11-07 23:36:00,61.67,61.67,61.66,61.66,36.062312
2019-11-07 23:35:00,61.67,61.68,61.67,61.68,20.879494
2019-11-07 23:34:00,61.74,61.74,61.64,61.65,672.874914
2019-11-07 23:33:00,61.78,61.78,61.75,61.75,37.010747
2019-11-07 23:32:00,61.76,61.76,61.76,61.76,0
2019-11-07 23:31:00,61.78,61.78,61.76,61.76,54.894466
2019-11-07 23:30:00,61.87,61.87,61.8,61.81,1025.73195
2019-11-07 23:29:00,61.88,61.88,61.88,61.88,0
2019-11-07 23:28:00,61.85,61.88,61.85,61.88,59.912617
2019-11-07 23:27:00,61.77,61.82,61.73,61.82,737.362577
2019-11-07 23:26:00,61.78,61.79,61.77,61.77,170.660429
2019-11-07 23:25:00,61.8,61.8,61.77,61.77,0.624593
2019-11-07 23:24:00,61.81,61.82,61.81,61.81,13.506226
2019-11-07 23:23:00,61.83,61.83,61.76,61.81,369.538867
2019-11-07 23:22:00,61.84,61.85,61.81,61.81,42.675037
2019-11-07 23:21:00,61.83,61.84,61.83,61.84,55.640042
2019-11-07 23:20:00,61.79,61.84,61.79,61.83,433.152654
2019-11-07 23:19:00,61.81,61.81,61.79,61.79,348.833806
2019-11-07 23:18:00,61.83,61.83,61.81,61.81,0.637158
2019-11-07 23:17:00,61.83,61.83,61.82,61.83,9.740296
2019-11-07 23:16:00,61.84,61.84,61.83,61.84,55.948443
2019-11-07 23:15:00,61.88,61.88,61.81,61.83,284.958131
2019-11-07 23:14:00,61.92,61.92,61.88,61.88,78.35076
2019-11-07 23:13:00,61.97,62.02,61.91,61.92,1253.826527
2019-11-07 23:12:00,61.95,61.97,61.95,61.97,30.959754
2019-11-07 23:11:00,61.92,61.96,61.92,61.94,368.459752
2019-11-07 23:10:00,61.91,61.92,61.87,61.92,143.521308
2019-11-07 23:09:00,61.85,61.93,61.85,61.91,525.959259
2019-11-07 23:08:00,61.84,61.85,61.84,61.85,73.956642
2019-11-07 23:07:00,61.83,61.84,61.83,61.84,2.532297
2019-11-07 23:06:00,61.83,61.83,61.83,61.83,114.616697
2019-11-07 23:05:00,61.84,61.85,61.82,61.82,158.388337
2019-11-07 23:04:00,61.86,61.87,61.84,61.84,387.932997
2019-11-07 23:03:00,61.87,61.88,61.86,61.87,61.535218
2019-11-07 23:02:00,61.83,61.86,61.82,61.86,149.230153
2019-11-07 23:01:00,61.9,61.9,61.81,61.81,488.857575
2019-11-07 23:00:00,61.89,61.9,61.87,61.9,90.280763
2019-11-07 22:59:00,61.88,61.88,61.88,61.88,3.133683
2019-11-07 22:58:00,61.91,62.11,61.86,61.86,4767.419628
2019-11-07 22:57:00,61.94,61.95,61.87,61.92,3323.035244
2019-11-07 22:56:00,61.97,61.98,61.95,61.95,792.989832
2019-11-07 22:55:00,61.92,61.96,61.92,61.96,187.88212
2019-11-07 22:54:00,61.84,62,61.84,61.93,3792.93913
2019-11-07 22:53:00,61.8,61.87,61.8,61.82,576.278542
2019-11-07 22:52:00,61.77,61.82,61.77,61.8,581.415647
2019-11-07 22:51:00,61.82,61.82,61.76,61.77,248.981892
2019-11-07 22:50:00,61.85,61.87,61.83,61.83,207.704264
2019-11-07 22:49:00,61.86,61.86,61.83,61.83,491.561499
2019-11-07 22:48:00,61.86,61.87,61.86,61.86,20.104701
2019-11-07 22:47:00,61.83,61.89,61.83,61.85,673.520193
2019-11-07 22:46:00,61.85,61.85,61.82,61.82,145.201815
2019-11-07 22:45:00,61.85,61.88,61.85,61.86,82.844895
2019-11-07 22:44:00,61.84,61.85,61.84,61.84,310.217842
2019-11-07 22:43:00,61.82,61.84,61.82,61.84,9.575905
2019-11-07 22:42:00,61.83,61.84,61.82,61.83,393.283166
2019-11-07 22:41:00,61.86,61.93,61.85,61.85,1421.481401
2019-11-07 22:40:00,61.84,61.87,61.84,61.86,218.466353
2019-11-07 22:39:00,61.83,61.83,61.83,61.83,110.2093
2019-11-07 22:38:00,61.79,61.83,61.79,61.83,268.475383
2019-11-07 22:37:00,61.77,61.83,61.77,61.79,179.918626
2019-11-07 22:36:00,61.77,61.77,61.77,61.77,0.155829
2019-11-07 22:35:00,61.77,61.77,61.76,61.76,103.76179
2019-11-07 22:34:00,61.76,61.81,61.75,61.77,1143.157362
2019-11-07 22:33:00,61.75,61.76,61.75,61.76,61.463157
2019-11-07 22:32:00,61.7,61.75,61.7,61.75,43.23376
2019-11-07 22:31:00,61.7,61.7,61.69,61.7,0.117308
2019-11-07 22:30:00,61.72,61.72,61.69,61.7,108.723959
2019-11-07 22:29:00,61.72,61.74,61.72,61.73,116.76366
2019-11-07 22:28:00,61.7,61.72,61.7,61.72,110.747565
2019-11-07 22:27:00,61.71,61.72,61.7,61.7,20.879537
2019-11-07 22:26:00,61.74,61.74,61.71,61.71,119.930619
2019-11-07 22:25:00,61.73,61.73,61.73,61.73,32.767748
2019-11-07 22:24:00,61.73,61.74,61.71,61.74,220.150588
2019-11-07 22:23:00,61.76,61.76,61.73,61.74,111.702083
2019-11-07 22:22:00,61.75,61.75,61.74,61.75,1.23223
2019-11-07 22:21:00,61.78,61.78,61.76,61.76,141.959938
2019-11-07 22:20:00,61.71,61.78,61.71,61.78,15.454799
2019-11-07 22:19:00,61.72,61.75,61.71,61.72,234.474732
2019-11-07 22:18:00,61.63,61.72,61.63,61.72,736.606023
2019-11-07 22:17:00,61.61,61.61,61.6,61.6,162.713514
2019-11-07 22:16:00,61.59,61.61,61.57,61.61,329.60075
2019-11-07 22:15:00,61.55,61.6,61.54,61.57,157.912854
2019-11-07 22:14:00,61.54,61.56,61.53,61.55,185.295781
2019-11-07 22:13:00,61.54,61.55,61.54,61.54,12.884943
2019-11-07 22:12:00,61.53,61.57,61.53,61.55,306.043432
2019-11-07 22:11:00,61.54,61.54,61.53,61.53,2.523604
2019-11-07 22:10:00,61.59,61.59,61.53,61.53,104.793621
2019-11-07 22:09:00,61.57,61.59,61.57,61.59,449.280558
2019-11-07 22:08:00,61.56,61.57,61.55,61.57,125.814591
2019-11-07 22:07:00,61.54,61.56,61.51,61.56,183.403129
2019-11-07 22:06:00,61.6,61.6,61.55,61.56,648.336563
2019-11-07 22:05:00,61.6,61.63,61.6,61.61,81.965906
2019-11-07 22:04:00,61.57,61.6,61.55,61.6,123.067802
2019-11-07 22:03:00,61.6,61.6,61.54,61.56,68.597669
2019-11-07 22:02:00,61.64,61.64,61.58,61.59,221.895319
2019-11-07 22:01:00,61.67,61.67,61.64,61.64,2.90481
2019-11-07 22:00:00,61.67,61.67,61.67,61.67,15.13274
2019-11-07 21:59:00,61.67,61.68,61.67,61.67,56.03592
2019-11-07 21:58:00,61.75,61.75,61.67,61.67,619.053364
2019-11-07 21:57:00,61.75,61.78,61.75,61.78,23.1
2019-11-07 21:56:00,61.73,61.76,61.72,61.76,223.426944
2019-11-07 21:55:00,61.74,61.74,61.71,61.73,464.652097
2019-11-07 21:54:00,61.75,61.79,61.71,61.73,1733.800539
2019-11-07 21:53:00,61.72,61.75,61.72,61.74,397.260786
2019-11-07 21:52:00,61.69,61.73,61.69,61.72,341.778545
2019-11-07 21:51:00,61.67,61.71,61.67,61.69,321.958239
2019-11-07 21:50:00,61.66,61.72,61.66,61.67,740.696772
2019-11-07 21:49:00,61.69,61.69,61.66,61.66,185.863044
2019-11-07 21:48:00,61.73,61.73,61.69,61.69,450.067768
2019-11-07 21:47:00,61.71,61.76,61.69,61.73,422.633266
2019-11-07 21:46:00,61.85,61.85,61.68,61.72,5244.618718
2019-11-07 21:45:00,61.86,61.92,61.86,61.86,378.175567
2019-11-07 21:44:00,61.87,61.87,61.81,61.86,282.817126
2019-11-07 21:43:00,61.82,61.87,61.82,61.87,77.508269
2019-11-07 21:42:00,61.82,61.86,61.82,61.82,563.563976
2019-11-07 21:41:00,61.87,61.9,61.8,61.82,656.363481
2019-11-07 21:40:00,61.83,61.89,61.82,61.86,256.033751
2019-11-07 21:39:00,61.79,61.88,61.77,61.85,1774.182159
2019-11-07 21:38:00,61.78,61.8,61.78,61.8,93.840953
2019-11-07 21:37:00,61.77,61.78,61.76,61.77,62.584584
2019-11-07 21:36:00,61.75,61.77,61.74,61.77,57.891903
2019-11-07 21:35:00,61.73,61.73,61.71,61.71,177.337348
2019-11-07 21:34:00,61.76,61.76,61.69,61.75,554.122674
2019-11-07 21:33:00,61.72,61.75,61.66,61.75,1359.354778
2019-11-07 21:32:00,61.75,61.75,61.67,61.74,1031.900138
2019-11-07 21:31:00,61.68,61.78,61.68,61.75,849.813724
2019-11-07 21:30:00,61.68,61.68,61.67,61.68,123.695521
2019-11-07 21:29:00,61.67,61.69,61.66,61.67,190.139971
2019-11-07 21:28:00,61.65,61.68,61.65,61.65,148.36325
2019-11-07 21:27:00,61.65,61.67,61.62,61.65,105.532745
2019-11-07 21:26:00,61.64,61.67,61.64,61.66,145.987054
2019-11-07 21:25:00,61.64,61.67,61.62,61.63,1185.160321
2019-11-07 21:24:00,61.59,61.64,61.59,61.63,139.38614
2019-11-07 21:23:00,61.58,61.59,61.58,61.59,0.940825
2019-11-07 21:22:00,61.56,61.6,61.55,61.58,1533.364496
2019-11-07 21:21:00,61.66,61.67,61.55,61.55,536.388977
2019-11-07 21:20:00,61.64,61.68,61.64,61.68,221.828864
2019-11-07 21:19:00,61.6,61.65,61.6,61.64,473.110759
2019-11-07 21:18:00,61.61,61.64,61.57,61.6,1243.101942
2019-11-07 21:17:00,61.54,61.6,61.53,61.6,243.940697
2019-11-07 21:16:00,61.49,61.54,61.49,61.53,202.776102
2019-11-07 21:15:00,61.47,61.51,61.47,61.5,229.611182
2019-11-07 21:14:00,61.52,61.52,61.46,61.46,141.540353
2019-11-07 21:13:00,61.51,61.54,61.51,61.51,39.573452
2019-11-07 21:12:00,61.61,61.61,61.51,61.51,74.291286
2019-11-07 21:11:00,61.62,61.62,61.59,61.61,97.493656
2019-11-07 21:10:00,61.63,61.65,61.6,61.62,235.873691
2019-11-07 21:09:00,61.59,61.63,61.59,61.63,119.791134
2019-11-07 21:08:00,61.66,61.67,61.55,61.59,1271.291351
2019-11-07 21:07:00,61.61,61.66,61.61,61.66,254.974524
2019-11-07 21:06:00,61.54,61.61,61.54,61.61,621.843455
2019-11-07 21:05:00,61.48,61.54,61.48,61.54,511.33636
2019-11-07 21:04:00,61.44,61.49,61.44,61.49,45.116565
2019-11-07 21:03:00,61.46,61.46,61.44,61.44,20.353716
2019-11-07 21:02:00,61.4,61.47,61.4,61.46,544.648685
2019-11-07 21:01:00,61.4,61.4,61.39,61.4,77.029217
2019-11-07 21:00:00,61.51,61.51,61.4,61.4,798.136018
2019-11-07 20:59:00,61.45,61.55,61.45,61.51,1097.472035
2019-11-07 20:58:00,61.45,61.45,61.45,61.45,30.598212
2019-11-07 20:57:00,61.44,61.44,61.44,61.44,0.531164
2019-11-07 20:56:00,61.45,61.45,61.42,61.44,293.654674
2019-11-07 20:55:00,61.5,61.5,61.44,61.44,68.527513
2019-11-07 20:54:00,61.44,61.51,61.44,61.5,412.012736
2019-11-07 20:53:00,61.42,61.42,61.42,61.42,0
2019-11-07 20:52:00,61.47,61.47,61.4,61.42,190.424177
2019-11-07 20:51:00,61.41,61.47,61.4,61.47,343.143742
2019-11-07 20:50:00,61.37,61.39,61.37,61.39,79.718449
2019-11-07 20:49:00,61.24,61.4,61.23,61.37,1650.790299
2019-11-07 20:48:00,61.24,61.26,61.22,61.25,206.395508
2019-11-07 20:47:00,61.31,61.32,61.23,61.26,574.282994
2019-11-07 20:46:00,61.44,61.44,61.27,61.31,1558.614491
2019-11-07 20:45:00,61.43,61.44,61.38,61.44,789.681631
2019-11-07 20:44:00,61.46,61.46,61.42,61.45,317.832348
2019-11-07 20:43:00,61.44,61.47,61.44,61.47,201.471185
2019-11-07 20:42:00,61.39,61.45,61.39,61.44,585.8565
2019-11-07 20:41:00,61.42,61.42,61.31,61.41,2038.13589
2019-11-07 20:40:00,61.39,61.43,61.37,61.42,118.264406
2019-11-07 20:39:00,61.42,61.44,61.32,61.42,2281.028216
2019-11-07 20:38:00,61.39,61.43,61.37,61.42,1353.59802
2019-11-07 20:37:00,61.45,61.45,61.36,61.38,295.619609
2019-11-07 20:36:00,61.46,61.46,61.44,61.44,80.714331
2019-11-07 20:35:00,61.45,61.45,61.45,61.45,30.1288
2019-11-07 20:34:00,61.49,61.5,61.44,61.46,90.346699
2019-11-07 20:33:00,61.47,61.49,61.47,61.48,230.163756
2019-11-07 20:32:00,61.4,61.47,61.37,61.46,374.580048
2019-11-07 20:31:00,61.42,61.42,61.3,61.41,831.501732
2019-11-07 20:30:00,61.48,61.48,61.38,61.42,849.009363
2019-11-07 20:29:00,61.51,61.52,61.46,61.5,101.856783
2019-11-07 20:28:00,61.57,61.58,61.46,61.48,527.332478
2019-11-07 20:27:00,61.6,61.6,61.56,61.57,94.404525
2019-11-07 20:26:00,61.55,61.59,61.53,61.59,371.414867
2019-11-07 20:25:00,61.57,61.58,61.57,61.58,0.007996
2019-11-07 20:24:00,61.55,61.57,61.49,61.57,761.021858
2019-11-07 20:23:00,61.52,61.57,61.49,61.57,707.234671
2019-11-07 20:22:00,61.57,61.57,61.54,61.54,5.321552
2019-11-07 20:21:00,61.6,61.6,61.57,61.58,80.496385
2019-11-07 20:20:00,61.65,61.65,61.6,61.6,808.243448
2019-11-07 20:19:00,61.66,61.66,61.66,61.66,168.060413
2019-11-07 20:18:00,61.66,61.66,61.66,61.66,0.00101
2019-11-07 20:17:00,61.64,61.67,61.64,61.65,116.180855
2019-11-07 20:16:00,61.64,61.66,61.62,61.63,407.556315
2019-11-07 20:15:00,61.68,61.69,61.64,61.64,188.137989
2019-11-07 20:14:00,61.69,61.7,61.67,61.67,199.91354
2019-11-07 20:13:00,61.72,61.75,61.67,61.67,803.268988
2019-11-07 20:12:00,61.65,61.78,61.65,61.73,1015.069823
2019-11-07 20:11:00,61.65,61.66,61.64,61.65,444.659442
2019-11-07 20:10:00,61.71,61.77,61.65,61.66,237.002686
2019-11-07 20:09:00,61.67,61.72,61.67,61.71,372.635381
2019-11-07 20:08:00,61.6,61.67,61.6,61.67,151.965549
2019-11-07 20:07:00,61.5,61.59,61.5,61.59,153.384079
2019-11-07 20:06:00,61.36,61.52,61.36,61.5,717.954627
2019-11-07 20:05:00,61.37,61.37,61.36,61.36,26.017176
2019-11-07 20:04:00,61.34,61.4,61.33,61.4,275.151755
2019-11-07 20:03:00,61.38,61.38,61.32,61.35,410.067361
2019-11-07 20:02:00,61.4,61.4,61.35,61.38,247.556255
2019-11-07 20:01:00,61.44,61.46,61.38,61.41,1335.492463
2019-11-07 20:00:00,61.47,61.48,61.45,61.45,422.803181
2019-11-07 19:59:00,61.57,61.57,61.46,61.47,279.100006
2019-11-07 19:58:00,61.54,61.58,61.54,61.57,199.663356
2019-11-07 19:57:00,61.52,61.56,61.51,61.53,315.025033
2019-11-07 19:56:00,61.57,61.58,61.54,61.54,21.675516
2019-11-07 19:55:00,61.58,61.6,61.56,61.59,242.537833
2019-11-07 19:54:00,61.57,61.62,61.57,61.58,84.813038
2019-11-07 19:53:00,61.57,61.59,61.55,61.56,250.916689
2019-11-07 19:52:00,61.61,61.61,61.56,61.57,217.913121
2019-11-07 19:51:00,61.6,61.62,61.6,61.62,296.932341
2019-11-07 19:50:00,61.58,61.59,61.58,61.59,74.125255
2019-11-07 19:49:00,61.57,61.59,61.57,61.58,161.013649
2019-11-07 19:48:00,61.6,61.61,61.58,61.58,320.21386
2019-11-07 19:47:00,61.54,61.61,61.54,61.6,267.046958
2019-11-07 19:46:00,61.54,61.55,61.54,61.54,120.399151
2019-11-07 19:45:00,61.5,61.55,61.5,61.54,61.427304
2019-11-07 19:44:00,61.49,61.53,61.48,61.5,201.036639
2019-11-07 19:43:00,61.47,61.58,61.47,61.49,394.113885
2019-11-07 19:42:00,61.48,61.48,61.45,61.47,43.466834
2019-11-07 19:41:00,61.5,61.51,61.48,61.5,102.553609
2019-11-07 19:40:00,61.54,61.54,61.53,61.54,87.259083
2019-11-07 19:39:00,61.57,61.64,61.53,61.56,682.477872
2019-11-07 19:38:00,61.53,61.59,61.53,61.57,36.474067
2019-11-07 19:37:00,61.68,61.68,61.52,61.52,766.676218
2019-11-07 19:36:00,61.69,61.69,61.69,61.69,2.232401
2019-11-07 19:35:00,61.65,61.72,61.64,61.69,574.726964
2019-11-07 19:34:00,61.64,61.64,61.64,61.64,0.015631
2019-11-07 19:33:00,61.56,61.65,61.56,61.64,339.422554
2019-11-07 19:32:00,61.56,61.56,61.56,61.56,0.672
2019-11-07 19:31:00,61.53,61.56,61.53,61.56,405.398404
2019-11-07 19:30:00,61.51,61.53,61.51,61.53,172.191457
2019-11-07 19:29:00,61.51,61.52,61.51,61.51,170.550081
2019-11-07 19:28:00,61.56,61.56,61.49,61.5,54.306155
2019-11-07 19:27:00,61.51,61.53,61.5,61.53,156.763964
2019-11-07 19:26:00,61.48,61.5,61.48,61.5,45.621832
2019-11-07 19:25:00,61.43,61.53,61.41,61.48,1102.858296
2019-11-07 19:24:00,61.47,61.47,61.43,61.45,310.944009
2019-11-07 19:23:00,61.47,61.47,61.47,61.47,0.5
2019-11-07 19:22:00,61.45,61.55,61.44,61.5,791.331549
2019-11-07 19:21:00,61.41,61.44,61.33,61.44,1009.347034
2019-11-07 19:20:00,61.47,61.47,61.37,61.41,1640.450079
2019-11-07 19:19:00,61.46,61.47,61.46,61.47,120.95617
2019-11-07 19:18:00,61.4,61.5,61.4,61.47,254.166421
2019-11-07 19:17:00,61.4,61.41,61.4,61.41,69.984765
2019-11-07 19:16:00,61.46,61.46,61.4,61.41,464.816309
2019-11-07 19:15:00,61.54,61.54,61.44,61.45,209.214238
2019-11-07 19:14:00,61.59,61.59,61.55,61.55,25.364854
2019-11-07 19:13:00,61.63,61.63,61.56,61.59,856.826396
2019-11-07 19:12:00,61.66,61.67,61.63,61.63,639.291878
2019-11-07 19:11:00,61.72,61.72,61.64,61.67,447.436801
2019-11-07 19:10:00,61.72,61.72,61.69,61.72,24.268421
2019-11-07 19:09:00,61.7,61.72,61.7,61.72,39.079864
2019-11-07 19:08:00,61.65,61.72,61.63,61.72,591.700928
2019-11-07 19:07:00,61.69,61.69,61.64,61.65,120.426637
2019-11-07 19:06:00,61.71,61.75,61.69,61.69,642.420645
2019-11-07 19:05:00,61.78,61.82,61.71,61.71,691.541009
2019-11-07 19:04:00,61.72,61.78,61.72,61.78,536.603869
2019-11-07 19:03:00,61.74,61.74,61.72,61.72,124.91838
2019-11-07 19:02:00,61.73,61.74,61.73,61.74,92.532108
2019-11-07 19:01:00,61.72,61.76,61.72,61.72,283.656761
2019-11-07 19:00:00,61.73,61.73,61.69,61.7,175.368894
2019-11-07 18:59:00,61.71,61.77,61.71,61.72,638.595842
2019-11-07 18:58:00,61.71,61.71,61.71,61.71,1.553146
2019-11-07 18:57:00,61.64,61.7,61.64,61.7,252.963421
2019-11-07 18:56:00,61.66,61.66,61.64,61.65,87.716947
2019-11-07 18:55:00,61.68,61.68,61.65,61.67,67.125703
2019-11-07 18:54:00,61.71,61.72,61.67,61.67,353.523797
2019-11-07 18:53:00,61.7,61.71,61.7,61.7,106.034045
2019-11-07 18:52:00,61.69,61.74,61.68,61.69,541.216308
2019-11-07 18:51:00,61.66,61.69,61.66,61.69,163.462951
2019-11-07 18:50:00,61.66,61.66,61.64,61.65,593.947916
2019-11-07 18:49:00,61.67,61.67,61.64,61.65,500.717957
2019-11-07 18:48:00,61.67,61.67,61.67,61.67,24.782121
2019-11-07 18:47:00,61.74,61.74,61.65,61.67,476.730436
2019-11-07 18:46:00,61.65,61.73,61.65,61.71,357.857873
2019-11-07 18:45:00,61.63,61.65,61.6,61.65,119.124044
2019-11-07 18:44:00,61.64,61.65,61.63,61.63,14.569285
2019-11-07 18:43:00,61.61,61.64,61.6,61.64,57.32042
2019-11-07 18:42:00,61.57,61.61,61.57,61.61,268.673739
2019-11-07 18:41:00,61.57,61.58,61.52,61.58,234.849204
2019-11-07 18:40:00,61.56,61.59,61.56,61.58,92.765665
2019-11-07 18:39:00,61.59,61.59,61.51,61.56,590.347714
2019-11-07 18:38:00,61.63,61.66,61.58,61.59,365.307889
2019-11-07 18:37:00,61.61,61.65,61.61,61.63,312.381546
2019-11-07 18:36:00,61.57,61.61,61.56,61.61,614.837739
2019-11-07 18:35:00,61.44,61.57,61.44,61.56,295.501159
2019-11-07 18:34:00,61.41,61.44,61.41,61.44,73.199311
2019-11-07 18:33:00,61.37,61.43,61.37,61.43,249.477973
2019-11-07 18:32:00,61.39,61.4,61.35,61.37,854.753799
2019-11-07 18:31:00,61.43,61.43,61.38,61.39,400.387894
2019-11-07 18:30:00,61.45,61.46,61.4,61.44,664.069757
2019-11-07 18:29:00,61.46,61.52,61.46,61.49,779.755591
2019-11-07 18:28:00,61.4,61.51,61.4,61.47,640.19318
2019-11-07 18:27:00,61.35,61.41,61.35,61.41,213.754244
2019-11-07 18:26:00,61.32,61.36,61.3,61.34,127.415348
2019-11-07 18:25:00,61.36,61.36,61.3,61.32,76.656377
2019-11-07 18:24:00,61.35,61.37,61.35,61.36,104.845606
2019-11-07 18:23:00,61.31,61.34,61.31,61.34,508.526637
2019-11-07 18:22:00,61.36,61.38,61.28,61.31,1325.242872
2019-11-07 18:21:00,61.53,61.53,61.35,61.37,1014.029911
2019-11-07 18:20:00,61.5,61.54,61.5,61.54,181.228323
2019-11-07 18:19:00,61.45,61.52,61.45,61.5,602.430149
2019-11-07 18:18:00,61.46,61.48,61.42,61.44,637.359058
2019-11-07 18:17:00,61.41,61.46,61.4,61.46,115.206372
2019-11-07 18:16:00,61.42,61.45,61.37,61.43,1069.573695
2019-11-07 18:15:00,61.35,61.42,61.34,61.42,649.722102
2019-11-07 18:14:00,61.28,61.35,61.23,61.35,2275.024523
2019-11-07 18:13:00,61.09,61.3,61.09,61.29,1988.237865
2019-11-07 18:12:00,61.09,61.16,61.03,61.09,1859.742431
2019-11-07 18:11:00,61,61.11,61,61.1,3252.82943
2019-11-07 18:10:00,61.08,61.08,61,61,3655.636208
2019-11-07 18:09:00,61.14,61.14,61.07,61.09,1240.849337
2019-11-07 18:08:00,61.16,61.19,61.06,61.14,836.485642
2019-11-07 18:07:00,61.14,61.2,61.14,61.16,1259.215005
2019-11-07 18:06:00,61.17,61.17,61.03,61.14,1256.279206
2019-11-07 18:05:00,61.36,61.36,61.19,61.21,939.182228
2019-11-07 18:04:00,61.39,61.41,61.32,61.36,1197.858636
2019-11-07 18:03:00,61.26,61.38,61.24,61.38,919.602165
2019-11-07 18:02:00,61.14,61.28,61.13,61.28,2009.726466
2019-11-07 18:01:00,61.31,61.31,61.05,61.15,2606.016209
2019-11-07 18:00:00,61.37,61.37,61.26,61.31,564.525638
2019-11-07 17:59:00,61.42,61.45,61.31,61.42,1206.321312
2019-11-07 17:58:00,61.49,61.51,61.42,61.43,459.346486
2019-11-07 17:57:00,61.45,61.51,61.44,61.49,547.184508
2019-11-07 17:56:00,61.52,61.52,61.45,61.45,187.077178
2019-11-07 17:55:00,61.56,61.64,61.52,61.53,1181.17698
2019-11-07 17:54:00,61.53,61.61,61.53,61.58,736.282817
2019-11-07 17:53:00,61.38,61.53,61.38,61.53,1382.928751
2019-11-07 17:52:00,61.44,61.44,61.36,61.38,670.880433
2019-11-07 17:51:00,61.42,61.45,61.39,61.44,407.911307
2019-11-07 17:50:00,61.46,61.47,61.35,61.4,1039.262319
2019-11-07 17:49:00,61.46,61.5,61.46,61.46,1477.78466
2019-11-07 17:48:00,61.52,61.52,61.41,61.47,1346.799137
2019-11-07 17:47:00,61.5,61.55,61.45,61.55,633.592488
2019-11-07 17:46:00,61.42,61.56,61.42,61.51,1316.482325
2019-11-07 17:45:00,61.4,61.43,61.32,61.42,1666.03151
2019-11-07 17:44:00,61.45,61.61,61.39,61.4,2767.633113
2019-11-07 17:43:00,61.45,61.51,61.28,61.47,1859.412986
2019-11-07 17:42:00,61.52,61.63,61.43,61.45,1375.138653
2019-11-07 17:41:00,61.69,61.71,61.37,61.53,3718.773768
2019-11-07 17:40:00,62,62.01,61.61,61.69,8979.01535
2019-11-07 17:39:00,62.02,62.11,62,62,13065.271399
2019-11-07 17:38:00,62,62.05,62,62,3435.431531
2019-11-07 17:37:00,62.01,62.06,62,62,1657.420621
2019-11-07 17:36:00,62.03,62.03,62,62.02,1111.816939
2019-11-07 17:35:00,62,62.06,62,62.04,1975.665648
2019-11-07 17:34:00,62.02,62.02,62,62,1918.968439
2019-11-07 17:33:00,62.06,62.06,62.03,62.04,271.433427
2019-11-07 17:32:00,62.07,62.07,62.05,62.06,39.896375
2019-11-07 17:31:00,62.1,62.1,62.03,62.06,862.447778
2019-11-07 17:30:00,62.1,62.1,62.07,62.09,526.503446
2019-11-07 17:29:00,62.13,62.14,62.1,62.1,483.770487
2019-11-07 17:28:00,62.15,62.16,62.14,62.14,580.691449
2019-11-07 17:27:00,62.08,62.14,62.08,62.14,419.652026
2019-11-07 17:26:00,62.09,62.09,62.05,62.08,457.678798
2019-11-07 17:25:00,62.12,62.12,62.09,62.1,129.441359
2019-11-07 17:24:00,62.08,62.13,62.08,62.12,211.502321
2019-11-07 17:23:00,62.09,62.09,62.04,62.07,702.288645
2019-11-07 17:22:00,62.12,62.14,62.07,62.09,783.32765
2019-11-07 17:21:00,62.17,62.18,62.13,62.13,528.210078
2019-11-07 17:20:00,62.17,62.19,62.16,62.16,314.954671
2019-11-07 17:19:00,62.17,62.19,62.17,62.18,249.332796
2019-11-07 17:18:00,62.16,62.17,62.15,62.17,60.793234
2019-11-07 17:17:00,62.1,62.21,62.1,62.21,689.722349
2019-11-07 17:16:00,62.13,62.13,62.1,62.1,103.486788
2019-11-07 17:15:00,62.14,62.14,62.13,62.14,65.044243
2019-11-07 17:14:00,62.22,62.22,62.12,62.14,230.407534
2019-11-07 17:13:00,62.29,62.29,62.22,62.23,319.417098
2019-11-07 17:12:00,62.29,62.29,62.27,62.28,291.029054
2019-11-07 17:11:00,62.23,62.3,62.21,62.29,1357.310558
2019-11-07 17:10:00,62.23,62.24,62.16,62.22,510.423902
2019-11-07 17:09:00,62.19,62.26,62.19,62.24,733.097822
2019-11-07 17:08:00,62.17,62.23,62.08,62.2,941.911091
2019-11-07 17:07:00,62.18,62.23,62.14,62.19,1046.885199
2019-11-07 17:06:00,62.26,62.3,62.12,62.18,1549.737069
2019-11-07 17:05:00,62.41,62.41,62,62.27,21300.403173
2019-11-07 17:04:00,62.41,62.46,62.4,62.41,3505.872605
2019-11-07 17:03:00,62.63,62.63,62.38,62.41,8050.08765
2019-11-07 17:02:00,62.65,62.65,62.62,62.64,158.927828
2019-11-07 17:01:00,62.63,62.64,62.63,62.64,32.516903
2019-11-07 17:00:00,62.63,62.66,62.62,62.63,131.447645
2019-11-07 16:59:00,62.64,62.65,62.62,62.63,122.514667
2019-11-07 16:58:00,62.68,62.68,62.64,62.64,129.881984
2019-11-07 16:57:00,62.7,62.71,62.67,62.69,113.961393
2019-11-07 16:56:00,62.7,62.7,62.7,62.7,0.77
2019-11-07 16:55:00,62.7,62.7,62.69,62.69,13.754582
2019-11-07 16:54:00,62.7,62.7,62.69,62.69,2.272176
2019-11-07 16:53:00,62.73,62.73,62.7,62.71,218.762294
2019-11-07 16:52:00,62.73,62.73,62.73,62.73,61.237856
2019-11-07 16:51:00,62.71,62.71,62.71,62.71,108.977517
2019-11-07 16:50:00,62.68,62.7,62.68,62.7,204.017927
2019-11-07 16:49:00,62.69,62.71,62.69,62.69,74.499492
2019-11-07 16:48:00,62.7,62.71,62.68,62.69,79.101638
2019-11-07 16:47:00,62.69,62.7,62.68,62.69,58.670065
2019-11-07 16:46:00,62.67,62.71,62.67,62.71,101.376723
2019-11-07 16:45:00,62.7,62.7,62.66,62.67,552.200454
2019-11-07 16:44:00,62.67,62.67,62.66,62.67,176.599625
2019-11-07 16:43:00,62.68,62.69,62.67,62.67,4.059958
2019-11-07 16:42:00,62.71,62.71,62.68,62.68,83.4515
2019-11-07 16:41:00,62.74,62.74,62.67,62.68,172.579686
2019-11-07 16:40:00,62.75,62.76,62.72,62.74,1514.806934
2019-11-07 16:39:00,62.74,62.75,62.74,62.75,571.082911
2019-11-07 16:38:00,62.72,62.74,62.72,62.73,127.302214
2019-11-07 16:37:00,62.72,62.72,62.72,62.72,31.857477
2019-11-07 16:36:00,62.71,62.71,62.71,62.71,0.17137
2019-11-07 16:35:00,62.71,62.71,62.69,62.69,70.555281
2019-11-07 16:34:00,62.72,62.73,62.72,62.72,69.490939
2019-11-07 16:33:00,62.69,62.72,62.67,62.72,409.785714
2019-11-07 16:32:00,62.69,62.69,62.67,62.67,41.183005
2019-11-07 16:31:00,62.68,62.72,62.68,62.71,475.943289
2019-11-07 16:30:00,62.64,62.72,62.61,62.69,877.57292
2019-11-07 16:29:00,62.67,62.67,62.65,62.65,296.271022
2019-11-07 16:28:00,62.68,62.68,62.63,62.67,358.700055
2019-11-07 16:27:00,62.69,62.71,62.69,62.69,231.557644
2019-11-07 16:26:00,62.69,62.69,62.68,62.68,95.64614
2019-11-07 16:25:00,62.7,62.72,62.61,62.67,517.80689
2019-11-07 16:24:00,62.69,62.7,62.69,62.69,54.218306
2019-11-07 16:23:00,62.76,62.76,62.7,62.7,273.294397
2019-11-07 16:22:00,62.77,62.77,62.77,62.77,45.257144
2019-11-07 16:21:00,62.74,62.79,62.72,62.77,735.19565
2019-11-07 16:20:00,62.67,62.74,62.67,62.74,529.378511
2019-11-07 16:19:00,62.66,62.66,62.61,62.64,194.842923
2019-11-07 16:18:00,62.57,62.71,62.55,62.65,2618.202236
2019-11-07 16:17:00,62.61,62.63,62.56,62.56,324.180191
2019-11-07 16:16:00,62.67,62.67,62.62,62.62,368.629809
2019-11-07 16:15:00,62.69,62.69,62.66,62.66,157.972018
2019-11-07 16:14:00,62.69,62.69,62.69,62.69,0
2019-11-07 16:13:00,62.7,62.7,62.66,62.69,816.680227
2019-11-07 16:12:00,62.68,62.71,62.68,62.7,1919.366122
2019-11-07 16:11:00,62.69,62.69,62.67,62.68,152.831477
2019-11-07 16:10:00,62.67,62.69,62.67,62.69,110.25844
2019-11-07 16:09:00,62.68,62.69,62.65,62.69,430.298489
2019-11-07 16:08:00,62.7,62.7,62.66,62.67,9.915045
2019-11-07 16:07:00,62.69,62.71,62.69,62.71,1.743557
2019-11-07 16:06:00,62.68,62.71,62.67,62.69,107.415145
2019-11-07 16:05:00,62.67,62.75,62.64,62.67,2229.899075
2019-11-07 16:04:00,62.68,62.69,62.66,62.66,359.711512
2019-11-07 16:03:00,62.64,62.66,62.64,62.66,141.839977
2019-11-07 16:02:00,62.69,62.69,62.65,62.65,1622.638039
2019-11-07 16:01:00,62.75,62.75,62.67,62.7,775.550129
2019-11-07 16:00:00,62.77,62.78,62.76,62.76,305.660224
2019-11-07 15:59:00,62.75,62.76,62.75,62.76,86.375325
2019-11-07 15:58:00,62.76,62.76,62.72,62.75,506.344699
2019-11-07 15:57:00,62.81,62.81,62.77,62.77,270.621648
2019-11-07 15:56:00,62.77,62.82,62.77,62.82,321.362198
2019-11-07 15:55:00,62.76,62.77,62.74,62.74,230.880967
2019-11-07 15:54:00,62.78,62.78,62.77,62.77,76.639128
2019-11-07 15:53:00,62.76,62.8,62.75,62.79,270.210806
2019-11-07 15:52:00,62.73,62.77,62.73,62.76,329.667019
2019-11-07 15:51:00,62.76,62.77,62.73,62.73,122.373943
2019-11-07 15:50:00,62.77,62.77,62.72,62.72,188.270451
2019-11-07 15:49:00,62.8,62.8,62.8,62.8,42.117547
2019-11-07 15:48:00,62.83,62.83,62.82,62.82,76.302347
2019-11-07 15:47:00,62.76,62.84,62.76,62.81,525.315103
2019-11-07 15:46:00,62.81,62.81,62.78,62.79,169.128116
2019-11-07 15:45:00,62.88,62.88,62.83,62.83,303.529154
2019-11-07 15:44:00,62.83,62.87,62.83,62.87,917.996556
2019-11-07 15:43:00,62.82,62.85,62.82,62.84,134.371424
2019-11-07 15:42:00,62.82,62.89,62.81,62.84,265.121645
2019-11-07 15:41:00,62.89,62.89,62.8,62.81,331.760392
2019-11-07 15:40:00,62.85,62.93,62.85,62.88,961.542328
2019-11-07 15:39:00,62.76,62.86,62.74,62.82,1195.263173
2019-11-07 15:38:00,62.73,62.77,62.71,62.77,197.693567
2019-11-07 15:37:00,62.73,62.75,62.67,62.74,1003.611518
2019-11-07 15:36:00,62.69,62.76,62.66,62.73,3404.462488
2019-11-07 15:35:00,62.75,62.81,62.7,62.71,883.094844
2019-11-07 15:34:00,62.8,62.8,62.75,62.75,529.854146
2019-11-07 15:33:00,62.73,62.81,62.72,62.81,844.194035
2019-11-07 15:32:00,62.77,62.77,62.73,62.73,305.025875
2019-11-07 15:31:00,62.83,62.83,62.78,62.78,47.821137
2019-11-07 15:30:00,62.77,62.85,62.77,62.84,120.19338
2019-11-07 15:29:00,62.78,62.78,62.77,62.78,227.923693
2019-11-07 15:28:00,62.77,62.79,62.77,62.78,121.103816
2019-11-07 15:27:00,62.77,62.78,62.77,62.78,50.484335
2019-11-07 15:26:00,62.81,62.81,62.75,62.75,249.724793
2019-11-07 15:25:00,62.76,62.83,62.75,62.82,327.983345
2019-11-07 15:24:00,62.75,62.77,62.75,62.77,32.7254
2019-11-07 15:23:00,62.78,62.78,62.75,62.75,138.740462
2019-11-07 15:22:00,62.8,62.8,62.77,62.77,287.161092
2019-11-07 15:21:00,62.81,62.85,62.8,62.82,210.056238
2019-11-07 15:20:00,62.83,62.83,62.82,62.82,779.674599
2019-11-07 15:19:00,62.8,62.84,62.8,62.83,194.191066
2019-11-07 15:18:00,62.78,62.81,62.77,62.8,91.996757
2019-11-07 15:17:00,62.83,62.83,62.78,62.79,206.517609
2019-11-07 15:16:00,62.84,62.86,62.83,62.83,76.126749
2019-11-07 15:15:00,62.88,62.88,62.84,62.84,74.462043
2019-11-07 15:14:00,62.85,62.88,62.85,62.88,96.839524
2019-11-07 15:13:00,62.83,62.87,62.83,62.85,55.635403
2019-11-07 15:12:00,62.83,62.84,62.82,62.82,46.419366
2019-11-07 15:11:00,62.82,62.84,62.8,62.83,238.924178
2019-11-07 15:10:00,62.88,62.88,62.82,62.82,443.290833
2019-11-07 15:09:00,62.92,62.92,62.88,62.89,70.45607
2019-11-07 15:08:00,62.93,62.93,62.92,62.93,8.20188
2019-11-07 15:07:00,62.9,62.93,62.88,62.92,81.920659
2019-11-07 15:06:00,62.95,62.96,62.89,62.91,380.397189
2019-11-07 15:05:00,62.88,62.92,62.88,62.92,375.440923
2019-11-07 15:04:00,62.88,62.9,62.85,62.89,133.252475
2019-11-07 15:03:00,62.8,62.88,62.8,62.88,35.925695
2019-11-07 15:02:00,62.79,62.8,62.79,62.79,55.733402
2019-11-07 15:01:00,62.79,62.79,62.78,62.78,225.46074
2019-11-07 15:00:00,62.79,62.79,62.78,62.78,21.29873
2019-11-07 14:59:00,62.76,62.82,62.76,62.8,369.203302
2019-11-07 14:58:00,62.75,62.78,62.75,62.76,441.741154
2019-11-07 14:57:00,62.76,62.76,62.76,62.76,22.519928
2019-11-07 14:56:00,62.75,62.78,62.75,62.76,118.634975
2019-11-07 14:55:00,62.79,62.79,62.76,62.77,206.846171
2019-11-07 14:54:00,62.78,62.81,62.78,62.79,501.689593
2019-11-07 14:53:00,62.77,62.78,62.77,62.78,15.573118
2019-11-07 14:52:00,62.8,62.8,62.75,62.77,429.955218
2019-11-07 14:51:00,62.81,62.81,62.8,62.81,199.273773
2019-11-07 14:50:00,62.79,62.82,62.79,62.82,62.329876
2019-11-07 14:49:00,62.82,62.82,62.79,62.79,136.363436
2019-11-07 14:48:00,62.82,62.82,62.8,62.81,190.875702
2019-11-07 14:47:00,62.82,62.82,62.82,62.82,73.30625
2019-11-07 14:46:00,62.83,62.86,62.83,62.83,167.639876
2019-11-07 14:45:00,62.82,62.84,62.82,62.82,272.426358
2019-11-07 14:44:00,62.83,62.84,62.81,62.81,17.139594
2019-11-07 14:43:00,62.83,62.86,62.81,62.86,347.326754
2019-11-07 14:42:00,62.87,62.87,62.85,62.87,99.032
2019-11-07 14:41:00,62.86,62.89,62.86,62.89,129.767406
2019-11-07 14:40:00,62.84,62.89,62.84,62.86,298.581342
2019-11-07 14:39:00,62.83,62.84,62.83,62.84,0.873703
2019-11-07 14:38:00,62.84,62.85,62.83,62.83,75.730949
2019-11-07 14:37:00,62.85,62.9,62.79,62.83,839.687598
2019-11-07 14:36:00,62.84,62.86,62.81,62.84,385.786312
2019-11-07 14:35:00,62.84,62.84,62.8,62.82,248.728238
2019-11-07 14:34:00,62.86,62.86,62.85,62.85,15.199481
2019-11-07 14:33:00,62.85,62.86,62.85,62.86,12.17482
2019-11-07 14:32:00,62.84,62.85,62.84,62.85,31.133801
2019-11-07 14:31:00,62.86,62.89,62.84,62.84,155.048064
2019-11-07 14:30:00,62.84,62.91,62.84,62.88,146.621655
2019-11-07 14:29:00,62.84,62.84,62.83,62.84,79.962787
2019-11-07 14:28:00,62.75,62.85,62.75,62.83,1139.279148
2019-11-07 14:27:00,62.78,62.78,62.75,62.75,155.356417
2019-11-07 14:26:00,62.79,62.8,62.78,62.79,93.774242
2019-11-07 14:25:00,62.81,62.81,62.73,62.78,342.401014
2019-11-07 14:24:00,62.85,62.85,62.8,62.8,51.043549
2019-11-07 14:23:00,62.86,62.86,62.84,62.85,58.197666
2019-11-07 14:22:00,62.84,62.85,62.83,62.85,118.211352
2019-11-07 14:21:00,62.82,62.83,62.81,62.83,315.692099
2019-11-07 14:20:00,62.82,62.82,62.82,62.82,15.358854
2019-11-07 14:19:00,62.83,62.85,62.83,62.83,227.374242
2019-11-07 14:18:00,62.72,62.83,62.72,62.83,418.743966
2019-11-07 14:17:00,62.73,62.74,62.72,62.73,303.709939
2019-11-07 14:16:00,62.74,62.74,62.66,62.72,2427.082736
2019-11-07 14:15:00,62.78,62.78,62.71,62.75,526.015693
2019-11-07 14:14:00,62.8,62.81,62.77,62.78,68.471194
2019-11-07 14:13:00,62.8,62.83,62.8,62.81,388.72651
2019-11-07 14:12:00,62.8,62.81,62.78,62.8,277.317802
2019-11-07 14:11:00,62.85,62.85,62.81,62.81,74.203585
2019-11-07 14:10:00,62.91,62.91,62.85,62.85,112.436501
2019-11-07 14:09:00,62.91,62.92,62.91,62.91,152.394803
2019-11-07 14:08:00,62.95,62.95,62.9,62.91,115.752452
2019-11-07 14:07:00,62.94,62.95,62.94,62.95,120.971256
2019-11-07 14:06:00,62.95,62.95,62.94,62.94,35.909863
2019-11-07 14:05:00,62.93,62.97,62.93,62.95,180.027323
2019-11-07 14:04:00,62.94,62.94,62.91,62.93,592.499239
2019-11-07 14:03:00,62.93,62.95,62.91,62.95,242.777324
2019-11-07 14:02:00,62.93,62.93,62.93,62.93,5.786114
2019-11-07 14:01:00,62.95,62.95,62.94,62.94,37.666739
2019-11-07 14:00:00,62.94,62.95,62.94,62.95,50.385665
2019-11-07 13:59:00,63,63,62.96,62.96,206.996279
2019-11-07 13:58:00,62.98,62.99,62.98,62.99,21.964167
2019-11-07 13:57:00,62.93,62.99,62.93,62.98,1186.065991
2019-11-07 13:56:00,62.93,62.94,62.92,62.92,177.19001
2019-11-07 13:55:00,62.88,62.94,62.88,62.94,175.688664
2019-11-07 13:54:00,62.92,62.92,62.85,62.88,384.963427
2019-11-07 13:53:00,62.88,62.94,62.88,62.92,404.060982
2019-11-07 13:52:00,62.85,62.87,62.84,62.86,28.629874
2019-11-07 13:51:00,62.83,62.84,62.83,62.84,173.804704
2019-11-07 13:50:00,62.83,62.83,62.81,62.81,80.112606
2019-11-07 13:49:00,62.81,62.82,62.81,62.82,1017.448192
2019-11-07 13:48:00,62.82,62.83,62.81,62.82,322.106007
2019-11-07 13:47:00,62.82,62.82,62.77,62.82,330.877116
2019-11-07 13:46:00,62.83,62.84,62.82,62.82,410.542782
2019-11-07 13:45:00,62.83,62.84,62.83,62.84,7.49252
2019-11-07 13:44:00,62.83,62.84,62.83,62.84,0.425827
2019-11-07 13:43:00,62.89,62.91,62.82,62.83,849.490933
2019-11-07 13:42:00,62.86,62.9,62.86,62.9,478.369409
2019-11-07 13:41:00,62.81,62.88,62.79,62.88,473.959259
2019-11-07 13:40:00,62.8,62.82,62.79,62.8,174.05439
2019-11-07 13:39:00,62.8,62.8,62.78,62.79,49.702113
2019-11-07 13:38:00,62.81,62.82,62.8,62.8,24.011371
2019-11-07 13:37:00,62.78,62.83,62.77,62.83,113.611769
2019-11-07 13:36:00,62.79,62.8,62.77,62.78,112.982667
2019-11-07 13:35:00,62.77,62.83,62.77,62.79,956.05118
2019-11-07 13:34:00,62.79,62.8,62.77,62.79,510.634233
2019-11-07 13:33:00,62.78,62.8,62.73,62.79,711.78221
2019-11-07 13:32:00,62.81,62.81,62.79,62.79,75.085688
2019-11-07 13:31:00,62.79,62.82,62.76,62.82,268.98407
2019-11-07 13:30:00,62.76,62.79,62.76,62.79,357.285197
2019-11-07 13:29:00,62.81,62.81,62.76,62.76,480.037197
2019-11-07 13:28:00,62.79,62.84,62.79,62.81,248.924889
2019-11-07 13:27:00,62.77,62.8,62.73,62.79,942.125099
2019-11-07 13:26:00,62.67,62.74,62.65,62.74,496.816701
2019-11-07 13:25:00,62.66,62.68,62.62,62.66,219.093158
2019-11-07 13:24:00,62.7,62.7,62.61,62.66,3393.878443
2019-11-07 13:23:00,62.8,62.8,62.65,62.73,3062.409207
2019-11-07 13:22:00,62.78,62.81,62.78,62.81,3.383615
2019-11-07 13:21:00,62.73,62.78,62.72,62.78,215.682399
2019-11-07 13:20:00,62.76,62.78,62.75,62.75,241.034298
2019-11-07 13:19:00,62.73,62.79,62.66,62.76,1960.139866
2019-11-07 13:18:00,62.75,62.78,62.71,62.72,270.56945
2019-11-07 13:17:00,62.76,62.78,62.75,62.77,30.899555
2019-11-07 13:16:00,62.75,62.76,62.74,62.75,148.557402
2019-11-07 13:15:00,62.79,62.79,62.75,62.75,48.164874
2019-11-07 13:14:00,62.84,62.84,62.79,62.79,433.923259
2019-11-07 13:13:00,62.86,62.86,62.84,62.84,46.84574
2019-11-07 13:12:00,62.86,62.88,62.86,62.86,124.274445
2019-11-07 13:11:00,62.84,62.87,62.83,62.83,195.667516
2019-11-07 13:10:00,62.93,62.93,62.82,62.83,363.031411
2019-11-07 13:09:00,62.87,62.95,62.87,62.93,612.107838
2019-11-07 13:08:00,62.78,62.87,62.78,62.86,141.375618
2019-11-07 13:07:00,62.75,62.78,62.75,62.78,125.016164
2019-11-07 13:06:00,62.76,62.78,62.71,62.74,324.966474
2019-11-07 13:05:00,62.77,62.78,62.77,62.78,15.923283
2019-11-07 13:04:00,62.78,62.79,62.77,62.78,227.200596
2019-11-07 13:03:00,62.79,62.8,62.76,62.76,731.216425
2019-11-07 13:02:00,62.81,62.81,62.72,62.79,487.930143
2019-11-07 13:01:00,62.79,62.82,62.79,62.82,392.71507
2019-11-07 13:00:00,62.81,62.84,62.8,62.8,277.371251
2019-11-07 12:59:00,62.86,62.87,62.8,62.81,703.902788
2019-11-07 12:58:00,62.93,62.93,62.91,62.91,63.87187
2019-11-07 12:57:00,62.93,62.93,62.93,62.93,2.181559
2019-11-07 12:56:00,62.87,62.96,62.87,62.93,362.040414
2019-11-07 12:55:00,62.88,62.88,62.87,62.87,41.205029
2019-11-07 12:54:00,62.87,62.91,62.87,62.9,115.215157
2019-11-07 12:53:00,62.89,62.89,62.87,62.87,25.399525
2019-11-07 12:52:00,62.91,62.91,62.87,62.88,93.807479
2019-11-07 12:51:00,62.96,62.96,62.92,62.92,187.78217
2019-11-07 12:50:00,62.99,63.01,62.99,63.01,0.405023
2019-11-07 12:49:00,63.01,63.01,63,63,29.0451
2019-11-07 12:48:00,63.02,63.02,62.98,63.01,209.020252
2019-11-07 12:47:00,62.95,63.04,62.95,63.04,411.241025
2019-11-07 12:46:00,62.98,63,62.96,62.96,102.752984
2019-11-07 12:45:00,62.98,62.98,62.97,62.97,0.524073
2019-11-07 12:44:00,62.99,63,62.98,62.99,229.818125
2019-11-07 12:43:00,62.94,62.98,62.94,62.98,50.784208
2019-11-07 12:42:00,62.9,62.98,62.9,62.95,170.802197
2019-11-07 12:41:00,62.91,62.91,62.89,62.89,83.084225
2019-11-07 12:40:00,62.89,62.91,62.87,62.91,161.944635
2019-11-07 12:39:00,62.86,62.9,62.86,62.89,322.380806
2019-11-07 12:38:00,62.85,62.89,62.85,62.86,67.72427
2019-11-07 12:37:00,62.86,62.87,62.83,62.85,211.7226
2019-11-07 12:36:00,62.97,62.97,62.86,62.86,496.465307
2019-11-07 12:35:00,62.97,62.97,62.96,62.97,46.432614
2019-11-07 12:34:00,63.04,63.04,62.97,62.97,240.034115
2019-11-07 12:33:00,63.06,63.06,63.06,63.06,0
2019-11-07 12:32:00,63.04,63.06,63.04,63.06,34.793018
2019-11-07 12:31:00,63.04,63.05,63.03,63.04,94.805226
2019-11-07 12:30:00,63.02,63.03,63.02,63.03,131.409653
2019-11-07 12:29:00,63.03,63.06,63,63.05,563.868323
2019-11-07 12:28:00,63.08,63.08,63.03,63.03,5.712444
2019-11-07 12:27:00,63.05,63.08,63.05,63.08,181.751882
2019-11-07 12:26:00,63.02,63.06,63.01,63.06,117.40809
2019-11-07 12:25:00,63.03,63.04,63.02,63.02,338.781964
2019-11-07 12:24:00,63.03,63.03,63.03,63.03,0.391265
2019-11-07 12:23:00,63.02,63.03,63.02,63.02,115.66519
2019-11-07 12:22:00,63.04,63.04,63.01,63.01,44.709865
2019-11-07 12:21:00,63.05,63.06,63.04,63.04,22.721272
2019-11-07 12:20:00,63.06,63.06,63.05,63.05,149.083715
2019-11-07 12:19:00,63.06,63.06,63.06,63.06,0.113993
2019-11-07 12:18:00,63.08,63.1,63.06,63.06,299.877126
2019-11-07 12:17:00,63.06,63.08,63.06,63.07,95.705092
2019-11-07 12:16:00,63.07,63.09,63.06,63.06,398.768929
2019-11-07 12:15:00,63.05,63.08,63.05,63.08,69.852498
2019-11-07 12:14:00,63.07,63.1,63.05,63.05,538.558736
2019-11-07 12:13:00,63.07,63.1,63.06,63.08,140.068053
2019-11-07 12:12:00,63.05,63.09,63.04,63.07,149.311074
2019-11-07 12:11:00,63.03,63.08,63.03,63.06,211.507237
2019-11-07 12:10:00,63.02,63.03,63.02,63.03,6.00843
2019-11-07 12:09:00,62.99,63.03,62.99,63.01,45.901114
2019-11-07 12:08:00,63,63.03,62.98,63,661.682346
2019-11-07 12:07:00,62.95,63,62.95,62.99,113.717418
2019-11-07 12:06:00,62.99,62.99,62.96,62.96,33.967056
2019-11-07 12:05:00,62.89,63,62.89,63,178.023095
2019-11-07 12:04:00,62.89,62.91,62.88,62.88,197.764253
2019-11-07 12:03:00,62.91,62.98,62.9,62.91,185.487698
2019-11-07 12:02:00,62.95,62.95,62.89,62.92,246.119607
2019-11-07 12:01:00,62.92,62.96,62.88,62.93,651.035785
2019-11-07 12:00:00,63,63.02,62.9,62.9,460.626828
2019-11-07 11:59:00,62.94,62.97,62.94,62.97,193.601661
2019-11-07 11:58:00,62.91,62.95,62.89,62.94,498.835759
2019-11-07 11:57:00,62.8,62.9,62.8,62.9,331.262874
2019-11-07 11:56:00,62.82,62.82,62.8,62.81,225.955731
2019-11-07 11:55:00,62.83,62.83,62.82,62.82,159.92625
2019-11-07 11:54:00,62.83,62.84,62.83,62.84,129.000719
2019-11-07 11:53:00,62.85,62.85,62.82,62.82,165.058935
2019-11-07 11:52:00,62.84,62.84,62.84,62.84,59.824183
2019-11-07 11:51:00,62.85,62.89,62.83,62.83,401.15252
2019-11-07 11:50:00,62.88,62.88,62.85,62.86,73.404709
2019-11-07 11:49:00,62.82,62.87,62.82,62.87,270.549045
2019-11-07 11:48:00,62.8,62.82,62.8,62.82,255.645532
2019-11-07 11:47:00,62.76,62.8,62.76,62.79,475.602554
2019-11-07 11:46:00,62.75,62.76,62.75,62.76,117.369844
2019-11-07 11:45:00,62.79,62.8,62.75,62.75,107.576448
2019-11-07 11:44:00,62.8,62.8,62.77,62.79,132.161067
2019-11-07 11:43:00,62.76,62.8,62.74,62.79,161.114179
2019-11-07 11:42:00,62.72,62.77,62.72,62.77,100.005506
2019-11-07 11:41:00,62.77,62.77,62.72,62.72,116.139455
2019-11-07 11:40:00,62.8,62.8,62.72,62.77,1339.332828
2019-11-07 11:39:00,62.83,62.83,62.77,62.82,314.993773
2019-11-07 11:38:00,62.84,62.84,62.82,62.83,91.570216
2019-11-07 11:37:00,62.8,62.9,62.77,62.86,496.977187
2019-11-07 11:36:00,62.89,62.89,62.81,62.81,125.198015
2019-11-07 11:35:00,63,63,62.9,62.9,1596.356366
2019-11-07 11:34:00,62.98,63.01,62.96,63.01,258.721986
2019-11-07 11:33:00,63,63,62.98,62.98,57.437374
2019-11-07 11:32:00,62.97,63.01,62.97,63.01,124.49973
2019-11-07 11:31:00,62.92,63.05,62.91,62.97,3575.13671
2019-11-07 11:30:00,62.92,62.92,62.92,62.92,8.442839
2019-11-07 11:29:00,62.95,63.02,62.93,62.93,2650.583528
2019-11-07 11:28:00,62.89,62.95,62.89,62.94,152.084282
2019-11-07 11:27:00,62.89,62.9,62.89,62.89,109.896249
2019-11-07 11:26:00,62.89,62.89,62.89,62.89,50.841738
2019-11-07 11:25:00,62.88,62.89,62.88,62.88,62.957238
2019-11-07 11:24:00,62.89,62.91,62.87,62.87,533.022834
2019-11-07 11:23:00,62.85,62.9,62.85,62.89,496.252512
2019-11-07 11:22:00,62.87,62.87,62.84,62.85,419.405566
2019-11-07 11:21:00,62.87,62.88,62.86,62.87,99.72595
2019-11-07 11:20:00,62.83,62.89,62.83,62.87,370.84045
2019-11-07 11:19:00,62.82,62.84,62.82,62.83,303.856895
2019-11-07 11:18:00,62.82,62.83,62.81,62.83,459.322519
2019-11-07 11:17:00,62.82,62.85,62.81,62.83,183.908344
2019-11-07 11:16:00,62.82,62.82,62.81,62.82,83.213544
2019-11-07 11:15:00,62.77,62.8,62.77,62.8,292.160935
2019-11-07 11:14:00,62.76,62.79,62.76,62.77,181.498802
2019-11-07 11:13:00,62.72,62.76,62.72,62.76,526.997792
2019-11-07 11:12:00,62.71,62.72,62.7,62.72,99.769395
2019-11-07 11:11:00,62.68,62.73,62.68,62.72,385.77584
2019-11-07 11:10:00,62.71,62.71,62.66,62.68,538.762983
2019-11-07 11:09:00,62.7,62.71,62.7,62.71,80.360154
2019-11-07 11:08:00,62.66,62.71,62.66,62.71,473.135993
2019-11-07 11:07:00,62.82,62.82,62.64,62.65,1570.434158
2019-11-07 11:06:00,62.71,62.81,62.71,62.81,588.786032
2019-11-07 11:05:00,62.7,62.73,62.7,62.71,271.186845
2019-11-07 11:04:00,62.85,62.85,62.68,62.69,703.052729
2019-11-07 11:03:00,62.82,62.86,62.73,62.85,1163.057966
2019-11-07 11:02:00,62.96,62.96,62.79,62.82,1364.543777
2019-11-07 11:01:00,62.89,62.97,62.88,62.96,322.751785
2019-11-07 11:00:00,62.88,62.89,62.85,62.88,528.440461
2019-11-07 10:59:00,62.93,62.93,62.88,62.89,251.105037
2019-11-07 10:58:00,62.86,62.94,62.86,62.92,634.907212
2019-11-07 10:57:00,62.85,62.86,62.85,62.85,342.036765
2019-11-07 10:56:00,62.83,62.9,62.82,62.85,1565.347836
2019-11-07 10:55:00,62.8,62.86,62.78,62.84,1819.411035
2019-11-07 10:54:00,62.84,62.84,62.76,62.78,357.286739
2019-11-07 10:53:00,62.86,62.9,62.83,62.84,309.593213
2019-11-07 10:52:00,62.84,62.85,62.78,62.85,866.437639
2019-11-07 10:51:00,62.75,62.88,62.74,62.85,747.015916
2019-11-07 10:50:00,62.66,62.8,62.66,62.73,2111.797983
2019-11-07 10:49:00,62.56,62.68,62.56,62.65,1423.668922
2019-11-07 10:48:00,62.68,62.73,62.55,62.57,2486.031527
2019-11-07 10:47:00,62.75,62.75,62.6,62.69,3308.125604
2019-11-07 10:46:00,62.75,62.76,62.71,62.74,490.191946
2019-11-07 10:45:00,62.75,62.76,62.72,62.75,554.094568
2019-11-07 10:44:00,62.73,62.79,62.71,62.76,489.680402
2019-11-07 10:43:00,62.86,62.86,62.72,62.73,1813.889989
2019-11-07 10:42:00,62.83,62.86,62.77,62.86,365.507257
2019-11-07 10:41:00,62.83,62.92,62.81,62.83,726.661432
2019-11-07 10:40:00,62.68,62.81,62.68,62.81,1903.831378
2019-11-07 10:39:00,62.61,62.72,62.6,62.68,2924.3763
2019-11-07 10:38:00,62.67,62.69,62.58,62.58,2226.032003
2019-11-07 10:37:00,62.63,62.76,62.58,62.69,2133.946402
2019-11-07 10:36:00,62.91,62.92,62.54,62.63,5039.612344
2019-11-07 10:35:00,62.91,62.95,62.85,62.91,272.481836
2019-11-07 10:34:00,63.06,63.09,62.87,62.91,532.008921
2019-11-07 10:33:00,63,63.1,63,63.04,450.475637
2019-11-07 10:32:00,63,63.04,62.97,63.01,792.450611
2019-11-07 10:31:00,63.08,63.08,63,63.02,1396.179257
2019-11-07 10:30:00,63.17,63.17,63.08,63.08,201.42255
2019-11-07 10:29:00,63.22,63.22,63.1,63.18,771.301712
2019-11-07 10:28:00,63.22,63.23,63.18,63.21,151.299946
2019-11-07 10:27:00,63.19,63.24,63.18,63.22,557.184972
2019-11-07 10:26:00,63.24,63.25,63.2,63.22,210.404462
2019-11-07 10:25:00,63.24,63.26,63.24,63.24,249.947387
2019-11-07 10:24:00,63.25,63.3,63.23,63.25,520.631714
2019-11-07 10:23:00,63.24,63.26,63.24,63.26,77.601514
2019-11-07 10:22:00,63.26,63.27,63.23,63.24,210.715204
2019-11-07 10:21:00,63.27,63.27,63.24,63.26,86.28838
2019-11-07 10:20:00,63.28,63.28,63.25,63.27,177.523793
2019-11-07 10:19:00,63.18,63.26,63.18,63.26,382.526622
2019-11-07 10:18:00,63.22,63.23,63.15,63.16,518.769987
2019-11-07 10:17:00,63.14,63.22,63.12,63.22,672.315593
2019-11-07 10:16:00,63.16,63.17,63.1,63.12,654.821011
2019-11-07 10:15:00,63.05,63.18,63.02,63.17,1707.207778
2019-11-07 10:14:00,63.08,63.14,63.05,63.05,489.196459
2019-11-07 10:13:00,63.12,63.12,62.97,63.08,1936.443631
2019-11-07 10:12:00,63.2,63.22,63.05,63.12,1320.983642
2019-11-07 10:11:00,63.19,63.26,63.18,63.2,326.693984
2019-11-07 10:10:00,63.24,63.24,63.14,63.21,529.83298
2019-11-07 10:09:00,63.34,63.34,63.27,63.27,126.191773
2019-11-07 10:08:00,63.32,63.39,63.28,63.34,412.613302
2019-11-07 10:07:00,63.25,63.32,63.2,63.32,453.707138
2019-11-07 10:06:00,63.26,63.27,63.14,63.25,1006.924175
2019-11-07 10:05:00,63.34,63.34,63.1,63.26,1683.212897
2019-11-07 10:04:00,63.5,63.51,63.28,63.36,7694.328809
2019-11-07 10:03:00,63.53,63.53,63.5,63.5,18492.624613
2019-11-07 10:02:00,63.51,63.55,63.5,63.51,538.886318
2019-11-07 10:01:00,63.54,63.57,63.5,63.51,491.884296
2019-11-07 10:00:00,63.58,63.6,63.54,63.54,490.418321
2019-11-07 09:59:00,63.64,63.64,63.56,63.58,1432.874101
2019-11-07 09:58:00,63.64,63.68,63.62,63.64,604.884418
2019-11-07 09:57:00,63.6,63.65,63.6,63.63,2018.824228
2019-11-07 09:56:00,63.6,63.68,63.6,63.6,3345.996757
2019-11-07 09:55:00,63.6,63.6,63.6,63.6,9989.711754
2019-11-07 09:54:00,63.6,63.66,63.6,63.62,592.270781
2019-11-07 09:53:00,63.65,63.65,63.6,63.61,498.448394
2019-11-07 09:52:00,63.67,63.67,63.6,63.65,954.107594
2019-11-07 09:51:00,63.68,63.74,63.68,63.69,591.139467
2019-11-07 09:50:00,63.66,63.69,63.63,63.68,735.253737
2019-11-07 09:49:00,63.71,63.72,63.66,63.66,294.961252
2019-11-07 09:48:00,63.69,63.72,63.67,63.72,403.507206
2019-11-07 09:47:00,63.7,63.74,63.67,63.69,827.48445
2019-11-07 09:46:00,63.62,63.74,63.6,63.7,612.953848
2019-11-07 09:45:00,63.76,63.76,63.6,63.62,7889.430029
2019-11-07 09:44:00,63.81,63.81,63.76,63.76,608.421167
2019-11-07 09:43:00,63.8,63.84,63.8,63.82,298.644787
2019-11-07 09:42:00,63.74,63.8,63.73,63.8,311.334033
2019-11-07 09:41:00,63.64,63.74,63.64,63.74,3381.22393
2019-11-07 09:40:00,63.62,63.64,63.6,63.64,1382.513359
2019-11-07 09:39:00,63.6,63.68,63.6,63.62,1126.337554
2019-11-07 09:38:00,63.63,63.67,63.6,63.6,884.227077
2019-11-07 09:37:00,63.67,63.74,63.6,63.64,1972.621769
2019-11-07 09:36:00,63.64,63.71,63.6,63.7,1741.758746
2019-11-07 09:35:00,63.72,63.77,63.64,63.64,747.545422
2019-11-07 09:34:00,63.85,63.85,63.71,63.73,654.061812
2019-11-07 09:33:00,63.88,63.9,63.8,63.86,1361.272994
2019-11-07 09:32:00,64.03,64.03,63.89,63.89,2142.980642
2019-11-07 09:31:00,64.1,64.11,64.03,64.03,4925.873897
2019-11-07 09:30:00,64.11,64.11,64.1,64.1,9.775736
2019-11-07 09:29:00,64.1,64.11,64.1,64.1,180.599312
2019-11-07 09:28:00,64.11,64.11,64.1,64.11,1315.470019
2019-11-07 09:27:00,64.1,64.11,64.1,64.11,87.859178
2019-11-07 09:26:00,64.1,64.11,64.1,64.1,1143.654244
2019-11-07 09:25:00,64.1,64.14,64.1,64.1,3064.177167
2019-11-07 09:24:00,64.1,64.1,64.1,64.1,460.862352
2019-11-07 09:23:00,64.11,64.13,64.1,64.1,6396.910332
2019-11-07 09:22:00,64.11,64.14,64.1,64.11,371.000464
2019-11-07 09:21:00,64.11,64.14,64.1,64.14,264.811068
2019-11-07 09:20:00,64.14,64.14,64.1,64.11,149.126245
2019-11-07 09:19:00,64.13,64.15,64.12,64.15,35.908997
2019-11-07 09:18:00,64.2,64.2,64.15,64.15,315.760825
2019-11-07 09:17:00,64.14,64.2,64.14,64.2,645.366386
2019-11-07 09:16:00,64.06,64.13,64.06,64.13,91.252543
2019-11-07 09:15:00,64.11,64.13,64.04,64.06,402.601736
2019-11-07 09:14:00,64.05,64.12,64.05,64.12,89.125191
2019-11-07 09:13:00,64.04,64.05,64.03,64.05,179.27423
2019-11-07 09:12:00,64.05,64.08,64.05,64.05,277.111859
2019-11-07 09:11:00,64.03,64.05,64.02,64.05,14.212182
2019-11-07 09:10:00,63.97,64.03,63.97,64.03,94.353432
2019-11-07 09:09:00,64.01,64.01,63.97,63.97,114.937164
2019-11-07 09:08:00,64.03,64.03,64,64.01,183.754414
2019-11-07 09:07:00,64,64.04,64,64.03,86.675573
2019-11-07 09:06:00,64.06,64.06,63.99,63.99,74.842948
2019-11-07 09:05:00,64.08,64.11,64.04,64.05,1109.273748
2019-11-07 09:04:00,64,64.08,63.99,64.08,259.610698
2019-11-07 09:03:00,64.01,64.04,63.99,63.99,361.647106
2019-11-07 09:02:00,63.88,64.02,63.88,64.01,1127.44486
2019-11-07 09:01:00,63.84,63.88,63.84,63.86,188.527245
2019-11-07 09:00:00,63.87,63.91,63.85,63.85,169.527665
2019-11-07 08:59:00,63.93,63.93,63.85,63.87,1428.418852
2019-11-07 08:58:00,63.97,63.99,63.93,63.93,239.270404
2019-11-07 08:57:00,64.03,64.1,63.95,63.98,963.068338
2019-11-07 08:56:00,64.12,64.14,64.02,64.03,864.624301
2019-11-07 08:55:00,64.17,64.18,64.13,64.13,394.521673
2019-11-07 08:54:00,64.15,64.18,64.14,64.18,157.476997
2019-11-07 08:53:00,64.17,64.17,64.12,64.13,326.788121
2019-11-07 08:52:00,64.15,64.19,64.14,64.18,391.957042
2019-11-07 08:51:00,64.16,64.21,64.15,64.17,223.174937
2019-11-07 08:50:00,64.09,64.19,64.08,64.16,239.923027
2019-11-07 08:49:00,64.19,64.19,64.1,64.11,534.711209
2019-11-07 08:48:00,64.19,64.2,64.18,64.19,344.727277
2019-11-07 08:47:00,64.21,64.24,64.18,64.18,347.514778
2019-11-07 08:46:00,64.24,64.25,64.19,64.21,533.537734
2019-11-07 08:45:00,64.22,64.25,64.21,64.25,558.402672
2019-11-07 08:44:00,64.2,64.24,64.2,64.22,359.106533
2019-11-07 08:43:00,64.21,64.23,64.21,64.22,214.140475
2019-11-07 08:42:00,64.2,64.25,64.2,64.22,200.079305
2019-11-07 08:41:00,64.21,64.23,64.18,64.18,97.094866
2019-11-07 08:40:00,64.24,64.26,64.19,64.2,849.966479
2019-11-07 08:39:00,64.21,64.29,64.21,64.25,395.509654
2019-11-07 08:38:00,64.19,64.2,64.19,64.2,108.65296
2019-11-07 08:37:00,64.17,64.19,64.11,64.17,560.816331
2019-11-07 08:36:00,64.12,64.15,64.1,64.13,172.811518
2019-11-07 08:35:00,64.09,64.19,64.09,64.13,463.227959
2019-11-07 08:34:00,64.07,64.09,64.07,64.09,41.599554
2019-11-07 08:33:00,64.05,64.1,64.04,64.07,132.420306
2019-11-07 08:32:00,64.02,64.05,64.02,64.04,77.534072
2019-11-07 08:31:00,64,64.02,64,64.02,3.713287
2019-11-07 08:30:00,64.01,64.01,64,64,247.185723
2019-11-07 08:29:00,64.01,64.01,64.01,64.01,81.783201
2019-11-07 08:28:00,63.97,64.02,63.97,64.02,169.110053
2019-11-07 08:27:00,63.98,64.02,63.97,64,240.021092
2019-11-07 08:26:00,63.97,63.98,63.94,63.97,642.183669
2019-11-07 08:25:00,63.99,63.99,63.97,63.97,248.865905
2019-11-07 08:24:00,63.98,63.99,63.98,63.98,123.279357
2019-11-07 08:23:00,63.99,64.01,63.96,63.99,298.352784
2019-11-07 08:22:00,64.06,64.06,64,64.01,470.839085
2019-11-07 08:21:00,63.99,64.06,63.99,64.05,95.003868
2019-11-07 08:20:00,64,64,63.99,64,206.296113
2019-11-07 08:19:00,63.99,64,63.99,64,224.6296
2019-11-07 08:18:00,63.99,64,63.98,64,145.432784
2019-11-07 08:17:00,63.99,63.99,63.96,63.98,280.195839
2019-11-07 08:16:00,63.95,63.99,63.95,63.98,180.398356
2019-11-07 08:15:00,63.97,63.98,63.94,63.94,89.849926
2019-11-07 08:14:00,63.99,64.01,63.95,63.96,181.864661
2019-11-07 08:13:00,63.97,63.98,63.92,63.98,299.73681
2019-11-07 08:12:00,63.86,63.99,63.85,63.99,1333.40387
2019-11-07 08:11:00,63.87,63.88,63.86,63.86,297.18763
2019-11-07 08:10:00,63.91,63.91,63.87,63.88,99.632517
2019-11-07 08:09:00,63.88,63.91,63.88,63.89,153.600047
2019-11-07 08:08:00,64.01,64.01,63.86,63.89,566.418614
2019-11-07 08:07:00,64.02,64.04,64.01,64.03,106.346365
2019-11-07 08:06:00,63.99,64.03,63.99,64,433.868988
2019-11-07 08:05:00,63.98,64.02,63.98,63.99,263.097929
2019-11-07 08:04:00,63.98,64,63.97,63.97,125.92065
2019-11-07 08:03:00,63.99,64.01,63.97,64,421.262066
2019-11-07 08:02:00,64.11,64.11,63.94,63.98,1392.532576
2019-11-07 08:01:00,64.3,64.32,64.1,64.11,1579.640839
2019-11-07 08:00:00,64.13,64.33,64.13,64.32,956.148144
2019-11-07 07:59:00,64.05,64.14,64.03,64.11,1052.782118
2019-11-07 07:58:00,64.13,64.14,64.07,64.07,448.095375
2019-11-07 07:57:00,64.15,64.16,64.13,64.13,75.534433
2019-11-07 07:56:00,64.12,64.16,64.12,64.15,105.003438
2019-11-07 07:55:00,64.07,64.15,64.07,64.13,174.916319
2019-11-07 07:54:00,64.05,64.12,64.05,64.1,142.645087
2019-11-07 07:53:00,64.02,64.08,64.02,64.06,116.72531
2019-11-07 07:52:00,64.02,64.04,64.02,64.02,49.929023
2019-11-07 07:51:00,64.01,64.05,63.97,64.05,391.369835
2019-11-07 07:50:00,63.8,64.01,63.8,64,2428.905897
2019-11-07 07:49:00,63.8,63.81,63.8,63.81,211.931072
2019-11-07 07:48:00,63.83,63.83,63.8,63.8,9.43796
2019-11-07 07:47:00,63.88,63.88,63.84,63.84,24.546608
2019-11-07 07:46:00,63.87,63.9,63.87,63.9,168.804684
2019-11-07 07:45:00,63.92,63.92,63.86,63.87,645.379029
2019-11-07 07:44:00,63.91,63.92,63.91,63.91,183.172326
2019-11-07 07:43:00,63.96,63.96,63.9,63.9,432.764663
2019-11-07 07:42:00,63.98,63.98,63.97,63.97,65.714265
2019-11-07 07:41:00,63.9,63.99,63.9,63.99,35.967401
2019-11-07 07:40:00,63.98,63.98,63.88,63.91,610.354344
2019-11-07 07:39:00,63.92,64.02,63.88,64.02,964.085844
2019-11-07 07:38:00,63.94,63.94,63.93,63.93,260.195997
2019-11-07 07:37:00,64.07,64.1,63.94,63.94,916.819403
2019-11-07 07:36:00,63.83,64.1,63.83,64.1,1467.082832
2019-11-07 07:35:00,63.93,63.93,63.71,63.81,546.907469
2019-11-07 07:34:00,64.05,64.05,63.95,63.95,376.39712
2019-11-07 07:33:00,63.98,64.07,63.98,64.05,471.791437
2019-11-07 07:32:00,63.94,63.99,63.92,63.97,284.902428
2019-11-07 07:31:00,63.82,63.93,63.82,63.93,548.161507
2019-11-07 07:30:00,63.72,63.83,63.72,63.82,744.52494
2019-11-07 07:29:00,63.79,63.82,63.69,63.74,1152.296508
2019-11-07 07:28:00,63.81,63.81,63.79,63.79,319.594071
2019-11-07 07:27:00,63.82,63.86,63.82,63.83,34.998481
2019-11-07 07:26:00,63.89,63.9,63.84,63.85,191.492396
2019-11-07 07:25:00,63.88,63.89,63.88,63.89,195.121812
2019-11-07 07:24:00,63.86,63.9,63.85,63.89,76.067677
2019-11-07 07:23:00,63.84,63.89,63.84,63.86,167.252239
2019-11-07 07:22:00,63.84,63.87,63.83,63.86,89.255945
2019-11-07 07:21:00,63.9,63.92,63.8,63.8,1825.792241
2019-11-07 07:20:00,63.93,63.96,63.9,63.9,445.508768
2019-11-07 07:19:00,63.91,63.94,63.9,63.93,457.27312
2019-11-07 07:18:00,63.87,63.94,63.87,63.89,35.521757
2019-11-07 07:17:00,63.8,63.91,63.78,63.87,562.84148
2019-11-07 07:16:00,63.77,63.82,63.77,63.8,62.471728
2019-11-07 07:15:00,63.76,63.76,63.75,63.76,54.729785
2019-11-07 07:14:00,63.73,63.75,63.73,63.74,112.374375
2019-11-07 07:13:00,63.7,63.74,63.7,63.73,157.492255
2019-11-07 07:12:00,63.76,63.77,63.64,63.7,268.17973
2019-11-07 07:11:00,63.84,63.87,63.74,63.75,194.243011
2019-11-07 07:10:00,63.84,63.86,63.83,63.84,60.436605
2019-11-07 07:09:00,63.83,63.88,63.8,63.83,357.071735
2019-11-07 07:08:00,63.85,63.87,63.76,63.87,235.690232
2019-11-07 07:07:00,63.91,63.94,63.8,63.82,829.880896
2019-11-07 07:06:00,63.91,64,63.76,63.92,2790.299157
2019-11-07 07:05:00,63.98,64.35,63.86,63.92,5440.232874
2019-11-07 07:04:00,63.83,64,63.83,64,1934.452532
2019-11-07 07:03:00,63.74,63.88,63.74,63.81,1298.373083
2019-11-07 07:02:00,63.65,63.73,63.65,63.73,181.80128
2019-11-07 07:01:00,63.64,63.64,63.63,63.64,140.378957
2019-11-07 07:00:00,63.58,63.65,63.58,63.65,15.512692
2019-11-07 06:59:00,63.57,63.63,63.57,63.58,115.285626
2019-11-07 06:58:00,63.51,63.58,63.51,63.56,81.640599
2019-11-07 06:57:00,63.5,63.53,63.5,63.51,30.661908
2019-11-07 06:56:00,63.48,63.48,63.48,63.48,47.832908
2019-11-07 06:55:00,63.46,63.5,63.46,63.48,294.877051
2019-11-07 06:54:00,63.44,63.46,63.43,63.46,116.350475
2019-11-07 06:53:00,63.4,63.46,63.4,63.46,178.921299
2019-11-07 06:52:00,63.36,63.4,63.36,63.38,75.812297
2019-11-07 06:51:00,63.33,63.36,63.33,63.36,63.01879
2019-11-07 06:50:00,63.32,63.32,63.32,63.32,0.57
2019-11-07 06:49:00,63.32,63.32,63.32,63.32,2.633378
2019-11-07 06:48:00,63.3,63.34,63.3,63.32,5.942805
2019-11-07 06:47:00,63.33,63.33,63.3,63.3,11.796965
2019-11-07 06:46:00,63.32,63.34,63.31,63.32,51.210383
2019-11-07 06:45:00,63.34,63.34,63.32,63.32,187.130528
2019-11-07 06:44:00,63.32,63.35,63.31,63.34,17.831491
2019-11-07 06:43:00,63.31,63.31,63.31,63.31,1.159088
2019-11-07 06:42:00,63.31,63.31,63.3,63.31,46.391024
2019-11-07 06:41:00,63.31,63.32,63.31,63.32,2.172874
2019-11-07 06:40:00,63.32,63.35,63.32,63.32,52.007632
2019-11-07 06:39:00,63.3,63.32,63.3,63.3,62.47386
2019-11-07 06:38:00,63.32,63.32,63.29,63.29,29.577387
2019-11-07 06:37:00,63.34,63.34,63.33,63.33,25.506648
2019-11-07 06:36:00,63.33,63.33,63.33,63.33,72.720479
2019-11-07 06:35:00,63.33,63.34,63.33,63.33,105.742403
2019-11-07 06:34:00,63.33,63.33,63.33,63.33,98.66468
2019-11-07 06:33:00,63.32,63.34,63.31,63.33,143.517675
2019-11-07 06:32:00,63.3,63.33,63.3,63.31,55.810558
2019-11-07 06:31:00,63.3,63.32,63.28,63.31,63.366274
2019-11-07 06:30:00,63.29,63.29,63.27,63.29,84.85512
2019-11-07 06:29:00,63.28,63.29,63.27,63.28,142.197296
2019-11-07 06:28:00,63.28,63.3,63.28,63.29,89.826274
2019-11-07 06:27:00,63.34,63.34,63.28,63.28,222.417455
2019-11-07 06:26:00,63.32,63.35,63.3,63.34,310.602433
2019-11-07 06:25:00,63.33,63.33,63.3,63.33,51.907811
2019-11-07 06:24:00,63.28,63.33,63.28,63.32,248.506754
2019-11-07 06:23:00,63.23,63.27,63.23,63.27,172.392947
2019-11-07 06:22:00,63.24,63.24,63.23,63.23,53.99212
2019-11-07 06:21:00,63.28,63.28,63.23,63.23,57.87729
2019-11-07 06:20:00,63.31,63.32,63.27,63.27,129.012363
2019-11-07 06:19:00,63.37,63.37,63.31,63.31,111.857026
2019-11-07 06:18:00,63.38,63.39,63.37,63.37,43.756773
2019-11-07 06:17:00,63.44,63.44,63.34,63.38,257.429018
2019-11-07 06:16:00,63.48,63.52,63.44,63.45,1029.040219
2019-11-07 06:15:00,63.49,63.49,63.47,63.48,80.474906
2019-11-07 06:14:00,63.5,63.5,63.5,63.5,0.801961
2019-11-07 06:13:00,63.5,63.5,63.5,63.5,1.587793
2019-11-07 06:12:00,63.5,63.5,63.5,63.5,0.962029
2019-11-07 06:11:00,63.5,63.52,63.5,63.51,230.160755
2019-11-07 06:10:00,63.51,63.52,63.5,63.5,32.786178
2019-11-07 06:09:00,63.51,63.53,63.51,63.51,55.98788
2019-11-07 06:08:00,63.5,63.53,63.5,63.51,286.180408
2019-11-07 06:07:00,63.52,63.52,63.49,63.5,795.587765
2019-11-07 06:06:00,63.49,63.5,63.47,63.5,155.632944
2019-11-07 06:05:00,63.49,63.49,63.49,63.49,0.1256
2019-11-07 06:04:00,63.51,63.51,63.49,63.51,126.2733
2019-11-07 06:03:00,63.51,63.51,63.51,63.51,8.639048
2019-11-07 06:02:00,63.51,63.52,63.51,63.52,26.446205
2019-11-07 06:01:00,63.52,63.52,63.52,63.52,93.955902
2019-11-07 06:00:00,63.51,63.52,63.51,63.52,0.415265
2019-11-07 05:59:00,63.51,63.51,63.51,63.51,36.886094
2019-11-07 05:58:00,63.52,63.52,63.52,63.52,87.644662
2019-11-07 05:57:00,63.52,63.52,63.52,63.52,6.990299
2019-11-07 05:56:00,63.5,63.5,63.5,63.5,0
2019-11-07 05:55:00,63.49,63.5,63.49,63.5,0.097164
2019-11-07 05:54:00,63.51,63.51,63.49,63.49,202.832894
2019-11-07 05:53:00,63.5,63.5,63.5,63.5,0
2019-11-07 05:52:00,63.5,63.52,63.5,63.5,68.984932
2019-11-07 05:51:00,63.5,63.5,63.5,63.5,51.006211
2019-11-07 05:50:00,63.49,63.49,63.48,63.49,36.99962
2019-11-07 05:49:00,63.5,63.5,63.5,63.5,0
2019-11-07 05:48:00,63.5,63.5,63.5,63.5,0.537492
2019-11-07 05:47:00,63.52,63.52,63.5,63.5,213.054025
2019-11-07 05:46:00,63.5,63.52,63.5,63.52,155.016591
2019-11-07 05:45:00,63.44,63.51,63.44,63.5,25.833101
2019-11-07 05:44:00,63.45,63.45,63.43,63.44,319.162394
2019-11-07 05:43:00,63.43,63.45,63.43,63.45,179.740129
2019-11-07 05:42:00,63.4,63.43,63.4,63.43,605.57347
2019-11-07 05:41:00,63.43,63.45,63.41,63.41,160.629173
2019-11-07 05:40:00,63.4,63.41,63.4,63.41,36.3657
2019-11-07 05:39:00,63.49,63.49,63.4,63.4,160.582682
2019-11-07 05:38:00,63.5,63.5,63.48,63.49,375.738569
2019-11-07 05:37:00,63.5,63.52,63.5,63.51,219.964155
2019-11-07 05:36:00,63.49,63.49,63.49,63.49,290.933534
2019-11-07 05:35:00,63.48,63.49,63.48,63.49,335.285349
2019-11-07 05:34:00,63.46,63.48,63.46,63.47,82.91116
2019-11-07 05:33:00,63.46,63.47,63.46,63.46,117.751039
2019-11-07 05:32:00,63.44,63.48,63.44,63.47,270.275237
2019-11-07 05:31:00,63.44,63.47,63.44,63.44,350.96939
2019-11-07 05:30:00,63.44,63.44,63.43,63.43,57.391235
2019-11-07 05:29:00,63.43,63.44,63.43,63.44,116.001935
2019-11-07 05:28:00,63.42,63.43,63.42,63.43,36.290954
2019-11-07 05:27:00,63.41,63.43,63.41,63.43,0.876196
2019-11-07 05:26:00,63.42,63.43,63.39,63.39,203.719322
2019-11-07 05:25:00,63.37,63.42,63.37,63.42,200.401592
2019-11-07 05:24:00,63.36,63.36,63.36,63.36,0.207712
2019-11-07 05:23:00,63.39,63.39,63.36,63.36,43.443354
2019-11-07 05:22:00,63.4,63.4,63.4,63.4,0
2019-11-07 05:21:00,63.4,63.4,63.4,63.4,8.618
2019-11-07 05:20:00,63.38,63.4,63.38,63.4,125.983665
2019-11-07 05:19:00,63.37,63.4,63.37,63.38,113.812201
2019-11-07 05:18:00,63.35,63.4,63.33,63.35,115.869447
2019-11-07 05:17:00,63.38,63.38,63.37,63.37,35.827275
2019-11-07 05:16:00,63.4,63.4,63.38,63.38,141.114884
2019-11-07 05:15:00,63.41,63.42,63.4,63.4,151.034211
2019-11-07 05:14:00,63.43,63.44,63.4,63.41,398.227568
2019-11-07 05:13:00,63.38,63.42,63.38,63.4,146.00416
2019-11-07 05:12:00,63.4,63.4,63.35,63.36,221.537717
2019-11-07 05:11:00,63.38,63.42,63.38,63.4,125.115658
2019-11-07 05:10:00,63.34,63.34,63.34,63.34,0
2019-11-07 05:09:00,63.34,63.34,63.34,63.34,0.5
2019-11-07 05:08:00,63.32,63.35,63.29,63.34,158.494498
2019-11-07 05:07:00,63.33,63.36,63.33,63.33,167.280444
2019-11-07 05:06:00,63.28,63.32,63.28,63.32,142.606664
2019-11-07 05:05:00,63.32,63.33,63.27,63.27,73.365394
2019-11-07 05:04:00,63.29,63.34,63.29,63.32,239.463003
2019-11-07 05:03:00,63.32,63.32,63.29,63.3,38.000982
2019-11-07 05:02:00,63.35,63.38,63.3,63.31,471.838966
2019-11-07 05:01:00,63.28,63.34,63.28,63.34,324.923416
2019-11-07 05:00:00,63.23,63.32,63.23,63.29,219.027686
2019-11-07 04:59:00,63.23,63.23,63.23,63.23,53.530443
2019-11-07 04:58:00,63.24,63.24,63.22,63.23,63.331827
2019-11-07 04:57:00,63.26,63.26,63.24,63.24,155.072359
2019-11-07 04:56:00,63.25,63.25,63.24,63.25,163.233209
2019-11-07 04:55:00,63.25,63.27,63.25,63.26,133.96219
2019-11-07 04:54:00,63.23,63.24,63.22,63.24,0.551297
2019-11-07 04:53:00,63.24,63.25,63.22,63.23,105.01628
2019-11-07 04:52:00,63.22,63.25,63.22,63.25,121.202456
2019-11-07 04:51:00,63.21,63.24,63.21,63.21,112.50922
2019-11-07 04:50:00,63.18,63.24,63.18,63.21,326.316733
2019-11-07 04:49:00,63.22,63.22,63.19,63.19,98.108875
2019-11-07 04:48:00,63.25,63.25,63.23,63.23,389.196345
2019-11-07 04:47:00,63.24,63.26,63.24,63.25,216.786353
2019-11-07 04:46:00,63.24,63.24,63.23,63.23,51.980297
2019-11-07 04:45:00,63.24,63.25,63.23,63.24,140.913476
2019-11-07 04:44:00,63.24,63.24,63.22,63.24,282.24352
2019-11-07 04:43:00,63.23,63.26,63.22,63.24,258.34995
2019-11-07 04:42:00,63.21,63.23,63.21,63.23,57.463278
2019-11-07 04:41:00,63.22,63.22,63.21,63.21,2.376197
2019-11-07 04:40:00,63.22,63.24,63.21,63.22,64.106622
2019-11-07 04:39:00,63.24,63.24,63.23,63.23,155.759753
2019-11-07 04:38:00,63.26,63.29,63.23,63.23,107.423313
2019-11-07 04:37:00,63.21,63.23,63.21,63.23,3.827794
2019-11-07 04:36:00,63.21,63.22,63.21,63.22,309.610565
2019-11-07 04:35:00,63.14,63.22,63.14,63.19,397.629276
2019-11-07 04:34:00,63.16,63.18,63.14,63.14,128.632037
2019-11-07 04:33:00,63.08,63.17,63.08,63.16,171.467287
2019-11-07 04:32:00,63.11,63.11,63.08,63.08,114.438191
2019-11-07 04:31:00,63.11,63.11,63.11,63.11,0.026355
2019-11-07 04:30:00,63.14,63.14,63.13,63.13,10.83223
2019-11-07 04:29:00,63.16,63.16,63.15,63.16,91.3476
2019-11-07 04:28:00,63.17,63.17,63.16,63.17,369.219672
2019-11-07 04:27:00,63.19,63.19,63.17,63.17,54.686599
2019-11-07 04:26:00,63.16,63.19,63.16,63.18,329.074644
2019-11-07 04:25:00,63.14,63.16,63.12,63.16,1273.230164
2019-11-07 04:24:00,63.12,63.17,63.11,63.15,324.266034
2019-11-07 04:23:00,63.16,63.16,63.13,63.13,61.246403
2019-11-07 04:22:00,63.17,63.17,63.14,63.16,73.645299
2019-11-07 04:21:00,63.19,63.21,63.17,63.17,180.712831
2019-11-07 04:20:00,63.16,63.19,63.15,63.19,128.308965
2019-11-07 04:19:00,63.07,63.16,63.07,63.16,214.610309
2019-11-07 04:18:00,63.05,63.09,63.04,63.07,164.583303
2019-11-07 04:17:00,63.06,63.07,63.05,63.06,190.461825
2019-11-07 04:16:00,63.09,63.1,63.06,63.06,99.71342
2019-11-07 04:15:00,63.05,63.08,63.05,63.08,105.501938
2019-11-07 04:14:00,63.04,63.05,63.04,63.05,4.745621
2019-11-07 04:13:00,63.04,63.04,63.01,63.04,162.080975
2019-11-07 04:12:00,63.04,63.04,63.03,63.03,39.186106
2019-11-07 04:11:00,63.04,63.04,63.03,63.04,6.41915
2019-11-07 04:10:00,63.03,63.06,63.01,63.04,128.730824
2019-11-07 04:09:00,63.04,63.04,63.02,63.02,104.758467
2019-11-07 04:08:00,63.04,63.04,63.04,63.04,3.714398
2019-11-07 04:07:00,63.01,63.02,63.01,63.02,88.103821
2019-11-07 04:06:00,63.02,63.02,63,63,1.526077
2019-11-07 04:05:00,63.02,63.02,63,63.02,102.916621
2019-11-07 04:04:00,63.05,63.05,63.02,63.02,52.265723
2019-11-07 04:03:00,63.02,63.05,63.02,63.03,319.583633
2019-11-07 04:02:00,63.02,63.02,63.01,63.02,65.306985
2019-11-07 04:01:00,63.03,63.04,63.01,63.02,158.976582
2019-11-07 04:00:00,63.01,63.04,63,63.04,299.475858
2019-11-07 03:59:00,63.09,63.09,63.01,63.01,158.552756
2019-11-07 03:58:00,63.08,63.08,63.07,63.08,46.595188
2019-11-07 03:57:00,63.09,63.09,63.09,63.09,150.939921
2019-11-07 03:56:00,63.08,63.08,63.08,63.08,0.5
2019-11-07 03:55:00,63.08,63.1,63.07,63.08,91.58839
2019-11-07 03:54:00,63.11,63.12,63.09,63.09,285.855485
2019-11-07 03:53:00,63.06,63.13,63.01,63.13,136.567912
2019-11-07 03:52:00,63.1,63.1,63.05,63.06,120.679436
2019-11-07 03:51:00,63.11,63.11,63.1,63.1,81.389557
2019-11-07 03:50:00,63.08,63.12,63.08,63.11,230.79732
2019-11-07 03:49:00,63.08,63.08,63.04,63.07,271.005278
2019-11-07 03:48:00,63.11,63.11,63.11,63.11,0
2019-11-07 03:47:00,63.12,63.12,63.11,63.11,2.52848
2019-11-07 03:46:00,63.08,63.12,63.08,63.12,290.764676
2019-11-07 03:45:00,63.1,63.1,63.07,63.08,257.337908
2019-11-07 03:44:00,63.11,63.11,63.11,63.11,45.3191
2019-11-07 03:43:00,63.12,63.12,63.11,63.11,69.210504
2019-11-07 03:42:00,63.11,63.12,63.11,63.12,29.849906
2019-11-07 03:41:00,63.16,63.16,63.12,63.12,116.046052
2019-11-07 03:40:00,63.13,63.15,63.13,63.14,382.457282
2019-11-07 03:39:00,63.12,63.15,63.12,63.15,408.320303
2019-11-07 03:38:00,63.13,63.13,63.13,63.13,58.026978
2019-11-07 03:37:00,63.12,63.12,63.12,63.12,0.015842
2019-11-07 03:36:00,63.1,63.11,63.1,63.11,77.675493
2019-11-07 03:35:00,63.1,63.1,63.1,63.1,2.765427
2019-11-07 03:34:00,63.08,63.13,63.08,63.13,289.126816
2019-11-07 03:33:00,63.09,63.09,63.05,63.08,68.823166
2019-11-07 03:32:00,63.1,63.1,63.1,63.1,0
2019-11-07 03:31:00,63.12,63.12,63.1,63.1,217.975036
2019-11-07 03:30:00,63.12,63.12,63.1,63.12,37.309244
2019-11-07 03:29:00,63.18,63.22,63.17,63.17,72.141431
2019-11-07 03:28:00,63.11,63.17,63.11,63.16,228.247567
2019-11-07 03:27:00,63.1,63.13,63.1,63.12,74.415966
2019-11-07 03:26:00,63.1,63.1,63.09,63.1,119.34026
2019-11-07 03:25:00,63.1,63.1,63.1,63.1,77.271422
2019-11-07 03:24:00,63.08,63.1,63.08,63.09,283.535863
2019-11-07 03:23:00,63.1,63.12,63.08,63.08,43.013315
2019-11-07 03:22:00,63.1,63.12,63.1,63.11,164.65506
2019-11-07 03:21:00,63.05,63.1,63.05,63.1,288.911227
2019-11-07 03:20:00,63.02,63.05,63.02,63.05,37.706751
2019-11-07 03:19:00,63.02,63.02,63,63.01,83.588541
2019-11-07 03:18:00,63.02,63.03,63.02,63.02,67.754737
2019-11-07 03:17:00,63.04,63.05,62.98,63.03,570.71058
2019-11-07 03:16:00,63.03,63.05,63.03,63.04,477.4065
2019-11-07 03:15:00,63.05,63.05,63.02,63.03,85.046438
2019-11-07 03:14:00,63.05,63.05,63.04,63.05,22.797818
2019-11-07 03:13:00,63.01,63.01,63.01,63.01,99.974194
2019-11-07 03:12:00,63.06,63.06,63.02,63.02,94.480367
2019-11-07 03:11:00,63.03,63.06,63.03,63.05,76.330271
2019-11-07 03:10:00,63.02,63.03,63.02,63.03,61.727099
2019-11-07 03:09:00,63.02,63.03,63.02,63.02,1.353664
2019-11-07 03:08:00,63.02,63.04,63.02,63.04,79.519646
2019-11-07 03:07:00,63.04,63.04,63,63,60.499782
2019-11-07 03:06:00,63.03,63.04,63.03,63.04,191.550388
2019-11-07 03:05:00,63.03,63.03,63.01,63.01,64.54555
2019-11-07 03:04:00,63.03,63.03,63.01,63.03,47.044
2019-11-07 03:03:00,63.01,63.05,63.01,63.03,121.338474
2019-11-07 03:02:00,63.05,63.05,63.01,63.02,983.944916
2019-11-07 03:01:00,63.04,63.05,63.03,63.05,77.114668
2019-11-07 03:00:00,63.08,63.11,63.07,63.07,22.465077
2019-11-07 02:59:00,63.04,63.08,63.04,63.08,197.648163
2019-11-07 02:58:00,63.04,63.06,63.03,63.04,47.262083
2019-11-07 02:57:00,63.12,63.12,63.04,63.04,208.982287
2019-11-07 02:56:00,63.1,63.13,63.1,63.13,32.524875
2019-11-07 02:55:00,63.04,63.08,63.04,63.08,1.5
2019-11-07 02:54:00,63.05,63.06,63.03,63.03,201.803759
2019-11-07 02:53:00,63.03,63.04,63.01,63.04,38.714612
2019-11-07 02:52:00,63.09,63.1,63.02,63.02,205.860444
2019-11-07 02:51:00,63.14,63.14,63.08,63.1,563.16127
2019-11-07 02:50:00,63.02,63.15,63.02,63.14,331.141848
2019-11-07 02:49:00,63.04,63.04,63.02,63.02,46.345
2019-11-07 02:48:00,63.06,63.08,63.02,63.03,107.824622
2019-11-07 02:47:00,63,63.06,63,63.06,58.088771
2019-11-07 02:46:00,62.93,63.01,62.93,63,180.631822
2019-11-07 02:45:00,62.96,62.96,62.92,62.92,216.627419
2019-11-07 02:44:00,62.96,62.97,62.96,62.96,1.039303
2019-11-07 02:43:00,62.98,62.98,62.96,62.96,44.881744
2019-11-07 02:42:00,62.97,62.97,62.96,62.97,1056.372237
2019-11-07 02:41:00,62.98,62.98,62.97,62.97,100.015283
2019-11-07 02:40:00,62.94,62.97,62.94,62.97,382.821347
2019-11-07 02:39:00,62.95,62.95,62.95,62.95,1.082122
2019-11-07 02:38:00,62.95,62.95,62.95,62.95,1
2019-11-07 02:37:00,62.92,62.95,62.92,62.95,212.356652
2019-11-07 02:36:00,62.94,62.94,62.94,62.94,41.981681
2019-11-07 02:35:00,62.96,62.96,62.93,62.94,135.062919
2019-11-07 02:34:00,62.96,62.96,62.96,62.96,0.18576
2019-11-07 02:33:00,62.96,62.96,62.96,62.96,0.157114
2019-11-07 02:32:00,62.94,62.96,62.93,62.96,92.32342
2019-11-07 02:31:00,62.95,62.95,62.95,62.95,0
2019-11-07 02:30:00,62.96,62.96,62.95,62.95,132.220348
2019-11-07 02:29:00,62.95,62.97,62.95,62.97,99.445917
2019-11-07 02:28:00,62.94,62.95,62.94,62.95,2.381706
2019-11-07 02:27:00,62.95,62.95,62.93,62.95,199.009101
2019-11-07 02:26:00,62.93,62.94,62.93,62.94,29.9801
2019-11-07 02:25:00,62.95,62.95,62.92,62.94,110.216614
2019-11-07 02:24:00,62.96,62.96,62.93,62.95,103.823212
2019-11-07 02:23:00,62.94,62.96,62.94,62.96,110.7995
2019-11-07 02:22:00,62.94,62.94,62.93,62.93,4.109135
2019-11-07 02:21:00,62.95,62.95,62.92,62.93,148.245705
2019-11-07 02:20:00,62.94,62.97,62.93,62.93,82.827001
2019-11-07 02:19:00,62.89,62.96,62.89,62.94,313.284945
2019-11-07 02:18:00,62.89,62.89,62.89,62.89,15.360028
2019-11-07 02:17:00,62.89,62.89,62.86,62.86,202.324434
2019-11-07 02:16:00,62.91,62.91,62.89,62.89,66.140419
2019-11-07 02:15:00,62.93,62.93,62.91,62.91,309.319111
2019-11-07 02:14:00,62.9,62.93,62.9,62.93,171.640935
2019-11-07 02:13:00,62.89,62.9,62.89,62.9,4.603862
2019-11-07 02:12:00,62.92,62.92,62.87,62.89,246.421782
2019-11-07 02:11:00,62.94,62.95,62.93,62.93,26.283008
2019-11-07 02:10:00,62.91,62.95,62.88,62.94,188.038395
2019-11-07 02:09:00,62.93,62.93,62.91,62.91,8.775535
2019-11-07 02:08:00,62.92,62.96,62.92,62.95,56.094975
2019-11-07 02:07:00,62.96,62.96,62.92,62.92,48.000066
2019-11-07 02:06:00,63.05,63.05,62.96,62.96,96.179969
2019-11-07 02:05:00,63.05,63.05,63.05,63.05,0.317435
2019-11-07 02:04:00,62.97,63.04,62.97,63.04,223.214364
2019-11-07 02:03:00,62.97,62.97,62.97,62.97,0
2019-11-07 02:02:00,62.94,62.98,62.94,62.98,49.175452
2019-11-07 02:01:00,62.95,62.96,62.94,62.94,26.11162
2019-11-07 02:00:00,62.95,62.95,62.94,62.94,166.076996
2019-11-07 01:59:00,62.96,63.01,62.95,62.98,288.844596
2019-11-07 01:58:00,62.95,62.96,62.95,62.96,81.008869
2019-11-07 01:57:00,62.87,62.95,62.87,62.94,500.093478
2019-11-07 01:56:00,62.92,62.92,62.84,62.86,21.833243
2019-11-07 01:55:00,62.92,62.93,62.92,62.93,57.382254
2019-11-07 01:54:00,62.9,62.9,62.9,62.9,2.310678
2019-11-07 01:53:00,62.9,62.91,62.9,62.91,358.171653
2019-11-07 01:52:00,62.89,62.91,62.89,62.91,23.016747
2019-11-07 01:51:00,62.9,62.9,62.89,62.89,30.732106
2019-11-07 01:50:00,62.88,62.88,62.88,62.88,57.24735
2019-11-07 01:49:00,62.92,62.92,62.88,62.9,414.30998
2019-11-07 01:48:00,62.88,62.9,62.88,62.9,215.525568
2019-11-07 01:47:00,62.84,62.89,62.84,62.87,229.939452
2019-11-07 01:46:00,62.83,62.86,62.82,62.83,156.322773
2019-11-07 01:45:00,62.83,62.86,62.81,62.85,61.634995
2019-11-07 01:44:00,62.84,62.84,62.82,62.82,5.059336
2019-11-07 01:43:00,62.9,62.92,62.86,62.86,51.457794
2019-11-07 01:42:00,62.9,62.9,62.88,62.9,35.721969
2019-11-07 01:41:00,62.91,62.92,62.9,62.9,449.518199
2019-11-07 01:40:00,62.88,62.9,62.88,62.89,141.115329
2019-11-07 01:39:00,62.92,62.92,62.86,62.9,76.36393
2019-11-07 01:38:00,62.9,62.91,62.9,62.91,1.6354
2019-11-07 01:37:00,62.89,62.93,62.87,62.89,724.866779
2019-11-07 01:36:00,62.86,62.9,62.83,62.89,163.694879
2019-11-07 01:35:00,62.93,62.96,62.87,62.87,259.714012
2019-11-07 01:34:00,62.78,62.92,62.78,62.91,348.461837
2019-11-07 01:33:00,62.86,62.86,62.78,62.8,551.27986
2019-11-07 01:32:00,62.85,62.86,62.85,62.86,101.750182
2019-11-07 01:31:00,62.88,62.88,62.86,62.86,39.596529
2019-11-07 01:30:00,62.91,62.91,62.87,62.88,81.374113
2019-11-07 01:29:00,62.93,62.93,62.91,62.92,199.822331
2019-11-07 01:28:00,62.89,62.91,62.87,62.91,35.176205
2019-11-07 01:27:00,62.86,62.93,62.81,62.9,1177.08095
2019-11-07 01:26:00,62.87,62.87,62.87,62.87,51.580893
2019-11-07 01:25:00,62.9,62.9,62.89,62.89,30.711912
2019-11-07 01:24:00,62.91,62.91,62.9,62.9,52.644567
2019-11-07 01:23:00,62.87,62.89,62.81,62.89,198.882497
2019-11-07 01:22:00,62.88,62.88,62.87,62.87,92.298394
2019-11-07 01:21:00,62.96,62.96,62.87,62.87,287.356546
2019-11-07 01:20:00,62.96,62.98,62.94,62.98,333.335651
2019-11-07 01:19:00,63.01,63.01,62.96,62.96,38.946447
2019-11-07 01:18:00,62.98,63.06,62.98,63.02,278.38157
2019-11-07 01:17:00,63,63,62.96,62.99,276.012699
2019-11-07 01:16:00,62.98,62.99,62.96,62.99,56.670134
2019-11-07 01:15:00,62.94,62.98,62.94,62.98,94.79502
2019-11-07 01:14:00,62.97,62.97,62.94,62.94,12.978398
2019-11-07 01:13:00,62.98,62.98,62.96,62.97,59.781804
2019-11-07 01:12:00,62.93,62.98,62.93,62.98,124.212523
2019-11-07 01:11:00,62.95,62.96,62.93,62.93,136.213871
2019-11-07 01:10:00,62.92,62.96,62.92,62.96,108.437537
2019-11-07 01:09:00,62.93,62.95,62.93,62.93,102.443447
2019-11-07 01:08:00,62.96,62.96,62.92,62.94,127.628293
2019-11-07 01:07:00,62.95,63,62.95,62.98,56.780596
2019-11-07 01:06:00,62.96,62.96,62.96,62.96,0.192427
2019-11-07 01:05:00,62.96,62.97,62.96,62.96,119.143001
2019-11-07 01:04:00,62.97,62.97,62.96,62.96,237.498916
2019-11-07 01:03:00,62.94,62.97,62.94,62.97,72.219275
2019-11-07 01:02:00,62.95,62.95,62.95,62.95,3.510599
2019-11-07 01:01:00,63,63,62.95,62.95,119.345074
2019-11-07 01:00:00,63.02,63.02,63,63.01,110.884677
2019-11-07 00:59:00,63.01,63.03,63.01,63.03,271.906344
2019-11-07 00:58:00,63.03,63.03,63,63.01,42.582463
2019-11-07 00:57:00,63.01,63.04,63.01,63.04,205.135235
2019-11-07 00:56:00,63.02,63.02,63.01,63.01,17.217524
2019-11-07 00:55:00,63.02,63.02,63.02,63.02,0.546969
2019-11-07 00:54:00,62.97,63.01,62.97,63.01,2.104488
2019-11-07 00:53:00,62.93,62.98,62.93,62.97,113.625032
2019-11-07 00:52:00,62.97,62.97,62.95,62.97,215.381911
2019-11-07 00:51:00,62.99,62.99,62.97,62.97,332.396871
2019-11-07 00:50:00,62.98,62.99,62.98,62.99,230.328283
2019-11-07 00:49:00,62.98,62.99,62.95,62.97,250.806968
2019-11-07 00:48:00,62.96,62.99,62.96,62.99,3.80273
2019-11-07 00:47:00,62.99,63,62.96,62.97,32.846254
2019-11-07 00:46:00,63.05,63.05,62.99,62.99,50.656759
2019-11-07 00:45:00,62.91,63.05,62.91,63.05,563.576959
2019-11-07 00:44:00,62.9,62.92,62.89,62.91,24.451853
2019-11-07 00:43:00,63,63,62.91,62.92,686.406426
2019-11-07 00:42:00,63.01,63.01,63,63,15.92308
2019-11-07 00:41:00,63.03,63.03,63.02,63.02,25.747469
2019-11-07 00:40:00,63.03,63.03,63.01,63.02,86.453574
2019-11-07 00:39:00,63,63.04,63,63.04,404.634856
2019-11-07 00:38:00,63.05,63.06,63.01,63.02,433.826458
2019-11-07 00:37:00,63.03,63.06,63,63.05,229.168824
2019-11-07 00:36:00,62.98,63.07,62.98,63.03,140.761267
2019-11-07 00:35:00,62.97,62.97,62.97,62.97,0
2019-11-07 00:34:00,63,63,62.97,62.97,343.155082
2019-11-07 00:33:00,63.02,63.03,63,63,204.272794
2019-11-07 00:32:00,63,63.08,62.97,63.02,312.667636
2019-11-07 00:31:00,62.93,62.99,62.93,62.99,508.912254
2019-11-07 00:30:00,62.97,62.98,62.9,62.93,2593.793723
2019-11-07 00:29:00,62.98,63.02,62.98,62.98,130.737039
2019-11-07 00:28:00,62.97,63,62.96,62.99,63.835574
2019-11-07 00:27:00,63.03,63.04,62.97,62.97,175.683359
2019-11-07 00:26:00,62.97,63.03,62.97,63.03,624.712121
2019-11-07 00:25:00,62.96,63,62.87,62.97,2387.26493
2019-11-07 00:24:00,62.99,62.99,62.96,62.97,28.339161
2019-11-07 00:23:00,62.95,62.99,62.94,62.99,206.80946
2019-11-07 00:22:00,63.02,63.02,62.96,62.96,56.584648
2019-11-07 00:21:00,63.09,63.09,63.02,63.02,168.06348
2019-11-07 00:20:00,63.08,63.08,63.03,63.07,455.576927
2019-11-07 00:19:00,63.06,63.09,63.06,63.09,54.230404
2019-11-07 00:18:00,63.06,63.09,63.05,63.05,111.85482
2019-11-07 00:17:00,62.97,63.04,62.9,63.04,376.700389
2019-11-07 00:16:00,63.12,63.12,62.98,62.98,346.218053
2019-11-07 00:15:00,63,63.12,63,63.12,47.149531
2019-11-07 00:14:00,62.91,62.99,62.89,62.99,425.750191
2019-11-07 00:13:00,63.05,63.06,62.91,62.91,174.814552
2019-11-07 00:12:00,62.94,63.07,62.94,63.05,140.951799
2019-11-07 00:11:00,62.92,62.94,62.86,62.94,716.294233
2019-11-07 00:10:00,62.93,62.93,62.83,62.93,766.940538
2019-11-07 00:09:00,63.03,63.04,62.91,62.93,907.867342
2019-11-07 00:08:00,63.2,63.2,63,63.03,1343.313822
2019-11-07 00:07:00,63.34,63.34,63.2,63.2,176.454338
2019-11-07 00:06:00,63.14,63.34,63.14,63.34,556.727681
2019-11-07 00:05:00,63.18,63.19,63.08,63.13,1281.192205
2019-11-07 00:04:00,63.33,63.33,63.18,63.19,175.35579
2019-11-07 00:03:00,63.41,63.41,63.35,63.35,62.215872
2019-11-07 00:02:00,63.33,63.45,63.33,63.41,1251.900085
2019-11-07 00:01:00,63.2,63.33,63.17,63.33,1316.850708
2019-11-07 00:00:00,63.34,63.34,63.2,63.2,563.275073
