2019-11-13 23:59:00,60.59,60.62,60.59,60.61,252.28585
2019-11-13 23:58:00,60.59,60.59,60.58,60.59,170.047605
2019-11-13 23:57:00,60.65,60.67,60.58,60.59,1253.000309
2019-11-13 23:56:00,60.67,60.67,60.65,60.65,0.04528
2019-11-13 23:55:00,60.68,60.68,60.67,60.67,6.984907
2019-11-13 23:54:00,60.67,60.68,60.65,60.65,66.165975
2019-11-13 23:53:00,60.64,60.69,60.64,60.68,61.562676
2019-11-13 23:52:00,60.64,60.64,60.63,60.64,179.662597
2019-11-13 23:51:00,60.69,60.69,60.64,60.64,635.746713
2019-11-13 23:50:00,60.75,60.75,60.69,60.69,31.347879
2019-11-13 23:49:00,60.73,60.74,60.73,60.74,78.4102
2019-11-13 23:48:00,60.72,60.75,60.72,60.75,26.924966
2019-11-13 23:47:00,60.69,60.72,60.69,60.71,307.737651
2019-11-13 23:46:00,60.66,60.71,60.66,60.7,131.307975
2019-11-13 23:45:00,60.7,60.7,60.66,60.66,264.034142
2019-11-13 23:44:00,60.7,60.71,60.69,60.71,326.117016
2019-11-13 23:43:00,60.7,60.73,60.7,60.7,744.076942
2019-11-13 23:42:00,60.72,60.72,60.71,60.71,17.039575
2019-11-13 23:41:00,60.7,60.73,60.69,60.73,98.163186
2019-11-13 23:40:00,60.7,60.7,60.69,60.69,97.643422
2019-11-13 23:39:00,60.72,60.72,60.7,60.7,211.293214
2019-11-13 23:38:00,60.72,60.72,60.71,60.72,156.782794
2019-11-13 23:37:00,60.68,60.72,60.67,60.72,146.659734
2019-11-13 23:36:00,60.73,60.73,60.68,60.68,80.521514
2019-11-13 23:35:00,60.7,60.77,60.7,60.73,326.416256
2019-11-13 23:34:00,60.71,60.71,60.69,60.7,75.030621
2019-11-13 23:33:00,60.71,60.72,60.71,60.71,149.531258
2019-11-13 23:32:00,60.7,60.73,60.7,60.7,104.183168
2019-11-13 23:31:00,60.67,60.7,60.67,60.7,211.472717
2019-11-13 23:30:00,60.67,60.67,60.66,60.67,1008.746193
2019-11-13 23:29:00,60.68,60.69,60.68,60.68,441.829872
2019-11-13 23:28:00,60.64,60.68,60.64,60.66,97.615388
2019-11-13 23:27:00,60.65,60.69,60.62,60.65,635.295664
2019-11-13 23:26:00,60.66,60.67,60.63,60.65,1161.053937
2019-11-13 23:25:00,60.62,60.66,60.6,60.66,581.902314
2019-11-13 23:24:00,60.64,60.64,60.58,60.62,881.132311
2019-11-13 23:23:00,60.62,60.65,60.62,60.62,330.470457
2019-11-13 23:22:00,60.66,60.66,60.61,60.61,1396.490266
2019-11-13 23:21:00,60.7,60.71,60.66,60.66,4240.970138
2019-11-13 23:20:00,60.69,60.71,60.68,60.69,337.756831
2019-11-13 23:19:00,60.7,60.7,60.69,60.69,14.175102
2019-11-13 23:18:00,60.75,60.75,60.71,60.71,280.836451
2019-11-13 23:17:00,60.75,60.79,60.75,60.75,543.234654
2019-11-13 23:16:00,60.72,60.77,60.71,60.77,215.653437
2019-11-13 23:15:00,60.76,60.76,60.73,60.73,71.023115
2019-11-13 23:14:00,60.76,60.79,60.75,60.76,432.078921
2019-11-13 23:13:00,60.81,60.81,60.75,60.76,114.12192
2019-11-13 23:12:00,60.84,60.84,60.81,60.81,426.08196
2019-11-13 23:11:00,60.85,60.85,60.85,60.85,0
2019-11-13 23:10:00,60.89,60.89,60.85,60.85,6.514677
2019-11-13 23:09:00,60.91,60.91,60.87,60.88,463.974544
2019-11-13 23:08:00,60.91,60.95,60.91,60.93,69.967769
2019-11-13 23:07:00,60.97,60.97,60.91,60.91,565.935041
2019-11-13 23:06:00,60.93,60.96,60.93,60.96,2.650902
2019-11-13 23:05:00,60.85,60.95,60.83,60.93,260.065577
2019-11-13 23:04:00,60.81,60.86,60.81,60.84,319.988532
2019-11-13 23:03:00,60.83,60.85,60.81,60.81,196.471172
2019-11-13 23:02:00,60.78,60.82,60.77,60.82,456.854165
2019-11-13 23:01:00,60.77,60.77,60.77,60.77,34.44975
2019-11-13 23:00:00,60.8,60.8,60.8,60.8,62.737987
2019-11-13 22:59:00,60.82,60.82,60.79,60.79,41.049476
2019-11-13 22:58:00,60.8,60.82,60.8,60.81,48.076353
2019-11-13 22:57:00,60.87,60.88,60.82,60.82,257.351716
2019-11-13 22:56:00,60.83,60.87,60.83,60.87,165.866463
2019-11-13 22:55:00,60.83,60.83,60.82,60.82,8.64559
2019-11-13 22:54:00,60.83,60.83,60.83,60.83,40.321999
2019-11-13 22:53:00,60.82,60.92,60.81,60.86,242.195348
2019-11-13 22:52:00,60.85,60.85,60.83,60.83,161.481063
2019-11-13 22:51:00,60.89,60.89,60.86,60.86,42.420292
2019-11-13 22:50:00,60.89,60.92,60.89,60.91,127.649484
2019-11-13 22:49:00,60.87,60.91,60.87,60.89,242.083569
2019-11-13 22:48:00,60.88,60.88,60.83,60.83,309.680358
2019-11-13 22:47:00,60.93,60.93,60.89,60.9,176.553429
2019-11-13 22:46:00,60.93,60.96,60.93,60.96,11.605379
2019-11-13 22:45:00,60.98,60.98,60.94,60.95,211.381239
2019-11-13 22:44:00,61,61,60.97,60.97,25.060739
2019-11-13 22:43:00,60.97,61,60.97,61,64.162927
2019-11-13 22:42:00,60.98,61.02,60.94,61.02,59.036868
2019-11-13 22:41:00,60.97,60.98,60.97,60.98,17.43581
2019-11-13 22:40:00,60.95,60.98,60.95,60.97,139.037688
2019-11-13 22:39:00,60.95,60.95,60.94,60.95,1.005309
2019-11-13 22:38:00,60.98,60.98,60.98,60.98,93.929818
2019-11-13 22:37:00,60.94,60.99,60.92,60.99,223.386327
2019-11-13 22:36:00,60.95,60.97,60.94,60.95,208.875694
2019-11-13 22:35:00,60.96,60.96,60.96,60.96,0.00341
2019-11-13 22:34:00,61.01,61.01,60.95,60.95,173.423824
2019-11-13 22:33:00,61.02,61.02,61,61.02,227.982956
2019-11-13 22:32:00,61.08,61.08,61.01,61.01,13.480566
2019-11-13 22:31:00,61.03,61.1,61.03,61.1,195.216906
2019-11-13 22:30:00,61.06,61.08,61.02,61.02,81.43352
2019-11-13 22:29:00,61.11,61.12,61.07,61.07,111.08419
2019-11-13 22:28:00,61.06,61.11,61.06,61.08,266.331598
2019-11-13 22:27:00,61.16,61.17,61.05,61.05,432.928921
2019-11-13 22:26:00,61.11,61.17,61.09,61.16,1093.003693
2019-11-13 22:25:00,61.21,61.26,61.11,61.11,81.484844
2019-11-13 22:24:00,61.09,61.25,61.09,61.21,939.666915
2019-11-13 22:23:00,61.04,61.08,61.03,61.08,282.488358
2019-11-13 22:22:00,61.04,61.05,61.02,61.04,44.516562
2019-11-13 22:21:00,61.05,61.09,61.04,61.05,394.086001
2019-11-13 22:20:00,60.92,61.06,60.92,61.05,816.651553
2019-11-13 22:19:00,60.93,60.93,60.93,60.93,40.107521
2019-11-13 22:18:00,60.93,60.93,60.93,60.93,0
2019-11-13 22:17:00,60.88,60.93,60.88,60.93,20.858558
2019-11-13 22:16:00,60.89,60.89,60.87,60.87,4.313851
2019-11-13 22:15:00,60.9,60.9,60.87,60.88,138.743224
2019-11-13 22:14:00,60.86,60.87,60.86,60.86,259.558011
2019-11-13 22:13:00,60.84,60.89,60.84,60.86,487.602695
2019-11-13 22:12:00,60.9,60.9,60.83,60.84,159.366667
2019-11-13 22:11:00,60.95,60.96,60.9,60.91,120.46803
2019-11-13 22:10:00,60.9,60.93,60.9,60.93,344.729551
2019-11-13 22:09:00,60.89,60.92,60.89,60.89,261.760208
2019-11-13 22:08:00,60.85,60.92,60.83,60.89,228.921708
2019-11-13 22:07:00,60.92,60.92,60.88,60.88,81.588725
2019-11-13 22:06:00,60.94,60.95,60.91,60.92,698.659272
2019-11-13 22:05:00,60.94,60.97,60.94,60.94,89.500074
2019-11-13 22:04:00,60.95,60.95,60.92,60.95,160.932076
2019-11-13 22:03:00,60.97,60.98,60.97,60.97,82.86154
2019-11-13 22:02:00,60.98,60.98,60.97,60.97,182.534886
2019-11-13 22:01:00,60.98,60.98,60.96,60.96,109.801706
2019-11-13 22:00:00,61.09,61.09,60.95,61.01,739.725413
2019-11-13 21:59:00,61.08,61.1,61.06,61.09,129.60757
2019-11-13 21:58:00,60.87,61.08,60.87,61.08,1311.822516
2019-11-13 21:57:00,60.89,60.89,60.86,60.87,91.934947
2019-11-13 21:56:00,60.9,60.9,60.89,60.89,128.037122
2019-11-13 21:55:00,60.87,60.9,60.87,60.9,149.803465
2019-11-13 21:54:00,60.83,60.87,60.83,60.87,6.728845
2019-11-13 21:53:00,60.84,60.84,60.78,60.79,261.421248
2019-11-13 21:52:00,60.85,60.85,60.85,60.85,0.001972
2019-11-13 21:51:00,60.84,60.87,60.84,60.85,229.822515
2019-11-13 21:50:00,60.77,60.82,60.77,60.82,85.005175
2019-11-13 21:49:00,60.8,60.8,60.8,60.8,0
2019-11-13 21:48:00,60.85,60.85,60.78,60.8,9.567886
2019-11-13 21:47:00,60.86,60.89,60.86,60.89,365.478574
2019-11-13 21:46:00,60.77,60.85,60.77,60.85,304.556518
2019-11-13 21:45:00,60.77,60.78,60.77,60.78,0.039948
2019-11-13 21:44:00,60.72,60.74,60.72,60.74,0.811924
2019-11-13 21:43:00,60.68,60.73,60.68,60.73,99.227167
2019-11-13 21:42:00,60.78,60.78,60.71,60.71,419.643191
2019-11-13 21:41:00,60.75,60.77,60.75,60.77,211.308227
2019-11-13 21:40:00,60.72,60.76,60.72,60.74,405.727139
2019-11-13 21:39:00,60.73,60.77,60.71,60.71,233.113491
2019-11-13 21:38:00,60.67,60.72,60.66,60.72,142.790222
2019-11-13 21:37:00,60.68,60.7,60.68,60.68,105.635082
2019-11-13 21:36:00,60.6,60.7,60.6,60.7,995.158899
2019-11-13 21:35:00,60.6,60.62,60.6,60.6,213.21147
2019-11-13 21:34:00,60.5,60.62,60.5,60.57,206.071439
2019-11-13 21:33:00,60.38,60.5,60.24,60.5,1933.926023
2019-11-13 21:32:00,60.54,60.55,60.38,60.38,768.860917
2019-11-13 21:31:00,60.52,60.57,60.52,60.54,218.832528
2019-11-13 21:30:00,60.63,60.63,60.51,60.52,433.443704
2019-11-13 21:29:00,60.62,60.63,60.62,60.63,63.469259
2019-11-13 21:28:00,60.64,60.64,60.6,60.6,69.248681
2019-11-13 21:27:00,60.65,60.65,60.64,60.64,7.1044
2019-11-13 21:26:00,60.7,60.73,60.64,60.64,529.679584
2019-11-13 21:25:00,60.59,60.68,60.59,60.68,646.693529
2019-11-13 21:24:00,60.59,60.59,60.53,60.58,318.732956
2019-11-13 21:23:00,60.64,60.64,60.54,60.6,2668.297255
2019-11-13 21:22:00,60.57,60.66,60.57,60.64,163.25778
2019-11-13 21:21:00,60.6,60.6,60.56,60.56,263.92221
2019-11-13 21:20:00,60.71,60.71,60.61,60.61,648.20732
2019-11-13 21:19:00,60.64,60.72,60.62,60.72,260.546148
2019-11-13 21:18:00,60.74,60.74,60.59,60.61,1942.849661
2019-11-13 21:17:00,60.68,60.75,60.68,60.75,560.607594
2019-11-13 21:16:00,60.49,60.71,60.49,60.67,1314.160437
2019-11-13 21:15:00,60.57,60.57,60.44,60.48,1038.217968
2019-11-13 21:14:00,60.69,60.7,60.56,60.59,326.603275
2019-11-13 21:13:00,60.75,60.76,60.69,60.69,94.436509
2019-11-13 21:12:00,60.75,60.77,60.72,60.75,1221.729126
2019-11-13 21:11:00,60.75,60.77,60.74,60.75,361.107614
2019-11-13 21:10:00,60.76,60.76,60.74,60.74,577.722517
2019-11-13 21:09:00,60.76,60.77,60.76,60.76,374.031105
2019-11-13 21:08:00,60.77,60.78,60.76,60.76,130.790783
2019-11-13 21:07:00,60.76,60.79,60.75,60.78,326.894715
2019-11-13 21:06:00,60.81,60.81,60.75,60.76,602.83394
2019-11-13 21:05:00,60.78,60.8,60.78,60.8,67.045938
2019-11-13 21:04:00,60.83,60.84,60.77,60.78,709.416238
2019-11-13 21:03:00,60.75,60.84,60.75,60.82,388.764219
2019-11-13 21:02:00,60.84,60.84,60.75,60.76,722.761036
2019-11-13 21:01:00,60.88,60.88,60.87,60.87,180.759738
2019-11-13 21:00:00,60.88,60.88,60.88,60.88,211.636943
2019-11-13 20:59:00,60.88,60.89,60.87,60.89,132.663832
2019-11-13 20:58:00,60.87,60.89,60.86,60.89,197.989698
2019-11-13 20:57:00,60.88,60.88,60.86,60.87,348.762159
2019-11-13 20:56:00,60.84,60.91,60.84,60.88,363.782733
2019-11-13 20:55:00,60.77,60.83,60.76,60.83,156.889128
2019-11-13 20:54:00,60.78,60.79,60.7,60.79,429.261385
2019-11-13 20:53:00,60.82,60.82,60.77,60.79,528.302036
2019-11-13 20:52:00,60.81,60.82,60.74,60.78,793.845064
2019-11-13 20:51:00,60.91,60.91,60.83,60.83,336.3784
2019-11-13 20:50:00,60.83,60.91,60.83,60.9,337.69259
2019-11-13 20:49:00,60.91,60.92,60.81,60.82,852.972988
2019-11-13 20:48:00,60.84,60.9,60.83,60.9,177.524987
2019-11-13 20:47:00,60.81,60.94,60.72,60.84,2034.112204
2019-11-13 20:46:00,61.08,61.08,60.81,60.82,2218.89114
2019-11-13 20:45:00,61.23,61.23,60.98,61.08,2835.659813
2019-11-13 20:44:00,61.36,61.36,61.23,61.27,773.991637
2019-11-13 20:43:00,61.42,61.44,61.36,61.36,305.041161
2019-11-13 20:42:00,61.33,61.42,61.33,61.41,684.887981
2019-11-13 20:41:00,61.34,61.35,61.34,61.34,0.512755
2019-11-13 20:40:00,61.3,61.34,61.29,61.34,263.208357
2019-11-13 20:39:00,61.3,61.3,61.29,61.29,24.417596
2019-11-13 20:38:00,61.31,61.32,61.3,61.3,538.096912
2019-11-13 20:37:00,61.35,61.36,61.35,61.35,22.682948
2019-11-13 20:36:00,61.34,61.35,61.34,61.34,4.460497
2019-11-13 20:35:00,61.33,61.33,61.33,61.33,3.167296
2019-11-13 20:34:00,61.33,61.33,61.33,61.33,64.425198
2019-11-13 20:33:00,61.31,61.32,61.31,61.32,22.186267
2019-11-13 20:32:00,61.34,61.34,61.34,61.34,23.266998
2019-11-13 20:31:00,61.36,61.37,61.36,61.37,0.130356
2019-11-13 20:30:00,61.32,61.36,61.32,61.36,107.343545
2019-11-13 20:29:00,61.3,61.31,61.3,61.31,74.950729
2019-11-13 20:28:00,61.3,61.3,61.29,61.3,0.116602
2019-11-13 20:27:00,61.31,61.31,61.3,61.3,4.29648
2019-11-13 20:26:00,61.3,61.31,61.3,61.3,56.977708
2019-11-13 20:25:00,61.3,61.3,61.29,61.3,9.268781
2019-11-13 20:24:00,61.28,61.31,61.28,61.29,267.410249
2019-11-13 20:23:00,61.26,61.28,61.26,61.28,66.82141
2019-11-13 20:22:00,61.25,61.25,61.25,61.25,39.75
2019-11-13 20:21:00,61.2,61.27,61.2,61.26,300.543167
2019-11-13 20:20:00,61.22,61.22,61.16,61.17,519.963821
2019-11-13 20:19:00,61.25,61.28,61.22,61.22,140.857202
2019-11-13 20:18:00,61.34,61.34,61.28,61.29,201.09363
2019-11-13 20:17:00,61.29,61.34,61.29,61.34,25.551176
2019-11-13 20:16:00,61.23,61.28,61.23,61.28,23.413232
2019-11-13 20:15:00,61.24,61.24,61.22,61.23,2.630775
2019-11-13 20:14:00,61.24,61.25,61.24,61.24,5.451421
2019-11-13 20:13:00,61.31,61.31,61.24,61.24,291.509992
2019-11-13 20:12:00,61.33,61.33,61.31,61.31,109.795821
2019-11-13 20:11:00,61.37,61.37,61.34,61.34,6.616072
2019-11-13 20:10:00,61.38,61.38,61.37,61.37,4.105829
2019-11-13 20:09:00,61.43,61.43,61.38,61.38,321.438641
2019-11-13 20:08:00,61.43,61.43,61.43,61.43,13.387323
2019-11-13 20:07:00,61.49,61.49,61.43,61.44,11.07827
2019-11-13 20:06:00,61.46,61.49,61.46,61.49,61.027116
2019-11-13 20:05:00,61.51,61.51,61.46,61.46,140.036097
2019-11-13 20:04:00,61.51,61.51,61.51,61.51,4.115233
2019-11-13 20:03:00,61.5,61.52,61.48,61.51,259.299248
2019-11-13 20:02:00,61.43,61.52,61.43,61.51,525.029687
2019-11-13 20:01:00,61.45,61.45,61.42,61.42,106.807048
2019-11-13 20:00:00,61.42,61.46,61.42,61.46,239.481489
2019-11-13 19:59:00,61.42,61.43,61.42,61.42,55.136232
2019-11-13 19:58:00,61.44,61.44,61.43,61.43,17.746641
2019-11-13 19:57:00,61.45,61.45,61.45,61.45,0.001952
2019-11-13 19:56:00,61.45,61.45,61.44,61.44,5.853286
2019-11-13 19:55:00,61.43,61.45,61.43,61.44,165.858838
2019-11-13 19:54:00,61.43,61.45,61.42,61.45,58.860949
2019-11-13 19:53:00,61.42,61.43,61.42,61.42,40.881978
2019-11-13 19:52:00,61.44,61.44,61.42,61.42,47.786563
2019-11-13 19:51:00,61.46,61.46,61.43,61.43,279.329624
2019-11-13 19:50:00,61.45,61.47,61.43,61.45,23.833765
2019-11-13 19:49:00,61.43,61.45,61.43,61.45,143.414449
2019-11-13 19:48:00,61.43,61.43,61.42,61.43,123.042293
2019-11-13 19:47:00,61.42,61.43,61.41,61.43,202.404216
2019-11-13 19:46:00,61.45,61.45,61.44,61.44,1.406268
2019-11-13 19:45:00,61.41,61.44,61.41,61.44,7.768051
2019-11-13 19:44:00,61.46,61.48,61.4,61.41,65.950882
2019-11-13 19:43:00,61.39,61.49,61.39,61.49,95.20692
2019-11-13 19:42:00,61.38,61.39,61.37,61.39,451.14513
2019-11-13 19:41:00,61.4,61.43,61.34,61.37,358.854589
2019-11-13 19:40:00,61.57,61.57,61.3,61.39,2631.702055
2019-11-13 19:39:00,61.54,61.57,61.54,61.56,4.435531
2019-11-13 19:38:00,61.52,61.55,61.5,61.54,216.401895
2019-11-13 19:37:00,61.49,61.56,61.49,61.53,195.945518
2019-11-13 19:36:00,61.53,61.54,61.47,61.48,83.362456
2019-11-13 19:35:00,61.53,61.59,61.51,61.57,7733.326836
2019-11-13 19:34:00,61.6,61.6,61.53,61.53,424.972538
2019-11-13 19:33:00,61.61,61.61,61.6,61.61,56.78363
2019-11-13 19:32:00,61.59,61.61,61.58,61.61,143.367419
2019-11-13 19:31:00,61.59,61.6,61.58,61.58,29.70742
2019-11-13 19:30:00,61.58,61.59,61.58,61.59,11.661778
2019-11-13 19:29:00,61.59,61.59,61.58,61.58,1.181975
2019-11-13 19:28:00,61.58,61.59,61.58,61.59,33.631129
2019-11-13 19:27:00,61.58,61.58,61.57,61.58,1.265776
2019-11-13 19:26:00,61.58,61.58,61.57,61.57,2.420653
2019-11-13 19:25:00,61.53,61.58,61.53,61.58,180.958038
2019-11-13 19:24:00,61.53,61.54,61.53,61.53,45.014868
2019-11-13 19:23:00,61.54,61.54,61.53,61.53,1.048455
2019-11-13 19:22:00,61.58,61.58,61.55,61.55,194.264052
2019-11-13 19:21:00,61.54,61.59,61.53,61.57,13.742893
2019-11-13 19:20:00,61.56,61.57,61.54,61.54,76.700766
2019-11-13 19:19:00,61.55,61.56,61.55,61.56,2.5263
2019-11-13 19:18:00,61.55,61.56,61.55,61.55,58.466019
2019-11-13 19:17:00,61.57,61.57,61.55,61.55,10.056341
2019-11-13 19:16:00,61.58,61.58,61.57,61.57,2.044623
2019-11-13 19:15:00,61.58,61.58,61.56,61.57,225.982644
2019-11-13 19:14:00,61.65,61.65,61.58,61.58,63.175935
2019-11-13 19:13:00,61.65,61.66,61.65,61.65,0.01793
2019-11-13 19:12:00,61.65,61.66,61.65,61.65,0.00986
2019-11-13 19:11:00,61.67,61.67,61.67,61.67,0
2019-11-13 19:10:00,61.67,61.67,61.67,61.67,0.04527
2019-11-13 19:09:00,61.67,61.7,61.65,61.65,6.836268
2019-11-13 19:08:00,61.7,61.7,61.66,61.66,421.550199
2019-11-13 19:07:00,61.72,61.73,61.71,61.71,39.63267
2019-11-13 19:06:00,61.78,61.78,61.74,61.74,13.831867
2019-11-13 19:05:00,61.78,61.78,61.78,61.78,112.753691
2019-11-13 19:04:00,61.75,61.8,61.75,61.78,88.86608
2019-11-13 19:03:00,61.74,61.75,61.74,61.75,4.464414
2019-11-13 19:02:00,61.77,61.77,61.74,61.74,46.962093
2019-11-13 19:01:00,61.78,61.78,61.77,61.77,13.223856
2019-11-13 19:00:00,61.78,61.79,61.77,61.78,281.173396
2019-11-13 18:59:00,61.81,61.82,61.79,61.79,38.851175
2019-11-13 18:58:00,61.82,61.84,61.81,61.82,17.42999
2019-11-13 18:57:00,61.83,61.84,61.83,61.83,442.430355
2019-11-13 18:56:00,61.85,61.86,61.84,61.84,29.106702
2019-11-13 18:55:00,61.89,61.95,61.8,61.8,3128.948596
2019-11-13 18:54:00,61.86,61.88,61.86,61.88,8.734949
2019-11-13 18:53:00,61.81,61.83,61.78,61.83,418.004626
2019-11-13 18:52:00,61.8,61.8,61.79,61.8,60.174135
2019-11-13 18:51:00,61.77,61.79,61.77,61.79,199.224535
2019-11-13 18:50:00,61.75,61.77,61.75,61.77,0.025911
2019-11-13 18:49:00,61.76,61.76,61.75,61.76,9.620233
2019-11-13 18:48:00,61.75,61.75,61.75,61.75,0.009244
2019-11-13 18:47:00,61.75,61.76,61.75,61.76,53.239893
2019-11-13 18:46:00,61.72,61.8,61.72,61.76,478.886143
2019-11-13 18:45:00,61.73,61.73,61.71,61.72,276.183785
2019-11-13 18:44:00,61.72,61.72,61.71,61.72,3.787256
2019-11-13 18:43:00,61.73,61.74,61.71,61.71,225.218946
2019-11-13 18:42:00,61.73,61.73,61.71,61.72,81.498695
2019-11-13 18:41:00,61.8,61.8,61.76,61.76,131.114082
2019-11-13 18:40:00,61.83,61.83,61.79,61.8,106.533373
2019-11-13 18:39:00,61.83,61.89,61.83,61.84,321.828681
2019-11-13 18:38:00,61.8,61.85,61.8,61.83,211.063202
2019-11-13 18:37:00,61.79,61.8,61.78,61.79,138.927272
2019-11-13 18:36:00,61.78,61.8,61.77,61.78,221.324999
2019-11-13 18:35:00,61.77,61.78,61.77,61.77,2.224389
2019-11-13 18:34:00,61.77,61.77,61.76,61.77,66.603421
2019-11-13 18:33:00,61.79,61.79,61.77,61.77,12.981676
2019-11-13 18:32:00,61.79,61.8,61.79,61.8,0.012066
2019-11-13 18:31:00,61.78,61.8,61.78,61.8,70.493489
2019-11-13 18:30:00,61.79,61.79,61.77,61.77,0.327621
2019-11-13 18:29:00,61.76,61.8,61.74,61.79,156.731718
2019-11-13 18:28:00,61.77,61.77,61.74,61.74,93.650222
2019-11-13 18:27:00,61.74,61.77,61.73,61.77,217.4516
2019-11-13 18:26:00,61.74,61.74,61.73,61.74,15.102841
2019-11-13 18:25:00,61.73,61.74,61.72,61.74,3.826355
2019-11-13 18:24:00,61.71,61.75,61.71,61.74,119.433016
2019-11-13 18:23:00,61.65,61.73,61.65,61.73,26.175295
2019-11-13 18:22:00,61.65,61.66,61.64,61.64,30.407151
2019-11-13 18:21:00,61.66,61.67,61.62,61.65,94.515809
2019-11-13 18:20:00,61.68,61.69,61.67,61.67,20.643396
2019-11-13 18:19:00,61.68,61.69,61.66,61.69,22.531988
2019-11-13 18:18:00,61.71,61.73,61.67,61.67,202.217152
2019-11-13 18:17:00,61.77,61.78,61.7,61.7,113.540474
2019-11-13 18:16:00,61.77,61.78,61.77,61.78,0.007674
2019-11-13 18:15:00,61.73,61.77,61.73,61.77,12.801577
2019-11-13 18:14:00,61.78,61.79,61.71,61.72,177.368843
2019-11-13 18:13:00,61.78,61.79,61.78,61.79,31.104723
2019-11-13 18:12:00,61.78,61.79,61.78,61.78,25.485235
2019-11-13 18:11:00,61.75,61.79,61.73,61.76,278.272745
2019-11-13 18:10:00,61.85,61.85,61.74,61.75,319.376175
2019-11-13 18:09:00,61.85,61.87,61.85,61.86,100.301933
2019-11-13 18:08:00,61.82,61.92,61.81,61.86,861.617611
2019-11-13 18:07:00,61.99,61.99,61.78,61.82,367.051325
2019-11-13 18:06:00,61.82,62.06,61.82,61.98,2144.634435
2019-11-13 18:05:00,61.83,61.83,61.77,61.81,50.495214
2019-11-13 18:04:00,61.76,61.88,61.76,61.85,1165.230157
2019-11-13 18:03:00,61.71,61.73,61.7,61.73,19.243254
2019-11-13 18:02:00,61.7,61.76,61.68,61.71,143.389077
2019-11-13 18:01:00,61.75,61.75,61.69,61.71,764.406682
2019-11-13 18:00:00,61.57,61.81,61.57,61.75,1386.530046
2019-11-13 17:59:00,61.55,61.58,61.55,61.57,50.154204
2019-11-13 17:58:00,61.55,61.56,61.55,61.55,203.115999
2019-11-13 17:57:00,61.53,61.55,61.52,61.55,15.758807
2019-11-13 17:56:00,61.55,61.55,61.51,61.52,82.002091
2019-11-13 17:55:00,61.55,61.56,61.54,61.56,238.825391
2019-11-13 17:54:00,61.53,61.58,61.53,61.58,298.761811
2019-11-13 17:53:00,61.55,61.56,61.52,61.52,112.404137
2019-11-13 17:52:00,61.57,61.6,61.55,61.55,660.019399
2019-11-13 17:51:00,61.49,61.61,61.49,61.58,1173.004169
2019-11-13 17:50:00,61.36,61.55,61.35,61.48,4029.261436
2019-11-13 17:49:00,61.33,61.35,61.33,61.35,69.336332
2019-11-13 17:48:00,61.33,61.34,61.32,61.34,20.575241
2019-11-13 17:47:00,61.34,61.34,61.32,61.32,4.492473
2019-11-13 17:46:00,61.32,61.32,61.31,61.32,25.621949
2019-11-13 17:45:00,61.32,61.34,61.3,61.33,61.480374
2019-11-13 17:44:00,61.3,61.34,61.3,61.32,21.564122
2019-11-13 17:43:00,61.3,61.31,61.3,61.3,5.409968
2019-11-13 17:42:00,61.27,61.31,61.27,61.3,5.492628
2019-11-13 17:41:00,61.28,61.28,61.27,61.27,4.407906
2019-11-13 17:40:00,61.27,61.28,61.27,61.28,133.206333
2019-11-13 17:39:00,61.27,61.28,61.26,61.28,2.032232
2019-11-13 17:38:00,61.26,61.27,61.26,61.27,24.55321
2019-11-13 17:37:00,61.26,61.3,61.26,61.29,6.721855
2019-11-13 17:36:00,61.25,61.26,61.25,61.26,12.836585
2019-11-13 17:35:00,61.22,61.26,61.22,61.25,8.41767
2019-11-13 17:34:00,61.23,61.24,61.23,61.23,3.386217
2019-11-13 17:33:00,61.23,61.24,61.23,61.23,1.315209
2019-11-13 17:32:00,61.23,61.24,61.23,61.23,5.971809
2019-11-13 17:31:00,61.21,61.24,61.2,61.23,270.682696
2019-11-13 17:30:00,61.26,61.26,61.21,61.22,155.58295
2019-11-13 17:29:00,61.27,61.28,61.26,61.27,27.592892
2019-11-13 17:28:00,61.26,61.3,61.25,61.28,73.523454
2019-11-13 17:27:00,61.24,61.26,61.24,61.26,146.439694
2019-11-13 17:26:00,61.23,61.26,61.22,61.26,2.593487
2019-11-13 17:25:00,61.21,61.22,61.19,61.22,331.899973
2019-11-13 17:24:00,61.24,61.24,61.21,61.22,110.338939
2019-11-13 17:23:00,61.25,61.25,61.2,61.24,460.70639
2019-11-13 17:22:00,61.21,61.27,61.21,61.26,626.214807
2019-11-13 17:21:00,61.21,61.21,61.2,61.2,107.543928
2019-11-13 17:20:00,61.2,61.2,61.18,61.2,459.977201
2019-11-13 17:19:00,61.26,61.26,61.19,61.21,3082.337936
2019-11-13 17:18:00,61.24,61.27,61.24,61.26,89.492258
2019-11-13 17:17:00,61.26,61.27,61.24,61.24,10.982511
2019-11-13 17:16:00,61.29,61.3,61.26,61.26,78.555347
2019-11-13 17:15:00,61.29,61.35,61.29,61.29,889.17263
2019-11-13 17:14:00,61.28,61.29,61.26,61.29,31.87987
2019-11-13 17:13:00,61.27,61.3,61.26,61.29,383.410979
2019-11-13 17:12:00,61.24,61.26,61.23,61.26,52.135139
2019-11-13 17:11:00,61.27,61.27,61.24,61.24,228.450464
2019-11-13 17:10:00,61.26,61.26,61.26,61.26,0.002
2019-11-13 17:09:00,61.27,61.27,61.25,61.26,41.67418
2019-11-13 17:08:00,61.28,61.28,61.27,61.27,6.966837
2019-11-13 17:07:00,61.34,61.34,61.27,61.28,448.099858
2019-11-13 17:06:00,61.34,61.35,61.34,61.34,32.567226
2019-11-13 17:05:00,61.28,61.31,61.28,61.31,80.450089
2019-11-13 17:04:00,61.29,61.29,61.28,61.28,335.090465
2019-11-13 17:03:00,61.29,61.3,61.29,61.29,54.281719
2019-11-13 17:02:00,61.37,61.37,61.29,61.3,414.34447
2019-11-13 17:01:00,61.38,61.38,61.37,61.38,36.464053
2019-11-13 17:00:00,61.38,61.38,61.37,61.37,47.121499
2019-11-13 16:59:00,61.39,61.39,61.39,61.39,0.002
2019-11-13 16:58:00,61.39,61.39,61.38,61.39,171.900024
2019-11-13 16:57:00,61.39,61.39,61.39,61.39,0.105075
2019-11-13 16:56:00,61.42,61.43,61.42,61.42,129.140492
2019-11-13 16:55:00,61.42,61.44,61.42,61.42,51.849433
2019-11-13 16:54:00,61.4,61.42,61.4,61.42,58.976701
2019-11-13 16:53:00,61.38,61.38,61.38,61.38,0.007083
2019-11-13 16:52:00,61.39,61.39,61.35,61.39,402.83043
2019-11-13 16:51:00,61.39,61.39,61.39,61.39,0.00615
2019-11-13 16:50:00,61.39,61.42,61.39,61.4,994.525457
2019-11-13 16:49:00,61.39,61.39,61.38,61.39,5.668289
2019-11-13 16:48:00,61.37,61.38,61.36,61.37,110.824036
2019-11-13 16:47:00,61.36,61.37,61.36,61.37,39.13193
2019-11-13 16:46:00,61.36,61.36,61.36,61.36,23.441422
2019-11-13 16:45:00,61.33,61.36,61.33,61.36,39.952214
2019-11-13 16:44:00,61.37,61.41,61.33,61.33,874.683122
2019-11-13 16:43:00,61.37,61.38,61.37,61.37,424.502298
2019-11-13 16:42:00,61.36,61.38,61.36,61.37,124.081521
2019-11-13 16:41:00,61.32,61.35,61.31,61.35,219.3227
2019-11-13 16:40:00,61.29,61.33,61.29,61.32,208.742431
2019-11-13 16:39:00,61.3,61.3,61.27,61.3,6.672877
2019-11-13 16:38:00,61.37,61.37,61.32,61.33,348.020431
2019-11-13 16:37:00,61.4,61.4,61.36,61.38,335.548865
2019-11-13 16:36:00,61.38,61.46,61.36,61.4,917.357683
2019-11-13 16:35:00,61.35,61.43,61.34,61.37,660.733394
2019-11-13 16:34:00,61.27,61.4,61.27,61.35,3288.594112
2019-11-13 16:33:00,61.28,61.28,61.26,61.26,30.311186
2019-11-13 16:32:00,61.31,61.31,61.27,61.27,252.709997
2019-11-13 16:31:00,61.29,61.32,61.29,61.31,756.362171
2019-11-13 16:30:00,61.21,61.32,61.21,61.29,633.31602
2019-11-13 16:29:00,61.14,61.21,61.14,61.21,153.122952
2019-11-13 16:28:00,61.14,61.15,61.13,61.13,17.726069
2019-11-13 16:27:00,61.16,61.16,61.15,61.15,8.357583
2019-11-13 16:26:00,61.14,61.14,61.12,61.13,8.540363
2019-11-13 16:25:00,61.14,61.14,61.14,61.14,0
2019-11-13 16:24:00,61.16,61.17,61.14,61.14,68.199899
2019-11-13 16:23:00,61.14,61.17,61.14,61.17,14.25212
2019-11-13 16:22:00,61.14,61.14,61.13,61.14,4.730346
2019-11-13 16:21:00,61.12,61.13,61.11,61.13,259.047856
2019-11-13 16:20:00,61.1,61.12,61.1,61.12,205.430186
2019-11-13 16:19:00,61.1,61.1,61.09,61.09,27.233019
2019-11-13 16:18:00,61.12,61.12,61.08,61.1,69.568747
2019-11-13 16:17:00,61.11,61.12,61.11,61.12,10.021863
2019-11-13 16:16:00,61.1,61.12,61.1,61.12,17.863934
2019-11-13 16:15:00,61.05,61.09,61.05,61.07,35.229184
2019-11-13 16:14:00,61.02,61.02,61.01,61.02,27.37263
2019-11-13 16:13:00,61.01,61.01,60.99,60.99,13.665513
2019-11-13 16:12:00,61.01,61.05,61.01,61.03,160.305494
2019-11-13 16:11:00,60.97,61,60.97,60.99,187.042994
2019-11-13 16:10:00,60.96,61.02,60.96,60.97,173.13059
2019-11-13 16:09:00,60.95,60.96,60.94,60.96,0.058896
2019-11-13 16:08:00,60.92,61.02,60.92,60.95,1034.248021
2019-11-13 16:07:00,60.83,60.91,60.83,60.91,299.019704
2019-11-13 16:06:00,60.82,60.83,60.82,60.83,0.003972
2019-11-13 16:05:00,60.82,60.83,60.82,60.83,116.862444
2019-11-13 16:04:00,60.83,60.84,60.83,60.83,59.358249
2019-11-13 16:03:00,60.82,60.83,60.82,60.83,0.021706
2019-11-13 16:02:00,60.85,60.85,60.8,60.84,103.198908
2019-11-13 16:01:00,60.88,60.88,60.84,60.86,4.888866
2019-11-13 16:00:00,60.89,60.91,60.89,60.91,0.09342
2019-11-13 15:59:00,60.85,60.87,60.85,60.87,23.480597
2019-11-13 15:58:00,60.9,60.9,60.84,60.84,548.483139
2019-11-13 15:57:00,60.98,60.98,60.89,60.9,1092.3235
2019-11-13 15:56:00,60.99,60.99,60.97,60.98,105.848413
2019-11-13 15:55:00,61.02,61.02,60.99,60.99,668.245452
2019-11-13 15:54:00,61.05,61.05,61.02,61.02,64.308034
2019-11-13 15:53:00,61.05,61.05,61.04,61.04,29.717698
2019-11-13 15:52:00,61.08,61.09,61.02,61.04,988.988519
2019-11-13 15:51:00,61.07,61.09,61.07,61.09,11.274345
2019-11-13 15:50:00,61.11,61.11,61.07,61.07,186.964706
2019-11-13 15:49:00,61.12,61.12,61.12,61.12,22.285218
2019-11-13 15:48:00,61.08,61.09,61.08,61.09,0.227704
2019-11-13 15:47:00,61.2,61.2,61.08,61.08,307.492802
2019-11-13 15:46:00,61.21,61.21,61.2,61.2,39.634788
2019-11-13 15:45:00,61.21,61.21,61.21,61.21,0.008172
2019-11-13 15:44:00,61.21,61.21,61.2,61.2,24.161552
2019-11-13 15:43:00,61.19,61.21,61.19,61.21,6.781402
2019-11-13 15:42:00,61.19,61.19,61.19,61.19,0.242826
2019-11-13 15:41:00,61.17,61.19,61.17,61.19,92.138616
2019-11-13 15:40:00,61.19,61.19,61.17,61.17,18.782738
2019-11-13 15:39:00,61.17,61.19,61.17,61.19,0.182755
2019-11-13 15:38:00,61.17,61.17,61.17,61.17,0.043201
2019-11-13 15:37:00,61.14,61.15,61.14,61.15,3.502079
2019-11-13 15:36:00,61.13,61.14,61.12,61.14,98.699351
2019-11-13 15:35:00,61.12,61.14,61.12,61.12,14.695287
2019-11-13 15:34:00,61.16,61.16,61.14,61.14,33.135003
2019-11-13 15:33:00,61.15,61.16,61.15,61.16,54.703932
2019-11-13 15:32:00,61.13,61.15,61.13,61.15,121.449076
2019-11-13 15:31:00,61.16,61.16,61.12,61.13,83.998391
2019-11-13 15:30:00,61.1,61.16,61.1,61.16,112.685112
2019-11-13 15:29:00,61.1,61.1,61.09,61.09,0.532003
2019-11-13 15:28:00,61.1,61.12,61.1,61.12,113.67768
2019-11-13 15:27:00,61.12,61.12,61.12,61.12,0.007833
2019-11-13 15:26:00,61.14,61.15,61.11,61.11,165.759331
2019-11-13 15:25:00,61.13,61.13,61.13,61.13,249.248191
2019-11-13 15:24:00,61.1,61.13,61.1,61.13,20.115648
2019-11-13 15:23:00,61.1,61.11,61.1,61.1,0.013396
2019-11-13 15:22:00,61.1,61.1,61.1,61.1,0.008997
2019-11-13 15:21:00,61.1,61.11,61.1,61.11,0.003963
2019-11-13 15:20:00,61.11,61.12,61.1,61.11,38.68126
2019-11-13 15:19:00,61.1,61.12,61.1,61.12,0.016474
2019-11-13 15:18:00,61.14,61.14,61.09,61.1,157.749135
2019-11-13 15:17:00,61.14,61.15,61.14,61.14,0.722982
2019-11-13 15:16:00,61.17,61.17,61.14,61.14,41.543514
2019-11-13 15:15:00,61.16,61.18,61.16,61.17,36.068393
2019-11-13 15:14:00,61.16,61.16,61.15,61.16,143.203888
2019-11-13 15:13:00,61.16,61.17,61.14,61.16,61.19309
2019-11-13 15:12:00,61.18,61.19,61.17,61.17,15.379732
2019-11-13 15:11:00,61.25,61.25,61.19,61.19,78.563863
2019-11-13 15:10:00,61.25,61.25,61.24,61.25,77.152491
2019-11-13 15:09:00,61.22,61.25,61.21,61.25,3.781157
2019-11-13 15:08:00,61.19,61.22,61.19,61.22,153.188218
2019-11-13 15:07:00,61.19,61.19,61.18,61.19,5.289167
2019-11-13 15:06:00,61.14,61.19,61.14,61.18,64.834225
2019-11-13 15:05:00,61.13,61.14,61.13,61.14,20.323849
2019-11-13 15:04:00,61.11,61.13,61.11,61.13,113.406009
2019-11-13 15:03:00,61.15,61.15,61.1,61.11,343.3687
2019-11-13 15:02:00,61.08,61.15,61.07,61.15,392.306042
2019-11-13 15:01:00,61.07,61.08,61.07,61.08,31.665831
2019-11-13 15:00:00,61.08,61.08,61.07,61.07,102.668239
2019-11-13 14:59:00,61.04,61.07,61.04,61.06,43.508558
2019-11-13 14:58:00,61.06,61.07,61.06,61.06,0.503964
2019-11-13 14:57:00,61.05,61.07,61.03,61.06,456.149468
2019-11-13 14:56:00,61.03,61.09,61.03,61.09,204.938525
2019-11-13 14:55:00,61.08,61.08,61.03,61.05,273.143142
2019-11-13 14:54:00,61.08,61.09,61.06,61.06,171.120564
2019-11-13 14:53:00,61.08,61.11,61.07,61.09,272.503477
2019-11-13 14:52:00,61.11,61.11,61.05,61.06,160.255238
2019-11-13 14:51:00,61.04,61.1,61.04,61.1,246.635659
2019-11-13 14:50:00,61.04,61.06,61.04,61.06,9.731209
2019-11-13 14:49:00,61.05,61.05,61.02,61.03,40.846388
2019-11-13 14:48:00,61.05,61.06,61.04,61.06,6.277565
2019-11-13 14:47:00,61.04,61.05,61.04,61.05,11.59101
2019-11-13 14:46:00,61.04,61.05,61.04,61.04,0.189507
2019-11-13 14:45:00,61.04,61.05,61.04,61.05,0.507308
2019-11-13 14:44:00,61.05,61.05,61.03,61.04,54.29202
2019-11-13 14:43:00,61.04,61.05,61.03,61.05,18.368033
2019-11-13 14:42:00,61.04,61.04,61.03,61.04,1.715881
2019-11-13 14:41:00,61.04,61.04,61.03,61.04,8.7789
2019-11-13 14:40:00,61.03,61.04,61.02,61.02,5.369688
2019-11-13 14:39:00,61.03,61.04,61.03,61.04,12.163179
2019-11-13 14:38:00,61.03,61.04,61.03,61.04,0.003965
2019-11-13 14:37:00,61.03,61.04,61.03,61.03,0.509109
2019-11-13 14:36:00,61.05,61.06,61.04,61.06,42.233272
2019-11-13 14:35:00,61.03,61.04,61.03,61.04,363.085244
2019-11-13 14:34:00,61.02,61.05,61.02,61.04,132.24667
2019-11-13 14:33:00,61.03,61.04,61.01,61.01,72.2692
2019-11-13 14:32:00,61.06,61.06,61.02,61.02,19.370398
2019-11-13 14:31:00,61.08,61.08,61.05,61.08,3.678271
2019-11-13 14:30:00,61.12,61.12,61.06,61.07,44.856749
2019-11-13 14:29:00,61.04,61.11,61.04,61.11,387.430188
2019-11-13 14:28:00,61.05,61.06,61.04,61.04,226.577292
2019-11-13 14:27:00,61.04,61.06,61.04,61.06,0.503965
2019-11-13 14:26:00,61.03,61.03,61,61.01,372.947089
2019-11-13 14:25:00,61.02,61.04,61.02,61.03,96.305475
2019-11-13 14:24:00,61.04,61.04,61.02,61.03,4.832098
2019-11-13 14:23:00,61.02,61.04,61,61.04,213.56225
2019-11-13 14:22:00,61.01,61.02,60.99,61.01,193.4661
2019-11-13 14:21:00,61.02,61.02,60.96,61,2362.371216
2019-11-13 14:20:00,61,61.01,61,61.01,152.709795
2019-11-13 14:19:00,60.97,61.01,60.97,60.99,736.050299
2019-11-13 14:18:00,60.98,60.98,60.97,60.98,60.445508
2019-11-13 14:17:00,60.98,60.99,60.97,60.98,450.20319
2019-11-13 14:16:00,61,61,60.96,60.98,294.483363
2019-11-13 14:15:00,61,61,60.99,61,85.326534
2019-11-13 14:14:00,60.99,61,60.99,61,279.327685
2019-11-13 14:13:00,60.97,60.99,60.97,60.99,158.178243
2019-11-13 14:12:00,60.99,60.99,60.97,60.97,245.461893
2019-11-13 14:11:00,61.02,61.03,61,61,80.10734
2019-11-13 14:10:00,61.01,61.01,60.99,61,29.295384
2019-11-13 14:09:00,61.01,61.03,61.01,61.01,91.335765
2019-11-13 14:08:00,61.02,61.02,60.99,61,90.134129
2019-11-13 14:07:00,60.98,61.02,60.97,61.02,96.381885
2019-11-13 14:06:00,60.99,61,60.98,60.98,269.36777
2019-11-13 14:05:00,61.03,61.03,60.97,61,202.08287
2019-11-13 14:04:00,61.02,61.03,61.02,61.03,169.50234
2019-11-13 14:03:00,60.99,61.03,60.99,61.03,1684.76228
2019-11-13 14:02:00,60.96,60.99,60.96,60.99,581.177417
2019-11-13 14:01:00,60.97,60.98,60.95,60.96,17.517326
2019-11-13 14:00:00,60.98,60.98,60.95,60.98,105.886072
2019-11-13 13:59:00,61.01,61.01,60.98,60.98,45.508223
2019-11-13 13:58:00,61.03,61.03,61,61,453.014492
2019-11-13 13:57:00,61.02,61.03,61.02,61.03,74.673737
2019-11-13 13:56:00,61.07,61.07,61.03,61.03,78.21268
2019-11-13 13:55:00,61.08,61.08,61.07,61.08,2.519679
2019-11-13 13:54:00,61.09,61.09,61.08,61.08,217.6402
2019-11-13 13:53:00,61.08,61.09,61.07,61.09,21.670914
2019-11-13 13:52:00,61.07,61.08,61.07,61.08,22.162747
2019-11-13 13:51:00,61.07,61.07,61.07,61.07,0.002
2019-11-13 13:50:00,61.09,61.09,61.08,61.08,313.408013
2019-11-13 13:49:00,61.1,61.1,61.07,61.09,43.373367
2019-11-13 13:48:00,61.1,61.11,61.1,61.11,74.001086
2019-11-13 13:47:00,61.11,61.11,61.1,61.1,3.626996
2019-11-13 13:46:00,61.13,61.14,61.13,61.13,36.96318
2019-11-13 13:45:00,61.11,61.12,61.11,61.12,27.13221
2019-11-13 13:44:00,61.11,61.11,61.1,61.1,4.624991
2019-11-13 13:43:00,61.13,61.14,61.1,61.1,30.286976
2019-11-13 13:42:00,61.13,61.13,61.13,61.13,0.002
2019-11-13 13:41:00,61.12,61.13,61.11,61.13,116.890142
2019-11-13 13:40:00,61.11,61.12,61.11,61.12,35.1929
2019-11-13 13:39:00,61.11,61.11,61.11,61.11,0.002
2019-11-13 13:38:00,61.11,61.11,61.11,61.11,1.095379
2019-11-13 13:37:00,61.11,61.11,61.1,61.1,5.4245
2019-11-13 13:36:00,61.14,61.14,61.11,61.11,91.640807
2019-11-13 13:35:00,61.13,61.14,61.13,61.14,19.899156
2019-11-13 13:34:00,61.13,61.13,61.13,61.13,0.002
2019-11-13 13:33:00,61.14,61.14,61.12,61.14,4.336512
2019-11-13 13:32:00,61.12,61.13,61.12,61.13,108.870475
2019-11-13 13:31:00,61.12,61.12,61.12,61.12,15.002
2019-11-13 13:30:00,61.13,61.13,61.12,61.13,120.155844
2019-11-13 13:29:00,61.1,61.12,61.1,61.12,7.101772
2019-11-13 13:28:00,61.08,61.08,61.08,61.08,34.023107
2019-11-13 13:27:00,61.1,61.1,61.08,61.09,7.571386
2019-11-13 13:26:00,61.12,61.12,61.1,61.1,214.07759
2019-11-13 13:25:00,61.11,61.11,61.11,61.11,34.8179
2019-11-13 13:24:00,61.14,61.15,61.14,61.14,53.474588
2019-11-13 13:23:00,61.14,61.14,61.13,61.14,4.492184
2019-11-13 13:22:00,61.12,61.12,61.12,61.12,0
2019-11-13 13:21:00,61.12,61.12,61.12,61.12,0
2019-11-13 13:20:00,61.12,61.12,61.12,61.12,0.5
2019-11-13 13:19:00,61.11,61.12,61.1,61.12,50.31968
2019-11-13 13:18:00,61.1,61.11,61.1,61.11,4.325797
2019-11-13 13:17:00,61.13,61.13,61.07,61.1,263.41368
2019-11-13 13:16:00,61.12,61.13,61.12,61.13,50.904489
2019-11-13 13:15:00,61.11,61.11,61.11,61.11,60.327493
2019-11-13 13:14:00,61.11,61.11,61.1,61.11,180.868263
2019-11-13 13:13:00,61.11,61.11,61.1,61.1,155.804171
2019-11-13 13:12:00,61.11,61.12,61.11,61.12,120.245604
2019-11-13 13:11:00,61.06,61.1,61.06,61.1,39.207295
2019-11-13 13:10:00,61.09,61.09,61.06,61.06,26.943412
2019-11-13 13:09:00,61.09,61.09,61.09,61.09,0.3391
2019-11-13 13:08:00,61.04,61.08,61.04,61.08,19.313172
2019-11-13 13:07:00,61.02,61.05,61.02,61.04,28.761574
2019-11-13 13:06:00,61.04,61.04,61.02,61.02,0.06639
2019-11-13 13:05:00,61.04,61.04,61.04,61.04,1.003986
2019-11-13 13:04:00,61.03,61.03,61.02,61.03,1.643829
2019-11-13 13:03:00,61.01,61.03,61.01,61.02,3.979444
2019-11-13 13:02:00,60.98,61.01,60.98,61.01,178.346748
2019-11-13 13:01:00,60.98,60.98,60.98,60.98,0.001004
2019-11-13 13:00:00,60.98,60.98,60.97,60.97,0.1973
2019-11-13 12:59:00,60.96,60.99,60.96,60.99,49.989993
2019-11-13 12:58:00,60.97,60.97,60.94,60.95,207.442107
2019-11-13 12:57:00,60.98,60.98,60.98,60.98,377.056187
2019-11-13 12:56:00,60.98,60.98,60.98,60.98,0.128486
2019-11-13 12:55:00,60.95,60.99,60.95,60.98,272.935927
2019-11-13 12:54:00,60.94,60.95,60.94,60.94,52.599486
2019-11-13 12:53:00,60.99,60.99,60.93,60.93,78.348139
2019-11-13 12:52:00,60.99,60.99,60.99,60.99,0
2019-11-13 12:51:00,60.98,61.03,60.98,60.99,130.804608
2019-11-13 12:50:00,60.93,60.96,60.93,60.96,130.429263
2019-11-13 12:49:00,60.91,60.93,60.91,60.93,79.427181
2019-11-13 12:48:00,60.89,60.92,60.89,60.9,39.055611
2019-11-13 12:47:00,60.9,60.92,60.86,60.92,279.541382
2019-11-13 12:46:00,60.92,60.92,60.92,60.92,138.925263
2019-11-13 12:45:00,60.91,60.93,60.91,60.93,80.222912
2019-11-13 12:44:00,60.9,60.92,60.9,60.9,28.546721
2019-11-13 12:43:00,60.92,60.92,60.9,60.9,153.666532
2019-11-13 12:42:00,60.95,60.95,60.91,60.94,286.573175
2019-11-13 12:41:00,60.99,61,60.96,60.96,149.700035
2019-11-13 12:40:00,60.99,61,60.99,61,93.684461
2019-11-13 12:39:00,61,61.02,60.99,61.02,270.698698
2019-11-13 12:38:00,60.99,61,60.99,61,121.945626
2019-11-13 12:37:00,60.99,61,60.99,60.99,61.804304
2019-11-13 12:36:00,61,61.02,60.99,61.02,116.392304
2019-11-13 12:35:00,60.98,61.03,60.98,60.99,141.024925
2019-11-13 12:34:00,60.98,61.01,60.97,60.97,51.416404
2019-11-13 12:33:00,60.99,60.99,60.99,60.99,133.189845
2019-11-13 12:32:00,60.97,60.99,60.97,60.99,152.291393
2019-11-13 12:31:00,60.95,60.96,60.95,60.96,30.229411
2019-11-13 12:30:00,60.97,60.97,60.95,60.95,1.8
2019-11-13 12:29:00,60.95,60.98,60.95,60.98,76.255883
2019-11-13 12:28:00,60.92,60.95,60.92,60.95,845.673038
2019-11-13 12:27:00,60.92,60.93,60.92,60.92,109.866876
2019-11-13 12:26:00,60.93,60.94,60.91,60.91,39.15517
2019-11-13 12:25:00,60.96,60.99,60.92,60.92,968.641492
2019-11-13 12:24:00,60.94,60.99,60.92,60.95,1584.098412
2019-11-13 12:23:00,60.95,60.95,60.94,60.94,2.4888
2019-11-13 12:22:00,60.94,60.94,60.94,60.94,2.159894
2019-11-13 12:21:00,60.97,60.97,60.95,60.95,161.673133
2019-11-13 12:20:00,60.97,60.97,60.96,60.97,181.352493
2019-11-13 12:19:00,60.97,60.98,60.97,60.98,27.562
2019-11-13 12:18:00,60.96,60.96,60.96,60.96,3.283847
2019-11-13 12:17:00,60.95,60.96,60.95,60.96,71.119713
2019-11-13 12:16:00,60.95,60.96,60.94,60.96,208.968351
2019-11-13 12:15:00,60.96,60.96,60.96,60.96,50.8624
2019-11-13 12:14:00,60.92,60.95,60.92,60.95,33.646147
2019-11-13 12:13:00,60.94,60.95,60.94,60.94,283.648358
2019-11-13 12:12:00,60.93,60.93,60.92,60.93,7.521085
2019-11-13 12:11:00,60.94,60.94,60.93,60.93,1.790101
2019-11-13 12:10:00,60.96,60.96,60.94,60.94,63.100605
2019-11-13 12:09:00,60.94,60.97,60.94,60.96,3.453847
2019-11-13 12:08:00,60.98,60.98,60.94,60.94,3.066509
2019-11-13 12:07:00,60.99,60.99,60.99,60.99,0
2019-11-13 12:06:00,60.99,60.99,60.99,60.99,20.9072
2019-11-13 12:05:00,60.96,60.97,60.95,60.97,62.545737
2019-11-13 12:04:00,61.03,61.03,60.92,61,310.198927
2019-11-13 12:03:00,61.01,61.03,61.01,61.02,90.593759
2019-11-13 12:02:00,61,61.07,60.98,61.01,1100.649035
2019-11-13 12:01:00,60.99,61.01,60.98,61.01,3.175202
2019-11-13 12:00:00,60.97,60.99,60.97,60.99,39.675998
2019-11-13 11:59:00,60.96,60.96,60.96,60.96,56.819822
2019-11-13 11:58:00,60.97,60.97,60.97,60.97,33.66324
2019-11-13 11:57:00,60.94,60.98,60.94,60.97,647.715389
2019-11-13 11:56:00,60.93,60.95,60.92,60.94,363.374092
2019-11-13 11:55:00,60.98,60.98,60.92,60.93,1461.260978
2019-11-13 11:54:00,60.97,60.99,60.96,60.96,79.996193
2019-11-13 11:53:00,60.99,60.99,60.97,60.97,5.040456
2019-11-13 11:52:00,61,61.02,60.98,60.98,529.579396
2019-11-13 11:51:00,61.03,61.03,61.01,61.01,560.110404
2019-11-13 11:50:00,61.03,61.04,61.03,61.04,147.029614
2019-11-13 11:49:00,61.05,61.06,61.02,61.02,76.490784
2019-11-13 11:48:00,61.03,61.04,61,61.03,33.77042
2019-11-13 11:47:00,61.05,61.05,61.04,61.05,62.863524
2019-11-13 11:46:00,61.06,61.07,61.05,61.05,74.605388
2019-11-13 11:45:00,61.03,61.04,61.03,61.04,36.798984
2019-11-13 11:44:00,61.06,61.07,61.03,61.03,100.934264
2019-11-13 11:43:00,61.06,61.07,61.05,61.07,148.075279
2019-11-13 11:42:00,61.05,61.07,61.05,61.06,17.501668
2019-11-13 11:41:00,61.09,61.1,61.05,61.05,273.553111
2019-11-13 11:40:00,61.09,61.09,61.09,61.09,86.860046
2019-11-13 11:39:00,61.11,61.11,61.1,61.1,2.708846
2019-11-13 11:38:00,61.1,61.1,61.1,61.1,0
2019-11-13 11:37:00,61.12,61.12,61.1,61.1,85.500439
2019-11-13 11:36:00,61.1,61.12,61.1,61.12,20.809584
2019-11-13 11:35:00,61.07,61.11,61.06,61.11,752.72056
2019-11-13 11:34:00,61.07,61.07,61.07,61.07,0
2019-11-13 11:33:00,61.09,61.09,61.07,61.07,75.325765
2019-11-13 11:32:00,61.11,61.11,61.09,61.1,87.720162
2019-11-13 11:31:00,61.08,61.11,61.08,61.11,111.441443
2019-11-13 11:30:00,61.07,61.08,61.07,61.07,83.902906
2019-11-13 11:29:00,61.08,61.08,61.08,61.08,0
2019-11-13 11:28:00,61.05,61.08,61.05,61.08,92.120265
2019-11-13 11:27:00,61.05,61.06,61.05,61.05,157.051571
2019-11-13 11:26:00,61.06,61.06,61.05,61.05,26.750608
2019-11-13 11:25:00,61.05,61.05,61.05,61.05,22.498122
2019-11-13 11:24:00,61.05,61.05,61.04,61.04,58.217014
2019-11-13 11:23:00,61.01,61.07,61.01,61.07,135.509502
2019-11-13 11:22:00,61.01,61.01,61.01,61.01,20.21927
2019-11-13 11:21:00,61.04,61.04,61,61.02,194.104392
2019-11-13 11:20:00,61.01,61.01,61.01,61.01,0
2019-11-13 11:19:00,61.01,61.01,61.01,61.01,0
2019-11-13 11:18:00,61.01,61.01,61.01,61.01,4.091629
2019-11-13 11:17:00,61,61.03,61,61.02,161.693924
2019-11-13 11:16:00,60.99,60.99,60.99,60.99,146.070871
2019-11-13 11:15:00,60.97,60.97,60.97,60.97,3.153805
2019-11-13 11:14:00,61,61,60.97,60.97,65.195009
2019-11-13 11:13:00,61,61,61,61,0.453898
2019-11-13 11:12:00,61.02,61.02,61,61,146.020965
2019-11-13 11:11:00,61.02,61.02,61.02,61.02,0.755322
2019-11-13 11:10:00,61.02,61.02,61.02,61.02,0.015205
2019-11-13 11:09:00,61.01,61.02,61.01,61.01,64.461713
2019-11-13 11:08:00,60.97,61.02,60.97,61.02,121.769922
2019-11-13 11:07:00,60.95,60.98,60.95,60.98,161.725167
2019-11-13 11:06:00,60.95,60.95,60.95,60.95,0.067037
2019-11-13 11:05:00,60.93,60.96,60.93,60.95,146.335924
2019-11-13 11:04:00,60.97,60.98,60.93,60.93,151.85575
2019-11-13 11:03:00,60.98,60.99,60.97,60.97,56.665097
2019-11-13 11:02:00,60.99,60.99,60.98,60.98,0.627628
2019-11-13 11:01:00,60.99,60.99,60.98,60.99,15.445905
2019-11-13 11:00:00,60.97,60.97,60.97,60.97,0
2019-11-13 10:59:00,60.97,60.97,60.97,60.97,11.554383
2019-11-13 10:58:00,60.98,60.98,60.95,60.97,106.676449
2019-11-13 10:57:00,60.98,60.98,60.98,60.98,0
2019-11-13 10:56:00,60.98,60.98,60.98,60.98,0.01633
2019-11-13 10:55:00,60.99,60.99,60.98,60.98,13.350577
2019-11-13 10:54:00,60.98,60.99,60.98,60.99,68.910313
2019-11-13 10:53:00,60.95,60.99,60.95,60.99,57.56133
2019-11-13 10:52:00,60.96,60.97,60.93,60.95,215.327251
2019-11-13 10:51:00,60.95,60.95,60.91,60.94,95.099415
2019-11-13 10:50:00,60.92,60.95,60.92,60.95,112.913769
2019-11-13 10:49:00,60.91,60.93,60.89,60.93,160.351425
2019-11-13 10:48:00,60.92,60.92,60.92,60.92,13.1218
2019-11-13 10:47:00,60.94,60.94,60.92,60.92,3.344017
2019-11-13 10:46:00,60.93,60.94,60.93,60.94,82.232402
2019-11-13 10:45:00,61,61,60.92,60.93,506.677459
2019-11-13 10:44:00,61.01,61.01,60.99,60.99,77.184733
2019-11-13 10:43:00,61.01,61.04,61,61.01,317.260665
2019-11-13 10:42:00,61.01,61.02,61.01,61.01,209.073217
2019-11-13 10:41:00,61.01,61.01,61.01,61.01,35.922902
2019-11-13 10:40:00,61.02,61.02,61.01,61.01,4.079844
2019-11-13 10:39:00,61.02,61.02,61.02,61.02,6.443528
2019-11-13 10:38:00,61.01,61.02,61.01,61.02,202.215974
2019-11-13 10:37:00,61.01,61.02,61.01,61.01,64.433226
2019-11-13 10:36:00,60.97,61.02,60.97,61.02,33.519665
2019-11-13 10:35:00,60.97,60.97,60.97,60.97,0.41679
2019-11-13 10:34:00,60.97,60.97,60.97,60.97,3.476668
2019-11-13 10:33:00,60.98,60.98,60.97,60.97,36.130907
2019-11-13 10:32:00,60.92,61,60.92,60.98,731.230037
2019-11-13 10:31:00,60.92,60.93,60.91,60.92,209.190491
2019-11-13 10:30:00,60.88,60.92,60.88,60.91,408.1346
2019-11-13 10:29:00,60.85,60.87,60.85,60.87,54.247345
2019-11-13 10:28:00,60.88,60.88,60.87,60.87,61.904502
2019-11-13 10:27:00,60.9,60.9,60.9,60.9,76.156513
2019-11-13 10:26:00,60.88,60.91,60.88,60.89,70.967184
2019-11-13 10:25:00,60.87,60.88,60.87,60.88,269.857333
2019-11-13 10:24:00,60.87,60.89,60.85,60.86,54.483523
2019-11-13 10:23:00,60.87,60.87,60.87,60.87,50.373827
2019-11-13 10:22:00,60.94,60.95,60.84,60.84,705.497191
2019-11-13 10:21:00,60.94,60.94,60.94,60.94,73.654623
2019-11-13 10:20:00,60.93,60.95,60.93,60.93,75.935745
2019-11-13 10:19:00,60.92,60.92,60.92,60.92,6.573
2019-11-13 10:18:00,60.9,60.93,60.9,60.93,417.633765
2019-11-13 10:17:00,60.93,60.93,60.9,60.9,115.793975
2019-11-13 10:16:00,60.88,60.94,60.88,60.93,293.208217
2019-11-13 10:15:00,60.86,60.88,60.86,60.88,55.449122
2019-11-13 10:14:00,60.87,60.87,60.86,60.86,56.201533
2019-11-13 10:13:00,60.87,60.87,60.86,60.87,43.939641
2019-11-13 10:12:00,60.87,60.87,60.85,60.86,259.333459
2019-11-13 10:11:00,60.85,60.88,60.85,60.88,385.356498
2019-11-13 10:10:00,60.84,60.86,60.84,60.85,191.842843
2019-11-13 10:09:00,60.84,60.84,60.84,60.84,1.250718
2019-11-13 10:08:00,60.85,60.86,60.84,60.84,133.235308
2019-11-13 10:07:00,60.88,60.88,60.85,60.85,50.715134
2019-11-13 10:06:00,60.89,60.89,60.86,60.86,1802.295656
2019-11-13 10:05:00,60.86,60.89,60.86,60.89,417.736608
2019-11-13 10:04:00,60.85,60.85,60.85,60.85,336.029098
2019-11-13 10:03:00,60.88,60.88,60.84,60.85,299.549139
2019-11-13 10:02:00,60.9,60.9,60.88,60.88,64.634064
2019-11-13 10:01:00,60.89,60.91,60.89,60.9,63.435665
2019-11-13 10:00:00,60.89,60.91,60.89,60.89,86.757932
2019-11-13 09:59:00,60.91,60.91,60.89,60.89,222.418745
2019-11-13 09:58:00,60.92,60.92,60.9,60.92,199.861819
2019-11-13 09:57:00,60.88,60.9,60.88,60.9,4.668184
2019-11-13 09:56:00,60.89,60.89,60.89,60.89,12.146786
2019-11-13 09:55:00,60.86,60.88,60.86,60.88,265.368158
2019-11-13 09:54:00,60.9,60.9,60.9,60.9,0
2019-11-13 09:53:00,60.91,60.91,60.83,60.9,460.168136
2019-11-13 09:52:00,61.03,61.03,60.71,60.87,1963.636943
2019-11-13 09:51:00,60.99,61.02,60.99,61.02,357.954694
2019-11-13 09:50:00,60.99,60.99,60.99,60.99,60.960553
2019-11-13 09:49:00,60.97,60.99,60.94,60.99,170.867087
2019-11-13 09:48:00,60.99,61.01,60.99,61,32.662593
2019-11-13 09:47:00,60.96,60.97,60.96,60.97,60.9284
2019-11-13 09:46:00,60.92,60.95,60.92,60.93,36.365817
2019-11-13 09:45:00,60.92,60.92,60.92,60.92,1.174877
2019-11-13 09:44:00,60.88,60.89,60.88,60.89,4.40797
2019-11-13 09:43:00,60.9,60.9,60.88,60.88,67.187163
2019-11-13 09:42:00,60.84,60.92,60.84,60.92,332.835512
2019-11-13 09:41:00,60.8,60.83,60.8,60.83,24.867379
2019-11-13 09:40:00,60.78,60.8,60.78,60.8,145.169023
2019-11-13 09:39:00,60.79,60.82,60.79,60.82,661.738304
2019-11-13 09:38:00,60.91,60.91,60.78,60.78,559.639237
2019-11-13 09:37:00,60.94,60.96,60.91,60.91,86.032173
2019-11-13 09:36:00,60.93,60.94,60.93,60.94,1.637046
2019-11-13 09:35:00,60.92,60.94,60.92,60.94,4.360381
2019-11-13 09:34:00,60.91,60.92,60.91,60.92,7.681386
2019-11-13 09:33:00,60.96,60.98,60.94,60.94,232.658021
2019-11-13 09:32:00,60.97,60.97,60.95,60.95,86.897724
2019-11-13 09:31:00,60.91,60.95,60.91,60.95,41.184451
2019-11-13 09:30:00,60.89,60.89,60.89,60.89,0
2019-11-13 09:29:00,60.9,60.9,60.89,60.89,15.753019
2019-11-13 09:28:00,60.89,60.9,60.87,60.9,114.08932
2019-11-13 09:27:00,60.91,60.91,60.9,60.9,65.069492
2019-11-13 09:26:00,60.91,60.95,60.9,60.91,51.996875
2019-11-13 09:25:00,60.9,60.91,60.9,60.91,1.64369
2019-11-13 09:24:00,60.92,60.92,60.88,60.88,37.68924
2019-11-13 09:23:00,60.88,60.93,60.88,60.93,98.504066
2019-11-13 09:22:00,60.89,60.89,60.87,60.87,249.430072
2019-11-13 09:21:00,60.93,60.94,60.89,60.89,37.313529
2019-11-13 09:20:00,60.96,60.96,60.95,60.96,177.344262
2019-11-13 09:19:00,61.01,61.01,60.96,60.96,195.722123
2019-11-13 09:18:00,61.01,61.01,61.01,61.01,3.256761
2019-11-13 09:17:00,61.01,61.02,61.01,61.01,57.425011
2019-11-13 09:16:00,61,61,61,61,0.5
2019-11-13 09:15:00,61,61,61,61,6.925049
2019-11-13 09:14:00,60.96,60.99,60.96,60.99,29.04772
2019-11-13 09:13:00,60.92,60.97,60.92,60.96,378.253284
2019-11-13 09:12:00,60.92,60.92,60.9,60.92,57.627567
2019-11-13 09:11:00,60.93,60.94,60.92,60.92,150.971288
2019-11-13 09:10:00,60.93,60.94,60.93,60.93,3.626904
2019-11-13 09:09:00,60.88,60.96,60.88,60.94,280.386633
2019-11-13 09:08:00,60.98,60.98,60.88,60.88,398.490073
2019-11-13 09:07:00,61.03,61.03,60.98,60.98,145.535132
2019-11-13 09:06:00,61,61.04,61,61.03,51.446997
2019-11-13 09:05:00,61,61,60.99,61,63.281003
2019-11-13 09:04:00,61,61,60.99,61,64.914582
2019-11-13 09:03:00,60.93,60.99,60.93,60.99,135.987906
2019-11-13 09:02:00,60.99,60.99,60.92,60.92,101.358593
2019-11-13 09:01:00,61.02,61.02,60.99,60.99,538.828539
2019-11-13 09:00:00,61.1,61.1,61.02,61.02,387.875563
2019-11-13 08:59:00,61.11,61.12,61.11,61.11,1.427402
2019-11-13 08:58:00,61.08,61.14,61.08,61.11,357.821298
2019-11-13 08:57:00,61.1,61.1,61.08,61.08,82.407656
2019-11-13 08:56:00,61.06,61.09,61.06,61.09,196.364912
2019-11-13 08:55:00,61.1,61.1,61.07,61.09,174.05193
2019-11-13 08:54:00,61.12,61.13,61.1,61.11,185.985133
2019-11-13 08:53:00,61.1,61.16,61.09,61.13,480.197599
2019-11-13 08:52:00,61.04,61.09,61.04,61.08,160.181392
2019-11-13 08:51:00,61.03,61.04,61.02,61.03,60.743376
2019-11-13 08:50:00,61.01,61.04,60.97,61.04,189.768624
2019-11-13 08:49:00,61.07,61.07,61.01,61.01,133.665321
2019-11-13 08:48:00,61.09,61.09,61.03,61.07,187.64659
2019-11-13 08:47:00,61.03,61.13,61.03,61.07,286.647555
2019-11-13 08:46:00,61.01,61.02,60.9,61.01,3206.705741
2019-11-13 08:45:00,61.06,61.12,61.01,61.01,931.886445
2019-11-13 08:44:00,61.16,61.16,61.06,61.07,282.857497
2019-11-13 08:43:00,61.16,61.19,61.16,61.19,89.876259
2019-11-13 08:42:00,61.2,61.2,61.15,61.16,79.412186
2019-11-13 08:41:00,61.1,61.21,61.09,61.21,483.442822
2019-11-13 08:40:00,61.1,61.1,61.06,61.09,493.955546
2019-11-13 08:39:00,61.13,61.13,61.09,61.09,113.76481
2019-11-13 08:38:00,61.1,61.12,61.05,61.12,279.539185
2019-11-13 08:37:00,61.16,61.16,61.1,61.1,71.034599
2019-11-13 08:36:00,61.23,61.23,61.16,61.17,274.829982
2019-11-13 08:35:00,61.18,61.27,61.18,61.23,527.584601
2019-11-13 08:34:00,61.18,61.18,61.18,61.18,12.920025
2019-11-13 08:33:00,61.2,61.2,61.18,61.18,186.253647
2019-11-13 08:32:00,61.22,61.23,61.21,61.21,240.416332
2019-11-13 08:31:00,61.24,61.26,61.24,61.25,41.426685
2019-11-13 08:30:00,61.27,61.27,61.24,61.24,105.776445
2019-11-13 08:29:00,61.25,61.31,61.23,61.27,412.091572
2019-11-13 08:28:00,61.28,61.28,61.26,61.26,134.694335
2019-11-13 08:27:00,61.31,61.33,61.3,61.3,62.874142
2019-11-13 08:26:00,61.32,61.32,61.31,61.31,0.501957
2019-11-13 08:25:00,61.34,61.35,61.34,61.34,64.247282
2019-11-13 08:24:00,61.31,61.33,61.31,61.33,148.720813
2019-11-13 08:23:00,61.31,61.31,61.31,61.31,0.001957
2019-11-13 08:22:00,61.32,61.34,61.27,61.3,206.142106
2019-11-13 08:21:00,61.31,61.33,61.31,61.32,190.573377
2019-11-13 08:20:00,61.35,61.35,61.33,61.33,292.747478
2019-11-13 08:19:00,61.32,61.36,61.3,61.36,73.558847
2019-11-13 08:18:00,61.29,61.3,61.29,61.3,34.983987
2019-11-13 08:17:00,61.3,61.33,61.26,61.29,887.490757
2019-11-13 08:16:00,61.29,61.31,61.29,61.31,29.676557
2019-11-13 08:15:00,61.27,61.29,61.26,61.28,534.078631
2019-11-13 08:14:00,61.23,61.28,61.2,61.27,138.394243
2019-11-13 08:13:00,61.29,61.29,61.24,61.24,49.198361
2019-11-13 08:12:00,61.24,61.28,61.24,61.28,112.20317
2019-11-13 08:11:00,61.29,61.31,61.25,61.25,426.093562
2019-11-13 08:10:00,61.22,61.29,61.21,61.28,179.153396
2019-11-13 08:09:00,61.28,61.28,61.21,61.21,32.78738
2019-11-13 08:08:00,61.34,61.34,61.29,61.29,79.309917
2019-11-13 08:07:00,61.28,61.33,61.27,61.33,89.970196
2019-11-13 08:06:00,61.31,61.34,61.28,61.28,330.623576
2019-11-13 08:05:00,61.21,61.31,61.2,61.31,540.233079
2019-11-13 08:04:00,61.32,61.33,61.2,61.2,587.144253
2019-11-13 08:03:00,61.37,61.37,61.27,61.32,530.782172
2019-11-13 08:02:00,61.55,61.56,61.37,61.37,419.235556
2019-11-13 08:01:00,61.45,61.56,61.45,61.55,355.158805
2019-11-13 08:00:00,61.44,61.55,61.44,61.45,852.377308
2019-11-13 07:59:00,61.37,61.44,61.37,61.43,175.495133
2019-11-13 07:58:00,61.29,61.37,61.29,61.37,1016.816395
2019-11-13 07:57:00,61.21,61.29,61.21,61.28,209.072902
2019-11-13 07:56:00,61.19,61.21,61.19,61.21,129.007024
2019-11-13 07:55:00,61.19,61.19,61.18,61.19,32.683961
2019-11-13 07:54:00,61.16,61.2,61.16,61.16,338.699747
2019-11-13 07:53:00,61.18,61.2,61.16,61.16,63.435837
2019-11-13 07:52:00,61.19,61.19,61.17,61.18,289.397907
2019-11-13 07:51:00,61.18,61.19,61.12,61.19,61.650569
2019-11-13 07:50:00,61.15,61.21,61.15,61.18,146.314269
2019-11-13 07:49:00,61.14,61.18,61.14,61.14,204.215111
2019-11-13 07:48:00,61.19,61.19,61.13,61.13,3.722408
2019-11-13 07:47:00,61.16,61.19,61.16,61.19,214.852014
2019-11-13 07:46:00,61.17,61.22,61.14,61.15,942.137541
2019-11-13 07:45:00,61.14,61.16,61.14,61.16,623.089386
2019-11-13 07:44:00,61.14,61.14,61.11,61.12,262.568078
2019-11-13 07:43:00,61.04,61.14,61.04,61.14,95.890275
2019-11-13 07:42:00,61.07,61.07,61.03,61.04,101.822555
2019-11-13 07:41:00,61.07,61.07,61.06,61.07,0.484679
2019-11-13 07:40:00,61.07,61.07,61.06,61.07,0.650786
2019-11-13 07:39:00,61.02,61.07,61.02,61.07,93.233002
2019-11-13 07:38:00,61.04,61.04,61.01,61.01,217.79937
2019-11-13 07:37:00,61.1,61.1,61.03,61.03,40.606322
2019-11-13 07:36:00,61.09,61.1,61.09,61.1,0.010707
2019-11-13 07:35:00,61.09,61.1,61.07,61.08,48.856304
2019-11-13 07:34:00,61.09,61.11,61.08,61.08,144.149864
2019-11-13 07:33:00,61.07,61.09,61.06,61.09,82.759533
2019-11-13 07:32:00,61.13,61.13,61.06,61.07,77.676646
2019-11-13 07:31:00,61.17,61.17,61.14,61.14,32.375782
2019-11-13 07:30:00,61.16,61.16,61.14,61.16,203.096389
2019-11-13 07:29:00,61.15,61.15,61.15,61.15,38.812936
2019-11-13 07:28:00,61.16,61.16,61.16,61.16,0.002
2019-11-13 07:27:00,61.17,61.17,61.15,61.16,114.263753
2019-11-13 07:26:00,61.18,61.18,61.16,61.18,126.377237
2019-11-13 07:25:00,61.2,61.2,61.16,61.19,185.711088
2019-11-13 07:24:00,61.2,61.2,61.19,61.2,52.50075
2019-11-13 07:23:00,61.22,61.22,61.2,61.2,104.574354
2019-11-13 07:22:00,61.22,61.23,61.19,61.21,249.93089
2019-11-13 07:21:00,61.24,61.24,61.22,61.22,126.869482
2019-11-13 07:20:00,61.31,61.31,61.25,61.25,35.090409
2019-11-13 07:19:00,61.28,61.34,61.28,61.32,131.946957
2019-11-13 07:18:00,61.25,61.28,61.24,61.28,180.700351
2019-11-13 07:17:00,61.2,61.25,61.2,61.25,194.019956
2019-11-13 07:16:00,61.17,61.2,61.17,61.2,4.81763
2019-11-13 07:15:00,61.1,61.18,61.1,61.18,325.567452
2019-11-13 07:14:00,61.11,61.11,61.07,61.1,58.049422
2019-11-13 07:13:00,61.07,61.11,61.07,61.1,271.48945
2019-11-13 07:12:00,61.05,61.07,61.05,61.07,35.81324
2019-11-13 07:11:00,61.05,61.06,61.03,61.05,47.307366
2019-11-13 07:10:00,61.06,61.06,61.02,61.04,34.396935
2019-11-13 07:09:00,61.1,61.1,61.05,61.07,282.402295
2019-11-13 07:08:00,61.1,61.1,61.1,61.1,0.005497
2019-11-13 07:07:00,61.1,61.11,61.1,61.11,109.294354
2019-11-13 07:06:00,61.09,61.1,61.07,61.09,187.158978
2019-11-13 07:05:00,61.1,61.1,61.08,61.1,70.544925
2019-11-13 07:04:00,61.1,61.1,61.05,61.08,331.11013
2019-11-13 07:03:00,61.11,61.11,61.08,61.09,407.997993
2019-11-13 07:02:00,61.12,61.13,61.1,61.11,374.30116
2019-11-13 07:01:00,61.15,61.16,61.13,61.13,76.565831
2019-11-13 07:00:00,61.14,61.14,61.13,61.14,213.498562
2019-11-13 06:59:00,61.15,61.16,61.14,61.14,290.905897
2019-11-13 06:58:00,61.15,61.15,61.14,61.15,2.738257
2019-11-13 06:57:00,61.15,61.15,61.14,61.15,16.021665
2019-11-13 06:56:00,61.21,61.21,61.16,61.16,59.814286
2019-11-13 06:55:00,61.21,61.21,61.21,61.21,0.002
2019-11-13 06:54:00,61.24,61.24,61.22,61.22,178.449367
2019-11-13 06:53:00,61.24,61.24,61.22,61.23,43.963957
2019-11-13 06:52:00,61.24,61.25,61.24,61.25,68.936701
2019-11-13 06:51:00,61.3,61.3,61.24,61.24,266.977832
2019-11-13 06:50:00,61.26,61.31,61.26,61.3,187.133502
2019-11-13 06:49:00,61.24,61.24,61.23,61.24,82.671427
2019-11-13 06:48:00,61.19,61.28,61.19,61.24,139.76776
2019-11-13 06:47:00,61.18,61.19,61.18,61.18,4.884645
2019-11-13 06:46:00,61.15,61.18,61.15,61.18,20.008248
2019-11-13 06:45:00,61.15,61.15,61.15,61.15,57.504187
2019-11-13 06:44:00,61.14,61.15,61.14,61.14,122.5226
2019-11-13 06:43:00,61.12,61.15,61.12,61.15,41.727311
2019-11-13 06:42:00,61.12,61.13,61.12,61.13,125.744238
2019-11-13 06:41:00,61.13,61.13,61.12,61.13,65.691066
2019-11-13 06:40:00,61.13,61.13,61.13,61.13,140.409625
2019-11-13 06:39:00,61.14,61.14,61.13,61.13,1.630096
2019-11-13 06:38:00,61.14,61.14,61.14,61.14,193.109183
2019-11-13 06:37:00,61.15,61.15,61.12,61.12,180.778818
2019-11-13 06:36:00,61.14,61.14,61.14,61.14,132.686971
2019-11-13 06:35:00,61.14,61.15,61.13,61.15,7.916111
2019-11-13 06:34:00,61.13,61.15,61.12,61.14,152.136119
2019-11-13 06:33:00,61.16,61.17,61.12,61.12,84.77928
2019-11-13 06:32:00,61.17,61.17,61.15,61.17,174.187068
2019-11-13 06:31:00,61.19,61.19,61.15,61.15,170.346659
2019-11-13 06:30:00,61.21,61.21,61.2,61.2,49.383404
2019-11-13 06:29:00,61.23,61.23,61.22,61.22,245.067581
2019-11-13 06:28:00,61.23,61.23,61.23,61.23,12.154345
2019-11-13 06:27:00,61.23,61.23,61.23,61.23,0
2019-11-13 06:26:00,61.23,61.23,61.23,61.23,0
2019-11-13 06:25:00,61.23,61.23,61.23,61.23,74.733876
2019-11-13 06:24:00,61.23,61.23,61.23,61.23,272.944434
2019-11-13 06:23:00,61.24,61.24,61.23,61.23,135.965023
2019-11-13 06:22:00,61.24,61.24,61.24,61.24,46.504007
2019-11-13 06:21:00,61.24,61.25,61.24,61.24,83.982377
2019-11-13 06:20:00,61.24,61.26,61.24,61.25,42.893878
2019-11-13 06:19:00,61.24,61.24,61.24,61.24,51.6693
2019-11-13 06:18:00,61.26,61.26,61.23,61.23,126.482945
2019-11-13 06:17:00,61.29,61.29,61.25,61.25,134.844496
2019-11-13 06:16:00,61.39,61.39,61.3,61.3,212.26318
2019-11-13 06:15:00,61.43,61.44,61.4,61.4,148.538616
2019-11-13 06:14:00,61.41,61.42,61.4,61.42,277.444897
2019-11-13 06:13:00,61.42,61.42,61.4,61.42,55.295934
2019-11-13 06:12:00,61.43,61.43,61.42,61.43,114.094187
2019-11-13 06:11:00,61.42,61.42,61.42,61.42,70.151715
2019-11-13 06:10:00,61.44,61.44,61.43,61.43,6.412623
2019-11-13 06:09:00,61.42,61.43,61.41,61.43,0.581107
2019-11-13 06:08:00,61.41,61.42,61.41,61.42,19.364743
2019-11-13 06:07:00,61.38,61.42,61.38,61.42,46.714699
2019-11-13 06:06:00,61.38,61.38,61.38,61.38,0.088593
2019-11-13 06:05:00,61.38,61.38,61.38,61.38,0
2019-11-13 06:04:00,61.32,61.38,61.32,61.38,166.030052
2019-11-13 06:03:00,61.31,61.31,61.3,61.3,68.140166
2019-11-13 06:02:00,61.31,61.32,61.31,61.32,5.308501
2019-11-13 06:01:00,61.33,61.34,61.29,61.29,247.441668
2019-11-13 06:00:00,61.33,61.35,61.33,61.34,19.488898
2019-11-13 05:59:00,61.35,61.35,61.33,61.34,17.937008
2019-11-13 05:58:00,61.35,61.36,61.3,61.34,298.749018
2019-11-13 05:57:00,61.36,61.36,61.35,61.35,52.370747
2019-11-13 05:56:00,61.39,61.39,61.36,61.36,0.022903
2019-11-13 05:55:00,61.4,61.4,61.4,61.4,4.099277
2019-11-13 05:54:00,61.41,61.41,61.41,61.41,0
2019-11-13 05:53:00,61.44,61.44,61.41,61.41,51.231996
2019-11-13 05:52:00,61.43,61.43,61.43,61.43,0
2019-11-13 05:51:00,61.43,61.43,61.43,61.43,2.488938
2019-11-13 05:50:00,61.49,61.49,61.42,61.43,105.96838
2019-11-13 05:49:00,61.5,61.5,61.5,61.5,0
2019-11-13 05:48:00,61.5,61.5,61.5,61.5,0
2019-11-13 05:47:00,61.5,61.5,61.5,61.5,0
2019-11-13 05:46:00,61.52,61.52,61.5,61.5,2.882836
2019-11-13 05:45:00,61.55,61.55,61.54,61.54,0.95449
2019-11-13 05:44:00,61.56,61.57,61.56,61.57,5.136312
2019-11-13 05:43:00,61.55,61.57,61.55,61.56,76.124626
2019-11-13 05:42:00,61.54,61.55,61.54,61.55,3.923533
2019-11-13 05:41:00,61.54,61.55,61.54,61.55,26.59733
2019-11-13 05:40:00,61.56,61.58,61.56,61.56,50.69445
2019-11-13 05:39:00,61.52,61.58,61.52,61.56,56.845241
2019-11-13 05:38:00,61.51,61.51,61.51,61.51,56.2061
2019-11-13 05:37:00,61.49,61.5,61.48,61.5,183.403389
2019-11-13 05:36:00,61.55,61.55,61.5,61.5,185.270762
2019-11-13 05:35:00,61.56,61.56,61.56,61.56,44.08575
2019-11-13 05:34:00,61.54,61.59,61.53,61.57,401.484741
2019-11-13 05:33:00,61.54,61.54,61.54,61.54,0.165396
2019-11-13 05:32:00,61.55,61.55,61.55,61.55,1.860931
2019-11-13 05:31:00,61.55,61.55,61.55,61.55,0.5
2019-11-13 05:30:00,61.56,61.56,61.55,61.55,108.914283
2019-11-13 05:29:00,61.55,61.55,61.54,61.55,55.471128
2019-11-13 05:28:00,61.56,61.56,61.56,61.56,1.482629
2019-11-13 05:27:00,61.52,61.59,61.52,61.57,306.389053
2019-11-13 05:26:00,61.62,61.63,61.54,61.54,441.618242
2019-11-13 05:25:00,61.54,61.63,61.54,61.62,115.233186
2019-11-13 05:24:00,61.61,61.64,61.53,61.54,771.765989
2019-11-13 05:23:00,61.63,61.65,61.59,61.61,1069.284643
2019-11-13 05:22:00,61.64,61.67,61.62,61.63,83.353872
2019-11-13 05:21:00,61.64,61.64,61.64,61.64,1.75977
2019-11-13 05:20:00,61.64,61.68,61.64,61.65,109.996634
2019-11-13 05:19:00,61.68,61.7,61.61,61.66,375.539305
2019-11-13 05:18:00,61.69,61.72,61.67,61.67,87.37691
2019-11-13 05:17:00,61.71,61.71,61.66,61.66,175.357005
2019-11-13 05:16:00,61.7,61.71,61.67,61.71,353.717515
2019-11-13 05:15:00,61.75,61.75,61.65,61.69,317.241696
2019-11-13 05:14:00,61.72,61.76,61.71,61.76,1081.129868
2019-11-13 05:13:00,61.64,61.71,61.63,61.7,437.373936
2019-11-13 05:12:00,61.67,61.67,61.65,61.65,437.332421
2019-11-13 05:11:00,61.64,61.67,61.64,61.65,8.59728
2019-11-13 05:10:00,61.66,61.66,61.64,61.64,12.444284
2019-11-13 05:09:00,61.67,61.67,61.66,61.66,90.839651
2019-11-13 05:08:00,61.66,61.68,61.66,61.66,5.969104
2019-11-13 05:07:00,61.68,61.68,61.64,61.65,318.129677
2019-11-13 05:06:00,61.68,61.7,61.64,61.7,282.179378
2019-11-13 05:05:00,61.64,61.72,61.64,61.68,609.373647
2019-11-13 05:04:00,61.7,61.7,61.66,61.67,18.207116
2019-11-13 05:03:00,61.73,61.73,61.68,61.71,209.881652
2019-11-13 05:02:00,61.74,61.74,61.65,61.72,572.498211
2019-11-13 05:01:00,61.73,61.75,61.73,61.75,76.096327
2019-11-13 05:00:00,61.75,61.75,61.69,61.73,133.386645
2019-11-13 04:59:00,61.75,61.78,61.72,61.72,373.437924
2019-11-13 04:58:00,61.76,61.76,61.71,61.71,302.670704
2019-11-13 04:57:00,61.75,61.77,61.74,61.76,110.257603
2019-11-13 04:56:00,61.79,61.8,61.73,61.74,477.641392
2019-11-13 04:55:00,61.79,61.79,61.71,61.76,525.555571
2019-11-13 04:54:00,61.72,61.78,61.72,61.78,529.047395
2019-11-13 04:53:00,61.73,61.75,61.69,61.72,437.625885
2019-11-13 04:52:00,61.78,61.78,61.75,61.76,13.42339
2019-11-13 04:51:00,61.75,61.8,61.74,61.74,482.190054
2019-11-13 04:50:00,61.73,61.76,61.67,61.71,749.376716
2019-11-13 04:49:00,61.74,61.76,61.7,61.7,1044.253821
2019-11-13 04:48:00,61.72,61.76,61.66,61.74,868.572338
2019-11-13 04:47:00,61.69,61.76,61.67,61.72,1157.600347
2019-11-13 04:46:00,61.67,61.71,61.64,61.69,885.848593
2019-11-13 04:45:00,61.69,61.83,61.67,61.68,2584.18447
2019-11-13 04:44:00,61.63,61.71,61.63,61.7,1671.299496
2019-11-13 04:43:00,61.6,61.66,61.6,61.62,157.76964
2019-11-13 04:42:00,61.55,61.59,61.54,61.59,740.570114
2019-11-13 04:41:00,61.61,61.61,61.57,61.59,540.502452
2019-11-13 04:40:00,61.59,61.6,61.55,61.6,208.548996
2019-11-13 04:39:00,61.63,61.64,61.59,61.6,268.040987
2019-11-13 04:38:00,61.57,61.6,61.55,61.6,724.974842
2019-11-13 04:37:00,61.67,61.71,61.57,61.58,452.674937
2019-11-13 04:36:00,61.52,61.67,61.52,61.67,455.25846
2019-11-13 04:35:00,61.52,61.54,61.52,61.52,165.602818
2019-11-13 04:34:00,61.49,61.57,61.49,61.53,205.728941
2019-11-13 04:33:00,61.4,61.49,61.4,61.49,210.374566
2019-11-13 04:32:00,61.45,61.45,61.4,61.4,34.350872
2019-11-13 04:31:00,61.44,61.49,61.44,61.45,414.872983
2019-11-13 04:30:00,61.47,61.48,61.42,61.44,681.529091
2019-11-13 04:29:00,61.53,61.53,61.46,61.46,490.732421
2019-11-13 04:28:00,61.45,61.52,61.45,61.52,1291.577473
2019-11-13 04:27:00,61.41,61.43,61.4,61.43,117.058683
2019-11-13 04:26:00,61.39,61.45,61.39,61.45,450.51843
2019-11-13 04:25:00,61.39,61.39,61.38,61.38,4.532472
2019-11-13 04:24:00,61.4,61.43,61.4,61.4,168.262797
2019-11-13 04:23:00,61.39,61.41,61.38,61.38,507.042166
2019-11-13 04:22:00,61.45,61.45,61.36,61.37,280.899663
2019-11-13 04:21:00,61.42,61.47,61.42,61.47,597.765635
2019-11-13 04:20:00,61.53,61.53,61.4,61.42,763.073609
2019-11-13 04:19:00,61.37,61.81,61.37,61.53,9214.381009
2019-11-13 04:18:00,61.39,61.4,61.36,61.37,300.824058
2019-11-13 04:17:00,61.33,61.36,61.32,61.36,254.835693
2019-11-13 04:16:00,61.34,61.36,61.33,61.34,130.547822
2019-11-13 04:15:00,61.32,61.33,61.3,61.33,253.950287
2019-11-13 04:14:00,61.27,61.29,61.27,61.29,65.802056
2019-11-13 04:13:00,61.24,61.28,61.22,61.25,126.400176
2019-11-13 04:12:00,61.26,61.27,61.24,61.24,18.933635
2019-11-13 04:11:00,61.24,61.26,61.24,61.26,63.699469
2019-11-13 04:10:00,61.24,61.25,61.17,61.24,246.718606
2019-11-13 04:09:00,61.25,61.25,61.22,61.23,2.761592
2019-11-13 04:08:00,61.25,61.25,61.24,61.24,86.634669
2019-11-13 04:07:00,61.23,61.24,61.23,61.24,1.6229
2019-11-13 04:06:00,61.22,61.3,61.22,61.23,258.17723
2019-11-13 04:05:00,61.26,61.28,61.21,61.22,885.747231
2019-11-13 04:04:00,61.25,61.26,61.25,61.26,94.11236
2019-11-13 04:03:00,61.35,61.35,61.22,61.25,332.329913
2019-11-13 04:02:00,61.34,61.34,61.34,61.34,0
2019-11-13 04:01:00,61.37,61.37,61.3,61.34,244.600722
2019-11-13 04:00:00,61.45,61.45,61.38,61.38,14.032129
2019-11-13 03:59:00,61.33,61.43,61.32,61.43,323.036949
2019-11-13 03:58:00,61.39,61.39,61.34,61.34,51.4685
2019-11-13 03:57:00,61.39,61.41,61.39,61.41,79.029032
2019-11-13 03:56:00,61.45,61.46,61.41,61.41,231.191628
2019-11-13 03:55:00,61.4,61.44,61.4,61.44,47.154258
2019-11-13 03:54:00,61.38,61.38,61.37,61.37,39.526508
2019-11-13 03:53:00,61.39,61.39,61.36,61.36,39.467106
2019-11-13 03:52:00,61.36,61.39,61.34,61.39,67.164162
2019-11-13 03:51:00,61.36,61.37,61.36,61.37,44.052781
2019-11-13 03:50:00,61.37,61.37,61.36,61.36,13.890201
2019-11-13 03:49:00,61.4,61.4,61.39,61.4,8.068141
2019-11-13 03:48:00,61.36,61.39,61.36,61.37,170.507437
2019-11-13 03:47:00,61.28,61.37,61.28,61.36,1305.617395
2019-11-13 03:46:00,61.36,61.36,61.31,61.31,117.118669
2019-11-13 03:45:00,61.37,61.37,61.37,61.37,0
2019-11-13 03:44:00,61.38,61.38,61.37,61.37,0.684562
2019-11-13 03:43:00,61.36,61.37,61.33,61.37,185.695059
2019-11-13 03:42:00,61.37,61.37,61.34,61.36,25.452971
2019-11-13 03:41:00,61.33,61.37,61.3,61.37,321.099116
2019-11-13 03:40:00,61.37,61.37,61.33,61.33,30.86689
2019-11-13 03:39:00,61.4,61.41,61.37,61.4,175.962381
2019-11-13 03:38:00,61.4,61.41,61.4,61.4,168.863757
2019-11-13 03:37:00,61.36,61.41,61.35,61.41,108.865344
2019-11-13 03:36:00,61.41,61.41,61.35,61.35,25.612385
2019-11-13 03:35:00,61.41,61.42,61.41,61.41,12.928431
2019-11-13 03:34:00,61.45,61.45,61.4,61.42,121.964712
2019-11-13 03:33:00,61.41,61.41,61.41,61.41,0
2019-11-13 03:32:00,61.41,61.41,61.41,61.41,2.218066
2019-11-13 03:31:00,61.43,61.45,61.41,61.41,1.112626
2019-11-13 03:30:00,61.38,61.42,61.38,61.42,16.781099
2019-11-13 03:29:00,61.43,61.43,61.35,61.36,613.112916
2019-11-13 03:28:00,61.39,61.45,61.39,61.42,376.248214
2019-11-13 03:27:00,61.37,61.38,61.36,61.38,563.759873
2019-11-13 03:26:00,61.34,61.37,61.34,61.37,675.6868
2019-11-13 03:25:00,61.33,61.33,61.3,61.32,166.238923
2019-11-13 03:24:00,61.32,61.32,61.29,61.32,167.67962
2019-11-13 03:23:00,61.29,61.33,61.29,61.32,119.566318
2019-11-13 03:22:00,61.31,61.31,61.25,61.26,63.781557
2019-11-13 03:21:00,61.34,61.34,61.27,61.27,39.470113
2019-11-13 03:20:00,61.32,61.32,61.29,61.3,167.008517
2019-11-13 03:19:00,61.38,61.38,61.31,61.31,30.137487
2019-11-13 03:18:00,61.33,61.4,61.33,61.39,232.699474
2019-11-13 03:17:00,61.34,61.34,61.32,61.33,349.352314
2019-11-13 03:16:00,61.33,61.37,61.32,61.36,117.125181
2019-11-13 03:15:00,61.34,61.36,61.34,61.36,181.594677
2019-11-13 03:14:00,61.38,61.38,61.34,61.34,220.252111
2019-11-13 03:13:00,61.36,61.38,61.35,61.38,489.475873
2019-11-13 03:12:00,61.39,61.39,61.36,61.36,107.690753
2019-11-13 03:11:00,61.33,61.33,61.33,61.33,0
2019-11-13 03:10:00,61.35,61.39,61.3,61.33,287.179729
2019-11-13 03:09:00,61.39,61.39,61.32,61.32,1191.599654
2019-11-13 03:08:00,61.31,61.42,61.28,61.4,1521.018791
2019-11-13 03:07:00,61.31,61.32,61.28,61.32,105.518959
2019-11-13 03:06:00,61.31,61.31,61.31,61.31,0.509002
2019-11-13 03:05:00,61.29,61.3,61.28,61.3,190.255357
2019-11-13 03:04:00,61.28,61.28,61.27,61.27,29.087999
2019-11-13 03:03:00,61.33,61.33,61.28,61.29,202.853102
2019-11-13 03:02:00,61.27,61.33,61.27,61.29,488.332644
2019-11-13 03:01:00,61.27,61.29,61.23,61.28,483.272361
2019-11-13 03:00:00,61.28,61.28,61.25,61.25,214.261812
2019-11-13 02:59:00,61.31,61.31,61.26,61.28,463.196589
2019-11-13 02:58:00,61.28,61.31,61.28,61.28,25.678692
2019-11-13 02:57:00,61.29,61.29,61.26,61.27,100.552629
2019-11-13 02:56:00,61.32,61.32,61.28,61.3,119.288671
2019-11-13 02:55:00,61.31,61.33,61.31,61.31,85.384513
2019-11-13 02:54:00,61.31,61.31,61.3,61.3,64.391745
2019-11-13 02:53:00,61.3,61.32,61.28,61.32,157.645869
2019-11-13 02:52:00,61.33,61.34,61.31,61.31,255.333204
2019-11-13 02:51:00,61.32,61.36,61.32,61.33,131.072998
2019-11-13 02:50:00,61.27,61.33,61.27,61.32,517.489781
2019-11-13 02:49:00,61.27,61.27,61.25,61.25,61.153176
2019-11-13 02:48:00,61.28,61.28,61.24,61.25,80.537341
2019-11-13 02:47:00,61.31,61.32,61.3,61.3,36.796519
2019-11-13 02:46:00,61.25,61.29,61.25,61.27,56.11897
2019-11-13 02:45:00,61.27,61.29,61.26,61.27,74.949322
2019-11-13 02:44:00,61.29,61.31,61.24,61.29,294.982552
2019-11-13 02:43:00,61.28,61.31,61.27,61.29,434.249356
2019-11-13 02:42:00,61.31,61.32,61.28,61.28,40.47885
2019-11-13 02:41:00,61.28,61.29,61.26,61.29,97.465845
2019-11-13 02:40:00,61.31,61.31,61.27,61.31,29.480059
2019-11-13 02:39:00,61.28,61.33,61.27,61.29,191.35974
2019-11-13 02:38:00,61.38,61.38,61.27,61.27,790.103156
2019-11-13 02:37:00,61.34,61.4,61.34,61.38,201.482612
2019-11-13 02:36:00,61.35,61.36,61.34,61.34,315.024115
2019-11-13 02:35:00,61.3,61.34,61.3,61.34,213.688804
2019-11-13 02:34:00,61.28,61.29,61.28,61.29,132.457981
2019-11-13 02:33:00,61.26,61.28,61.26,61.28,170.058269
2019-11-13 02:32:00,61.22,61.28,61.22,61.25,174.538272
2019-11-13 02:31:00,61.26,61.26,61.22,61.22,267.350215
2019-11-13 02:30:00,61.26,61.28,61.25,61.27,48.76488
2019-11-13 02:29:00,61.27,61.27,61.26,61.26,1.622297
2019-11-13 02:28:00,61.31,61.31,61.26,61.28,131.692173
2019-11-13 02:27:00,61.28,61.32,61.28,61.32,64.39405
2019-11-13 02:26:00,61.31,61.31,61.29,61.29,44.440365
2019-11-13 02:25:00,61.33,61.34,61.33,61.33,219.445432
2019-11-13 02:24:00,61.33,61.34,61.29,61.34,135.57223
2019-11-13 02:23:00,61.38,61.38,61.34,61.34,89.38566
2019-11-13 02:22:00,61.37,61.37,61.34,61.37,29.743301
2019-11-13 02:21:00,61.32,61.37,61.32,61.37,153.072394
2019-11-13 02:20:00,61.38,61.38,61.32,61.33,109.681082
2019-11-13 02:19:00,61.34,61.36,61.33,61.36,208.077873
2019-11-13 02:18:00,61.36,61.4,61.36,61.38,133.33493
2019-11-13 02:17:00,61.3,61.34,61.29,61.33,30.26752
2019-11-13 02:16:00,61.4,61.4,61.3,61.32,76.543621
2019-11-13 02:15:00,61.38,61.41,61.38,61.39,122.845872
2019-11-13 02:14:00,61.38,61.38,61.35,61.36,83.202696
2019-11-13 02:13:00,61.39,61.4,61.36,61.38,365.679444
2019-11-13 02:12:00,61.4,61.4,61.39,61.4,32.831835
2019-11-13 02:11:00,61.41,61.43,61.38,61.4,328.713532
2019-11-13 02:10:00,61.42,61.43,61.37,61.41,204.932919
2019-11-13 02:09:00,61.36,61.45,61.35,61.4,2306.013193
2019-11-13 02:08:00,61.37,61.37,61.36,61.36,53.087137
2019-11-13 02:07:00,61.41,61.42,61.37,61.37,144.801652
2019-11-13 02:06:00,61.36,61.41,61.36,61.41,438.860937
2019-11-13 02:05:00,61.39,61.39,61.34,61.35,43.204884
2019-11-13 02:04:00,61.38,61.4,61.38,61.4,151.050776
2019-11-13 02:03:00,61.33,61.4,61.33,61.4,65.193257
2019-11-13 02:02:00,61.37,61.37,61.33,61.33,98.473082
2019-11-13 02:01:00,61.41,61.41,61.35,61.37,579.9274
2019-11-13 02:00:00,61.29,61.41,61.28,61.41,365.273485
2019-11-13 01:59:00,61.35,61.36,61.3,61.3,607.860557
2019-11-13 01:58:00,61.31,61.35,61.31,61.35,61.79056
2019-11-13 01:57:00,61.37,61.37,61.31,61.31,259.355442
2019-11-13 01:56:00,61.29,61.39,61.29,61.33,372.658731
2019-11-13 01:55:00,61.32,61.35,61.28,61.29,450.36785
2019-11-13 01:54:00,61.39,61.39,61.32,61.32,187.83378
2019-11-13 01:53:00,61.37,61.47,61.37,61.42,428.60575
2019-11-13 01:52:00,61.37,61.37,61.37,61.37,23.3277
2019-11-13 01:51:00,61.35,61.4,61.35,61.38,204.98887
2019-11-13 01:50:00,61.41,61.41,61.37,61.37,112.621616
2019-11-13 01:49:00,61.33,61.41,61.33,61.41,226.521344
2019-11-13 01:48:00,61.33,61.37,61.32,61.36,332.03783
2019-11-13 01:47:00,61.37,61.37,61.36,61.36,334.540476
2019-11-13 01:46:00,61.37,61.4,61.32,61.38,108.632073
2019-11-13 01:45:00,61.4,61.5,61.37,61.38,707.724276
2019-11-13 01:44:00,61.42,61.42,61.4,61.41,85.660155
2019-11-13 01:43:00,61.48,61.51,61.43,61.43,154.455744
2019-11-13 01:42:00,61.46,61.52,61.46,61.47,68.810189
2019-11-13 01:41:00,61.49,61.49,61.43,61.43,83.59083
2019-11-13 01:40:00,61.52,61.59,61.43,61.49,692.818098
2019-11-13 01:39:00,61.4,61.52,61.39,61.52,195.415972
2019-11-13 01:38:00,61.41,61.41,61.36,61.4,407.95074
2019-11-13 01:37:00,61.33,61.44,61.31,61.41,86.386114
2019-11-13 01:36:00,61.39,61.39,61.33,61.33,773.352231
2019-11-13 01:35:00,61.4,61.46,61.4,61.42,122.826772
2019-11-13 01:34:00,61.37,61.37,61.37,61.37,0
2019-11-13 01:33:00,61.31,61.37,61.31,61.37,133.419477
2019-11-13 01:32:00,61.36,61.36,61.31,61.31,355.105081
2019-11-13 01:31:00,61.28,61.36,61.28,61.35,287.372699
2019-11-13 01:30:00,61.25,61.29,61.25,61.28,148.46827
2019-11-13 01:29:00,61.28,61.28,61.24,61.24,331.405627
2019-11-13 01:28:00,61.27,61.29,61.26,61.29,66.701775
2019-11-13 01:27:00,61.31,61.33,61.27,61.27,177.178494
2019-11-13 01:26:00,61.32,61.32,61.25,61.29,479.153015
2019-11-13 01:25:00,61.26,61.37,61.26,61.33,654.700661
2019-11-13 01:24:00,61.31,61.31,61.25,61.25,215.930891
2019-11-13 01:23:00,61.31,61.37,61.31,61.32,411.25736
2019-11-13 01:22:00,61.39,61.39,61.3,61.3,682.850059
2019-11-13 01:21:00,61.35,61.42,61.34,61.38,521.061343
2019-11-13 01:20:00,61.27,61.4,61.27,61.34,993.62702
2019-11-13 01:19:00,61.2,61.28,61.2,61.27,269.602136
2019-11-13 01:18:00,61.2,61.2,61.19,61.19,179.336316
2019-11-13 01:17:00,61.2,61.21,61.18,61.18,173.564833
2019-11-13 01:16:00,61.16,61.21,61.13,61.21,792.461979
2019-11-13 01:15:00,61.13,61.17,61.11,61.16,276.584365
2019-11-13 01:14:00,61.12,61.14,61.11,61.13,167.435541
2019-11-13 01:13:00,61.11,61.13,61.09,61.13,83.533404
2019-11-13 01:12:00,61.12,61.12,61.1,61.11,418.878445
2019-11-13 01:11:00,61.12,61.12,61.09,61.11,148.581487
2019-11-13 01:10:00,61.16,61.17,61.12,61.12,168.956943
2019-11-13 01:09:00,61.15,61.15,61.13,61.14,185.054105
2019-11-13 01:08:00,61.06,61.15,61.06,61.15,305.965939
2019-11-13 01:07:00,61.06,61.06,61.02,61.06,116.404679
2019-11-13 01:06:00,61.12,61.12,61,61.02,816.822241
2019-11-13 01:05:00,61.15,61.15,61.14,61.14,0.549905
2019-11-13 01:04:00,61.14,61.15,61.11,61.14,343.782112
2019-11-13 01:03:00,61.12,61.14,61.11,61.14,68.221639
2019-11-13 01:02:00,61.15,61.15,61.11,61.11,72.376668
2019-11-13 01:01:00,61.14,61.16,61.14,61.14,148.706103
2019-11-13 01:00:00,61.15,61.17,61.14,61.15,128.911316
2019-11-13 00:59:00,61.1,61.18,61.1,61.16,408.61509
2019-11-13 00:58:00,61.12,61.12,61.1,61.11,77.115537
2019-11-13 00:57:00,61.15,61.15,61.12,61.12,31.493428
2019-11-13 00:56:00,61.15,61.16,61.15,61.15,53.546889
2019-11-13 00:55:00,61.12,61.15,61.12,61.15,154.062687
2019-11-13 00:54:00,61.1,61.12,61.1,61.12,259.796445
2019-11-13 00:53:00,61.08,61.12,61.08,61.1,70.09306
2019-11-13 00:52:00,61.1,61.13,61.08,61.08,67.847959
2019-11-13 00:51:00,61.14,61.14,61.09,61.1,122.88383
2019-11-13 00:50:00,61.14,61.15,61.14,61.15,85.836616
2019-11-13 00:49:00,61.13,61.13,61.11,61.11,2.529122
2019-11-13 00:48:00,61.14,61.15,61.13,61.13,91.386934
2019-11-13 00:47:00,61.1,61.13,61.09,61.13,257.389237
2019-11-13 00:46:00,61.12,61.12,61.1,61.1,58.755506
2019-11-13 00:45:00,61.15,61.15,61.11,61.12,27.426743
2019-11-13 00:44:00,61.11,61.21,61.11,61.16,484.340108
2019-11-13 00:43:00,61.12,61.13,61.11,61.11,111.460208
2019-11-13 00:42:00,61.12,61.14,61.12,61.14,134.490567
2019-11-13 00:41:00,61.16,61.16,61.11,61.11,71.034994
2019-11-13 00:40:00,61.14,61.17,61.12,61.17,400.199102
2019-11-13 00:39:00,61.22,61.22,61.13,61.13,3039.435153
2019-11-13 00:38:00,61.21,61.24,61.2,61.23,183.316033
2019-11-13 00:37:00,61.18,61.23,61.16,61.22,271.787251
2019-11-13 00:36:00,61.22,61.24,61.15,61.16,633.895452
2019-11-13 00:35:00,61.14,61.24,61.14,61.22,279.875117
2019-11-13 00:34:00,61.1,61.29,61.1,61.14,929.141575
2019-11-13 00:33:00,61.06,61.14,61.06,61.1,447.748025
2019-11-13 00:32:00,60.98,61.05,60.98,61.05,63.052786
2019-11-13 00:31:00,60.99,60.99,60.98,60.98,67.199194
2019-11-13 00:30:00,60.99,60.99,60.95,60.98,14.969757
2019-11-13 00:29:00,60.98,61.03,60.98,60.99,78.026247
2019-11-13 00:28:00,61.02,61.02,60.98,61,396.871605
2019-11-13 00:27:00,61.06,61.06,61.03,61.03,125.765463
2019-11-13 00:26:00,61,61.04,61,61.02,118.804579
2019-11-13 00:25:00,60.97,60.99,60.96,60.97,70.321733
2019-11-13 00:24:00,60.89,60.95,60.88,60.95,107.666973
2019-11-13 00:23:00,60.95,60.97,60.89,60.89,214.504772
2019-11-13 00:22:00,60.94,60.96,60.92,60.95,107.106294
2019-11-13 00:21:00,61,61,60.91,60.95,259.578414
2019-11-13 00:20:00,60.98,61.02,60.98,61,105.869774
2019-11-13 00:19:00,60.92,60.98,60.92,60.97,331.753685
2019-11-13 00:18:00,60.9,60.95,60.9,60.94,586.300776
2019-11-13 00:17:00,60.96,60.96,60.89,60.89,114.304667
2019-11-13 00:16:00,60.97,60.97,60.95,60.96,5.720433
2019-11-13 00:15:00,60.97,60.98,60.94,60.98,65.179613
2019-11-13 00:14:00,60.97,60.98,60.92,60.98,87.482372
2019-11-13 00:13:00,60.97,60.97,60.93,60.96,31.885382
2019-11-13 00:12:00,61.03,61.03,60.98,60.98,383.297133
2019-11-13 00:11:00,61.07,61.09,61.02,61.02,206.717804
2019-11-13 00:10:00,61.02,61.04,61.02,61.04,13.578443
2019-11-13 00:09:00,60.98,61.04,60.97,61.03,409.986892
2019-11-13 00:08:00,61.02,61.02,60.94,60.99,680.167351
2019-11-13 00:07:00,61.1,61.14,61,61.02,303.774297
2019-11-13 00:06:00,61.11,61.14,61.07,61.13,280.329288
2019-11-13 00:05:00,61,61.12,61,61.11,587.831517
2019-11-13 00:04:00,60.93,61,60.91,61,328.771592
2019-11-13 00:03:00,60.96,60.96,60.92,60.93,99.127463
2019-11-13 00:02:00,60.87,60.99,60.87,60.99,824.63482
2019-11-13 00:01:00,60.88,60.93,60.85,60.87,376.237027
2019-11-13 00:00:00,60.98,61.06,60.9,60.9,1201.513264
