2019-12-09 23:59:00,3.829,3.833,3.829,3.833,3233.36347
2019-12-09 23:58:00,3.824,3.83,3.823,3.829,5119.60978
2019-12-09 23:57:00,3.828,3.829,3.818,3.824,8021.74851
2019-12-09 23:56:00,3.834,3.84,3.824,3.827,17006.95925
2019-12-09 23:55:00,3.848,3.851,3.83,3.833,19982.91392
2019-12-09 23:54:00,3.857,3.858,3.842,3.849,6659.2935
2019-12-09 23:53:00,3.855,3.858,3.854,3.857,417.4538
2019-12-09 23:52:00,3.854,3.855,3.854,3.855,2026.22863
2019-12-09 23:51:00,3.855,3.855,3.855,3.855,345.6531
2019-12-09 23:50:00,3.855,3.855,3.855,3.855,0
2019-12-09 23:49:00,3.856,3.856,3.855,3.855,179.05968
2019-12-09 23:48:00,3.855,3.856,3.852,3.855,972.95404
2019-12-09 23:47:00,3.856,3.856,3.855,3.855,1768.53629
2019-12-09 23:46:00,3.855,3.857,3.855,3.857,2066.52641
2019-12-09 23:45:00,3.853,3.855,3.853,3.855,1251.34788
2019-12-09 23:44:00,3.854,3.854,3.853,3.853,1755.50708
2019-12-09 23:43:00,3.852,3.855,3.852,3.853,2150.73722
2019-12-09 23:42:00,3.855,3.855,3.85,3.851,674.71039
2019-12-09 23:41:00,3.854,3.857,3.853,3.854,2600.14776
2019-12-09 23:40:00,3.859,3.86,3.852,3.854,4334.02042
2019-12-09 23:39:00,3.862,3.862,3.858,3.859,2696.39435
2019-12-09 23:38:00,3.863,3.863,3.863,3.863,13.2483
2019-12-09 23:37:00,3.865,3.865,3.862,3.863,868.39071
2019-12-09 23:36:00,3.861,3.865,3.861,3.864,5565.00587
2019-12-09 23:35:00,3.864,3.864,3.86,3.86,3460.31865
2019-12-09 23:34:00,3.867,3.867,3.863,3.865,3361.03026
2019-12-09 23:33:00,3.866,3.866,3.865,3.866,2279.71784
2019-12-09 23:32:00,3.87,3.87,3.865,3.866,3226.25574
2019-12-09 23:31:00,3.872,3.872,3.871,3.871,2643.01875
2019-12-09 23:30:00,3.872,3.872,3.871,3.872,2976.25334
2019-12-09 23:29:00,3.871,3.875,3.871,3.872,1249.98903
2019-12-09 23:28:00,3.872,3.874,3.871,3.872,4044.90199
2019-12-09 23:27:00,3.879,3.88,3.874,3.874,3444.00471
2019-12-09 23:26:00,3.88,3.881,3.878,3.879,2471.27075
2019-12-09 23:25:00,3.88,3.882,3.878,3.881,1004.02609
2019-12-09 23:24:00,3.884,3.884,3.88,3.88,1913.18549
2019-12-09 23:23:00,3.885,3.885,3.884,3.885,1186.58949
2019-12-09 23:22:00,3.885,3.885,3.885,3.885,1208.25372
2019-12-09 23:21:00,3.886,3.886,3.885,3.885,919.17124
2019-12-09 23:20:00,3.886,3.886,3.886,3.886,378.65197
2019-12-09 23:19:00,3.885,3.886,3.885,3.886,125.35588
2019-12-09 23:18:00,3.884,3.885,3.884,3.884,2589.04794
2019-12-09 23:17:00,3.886,3.886,3.88,3.882,6883.60164
2019-12-09 23:16:00,3.885,3.887,3.883,3.886,1264.71463
2019-12-09 23:15:00,3.886,3.886,3.881,3.885,586.71661
2019-12-09 23:14:00,3.886,3.889,3.886,3.887,577.36219
2019-12-09 23:13:00,3.886,3.888,3.886,3.886,1378.40539
2019-12-09 23:12:00,3.885,3.89,3.885,3.886,7789.77056
2019-12-09 23:11:00,3.9,3.902,3.882,3.882,12593.13755
2019-12-09 23:10:00,3.898,3.9,3.885,3.9,6021.70012
2019-12-09 23:09:00,3.898,3.899,3.898,3.898,871.49555
2019-12-09 23:08:00,3.898,3.899,3.897,3.898,2159.57232
2019-12-09 23:07:00,3.9,3.9,3.895,3.897,4142.12143
2019-12-09 23:06:00,3.901,3.902,3.9,3.9,633.04795
2019-12-09 23:05:00,3.902,3.903,3.9,3.901,1027.97082
2019-12-09 23:04:00,3.899,3.902,3.895,3.9,6895.96418
2019-12-09 23:03:00,3.901,3.903,3.895,3.899,4638.65039
2019-12-09 23:02:00,3.91,3.914,3.895,3.901,27311.74877
2019-12-09 23:01:00,3.9,3.915,3.9,3.913,11349.61727
2019-12-09 23:00:00,3.898,3.901,3.898,3.899,1050.63611
2019-12-09 22:59:00,3.895,3.895,3.893,3.895,1479.23356
2019-12-09 22:58:00,3.9,3.9,3.896,3.896,836.06065
2019-12-09 22:57:00,3.9,3.9,3.9,3.9,229.06893
2019-12-09 22:56:00,3.901,3.901,3.9,3.9,689.19677
2019-12-09 22:55:00,3.905,3.905,3.901,3.901,1326.05701
2019-12-09 22:54:00,3.904,3.905,3.904,3.905,1619.93321
2019-12-09 22:53:00,3.901,3.903,3.901,3.903,1036.84576
2019-12-09 22:52:00,3.901,3.901,3.901,3.901,984.00196
2019-12-09 22:51:00,3.902,3.902,3.902,3.902,0
2019-12-09 22:50:00,3.902,3.902,3.902,3.902,0
2019-12-09 22:49:00,3.902,3.902,3.902,3.902,0
2019-12-09 22:48:00,3.902,3.902,3.902,3.902,0
2019-12-09 22:47:00,3.904,3.904,3.902,3.902,386.62233
2019-12-09 22:46:00,3.906,3.906,3.904,3.904,794.4567
2019-12-09 22:45:00,3.907,3.907,3.907,3.907,0
2019-12-09 22:44:00,3.907,3.907,3.907,3.907,2.77694
2019-12-09 22:43:00,3.907,3.907,3.906,3.906,903.84184
2019-12-09 22:42:00,3.907,3.907,3.907,3.907,7.65702
2019-12-09 22:41:00,3.907,3.907,3.907,3.907,3.84483
2019-12-09 22:40:00,3.907,3.907,3.907,3.907,2.98692
2019-12-09 22:39:00,3.906,3.906,3.906,3.906,840.21965
2019-12-09 22:38:00,3.903,3.907,3.903,3.906,2863.81134
2019-12-09 22:37:00,3.901,3.901,3.901,3.901,0
2019-12-09 22:36:00,3.901,3.901,3.901,3.901,44.5928
2019-12-09 22:35:00,3.901,3.901,3.901,3.901,18.32034
2019-12-09 22:34:00,3.901,3.901,3.901,3.901,0
2019-12-09 22:33:00,3.901,3.901,3.901,3.901,178.04323
2019-12-09 22:32:00,3.901,3.901,3.901,3.901,0
2019-12-09 22:31:00,3.901,3.901,3.901,3.901,0
2019-12-09 22:30:00,3.901,3.901,3.901,3.901,0
2019-12-09 22:29:00,3.902,3.902,3.901,3.901,19.04709
2019-12-09 22:28:00,3.902,3.902,3.901,3.902,1006.25501
2019-12-09 22:27:00,3.9,3.902,3.9,3.902,587.77566
2019-12-09 22:26:00,3.9,3.9,3.9,3.9,50.67983
2019-12-09 22:25:00,3.9,3.9,3.899,3.899,446.16794
2019-12-09 22:24:00,3.901,3.901,3.901,3.901,70.99053
2019-12-09 22:23:00,3.907,3.907,3.901,3.901,2615.83079
2019-12-09 22:22:00,3.907,3.907,3.906,3.907,198.54878
2019-12-09 22:21:00,3.906,3.907,3.906,3.907,878.22597
2019-12-09 22:20:00,3.906,3.906,3.906,3.906,54.90263
2019-12-09 22:19:00,3.905,3.906,3.905,3.906,124.00513
2019-12-09 22:18:00,3.905,3.905,3.905,3.905,0
2019-12-09 22:17:00,3.905,3.907,3.905,3.905,2725.053
2019-12-09 22:16:00,3.902,3.905,3.902,3.905,1067.88111
2019-12-09 22:15:00,3.902,3.902,3.902,3.902,708.43307
2019-12-09 22:14:00,3.902,3.903,3.901,3.902,2549.9069
2019-12-09 22:13:00,3.9,3.903,3.9,3.902,497.82332
2019-12-09 22:12:00,3.9,3.902,3.9,3.902,94.39545
2019-12-09 22:11:00,3.9,3.9,3.9,3.9,584.23501
2019-12-09 22:10:00,3.899,3.901,3.899,3.9,1246.2462
2019-12-09 22:09:00,3.898,3.899,3.898,3.899,105.23916
2019-12-09 22:08:00,3.898,3.9,3.898,3.898,271.86632
2019-12-09 22:07:00,3.898,3.9,3.898,3.898,93.93664
2019-12-09 22:06:00,3.895,3.898,3.895,3.898,467.53752
2019-12-09 22:05:00,3.897,3.897,3.894,3.894,1243.36294
2019-12-09 22:04:00,3.894,3.898,3.894,3.897,335.42301
2019-12-09 22:03:00,3.894,3.895,3.894,3.894,93.71165
2019-12-09 22:02:00,3.893,3.894,3.893,3.894,110.01058
2019-12-09 22:01:00,3.892,3.893,3.892,3.893,231.05982
2019-12-09 22:00:00,3.891,3.891,3.891,3.891,278.49045
2019-12-09 21:59:00,3.895,3.896,3.89,3.892,3351.72113
2019-12-09 21:58:00,3.896,3.896,3.895,3.896,399.52087
2019-12-09 21:57:00,3.896,3.896,3.896,3.896,451.10481
2019-12-09 21:56:00,3.897,3.897,3.895,3.896,346.35163
2019-12-09 21:55:00,3.897,3.897,3.897,3.897,0.36384
2019-12-09 21:54:00,3.897,3.897,3.896,3.897,337.47496
2019-12-09 21:53:00,3.898,3.898,3.897,3.897,0.37915
2019-12-09 21:52:00,3.899,3.899,3.898,3.899,278.47156
2019-12-09 21:51:00,3.899,3.9,3.899,3.899,1339.92145
2019-12-09 21:50:00,3.9,3.9,3.898,3.9,1331.15404
2019-12-09 21:49:00,3.897,3.897,3.897,3.897,0
2019-12-09 21:48:00,3.897,3.897,3.897,3.897,50
2019-12-09 21:47:00,3.896,3.897,3.896,3.897,1750.50015
2019-12-09 21:46:00,3.895,3.895,3.895,3.895,514.43252
2019-12-09 21:45:00,3.896,3.896,3.896,3.896,1382.91583
2019-12-09 21:44:00,3.898,3.898,3.898,3.898,65.65236
2019-12-09 21:43:00,3.899,3.899,3.898,3.898,8.55989
2019-12-09 21:42:00,3.903,3.903,3.9,3.9,12.27094
2019-12-09 21:41:00,3.903,3.903,3.903,3.903,2.09947
2019-12-09 21:40:00,3.904,3.904,3.904,3.904,0
2019-12-09 21:39:00,3.904,3.904,3.904,3.904,6.28716
2019-12-09 21:38:00,3.906,3.906,3.904,3.904,110.12308
2019-12-09 21:37:00,3.906,3.906,3.906,3.906,0
2019-12-09 21:36:00,3.906,3.906,3.906,3.906,2091.46439
2019-12-09 21:35:00,3.908,3.909,3.907,3.907,2621.57157
2019-12-09 21:34:00,3.907,3.908,3.907,3.908,1461.22891
2019-12-09 21:33:00,3.907,3.907,3.907,3.907,2844.16833
2019-12-09 21:32:00,3.908,3.908,3.908,3.908,83.22113
2019-12-09 21:31:00,3.907,3.907,3.907,3.907,0
2019-12-09 21:30:00,3.906,3.907,3.906,3.907,1418.10839
2019-12-09 21:29:00,3.907,3.907,3.905,3.906,56.15774
2019-12-09 21:28:00,3.907,3.907,3.907,3.907,0.84298
2019-12-09 21:27:00,3.908,3.908,3.907,3.907,4096.45356
2019-12-09 21:26:00,3.906,3.91,3.906,3.907,2128.2782
2019-12-09 21:25:00,3.904,3.906,3.904,3.906,554.36568
2019-12-09 21:24:00,3.904,3.904,3.903,3.904,236.79959
2019-12-09 21:23:00,3.902,3.903,3.902,3.903,1281.3092
2019-12-09 21:22:00,3.901,3.901,3.901,3.901,38.84057
2019-12-09 21:21:00,3.901,3.901,3.901,3.901,0
2019-12-09 21:20:00,3.902,3.906,3.901,3.901,809.20004
2019-12-09 21:19:00,3.902,3.902,3.901,3.901,586.09325
2019-12-09 21:18:00,3.902,3.902,3.902,3.902,0.09658
2019-12-09 21:17:00,3.901,3.902,3.901,3.902,5.19867
2019-12-09 21:16:00,3.901,3.901,3.901,3.901,0
2019-12-09 21:15:00,3.899,3.902,3.899,3.901,2306.50064
2019-12-09 21:14:00,3.9,3.9,3.899,3.899,2307.47571
2019-12-09 21:13:00,3.901,3.901,3.9,3.9,17.05805
2019-12-09 21:12:00,3.9,3.902,3.9,3.902,238.95379
2019-12-09 21:11:00,3.902,3.902,3.9,3.9,231.69256
2019-12-09 21:10:00,3.902,3.904,3.902,3.903,1288.01615
2019-12-09 21:09:00,3.899,3.9,3.899,3.9,808.99476
2019-12-09 21:08:00,3.898,3.899,3.897,3.899,474.25616
2019-12-09 21:07:00,3.904,3.904,3.898,3.899,3927.06604
2019-12-09 21:06:00,3.902,3.904,3.901,3.904,880.07942
2019-12-09 21:05:00,3.9,3.905,3.9,3.901,3632.35089
2019-12-09 21:04:00,3.898,3.903,3.898,3.9,2866.26027
2019-12-09 21:03:00,3.897,3.899,3.897,3.898,807.49446
2019-12-09 21:02:00,3.897,3.897,3.897,3.897,435.04515
2019-12-09 21:01:00,3.895,3.897,3.895,3.897,1578.75296
2019-12-09 21:00:00,3.895,3.895,3.895,3.895,1361.76776
2019-12-09 20:59:00,3.898,3.898,3.896,3.896,343.29021
2019-12-09 20:58:00,3.896,3.898,3.896,3.898,389.7898
2019-12-09 20:57:00,3.896,3.896,3.896,3.896,0.20256
2019-12-09 20:56:00,3.896,3.896,3.896,3.896,0.46978
2019-12-09 20:55:00,3.896,3.896,3.896,3.896,0.28924
2019-12-09 20:54:00,3.896,3.896,3.896,3.896,0.21235
2019-12-09 20:53:00,3.895,3.895,3.895,3.895,0
2019-12-09 20:52:00,3.895,3.895,3.895,3.895,0
2019-12-09 20:51:00,3.896,3.896,3.895,3.895,3
2019-12-09 20:50:00,3.895,3.895,3.895,3.895,100
2019-12-09 20:49:00,3.894,3.895,3.894,3.895,1555.11281
2019-12-09 20:48:00,3.893,3.895,3.893,3.895,827.49574
2019-12-09 20:47:00,3.894,3.894,3.894,3.894,1841.03838
2019-12-09 20:46:00,3.894,3.894,3.894,3.894,168.17433
2019-12-09 20:45:00,3.895,3.895,3.895,3.895,229.431
2019-12-09 20:44:00,3.896,3.896,3.896,3.896,0.76893
2019-12-09 20:43:00,3.899,3.899,3.896,3.897,374.6312
2019-12-09 20:42:00,3.899,3.902,3.899,3.899,1688.86309
2019-12-09 20:41:00,3.902,3.902,3.897,3.899,3543.24121
2019-12-09 20:40:00,3.901,3.902,3.901,3.902,2217.84173
2019-12-09 20:39:00,3.903,3.904,3.901,3.901,1857.60365
2019-12-09 20:38:00,3.894,3.903,3.894,3.903,4554.95056
2019-12-09 20:37:00,3.896,3.897,3.893,3.894,2604.11101
2019-12-09 20:36:00,3.893,3.896,3.892,3.896,744.13326
2019-12-09 20:35:00,3.893,3.893,3.893,3.893,208.89407
2019-12-09 20:34:00,3.891,3.894,3.891,3.893,1349.35204
2019-12-09 20:33:00,3.891,3.892,3.891,3.892,1657.23551
2019-12-09 20:32:00,3.892,3.892,3.891,3.891,477.83704
2019-12-09 20:31:00,3.892,3.892,3.891,3.892,160.66563
2019-12-09 20:30:00,3.89,3.89,3.89,3.89,119.9795
2019-12-09 20:29:00,3.889,3.889,3.889,3.889,0
2019-12-09 20:28:00,3.89,3.89,3.889,3.889,1174.51018
2019-12-09 20:27:00,3.891,3.892,3.89,3.891,984.86603
2019-12-09 20:26:00,3.891,3.892,3.891,3.891,1459.86682
2019-12-09 20:25:00,3.89,3.891,3.89,3.89,1524.58177
2019-12-09 20:24:00,3.891,3.891,3.891,3.891,114.1051
2019-12-09 20:23:00,3.888,3.889,3.888,3.889,31.45231
2019-12-09 20:22:00,3.888,3.888,3.888,3.888,7.23123
2019-12-09 20:21:00,3.888,3.888,3.888,3.888,89.02965
2019-12-09 20:20:00,3.888,3.888,3.888,3.888,203.35209
2019-12-09 20:19:00,3.889,3.89,3.889,3.889,172.34113
2019-12-09 20:18:00,3.891,3.891,3.889,3.889,0.08601
2019-12-09 20:17:00,3.891,3.891,3.891,3.891,301.57071
2019-12-09 20:16:00,3.891,3.891,3.891,3.891,0.01002
2019-12-09 20:15:00,3.889,3.89,3.889,3.89,597.54211
2019-12-09 20:14:00,3.888,3.888,3.888,3.888,4.23699
2019-12-09 20:13:00,3.889,3.889,3.888,3.888,145.84371
2019-12-09 20:12:00,3.89,3.891,3.889,3.889,2700.68788
2019-12-09 20:11:00,3.89,3.89,3.889,3.89,634.10716
2019-12-09 20:10:00,3.891,3.891,3.89,3.89,3046.97323
2019-12-09 20:09:00,3.891,3.893,3.891,3.891,475.60492
2019-12-09 20:08:00,3.891,3.892,3.891,3.892,167.2841
2019-12-09 20:07:00,3.892,3.892,3.892,3.892,712.0347
2019-12-09 20:06:00,3.89,3.892,3.89,3.892,650.12862
2019-12-09 20:05:00,3.889,3.891,3.889,3.891,106.5772
2019-12-09 20:04:00,3.887,3.889,3.887,3.889,680.46989
2019-12-09 20:03:00,3.889,3.889,3.887,3.888,1643.91904
2019-12-09 20:02:00,3.887,3.889,3.884,3.889,4104.28221
2019-12-09 20:01:00,3.891,3.891,3.884,3.887,3456.77277
2019-12-09 20:00:00,3.89,3.89,3.89,3.89,0
2019-12-09 19:59:00,3.892,3.893,3.89,3.89,1669.14066
2019-12-09 19:58:00,3.892,3.892,3.892,3.892,1648.14423
2019-12-09 19:57:00,3.892,3.892,3.892,3.892,2355.79749
2019-12-09 19:56:00,3.892,3.892,3.892,3.892,0
2019-12-09 19:55:00,3.892,3.892,3.892,3.892,159.5542
2019-12-09 19:54:00,3.892,3.892,3.892,3.892,299.41875
2019-12-09 19:53:00,3.892,3.893,3.892,3.893,47.04116
2019-12-09 19:52:00,3.892,3.893,3.892,3.893,562.06535
2019-12-09 19:51:00,3.891,3.891,3.89,3.89,20.94413
2019-12-09 19:50:00,3.892,3.892,3.892,3.892,524.44423
2019-12-09 19:49:00,3.893,3.893,3.893,3.893,463.54803
2019-12-09 19:48:00,3.894,3.894,3.893,3.894,593.60842
2019-12-09 19:47:00,3.894,3.894,3.894,3.894,0
2019-12-09 19:46:00,3.894,3.894,3.894,3.894,8.50202
2019-12-09 19:45:00,3.894,3.894,3.894,3.894,2543.04996
2019-12-09 19:44:00,3.895,3.895,3.894,3.894,4.50037
2019-12-09 19:43:00,3.898,3.898,3.895,3.895,208.43576
2019-12-09 19:42:00,3.898,3.898,3.898,3.898,3.18259
2019-12-09 19:41:00,3.898,3.898,3.898,3.898,20.19073
2019-12-09 19:40:00,3.898,3.898,3.897,3.897,0.29964
2019-12-09 19:39:00,3.9,3.9,3.898,3.898,91.29011
2019-12-09 19:38:00,3.9,3.9,3.9,3.9,2.09175
2019-12-09 19:37:00,3.9,3.9,3.9,3.9,0.58354
2019-12-09 19:36:00,3.9,3.901,3.899,3.9,3027.82599
2019-12-09 19:35:00,3.902,3.902,3.899,3.9,714.4766
2019-12-09 19:34:00,3.902,3.902,3.902,3.902,309.56099
2019-12-09 19:33:00,3.904,3.904,3.902,3.902,1830.95273
2019-12-09 19:32:00,3.906,3.906,3.904,3.904,1309.59615
2019-12-09 19:31:00,3.905,3.907,3.905,3.906,1754.63639
2019-12-09 19:30:00,3.909,3.909,3.908,3.908,225.63893
2019-12-09 19:29:00,3.905,3.909,3.905,3.909,194.75904
2019-12-09 19:28:00,3.903,3.905,3.903,3.905,28.50389
2019-12-09 19:27:00,3.898,3.903,3.898,3.902,3700.28694
2019-12-09 19:26:00,3.899,3.9,3.898,3.899,473.25876
2019-12-09 19:25:00,3.898,3.9,3.898,3.899,251.16762
2019-12-09 19:24:00,3.899,3.899,3.898,3.898,1306.20968
2019-12-09 19:23:00,3.898,3.899,3.898,3.899,1564.47045
2019-12-09 19:22:00,3.899,3.899,3.899,3.899,538.34236
2019-12-09 19:21:00,3.9,3.9,3.899,3.899,83.95869
2019-12-09 19:20:00,3.897,3.899,3.897,3.899,292.85334
2019-12-09 19:19:00,3.897,3.899,3.896,3.897,896.10665
2019-12-09 19:18:00,3.897,3.899,3.897,3.897,1901.27433
2019-12-09 19:17:00,3.897,3.898,3.897,3.897,1356.39066
2019-12-09 19:16:00,3.9,3.9,3.898,3.898,1253.29066
2019-12-09 19:15:00,3.9,3.9,3.9,3.9,25.1874
2019-12-09 19:14:00,3.9,3.9,3.9,3.9,7.42821
2019-12-09 19:13:00,3.902,3.902,3.9,3.9,1115.0704
2019-12-09 19:12:00,3.9,3.903,3.9,3.903,2242.17225
2019-12-09 19:11:00,3.903,3.903,3.9,3.9,94.54481
2019-12-09 19:10:00,3.904,3.904,3.903,3.904,1238.30572
2019-12-09 19:09:00,3.903,3.905,3.903,3.905,431.25166
2019-12-09 19:08:00,3.903,3.903,3.903,3.903,70.16038
2019-12-09 19:07:00,3.905,3.905,3.903,3.903,431.51831
2019-12-09 19:06:00,3.904,3.905,3.904,3.905,771.99567
2019-12-09 19:05:00,3.903,3.904,3.903,3.904,776.45597
2019-12-09 19:04:00,3.902,3.902,3.902,3.902,0
2019-12-09 19:03:00,3.902,3.902,3.898,3.902,2819.28624
2019-12-09 19:02:00,3.902,3.902,3.901,3.901,203.55216
2019-12-09 19:01:00,3.903,3.903,3.902,3.902,48.21837
2019-12-09 19:00:00,3.904,3.904,3.903,3.903,1532.28716
2019-12-09 18:59:00,3.907,3.907,3.905,3.905,464.45311
2019-12-09 18:58:00,3.908,3.908,3.906,3.907,1800.05115
2019-12-09 18:57:00,3.907,3.908,3.907,3.908,1828.15313
2019-12-09 18:56:00,3.909,3.909,3.907,3.907,449.38738
2019-12-09 18:55:00,3.904,3.91,3.904,3.909,1814.65319
2019-12-09 18:54:00,3.903,3.903,3.903,3.903,801.67201
2019-12-09 18:53:00,3.899,3.904,3.899,3.904,1097.9171
2019-12-09 18:52:00,3.899,3.899,3.899,3.899,1263.46294
2019-12-09 18:51:00,3.899,3.899,3.899,3.899,160.25643
2019-12-09 18:50:00,3.901,3.901,3.9,3.9,381.29662
2019-12-09 18:49:00,3.901,3.901,3.901,3.901,0
2019-12-09 18:48:00,3.901,3.901,3.901,3.901,0
2019-12-09 18:47:00,3.901,3.901,3.901,3.901,97.21831
2019-12-09 18:46:00,3.903,3.903,3.901,3.901,2573.65777
2019-12-09 18:45:00,3.902,3.904,3.902,3.904,424.50486
2019-12-09 18:44:00,3.901,3.903,3.901,3.902,2981.87755
2019-12-09 18:43:00,3.899,3.901,3.898,3.901,2142.30758
2019-12-09 18:42:00,3.899,3.902,3.892,3.899,13468.20411
2019-12-09 18:41:00,3.906,3.906,3.899,3.9,883.37923
2019-12-09 18:40:00,3.907,3.907,3.907,3.907,0
2019-12-09 18:39:00,3.91,3.91,3.907,3.907,150.29732
2019-12-09 18:38:00,3.91,3.91,3.91,3.91,252.0518
2019-12-09 18:37:00,3.906,3.906,3.906,3.906,0
2019-12-09 18:36:00,3.91,3.91,3.906,3.906,121.68335
2019-12-09 18:35:00,3.912,3.912,3.91,3.911,1089.63198
2019-12-09 18:34:00,3.918,3.918,3.913,3.913,1049.41591
2019-12-09 18:33:00,3.918,3.918,3.918,3.918,213.23577
2019-12-09 18:32:00,3.918,3.918,3.918,3.918,0.56266
2019-12-09 18:31:00,3.918,3.918,3.918,3.918,0.40738
2019-12-09 18:30:00,3.918,3.918,3.918,3.918,0
2019-12-09 18:29:00,3.918,3.918,3.918,3.918,26.72337
2019-12-09 18:28:00,3.916,3.917,3.916,3.917,1453.18122
2019-12-09 18:27:00,3.916,3.916,3.916,3.916,0.79437
2019-12-09 18:26:00,3.913,3.916,3.913,3.916,387.20341
2019-12-09 18:25:00,3.913,3.913,3.913,3.913,1377.84835
2019-12-09 18:24:00,3.913,3.913,3.913,3.913,0.19564
2019-12-09 18:23:00,3.912,3.912,3.912,3.912,0
2019-12-09 18:22:00,3.913,3.913,3.912,3.912,159.18931
2019-12-09 18:21:00,3.913,3.913,3.913,3.913,0.95617
2019-12-09 18:20:00,3.911,3.913,3.911,3.913,1200.19899
2019-12-09 18:19:00,3.911,3.912,3.911,3.912,1136.37847
2019-12-09 18:18:00,3.912,3.912,3.912,3.912,0.01074
2019-12-09 18:17:00,3.91,3.91,3.91,3.91,162.82487
2019-12-09 18:16:00,3.911,3.911,3.911,3.911,18.94802
2019-12-09 18:15:00,3.909,3.911,3.909,3.911,1547.90875
2019-12-09 18:14:00,3.91,3.91,3.909,3.909,168.47846
2019-12-09 18:13:00,3.91,3.91,3.91,3.91,1.19873
2019-12-09 18:12:00,3.913,3.914,3.91,3.91,3.17105
2019-12-09 18:11:00,3.914,3.914,3.913,3.913,1.55846
2019-12-09 18:10:00,3.914,3.914,3.914,3.914,0.034
2019-12-09 18:09:00,3.914,3.915,3.914,3.914,371.30342
2019-12-09 18:08:00,3.915,3.915,3.914,3.914,463.03048
2019-12-09 18:07:00,3.916,3.917,3.916,3.916,1.93289
2019-12-09 18:06:00,3.917,3.917,3.916,3.916,456.48546
2019-12-09 18:05:00,3.918,3.919,3.918,3.918,79.66665
2019-12-09 18:04:00,3.918,3.918,3.918,3.918,0.48571
2019-12-09 18:03:00,3.919,3.92,3.918,3.918,446.06855
2019-12-09 18:02:00,3.919,3.92,3.919,3.92,142.50979
2019-12-09 18:01:00,3.919,3.919,3.919,3.919,1139.31198
2019-12-09 18:00:00,3.919,3.919,3.919,3.919,1897.95142
2019-12-09 17:59:00,3.918,3.921,3.918,3.92,2646.10869
2019-12-09 17:58:00,3.921,3.921,3.92,3.921,1990.4954
2019-12-09 17:57:00,3.92,3.921,3.92,3.92,690.70957
2019-12-09 17:56:00,3.921,3.922,3.921,3.922,643.90247
2019-12-09 17:55:00,3.921,3.921,3.921,3.921,44.67266
2019-12-09 17:54:00,3.92,3.921,3.92,3.921,598.37808
2019-12-09 17:53:00,3.921,3.921,3.92,3.92,2933.63905
2019-12-09 17:52:00,3.92,3.92,3.92,3.92,735.12993
2019-12-09 17:51:00,3.919,3.92,3.919,3.92,338.31462
2019-12-09 17:50:00,3.919,3.919,3.919,3.919,205.73739
2019-12-09 17:49:00,3.92,3.92,3.919,3.919,36.85659
2019-12-09 17:48:00,3.919,3.92,3.919,3.919,1854.24587
2019-12-09 17:47:00,3.918,3.919,3.916,3.919,5165.52215
2019-12-09 17:46:00,3.918,3.918,3.918,3.918,747.6453
2019-12-09 17:45:00,3.918,3.918,3.913,3.917,4407.79727
2019-12-09 17:44:00,3.918,3.918,3.918,3.918,0.31316
2019-12-09 17:43:00,3.917,3.918,3.917,3.918,485.41022
2019-12-09 17:42:00,3.917,3.917,3.917,3.917,1.06646
2019-12-09 17:41:00,3.917,3.918,3.917,3.917,272.06765
2019-12-09 17:40:00,3.916,3.917,3.916,3.917,1499.80303
2019-12-09 17:39:00,3.916,3.916,3.915,3.916,129.26487
2019-12-09 17:38:00,3.918,3.918,3.915,3.916,363.67249
2019-12-09 17:37:00,3.916,3.918,3.916,3.918,712.43311
2019-12-09 17:36:00,3.915,3.916,3.914,3.916,612.04894
2019-12-09 17:35:00,3.915,3.915,3.915,3.915,0.38085
2019-12-09 17:34:00,3.916,3.916,3.914,3.915,343.33349
2019-12-09 17:33:00,3.915,3.916,3.915,3.916,214.27011
2019-12-09 17:32:00,3.916,3.916,3.915,3.916,1504.31859
2019-12-09 17:31:00,3.916,3.916,3.916,3.916,714.16405
2019-12-09 17:30:00,3.916,3.917,3.915,3.916,698.02093
2019-12-09 17:29:00,3.915,3.916,3.915,3.915,17.65197
2019-12-09 17:28:00,3.917,3.918,3.917,3.918,10.58416
2019-12-09 17:27:00,3.917,3.918,3.917,3.917,11.1096
2019-12-09 17:26:00,3.917,3.918,3.917,3.917,12.95788
2019-12-09 17:25:00,3.918,3.918,3.917,3.917,30.45707
2019-12-09 17:24:00,3.918,3.918,3.918,3.918,0.06333
2019-12-09 17:23:00,3.918,3.918,3.917,3.917,425.48161
2019-12-09 17:22:00,3.918,3.918,3.918,3.918,0.08433
2019-12-09 17:21:00,3.917,3.919,3.917,3.918,1721.73819
2019-12-09 17:20:00,3.917,3.917,3.917,3.917,1706.29427
2019-12-09 17:19:00,3.917,3.917,3.917,3.917,616.27233
2019-12-09 17:18:00,3.916,3.916,3.916,3.916,0
2019-12-09 17:17:00,3.915,3.916,3.915,3.916,598.09489
2019-12-09 17:16:00,3.915,3.915,3.914,3.915,190.04743
2019-12-09 17:15:00,3.915,3.915,3.915,3.915,0.13178
2019-12-09 17:14:00,3.914,3.915,3.914,3.914,488.83979
2019-12-09 17:13:00,3.915,3.916,3.915,3.915,415.4293
2019-12-09 17:12:00,3.914,3.915,3.914,3.915,297.14468
2019-12-09 17:11:00,3.916,3.916,3.914,3.914,3201.29744
2019-12-09 17:10:00,3.916,3.916,3.916,3.916,5.82119
2019-12-09 17:09:00,3.916,3.916,3.916,3.916,1.98326
2019-12-09 17:08:00,3.916,3.916,3.915,3.916,2558.19098
2019-12-09 17:07:00,3.915,3.916,3.915,3.916,52.89438
2019-12-09 17:06:00,3.914,3.915,3.914,3.915,200.73974
2019-12-09 17:05:00,3.913,3.913,3.913,3.913,68.44239
2019-12-09 17:04:00,3.912,3.914,3.912,3.913,716.48155
2019-12-09 17:03:00,3.907,3.912,3.907,3.912,13624.45542
2019-12-09 17:02:00,3.916,3.916,3.907,3.907,1439.58426
2019-12-09 17:01:00,3.916,3.916,3.916,3.916,0.11111
2019-12-09 17:00:00,3.914,3.915,3.914,3.915,616.24187
2019-12-09 16:59:00,3.915,3.915,3.912,3.913,9068.61633
2019-12-09 16:58:00,3.916,3.916,3.916,3.916,0
2019-12-09 16:57:00,3.916,3.916,3.916,3.916,0
2019-12-09 16:56:00,3.916,3.916,3.916,3.916,0
2019-12-09 16:55:00,3.916,3.916,3.916,3.916,1469.59395
2019-12-09 16:54:00,3.915,3.915,3.915,3.915,0
2019-12-09 16:53:00,3.915,3.915,3.914,3.915,206.30556
2019-12-09 16:52:00,3.915,3.915,3.915,3.915,298.44324
2019-12-09 16:51:00,3.916,3.916,3.916,3.916,0
2019-12-09 16:50:00,3.916,3.916,3.916,3.916,646.11601
2019-12-09 16:49:00,3.916,3.916,3.916,3.916,0
2019-12-09 16:48:00,3.916,3.916,3.915,3.916,404.03881
2019-12-09 16:47:00,3.916,3.916,3.916,3.916,33.4006
2019-12-09 16:46:00,3.916,3.916,3.916,3.916,147.13744
2019-12-09 16:45:00,3.917,3.917,3.917,3.917,0
2019-12-09 16:44:00,3.917,3.917,3.917,3.917,2.84099
2019-12-09 16:43:00,3.917,3.917,3.916,3.917,300.28396
2019-12-09 16:42:00,3.917,3.917,3.917,3.917,3.59489
2019-12-09 16:41:00,3.918,3.918,3.917,3.917,405.30522
2019-12-09 16:40:00,3.918,3.918,3.918,3.918,1.41779
2019-12-09 16:39:00,3.915,3.915,3.915,3.915,0
2019-12-09 16:38:00,3.918,3.918,3.915,3.915,5005.71637
2019-12-09 16:37:00,3.918,3.918,3.918,3.918,0
2019-12-09 16:36:00,3.917,3.918,3.917,3.918,1157.38049
2019-12-09 16:35:00,3.918,3.918,3.917,3.917,504.91953
2019-12-09 16:34:00,3.916,3.918,3.916,3.918,971.97605
2019-12-09 16:33:00,3.916,3.917,3.916,3.916,1163.90225
2019-12-09 16:32:00,3.919,3.919,3.916,3.916,1727.61448
2019-12-09 16:31:00,3.92,3.92,3.919,3.919,263.74252
2019-12-09 16:30:00,3.92,3.92,3.92,3.92,206.60934
2019-12-09 16:29:00,3.92,3.92,3.92,3.92,6.59931
2019-12-09 16:28:00,3.92,3.92,3.92,3.92,6.59937
2019-12-09 16:27:00,3.92,3.92,3.92,3.92,2.50019
2019-12-09 16:26:00,3.919,3.92,3.919,3.92,302.19516
2019-12-09 16:25:00,3.92,3.92,3.919,3.92,1226.70878
2019-12-09 16:24:00,3.92,3.92,3.919,3.92,224.86836
2019-12-09 16:23:00,3.918,3.919,3.918,3.919,280.5115
2019-12-09 16:22:00,3.916,3.918,3.916,3.918,1363.38342
2019-12-09 16:21:00,3.916,3.916,3.916,3.916,57.89664
2019-12-09 16:20:00,3.916,3.916,3.916,3.916,6.72897
2019-12-09 16:19:00,3.915,3.916,3.915,3.916,83.89296
2019-12-09 16:18:00,3.914,3.916,3.914,3.916,965.51064
2019-12-09 16:17:00,3.915,3.915,3.914,3.914,6.50284
2019-12-09 16:16:00,3.916,3.916,3.915,3.915,286.93389
2019-12-09 16:15:00,3.917,3.918,3.916,3.917,88.45918
2019-12-09 16:14:00,3.918,3.92,3.917,3.918,375.56634
2019-12-09 16:13:00,3.918,3.918,3.917,3.918,1238.90286
2019-12-09 16:12:00,3.917,3.918,3.916,3.918,219.29432
2019-12-09 16:11:00,3.917,3.917,3.916,3.917,9.01831
2019-12-09 16:10:00,3.915,3.917,3.915,3.916,1641.2788
2019-12-09 16:09:00,3.914,3.914,3.914,3.914,30.83124
2019-12-09 16:08:00,3.912,3.914,3.912,3.914,89.98757
2019-12-09 16:07:00,3.912,3.913,3.91,3.912,1117.72252
2019-12-09 16:06:00,3.915,3.915,3.912,3.912,1255.57953
2019-12-09 16:05:00,3.91,3.916,3.907,3.914,13498.40494
2019-12-09 16:04:00,3.911,3.912,3.908,3.91,3671.66106
2019-12-09 16:03:00,3.914,3.915,3.912,3.912,7235.25607
2019-12-09 16:02:00,3.915,3.915,3.914,3.915,214.82956
2019-12-09 16:01:00,3.914,3.915,3.913,3.915,2456.38233
2019-12-09 16:00:00,3.913,3.914,3.913,3.914,611.31282
2019-12-09 15:59:00,3.913,3.913,3.913,3.913,302.91363
2019-12-09 15:58:00,3.91,3.912,3.909,3.912,1564.3729
2019-12-09 15:57:00,3.912,3.912,3.91,3.91,891.53208
2019-12-09 15:56:00,3.913,3.913,3.913,3.913,1517.69265
2019-12-09 15:55:00,3.915,3.916,3.913,3.913,244.82366
2019-12-09 15:54:00,3.916,3.916,3.916,3.916,15.66343
2019-12-09 15:53:00,3.918,3.918,3.916,3.916,612.03466
2019-12-09 15:52:00,3.918,3.919,3.918,3.918,2026.99058
2019-12-09 15:51:00,3.918,3.919,3.918,3.918,1102.53048
2019-12-09 15:50:00,3.918,3.918,3.918,3.918,280.64777
2019-12-09 15:49:00,3.919,3.919,3.917,3.919,2222.66729
2019-12-09 15:48:00,3.918,3.919,3.918,3.919,294.0439
2019-12-09 15:47:00,3.918,3.919,3.918,3.918,1813.18164
2019-12-09 15:46:00,3.919,3.919,3.919,3.919,250.36181
2019-12-09 15:45:00,3.917,3.92,3.917,3.919,2104.1956
2019-12-09 15:44:00,3.917,3.918,3.916,3.917,2013.81625
2019-12-09 15:43:00,3.917,3.918,3.916,3.917,1046.79814
2019-12-09 15:42:00,3.916,3.918,3.916,3.917,1762.03164
2019-12-09 15:41:00,3.916,3.916,3.916,3.916,24.50985
2019-12-09 15:40:00,3.914,3.916,3.914,3.915,1675.03413
2019-12-09 15:39:00,3.916,3.916,3.914,3.914,878.42028
2019-12-09 15:38:00,3.917,3.917,3.916,3.917,137.53816
2019-12-09 15:37:00,3.916,3.918,3.916,3.918,1358.33934
2019-12-09 15:36:00,3.916,3.916,3.916,3.916,48.01881
2019-12-09 15:35:00,3.915,3.916,3.915,3.916,157.95447
2019-12-09 15:34:00,3.914,3.915,3.914,3.915,1255.0945
2019-12-09 15:33:00,3.915,3.916,3.914,3.915,562.29831
2019-12-09 15:32:00,3.914,3.915,3.914,3.914,939.89984
2019-12-09 15:31:00,3.912,3.913,3.912,3.912,671.81793
2019-12-09 15:30:00,3.914,3.914,3.911,3.912,1533.40467
2019-12-09 15:29:00,3.913,3.915,3.913,3.915,1208.00515
2019-12-09 15:28:00,3.914,3.915,3.91,3.913,3423.12926
2019-12-09 15:27:00,3.913,3.913,3.913,3.913,818.90504
2019-12-09 15:26:00,3.911,3.913,3.911,3.913,847.73025
2019-12-09 15:25:00,3.911,3.911,3.911,3.911,30.73267
2019-12-09 15:24:00,3.91,3.911,3.91,3.911,1594.98987
2019-12-09 15:23:00,3.911,3.911,3.909,3.91,289.28076
2019-12-09 15:22:00,3.912,3.912,3.909,3.91,27.21159
2019-12-09 15:21:00,3.912,3.912,3.912,3.912,437.26184
2019-12-09 15:20:00,3.916,3.916,3.911,3.911,202.01342
2019-12-09 15:19:00,3.916,3.917,3.916,3.916,42.20787
2019-12-09 15:18:00,3.912,3.917,3.912,3.915,2107.83129
2019-12-09 15:17:00,3.911,3.912,3.911,3.912,2556.379
2019-12-09 15:16:00,3.91,3.911,3.91,3.911,1848.66333
2019-12-09 15:15:00,3.912,3.912,3.908,3.91,3224.56149
2019-12-09 15:14:00,3.912,3.913,3.912,3.913,369.16866
2019-12-09 15:13:00,3.913,3.914,3.91,3.911,2000.94672
2019-12-09 15:12:00,3.913,3.913,3.91,3.913,1631.26563
2019-12-09 15:11:00,3.914,3.914,3.912,3.913,309.3837
2019-12-09 15:10:00,3.911,3.914,3.911,3.914,840.35853
2019-12-09 15:09:00,3.909,3.912,3.909,3.911,1742.20471
2019-12-09 15:08:00,3.907,3.91,3.905,3.908,6159.53189
2019-12-09 15:07:00,3.912,3.913,3.907,3.907,743.37417
2019-12-09 15:06:00,3.91,3.912,3.907,3.912,2479.7224
2019-12-09 15:05:00,3.907,3.909,3.905,3.909,6703.23768
2019-12-09 15:04:00,3.915,3.915,3.908,3.908,4620.4717
2019-12-09 15:03:00,3.915,3.915,3.915,3.915,10.7911
2019-12-09 15:02:00,3.915,3.915,3.915,3.915,20.87901
2019-12-09 15:01:00,3.916,3.916,3.913,3.916,786.95525
2019-12-09 15:00:00,3.916,3.916,3.914,3.916,1320.79127
2019-12-09 14:59:00,3.915,3.915,3.915,3.915,118.333
2019-12-09 14:58:00,3.915,3.915,3.915,3.915,16.67484
2019-12-09 14:57:00,3.915,3.916,3.914,3.914,492.27904
2019-12-09 14:56:00,3.915,3.916,3.915,3.916,1564.84986
2019-12-09 14:55:00,3.917,3.917,3.915,3.916,637.47439
2019-12-09 14:54:00,3.918,3.918,3.916,3.916,510.13218
2019-12-09 14:53:00,3.919,3.919,3.918,3.919,149.09027
2019-12-09 14:52:00,3.921,3.921,3.919,3.919,1010.8605
2019-12-09 14:51:00,3.92,3.921,3.92,3.921,1307.60909
2019-12-09 14:50:00,3.917,3.921,3.915,3.92,3099.31125
2019-12-09 14:49:00,3.912,3.92,3.912,3.917,2597.3637
2019-12-09 14:48:00,3.912,3.912,3.912,3.912,53.33522
2019-12-09 14:47:00,3.911,3.912,3.911,3.912,1660.69509
2019-12-09 14:46:00,3.911,3.911,3.911,3.911,715.59563
2019-12-09 14:45:00,3.91,3.912,3.91,3.911,323.1529
2019-12-09 14:44:00,3.91,3.911,3.91,3.911,2087.80568
2019-12-09 14:43:00,3.909,3.91,3.908,3.91,2139.67633
2019-12-09 14:42:00,3.913,3.913,3.91,3.91,213.59357
2019-12-09 14:41:00,3.913,3.913,3.913,3.913,21.8524
2019-12-09 14:40:00,3.914,3.914,3.912,3.913,896.11034
2019-12-09 14:39:00,3.914,3.914,3.913,3.914,82.02568
2019-12-09 14:38:00,3.914,3.914,3.914,3.914,10.47773
2019-12-09 14:37:00,3.912,3.914,3.912,3.914,61.06419
2019-12-09 14:36:00,3.912,3.912,3.912,3.912,0.33983
2019-12-09 14:35:00,3.909,3.911,3.909,3.911,870.86867
2019-12-09 14:34:00,3.909,3.909,3.909,3.909,1131.54586
2019-12-09 14:33:00,3.91,3.91,3.909,3.909,2136.40615
2019-12-09 14:32:00,3.911,3.911,3.908,3.91,2602.78345
2019-12-09 14:31:00,3.91,3.911,3.91,3.911,4.62556
2019-12-09 14:30:00,3.911,3.911,3.911,3.911,0
2019-12-09 14:29:00,3.911,3.911,3.911,3.911,200
2019-12-09 14:28:00,3.91,3.91,3.91,3.91,0
2019-12-09 14:27:00,3.91,3.91,3.91,3.91,33.31624
2019-12-09 14:26:00,3.91,3.91,3.91,3.91,0
2019-12-09 14:25:00,3.911,3.911,3.91,3.91,256.80534
2019-12-09 14:24:00,3.911,3.912,3.911,3.912,15.1162
2019-12-09 14:23:00,3.912,3.912,3.909,3.91,2108.47372
2019-12-09 14:22:00,3.912,3.912,3.912,3.912,652.55729
2019-12-09 14:21:00,3.911,3.912,3.911,3.912,345.16197
2019-12-09 14:20:00,3.913,3.914,3.912,3.912,1947.37537
2019-12-09 14:19:00,3.913,3.913,3.913,3.913,0.17836
2019-12-09 14:18:00,3.913,3.913,3.913,3.913,2.12129
2019-12-09 14:17:00,3.911,3.914,3.911,3.914,1168.16159
2019-12-09 14:16:00,3.91,3.911,3.91,3.91,660.22677
2019-12-09 14:15:00,3.909,3.911,3.907,3.91,2837.92136
2019-12-09 14:14:00,3.908,3.912,3.907,3.909,3076.94831
2019-12-09 14:13:00,3.908,3.908,3.908,3.908,6.39163
2019-12-09 14:12:00,3.907,3.909,3.907,3.908,2574.68816
2019-12-09 14:11:00,3.909,3.909,3.907,3.908,1789.15503
2019-12-09 14:10:00,3.909,3.909,3.909,3.909,10.99251
2019-12-09 14:09:00,3.909,3.909,3.909,3.909,0
2019-12-09 14:08:00,3.909,3.909,3.909,3.909,495.0696
2019-12-09 14:07:00,3.909,3.909,3.909,3.909,278.07667
2019-12-09 14:06:00,3.908,3.91,3.908,3.91,885.36403
2019-12-09 14:05:00,3.911,3.911,3.908,3.908,1048.68379
2019-12-09 14:04:00,3.91,3.91,3.91,3.91,0.31324
2019-12-09 14:03:00,3.91,3.91,3.91,3.91,12.4402
2019-12-09 14:02:00,3.909,3.91,3.909,3.91,659.80573
2019-12-09 14:01:00,3.909,3.909,3.908,3.909,2918.09874
2019-12-09 14:00:00,3.911,3.911,3.909,3.909,1949.83144
2019-12-09 13:59:00,3.91,3.911,3.909,3.911,912.75081
2019-12-09 13:58:00,3.911,3.912,3.911,3.911,2062.4896
2019-12-09 13:57:00,3.91,3.911,3.91,3.911,253.88918
2019-12-09 13:56:00,3.911,3.911,3.908,3.909,596.04566
2019-12-09 13:55:00,3.909,3.91,3.908,3.91,6814.73859
2019-12-09 13:54:00,3.909,3.909,3.909,3.909,15.37502
2019-12-09 13:53:00,3.909,3.909,3.909,3.909,0
2019-12-09 13:52:00,3.909,3.909,3.909,3.909,17.42603
2019-12-09 13:51:00,3.908,3.908,3.908,3.908,0.53429
2019-12-09 13:50:00,3.909,3.909,3.908,3.908,409.00303
2019-12-09 13:49:00,3.909,3.909,3.909,3.909,228.0742
2019-12-09 13:48:00,3.908,3.909,3.907,3.909,1620.37801
2019-12-09 13:47:00,3.908,3.909,3.905,3.909,7720.37201
2019-12-09 13:46:00,3.91,3.911,3.906,3.906,2895.19959
2019-12-09 13:45:00,3.911,3.913,3.91,3.91,2422.35365
2019-12-09 13:44:00,3.916,3.916,3.911,3.911,1096.653
2019-12-09 13:43:00,3.915,3.916,3.915,3.916,4.09851
2019-12-09 13:42:00,3.916,3.916,3.915,3.916,8.05629
2019-12-09 13:41:00,3.916,3.916,3.915,3.916,40.5128
2019-12-09 13:40:00,3.916,3.916,3.915,3.916,236.41901
2019-12-09 13:39:00,3.916,3.916,3.916,3.916,2.84204
2019-12-09 13:38:00,3.916,3.916,3.916,3.916,3.13482
2019-12-09 13:37:00,3.918,3.918,3.915,3.916,1800.43283
2019-12-09 13:36:00,3.917,3.918,3.917,3.918,846.49962
2019-12-09 13:35:00,3.917,3.918,3.916,3.918,994.70606
2019-12-09 13:34:00,3.917,3.918,3.916,3.917,1334.7177
2019-12-09 13:33:00,3.917,3.917,3.917,3.917,356.38409
2019-12-09 13:32:00,3.917,3.917,3.917,3.917,0.7547
2019-12-09 13:31:00,3.917,3.917,3.916,3.917,5.80197
2019-12-09 13:30:00,3.917,3.917,3.917,3.917,0
2019-12-09 13:29:00,3.916,3.917,3.916,3.917,394.70033
2019-12-09 13:28:00,3.915,3.915,3.915,3.915,0
2019-12-09 13:27:00,3.915,3.915,3.915,3.915,0
2019-12-09 13:26:00,3.915,3.915,3.915,3.915,1516.47886
2019-12-09 13:25:00,3.915,3.915,3.915,3.915,2873.11944
2019-12-09 13:24:00,3.915,3.915,3.915,3.915,761.21663
2019-12-09 13:23:00,3.914,3.914,3.914,3.914,0
2019-12-09 13:22:00,3.914,3.914,3.914,3.914,0
2019-12-09 13:21:00,3.912,3.914,3.912,3.914,1085.78776
2019-12-09 13:20:00,3.91,3.915,3.91,3.912,4119.7679
2019-12-09 13:19:00,3.91,3.91,3.91,3.91,463.18355
2019-12-09 13:18:00,3.91,3.91,3.91,3.91,676.06032
2019-12-09 13:17:00,3.91,3.91,3.91,3.91,0
2019-12-09 13:16:00,3.909,3.91,3.909,3.91,194.44
2019-12-09 13:15:00,3.909,3.909,3.909,3.909,2051.3555
2019-12-09 13:14:00,3.909,3.909,3.907,3.909,3900.05298
2019-12-09 13:13:00,3.909,3.909,3.909,3.909,7.92344
2019-12-09 13:12:00,3.909,3.91,3.909,3.909,627.96417
2019-12-09 13:11:00,3.909,3.91,3.909,3.91,794.11922
2019-12-09 13:10:00,3.91,3.91,3.909,3.909,1305.56806
2019-12-09 13:09:00,3.91,3.91,3.909,3.91,2259.01844
2019-12-09 13:08:00,3.91,3.911,3.91,3.91,2448.29471
2019-12-09 13:07:00,3.91,3.91,3.909,3.909,1.31991
2019-12-09 13:06:00,3.91,3.91,3.91,3.91,672.82473
2019-12-09 13:05:00,3.911,3.911,3.909,3.91,974.46171
2019-12-09 13:04:00,3.911,3.912,3.911,3.912,31.95511
2019-12-09 13:03:00,3.911,3.912,3.911,3.912,160.65585
2019-12-09 13:02:00,3.91,3.911,3.91,3.911,453.98916
2019-12-09 13:01:00,3.909,3.909,3.909,3.909,1218.84797
2019-12-09 13:00:00,3.908,3.908,3.908,3.908,0
2019-12-09 12:59:00,3.908,3.909,3.907,3.908,1907.00665
2019-12-09 12:58:00,3.909,3.909,3.907,3.908,1610.93439
2019-12-09 12:57:00,3.91,3.91,3.91,3.91,1255.65578
2019-12-09 12:56:00,3.91,3.91,3.91,3.91,0
2019-12-09 12:55:00,3.91,3.91,3.908,3.91,2558.10319
2019-12-09 12:54:00,3.911,3.911,3.911,3.911,0
2019-12-09 12:53:00,3.911,3.911,3.911,3.911,0
2019-12-09 12:52:00,3.911,3.911,3.911,3.911,100
2019-12-09 12:51:00,3.911,3.911,3.911,3.911,1642.4594
2019-12-09 12:50:00,3.912,3.912,3.911,3.911,0.18219
2019-12-09 12:49:00,3.912,3.912,3.912,3.912,0
2019-12-09 12:48:00,3.912,3.912,3.912,3.912,0
2019-12-09 12:47:00,3.912,3.912,3.912,3.912,44.46741
2019-12-09 12:46:00,3.912,3.912,3.912,3.912,0
2019-12-09 12:45:00,3.912,3.912,3.912,3.912,0
2019-12-09 12:44:00,3.912,3.912,3.912,3.912,8.76681
2019-12-09 12:43:00,3.912,3.912,3.912,3.912,15.14155
2019-12-09 12:42:00,3.912,3.912,3.912,3.912,0.7271
2019-12-09 12:41:00,3.913,3.914,3.913,3.913,430.84363
2019-12-09 12:40:00,3.913,3.914,3.913,3.913,1666.53908
2019-12-09 12:39:00,3.913,3.913,3.912,3.912,1202.75164
2019-12-09 12:38:00,3.915,3.915,3.913,3.913,2705.17389
2019-12-09 12:37:00,3.916,3.916,3.916,3.916,0
2019-12-09 12:36:00,3.921,3.921,3.914,3.916,5408.39138
2019-12-09 12:35:00,3.92,3.92,3.92,3.92,14.7791
2019-12-09 12:34:00,3.92,3.92,3.92,3.92,62.4757
2019-12-09 12:33:00,3.917,3.918,3.917,3.918,127.05107
2019-12-09 12:32:00,3.916,3.917,3.916,3.917,594.44059
2019-12-09 12:31:00,3.916,3.916,3.916,3.916,0
2019-12-09 12:30:00,3.915,3.916,3.915,3.916,40.14742
2019-12-09 12:29:00,3.913,3.913,3.913,3.913,350.13317
2019-12-09 12:28:00,3.912,3.912,3.912,3.912,4.38933
2019-12-09 12:27:00,3.912,3.913,3.912,3.912,1643.81336
2019-12-09 12:26:00,3.913,3.913,3.911,3.911,999.96577
2019-12-09 12:25:00,3.913,3.913,3.913,3.913,3872.77622
2019-12-09 12:24:00,3.914,3.914,3.913,3.914,226.53207
2019-12-09 12:23:00,3.913,3.914,3.913,3.914,1873.29709
2019-12-09 12:22:00,3.913,3.917,3.912,3.913,3371.36029
2019-12-09 12:21:00,3.91,3.913,3.908,3.913,2133.10299
2019-12-09 12:20:00,3.908,3.912,3.908,3.911,719.51863
2019-12-09 12:19:00,3.908,3.908,3.908,3.908,0
2019-12-09 12:18:00,3.908,3.908,3.908,3.908,0.07669
2019-12-09 12:17:00,3.907,3.907,3.907,3.907,0
2019-12-09 12:16:00,3.907,3.907,3.907,3.907,0
2019-12-09 12:15:00,3.906,3.907,3.906,3.907,1618.81911
2019-12-09 12:14:00,3.906,3.908,3.903,3.906,1007.60939
2019-12-09 12:13:00,3.908,3.908,3.907,3.907,954.65777
2019-12-09 12:12:00,3.909,3.91,3.907,3.907,473.61842
2019-12-09 12:11:00,3.909,3.909,3.909,3.909,10.5515
2019-12-09 12:10:00,3.909,3.91,3.908,3.91,1019.93768
2019-12-09 12:09:00,3.909,3.91,3.909,3.909,1579.32613
2019-12-09 12:08:00,3.909,3.909,3.908,3.909,266.68151
2019-12-09 12:07:00,3.909,3.909,3.908,3.909,1721.01823
2019-12-09 12:06:00,3.908,3.909,3.908,3.909,2706.27966
2019-12-09 12:05:00,3.909,3.909,3.909,3.909,0
2019-12-09 12:04:00,3.909,3.909,3.909,3.909,0
2019-12-09 12:03:00,3.909,3.909,3.909,3.909,0
2019-12-09 12:02:00,3.908,3.909,3.908,3.909,239.83307
2019-12-09 12:01:00,3.907,3.909,3.907,3.909,188.57981
2019-12-09 12:00:00,3.907,3.907,3.907,3.907,678.94066
2019-12-09 11:59:00,3.907,3.907,3.907,3.907,3118.58282
2019-12-09 11:58:00,3.907,3.907,3.906,3.907,1629.45454
2019-12-09 11:57:00,3.905,3.908,3.905,3.907,1385.81974
2019-12-09 11:56:00,3.905,3.905,3.905,3.905,362.65263
2019-12-09 11:55:00,3.904,3.904,3.904,3.904,878.98109
2019-12-09 11:54:00,3.905,3.905,3.905,3.905,0.25608
2019-12-09 11:53:00,3.905,3.908,3.905,3.908,1256.98565
2019-12-09 11:52:00,3.905,3.906,3.904,3.905,1236.5962
2019-12-09 11:51:00,3.902,3.904,3.902,3.904,6106.86492
2019-12-09 11:50:00,3.901,3.901,3.901,3.901,79.89
2019-12-09 11:49:00,3.9,3.9,3.9,3.9,0
2019-12-09 11:48:00,3.899,3.901,3.899,3.9,447.34889
2019-12-09 11:47:00,3.899,3.9,3.899,3.9,122.79911
2019-12-09 11:46:00,3.898,3.899,3.898,3.898,932.99786
2019-12-09 11:45:00,3.897,3.898,3.897,3.898,2009.21614
2019-12-09 11:44:00,3.898,3.898,3.897,3.897,62.43826
2019-12-09 11:43:00,3.897,3.898,3.897,3.898,320.90725
2019-12-09 11:42:00,3.897,3.897,3.897,3.897,0.62888
2019-12-09 11:41:00,3.897,3.897,3.896,3.897,624.783
2019-12-09 11:40:00,3.898,3.898,3.896,3.897,456.075
2019-12-09 11:39:00,3.898,3.898,3.897,3.898,1075.78935
2019-12-09 11:38:00,3.896,3.898,3.896,3.898,1813.80074
2019-12-09 11:37:00,3.895,3.897,3.895,3.897,2395.66861
2019-12-09 11:36:00,3.898,3.898,3.898,3.898,13.11139
2019-12-09 11:35:00,3.897,3.897,3.897,3.897,19.88345
2019-12-09 11:34:00,3.899,3.9,3.898,3.898,771.71658
2019-12-09 11:33:00,3.898,3.9,3.897,3.899,1039.37011
2019-12-09 11:32:00,3.898,3.898,3.898,3.898,0.15881
2019-12-09 11:31:00,3.897,3.898,3.897,3.897,1888.94302
2019-12-09 11:30:00,3.893,3.897,3.893,3.896,1701.14222
2019-12-09 11:29:00,3.896,3.896,3.896,3.896,3406.75583
2019-12-09 11:28:00,3.898,3.898,3.895,3.895,1895.30486
2019-12-09 11:27:00,3.898,3.899,3.897,3.899,1739.17511
2019-12-09 11:26:00,3.897,3.897,3.897,3.897,4320.40058
2019-12-09 11:25:00,3.896,3.897,3.896,3.897,1320.40474
2019-12-09 11:24:00,3.896,3.896,3.896,3.896,1434.2497
2019-12-09 11:23:00,3.896,3.896,3.894,3.896,4046.45047
2019-12-09 11:22:00,3.896,3.896,3.896,3.896,566.27539
2019-12-09 11:21:00,3.894,3.896,3.894,3.896,4107.62099
2019-12-09 11:20:00,3.893,3.893,3.893,3.893,0
2019-12-09 11:19:00,3.894,3.894,3.893,3.893,926.03181
2019-12-09 11:18:00,3.895,3.895,3.893,3.893,2729.20813
2019-12-09 11:17:00,3.895,3.895,3.895,3.895,1756.10948
2019-12-09 11:16:00,3.896,3.896,3.894,3.894,488.18838
2019-12-09 11:15:00,3.897,3.897,3.893,3.896,2569.59387
2019-12-09 11:14:00,3.898,3.898,3.898,3.898,3.25136
2019-12-09 11:13:00,3.898,3.898,3.897,3.898,1043.91017
2019-12-09 11:12:00,3.896,3.897,3.895,3.896,424.13792
2019-12-09 11:11:00,3.896,3.896,3.896,3.896,141.31322
2019-12-09 11:10:00,3.896,3.896,3.895,3.896,218.82834
2019-12-09 11:09:00,3.896,3.896,3.895,3.896,11.34523
2019-12-09 11:08:00,3.895,3.896,3.894,3.896,2453.38117
2019-12-09 11:07:00,3.894,3.894,3.894,3.894,240.57421
2019-12-09 11:06:00,3.894,3.894,3.893,3.894,197.5813
2019-12-09 11:05:00,3.893,3.893,3.893,3.893,1611.55428
2019-12-09 11:04:00,3.894,3.894,3.893,3.893,220.39113
2019-12-09 11:03:00,3.894,3.894,3.894,3.894,1.07477
2019-12-09 11:02:00,3.894,3.894,3.894,3.894,0.59136
2019-12-09 11:01:00,3.894,3.894,3.894,3.894,0.75889
2019-12-09 11:00:00,3.894,3.894,3.894,3.894,0.07466
2019-12-09 10:59:00,3.894,3.894,3.894,3.894,0
2019-12-09 10:58:00,3.894,3.894,3.894,3.894,0
2019-12-09 10:57:00,3.894,3.894,3.894,3.894,70.33989
2019-12-09 10:56:00,3.893,3.894,3.893,3.894,1519.14959
2019-12-09 10:55:00,3.893,3.893,3.893,3.893,0.01
2019-12-09 10:54:00,3.892,3.892,3.89,3.892,996.44092
2019-12-09 10:53:00,3.89,3.893,3.89,3.893,721.85294
2019-12-09 10:52:00,3.89,3.89,3.89,3.89,3065.83439
2019-12-09 10:51:00,3.89,3.89,3.89,3.89,0
2019-12-09 10:50:00,3.891,3.891,3.889,3.89,971.87066
2019-12-09 10:49:00,3.897,3.897,3.892,3.892,341.25501
2019-12-09 10:48:00,3.901,3.901,3.895,3.896,3407.27115
2019-12-09 10:47:00,3.9,3.901,3.9,3.901,2465.39559
2019-12-09 10:46:00,3.898,3.899,3.898,3.898,185.27645
2019-12-09 10:45:00,3.891,3.898,3.891,3.896,2890.28313
2019-12-09 10:44:00,3.89,3.891,3.89,3.891,0.44674
2019-12-09 10:43:00,3.89,3.89,3.889,3.89,236.28925
2019-12-09 10:42:00,3.89,3.89,3.89,3.89,1.07479
2019-12-09 10:41:00,3.89,3.89,3.89,3.89,1.06185
2019-12-09 10:40:00,3.889,3.891,3.889,3.891,726.27178
2019-12-09 10:39:00,3.888,3.888,3.888,3.888,47.91277
2019-12-09 10:38:00,3.888,3.888,3.887,3.888,985.57551
2019-12-09 10:37:00,3.89,3.89,3.886,3.889,2808.51524
2019-12-09 10:36:00,3.887,3.888,3.884,3.888,5006.86896
2019-12-09 10:35:00,3.887,3.887,3.886,3.887,11.75589
2019-12-09 10:34:00,3.885,3.888,3.885,3.887,1496.50156
2019-12-09 10:33:00,3.886,3.886,3.885,3.885,1125.04729
2019-12-09 10:32:00,3.886,3.887,3.886,3.887,873.37287
2019-12-09 10:31:00,3.888,3.888,3.886,3.886,950.68243
2019-12-09 10:30:00,3.887,3.888,3.887,3.888,2514.55578
2019-12-09 10:29:00,3.887,3.887,3.887,3.887,0
2019-12-09 10:28:00,3.888,3.888,3.886,3.887,1157.93388
2019-12-09 10:27:00,3.888,3.888,3.888,3.888,0.30484
2019-12-09 10:26:00,3.888,3.888,3.888,3.888,232.57598
2019-12-09 10:25:00,3.887,3.887,3.887,3.887,927.9103
2019-12-09 10:24:00,3.887,3.887,3.887,3.887,0
2019-12-09 10:23:00,3.887,3.887,3.887,3.887,1532.4898
2019-12-09 10:22:00,3.886,3.886,3.886,3.886,10.29918
2019-12-09 10:21:00,3.888,3.888,3.888,3.888,0
2019-12-09 10:20:00,3.89,3.89,3.888,3.888,246.75884
2019-12-09 10:19:00,3.889,3.89,3.889,3.89,125.98075
2019-12-09 10:18:00,3.888,3.89,3.887,3.89,802.16244
2019-12-09 10:17:00,3.889,3.89,3.888,3.888,86.35732
2019-12-09 10:16:00,3.889,3.889,3.889,3.889,2362.2423
2019-12-09 10:15:00,3.889,3.889,3.887,3.889,1751.74169
2019-12-09 10:14:00,3.887,3.891,3.887,3.888,2026.09367
2019-12-09 10:13:00,3.886,3.888,3.885,3.888,2549.99482
2019-12-09 10:12:00,3.884,3.886,3.884,3.885,622.97175
2019-12-09 10:11:00,3.886,3.887,3.884,3.885,3391.8849
2019-12-09 10:10:00,3.887,3.887,3.886,3.886,3185.40985
2019-12-09 10:09:00,3.887,3.889,3.887,3.889,599.2453
2019-12-09 10:08:00,3.887,3.888,3.886,3.888,2140.37192
2019-12-09 10:07:00,3.889,3.89,3.886,3.886,2418.32017
2019-12-09 10:06:00,3.886,3.889,3.886,3.889,730.22689
2019-12-09 10:05:00,3.883,3.888,3.883,3.886,5440.07829
2019-12-09 10:04:00,3.883,3.883,3.883,3.883,5.27468
2019-12-09 10:03:00,3.881,3.884,3.881,3.882,2225.58962
2019-12-09 10:02:00,3.882,3.882,3.882,3.882,219.81575
2019-12-09 10:01:00,3.885,3.887,3.882,3.882,1185.79581
2019-12-09 10:00:00,3.885,3.885,3.884,3.884,250.77576
2019-12-09 09:59:00,3.89,3.89,3.886,3.886,1555.98379
2019-12-09 09:58:00,3.889,3.891,3.889,3.891,141.05187
2019-12-09 09:57:00,3.895,3.895,3.889,3.889,1608.50161
2019-12-09 09:56:00,3.896,3.896,3.894,3.896,2159.37385
2019-12-09 09:55:00,3.897,3.897,3.897,3.897,102.08867
2019-12-09 09:54:00,3.896,3.896,3.896,3.896,6.09505
2019-12-09 09:53:00,3.896,3.897,3.895,3.896,1336.70613
2019-12-09 09:52:00,3.898,3.898,3.896,3.896,487.15295
2019-12-09 09:51:00,3.9,3.903,3.897,3.898,2837.86756
2019-12-09 09:50:00,3.898,3.9,3.898,3.899,1186.64042
2019-12-09 09:49:00,3.893,3.899,3.893,3.898,4260.24686
2019-12-09 09:48:00,3.892,3.894,3.892,3.893,2733.5881
2019-12-09 09:47:00,3.891,3.892,3.891,3.892,146.14445
2019-12-09 09:46:00,3.897,3.897,3.89,3.891,3447.4053
2019-12-09 09:45:00,3.894,3.896,3.889,3.896,6847.37396
2019-12-09 09:44:00,3.895,3.899,3.891,3.893,8439.87259
2019-12-09 09:43:00,3.891,3.899,3.89,3.895,3409.68078
2019-12-09 09:42:00,3.894,3.895,3.89,3.892,4534.06118
2019-12-09 09:41:00,3.898,3.898,3.895,3.895,867.13088
2019-12-09 09:40:00,3.899,3.899,3.898,3.898,4248.73619
2019-12-09 09:39:00,3.899,3.899,3.899,3.899,15.41649
2019-12-09 09:38:00,3.899,3.899,3.899,3.899,0.96093
2019-12-09 09:37:00,3.898,3.899,3.898,3.899,432.19384
2019-12-09 09:36:00,3.898,3.898,3.898,3.898,1.35268
2019-12-09 09:35:00,3.898,3.898,3.898,3.898,1.36037
2019-12-09 09:34:00,3.898,3.898,3.898,3.898,1.83897
2019-12-09 09:33:00,3.898,3.898,3.898,3.898,0.93921
2019-12-09 09:32:00,3.899,3.899,3.898,3.898,2225.39656
2019-12-09 09:31:00,3.901,3.901,3.899,3.899,2522.74911
2019-12-09 09:30:00,3.901,3.901,3.901,3.901,32.3451
2019-12-09 09:29:00,3.901,3.901,3.901,3.901,0
2019-12-09 09:28:00,3.901,3.901,3.901,3.901,211.447
2019-12-09 09:27:00,3.901,3.902,3.901,3.902,215.55363
2019-12-09 09:26:00,3.902,3.902,3.902,3.902,1306.14171
2019-12-09 09:25:00,3.902,3.902,3.902,3.902,0
2019-12-09 09:24:00,3.901,3.903,3.901,3.902,560.37162
2019-12-09 09:23:00,3.901,3.901,3.901,3.901,0.15465
2019-12-09 09:22:00,3.901,3.901,3.901,3.901,0.06839
2019-12-09 09:21:00,3.901,3.901,3.901,3.901,0.05998
2019-12-09 09:20:00,3.901,3.901,3.901,3.901,0.08174
2019-12-09 09:19:00,3.901,3.901,3.901,3.901,0.02006
2019-12-09 09:18:00,3.901,3.901,3.901,3.901,260.42914
2019-12-09 09:17:00,3.901,3.901,3.901,3.901,149.58572
2019-12-09 09:16:00,3.901,3.901,3.901,3.901,0.01001
2019-12-09 09:15:00,3.901,3.901,3.901,3.901,0
2019-12-09 09:14:00,3.901,3.902,3.9,3.901,1723.75229
2019-12-09 09:13:00,3.902,3.902,3.901,3.902,2479.48169
2019-12-09 09:12:00,3.902,3.902,3.902,3.902,2.26524
2019-12-09 09:11:00,3.905,3.905,3.905,3.905,1.56433
2019-12-09 09:10:00,3.905,3.905,3.905,3.905,1.08291
2019-12-09 09:09:00,3.905,3.905,3.905,3.905,1.68653
2019-12-09 09:08:00,3.906,3.906,3.905,3.905,37.22121
2019-12-09 09:07:00,3.906,3.906,3.906,3.906,0.34035
2019-12-09 09:06:00,3.905,3.905,3.904,3.905,137.07826
2019-12-09 09:05:00,3.905,3.905,3.904,3.905,1.06635
2019-12-09 09:04:00,3.905,3.905,3.904,3.905,8.44352
2019-12-09 09:03:00,3.905,3.905,3.904,3.904,8.86405
2019-12-09 09:02:00,3.905,3.906,3.904,3.906,2654.19966
2019-12-09 09:01:00,3.906,3.906,3.904,3.906,456.75283
2019-12-09 09:00:00,3.906,3.906,3.906,3.906,0
2019-12-09 08:59:00,3.906,3.906,3.906,3.906,2
2019-12-09 08:58:00,3.906,3.907,3.906,3.907,482.11246
2019-12-09 08:57:00,3.907,3.907,3.906,3.907,1573.50283
2019-12-09 08:56:00,3.907,3.908,3.905,3.908,2261.71443
2019-12-09 08:55:00,3.907,3.907,3.907,3.907,0.09164
2019-12-09 08:54:00,3.91,3.911,3.907,3.907,1574.63991
2019-12-09 08:53:00,3.911,3.911,3.91,3.911,23.97212
2019-12-09 08:52:00,3.911,3.911,3.91,3.911,77.54023
2019-12-09 08:51:00,3.91,3.91,3.91,3.91,247.34646
2019-12-09 08:50:00,3.91,3.91,3.909,3.91,4269.86212
2019-12-09 08:49:00,3.91,3.91,3.91,3.91,3.95428
2019-12-09 08:48:00,3.91,3.91,3.91,3.91,312.27864
2019-12-09 08:47:00,3.91,3.91,3.91,3.91,0
2019-12-09 08:46:00,3.91,3.91,3.91,3.91,0
2019-12-09 08:45:00,3.909,3.91,3.908,3.91,364.52714
2019-12-09 08:44:00,3.912,3.912,3.909,3.909,174.6146
2019-12-09 08:43:00,3.912,3.912,3.911,3.911,219.3169
2019-12-09 08:42:00,3.914,3.914,3.911,3.911,1618.33203
2019-12-09 08:41:00,3.914,3.914,3.914,3.914,1.78528
2019-12-09 08:40:00,3.914,3.915,3.914,3.914,62.04454
2019-12-09 08:39:00,3.914,3.914,3.914,3.914,0
2019-12-09 08:38:00,3.914,3.914,3.913,3.914,248.95304
2019-12-09 08:37:00,3.911,3.913,3.911,3.913,2445.96832
2019-12-09 08:36:00,3.911,3.911,3.911,3.911,2087.65225
2019-12-09 08:35:00,3.91,3.912,3.91,3.912,1722.46405
2019-12-09 08:34:00,3.908,3.91,3.908,3.908,388.25283
2019-12-09 08:33:00,3.906,3.91,3.906,3.908,1271.2266
2019-12-09 08:32:00,3.901,3.905,3.901,3.905,1024.11483
2019-12-09 08:31:00,3.901,3.901,3.901,3.901,14.86784
2019-12-09 08:30:00,3.9,3.901,3.9,3.901,1165.27651
2019-12-09 08:29:00,3.9,3.9,3.9,3.9,0
2019-12-09 08:28:00,3.9,3.9,3.9,3.9,0
2019-12-09 08:27:00,3.9,3.9,3.9,3.9,0
2019-12-09 08:26:00,3.9,3.9,3.9,3.9,0
2019-12-09 08:25:00,3.9,3.9,3.9,3.9,0
2019-12-09 08:24:00,3.9,3.9,3.9,3.9,0.01316
2019-12-09 08:23:00,3.899,3.9,3.899,3.9,0.0997
2019-12-09 08:22:00,3.899,3.899,3.899,3.899,0
2019-12-09 08:21:00,3.899,3.899,3.899,3.899,20
2019-12-09 08:20:00,3.899,3.899,3.899,3.899,0
2019-12-09 08:19:00,3.899,3.899,3.899,3.899,0
2019-12-09 08:18:00,3.899,3.899,3.899,3.899,442.08098
2019-12-09 08:17:00,3.901,3.901,3.898,3.899,925.52557
2019-12-09 08:16:00,3.901,3.901,3.901,3.901,0.01008
2019-12-09 08:15:00,3.901,3.901,3.901,3.901,0
2019-12-09 08:14:00,3.901,3.901,3.9,3.901,271.15965
2019-12-09 08:13:00,3.902,3.902,3.901,3.901,96.99203
2019-12-09 08:12:00,3.902,3.902,3.901,3.902,425.88489
2019-12-09 08:11:00,3.902,3.902,3.902,3.902,0.72055
2019-12-09 08:10:00,3.902,3.902,3.902,3.902,0.4532
2019-12-09 08:09:00,3.901,3.901,3.901,3.901,2119.08992
2019-12-09 08:08:00,3.9,3.901,3.9,3.901,832.9905
2019-12-09 08:07:00,3.901,3.901,3.901,3.901,1121.73795
2019-12-09 08:06:00,3.902,3.902,3.901,3.902,1784.88994
2019-12-09 08:05:00,3.903,3.903,3.903,3.903,0.01014
2019-12-09 08:04:00,3.901,3.903,3.901,3.902,2922.72871
2019-12-09 08:03:00,3.901,3.901,3.901,3.901,0.29527
2019-12-09 08:02:00,3.9,3.901,3.9,3.901,7.61255
2019-12-09 08:01:00,3.898,3.899,3.898,3.899,1835.32712
2019-12-09 08:00:00,3.898,3.898,3.898,3.898,202.87224
2019-12-09 07:59:00,3.898,3.898,3.898,3.898,0
2019-12-09 07:58:00,3.898,3.898,3.898,3.898,0
2019-12-09 07:57:00,3.896,3.898,3.896,3.898,1952.68698
2019-12-09 07:56:00,3.898,3.898,3.897,3.898,311.38758
2019-12-09 07:55:00,3.898,3.898,3.898,3.898,0
2019-12-09 07:54:00,3.897,3.898,3.897,3.898,126.13867
2019-12-09 07:53:00,3.898,3.898,3.896,3.896,1388.22838
2019-12-09 07:52:00,3.9,3.9,3.898,3.898,1722.62308
2019-12-09 07:51:00,3.901,3.901,3.901,3.901,0
2019-12-09 07:50:00,3.901,3.901,3.901,3.901,259.55774
2019-12-09 07:49:00,3.901,3.901,3.901,3.901,608.93413
2019-12-09 07:48:00,3.9,3.9,3.9,3.9,0
2019-12-09 07:47:00,3.902,3.902,3.9,3.9,2633.28696
2019-12-09 07:46:00,3.904,3.904,3.901,3.902,4772.82586
2019-12-09 07:45:00,3.901,3.901,3.901,3.901,0
2019-12-09 07:44:00,3.902,3.902,3.901,3.901,797.62303
2019-12-09 07:43:00,3.899,3.902,3.899,3.902,143.47397
2019-12-09 07:42:00,3.895,3.899,3.895,3.898,1039.73031
2019-12-09 07:41:00,3.895,3.896,3.895,3.895,33.63249
2019-12-09 07:40:00,3.894,3.895,3.894,3.895,5.93453
2019-12-09 07:39:00,3.894,3.894,3.894,3.894,14.17527
2019-12-09 07:38:00,3.894,3.894,3.893,3.894,147.62194
2019-12-09 07:37:00,3.894,3.894,3.893,3.894,229.20221
2019-12-09 07:36:00,3.894,3.895,3.894,3.894,199.79891
2019-12-09 07:35:00,3.894,3.894,3.894,3.894,0
2019-12-09 07:34:00,3.893,3.894,3.892,3.894,2207.62359
2019-12-09 07:33:00,3.893,3.893,3.893,3.893,1.46823
2019-12-09 07:32:00,3.893,3.893,3.893,3.893,195.97175
2019-12-09 07:31:00,3.892,3.894,3.892,3.894,2.94744
2019-12-09 07:30:00,3.893,3.893,3.893,3.893,0
2019-12-09 07:29:00,3.893,3.893,3.893,3.893,427.76928
2019-12-09 07:28:00,3.892,3.894,3.892,3.894,262.98672
2019-12-09 07:27:00,3.894,3.894,3.891,3.892,1216.51622
2019-12-09 07:26:00,3.895,3.895,3.894,3.894,1555.84325
2019-12-09 07:25:00,3.895,3.895,3.895,3.895,0.07458
2019-12-09 07:24:00,3.895,3.895,3.895,3.895,193.71011
2019-12-09 07:23:00,3.895,3.896,3.895,3.896,845.28375
2019-12-09 07:22:00,3.895,3.895,3.895,3.895,3
2019-12-09 07:21:00,3.895,3.895,3.895,3.895,1602.13615
2019-12-09 07:20:00,3.896,3.896,3.895,3.896,4394.79924
2019-12-09 07:19:00,3.898,3.898,3.893,3.896,12596.54508
2019-12-09 07:18:00,3.899,3.899,3.898,3.898,808.72752
2019-12-09 07:17:00,3.899,3.899,3.899,3.899,0.01
2019-12-09 07:16:00,3.9,3.9,3.9,3.9,0
2019-12-09 07:15:00,3.9,3.902,3.9,3.9,416.10295
2019-12-09 07:14:00,3.9,3.901,3.899,3.899,1601.67471
2019-12-09 07:13:00,3.901,3.901,3.9,3.901,1919.63214
2019-12-09 07:12:00,3.901,3.901,3.9,3.901,945.61002
2019-12-09 07:11:00,3.902,3.902,3.901,3.901,1497.37339
2019-12-09 07:10:00,3.9,3.901,3.9,3.901,599.00332
2019-12-09 07:09:00,3.903,3.903,3.901,3.901,6.41924
2019-12-09 07:08:00,3.903,3.903,3.9,3.902,1614.53289
2019-12-09 07:07:00,3.902,3.903,3.902,3.902,45.13204
2019-12-09 07:06:00,3.902,3.903,3.901,3.902,1261.43759
2019-12-09 07:05:00,3.906,3.906,3.902,3.902,1463.14622
2019-12-09 07:04:00,3.905,3.906,3.905,3.906,8.73888
2019-12-09 07:03:00,3.906,3.907,3.904,3.905,892.89295
2019-12-09 07:02:00,3.902,3.908,3.901,3.906,2046.4612
2019-12-09 07:01:00,3.898,3.9,3.897,3.9,2461.80452
2019-12-09 07:00:00,3.896,3.899,3.895,3.898,1970.73622
2019-12-09 06:59:00,3.898,3.898,3.896,3.896,2473.69523
2019-12-09 06:58:00,3.897,3.898,3.897,3.897,931.07084
2019-12-09 06:57:00,3.898,3.898,3.897,3.897,4386.69791
2019-12-09 06:56:00,3.897,3.898,3.897,3.898,3975.83401
2019-12-09 06:55:00,3.898,3.898,3.897,3.897,515.40507
2019-12-09 06:54:00,3.897,3.898,3.897,3.898,1531.98297
2019-12-09 06:53:00,3.896,3.896,3.895,3.896,3289.53131
2019-12-09 06:52:00,3.895,3.898,3.894,3.897,3708.05392
2019-12-09 06:51:00,3.895,3.895,3.895,3.895,0
2019-12-09 06:50:00,3.895,3.895,3.895,3.895,0
2019-12-09 06:49:00,3.895,3.895,3.895,3.895,1.13026
2019-12-09 06:48:00,3.894,3.894,3.894,3.894,0
2019-12-09 06:47:00,3.894,3.894,3.894,3.894,0
2019-12-09 06:46:00,3.894,3.894,3.894,3.894,4826.76981
2019-12-09 06:45:00,3.893,3.894,3.893,3.894,1903.31102
2019-12-09 06:44:00,3.894,3.894,3.892,3.894,1912.5122
2019-12-09 06:43:00,3.895,3.895,3.894,3.895,2623.09846
2019-12-09 06:42:00,3.897,3.897,3.894,3.895,5448.24648
2019-12-09 06:41:00,3.897,3.897,3.896,3.897,529.99284
2019-12-09 06:40:00,3.897,3.897,3.897,3.897,196.0023
2019-12-09 06:39:00,3.897,3.898,3.897,3.897,839.67432
2019-12-09 06:38:00,3.898,3.899,3.896,3.897,778.18466
2019-12-09 06:37:00,3.899,3.899,3.898,3.898,678.61764
2019-12-09 06:36:00,3.899,3.899,3.899,3.899,0
2019-12-09 06:35:00,3.899,3.9,3.899,3.899,2693.63301
2019-12-09 06:34:00,3.899,3.9,3.898,3.898,985.2445
2019-12-09 06:33:00,3.899,3.901,3.898,3.899,1137.57489
2019-12-09 06:32:00,3.898,3.9,3.898,3.899,1247.70809
2019-12-09 06:31:00,3.9,3.9,3.898,3.898,4160.62244
2019-12-09 06:30:00,3.9,3.9,3.9,3.9,1591.26707
2019-12-09 06:29:00,3.899,3.9,3.899,3.9,1489.09937
2019-12-09 06:28:00,3.899,3.899,3.899,3.899,1760.18675
2019-12-09 06:27:00,3.897,3.9,3.897,3.898,1819.39184
2019-12-09 06:26:00,3.898,3.899,3.898,3.898,3668.20405
2019-12-09 06:25:00,3.899,3.899,3.899,3.899,1681.1695
2019-12-09 06:24:00,3.898,3.899,3.898,3.899,451.75125
2019-12-09 06:23:00,3.9,3.9,3.9,3.9,280.57689
2019-12-09 06:22:00,3.9,3.9,3.9,3.9,0
2019-12-09 06:21:00,3.9,3.9,3.9,3.9,0
2019-12-09 06:20:00,3.907,3.907,3.9,3.9,4328.01526
2019-12-09 06:19:00,3.907,3.907,3.907,3.907,0.01067
2019-12-09 06:18:00,3.907,3.907,3.907,3.907,0
2019-12-09 06:17:00,3.907,3.907,3.907,3.907,0.01
2019-12-09 06:16:00,3.908,3.908,3.907,3.908,1699.32698
2019-12-09 06:15:00,3.907,3.91,3.907,3.91,3526.87907
2019-12-09 06:14:00,3.908,3.908,3.907,3.908,2523.43442
2019-12-09 06:13:00,3.904,3.908,3.904,3.907,500.87372
2019-12-09 06:12:00,3.905,3.907,3.904,3.904,2218.73425
2019-12-09 06:11:00,3.906,3.906,3.905,3.905,2245.11634
2019-12-09 06:10:00,3.905,3.906,3.905,3.905,3627.00261
2019-12-09 06:09:00,3.905,3.906,3.905,3.905,2783.98495
2019-12-09 06:08:00,3.907,3.907,3.904,3.905,786.07561
2019-12-09 06:07:00,3.908,3.908,3.907,3.907,1761.15087
2019-12-09 06:06:00,3.908,3.909,3.907,3.908,2954.03845
2019-12-09 06:05:00,3.907,3.909,3.907,3.907,832.16739
2019-12-09 06:04:00,3.906,3.908,3.906,3.907,2418.99198
2019-12-09 06:03:00,3.906,3.908,3.906,3.906,613.30165
2019-12-09 06:02:00,3.906,3.908,3.906,3.908,2192.84808
2019-12-09 06:01:00,3.907,3.907,3.906,3.907,3148.73005
2019-12-09 06:00:00,3.907,3.907,3.907,3.907,801.35275
2019-12-09 05:59:00,3.91,3.911,3.906,3.907,1353.3113
2019-12-09 05:58:00,3.91,3.911,3.91,3.911,2284.54356
2019-12-09 05:57:00,3.91,3.911,3.91,3.91,2452.36001
2019-12-09 05:56:00,3.91,3.911,3.91,3.91,1482.38398
2019-12-09 05:55:00,3.91,3.911,3.91,3.91,2221.77692
2019-12-09 05:54:00,3.911,3.911,3.91,3.91,721.39092
2019-12-09 05:53:00,3.91,3.911,3.91,3.91,4055.46698
2019-12-09 05:52:00,3.91,3.911,3.91,3.911,2.01001
2019-12-09 05:51:00,3.91,3.911,3.91,3.911,2262.85083
2019-12-09 05:50:00,3.91,3.911,3.91,3.91,1418.95753
2019-12-09 05:49:00,3.91,3.911,3.91,3.91,3917.34897
2019-12-09 05:48:00,3.91,3.911,3.91,3.91,2224.18948
2019-12-09 05:47:00,3.91,3.911,3.91,3.91,3848.05337
2019-12-09 05:46:00,3.91,3.911,3.91,3.91,4307.80688
2019-12-09 05:45:00,3.91,3.911,3.91,3.91,2541.87977
2019-12-09 05:44:00,3.911,3.911,3.91,3.91,1110.85186
2019-12-09 05:43:00,3.911,3.911,3.91,3.91,1706.01305
2019-12-09 05:42:00,3.91,3.911,3.91,3.911,610.50575
2019-12-09 05:41:00,3.91,3.91,3.91,3.91,1.29657
2019-12-09 05:40:00,3.91,3.91,3.91,3.91,1.09295
2019-12-09 05:39:00,3.91,3.91,3.909,3.91,233.40092
2019-12-09 05:38:00,3.909,3.91,3.909,3.91,649.8725
2019-12-09 05:37:00,3.91,3.91,3.909,3.91,2136.48743
2019-12-09 05:36:00,3.91,3.911,3.909,3.91,2555.18552
2019-12-09 05:35:00,3.909,3.911,3.909,3.909,2198.92684
2019-12-09 05:34:00,3.909,3.91,3.909,3.91,3408.84371
2019-12-09 05:33:00,3.91,3.91,3.909,3.91,792.90236
2019-12-09 05:32:00,3.91,3.91,3.909,3.91,1825.30523
2019-12-09 05:31:00,3.909,3.91,3.909,3.909,720.37163
2019-12-09 05:30:00,3.909,3.909,3.909,3.909,3344.13015
2019-12-09 05:29:00,3.911,3.911,3.911,3.911,0
2019-12-09 05:28:00,3.911,3.911,3.911,3.911,0
2019-12-09 05:27:00,3.911,3.911,3.91,3.911,194.9456
2019-12-09 05:26:00,3.912,3.912,3.912,3.912,0
2019-12-09 05:25:00,3.912,3.912,3.912,3.912,0.01002
2019-12-09 05:24:00,3.913,3.913,3.912,3.912,407.17033
2019-12-09 05:23:00,3.912,3.912,3.912,3.912,1926.02211
2019-12-09 05:22:00,3.914,3.914,3.912,3.912,1211.18252
2019-12-09 05:21:00,3.914,3.914,3.914,3.914,0
2019-12-09 05:20:00,3.914,3.914,3.914,3.914,0
2019-12-09 05:19:00,3.914,3.914,3.914,3.914,414.31644
2019-12-09 05:18:00,3.911,3.911,3.911,3.911,0
2019-12-09 05:17:00,3.911,3.911,3.911,3.911,2444.97881
2019-12-09 05:16:00,3.914,3.914,3.911,3.911,3290.30145
2019-12-09 05:15:00,3.913,3.915,3.913,3.914,1252.52603
2019-12-09 05:14:00,3.915,3.915,3.913,3.913,1492.72835
2019-12-09 05:13:00,3.914,3.916,3.914,3.914,1693.84576
2019-12-09 05:12:00,3.916,3.916,3.915,3.915,15.06037
2019-12-09 05:11:00,3.916,3.916,3.916,3.916,677.07523
2019-12-09 05:10:00,3.916,3.916,3.915,3.916,9.97079
2019-12-09 05:09:00,3.916,3.916,3.915,3.916,36.30196
2019-12-09 05:08:00,3.915,3.916,3.913,3.916,3339.84643
2019-12-09 05:07:00,3.914,3.915,3.914,3.914,3544.70672
2019-12-09 05:06:00,3.914,3.915,3.914,3.915,895.74786
2019-12-09 05:05:00,3.914,3.914,3.914,3.914,0.92084
2019-12-09 05:04:00,3.914,3.914,3.913,3.914,460.11537
2019-12-09 05:03:00,3.913,3.914,3.913,3.913,1143.36859
2019-12-09 05:02:00,3.913,3.913,3.913,3.913,0.98793
2019-12-09 05:01:00,3.913,3.913,3.913,3.913,0.24175
2019-12-09 05:00:00,3.912,3.912,3.912,3.912,0
2019-12-09 04:59:00,3.912,3.912,3.912,3.912,0
2019-12-09 04:58:00,3.913,3.913,3.912,3.912,1224.11903
2019-12-09 04:57:00,3.914,3.914,3.911,3.913,1550.45423
2019-12-09 04:56:00,3.914,3.914,3.912,3.913,958.3935
2019-12-09 04:55:00,3.914,3.914,3.913,3.914,942.04878
2019-12-09 04:54:00,3.914,3.914,3.913,3.914,1703.67093
2019-12-09 04:53:00,3.914,3.914,3.913,3.914,2978.12634
2019-12-09 04:52:00,3.913,3.914,3.913,3.914,212.46837
2019-12-09 04:51:00,3.913,3.914,3.913,3.914,767.00048
2019-12-09 04:50:00,3.913,3.913,3.913,3.913,0.11881
2019-12-09 04:49:00,3.913,3.913,3.913,3.913,0.20655
2019-12-09 04:48:00,3.913,3.913,3.912,3.913,50.37634
2019-12-09 04:47:00,3.913,3.913,3.912,3.913,1085.10994
2019-12-09 04:46:00,3.91,3.914,3.91,3.912,2847.94131
2019-12-09 04:45:00,3.91,3.911,3.91,3.911,2770.6889
2019-12-09 04:44:00,3.91,3.911,3.909,3.911,3253.0072
2019-12-09 04:43:00,3.909,3.911,3.909,3.911,1281.90034
2019-12-09 04:42:00,3.91,3.91,3.909,3.909,3.87234
2019-12-09 04:41:00,3.909,3.909,3.909,3.909,2.31545
2019-12-09 04:40:00,3.909,3.909,3.909,3.909,2.72572
2019-12-09 04:39:00,3.909,3.909,3.909,3.909,1.06285
2019-12-09 04:38:00,3.909,3.909,3.909,3.909,0
2019-12-09 04:37:00,3.908,3.909,3.908,3.909,15.48992
2019-12-09 04:36:00,3.906,3.907,3.906,3.907,1723.61268
2019-12-09 04:35:00,3.905,3.905,3.905,3.905,0
2019-12-09 04:34:00,3.905,3.905,3.905,3.905,0.57766
2019-12-09 04:33:00,3.906,3.906,3.905,3.905,304.94531
2019-12-09 04:32:00,3.907,3.907,3.906,3.906,172.35458
2019-12-09 04:31:00,3.907,3.907,3.907,3.907,171.0823
2019-12-09 04:30:00,3.906,3.906,3.906,3.906,189.89985
2019-12-09 04:29:00,3.909,3.909,3.909,3.909,0
2019-12-09 04:28:00,3.909,3.909,3.909,3.909,0
2019-12-09 04:27:00,3.909,3.909,3.909,3.909,0
2019-12-09 04:26:00,3.909,3.909,3.909,3.909,0
2019-12-09 04:25:00,3.909,3.909,3.909,3.909,0
2019-12-09 04:24:00,3.909,3.909,3.909,3.909,0
2019-12-09 04:23:00,3.909,3.909,3.909,3.909,106.65049
2019-12-09 04:22:00,3.91,3.91,3.91,3.91,174.9352
2019-12-09 04:21:00,3.911,3.911,3.911,3.911,0
2019-12-09 04:20:00,3.912,3.912,3.911,3.911,2.18122
2019-12-09 04:19:00,3.912,3.912,3.912,3.912,0.07258
2019-12-09 04:18:00,3.911,3.912,3.911,3.912,0.72263
2019-12-09 04:17:00,3.912,3.912,3.912,3.912,0.01003
2019-12-09 04:16:00,3.912,3.912,3.912,3.912,0.01002
2019-12-09 04:15:00,3.912,3.912,3.912,3.912,0.36
2019-12-09 04:14:00,3.912,3.912,3.912,3.912,1.7871
2019-12-09 04:13:00,3.913,3.913,3.912,3.912,788.88079
2019-12-09 04:12:00,3.913,3.913,3.912,3.913,1294.68502
2019-12-09 04:11:00,3.912,3.913,3.912,3.913,174.63627
2019-12-09 04:10:00,3.912,3.912,3.912,3.912,4.02206
2019-12-09 04:09:00,3.911,3.912,3.911,3.912,201.25349
2019-12-09 04:08:00,3.91,3.911,3.91,3.911,971.43401
2019-12-09 04:07:00,3.91,3.91,3.91,3.91,0.68889
2019-12-09 04:06:00,3.91,3.91,3.91,3.91,0.56964
2019-12-09 04:05:00,3.91,3.911,3.91,3.91,1.37111
2019-12-09 04:04:00,3.91,3.911,3.91,3.911,1.50104
2019-12-09 04:03:00,3.91,3.911,3.909,3.911,1515.2146
2019-12-09 04:02:00,3.909,3.911,3.909,3.911,1.48943
2019-12-09 04:01:00,3.91,3.911,3.909,3.911,1444.26961
2019-12-09 04:00:00,3.91,3.91,3.91,3.91,0.43895
2019-12-09 03:59:00,3.909,3.91,3.909,3.91,2.62482
2019-12-09 03:58:00,3.909,3.91,3.909,3.909,1308.06772
2019-12-09 03:57:00,3.909,3.91,3.909,3.909,1501.28169
2019-12-09 03:56:00,3.909,3.91,3.909,3.91,1010.89315
2019-12-09 03:55:00,3.909,3.909,3.909,3.909,0.36233
2019-12-09 03:54:00,3.91,3.91,3.91,3.91,0
2019-12-09 03:53:00,3.91,3.91,3.91,3.91,0
2019-12-09 03:52:00,3.91,3.91,3.91,3.91,1097.60906
2019-12-09 03:51:00,3.91,3.91,3.91,3.91,0
2019-12-09 03:50:00,3.91,3.91,3.91,3.91,239.42099
2019-12-09 03:49:00,3.909,3.909,3.909,3.909,0.15188
2019-12-09 03:48:00,3.908,3.908,3.908,3.908,0
2019-12-09 03:47:00,3.907,3.908,3.907,3.908,1.40107
2019-12-09 03:46:00,3.907,3.907,3.907,3.907,0.60863
2019-12-09 03:45:00,3.907,3.907,3.906,3.907,1077.97263
2019-12-09 03:44:00,3.905,3.905,3.905,3.905,2.32804
2019-12-09 03:43:00,3.905,3.905,3.905,3.905,4.32016
2019-12-09 03:42:00,3.905,3.905,3.905,3.905,3.56428
2019-12-09 03:41:00,3.905,3.905,3.904,3.905,2426.58421
2019-12-09 03:40:00,3.907,3.907,3.905,3.905,1731.64567
2019-12-09 03:39:00,3.908,3.908,3.906,3.906,3537.24844
2019-12-09 03:38:00,3.908,3.908,3.908,3.908,43.08424
2019-12-09 03:37:00,3.908,3.908,3.908,3.908,0.30746
2019-12-09 03:36:00,3.908,3.908,3.908,3.908,0.33107
2019-12-09 03:35:00,3.908,3.908,3.908,3.908,0.229
2019-12-09 03:34:00,3.908,3.908,3.908,3.908,0.16532
2019-12-09 03:33:00,3.908,3.908,3.908,3.908,0.32849
2019-12-09 03:32:00,3.908,3.908,3.908,3.908,1.00628
2019-12-09 03:31:00,3.908,3.908,3.908,3.908,1.09567
2019-12-09 03:30:00,3.907,3.908,3.907,3.908,1117.51063
2019-12-09 03:29:00,3.907,3.907,3.906,3.906,1967.30822
2019-12-09 03:28:00,3.907,3.907,3.906,3.907,928.82611
2019-12-09 03:27:00,3.907,3.907,3.907,3.907,0.23614
2019-12-09 03:26:00,3.908,3.908,3.908,3.908,0
2019-12-09 03:25:00,3.909,3.909,3.908,3.908,536.80263
2019-12-09 03:24:00,3.908,3.908,3.908,3.908,0
2019-12-09 03:23:00,3.908,3.908,3.908,3.908,10
2019-12-09 03:22:00,3.908,3.908,3.908,3.908,0
2019-12-09 03:21:00,3.908,3.908,3.908,3.908,0
2019-12-09 03:20:00,3.907,3.909,3.906,3.908,824.01394
2019-12-09 03:19:00,3.907,3.907,3.906,3.907,2049.07704
2019-12-09 03:18:00,3.91,3.91,3.907,3.907,223.19695
2019-12-09 03:17:00,3.91,3.91,3.91,3.91,100.10245
2019-12-09 03:16:00,3.912,3.912,3.91,3.91,1128.29386
2019-12-09 03:15:00,3.914,3.914,3.914,3.914,0
2019-12-09 03:14:00,3.91,3.914,3.91,3.914,1054.87813
2019-12-09 03:13:00,3.911,3.911,3.91,3.91,930.66212
2019-12-09 03:12:00,3.911,3.911,3.911,3.911,10.75308
2019-12-09 03:11:00,3.912,3.912,3.911,3.911,291.61951
2019-12-09 03:10:00,3.913,3.913,3.912,3.912,14.67685
2019-12-09 03:09:00,3.913,3.913,3.913,3.913,4.98624
2019-12-09 03:08:00,3.913,3.913,3.913,3.913,541.37379
2019-12-09 03:07:00,3.914,3.914,3.913,3.913,3987.14314
2019-12-09 03:06:00,3.916,3.916,3.913,3.913,3649.36535
2019-12-09 03:05:00,3.917,3.918,3.916,3.917,1626.14545
2019-12-09 03:04:00,3.918,3.919,3.917,3.917,4537.60976
2019-12-09 03:03:00,3.919,3.919,3.918,3.918,455.96512
2019-12-09 03:02:00,3.919,3.919,3.919,3.919,55.42996
2019-12-09 03:01:00,3.918,3.919,3.918,3.919,208.84779
2019-12-09 03:00:00,3.918,3.918,3.918,3.918,451.52479
2019-12-09 02:59:00,3.917,3.917,3.917,3.917,0.01
2019-12-09 02:58:00,3.914,3.916,3.914,3.916,4862.78076
2019-12-09 02:57:00,3.915,3.915,3.915,3.915,0
2019-12-09 02:56:00,3.915,3.916,3.915,3.915,262.47356
2019-12-09 02:55:00,3.918,3.918,3.916,3.916,3244.52056
2019-12-09 02:54:00,3.919,3.919,3.919,3.919,2297.66082
2019-12-09 02:53:00,3.92,3.92,3.92,3.92,0
2019-12-09 02:52:00,3.919,3.92,3.918,3.92,852.85119
2019-12-09 02:51:00,3.92,3.92,3.917,3.918,1748.0038
2019-12-09 02:50:00,3.922,3.923,3.92,3.92,921.43268
2019-12-09 02:49:00,3.925,3.925,3.923,3.923,1623.91485
2019-12-09 02:48:00,3.925,3.925,3.925,3.925,675.66672
2019-12-09 02:47:00,3.928,3.928,3.924,3.924,2619.63811
2019-12-09 02:46:00,3.93,3.93,3.928,3.928,867.75899
2019-12-09 02:45:00,3.931,3.931,3.93,3.93,2492.20596
2019-12-09 02:44:00,3.931,3.932,3.931,3.931,670.69552
2019-12-09 02:43:00,3.932,3.932,3.931,3.931,2757.10108
2019-12-09 02:42:00,3.932,3.932,3.93,3.931,5587.41884
2019-12-09 02:41:00,3.932,3.932,3.931,3.932,671.29962
2019-12-09 02:40:00,3.931,3.931,3.931,3.931,237.33269
2019-12-09 02:39:00,3.931,3.931,3.931,3.931,1004.15096
2019-12-09 02:38:00,3.931,3.931,3.93,3.93,1677.90417
2019-12-09 02:37:00,3.932,3.932,3.931,3.931,268.59411
2019-12-09 02:36:00,3.934,3.934,3.933,3.933,3439.14158
2019-12-09 02:35:00,3.937,3.937,3.933,3.933,2259.62454
2019-12-09 02:34:00,3.932,3.937,3.932,3.937,1249.41414
2019-12-09 02:33:00,3.932,3.939,3.929,3.931,11262.59788
2019-12-09 02:32:00,3.926,3.931,3.926,3.931,788.62393
2019-12-09 02:31:00,3.926,3.927,3.926,3.927,1021.1298
2019-12-09 02:30:00,3.926,3.926,3.926,3.926,0
2019-12-09 02:29:00,3.926,3.926,3.926,3.926,0
2019-12-09 02:28:00,3.926,3.926,3.926,3.926,0
2019-12-09 02:27:00,3.926,3.926,3.926,3.926,0
2019-12-09 02:26:00,3.926,3.926,3.926,3.926,0
2019-12-09 02:25:00,3.926,3.926,3.926,3.926,0
2019-12-09 02:24:00,3.926,3.926,3.926,3.926,230.30218
2019-12-09 02:23:00,3.926,3.927,3.926,3.926,1323.2657
2019-12-09 02:22:00,3.928,3.928,3.927,3.928,999.24159
2019-12-09 02:21:00,3.93,3.93,3.93,3.93,672.13262
2019-12-09 02:20:00,3.929,3.93,3.929,3.93,319.10362
2019-12-09 02:19:00,3.927,3.927,3.927,3.927,0
2019-12-09 02:18:00,3.927,3.927,3.927,3.927,184.218
2019-12-09 02:17:00,3.923,3.927,3.923,3.927,775.23861
2019-12-09 02:16:00,3.923,3.923,3.923,3.923,193.2616
2019-12-09 02:15:00,3.923,3.923,3.923,3.923,0
2019-12-09 02:14:00,3.922,3.924,3.922,3.923,2543.43898
2019-12-09 02:13:00,3.923,3.923,3.922,3.922,199.82285
2019-12-09 02:12:00,3.923,3.923,3.923,3.923,2.01626
2019-12-09 02:11:00,3.923,3.924,3.922,3.923,1988.88561
2019-12-09 02:10:00,3.925,3.925,3.922,3.922,1477.60897
2019-12-09 02:09:00,3.925,3.926,3.925,3.925,1294.99003
2019-12-09 02:08:00,3.921,3.924,3.921,3.924,817.64605
2019-12-09 02:07:00,3.921,3.922,3.921,3.921,29.22943
2019-12-09 02:06:00,3.921,3.921,3.921,3.921,2508.29705
2019-12-09 02:05:00,3.92,3.92,3.92,3.92,799.13192
2019-12-09 02:04:00,3.92,3.92,3.919,3.92,1313.47805
2019-12-09 02:03:00,3.919,3.919,3.919,3.919,0.60705
2019-12-09 02:02:00,3.919,3.919,3.919,3.919,0.46825
2019-12-09 02:01:00,3.92,3.92,3.919,3.919,238.16922
2019-12-09 02:00:00,3.919,3.921,3.919,3.921,1480.57109
2019-12-09 01:59:00,3.919,3.919,3.919,3.919,0
2019-12-09 01:58:00,3.919,3.919,3.919,3.919,0
2019-12-09 01:57:00,3.919,3.919,3.919,3.919,0
2019-12-09 01:56:00,3.919,3.919,3.919,3.919,640.99011
2019-12-09 01:55:00,3.919,3.919,3.919,3.919,124.9908
2019-12-09 01:54:00,3.92,3.92,3.92,3.92,940.03009
2019-12-09 01:53:00,3.921,3.921,3.921,3.921,0
2019-12-09 01:52:00,3.921,3.921,3.921,3.921,431.1069
2019-12-09 01:51:00,3.921,3.921,3.921,3.921,1979.76924
2019-12-09 01:50:00,3.925,3.925,3.921,3.921,3190.45437
2019-12-09 01:49:00,3.926,3.926,3.926,3.926,0
2019-12-09 01:48:00,3.926,3.926,3.926,3.926,98.73661
2019-12-09 01:47:00,3.926,3.926,3.926,3.926,1616.93747
2019-12-09 01:46:00,3.926,3.926,3.926,3.926,521.84127
2019-12-09 01:45:00,3.926,3.926,3.926,3.926,446.47256
2019-12-09 01:44:00,3.927,3.927,3.927,3.927,0.30319
2019-12-09 01:43:00,3.927,3.927,3.927,3.927,0.54428
2019-12-09 01:42:00,3.928,3.928,3.927,3.927,204.65116
2019-12-09 01:41:00,3.928,3.928,3.928,3.928,0.79614
2019-12-09 01:40:00,3.928,3.928,3.928,3.928,0.01066
2019-12-09 01:39:00,3.93,3.93,3.926,3.926,989.89886
2019-12-09 01:38:00,3.93,3.93,3.93,3.93,0.18324
2019-12-09 01:37:00,3.927,3.929,3.927,3.929,478.96936
2019-12-09 01:36:00,3.927,3.927,3.927,3.927,452.22871
2019-12-09 01:35:00,3.929,3.929,3.927,3.927,461.96691
2019-12-09 01:34:00,3.929,3.929,3.928,3.928,3969.90626
2019-12-09 01:33:00,3.928,3.929,3.928,3.928,2105.24851
2019-12-09 01:32:00,3.928,3.929,3.928,3.928,2281.5621
2019-12-09 01:31:00,3.926,3.929,3.926,3.929,428.23912
2019-12-09 01:30:00,3.925,3.925,3.925,3.925,0
2019-12-09 01:29:00,3.925,3.925,3.925,3.925,579.4052
2019-12-09 01:28:00,3.925,3.925,3.925,3.925,1395.66052
2019-12-09 01:27:00,3.925,3.925,3.925,3.925,866.4145
2019-12-09 01:26:00,3.925,3.925,3.925,3.925,890.36177
2019-12-09 01:25:00,3.925,3.925,3.925,3.925,535.72914
2019-12-09 01:24:00,3.926,3.926,3.926,3.926,0
2019-12-09 01:23:00,3.927,3.927,3.926,3.926,838.48591
2019-12-09 01:22:00,3.929,3.929,3.927,3.928,2236.95378
2019-12-09 01:21:00,3.929,3.929,3.929,3.929,0
2019-12-09 01:20:00,3.929,3.929,3.929,3.929,0
2019-12-09 01:19:00,3.929,3.929,3.929,3.929,6.01394
2019-12-09 01:18:00,3.928,3.928,3.928,3.928,695.1636
2019-12-09 01:17:00,3.927,3.927,3.927,3.927,0
2019-12-09 01:16:00,3.927,3.927,3.927,3.927,12.70482
2019-12-09 01:15:00,3.927,3.928,3.927,3.928,445.07975
2019-12-09 01:14:00,3.928,3.928,3.927,3.928,3139.98258
2019-12-09 01:13:00,3.928,3.929,3.928,3.928,3.16783
2019-12-09 01:12:00,3.929,3.929,3.927,3.929,1649.99183
2019-12-09 01:11:00,3.929,3.929,3.929,3.929,0.93801
2019-12-09 01:10:00,3.929,3.929,3.929,3.929,1.03772
2019-12-09 01:09:00,3.929,3.929,3.929,3.929,0.88774
2019-12-09 01:08:00,3.929,3.929,3.929,3.929,1.23936
2019-12-09 01:07:00,3.929,3.929,3.929,3.929,2.32176
2019-12-09 01:06:00,3.928,3.929,3.928,3.929,478.0218
2019-12-09 01:05:00,3.928,3.929,3.928,3.928,614.15456
2019-12-09 01:04:00,3.929,3.93,3.928,3.929,1931.86588
2019-12-09 01:03:00,3.928,3.93,3.928,3.928,714.98893
2019-12-09 01:02:00,3.928,3.929,3.928,3.928,348.85085
2019-12-09 01:01:00,3.928,3.928,3.928,3.928,0.06335
2019-12-09 01:00:00,3.929,3.929,3.928,3.928,275.92406
2019-12-09 00:59:00,3.926,3.93,3.926,3.93,565.81008
2019-12-09 00:58:00,3.925,3.925,3.925,3.925,50.95541
2019-12-09 00:57:00,3.924,3.924,3.924,3.924,0
2019-12-09 00:56:00,3.923,3.924,3.923,3.924,13.82687
2019-12-09 00:55:00,3.924,3.924,3.924,3.924,0
2019-12-09 00:54:00,3.924,3.924,3.924,3.924,0
2019-12-09 00:53:00,3.924,3.924,3.924,3.924,0
2019-12-09 00:52:00,3.924,3.924,3.924,3.924,186.86272
2019-12-09 00:51:00,3.925,3.925,3.924,3.924,1579.60485
2019-12-09 00:50:00,3.925,3.925,3.925,3.925,3380.99289
2019-12-09 00:49:00,3.924,3.925,3.924,3.925,5.1008
2019-12-09 00:48:00,3.924,3.924,3.924,3.924,0.10535
2019-12-09 00:47:00,3.925,3.926,3.925,3.926,1044.03485
2019-12-09 00:46:00,3.926,3.926,3.926,3.926,2480.58635
2019-12-09 00:45:00,3.926,3.926,3.926,3.926,2580.7223
2019-12-09 00:44:00,3.925,3.926,3.925,3.926,2760.63528
2019-12-09 00:43:00,3.925,3.926,3.925,3.925,213.17575
2019-12-09 00:42:00,3.927,3.927,3.926,3.926,225.56014
2019-12-09 00:41:00,3.928,3.928,3.928,3.928,0
2019-12-09 00:40:00,3.927,3.928,3.927,3.928,112.03168
2019-12-09 00:39:00,3.927,3.927,3.927,3.927,1.37961
2019-12-09 00:38:00,3.928,3.928,3.928,3.928,14.1445
2019-12-09 00:37:00,3.925,3.929,3.925,3.929,4766.55626
2019-12-09 00:36:00,3.925,3.925,3.924,3.925,763.05042
2019-12-09 00:35:00,3.925,3.925,3.925,3.925,3.66573
2019-12-09 00:34:00,3.927,3.927,3.925,3.925,417.46417
2019-12-09 00:33:00,3.928,3.928,3.927,3.927,2231.52936
2019-12-09 00:32:00,3.929,3.929,3.929,3.929,0
2019-12-09 00:31:00,3.929,3.929,3.929,3.929,0
2019-12-09 00:30:00,3.929,3.929,3.928,3.929,798.69448
2019-12-09 00:29:00,3.929,3.93,3.929,3.929,1667.94659
2019-12-09 00:28:00,3.929,3.93,3.928,3.929,3743.36378
2019-12-09 00:27:00,3.929,3.93,3.929,3.93,891.04508
2019-12-09 00:26:00,3.925,3.93,3.925,3.929,2237.00587
2019-12-09 00:25:00,3.923,3.925,3.923,3.925,1628.35321
2019-12-09 00:24:00,3.922,3.922,3.922,3.922,0
2019-12-09 00:23:00,3.922,3.922,3.922,3.922,34.80462
2019-12-09 00:22:00,3.923,3.923,3.923,3.923,13.10735
2019-12-09 00:21:00,3.923,3.923,3.923,3.923,0
2019-12-09 00:20:00,3.921,3.924,3.921,3.923,543.47693
2019-12-09 00:19:00,3.921,3.922,3.921,3.921,606.25908
2019-12-09 00:18:00,3.924,3.925,3.923,3.923,421.79679
2019-12-09 00:17:00,3.926,3.926,3.925,3.925,458.73002
2019-12-09 00:16:00,3.926,3.926,3.924,3.926,1624.20373
2019-12-09 00:15:00,3.928,3.928,3.926,3.926,3147.98004
2019-12-09 00:14:00,3.929,3.929,3.929,3.929,5.2385
2019-12-09 00:13:00,3.929,3.929,3.928,3.929,11.58938
2019-12-09 00:12:00,3.928,3.929,3.928,3.929,208.0081
2019-12-09 00:11:00,3.928,3.928,3.928,3.928,4.94475
2019-12-09 00:10:00,3.929,3.929,3.927,3.927,131.20049
2019-12-09 00:09:00,3.929,3.929,3.929,3.929,58.90286
2019-12-09 00:08:00,3.928,3.929,3.928,3.929,215.61564
2019-12-09 00:07:00,3.933,3.933,3.928,3.928,2294.3893
2019-12-09 00:06:00,3.928,3.933,3.928,3.933,2555.8509
2019-12-09 00:05:00,3.927,3.928,3.927,3.928,1254.86652
2019-12-09 00:04:00,3.925,3.927,3.925,3.926,1862.77694
2019-12-09 00:03:00,3.929,3.929,3.924,3.924,2265.99003
2019-12-09 00:02:00,3.933,3.933,3.925,3.929,1327.69592
2019-12-09 00:01:00,3.936,3.937,3.933,3.933,3539.00939
2019-12-09 00:00:00,3.932,3.937,3.932,3.936,3993.98102
