2019-12-02 23:59:00,3.856,3.858,3.856,3.858,597.70152
2019-12-02 23:58:00,3.856,3.856,3.856,3.856,1759.51171
2019-12-02 23:57:00,3.861,3.861,3.858,3.858,338.57104
2019-12-02 23:56:00,3.86,3.861,3.86,3.861,10.35545
2019-12-02 23:55:00,3.859,3.86,3.859,3.859,1610.92511
2019-12-02 23:54:00,3.861,3.861,3.86,3.86,115.68477
2019-12-02 23:53:00,3.861,3.861,3.86,3.861,2076.39887
2019-12-02 23:52:00,3.86,3.861,3.86,3.861,1467.73769
2019-12-02 23:51:00,3.858,3.861,3.858,3.86,3211.97219
2019-12-02 23:50:00,3.858,3.86,3.855,3.858,6201.74245
2019-12-02 23:49:00,3.855,3.858,3.855,3.858,1007.34331
2019-12-02 23:48:00,3.86,3.86,3.851,3.852,2065.44888
2019-12-02 23:47:00,3.858,3.861,3.858,3.861,706.56367
2019-12-02 23:46:00,3.861,3.861,3.857,3.857,2409.47117
2019-12-02 23:45:00,3.861,3.862,3.86,3.862,982.50937
2019-12-02 23:44:00,3.857,3.862,3.857,3.859,2273.78245
2019-12-02 23:43:00,3.85,3.857,3.85,3.857,1619.37525
2019-12-02 23:42:00,3.849,3.849,3.849,3.849,8.38907
2019-12-02 23:41:00,3.849,3.85,3.848,3.849,905.2804
2019-12-02 23:40:00,3.847,3.849,3.847,3.849,1271.90537
2019-12-02 23:39:00,3.846,3.848,3.846,3.847,2080.74153
2019-12-02 23:38:00,3.846,3.85,3.846,3.847,3052.59589
2019-12-02 23:37:00,3.843,3.846,3.843,3.845,2154.26078
2019-12-02 23:36:00,3.842,3.844,3.842,3.843,1702.41451
2019-12-02 23:35:00,3.839,3.844,3.839,3.844,1812.18707
2019-12-02 23:34:00,3.839,3.839,3.838,3.839,718.04272
2019-12-02 23:33:00,3.839,3.839,3.838,3.838,1872.66952
2019-12-02 23:32:00,3.839,3.839,3.838,3.839,2.45568
2019-12-02 23:31:00,3.837,3.839,3.837,3.839,1467.25352
2019-12-02 23:30:00,3.836,3.836,3.836,3.836,0
2019-12-02 23:29:00,3.838,3.838,3.836,3.836,1134.71252
2019-12-02 23:28:00,3.84,3.841,3.838,3.838,628.43569
2019-12-02 23:27:00,3.845,3.846,3.838,3.838,7479.8616
2019-12-02 23:26:00,3.846,3.846,3.845,3.845,3646.32505
2019-12-02 23:25:00,3.846,3.846,3.845,3.845,4.12403
2019-12-02 23:24:00,3.847,3.847,3.847,3.847,1039.44892
2019-12-02 23:23:00,3.848,3.848,3.847,3.847,657.13081
2019-12-02 23:22:00,3.848,3.852,3.845,3.849,981.09188
2019-12-02 23:21:00,3.845,3.851,3.845,3.848,4916.75812
2019-12-02 23:20:00,3.844,3.845,3.844,3.845,6.32043
2019-12-02 23:19:00,3.844,3.847,3.843,3.843,1737.81904
2019-12-02 23:18:00,3.842,3.843,3.842,3.843,1298.17717
2019-12-02 23:17:00,3.842,3.842,3.841,3.842,75.51364
2019-12-02 23:16:00,3.842,3.842,3.842,3.842,127.48415
2019-12-02 23:15:00,3.843,3.843,3.842,3.842,261.47875
2019-12-02 23:14:00,3.842,3.842,3.842,3.842,9.37495
2019-12-02 23:13:00,3.844,3.846,3.843,3.843,1855.66957
2019-12-02 23:12:00,3.846,3.847,3.844,3.844,2405.49191
2019-12-02 23:11:00,3.848,3.849,3.847,3.847,1285.1028
2019-12-02 23:10:00,3.846,3.848,3.846,3.848,1715.55012
2019-12-02 23:09:00,3.846,3.848,3.846,3.846,797.51284
2019-12-02 23:08:00,3.844,3.848,3.844,3.848,1076.34477
2019-12-02 23:07:00,3.845,3.845,3.844,3.844,338.59804
2019-12-02 23:06:00,3.844,3.846,3.844,3.845,1645.38359
2019-12-02 23:05:00,3.838,3.845,3.838,3.845,3240.04714
2019-12-02 23:04:00,3.835,3.837,3.835,3.837,779.11484
2019-12-02 23:03:00,3.837,3.837,3.835,3.835,2355.79701
2019-12-02 23:02:00,3.833,3.838,3.833,3.838,951.19755
2019-12-02 23:01:00,3.841,3.841,3.834,3.834,2762.97313
2019-12-02 23:00:00,3.841,3.841,3.841,3.841,220.92183
2019-12-02 22:59:00,3.838,3.843,3.838,3.842,1975.15681
2019-12-02 22:58:00,3.84,3.84,3.839,3.839,773.00467
2019-12-02 22:57:00,3.839,3.839,3.839,3.839,8.08795
2019-12-02 22:56:00,3.845,3.846,3.84,3.84,3771.09122
2019-12-02 22:55:00,3.844,3.848,3.843,3.844,1629.39638
2019-12-02 22:54:00,3.838,3.844,3.838,3.844,2314.11077
2019-12-02 22:53:00,3.839,3.839,3.838,3.838,761.48603
2019-12-02 22:52:00,3.832,3.84,3.832,3.84,2242.68698
2019-12-02 22:51:00,3.832,3.836,3.831,3.832,2513.92645
2019-12-02 22:50:00,3.839,3.839,3.832,3.833,221.97205
2019-12-02 22:49:00,3.837,3.839,3.837,3.839,1238.20207
2019-12-02 22:48:00,3.838,3.838,3.837,3.837,2146.32017
2019-12-02 22:47:00,3.841,3.841,3.839,3.839,10.57233
2019-12-02 22:46:00,3.841,3.842,3.841,3.842,2034.80193
2019-12-02 22:45:00,3.841,3.842,3.84,3.84,2396.67071
2019-12-02 22:44:00,3.836,3.841,3.836,3.841,1893.30611
2019-12-02 22:43:00,3.837,3.838,3.836,3.836,2282.3256
2019-12-02 22:42:00,3.838,3.839,3.838,3.838,548.39481
2019-12-02 22:41:00,3.837,3.837,3.835,3.837,2732.84085
2019-12-02 22:40:00,3.841,3.841,3.834,3.837,6907.37754
2019-12-02 22:39:00,3.846,3.847,3.837,3.842,3303.38641
2019-12-02 22:38:00,3.848,3.849,3.847,3.847,2405.42084
2019-12-02 22:37:00,3.853,3.853,3.847,3.849,4438.44365
2019-12-02 22:36:00,3.854,3.854,3.854,3.854,1321.84219
2019-12-02 22:35:00,3.855,3.855,3.854,3.854,821.46221
2019-12-02 22:34:00,3.849,3.854,3.849,3.854,1769.705
2019-12-02 22:33:00,3.85,3.85,3.849,3.85,2887.73924
2019-12-02 22:32:00,3.846,3.85,3.846,3.85,249.57922
2019-12-02 22:31:00,3.848,3.848,3.846,3.846,739.00119
2019-12-02 22:30:00,3.847,3.849,3.847,3.847,582.69492
2019-12-02 22:29:00,3.846,3.848,3.845,3.847,4229.14768
2019-12-02 22:28:00,3.848,3.848,3.845,3.847,1860.55011
2019-12-02 22:27:00,3.85,3.85,3.847,3.848,932.34387
2019-12-02 22:26:00,3.852,3.852,3.851,3.851,554.0099
2019-12-02 22:25:00,3.856,3.857,3.852,3.852,2796.08169
2019-12-02 22:24:00,3.849,3.854,3.849,3.854,270.50252
2019-12-02 22:23:00,3.847,3.849,3.847,3.849,931.50723
2019-12-02 22:22:00,3.847,3.847,3.842,3.845,4812.24861
2019-12-02 22:21:00,3.848,3.849,3.848,3.849,146.04978
2019-12-02 22:20:00,3.849,3.851,3.848,3.848,459.79882
2019-12-02 22:19:00,3.849,3.851,3.849,3.849,1475.16611
2019-12-02 22:18:00,3.856,3.856,3.847,3.849,12274.74014
2019-12-02 22:17:00,3.856,3.858,3.854,3.856,2300.83689
2019-12-02 22:16:00,3.861,3.862,3.856,3.856,1050.62422
2019-12-02 22:15:00,3.859,3.86,3.858,3.86,2824.64275
2019-12-02 22:14:00,3.871,3.871,3.859,3.861,3938.02692
2019-12-02 22:13:00,3.877,3.877,3.867,3.873,9177.10914
2019-12-02 22:12:00,3.866,3.875,3.864,3.875,3718.85393
2019-12-02 22:11:00,3.855,3.873,3.854,3.867,6166.71302
2019-12-02 22:10:00,3.843,3.859,3.843,3.854,3993.0548
2019-12-02 22:09:00,3.842,3.847,3.84,3.843,1397.03402
2019-12-02 22:08:00,3.84,3.842,3.84,3.842,768.8531
2019-12-02 22:07:00,3.842,3.842,3.835,3.839,6778.80125
2019-12-02 22:06:00,3.838,3.843,3.837,3.842,4631.16954
2019-12-02 22:05:00,3.843,3.845,3.827,3.839,8614.20183
2019-12-02 22:04:00,3.854,3.854,3.84,3.843,7474.45896
2019-12-02 22:03:00,3.864,3.864,3.855,3.855,4986.85334
2019-12-02 22:02:00,3.863,3.864,3.863,3.864,669.13473
2019-12-02 22:01:00,3.864,3.864,3.863,3.864,602.88044
2019-12-02 22:00:00,3.867,3.867,3.866,3.866,1903.72719
2019-12-02 21:59:00,3.868,3.868,3.867,3.867,636.48806
2019-12-02 21:58:00,3.864,3.868,3.864,3.868,994.11009
2019-12-02 21:57:00,3.864,3.864,3.863,3.863,992.11495
2019-12-02 21:56:00,3.863,3.863,3.863,3.863,429.5369
2019-12-02 21:55:00,3.862,3.862,3.862,3.862,2
2019-12-02 21:54:00,3.862,3.862,3.862,3.862,1181.50688
2019-12-02 21:53:00,3.863,3.863,3.86,3.86,3429.2151
2019-12-02 21:52:00,3.865,3.865,3.863,3.863,412.52726
2019-12-02 21:51:00,3.865,3.865,3.865,3.865,257.92278
2019-12-02 21:50:00,3.866,3.866,3.866,3.866,0
2019-12-02 21:49:00,3.865,3.866,3.865,3.866,487.524
2019-12-02 21:48:00,3.866,3.866,3.866,3.866,0
2019-12-02 21:47:00,3.866,3.866,3.866,3.866,1072.52576
2019-12-02 21:46:00,3.869,3.869,3.866,3.866,2985.29059
2019-12-02 21:45:00,3.869,3.871,3.869,3.871,437.73687
2019-12-02 21:44:00,3.872,3.872,3.871,3.871,226.77259
2019-12-02 21:43:00,3.872,3.872,3.871,3.872,185.879
2019-12-02 21:42:00,3.872,3.872,3.872,3.872,1020.81306
2019-12-02 21:41:00,3.874,3.874,3.873,3.873,536.82727
2019-12-02 21:40:00,3.878,3.878,3.875,3.875,1687.00287
2019-12-02 21:39:00,3.877,3.879,3.876,3.879,2049.23172
2019-12-02 21:38:00,3.883,3.883,3.877,3.877,1143.73048
2019-12-02 21:37:00,3.885,3.886,3.881,3.882,1788.29434
2019-12-02 21:36:00,3.884,3.885,3.884,3.885,1068.52352
2019-12-02 21:35:00,3.886,3.887,3.885,3.885,110.42761
2019-12-02 21:34:00,3.885,3.886,3.885,3.886,1060.83997
2019-12-02 21:33:00,3.886,3.886,3.883,3.885,374.89361
2019-12-02 21:32:00,3.881,3.886,3.88,3.885,2988.44053
2019-12-02 21:31:00,3.877,3.884,3.877,3.882,2401.2831
2019-12-02 21:30:00,3.879,3.879,3.877,3.877,919.8714
2019-12-02 21:29:00,3.873,3.876,3.873,3.876,417.85105
2019-12-02 21:28:00,3.868,3.873,3.868,3.873,2244.88098
2019-12-02 21:27:00,3.866,3.87,3.866,3.867,2078.98146
2019-12-02 21:26:00,3.864,3.865,3.864,3.865,837.64
2019-12-02 21:25:00,3.865,3.865,3.864,3.864,540.62681
2019-12-02 21:24:00,3.865,3.865,3.865,3.865,2515.62718
2019-12-02 21:23:00,3.865,3.866,3.865,3.866,450.68414
2019-12-02 21:22:00,3.865,3.865,3.865,3.865,0
2019-12-02 21:21:00,3.866,3.867,3.865,3.865,715.47142
2019-12-02 21:20:00,3.865,3.867,3.865,3.867,1351.51103
2019-12-02 21:19:00,3.865,3.866,3.865,3.866,1734.3126
2019-12-02 21:18:00,3.866,3.868,3.866,3.867,4174.81737
2019-12-02 21:17:00,3.862,3.865,3.862,3.865,5133.38305
2019-12-02 21:16:00,3.86,3.865,3.86,3.862,2063.23101
2019-12-02 21:15:00,3.862,3.862,3.86,3.86,2139.00742
2019-12-02 21:14:00,3.858,3.863,3.858,3.862,2049.80027
2019-12-02 21:13:00,3.858,3.858,3.858,3.858,0
2019-12-02 21:12:00,3.858,3.858,3.858,3.858,16.8834
2019-12-02 21:11:00,3.857,3.857,3.857,3.857,0.48023
2019-12-02 21:10:00,3.858,3.858,3.854,3.857,1077.3581
2019-12-02 21:09:00,3.858,3.858,3.857,3.858,1202.8259
2019-12-02 21:08:00,3.858,3.858,3.858,3.858,44.06654
2019-12-02 21:07:00,3.858,3.859,3.857,3.857,70.37817
2019-12-02 21:06:00,3.859,3.859,3.858,3.858,3250.48712
2019-12-02 21:05:00,3.866,3.866,3.862,3.862,336.11127
2019-12-02 21:04:00,3.865,3.866,3.865,3.866,2474.09862
2019-12-02 21:03:00,3.866,3.867,3.866,3.866,210.80993
2019-12-02 21:02:00,3.869,3.869,3.867,3.867,554.66999
2019-12-02 21:01:00,3.87,3.87,3.87,3.87,717.81464
2019-12-02 21:00:00,3.868,3.872,3.868,3.87,2407.24146
2019-12-02 20:59:00,3.867,3.871,3.867,3.867,3235.53566
2019-12-02 20:58:00,3.868,3.868,3.867,3.867,1498.30737
2019-12-02 20:57:00,3.866,3.869,3.866,3.868,1988.25999
2019-12-02 20:56:00,3.866,3.866,3.866,3.866,672.91909
2019-12-02 20:55:00,3.867,3.867,3.866,3.867,957.62956
2019-12-02 20:54:00,3.872,3.873,3.866,3.867,3827.20634
2019-12-02 20:53:00,3.874,3.874,3.871,3.871,5208.4841
2019-12-02 20:52:00,3.864,3.877,3.864,3.875,4285.99145
2019-12-02 20:51:00,3.86,3.864,3.86,3.864,1287.25938
2019-12-02 20:50:00,3.858,3.859,3.858,3.859,1005.19725
2019-12-02 20:49:00,3.855,3.858,3.855,3.858,1632.47179
2019-12-02 20:48:00,3.857,3.857,3.853,3.855,3562.42824
2019-12-02 20:47:00,3.858,3.859,3.858,3.859,10.51931
2019-12-02 20:46:00,3.861,3.861,3.857,3.858,3777.3951
2019-12-02 20:45:00,3.864,3.864,3.862,3.862,3175.7769
2019-12-02 20:44:00,3.862,3.866,3.861,3.864,2473.21889
2019-12-02 20:43:00,3.86,3.863,3.86,3.862,3325.68525
2019-12-02 20:42:00,3.855,3.863,3.855,3.861,5484.33648
2019-12-02 20:41:00,3.853,3.856,3.853,3.855,1129.22964
2019-12-02 20:40:00,3.857,3.857,3.853,3.853,451.16907
2019-12-02 20:39:00,3.857,3.858,3.856,3.856,2407.6057
2019-12-02 20:38:00,3.847,3.856,3.847,3.856,2800.26457
2019-12-02 20:37:00,3.841,3.846,3.841,3.846,2953.15444
2019-12-02 20:36:00,3.841,3.841,3.838,3.84,496.14694
2019-12-02 20:35:00,3.837,3.841,3.837,3.841,825.44869
2019-12-02 20:34:00,3.834,3.838,3.834,3.838,705.4397
2019-12-02 20:33:00,3.837,3.837,3.835,3.835,1361.97529
2019-12-02 20:32:00,3.833,3.837,3.833,3.837,3079.02096
2019-12-02 20:31:00,3.832,3.833,3.832,3.833,177.2058
2019-12-02 20:30:00,3.835,3.835,3.832,3.832,1559.86859
2019-12-02 20:29:00,3.837,3.837,3.833,3.835,2460.11144
2019-12-02 20:28:00,3.836,3.839,3.835,3.837,1298.14483
2019-12-02 20:27:00,3.838,3.838,3.835,3.836,2052.99343
2019-12-02 20:26:00,3.84,3.841,3.839,3.839,1141.09503
2019-12-02 20:25:00,3.843,3.843,3.84,3.84,487.17747
2019-12-02 20:24:00,3.845,3.845,3.843,3.843,956.33272
2019-12-02 20:23:00,3.844,3.845,3.844,3.845,778.55322
2019-12-02 20:22:00,3.84,3.844,3.84,3.844,2202.20617
2019-12-02 20:21:00,3.841,3.841,3.839,3.839,1228.48914
2019-12-02 20:20:00,3.843,3.843,3.842,3.842,363.56741
2019-12-02 20:19:00,3.839,3.845,3.839,3.843,4526.66656
2019-12-02 20:18:00,3.833,3.839,3.833,3.839,1204.06541
2019-12-02 20:17:00,3.834,3.834,3.83,3.833,1148.83956
2019-12-02 20:16:00,3.837,3.837,3.835,3.835,2617.45041
2019-12-02 20:15:00,3.838,3.838,3.837,3.837,1464.95373
2019-12-02 20:14:00,3.839,3.839,3.837,3.838,326.7236
2019-12-02 20:13:00,3.839,3.839,3.839,3.839,661.06327
2019-12-02 20:12:00,3.838,3.841,3.838,3.84,790.98398
2019-12-02 20:11:00,3.835,3.839,3.834,3.838,2428.72354
2019-12-02 20:10:00,3.832,3.838,3.83,3.835,7725.21526
2019-12-02 20:09:00,3.845,3.845,3.83,3.832,5406.69921
2019-12-02 20:08:00,3.845,3.846,3.845,3.846,1180.93413
2019-12-02 20:07:00,3.846,3.846,3.844,3.845,2524.35511
2019-12-02 20:06:00,3.846,3.847,3.845,3.845,750.30968
2019-12-02 20:05:00,3.849,3.85,3.847,3.847,805.27805
2019-12-02 20:04:00,3.85,3.851,3.849,3.849,1678.78993
2019-12-02 20:03:00,3.852,3.852,3.85,3.85,198.02842
2019-12-02 20:02:00,3.851,3.853,3.851,3.853,2841.57364
2019-12-02 20:01:00,3.856,3.856,3.851,3.851,2742.62872
2019-12-02 20:00:00,3.86,3.86,3.856,3.856,1117.28997
2019-12-02 19:59:00,3.86,3.86,3.859,3.86,504.771
2019-12-02 19:58:00,3.86,3.86,3.86,3.86,7.06123
2019-12-02 19:57:00,3.859,3.859,3.859,3.859,1126.96641
2019-12-02 19:56:00,3.858,3.861,3.857,3.859,1455.74386
2019-12-02 19:55:00,3.858,3.858,3.857,3.857,250.56925
2019-12-02 19:54:00,3.861,3.861,3.86,3.86,160.37441
2019-12-02 19:53:00,3.861,3.862,3.861,3.862,1246.33217
2019-12-02 19:52:00,3.864,3.864,3.862,3.863,1035.41958
2019-12-02 19:51:00,3.858,3.863,3.858,3.863,805.97894
2019-12-02 19:50:00,3.857,3.857,3.857,3.857,226.11188
2019-12-02 19:49:00,3.856,3.856,3.856,3.856,197.13106
2019-12-02 19:48:00,3.855,3.855,3.855,3.855,173.35761
2019-12-02 19:47:00,3.852,3.854,3.852,3.854,1058.73096
2019-12-02 19:46:00,3.854,3.854,3.853,3.853,289.6196
2019-12-02 19:45:00,3.85,3.854,3.85,3.854,2200.09004
2019-12-02 19:44:00,3.851,3.851,3.85,3.85,4.19965
2019-12-02 19:43:00,3.853,3.854,3.851,3.851,1314.35162
2019-12-02 19:42:00,3.85,3.853,3.85,3.853,5590.24649
2019-12-02 19:41:00,3.851,3.854,3.85,3.851,1007.22309
2019-12-02 19:40:00,3.85,3.852,3.848,3.852,1414.08245
2019-12-02 19:39:00,3.851,3.853,3.851,3.851,697.92166
2019-12-02 19:38:00,3.848,3.852,3.848,3.851,2293.63456
2019-12-02 19:37:00,3.857,3.857,3.849,3.849,1633.66143
2019-12-02 19:36:00,3.856,3.856,3.855,3.856,2387.88256
2019-12-02 19:35:00,3.857,3.858,3.856,3.856,1260.81797
2019-12-02 19:34:00,3.858,3.858,3.856,3.856,545.41692
2019-12-02 19:33:00,3.857,3.859,3.857,3.859,1135.02754
2019-12-02 19:32:00,3.854,3.859,3.854,3.855,1195.08763
2019-12-02 19:31:00,3.854,3.854,3.854,3.854,100.06145
2019-12-02 19:30:00,3.853,3.854,3.853,3.854,416.90628
2019-12-02 19:29:00,3.852,3.854,3.852,3.854,495.15911
2019-12-02 19:28:00,3.851,3.851,3.847,3.851,1556.65053
2019-12-02 19:27:00,3.852,3.852,3.849,3.85,1203.39179
2019-12-02 19:26:00,3.852,3.852,3.851,3.852,1081.74498
2019-12-02 19:25:00,3.854,3.854,3.852,3.854,269.21339
2019-12-02 19:24:00,3.853,3.856,3.853,3.854,292.31445
2019-12-02 19:23:00,3.854,3.855,3.854,3.854,754.57957
2019-12-02 19:22:00,3.861,3.861,3.854,3.854,4704.15786
2019-12-02 19:21:00,3.859,3.864,3.859,3.862,932.95672
2019-12-02 19:20:00,3.859,3.859,3.859,3.859,0.40049
2019-12-02 19:19:00,3.862,3.862,3.857,3.859,599.32666
2019-12-02 19:18:00,3.86,3.862,3.86,3.862,2807.22473
2019-12-02 19:17:00,3.857,3.86,3.857,3.859,1051.0672
2019-12-02 19:16:00,3.852,3.858,3.852,3.856,2564.80365
2019-12-02 19:15:00,3.849,3.851,3.849,3.851,255.16892
2019-12-02 19:14:00,3.846,3.847,3.846,3.847,2491.23295
2019-12-02 19:13:00,3.846,3.847,3.843,3.847,1830.75293
2019-12-02 19:12:00,3.85,3.85,3.846,3.846,2741.32994
2019-12-02 19:11:00,3.852,3.852,3.849,3.852,3061.46923
2019-12-02 19:10:00,3.849,3.853,3.849,3.852,459.97158
2019-12-02 19:09:00,3.847,3.849,3.847,3.849,559.69876
2019-12-02 19:08:00,3.844,3.846,3.844,3.846,1582.53859
2019-12-02 19:07:00,3.843,3.844,3.841,3.844,3719.3552
2019-12-02 19:06:00,3.84,3.843,3.84,3.842,1468.60384
2019-12-02 19:05:00,3.84,3.841,3.839,3.839,2288.79447
2019-12-02 19:04:00,3.839,3.84,3.839,3.84,1052.09959
2019-12-02 19:03:00,3.843,3.843,3.839,3.84,2448.73721
2019-12-02 19:02:00,3.846,3.846,3.842,3.844,3273.1198
2019-12-02 19:01:00,3.846,3.848,3.844,3.847,2906.51258
2019-12-02 19:00:00,3.852,3.852,3.846,3.847,2007.3756
2019-12-02 18:59:00,3.851,3.851,3.851,3.851,9.52296
2019-12-02 18:58:00,3.853,3.853,3.851,3.851,1860.3792
2019-12-02 18:57:00,3.855,3.856,3.854,3.854,2354.31893
2019-12-02 18:56:00,3.853,3.855,3.85,3.855,4462.36092
2019-12-02 18:55:00,3.849,3.854,3.847,3.853,2782.1078
2019-12-02 18:54:00,3.847,3.848,3.842,3.848,4863.4871
2019-12-02 18:53:00,3.846,3.849,3.846,3.848,2420.2816
2019-12-02 18:52:00,3.849,3.851,3.842,3.847,3695.9642
2019-12-02 18:51:00,3.857,3.857,3.849,3.849,5989.80509
2019-12-02 18:50:00,3.862,3.862,3.857,3.857,2016.72312
2019-12-02 18:49:00,3.862,3.862,3.861,3.862,513.37029
2019-12-02 18:48:00,3.863,3.865,3.862,3.862,1087.3273
2019-12-02 18:47:00,3.866,3.866,3.861,3.864,2145.2605
2019-12-02 18:46:00,3.867,3.867,3.865,3.865,193.99797
2019-12-02 18:45:00,3.869,3.869,3.859,3.866,8063.13667
2019-12-02 18:44:00,3.864,3.87,3.864,3.869,3200.65335
2019-12-02 18:43:00,3.866,3.866,3.864,3.864,2629.57078
2019-12-02 18:42:00,3.866,3.866,3.863,3.864,551.74824
2019-12-02 18:41:00,3.865,3.865,3.862,3.865,2299.40773
2019-12-02 18:40:00,3.867,3.867,3.866,3.866,318.20886
2019-12-02 18:39:00,3.871,3.871,3.867,3.868,941.35591
2019-12-02 18:38:00,3.874,3.874,3.87,3.871,2087.39442
2019-12-02 18:37:00,3.872,3.875,3.871,3.874,721.48071
2019-12-02 18:36:00,3.874,3.875,3.872,3.872,854.30496
2019-12-02 18:35:00,3.87,3.874,3.869,3.873,5989.04501
2019-12-02 18:34:00,3.874,3.874,3.87,3.87,3163.04682
2019-12-02 18:33:00,3.876,3.876,3.875,3.875,3947.40589
2019-12-02 18:32:00,3.873,3.877,3.873,3.876,3714.10282
2019-12-02 18:31:00,3.877,3.877,3.876,3.876,366.72597
2019-12-02 18:30:00,3.881,3.881,3.877,3.878,1624.5451
2019-12-02 18:29:00,3.882,3.883,3.882,3.882,2374.13585
2019-12-02 18:28:00,3.883,3.883,3.88,3.882,621.67395
2019-12-02 18:27:00,3.879,3.883,3.879,3.883,2346.19412
2019-12-02 18:26:00,3.877,3.879,3.877,3.878,488.73311
2019-12-02 18:25:00,3.88,3.88,3.879,3.879,673.79423
2019-12-02 18:24:00,3.881,3.881,3.879,3.88,1145.93256
2019-12-02 18:23:00,3.882,3.884,3.882,3.882,812.03234
2019-12-02 18:22:00,3.878,3.884,3.878,3.882,3393.34788
2019-12-02 18:21:00,3.88,3.88,3.875,3.879,3905.1328
2019-12-02 18:20:00,3.876,3.88,3.875,3.879,1731.96116
2019-12-02 18:19:00,3.883,3.884,3.872,3.878,7051.86789
2019-12-02 18:18:00,3.876,3.884,3.872,3.884,4261.55033
2019-12-02 18:17:00,3.887,3.888,3.872,3.875,6372.96826
2019-12-02 18:16:00,3.893,3.893,3.883,3.887,22445.43901
2019-12-02 18:15:00,3.875,3.893,3.874,3.893,12144.62798
2019-12-02 18:14:00,3.875,3.875,3.874,3.875,2090.07219
2019-12-02 18:13:00,3.875,3.876,3.875,3.875,867.41584
2019-12-02 18:12:00,3.881,3.881,3.874,3.875,1768.03867
2019-12-02 18:11:00,3.879,3.883,3.878,3.881,2192.33658
2019-12-02 18:10:00,3.879,3.88,3.876,3.878,1703.12971
2019-12-02 18:09:00,3.879,3.88,3.878,3.879,1621.12484
2019-12-02 18:08:00,3.878,3.879,3.878,3.879,432.43884
2019-12-02 18:07:00,3.876,3.878,3.876,3.878,2803.07685
2019-12-02 18:06:00,3.873,3.88,3.873,3.877,4265.38402
2019-12-02 18:05:00,3.874,3.874,3.872,3.872,938.06272
2019-12-02 18:04:00,3.865,3.873,3.865,3.873,2867.86421
2019-12-02 18:03:00,3.861,3.864,3.859,3.864,3193.4451
2019-12-02 18:02:00,3.857,3.858,3.857,3.858,566.9798
2019-12-02 18:01:00,3.857,3.858,3.857,3.857,766.83326
2019-12-02 18:00:00,3.862,3.862,3.856,3.856,2144.91513
2019-12-02 17:59:00,3.867,3.867,3.861,3.863,1428.72622
2019-12-02 17:58:00,3.869,3.869,3.864,3.864,2873.25589
2019-12-02 17:57:00,3.869,3.87,3.869,3.87,3374.75175
2019-12-02 17:56:00,3.87,3.87,3.87,3.87,943.94686
2019-12-02 17:55:00,3.871,3.871,3.871,3.871,483.09984
2019-12-02 17:54:00,3.874,3.874,3.868,3.871,2763.9225
2019-12-02 17:53:00,3.875,3.875,3.873,3.875,1029.87297
2019-12-02 17:52:00,3.876,3.876,3.873,3.873,1577.32105
2019-12-02 17:51:00,3.878,3.878,3.873,3.875,1641.8948
2019-12-02 17:50:00,3.872,3.878,3.872,3.878,6249.48522
2019-12-02 17:49:00,3.873,3.873,3.87,3.872,4215.50905
2019-12-02 17:48:00,3.875,3.875,3.873,3.874,2655.58303
2019-12-02 17:47:00,3.875,3.877,3.875,3.875,2433.94124
2019-12-02 17:46:00,3.874,3.875,3.873,3.875,1677.70026
2019-12-02 17:45:00,3.881,3.881,3.875,3.875,474.93535
2019-12-02 17:44:00,3.88,3.882,3.88,3.881,1872.04886
2019-12-02 17:43:00,3.879,3.881,3.879,3.881,622.51991
2019-12-02 17:42:00,3.881,3.881,3.879,3.879,2110.39101
2019-12-02 17:41:00,3.879,3.88,3.879,3.88,2255.7799
2019-12-02 17:40:00,3.878,3.88,3.878,3.88,1818.16735
2019-12-02 17:39:00,3.88,3.881,3.879,3.879,3329.4189
2019-12-02 17:38:00,3.885,3.885,3.88,3.881,876.28997
2019-12-02 17:37:00,3.884,3.886,3.884,3.886,524.44101
2019-12-02 17:36:00,3.88,3.885,3.88,3.885,876.34683
2019-12-02 17:35:00,3.883,3.886,3.88,3.88,2010.86363
2019-12-02 17:34:00,3.88,3.887,3.88,3.883,3082.58678
2019-12-02 17:33:00,3.88,3.881,3.875,3.879,4745.73762
2019-12-02 17:32:00,3.879,3.881,3.878,3.879,751.61431
2019-12-02 17:31:00,3.867,3.882,3.866,3.878,2406.31317
2019-12-02 17:30:00,3.858,3.867,3.856,3.867,3531.50179
2019-12-02 17:29:00,3.857,3.858,3.855,3.858,3377.86494
2019-12-02 17:28:00,3.863,3.863,3.859,3.859,1210.92185
2019-12-02 17:27:00,3.859,3.864,3.859,3.862,2147.84878
2019-12-02 17:26:00,3.858,3.859,3.858,3.858,2915.30724
2019-12-02 17:25:00,3.866,3.87,3.858,3.858,2976.07728
2019-12-02 17:24:00,3.869,3.869,3.863,3.866,2481.74696
2019-12-02 17:23:00,3.872,3.873,3.868,3.87,1526.2048
2019-12-02 17:22:00,3.877,3.878,3.871,3.874,2372.47599
2019-12-02 17:21:00,3.88,3.882,3.876,3.879,8593.13178
2019-12-02 17:20:00,3.868,3.884,3.868,3.879,7332.37597
2019-12-02 17:19:00,3.861,3.869,3.86,3.868,8038.811
2019-12-02 17:18:00,3.856,3.86,3.856,3.859,2938.64767
2019-12-02 17:17:00,3.855,3.855,3.855,3.855,2310.64166
2019-12-02 17:16:00,3.85,3.855,3.85,3.855,1861.23355
2019-12-02 17:15:00,3.849,3.85,3.847,3.85,2777.87329
2019-12-02 17:14:00,3.85,3.851,3.849,3.85,2260.67765
2019-12-02 17:13:00,3.851,3.851,3.851,3.851,9.99765
2019-12-02 17:12:00,3.847,3.851,3.845,3.85,6595.87815
2019-12-02 17:11:00,3.836,3.847,3.835,3.847,19827.12596
2019-12-02 17:10:00,3.836,3.837,3.835,3.836,754.7164
2019-12-02 17:09:00,3.834,3.838,3.834,3.837,4335.62499
2019-12-02 17:08:00,3.834,3.834,3.834,3.834,67.17242
2019-12-02 17:07:00,3.836,3.837,3.835,3.835,495.54124
2019-12-02 17:06:00,3.838,3.838,3.837,3.837,598.57966
2019-12-02 17:05:00,3.837,3.839,3.837,3.839,907.15509
2019-12-02 17:04:00,3.836,3.839,3.835,3.838,1756.94992
2019-12-02 17:03:00,3.838,3.838,3.836,3.837,2380.18221
2019-12-02 17:02:00,3.836,3.841,3.836,3.84,1855.57187
2019-12-02 17:01:00,3.833,3.836,3.833,3.836,326.49789
2019-12-02 17:00:00,3.832,3.833,3.832,3.832,2520.93207
2019-12-02 16:59:00,3.836,3.836,3.833,3.833,992.37437
2019-12-02 16:58:00,3.837,3.837,3.836,3.836,1128.9484
2019-12-02 16:57:00,3.836,3.837,3.836,3.837,1194.7868
2019-12-02 16:56:00,3.841,3.841,3.836,3.837,2375.10668
2019-12-02 16:55:00,3.844,3.844,3.843,3.843,1002.08351
2019-12-02 16:54:00,3.843,3.843,3.843,3.843,1560.85491
2019-12-02 16:53:00,3.843,3.843,3.842,3.843,873.52886
2019-12-02 16:52:00,3.84,3.843,3.84,3.842,633.19076
2019-12-02 16:51:00,3.837,3.839,3.837,3.839,433.1977
2019-12-02 16:50:00,3.837,3.837,3.835,3.836,1119.40439
2019-12-02 16:49:00,3.834,3.835,3.834,3.835,1036.77435
2019-12-02 16:48:00,3.83,3.833,3.83,3.833,1345.64148
2019-12-02 16:47:00,3.829,3.829,3.829,3.829,7.21933
2019-12-02 16:46:00,3.824,3.827,3.824,3.827,817.05798
2019-12-02 16:45:00,3.822,3.824,3.821,3.824,838.62141
2019-12-02 16:44:00,3.823,3.823,3.821,3.822,1570.08939
2019-12-02 16:43:00,3.819,3.825,3.819,3.824,2405.28619
2019-12-02 16:42:00,3.818,3.822,3.818,3.822,1477.24458
2019-12-02 16:41:00,3.818,3.82,3.816,3.818,5308.73898
2019-12-02 16:40:00,3.82,3.82,3.817,3.818,1417.61682
2019-12-02 16:39:00,3.819,3.823,3.819,3.822,1493.87981
2019-12-02 16:38:00,3.824,3.824,3.819,3.819,809.70187
2019-12-02 16:37:00,3.825,3.825,3.824,3.824,1309.53836
2019-12-02 16:36:00,3.826,3.826,3.825,3.825,936.91724
2019-12-02 16:35:00,3.823,3.826,3.823,3.826,773.31019
2019-12-02 16:34:00,3.829,3.829,3.822,3.822,5340.12852
2019-12-02 16:33:00,3.83,3.83,3.83,3.83,1968.22975
2019-12-02 16:32:00,3.829,3.831,3.829,3.83,1347.35336
2019-12-02 16:31:00,3.83,3.831,3.83,3.83,487.38748
2019-12-02 16:30:00,3.834,3.834,3.832,3.832,2982.71494
2019-12-02 16:29:00,3.833,3.834,3.833,3.834,480.67857
2019-12-02 16:28:00,3.834,3.835,3.833,3.833,1792.87277
2019-12-02 16:27:00,3.837,3.837,3.834,3.834,3045.47897
2019-12-02 16:26:00,3.839,3.839,3.837,3.837,2125.46902
2019-12-02 16:25:00,3.836,3.839,3.836,3.839,1084.48984
2019-12-02 16:24:00,3.832,3.835,3.832,3.835,1472.61459
2019-12-02 16:23:00,3.831,3.832,3.831,3.832,5.57268
2019-12-02 16:22:00,3.83,3.832,3.829,3.829,449.10893
2019-12-02 16:21:00,3.825,3.83,3.825,3.83,3344.19279
2019-12-02 16:20:00,3.827,3.827,3.825,3.825,1027.31345
2019-12-02 16:19:00,3.826,3.828,3.826,3.828,1444.44599
2019-12-02 16:18:00,3.824,3.824,3.824,3.824,2378.89049
2019-12-02 16:17:00,3.825,3.826,3.822,3.822,2481.15996
2019-12-02 16:16:00,3.824,3.824,3.824,3.824,355.8142
2019-12-02 16:15:00,3.826,3.826,3.824,3.824,163.97567
2019-12-02 16:14:00,3.827,3.827,3.825,3.826,2120.91664
2019-12-02 16:13:00,3.824,3.828,3.823,3.827,1343.57699
2019-12-02 16:12:00,3.824,3.825,3.824,3.824,1866.56047
2019-12-02 16:11:00,3.83,3.83,3.823,3.824,3140.79407
2019-12-02 16:10:00,3.834,3.834,3.83,3.83,2616.7411
2019-12-02 16:09:00,3.836,3.836,3.834,3.835,766.33086
2019-12-02 16:08:00,3.838,3.838,3.837,3.837,285.11213
2019-12-02 16:07:00,3.839,3.839,3.837,3.838,3427.81669
2019-12-02 16:06:00,3.841,3.842,3.841,3.842,339.36729
2019-12-02 16:05:00,3.838,3.841,3.838,3.841,1243.48384
2019-12-02 16:04:00,3.838,3.838,3.838,3.838,1031.3795
2019-12-02 16:03:00,3.843,3.843,3.839,3.839,2400.47848
2019-12-02 16:02:00,3.843,3.848,3.843,3.845,817.76414
2019-12-02 16:01:00,3.85,3.85,3.844,3.844,2014.57057
2019-12-02 16:00:00,3.849,3.85,3.849,3.85,1168.6756
2019-12-02 15:59:00,3.849,3.85,3.848,3.849,1300.66609
2019-12-02 15:58:00,3.847,3.85,3.846,3.849,1615.54559
2019-12-02 15:57:00,3.85,3.851,3.847,3.847,2242.7229
2019-12-02 15:56:00,3.846,3.85,3.846,3.85,2488.07646
2019-12-02 15:55:00,3.846,3.846,3.844,3.846,328.92996
2019-12-02 15:54:00,3.842,3.846,3.842,3.846,4077.9498
2019-12-02 15:53:00,3.84,3.843,3.84,3.842,2347.32281
2019-12-02 15:52:00,3.837,3.838,3.837,3.838,215.48189
2019-12-02 15:51:00,3.835,3.837,3.835,3.837,1060.7818
2019-12-02 15:50:00,3.836,3.837,3.836,3.836,2418.65283
2019-12-02 15:49:00,3.839,3.839,3.838,3.838,1302.34391
2019-12-02 15:48:00,3.842,3.842,3.839,3.84,696.38507
2019-12-02 15:47:00,3.846,3.846,3.842,3.842,2886.13069
2019-12-02 15:46:00,3.843,3.847,3.843,3.845,3741.76695
2019-12-02 15:45:00,3.841,3.842,3.841,3.842,227.76091
2019-12-02 15:44:00,3.835,3.84,3.835,3.84,1839.81641
2019-12-02 15:43:00,3.835,3.84,3.835,3.836,2527.19847
2019-12-02 15:42:00,3.835,3.835,3.835,3.835,2.51415
2019-12-02 15:41:00,3.831,3.836,3.83,3.834,1007.29559
2019-12-02 15:40:00,3.839,3.839,3.83,3.83,2014.32367
2019-12-02 15:39:00,3.842,3.842,3.839,3.839,355.89647
2019-12-02 15:38:00,3.837,3.842,3.837,3.842,2438.56523
2019-12-02 15:37:00,3.839,3.84,3.832,3.837,9811.21953
2019-12-02 15:36:00,3.836,3.838,3.836,3.838,152.22834
2019-12-02 15:35:00,3.839,3.839,3.835,3.836,1059.65827
2019-12-02 15:34:00,3.839,3.842,3.839,3.84,1544.93267
2019-12-02 15:33:00,3.839,3.839,3.839,3.839,189.661
2019-12-02 15:32:00,3.838,3.838,3.837,3.838,129.67543
2019-12-02 15:31:00,3.838,3.839,3.838,3.838,3092.1979
2019-12-02 15:30:00,3.834,3.837,3.834,3.837,2871.04819
2019-12-02 15:29:00,3.832,3.834,3.832,3.834,729.07131
2019-12-02 15:28:00,3.831,3.831,3.831,3.831,100
2019-12-02 15:27:00,3.826,3.829,3.826,3.829,872.1343
2019-12-02 15:26:00,3.827,3.827,3.825,3.826,531.08355
2019-12-02 15:25:00,3.828,3.829,3.827,3.829,519.25535
2019-12-02 15:24:00,3.83,3.83,3.826,3.828,4580.21584
2019-12-02 15:23:00,3.829,3.829,3.829,3.829,300.4428
2019-12-02 15:22:00,3.831,3.831,3.828,3.829,1902.24804
2019-12-02 15:21:00,3.827,3.831,3.827,3.831,4376.39526
2019-12-02 15:20:00,3.825,3.827,3.825,3.827,2102.24497
2019-12-02 15:19:00,3.826,3.826,3.822,3.825,444.95714
2019-12-02 15:18:00,3.825,3.825,3.824,3.825,1515.55531
2019-12-02 15:17:00,3.826,3.826,3.825,3.825,1418.13046
2019-12-02 15:16:00,3.832,3.832,3.827,3.827,2752.29699
2019-12-02 15:15:00,3.833,3.833,3.833,3.833,800.57555
2019-12-02 15:14:00,3.836,3.836,3.833,3.833,1855.23975
2019-12-02 15:13:00,3.836,3.837,3.834,3.834,617.79952
2019-12-02 15:12:00,3.834,3.838,3.832,3.836,3781.02979
2019-12-02 15:11:00,3.831,3.835,3.831,3.834,3405.23677
2019-12-02 15:10:00,3.831,3.832,3.831,3.832,683.58063
2019-12-02 15:09:00,3.831,3.831,3.831,3.831,4.98968
2019-12-02 15:08:00,3.835,3.835,3.832,3.832,1838.23902
2019-12-02 15:07:00,3.833,3.836,3.833,3.835,389.6535
2019-12-02 15:06:00,3.83,3.835,3.83,3.832,2747.549
2019-12-02 15:05:00,3.83,3.831,3.828,3.831,2560.1868
2019-12-02 15:04:00,3.827,3.83,3.826,3.83,1828.86861
2019-12-02 15:03:00,3.832,3.832,3.828,3.828,3428.91274
2019-12-02 15:02:00,3.834,3.834,3.832,3.832,1170.21736
2019-12-02 15:01:00,3.835,3.835,3.833,3.833,1482.09245
2019-12-02 15:00:00,3.842,3.842,3.834,3.835,3096.53653
2019-12-02 14:59:00,3.842,3.843,3.842,3.843,520.21729
2019-12-02 14:58:00,3.842,3.843,3.842,3.843,777.12253
2019-12-02 14:57:00,3.841,3.842,3.841,3.842,1190.59395
2019-12-02 14:56:00,3.841,3.841,3.841,3.841,1066.57209
2019-12-02 14:55:00,3.84,3.841,3.84,3.84,1254.79418
2019-12-02 14:54:00,3.836,3.839,3.836,3.839,1293.02781
2019-12-02 14:53:00,3.837,3.838,3.836,3.836,3082.71558
2019-12-02 14:52:00,3.843,3.843,3.837,3.837,2966.89873
2019-12-02 14:51:00,3.843,3.843,3.838,3.842,2021.9845
2019-12-02 14:50:00,3.844,3.845,3.843,3.843,791.18158
2019-12-02 14:49:00,3.843,3.845,3.842,3.843,1898.0032
2019-12-02 14:48:00,3.843,3.843,3.842,3.843,1222.6
2019-12-02 14:47:00,3.843,3.845,3.842,3.844,1042.95557
2019-12-02 14:46:00,3.839,3.843,3.839,3.843,1650.99122
2019-12-02 14:45:00,3.837,3.839,3.836,3.839,3191.40299
2019-12-02 14:44:00,3.837,3.837,3.836,3.837,1888.8787
2019-12-02 14:43:00,3.833,3.837,3.833,3.837,1939.59108
2019-12-02 14:42:00,3.838,3.838,3.833,3.833,630.41355
2019-12-02 14:41:00,3.837,3.838,3.837,3.838,268.39948
2019-12-02 14:40:00,3.839,3.839,3.836,3.837,546.7245
2019-12-02 14:39:00,3.838,3.84,3.838,3.839,1065.95318
2019-12-02 14:38:00,3.836,3.838,3.834,3.837,1125.50827
2019-12-02 14:37:00,3.835,3.836,3.835,3.836,732.8195
2019-12-02 14:36:00,3.833,3.837,3.833,3.835,4574.74777
2019-12-02 14:35:00,3.831,3.832,3.831,3.831,306.07205
2019-12-02 14:34:00,3.829,3.834,3.829,3.831,4247.33289
2019-12-02 14:33:00,3.832,3.832,3.829,3.829,1766.3087
2019-12-02 14:32:00,3.827,3.831,3.825,3.831,1866.71639
2019-12-02 14:31:00,3.823,3.828,3.822,3.826,3015.81791
2019-12-02 14:30:00,3.824,3.825,3.824,3.824,449.4986
2019-12-02 14:29:00,3.824,3.829,3.824,3.826,1825.4493
2019-12-02 14:28:00,3.831,3.831,3.824,3.824,699.01884
2019-12-02 14:27:00,3.831,3.831,3.831,3.831,0
2019-12-02 14:26:00,3.832,3.834,3.831,3.831,1315.77524
2019-12-02 14:25:00,3.831,3.832,3.83,3.832,3943.72516
2019-12-02 14:24:00,3.829,3.835,3.828,3.83,4997.11936
2019-12-02 14:23:00,3.828,3.829,3.828,3.829,710.90368
2019-12-02 14:22:00,3.823,3.832,3.823,3.828,2881.02111
2019-12-02 14:21:00,3.814,3.822,3.814,3.822,2241.75186
2019-12-02 14:20:00,3.812,3.814,3.812,3.814,2889.85844
2019-12-02 14:19:00,3.82,3.82,3.812,3.812,3126.09268
2019-12-02 14:18:00,3.825,3.825,3.82,3.82,1506.5828
2019-12-02 14:17:00,3.827,3.829,3.823,3.823,7666.38179
2019-12-02 14:16:00,3.83,3.83,3.825,3.827,4673.16025
2019-12-02 14:15:00,3.833,3.835,3.831,3.831,1705.54396
2019-12-02 14:14:00,3.831,3.836,3.829,3.832,4074.89682
2019-12-02 14:13:00,3.828,3.836,3.826,3.83,9399.42591
2019-12-02 14:12:00,3.832,3.834,3.827,3.829,2998.44066
2019-12-02 14:11:00,3.833,3.838,3.825,3.831,10134.78852
2019-12-02 14:10:00,3.825,3.833,3.822,3.833,1619.28806
2019-12-02 14:09:00,3.819,3.826,3.814,3.825,5781.80402
2019-12-02 14:08:00,3.804,3.818,3.8,3.817,13160.15037
2019-12-02 14:07:00,3.812,3.816,3.804,3.804,5196.60887
2019-12-02 14:06:00,3.824,3.824,3.811,3.815,3290.36406
2019-12-02 14:05:00,3.831,3.831,3.819,3.824,2236.32376
2019-12-02 14:04:00,3.837,3.837,3.826,3.83,8789.33534
2019-12-02 14:03:00,3.829,3.842,3.826,3.837,6831.20087
2019-12-02 14:02:00,3.843,3.843,3.819,3.827,7396.95598
2019-12-02 14:01:00,3.845,3.845,3.837,3.843,2206.72615
2019-12-02 14:00:00,3.857,3.858,3.846,3.847,3004.86905
2019-12-02 13:59:00,3.846,3.858,3.846,3.858,3645.90027
2019-12-02 13:58:00,3.847,3.847,3.84,3.846,3102.44078
2019-12-02 13:57:00,3.846,3.847,3.844,3.846,1541.9335
2019-12-02 13:56:00,3.843,3.845,3.84,3.845,1620.83225
2019-12-02 13:55:00,3.85,3.85,3.844,3.844,2741.47283
2019-12-02 13:54:00,3.845,3.85,3.84,3.85,2753.66123
2019-12-02 13:53:00,3.85,3.85,3.842,3.845,4688.52702
2019-12-02 13:52:00,3.851,3.857,3.847,3.851,5994.40104
2019-12-02 13:51:00,3.86,3.86,3.85,3.851,2250.89294
2019-12-02 13:50:00,3.848,3.859,3.848,3.859,3819.80086
2019-12-02 13:49:00,3.851,3.852,3.847,3.848,3833.47239
2019-12-02 13:48:00,3.854,3.862,3.851,3.852,3987.28004
2019-12-02 13:47:00,3.859,3.859,3.853,3.854,1685.92157
2019-12-02 13:46:00,3.858,3.859,3.855,3.859,496.32629
2019-12-02 13:45:00,3.86,3.861,3.855,3.858,6470.4954
2019-12-02 13:44:00,3.861,3.863,3.853,3.859,9349.44206
2019-12-02 13:43:00,3.857,3.868,3.854,3.861,5207.72874
2019-12-02 13:42:00,3.852,3.865,3.852,3.857,8680.84306
2019-12-02 13:41:00,3.834,3.855,3.832,3.852,14345.42926
2019-12-02 13:40:00,3.833,3.835,3.827,3.835,10999.48578
2019-12-02 13:39:00,3.837,3.837,3.829,3.833,4209.96738
2019-12-02 13:38:00,3.827,3.847,3.827,3.837,8864.19325
2019-12-02 13:37:00,3.821,3.833,3.813,3.826,25910.83194
2019-12-02 13:36:00,3.782,3.82,3.775,3.82,57354.78602
2019-12-02 13:35:00,3.812,3.819,3.775,3.782,39309.00088
2019-12-02 13:34:00,3.858,3.859,3.81,3.815,28946.69978
2019-12-02 13:33:00,3.867,3.868,3.854,3.859,9180.00424
2019-12-02 13:32:00,3.883,3.883,3.863,3.868,10561.08345
2019-12-02 13:31:00,3.881,3.888,3.877,3.882,15499.84054
2019-12-02 13:30:00,3.897,3.897,3.88,3.882,4582.09483
2019-12-02 13:29:00,3.894,3.897,3.893,3.897,1144.64663
2019-12-02 13:28:00,3.897,3.901,3.894,3.895,3834.44377
2019-12-02 13:27:00,3.894,3.897,3.891,3.896,5480.20507
2019-12-02 13:26:00,3.904,3.905,3.893,3.895,11741.69318
2019-12-02 13:25:00,3.912,3.919,3.903,3.903,4870.01128
2019-12-02 13:24:00,3.911,3.911,3.911,3.911,4.46888
2019-12-02 13:23:00,3.911,3.911,3.911,3.911,0
2019-12-02 13:22:00,3.91,3.911,3.91,3.911,543.797
2019-12-02 13:21:00,3.909,3.912,3.907,3.909,908.90821
2019-12-02 13:20:00,3.904,3.908,3.904,3.908,867.39131
2019-12-02 13:19:00,3.905,3.905,3.901,3.902,3034.55335
2019-12-02 13:18:00,3.897,3.905,3.897,3.905,5807.4682
2019-12-02 13:17:00,3.902,3.903,3.899,3.899,1373.25787
2019-12-02 13:16:00,3.903,3.905,3.9,3.903,4010.29816
2019-12-02 13:15:00,3.908,3.908,3.903,3.903,4544.90573
2019-12-02 13:14:00,3.912,3.912,3.909,3.909,1592.94021
2019-12-02 13:13:00,3.912,3.913,3.911,3.912,1994.35159
2019-12-02 13:12:00,3.913,3.913,3.911,3.912,1145.15406
2019-12-02 13:11:00,3.915,3.915,3.912,3.912,1186.2994
2019-12-02 13:10:00,3.916,3.916,3.915,3.915,1120.1124
2019-12-02 13:09:00,3.918,3.918,3.916,3.916,1370.76112
2019-12-02 13:08:00,3.92,3.922,3.919,3.919,1401.80568
2019-12-02 13:07:00,3.922,3.922,3.919,3.92,1179.11345
2019-12-02 13:06:00,3.918,3.922,3.918,3.921,1407.0673
2019-12-02 13:05:00,3.916,3.918,3.916,3.918,1679.48908
2019-12-02 13:04:00,3.915,3.917,3.915,3.916,1486.14829
2019-12-02 13:03:00,3.922,3.922,3.915,3.915,3207.04448
2019-12-02 13:02:00,3.923,3.924,3.923,3.923,1442.00504
2019-12-02 13:01:00,3.928,3.928,3.922,3.922,1337.11333
2019-12-02 13:00:00,3.926,3.926,3.923,3.926,1556.31171
2019-12-02 12:59:00,3.919,3.926,3.919,3.926,2689.77273
2019-12-02 12:58:00,3.911,3.918,3.911,3.918,3439.68028
2019-12-02 12:57:00,3.91,3.91,3.91,3.91,437.99543
2019-12-02 12:56:00,3.91,3.91,3.91,3.91,413.7326
2019-12-02 12:55:00,3.91,3.91,3.91,3.91,7.60548
2019-12-02 12:54:00,3.91,3.91,3.91,3.91,0
2019-12-02 12:53:00,3.91,3.91,3.91,3.91,1291.83702
2019-12-02 12:52:00,3.91,3.91,3.909,3.91,2152.2847
2019-12-02 12:51:00,3.909,3.909,3.909,3.909,554.30953
2019-12-02 12:50:00,3.909,3.909,3.906,3.909,1988.76737
2019-12-02 12:49:00,3.906,3.908,3.906,3.907,2744.54774
2019-12-02 12:48:00,3.906,3.906,3.905,3.906,2895.39406
2019-12-02 12:47:00,3.907,3.907,3.905,3.906,564.25093
2019-12-02 12:46:00,3.907,3.908,3.907,3.908,1334.28255
2019-12-02 12:45:00,3.908,3.908,3.907,3.907,1.38858
2019-12-02 12:44:00,3.907,3.908,3.907,3.908,187.42098
2019-12-02 12:43:00,3.907,3.909,3.907,3.909,254.12976
2019-12-02 12:42:00,3.908,3.908,3.907,3.907,481.43197
2019-12-02 12:41:00,3.907,3.909,3.907,3.909,1363.6473
2019-12-02 12:40:00,3.91,3.911,3.907,3.907,2923.48852
2019-12-02 12:39:00,3.91,3.911,3.91,3.91,30.90442
2019-12-02 12:38:00,3.911,3.911,3.911,3.911,0.27974
2019-12-02 12:37:00,3.91,3.911,3.91,3.911,2114.33725
2019-12-02 12:36:00,3.908,3.909,3.908,3.909,1811.38233
2019-12-02 12:35:00,3.903,3.909,3.903,3.909,1451.70212
2019-12-02 12:34:00,3.904,3.905,3.903,3.905,2344.7483
2019-12-02 12:33:00,3.903,3.904,3.903,3.904,2276.4268
2019-12-02 12:32:00,3.903,3.905,3.903,3.903,1167.87786
2019-12-02 12:31:00,3.904,3.904,3.902,3.903,1391.79509
2019-12-02 12:30:00,3.907,3.907,3.904,3.904,97.79369
2019-12-02 12:29:00,3.908,3.908,3.907,3.907,452.02826
2019-12-02 12:28:00,3.907,3.908,3.907,3.907,2144.87896
2019-12-02 12:27:00,3.906,3.908,3.906,3.906,728.83659
2019-12-02 12:26:00,3.901,3.906,3.901,3.906,2960.08717
2019-12-02 12:25:00,3.903,3.903,3.9,3.901,3495.60143
2019-12-02 12:24:00,3.904,3.904,3.902,3.903,1528.56157
2019-12-02 12:23:00,3.904,3.905,3.904,3.905,160.16774
2019-12-02 12:22:00,3.901,3.903,3.901,3.903,179.54797
2019-12-02 12:21:00,3.9,3.901,3.9,3.901,2797.59896
2019-12-02 12:20:00,3.9,3.901,3.899,3.899,1757.96233
2019-12-02 12:19:00,3.902,3.903,3.901,3.902,681.39673
2019-12-02 12:18:00,3.906,3.906,3.903,3.903,1030.89229
2019-12-02 12:17:00,3.904,3.906,3.904,3.906,2721.03246
2019-12-02 12:16:00,3.903,3.904,3.903,3.904,14.68421
2019-12-02 12:15:00,3.899,3.903,3.899,3.903,6336.38694
2019-12-02 12:14:00,3.9,3.9,3.896,3.897,1551.39615
2019-12-02 12:13:00,3.903,3.903,3.899,3.899,2023.21049
2019-12-02 12:12:00,3.906,3.906,3.9,3.903,3497.96421
2019-12-02 12:11:00,3.906,3.908,3.906,3.907,2492.57775
2019-12-02 12:10:00,3.908,3.908,3.906,3.907,946.05053
2019-12-02 12:09:00,3.908,3.908,3.906,3.906,655.0033
2019-12-02 12:08:00,3.908,3.908,3.908,3.908,9.21312
2019-12-02 12:07:00,3.909,3.909,3.907,3.908,889.97084
2019-12-02 12:06:00,3.91,3.91,3.908,3.909,572.72503
2019-12-02 12:05:00,3.908,3.912,3.908,3.91,1741.92365
2019-12-02 12:04:00,3.909,3.909,3.909,3.909,0
2019-12-02 12:03:00,3.909,3.91,3.908,3.909,2480.24284
2019-12-02 12:02:00,3.913,3.913,3.909,3.909,1887.90124
2019-12-02 12:01:00,3.914,3.914,3.908,3.912,3308.85707
2019-12-02 12:00:00,3.915,3.916,3.914,3.914,448.04211
2019-12-02 11:59:00,3.917,3.917,3.915,3.916,1276.71479
2019-12-02 11:58:00,3.919,3.919,3.918,3.918,763.67132
2019-12-02 11:57:00,3.919,3.919,3.919,3.919,0
2019-12-02 11:56:00,3.921,3.921,3.919,3.919,498.74099
2019-12-02 11:55:00,3.919,3.921,3.919,3.921,1667.32846
2019-12-02 11:54:00,3.92,3.92,3.919,3.919,1282.17871
2019-12-02 11:53:00,3.921,3.921,3.919,3.92,1915.96305
2019-12-02 11:52:00,3.922,3.922,3.921,3.921,1730.7093
2019-12-02 11:51:00,3.924,3.924,3.922,3.922,734.40645
2019-12-02 11:50:00,3.92,3.924,3.92,3.924,342.93045
2019-12-02 11:49:00,3.917,3.919,3.917,3.919,1047.4944
2019-12-02 11:48:00,3.918,3.918,3.917,3.917,1656.79243
2019-12-02 11:47:00,3.92,3.92,3.918,3.919,1180.57765
2019-12-02 11:46:00,3.916,3.919,3.916,3.919,1044.33521
2019-12-02 11:45:00,3.916,3.916,3.916,3.916,2125.4693
2019-12-02 11:44:00,3.914,3.916,3.914,3.916,260.35279
2019-12-02 11:43:00,3.916,3.916,3.914,3.914,1186.06488
2019-12-02 11:42:00,3.917,3.917,3.913,3.916,3487.80438
2019-12-02 11:41:00,3.914,3.917,3.913,3.917,2890.51653
2019-12-02 11:40:00,3.911,3.917,3.911,3.914,3447.67219
2019-12-02 11:39:00,3.911,3.911,3.911,3.911,0
2019-12-02 11:38:00,3.912,3.912,3.91,3.911,845.44604
2019-12-02 11:37:00,3.913,3.915,3.911,3.912,2085.60717
2019-12-02 11:36:00,3.91,3.913,3.908,3.913,2178.88346
2019-12-02 11:35:00,3.913,3.914,3.91,3.91,2280.94444
2019-12-02 11:34:00,3.923,3.923,3.913,3.913,5248.98641
2019-12-02 11:33:00,3.922,3.923,3.921,3.923,784.89054
2019-12-02 11:32:00,3.922,3.923,3.921,3.923,602.49977
2019-12-02 11:31:00,3.922,3.924,3.922,3.922,27.45361
2019-12-02 11:30:00,3.925,3.925,3.922,3.922,1366.60044
2019-12-02 11:29:00,3.927,3.927,3.926,3.926,286.98914
2019-12-02 11:28:00,3.927,3.927,3.927,3.927,831.36063
2019-12-02 11:27:00,3.927,3.927,3.927,3.927,1377.64891
2019-12-02 11:26:00,3.927,3.927,3.927,3.927,0
2019-12-02 11:25:00,3.926,3.927,3.925,3.927,1221.92922
2019-12-02 11:24:00,3.927,3.927,3.927,3.927,3.19964
2019-12-02 11:23:00,3.927,3.927,3.926,3.926,1733.63107
2019-12-02 11:22:00,3.926,3.928,3.926,3.928,228.26717
2019-12-02 11:21:00,3.927,3.927,3.926,3.926,299.56506
2019-12-02 11:20:00,3.928,3.928,3.927,3.928,1734.41421
2019-12-02 11:19:00,3.929,3.93,3.927,3.929,2400.93833
2019-12-02 11:18:00,3.929,3.929,3.928,3.929,1324.40199
2019-12-02 11:17:00,3.929,3.93,3.929,3.929,192.35864
2019-12-02 11:16:00,3.929,3.93,3.928,3.928,539.79451
2019-12-02 11:15:00,3.929,3.929,3.929,3.929,0.01003
2019-12-02 11:14:00,3.931,3.931,3.93,3.93,482.86108
2019-12-02 11:13:00,3.931,3.931,3.931,3.931,127.52747
2019-12-02 11:12:00,3.932,3.932,3.93,3.931,2890.93692
2019-12-02 11:11:00,3.93,3.932,3.93,3.932,934.35051
2019-12-02 11:10:00,3.931,3.931,3.93,3.93,245.3534
2019-12-02 11:09:00,3.932,3.933,3.93,3.93,2446.64912
2019-12-02 11:08:00,3.933,3.933,3.933,3.933,0.97111
2019-12-02 11:07:00,3.933,3.933,3.933,3.933,44.68876
2019-12-02 11:06:00,3.933,3.933,3.932,3.932,1757.61003
2019-12-02 11:05:00,3.936,3.936,3.93,3.93,1477.08411
2019-12-02 11:04:00,3.936,3.936,3.936,3.936,0.08631
2019-12-02 11:03:00,3.936,3.936,3.936,3.936,0
2019-12-02 11:02:00,3.948,3.948,3.936,3.936,3149.87345
2019-12-02 11:01:00,3.948,3.948,3.948,3.948,0.05973
2019-12-02 11:00:00,3.947,3.947,3.947,3.947,219.46485
2019-12-02 10:59:00,3.947,3.948,3.947,3.948,337.78549
2019-12-02 10:58:00,3.946,3.946,3.946,3.946,0
2019-12-02 10:57:00,3.946,3.946,3.946,3.946,124.12791
2019-12-02 10:56:00,3.946,3.946,3.946,3.946,162.40498
2019-12-02 10:55:00,3.949,3.949,3.949,3.949,0
2019-12-02 10:54:00,3.949,3.949,3.949,3.949,238.3264
2019-12-02 10:53:00,3.948,3.949,3.947,3.948,1322.07204
2019-12-02 10:52:00,3.947,3.947,3.947,3.947,437.77413
2019-12-02 10:51:00,3.948,3.948,3.948,3.948,1618.66691
2019-12-02 10:50:00,3.95,3.95,3.946,3.948,1360.69678
2019-12-02 10:49:00,3.949,3.951,3.949,3.951,220.41181
2019-12-02 10:48:00,3.949,3.95,3.949,3.949,222.44495
2019-12-02 10:47:00,3.947,3.949,3.947,3.949,140.03177
2019-12-02 10:46:00,3.948,3.948,3.948,3.948,0
2019-12-02 10:45:00,3.948,3.948,3.948,3.948,9.60744
2019-12-02 10:44:00,3.947,3.948,3.947,3.948,222.31325
2019-12-02 10:43:00,3.947,3.947,3.947,3.947,350.14608
2019-12-02 10:42:00,3.946,3.947,3.946,3.947,228.78557
2019-12-02 10:41:00,3.948,3.949,3.947,3.947,1201.32389
2019-12-02 10:40:00,3.948,3.948,3.946,3.948,916.17578
2019-12-02 10:39:00,3.95,3.95,3.947,3.947,662.9438
2019-12-02 10:38:00,3.949,3.95,3.949,3.95,160.25602
2019-12-02 10:37:00,3.95,3.95,3.948,3.949,132.04942
2019-12-02 10:36:00,3.95,3.95,3.95,3.95,1.07376
2019-12-02 10:35:00,3.949,3.95,3.949,3.95,1.6125
2019-12-02 10:34:00,3.949,3.949,3.949,3.949,278.8761
2019-12-02 10:33:00,3.947,3.947,3.947,3.947,9.7122
2019-12-02 10:32:00,3.95,3.95,3.948,3.948,865.91627
2019-12-02 10:31:00,3.949,3.95,3.949,3.95,172.91852
2019-12-02 10:30:00,3.945,3.951,3.944,3.949,2190.0781
2019-12-02 10:29:00,3.945,3.946,3.945,3.946,1089.76366
2019-12-02 10:28:00,3.944,3.945,3.944,3.945,5470.2344
2019-12-02 10:27:00,3.942,3.943,3.942,3.943,6270.42842
2019-12-02 10:26:00,3.941,3.942,3.94,3.942,1224.40435
2019-12-02 10:25:00,3.937,3.941,3.936,3.941,2223.49824
2019-12-02 10:24:00,3.936,3.938,3.936,3.938,294.18477
2019-12-02 10:23:00,3.934,3.935,3.934,3.935,687.99743
2019-12-02 10:22:00,3.935,3.935,3.935,3.935,105.08828
2019-12-02 10:21:00,3.934,3.934,3.933,3.934,3355.11068
2019-12-02 10:20:00,3.937,3.937,3.933,3.934,3024.57568
2019-12-02 10:19:00,3.937,3.937,3.936,3.937,590.20476
2019-12-02 10:18:00,3.938,3.938,3.937,3.937,828.92987
2019-12-02 10:17:00,3.94,3.94,3.939,3.939,280.89489
2019-12-02 10:16:00,3.94,3.941,3.94,3.941,1089.96448
2019-12-02 10:15:00,3.944,3.944,3.942,3.942,293.89881
2019-12-02 10:14:00,3.943,3.945,3.941,3.945,1510.50137
2019-12-02 10:13:00,3.942,3.943,3.942,3.943,2012.87098
2019-12-02 10:12:00,3.94,3.941,3.94,3.941,307.55822
2019-12-02 10:11:00,3.939,3.94,3.939,3.939,453.31391
2019-12-02 10:10:00,3.94,3.94,3.939,3.939,874.27609
2019-12-02 10:09:00,3.941,3.942,3.94,3.94,2425.88861
2019-12-02 10:08:00,3.949,3.949,3.941,3.941,4608.11765
2019-12-02 10:07:00,3.945,3.949,3.945,3.949,1765.18496
2019-12-02 10:06:00,3.941,3.946,3.941,3.946,1824.2194
2019-12-02 10:05:00,3.94,3.942,3.94,3.941,524.42699
2019-12-02 10:04:00,3.938,3.939,3.938,3.939,258.7476
2019-12-02 10:03:00,3.934,3.939,3.934,3.938,4444.73381
2019-12-02 10:02:00,3.934,3.934,3.933,3.933,384.02178
2019-12-02 10:01:00,3.936,3.937,3.935,3.935,1294.63098
2019-12-02 10:00:00,3.931,3.936,3.931,3.936,2893.5795
2019-12-02 09:59:00,3.933,3.938,3.931,3.931,2966.15643
2019-12-02 09:58:00,3.934,3.934,3.934,3.934,0
2019-12-02 09:57:00,3.934,3.934,3.934,3.934,978.71462
2019-12-02 09:56:00,3.942,3.942,3.933,3.934,6202.81639
2019-12-02 09:55:00,3.943,3.943,3.942,3.942,1086.38088
2019-12-02 09:54:00,3.943,3.944,3.943,3.944,478.66428
2019-12-02 09:53:00,3.939,3.943,3.939,3.943,2455.98363
2019-12-02 09:52:00,3.944,3.944,3.938,3.938,644.45949
2019-12-02 09:51:00,3.943,3.944,3.943,3.943,3260.39698
2019-12-02 09:50:00,3.938,3.943,3.938,3.943,2775.97935
2019-12-02 09:49:00,3.938,3.938,3.936,3.937,694.94574
2019-12-02 09:48:00,3.937,3.939,3.935,3.939,1465.32221
2019-12-02 09:47:00,3.935,3.936,3.934,3.935,744.57196
2019-12-02 09:46:00,3.934,3.936,3.934,3.936,4032.69129
2019-12-02 09:45:00,3.935,3.936,3.932,3.932,741.75075
2019-12-02 09:44:00,3.932,3.935,3.932,3.934,427.14054
2019-12-02 09:43:00,3.932,3.932,3.931,3.932,1835.76626
2019-12-02 09:42:00,3.931,3.934,3.931,3.932,1125.11448
2019-12-02 09:41:00,3.93,3.93,3.929,3.93,234.2951
2019-12-02 09:40:00,3.934,3.934,3.93,3.93,1537.32142
2019-12-02 09:39:00,3.928,3.935,3.928,3.935,5545.47379
2019-12-02 09:38:00,3.925,3.927,3.925,3.927,3454.60104
2019-12-02 09:37:00,3.926,3.927,3.923,3.924,7173.54465
2019-12-02 09:36:00,3.921,3.925,3.921,3.925,2383.7727
2019-12-02 09:35:00,3.921,3.925,3.921,3.921,1614.724
2019-12-02 09:34:00,3.92,3.921,3.92,3.921,119.93739
2019-12-02 09:33:00,3.917,3.921,3.917,3.92,2727.92552
2019-12-02 09:32:00,3.915,3.917,3.914,3.917,1031.76316
2019-12-02 09:31:00,3.913,3.917,3.913,3.915,3239.58782
2019-12-02 09:30:00,3.911,3.913,3.911,3.913,739.7609
2019-12-02 09:29:00,3.911,3.911,3.909,3.911,1605.98339
2019-12-02 09:28:00,3.91,3.911,3.91,3.911,918.09411
2019-12-02 09:27:00,3.911,3.911,3.909,3.91,3780.21796
2019-12-02 09:26:00,3.91,3.911,3.909,3.911,766.56721
2019-12-02 09:25:00,3.916,3.916,3.91,3.91,1855.56581
2019-12-02 09:24:00,3.915,3.916,3.915,3.916,2335.52488
2019-12-02 09:23:00,3.916,3.917,3.915,3.915,3778.48255
2019-12-02 09:22:00,3.915,3.917,3.915,3.917,616.75557
2019-12-02 09:21:00,3.914,3.914,3.914,3.914,0.89566
2019-12-02 09:20:00,3.914,3.915,3.913,3.913,1281.48354
2019-12-02 09:19:00,3.913,3.913,3.913,3.913,1.23242
2019-12-02 09:18:00,3.913,3.914,3.913,3.913,621.34863
2019-12-02 09:17:00,3.914,3.914,3.914,3.914,506.514
2019-12-02 09:16:00,3.913,3.915,3.913,3.914,321.12112
2019-12-02 09:15:00,3.914,3.914,3.912,3.913,3033.05559
2019-12-02 09:14:00,3.913,3.913,3.913,3.913,20.32534
2019-12-02 09:13:00,3.914,3.914,3.913,3.913,680.44976
2019-12-02 09:12:00,3.916,3.916,3.914,3.914,1781.89329
2019-12-02 09:11:00,3.918,3.918,3.916,3.917,1550.73414
2019-12-02 09:10:00,3.916,3.917,3.916,3.917,2223.90136
2019-12-02 09:09:00,3.916,3.917,3.916,3.917,1650.17714
2019-12-02 09:08:00,3.919,3.92,3.916,3.916,2422.23283
2019-12-02 09:07:00,3.917,3.92,3.917,3.919,2099.49461
2019-12-02 09:06:00,3.919,3.919,3.918,3.918,83.46303
2019-12-02 09:05:00,3.919,3.92,3.919,3.919,369.68914
2019-12-02 09:04:00,3.918,3.92,3.917,3.92,812.87426
2019-12-02 09:03:00,3.918,3.918,3.917,3.918,1627.75775
2019-12-02 09:02:00,3.917,3.918,3.917,3.917,774.7736
2019-12-02 09:01:00,3.917,3.917,3.915,3.915,117.1335
2019-12-02 09:00:00,3.914,3.918,3.912,3.918,6097.54735
2019-12-02 08:59:00,3.913,3.917,3.913,3.917,2655.46422
2019-12-02 08:58:00,3.914,3.915,3.912,3.912,2243.55222
2019-12-02 08:57:00,3.914,3.914,3.911,3.914,2329.82655
2019-12-02 08:56:00,3.909,3.916,3.909,3.915,1720.14638
2019-12-02 08:55:00,3.908,3.908,3.908,3.908,1055.49481
2019-12-02 08:54:00,3.904,3.908,3.904,3.908,2610.67237
2019-12-02 08:53:00,3.906,3.906,3.904,3.904,1601.67432
2019-12-02 08:52:00,3.905,3.906,3.904,3.906,3143.44723
2019-12-02 08:51:00,3.908,3.908,3.906,3.906,1245.1917
2019-12-02 08:50:00,3.905,3.909,3.905,3.908,1687.96889
2019-12-02 08:49:00,3.908,3.908,3.905,3.905,3138.55357
2019-12-02 08:48:00,3.908,3.91,3.905,3.909,1979.95883
2019-12-02 08:47:00,3.909,3.909,3.909,3.909,1491.75315
2019-12-02 08:46:00,3.914,3.914,3.912,3.912,2132.56758
2019-12-02 08:45:00,3.914,3.914,3.912,3.914,1487.8549
2019-12-02 08:44:00,3.914,3.915,3.914,3.914,931.2922
2019-12-02 08:43:00,3.916,3.918,3.914,3.915,1798.66796
2019-12-02 08:42:00,3.92,3.92,3.916,3.916,1495.72512
2019-12-02 08:41:00,3.922,3.922,3.92,3.92,6.87577
2019-12-02 08:40:00,3.921,3.924,3.921,3.923,1828.0117
2019-12-02 08:39:00,3.927,3.927,3.924,3.924,3388.40499
2019-12-02 08:38:00,3.927,3.927,3.927,3.927,2546.06744
2019-12-02 08:37:00,3.932,3.932,3.926,3.927,971.58084
2019-12-02 08:36:00,3.932,3.932,3.932,3.932,1289.50166
2019-12-02 08:35:00,3.934,3.934,3.932,3.933,2814.14518
2019-12-02 08:34:00,3.925,3.936,3.924,3.935,4254.50453
2019-12-02 08:33:00,3.925,3.926,3.925,3.926,1437.66472
2019-12-02 08:32:00,3.921,3.925,3.921,3.924,3465.05701
2019-12-02 08:31:00,3.922,3.922,3.92,3.921,772.43121
2019-12-02 08:30:00,3.923,3.924,3.921,3.923,2604.3437
2019-12-02 08:29:00,3.922,3.924,3.922,3.923,1636.1449
2019-12-02 08:28:00,3.925,3.926,3.92,3.926,7040.05344
2019-12-02 08:27:00,3.923,3.926,3.923,3.925,6028.68703
2019-12-02 08:26:00,3.923,3.927,3.915,3.924,8895.87352
2019-12-02 08:25:00,3.927,3.93,3.921,3.924,4189.69259
2019-12-02 08:24:00,3.926,3.927,3.926,3.927,1283.60715
2019-12-02 08:23:00,3.925,3.927,3.923,3.927,2043.16729
2019-12-02 08:22:00,3.928,3.929,3.925,3.925,4690.96265
2019-12-02 08:21:00,3.93,3.93,3.924,3.927,1674.0822
2019-12-02 08:20:00,3.934,3.936,3.93,3.931,8022.17294
2019-12-02 08:19:00,3.937,3.938,3.935,3.935,1011.62568
2019-12-02 08:18:00,3.939,3.939,3.937,3.937,2278.66144
2019-12-02 08:17:00,3.938,3.938,3.938,3.938,712.31148
2019-12-02 08:16:00,3.938,3.939,3.938,3.938,933.99874
2019-12-02 08:15:00,3.937,3.939,3.937,3.939,366.56598
2019-12-02 08:14:00,3.934,3.936,3.934,3.935,2138.92221
2019-12-02 08:13:00,3.939,3.939,3.934,3.936,382.66214
2019-12-02 08:12:00,3.933,3.94,3.932,3.939,2877.15634
2019-12-02 08:11:00,3.934,3.934,3.932,3.933,937.04779
2019-12-02 08:10:00,3.934,3.934,3.934,3.934,0
2019-12-02 08:09:00,3.933,3.934,3.933,3.934,215.83403
2019-12-02 08:08:00,3.931,3.932,3.931,3.931,3089.32171
2019-12-02 08:07:00,3.931,3.932,3.93,3.932,3792.30842
2019-12-02 08:06:00,3.934,3.934,3.934,3.934,1830.6796
2019-12-02 08:05:00,3.938,3.941,3.934,3.935,2607.29221
2019-12-02 08:04:00,3.93,3.937,3.93,3.937,1366.79249
2019-12-02 08:03:00,3.934,3.934,3.93,3.93,1504.13998
2019-12-02 08:02:00,3.939,3.939,3.935,3.935,1530.51769
2019-12-02 08:01:00,3.936,3.939,3.936,3.939,842.68894
2019-12-02 08:00:00,3.928,3.936,3.928,3.936,2462.225
2019-12-02 07:59:00,3.929,3.932,3.929,3.932,2776.97872
2019-12-02 07:58:00,3.932,3.932,3.928,3.928,1993.28314
2019-12-02 07:57:00,3.935,3.938,3.933,3.933,3422.01919
2019-12-02 07:56:00,3.939,3.939,3.937,3.937,3027.89909
2019-12-02 07:55:00,3.94,3.94,3.939,3.939,1075.87942
2019-12-02 07:54:00,3.943,3.943,3.941,3.941,998.07829
2019-12-02 07:53:00,3.942,3.942,3.942,3.942,1431.07386
2019-12-02 07:52:00,3.94,3.943,3.94,3.943,510.00627
2019-12-02 07:51:00,3.939,3.939,3.939,3.939,1578.31069
2019-12-02 07:50:00,3.934,3.938,3.934,3.938,1571.22708
2019-12-02 07:49:00,3.933,3.933,3.933,3.933,0
2019-12-02 07:48:00,3.933,3.933,3.933,3.933,153.85025
2019-12-02 07:47:00,3.935,3.935,3.933,3.933,5256.39496
2019-12-02 07:46:00,3.934,3.935,3.933,3.935,460.40883
2019-12-02 07:45:00,3.936,3.936,3.935,3.935,974.93212
2019-12-02 07:44:00,3.938,3.939,3.936,3.938,1128.42354
2019-12-02 07:43:00,3.935,3.938,3.935,3.937,3008.61905
2019-12-02 07:42:00,3.939,3.939,3.935,3.935,2738.56915
2019-12-02 07:41:00,3.942,3.943,3.939,3.939,2649.84909
2019-12-02 07:40:00,3.939,3.947,3.939,3.945,856.1778
2019-12-02 07:39:00,3.937,3.94,3.935,3.939,3511.53435
2019-12-02 07:38:00,3.935,3.936,3.935,3.936,337.87539
2019-12-02 07:37:00,3.933,3.937,3.933,3.934,4469.0355
2019-12-02 07:36:00,3.928,3.935,3.925,3.935,4409.72476
2019-12-02 07:35:00,3.933,3.933,3.926,3.926,839.56544
2019-12-02 07:34:00,3.938,3.938,3.934,3.934,3579.36964
2019-12-02 07:33:00,3.94,3.94,3.937,3.939,1869.28674
2019-12-02 07:32:00,3.949,3.95,3.942,3.942,6804.2532
2019-12-02 07:31:00,3.958,3.958,3.95,3.95,1186.99329
2019-12-02 07:30:00,3.955,3.958,3.954,3.958,643.9344
2019-12-02 07:29:00,3.953,3.955,3.953,3.955,1893.09595
2019-12-02 07:28:00,3.961,3.961,3.953,3.953,849.90342
2019-12-02 07:27:00,3.96,3.963,3.96,3.961,1875.45394
2019-12-02 07:26:00,3.965,3.97,3.96,3.96,8065.93165
2019-12-02 07:25:00,3.963,3.966,3.963,3.966,734.95691
2019-12-02 07:24:00,3.961,3.962,3.96,3.962,2756.54101
2019-12-02 07:23:00,3.961,3.963,3.961,3.963,2791.11435
2019-12-02 07:22:00,3.961,3.962,3.959,3.962,2742.47942
2019-12-02 07:21:00,3.957,3.961,3.957,3.961,495.89836
2019-12-02 07:20:00,3.962,3.962,3.957,3.957,3124.66635
2019-12-02 07:19:00,3.957,3.964,3.957,3.962,3269.14706
2019-12-02 07:18:00,3.952,3.959,3.952,3.958,5784.77501
2019-12-02 07:17:00,3.957,3.957,3.951,3.951,2932.17497
2019-12-02 07:16:00,3.958,3.958,3.956,3.956,2541.67705
2019-12-02 07:15:00,3.961,3.961,3.955,3.958,2556.36092
2019-12-02 07:14:00,3.961,3.963,3.961,3.963,3028.07018
2019-12-02 07:13:00,3.957,3.962,3.956,3.962,595.88609
2019-12-02 07:12:00,3.957,3.957,3.957,3.957,17.44004
2019-12-02 07:11:00,3.959,3.96,3.957,3.957,2116.25673
2019-12-02 07:10:00,3.957,3.959,3.956,3.959,2719.27321
2019-12-02 07:09:00,3.961,3.963,3.959,3.959,2605.12079
2019-12-02 07:08:00,3.962,3.962,3.959,3.962,2947.79923
2019-12-02 07:07:00,3.964,3.964,3.962,3.963,2405.52538
2019-12-02 07:06:00,3.961,3.966,3.961,3.963,1902.82725
2019-12-02 07:05:00,3.96,3.961,3.96,3.961,1731.0243
2019-12-02 07:04:00,3.962,3.962,3.955,3.958,3880.64937
2019-12-02 07:03:00,3.96,3.967,3.96,3.964,6474.80487
2019-12-02 07:02:00,3.958,3.962,3.958,3.962,1031.82624
2019-12-02 07:01:00,3.956,3.958,3.956,3.958,2085.52483
2019-12-02 07:00:00,3.952,3.956,3.952,3.956,1501.87521
2019-12-02 06:59:00,3.954,3.954,3.952,3.952,3082.00076
2019-12-02 06:58:00,3.954,3.954,3.953,3.953,1335.85926
2019-12-02 06:57:00,3.957,3.957,3.954,3.954,2780.19422
2019-12-02 06:56:00,3.957,3.957,3.957,3.957,530.45448
2019-12-02 06:55:00,3.957,3.957,3.956,3.957,2331.46992
2019-12-02 06:54:00,3.958,3.958,3.957,3.957,3986.98504
2019-12-02 06:53:00,3.962,3.962,3.957,3.958,1502.95734
2019-12-02 06:52:00,3.959,3.964,3.959,3.962,4004.21215
2019-12-02 06:51:00,3.961,3.961,3.957,3.958,2907.17574
2019-12-02 06:50:00,3.958,3.961,3.957,3.961,1325.55638
2019-12-02 06:49:00,3.958,3.959,3.956,3.957,2154.89856
2019-12-02 06:48:00,3.956,3.96,3.956,3.958,538.65482
2019-12-02 06:47:00,3.955,3.956,3.954,3.955,911.91848
2019-12-02 06:46:00,3.958,3.959,3.956,3.956,697.08773
2019-12-02 06:45:00,3.96,3.96,3.959,3.959,1835.32523
2019-12-02 06:44:00,3.962,3.964,3.961,3.962,5205.40277
2019-12-02 06:43:00,3.954,3.962,3.954,3.961,570.37235
2019-12-02 06:42:00,3.95,3.954,3.946,3.952,2196.29956
2019-12-02 06:41:00,3.948,3.949,3.948,3.949,2134.83473
2019-12-02 06:40:00,3.943,3.947,3.943,3.947,2317.98089
2019-12-02 06:39:00,3.942,3.944,3.942,3.943,545.00878
2019-12-02 06:38:00,3.938,3.943,3.938,3.942,731.67679
2019-12-02 06:37:00,3.938,3.939,3.938,3.938,2019.58771
2019-12-02 06:36:00,3.938,3.939,3.938,3.939,3044.53095
2019-12-02 06:35:00,3.938,3.939,3.938,3.939,1311.92416
2019-12-02 06:34:00,3.937,3.939,3.937,3.939,1116.94335
2019-12-02 06:33:00,3.938,3.939,3.936,3.938,2091.21349
2019-12-02 06:32:00,3.938,3.939,3.936,3.936,3145.58652
2019-12-02 06:31:00,3.939,3.941,3.938,3.939,453.80537
2019-12-02 06:30:00,3.942,3.942,3.94,3.94,1057.75752
2019-12-02 06:29:00,3.942,3.943,3.941,3.941,2250.86787
2019-12-02 06:28:00,3.946,3.946,3.941,3.943,289.58144
2019-12-02 06:27:00,3.945,3.945,3.943,3.945,1490.00312
2019-12-02 06:26:00,3.944,3.944,3.944,3.944,571.33625
2019-12-02 06:25:00,3.941,3.944,3.941,3.943,1177.60541
2019-12-02 06:24:00,3.94,3.94,3.94,3.94,0
2019-12-02 06:23:00,3.94,3.941,3.939,3.94,1192.03626
2019-12-02 06:22:00,3.937,3.941,3.937,3.94,1618.38847
2019-12-02 06:21:00,3.936,3.937,3.936,3.936,2753.08065
2019-12-02 06:20:00,3.933,3.938,3.933,3.936,2979.52763
2019-12-02 06:19:00,3.932,3.936,3.932,3.932,1404.23975
2019-12-02 06:18:00,3.932,3.932,3.932,3.932,0.29209
2019-12-02 06:17:00,3.931,3.933,3.93,3.932,1590.28869
2019-12-02 06:16:00,3.928,3.934,3.928,3.932,944.93695
2019-12-02 06:15:00,3.928,3.929,3.928,3.928,2191.97888
2019-12-02 06:14:00,3.926,3.93,3.926,3.928,3604.41447
2019-12-02 06:13:00,3.924,3.928,3.922,3.928,3332.83987
2019-12-02 06:12:00,3.925,3.925,3.923,3.924,345.31596
2019-12-02 06:11:00,3.923,3.925,3.922,3.923,3587.56414
2019-12-02 06:10:00,3.931,3.931,3.922,3.923,958.4015
2019-12-02 06:09:00,3.939,3.939,3.93,3.932,2317.55414
2019-12-02 06:08:00,3.939,3.939,3.938,3.938,1892.54115
2019-12-02 06:07:00,3.938,3.939,3.938,3.939,448.60342
2019-12-02 06:06:00,3.934,3.941,3.934,3.941,646.37427
2019-12-02 06:05:00,3.934,3.934,3.934,3.934,0.17985
2019-12-02 06:04:00,3.933,3.934,3.931,3.934,436.89377
2019-12-02 06:03:00,3.935,3.937,3.934,3.934,4235.93774
2019-12-02 06:02:00,3.94,3.94,3.934,3.935,1669.44645
2019-12-02 06:01:00,3.93,3.94,3.929,3.94,1710.03557
2019-12-02 06:00:00,3.923,3.933,3.923,3.931,2781.69428
2019-12-02 05:59:00,3.923,3.925,3.923,3.925,210.61344
2019-12-02 05:58:00,3.923,3.923,3.923,3.923,0
2019-12-02 05:57:00,3.923,3.923,3.923,3.923,0
2019-12-02 05:56:00,3.924,3.924,3.923,3.923,786.55962
2019-12-02 05:55:00,3.926,3.927,3.925,3.926,3026.92286
2019-12-02 05:54:00,3.924,3.926,3.924,3.924,3192.09322
2019-12-02 05:53:00,3.923,3.93,3.923,3.925,5563.51253
2019-12-02 05:52:00,3.921,3.924,3.921,3.923,1166.46199
2019-12-02 05:51:00,3.921,3.921,3.92,3.921,4891.75398
2019-12-02 05:50:00,3.919,3.921,3.919,3.921,3671.2404
2019-12-02 05:49:00,3.919,3.919,3.919,3.919,457.02801
2019-12-02 05:48:00,3.92,3.92,3.919,3.919,2705.64283
2019-12-02 05:47:00,3.92,3.92,3.919,3.92,1357.6141
2019-12-02 05:46:00,3.92,3.92,3.92,3.92,0
2019-12-02 05:45:00,3.92,3.92,3.92,3.92,213.34485
2019-12-02 05:44:00,3.922,3.923,3.92,3.92,2353.23558
2019-12-02 05:43:00,3.922,3.923,3.921,3.921,3680.46139
2019-12-02 05:42:00,3.92,3.923,3.92,3.922,519.63207
2019-12-02 05:41:00,3.919,3.923,3.919,3.921,2434.69605
2019-12-02 05:40:00,3.926,3.926,3.921,3.921,3416.14276
2019-12-02 05:39:00,3.93,3.93,3.925,3.925,3531.84612
2019-12-02 05:38:00,3.929,3.934,3.929,3.93,1547.20387
2019-12-02 05:37:00,3.93,3.931,3.925,3.925,2897.05517
2019-12-02 05:36:00,3.928,3.93,3.927,3.93,2228.86314
2019-12-02 05:35:00,3.926,3.926,3.922,3.926,1597.59908
2019-12-02 05:34:00,3.925,3.926,3.925,3.925,882.93569
2019-12-02 05:33:00,3.925,3.925,3.924,3.924,316.3096
2019-12-02 05:32:00,3.926,3.926,3.925,3.925,260.25039
2019-12-02 05:31:00,3.923,3.925,3.922,3.925,1866.12989
2019-12-02 05:30:00,3.923,3.923,3.922,3.923,2144.31258
2019-12-02 05:29:00,3.923,3.923,3.923,3.923,1150.27427
2019-12-02 05:28:00,3.926,3.926,3.924,3.924,2123.91907
2019-12-02 05:27:00,3.924,3.926,3.924,3.926,521.8168
2019-12-02 05:26:00,3.928,3.928,3.924,3.924,3570.50081
2019-12-02 05:25:00,3.927,3.927,3.926,3.927,491.13119
2019-12-02 05:24:00,3.931,3.932,3.929,3.929,3093.62385
2019-12-02 05:23:00,3.928,3.932,3.926,3.93,2189.41401
2019-12-02 05:22:00,3.928,3.928,3.928,3.928,1545.61553
2019-12-02 05:21:00,3.931,3.932,3.928,3.928,2926.25562
2019-12-02 05:20:00,3.932,3.932,3.928,3.932,952.30095
2019-12-02 05:19:00,3.93,3.933,3.929,3.932,4050.46686
2019-12-02 05:18:00,3.92,3.928,3.92,3.928,3698.89528
2019-12-02 05:17:00,3.921,3.921,3.919,3.919,770.0943
2019-12-02 05:16:00,3.919,3.921,3.919,3.921,988.83365
2019-12-02 05:15:00,3.915,3.921,3.914,3.918,6010.83231
2019-12-02 05:14:00,3.916,3.916,3.914,3.915,1835.20081
2019-12-02 05:13:00,3.917,3.918,3.916,3.916,1140.11032
2019-12-02 05:12:00,3.92,3.921,3.918,3.918,1764.89591
2019-12-02 05:11:00,3.919,3.921,3.918,3.919,1479.19097
2019-12-02 05:10:00,3.921,3.921,3.919,3.921,2476.3931
2019-12-02 05:09:00,3.921,3.921,3.92,3.921,538.56354
2019-12-02 05:08:00,3.923,3.923,3.921,3.921,692.19689
2019-12-02 05:07:00,3.921,3.923,3.92,3.923,683.27926
2019-12-02 05:06:00,3.918,3.923,3.918,3.92,3953.50918
2019-12-02 05:05:00,3.92,3.92,3.918,3.918,98.41905
2019-12-02 05:04:00,3.919,3.921,3.917,3.921,1142.90944
2019-12-02 05:03:00,3.919,3.92,3.919,3.919,4050.11291
2019-12-02 05:02:00,3.917,3.923,3.914,3.919,4002.68353
2019-12-02 05:01:00,3.917,3.918,3.917,3.917,436.09798
2019-12-02 05:00:00,3.921,3.921,3.919,3.919,1048.0705
2019-12-02 04:59:00,3.924,3.924,3.923,3.923,286.03754
2019-12-02 04:58:00,3.924,3.925,3.924,3.925,1675.66687
2019-12-02 04:57:00,3.929,3.929,3.926,3.926,2728.8982
2019-12-02 04:56:00,3.929,3.929,3.929,3.929,1471.1581
2019-12-02 04:55:00,3.928,3.929,3.928,3.929,352.65466
2019-12-02 04:54:00,3.929,3.93,3.929,3.93,338.85702
2019-12-02 04:53:00,3.929,3.929,3.929,3.929,1660.65044
2019-12-02 04:52:00,3.927,3.929,3.927,3.929,2148.36653
2019-12-02 04:51:00,3.926,3.927,3.926,3.927,1099.90978
2019-12-02 04:50:00,3.926,3.927,3.926,3.927,1117.21071
2019-12-02 04:49:00,3.924,3.925,3.924,3.925,984.31742
2019-12-02 04:48:00,3.926,3.928,3.926,3.926,1788.1448
2019-12-02 04:47:00,3.923,3.926,3.923,3.926,1255.4723
2019-12-02 04:46:00,3.923,3.923,3.923,3.923,2686.54447
2019-12-02 04:45:00,3.922,3.923,3.921,3.923,1731.25003
2019-12-02 04:44:00,3.923,3.923,3.921,3.921,1592.14977
2019-12-02 04:43:00,3.923,3.923,3.923,3.923,235.34104
2019-12-02 04:42:00,3.922,3.923,3.922,3.923,5.44782
2019-12-02 04:41:00,3.921,3.922,3.921,3.922,15.79234
2019-12-02 04:40:00,3.922,3.922,3.921,3.921,356.73459
2019-12-02 04:39:00,3.925,3.925,3.92,3.922,894.47202
2019-12-02 04:38:00,3.922,3.925,3.922,3.925,661.57428
2019-12-02 04:37:00,3.919,3.923,3.919,3.923,1315.07524
2019-12-02 04:36:00,3.919,3.919,3.918,3.919,514.64438
2019-12-02 04:35:00,3.919,3.919,3.918,3.918,1391.15974
2019-12-02 04:34:00,3.918,3.923,3.918,3.92,1600.09784
2019-12-02 04:33:00,3.921,3.921,3.919,3.92,2165.75135
2019-12-02 04:32:00,3.921,3.921,3.92,3.92,1930.06517
2019-12-02 04:31:00,3.921,3.922,3.921,3.921,1610.24623
2019-12-02 04:30:00,3.925,3.925,3.922,3.924,3144.0943
2019-12-02 04:29:00,3.927,3.927,3.927,3.927,1100.29926
2019-12-02 04:28:00,3.931,3.931,3.925,3.926,2281.02605
2019-12-02 04:27:00,3.928,3.932,3.928,3.931,1360.94011
2019-12-02 04:26:00,3.928,3.928,3.928,3.928,2715.61158
2019-12-02 04:25:00,3.925,3.929,3.925,3.929,3638.54908
2019-12-02 04:24:00,3.926,3.926,3.925,3.925,1065.64354
2019-12-02 04:23:00,3.923,3.925,3.923,3.925,2233.85036
2019-12-02 04:22:00,3.923,3.923,3.923,3.923,2195.8272
2019-12-02 04:21:00,3.927,3.928,3.923,3.923,3378.56935
2019-12-02 04:20:00,3.925,3.928,3.925,3.928,1760.81204
2019-12-02 04:19:00,3.924,3.926,3.924,3.925,2948.02555
2019-12-02 04:18:00,3.923,3.924,3.923,3.924,809.29706
2019-12-02 04:17:00,3.922,3.923,3.922,3.923,2509.78419
2019-12-02 04:16:00,3.919,3.925,3.919,3.921,6753.465
2019-12-02 04:15:00,3.924,3.927,3.918,3.918,8880.41879
2019-12-02 04:14:00,3.923,3.926,3.923,3.924,915.22119
2019-12-02 04:13:00,3.921,3.924,3.92,3.924,2900.59363
2019-12-02 04:12:00,3.921,3.922,3.92,3.921,2887.0544
2019-12-02 04:11:00,3.918,3.922,3.917,3.921,1745.46019
2019-12-02 04:10:00,3.918,3.92,3.917,3.918,4921.21362
2019-12-02 04:09:00,3.919,3.919,3.919,3.919,3188.93798
2019-12-02 04:08:00,3.922,3.923,3.918,3.919,3108.28393
2019-12-02 04:07:00,3.922,3.927,3.921,3.922,4022.61845
2019-12-02 04:06:00,3.926,3.926,3.922,3.922,2647.01708
2019-12-02 04:05:00,3.923,3.924,3.923,3.924,571.39205
2019-12-02 04:04:00,3.924,3.925,3.923,3.923,2214.64786
2019-12-02 04:03:00,3.919,3.924,3.919,3.924,1254.17956
2019-12-02 04:02:00,3.917,3.918,3.917,3.918,209.15669
2019-12-02 04:01:00,3.917,3.919,3.917,3.917,3307.71714
2019-12-02 04:00:00,3.915,3.917,3.915,3.917,615.93279
2019-12-02 03:59:00,3.913,3.914,3.909,3.914,3328.63852
2019-12-02 03:58:00,3.915,3.915,3.912,3.914,2233.8136
2019-12-02 03:57:00,3.914,3.916,3.914,3.916,741.53507
2019-12-02 03:56:00,3.912,3.915,3.912,3.913,7390.70686
2019-12-02 03:55:00,3.92,3.921,3.909,3.911,8498.83401
2019-12-02 03:54:00,3.923,3.926,3.92,3.921,5125.15526
2019-12-02 03:53:00,3.92,3.927,3.918,3.922,3043.94924
2019-12-02 03:52:00,3.925,3.925,3.92,3.92,2435.34968
2019-12-02 03:51:00,3.918,3.926,3.917,3.925,4346.12924
2019-12-02 03:50:00,3.925,3.925,3.917,3.918,6461.62384
2019-12-02 03:49:00,3.926,3.927,3.926,3.926,16.69233
2019-12-02 03:48:00,3.925,3.926,3.925,3.926,829.00163
2019-12-02 03:47:00,3.924,3.924,3.924,3.924,0
2019-12-02 03:46:00,3.921,3.924,3.919,3.924,1985.28779
2019-12-02 03:45:00,3.921,3.921,3.92,3.921,1956.7684
2019-12-02 03:44:00,3.923,3.923,3.92,3.921,2325.73071
2019-12-02 03:43:00,3.921,3.923,3.921,3.923,1786.88023
2019-12-02 03:42:00,3.923,3.923,3.92,3.922,757.35016
2019-12-02 03:41:00,3.923,3.925,3.923,3.923,1860.19273
2019-12-02 03:40:00,3.924,3.924,3.923,3.924,513.6919
2019-12-02 03:39:00,3.923,3.925,3.923,3.925,2911.29911
2019-12-02 03:38:00,3.924,3.924,3.923,3.924,940.34615
2019-12-02 03:37:00,3.924,3.924,3.921,3.924,2709.12998
2019-12-02 03:36:00,3.926,3.926,3.925,3.925,1177.75999
2019-12-02 03:35:00,3.926,3.926,3.926,3.926,2655.91221
2019-12-02 03:34:00,3.926,3.927,3.924,3.926,1012.50287
2019-12-02 03:33:00,3.926,3.926,3.926,3.926,862.89525
2019-12-02 03:32:00,3.918,3.928,3.918,3.923,1479.38318
2019-12-02 03:31:00,3.921,3.921,3.918,3.919,1473.45353
2019-12-02 03:30:00,3.917,3.921,3.917,3.921,941.98139
2019-12-02 03:29:00,3.92,3.92,3.918,3.918,106.22389
2019-12-02 03:28:00,3.921,3.921,3.921,3.921,0
2019-12-02 03:27:00,3.921,3.921,3.921,3.921,0
2019-12-02 03:26:00,3.922,3.922,3.921,3.921,454.83829
2019-12-02 03:25:00,3.922,3.922,3.922,3.922,4055.84047
2019-12-02 03:24:00,3.923,3.923,3.922,3.922,626.33908
2019-12-02 03:23:00,3.921,3.923,3.921,3.923,414.76172
2019-12-02 03:22:00,3.922,3.922,3.92,3.922,1838.84265
2019-12-02 03:21:00,3.921,3.922,3.921,3.922,1625.9801
2019-12-02 03:20:00,3.922,3.922,3.921,3.921,1310.73581
2019-12-02 03:19:00,3.922,3.923,3.922,3.923,2474.12679
2019-12-02 03:18:00,3.922,3.923,3.922,3.922,2970.27236
2019-12-02 03:17:00,3.922,3.922,3.921,3.922,1474.8279
2019-12-02 03:16:00,3.921,3.922,3.921,3.921,1425.59339
2019-12-02 03:15:00,3.919,3.923,3.919,3.921,965.00178
2019-12-02 03:14:00,3.916,3.921,3.916,3.919,3921.97382
2019-12-02 03:13:00,3.916,3.917,3.914,3.917,1753.4303
2019-12-02 03:12:00,3.913,3.916,3.913,3.916,1474.26355
2019-12-02 03:11:00,3.912,3.917,3.91,3.914,7520.01802
2019-12-02 03:10:00,3.906,3.912,3.906,3.912,3762.02523
2019-12-02 03:09:00,3.907,3.908,3.905,3.905,2390.37064
2019-12-02 03:08:00,3.899,3.908,3.899,3.907,5175.48159
2019-12-02 03:07:00,3.894,3.899,3.894,3.898,1724.07138
2019-12-02 03:06:00,3.899,3.899,3.894,3.895,647.4775
2019-12-02 03:05:00,3.898,3.899,3.898,3.899,1115.10608
2019-12-02 03:04:00,3.898,3.898,3.897,3.897,819.25856
2019-12-02 03:03:00,3.897,3.898,3.897,3.898,584.83657
2019-12-02 03:02:00,3.897,3.897,3.897,3.897,2166.26689
2019-12-02 03:01:00,3.898,3.898,3.897,3.897,543.70932
2019-12-02 03:00:00,3.898,3.898,3.898,3.898,214.1924
2019-12-02 02:59:00,3.897,3.899,3.897,3.899,1481.72374
2019-12-02 02:58:00,3.9,3.9,3.897,3.897,1889.43593
2019-12-02 02:57:00,3.899,3.9,3.899,3.9,652.62971
2019-12-02 02:56:00,3.901,3.901,3.899,3.899,1895.7467
2019-12-02 02:55:00,3.898,3.902,3.898,3.901,3173.39193
2019-12-02 02:54:00,3.906,3.906,3.898,3.899,2670.96971
2019-12-02 02:53:00,3.91,3.91,3.907,3.907,1436.78853
2019-12-02 02:52:00,3.912,3.912,3.912,3.912,0
2019-12-02 02:51:00,3.913,3.913,3.912,3.912,443.19177
2019-12-02 02:50:00,3.913,3.913,3.913,3.913,781.17983
2019-12-02 02:49:00,3.916,3.916,3.913,3.913,2355.58325
2019-12-02 02:48:00,3.916,3.916,3.916,3.916,387.9768
2019-12-02 02:47:00,3.917,3.918,3.917,3.917,379.04004
2019-12-02 02:46:00,3.916,3.918,3.916,3.917,1013.79767
2019-12-02 02:45:00,3.912,3.919,3.912,3.917,467.22368
2019-12-02 02:44:00,3.907,3.912,3.906,3.912,1375.25685
2019-12-02 02:43:00,3.912,3.912,3.909,3.909,547.02422
2019-12-02 02:42:00,3.912,3.912,3.912,3.912,3.5081
2019-12-02 02:41:00,3.913,3.913,3.912,3.912,885.43877
2019-12-02 02:40:00,3.914,3.914,3.913,3.913,1087.38929
2019-12-02 02:39:00,3.916,3.916,3.914,3.914,447.96608
2019-12-02 02:38:00,3.917,3.917,3.914,3.916,1970.85823
2019-12-02 02:37:00,3.921,3.921,3.917,3.917,27.66318
2019-12-02 02:36:00,3.921,3.923,3.921,3.923,642.15709
2019-12-02 02:35:00,3.924,3.924,3.921,3.921,613.78396
2019-12-02 02:34:00,3.925,3.925,3.925,3.925,274.13369
2019-12-02 02:33:00,3.924,3.926,3.924,3.926,2211.55901
2019-12-02 02:32:00,3.926,3.926,3.923,3.924,3229.61142
2019-12-02 02:31:00,3.926,3.926,3.926,3.926,0.13246
2019-12-02 02:30:00,3.925,3.925,3.925,3.925,0
2019-12-02 02:29:00,3.925,3.925,3.925,3.925,0.2176
2019-12-02 02:28:00,3.924,3.924,3.924,3.924,2037.62307
2019-12-02 02:27:00,3.922,3.924,3.922,3.924,839.98262
2019-12-02 02:26:00,3.922,3.923,3.922,3.923,379.15929
2019-12-02 02:25:00,3.922,3.922,3.922,3.922,0
2019-12-02 02:24:00,3.922,3.922,3.922,3.922,0
2019-12-02 02:23:00,3.922,3.922,3.922,3.922,197.40143
2019-12-02 02:22:00,3.92,3.92,3.92,3.92,4.54677
2019-12-02 02:21:00,3.92,3.92,3.917,3.919,835.59334
2019-12-02 02:20:00,3.915,3.919,3.915,3.919,4120.54837
2019-12-02 02:19:00,3.918,3.918,3.915,3.915,73.37707
2019-12-02 02:18:00,3.919,3.919,3.919,3.919,26.0437
2019-12-02 02:17:00,3.922,3.922,3.921,3.921,1449.15629
2019-12-02 02:16:00,3.92,3.921,3.92,3.921,823.23683
2019-12-02 02:15:00,3.922,3.922,3.916,3.92,1789.31182
2019-12-02 02:14:00,3.921,3.922,3.921,3.922,2478.96675
2019-12-02 02:13:00,3.922,3.925,3.92,3.921,2469.53968
2019-12-02 02:12:00,3.924,3.924,3.92,3.92,395.39286
2019-12-02 02:11:00,3.916,3.922,3.916,3.922,1448.66118
2019-12-02 02:10:00,3.914,3.916,3.913,3.915,1791.98854
2019-12-02 02:09:00,3.913,3.914,3.912,3.913,1235.9879
2019-12-02 02:08:00,3.911,3.913,3.911,3.913,548.66929
2019-12-02 02:07:00,3.908,3.911,3.908,3.911,203.04571
2019-12-02 02:06:00,3.913,3.913,3.908,3.908,3235.26128
2019-12-02 02:05:00,3.915,3.915,3.914,3.914,754.24615
2019-12-02 02:04:00,3.918,3.918,3.915,3.916,1210.24674
2019-12-02 02:03:00,3.925,3.925,3.918,3.918,1097.33604
2019-12-02 02:02:00,3.923,3.925,3.923,3.925,1047.81734
2019-12-02 02:01:00,3.923,3.924,3.923,3.924,1391.2502
2019-12-02 02:00:00,3.923,3.923,3.923,3.923,204.297
2019-12-02 01:59:00,3.922,3.922,3.922,3.922,374.42131
2019-12-02 01:58:00,3.921,3.922,3.921,3.922,2370.13799
2019-12-02 01:57:00,3.922,3.922,3.922,3.922,2349.4601
2019-12-02 01:56:00,3.921,3.922,3.921,3.922,1136.85972
2019-12-02 01:55:00,3.921,3.921,3.921,3.921,147.70015
2019-12-02 01:54:00,3.924,3.924,3.921,3.921,826.21726
2019-12-02 01:53:00,3.924,3.924,3.924,3.924,0
2019-12-02 01:52:00,3.924,3.924,3.924,3.924,0
2019-12-02 01:51:00,3.924,3.924,3.922,3.924,695.11941
2019-12-02 01:50:00,3.922,3.925,3.922,3.925,1481.30853
2019-12-02 01:49:00,3.921,3.923,3.921,3.923,1182.72838
2019-12-02 01:48:00,3.916,3.921,3.916,3.92,1711.0884
2019-12-02 01:47:00,3.916,3.916,3.915,3.916,1679.78425
2019-12-02 01:46:00,3.913,3.919,3.913,3.916,2052.36344
2019-12-02 01:45:00,3.915,3.915,3.915,3.915,0
2019-12-02 01:44:00,3.915,3.915,3.915,3.915,9.65971
2019-12-02 01:43:00,3.916,3.917,3.915,3.915,532.8426
2019-12-02 01:42:00,3.917,3.917,3.917,3.917,1872.96076
2019-12-02 01:41:00,3.916,3.919,3.916,3.918,455.25032
2019-12-02 01:40:00,3.917,3.917,3.916,3.916,356.81418
2019-12-02 01:39:00,3.917,3.917,3.917,3.917,2277.5431
2019-12-02 01:38:00,3.919,3.919,3.919,3.919,0
2019-12-02 01:37:00,3.923,3.923,3.919,3.919,1895.77308
2019-12-02 01:36:00,3.92,3.923,3.92,3.923,2020.87342
2019-12-02 01:35:00,3.918,3.919,3.917,3.919,174.35502
2019-12-02 01:34:00,3.919,3.919,3.918,3.918,1171.76077
2019-12-02 01:33:00,3.919,3.92,3.918,3.92,830.16279
2019-12-02 01:32:00,3.915,3.917,3.915,3.917,441.22297
2019-12-02 01:31:00,3.914,3.918,3.914,3.916,943.66217
2019-12-02 01:30:00,3.913,3.914,3.913,3.914,1984.20553
2019-12-02 01:29:00,3.914,3.914,3.913,3.913,2180.13289
2019-12-02 01:28:00,3.913,3.914,3.913,3.914,1206.89791
2019-12-02 01:27:00,3.917,3.917,3.912,3.912,3103.66834
2019-12-02 01:26:00,3.919,3.919,3.914,3.917,2782.08122
2019-12-02 01:25:00,3.915,3.919,3.915,3.919,2779.41964
2019-12-02 01:24:00,3.915,3.915,3.915,3.915,0
2019-12-02 01:23:00,3.915,3.915,3.915,3.915,0
2019-12-02 01:22:00,3.915,3.919,3.915,3.915,1999.12813
2019-12-02 01:21:00,3.916,3.916,3.915,3.915,326.85349
2019-12-02 01:20:00,3.918,3.918,3.918,3.918,310.35685
2019-12-02 01:19:00,3.919,3.919,3.917,3.918,2478.61385
2019-12-02 01:18:00,3.916,3.918,3.916,3.918,529.17496
2019-12-02 01:17:00,3.914,3.916,3.914,3.916,1860.1833
2019-12-02 01:16:00,3.913,3.915,3.913,3.913,601.63052
2019-12-02 01:15:00,3.911,3.914,3.911,3.912,2274.47467
2019-12-02 01:14:00,3.918,3.918,3.911,3.912,368.88225
2019-12-02 01:13:00,3.919,3.922,3.917,3.918,1356.23782
2019-12-02 01:12:00,3.913,3.919,3.912,3.917,4890.85922
2019-12-02 01:11:00,3.912,3.913,3.911,3.913,174.93726
2019-12-02 01:10:00,3.91,3.911,3.91,3.911,1116.70666
2019-12-02 01:09:00,3.913,3.913,3.91,3.91,2388.30193
2019-12-02 01:08:00,3.917,3.918,3.911,3.913,2469.61732
2019-12-02 01:07:00,3.913,3.92,3.913,3.917,4739.01233
2019-12-02 01:06:00,3.918,3.918,3.915,3.915,263.90429
2019-12-02 01:05:00,3.92,3.92,3.917,3.919,1702.41446
2019-12-02 01:04:00,3.922,3.922,3.917,3.921,1824.89837
2019-12-02 01:03:00,3.922,3.925,3.922,3.923,1481.22455
2019-12-02 01:02:00,3.932,3.932,3.924,3.924,11618.21455
2019-12-02 01:01:00,3.931,3.934,3.931,3.934,893.76606
2019-12-02 01:00:00,3.927,3.93,3.927,3.93,2056.92745
2019-12-02 00:59:00,3.923,3.925,3.923,3.925,1383.32161
2019-12-02 00:58:00,3.921,3.921,3.921,3.921,5.10516
2019-12-02 00:57:00,3.919,3.923,3.918,3.92,805.86496
2019-12-02 00:56:00,3.92,3.92,3.92,3.92,241.4231
2019-12-02 00:55:00,3.919,3.92,3.917,3.92,468.2377
2019-12-02 00:54:00,3.92,3.921,3.916,3.917,2856.18129
2019-12-02 00:53:00,3.919,3.921,3.917,3.921,3027.71944
2019-12-02 00:52:00,3.919,3.923,3.919,3.921,3135.40799
2019-12-02 00:51:00,3.929,3.929,3.919,3.924,5384.16017
2019-12-02 00:50:00,3.932,3.932,3.929,3.93,1220.36116
2019-12-02 00:49:00,3.931,3.932,3.931,3.932,1323.2607
2019-12-02 00:48:00,3.931,3.934,3.93,3.931,1345.04851
2019-12-02 00:47:00,3.934,3.934,3.932,3.932,2051.31902
2019-12-02 00:46:00,3.935,3.936,3.935,3.935,1139.23125
2019-12-02 00:45:00,3.932,3.933,3.932,3.933,2835.43598
2019-12-02 00:44:00,3.932,3.933,3.932,3.932,2245.9288
2019-12-02 00:43:00,3.931,3.933,3.931,3.932,2814.54744
2019-12-02 00:42:00,3.927,3.933,3.927,3.931,6449.90746
2019-12-02 00:41:00,3.922,3.927,3.921,3.927,903.69729
2019-12-02 00:40:00,3.924,3.925,3.92,3.921,2921.25467
2019-12-02 00:39:00,3.915,3.923,3.915,3.923,1812.24767
2019-12-02 00:38:00,3.91,3.914,3.91,3.914,2964.4342
2019-12-02 00:37:00,3.911,3.911,3.909,3.91,1907.93992
2019-12-02 00:36:00,3.91,3.913,3.909,3.911,807.73383
2019-12-02 00:35:00,3.91,3.912,3.91,3.911,517.89348
2019-12-02 00:34:00,3.908,3.913,3.905,3.91,4543.13341
2019-12-02 00:33:00,3.909,3.912,3.906,3.91,4858.9466
2019-12-02 00:32:00,3.914,3.915,3.91,3.91,3952.92004
2019-12-02 00:31:00,3.919,3.919,3.914,3.915,1739.96204
2019-12-02 00:30:00,3.919,3.919,3.919,3.919,1186.29602
2019-12-02 00:29:00,3.921,3.921,3.918,3.919,2046.95776
2019-12-02 00:28:00,3.925,3.925,3.921,3.921,931.93639
2019-12-02 00:27:00,3.925,3.926,3.924,3.925,890.19345
2019-12-02 00:26:00,3.925,3.926,3.925,3.925,759.05993
2019-12-02 00:25:00,3.928,3.929,3.925,3.925,1744.84758
2019-12-02 00:24:00,3.93,3.931,3.925,3.926,4119.99596
2019-12-02 00:23:00,3.931,3.931,3.928,3.929,4433.63663
2019-12-02 00:22:00,3.935,3.937,3.931,3.932,3029.71242
2019-12-02 00:21:00,3.934,3.937,3.934,3.936,2487.35581
2019-12-02 00:20:00,3.934,3.935,3.933,3.934,3447.13928
2019-12-02 00:19:00,3.927,3.934,3.927,3.934,1345.60882
2019-12-02 00:18:00,3.926,3.926,3.926,3.926,10.18406
2019-12-02 00:17:00,3.928,3.929,3.926,3.926,2216.52365
2019-12-02 00:16:00,3.925,3.929,3.925,3.928,3506.46562
2019-12-02 00:15:00,3.926,3.926,3.925,3.925,1451.72393
2019-12-02 00:14:00,3.928,3.928,3.923,3.923,3981.01427
2019-12-02 00:13:00,3.928,3.928,3.927,3.927,659.60111
2019-12-02 00:12:00,3.933,3.934,3.928,3.928,1472.32881
2019-12-02 00:11:00,3.93,3.933,3.93,3.933,54.81584
2019-12-02 00:10:00,3.93,3.931,3.93,3.931,1686.99208
2019-12-02 00:09:00,3.927,3.931,3.927,3.93,3045.26632
2019-12-02 00:08:00,3.931,3.931,3.927,3.929,590.1417
2019-12-02 00:07:00,3.928,3.931,3.926,3.931,1017.96436
2019-12-02 00:06:00,3.929,3.929,3.922,3.928,1753.09214
2019-12-02 00:05:00,3.931,3.936,3.927,3.929,3370.92148
2019-12-02 00:04:00,3.915,3.93,3.915,3.93,5443.80472
2019-12-02 00:03:00,3.899,3.914,3.899,3.914,2848.9157
2019-12-02 00:02:00,3.905,3.905,3.896,3.899,3848.02902
2019-12-02 00:01:00,3.903,3.905,3.902,3.905,878.43606
2019-12-02 00:00:00,3.908,3.908,3.904,3.904,697.45715
