2019-11-10 23:59:00,4.966,4.966,4.964,4.966,387.9297
2019-11-10 23:58:00,4.966,4.967,4.965,4.965,853.02161
2019-11-10 23:57:00,4.968,4.968,4.966,4.966,422.0393
2019-11-10 23:56:00,4.969,4.969,4.968,4.969,729.16856
2019-11-10 23:55:00,4.971,4.971,4.969,4.97,2169.70191
2019-11-10 23:54:00,4.972,4.972,4.971,4.972,1576.89263
2019-11-10 23:53:00,4.972,4.972,4.97,4.971,2881.03429
2019-11-10 23:52:00,4.966,4.972,4.964,4.972,2106.75529
2019-11-10 23:51:00,4.969,4.969,4.966,4.967,843.15139
2019-11-10 23:50:00,4.974,4.974,4.969,4.969,2506.9107
2019-11-10 23:49:00,4.972,4.974,4.972,4.974,1333.6021
2019-11-10 23:48:00,4.973,4.973,4.971,4.971,2172.99731
2019-11-10 23:47:00,4.972,4.972,4.971,4.971,2217.73454
2019-11-10 23:46:00,4.964,4.971,4.964,4.97,4238.90118
2019-11-10 23:45:00,4.969,4.969,4.964,4.964,3131.1923
2019-11-10 23:44:00,4.97,4.97,4.97,4.97,1464.57141
2019-11-10 23:43:00,4.97,4.97,4.969,4.97,1839.47783
2019-11-10 23:42:00,4.972,4.972,4.97,4.97,1567.91841
2019-11-10 23:41:00,4.972,4.972,4.972,4.972,567.54174
2019-11-10 23:40:00,4.971,4.971,4.97,4.971,508.07445
2019-11-10 23:39:00,4.972,4.974,4.971,4.972,741.97061
2019-11-10 23:38:00,4.975,4.975,4.972,4.973,488.70636
2019-11-10 23:37:00,4.975,4.975,4.971,4.975,3978.00393
2019-11-10 23:36:00,4.973,4.975,4.973,4.975,89.08231
2019-11-10 23:35:00,4.973,4.973,4.973,4.973,0.1131
2019-11-10 23:34:00,4.973,4.973,4.973,4.973,223.71271
2019-11-10 23:33:00,4.976,4.976,4.971,4.973,1441.06679
2019-11-10 23:32:00,4.978,4.978,4.976,4.976,195.54048
2019-11-10 23:31:00,4.978,4.978,4.978,4.978,0
2019-11-10 23:30:00,4.978,4.978,4.978,4.978,201.3604
2019-11-10 23:29:00,4.978,4.978,4.978,4.978,407.33181
2019-11-10 23:28:00,4.979,4.98,4.978,4.979,1954.91045
2019-11-10 23:27:00,4.974,4.979,4.974,4.978,1700.55922
2019-11-10 23:26:00,4.974,4.974,4.974,4.974,0.47584
2019-11-10 23:25:00,4.976,4.976,4.976,4.976,0
2019-11-10 23:24:00,4.973,4.977,4.973,4.976,2165.98927
2019-11-10 23:23:00,4.973,4.974,4.973,4.974,1046.42591
2019-11-10 23:22:00,4.975,4.975,4.972,4.972,1855.125
2019-11-10 23:21:00,4.969,4.975,4.969,4.975,1647.47184
2019-11-10 23:20:00,4.971,4.971,4.969,4.969,27.25927
2019-11-10 23:19:00,4.972,4.973,4.971,4.971,1127.93791
2019-11-10 23:18:00,4.975,4.975,4.972,4.974,1261.49569
2019-11-10 23:17:00,4.981,4.981,4.975,4.975,517.78975
2019-11-10 23:16:00,4.977,4.98,4.977,4.98,1876.0778
2019-11-10 23:15:00,4.976,4.977,4.975,4.977,483.54786
2019-11-10 23:14:00,4.979,4.979,4.974,4.976,1024.40693
2019-11-10 23:13:00,4.979,4.979,4.979,4.979,252.35482
2019-11-10 23:12:00,4.98,4.98,4.979,4.979,284.33163
2019-11-10 23:11:00,4.981,4.981,4.98,4.98,330.99272
2019-11-10 23:10:00,4.976,4.984,4.975,4.982,3481.64044
2019-11-10 23:09:00,4.977,4.978,4.973,4.974,1935.39736
2019-11-10 23:08:00,4.977,4.977,4.977,4.977,1270.05988
2019-11-10 23:07:00,4.977,4.977,4.975,4.976,264.84306
2019-11-10 23:06:00,4.979,4.979,4.976,4.977,748.81724
2019-11-10 23:05:00,4.977,4.979,4.974,4.979,1879.42154
2019-11-10 23:04:00,4.982,4.982,4.978,4.978,274.62491
2019-11-10 23:03:00,4.982,4.982,4.982,4.982,4.07128
2019-11-10 23:02:00,4.982,4.983,4.981,4.983,2707.27422
2019-11-10 23:01:00,4.984,4.984,4.982,4.982,324.03316
2019-11-10 23:00:00,4.984,4.984,4.984,4.984,400.67881
2019-11-10 22:59:00,4.979,4.981,4.979,4.981,254.74095
2019-11-10 22:58:00,4.979,4.98,4.979,4.979,1414.17693
2019-11-10 22:57:00,4.979,4.979,4.979,4.979,611.49752
2019-11-10 22:56:00,4.98,4.98,4.98,4.98,0
2019-11-10 22:55:00,4.982,4.982,4.978,4.98,2199.40258
2019-11-10 22:54:00,4.98,4.981,4.98,4.981,836.86412
2019-11-10 22:53:00,4.979,4.979,4.979,4.979,0
2019-11-10 22:52:00,4.977,4.979,4.977,4.979,845.07982
2019-11-10 22:51:00,4.975,4.98,4.975,4.977,2015.42749
2019-11-10 22:50:00,4.974,4.975,4.974,4.975,1483.47366
2019-11-10 22:49:00,4.972,4.972,4.972,4.972,1161.98051
2019-11-10 22:48:00,4.972,4.972,4.971,4.972,1625.94743
2019-11-10 22:47:00,4.975,4.975,4.971,4.971,1185.02534
2019-11-10 22:46:00,4.973,4.975,4.973,4.975,1406.98092
2019-11-10 22:45:00,4.972,4.974,4.972,4.973,725.51373
2019-11-10 22:44:00,4.973,4.973,4.972,4.972,517.46632
2019-11-10 22:43:00,4.976,4.976,4.973,4.973,925.56287
2019-11-10 22:42:00,4.976,4.976,4.976,4.976,0
2019-11-10 22:41:00,4.976,4.976,4.976,4.976,0.02
2019-11-10 22:40:00,4.981,4.981,4.975,4.975,1736.92366
2019-11-10 22:39:00,4.982,4.982,4.982,4.982,1714.97172
2019-11-10 22:38:00,4.982,4.983,4.982,4.983,436.97649
2019-11-10 22:37:00,4.981,4.983,4.981,4.981,968.38834
2019-11-10 22:36:00,4.981,4.981,4.981,4.981,0
2019-11-10 22:35:00,4.981,4.981,4.981,4.981,0
2019-11-10 22:34:00,4.981,4.982,4.981,4.981,1903.99886
2019-11-10 22:33:00,4.982,4.982,4.98,4.98,1342.3044
2019-11-10 22:32:00,4.983,4.983,4.983,4.983,790.48844
2019-11-10 22:31:00,4.983,4.983,4.983,4.983,0
2019-11-10 22:30:00,4.979,4.983,4.979,4.983,3362.83785
2019-11-10 22:29:00,4.978,4.98,4.977,4.98,996.88533
2019-11-10 22:28:00,4.98,4.983,4.979,4.979,2599.99093
2019-11-10 22:27:00,4.98,4.98,4.98,4.98,1611.32519
2019-11-10 22:26:00,4.983,4.983,4.981,4.981,1272.002
2019-11-10 22:25:00,4.982,4.983,4.982,4.983,0.23859
2019-11-10 22:24:00,4.98,4.982,4.98,4.981,6522.28533
2019-11-10 22:23:00,4.98,4.981,4.978,4.98,653.17423
2019-11-10 22:22:00,4.98,4.98,4.979,4.979,6.93322
2019-11-10 22:21:00,4.98,4.981,4.979,4.981,1466.81676
2019-11-10 22:20:00,4.977,4.979,4.975,4.979,2557.78842
2019-11-10 22:19:00,4.976,4.977,4.974,4.977,2887.17738
2019-11-10 22:18:00,4.975,4.975,4.974,4.975,1824.56322
2019-11-10 22:17:00,4.976,4.976,4.973,4.973,1725.73612
2019-11-10 22:16:00,4.971,4.976,4.971,4.976,1719.02006
2019-11-10 22:15:00,4.969,4.971,4.969,4.97,1320.69227
2019-11-10 22:14:00,4.967,4.968,4.967,4.967,1879.86846
2019-11-10 22:13:00,4.965,4.967,4.965,4.966,240.17486
2019-11-10 22:12:00,4.965,4.965,4.965,4.965,0
2019-11-10 22:11:00,4.965,4.966,4.964,4.965,1150.30594
2019-11-10 22:10:00,4.964,4.964,4.964,4.964,309.27291
2019-11-10 22:09:00,4.959,4.966,4.956,4.963,2196.94172
2019-11-10 22:08:00,4.963,4.963,4.959,4.959,452.77615
2019-11-10 22:07:00,4.964,4.965,4.963,4.963,1618.04535
2019-11-10 22:06:00,4.966,4.966,4.963,4.963,4.3875
2019-11-10 22:05:00,4.969,4.97,4.963,4.966,1751.84922
2019-11-10 22:04:00,4.97,4.97,4.969,4.969,547.74502
2019-11-10 22:03:00,4.972,4.972,4.969,4.97,744.6625
2019-11-10 22:02:00,4.972,4.973,4.972,4.973,378.80036
2019-11-10 22:01:00,4.972,4.972,4.972,4.972,1244.46555
2019-11-10 22:00:00,4.976,4.976,4.972,4.972,1146.29852
2019-11-10 21:59:00,4.972,4.975,4.972,4.975,1778.84229
2019-11-10 21:58:00,4.972,4.973,4.972,4.973,217.7275
2019-11-10 21:57:00,4.976,4.976,4.973,4.973,223.90082
2019-11-10 21:56:00,4.98,4.98,4.977,4.977,3924.94057
2019-11-10 21:55:00,4.98,4.983,4.98,4.981,2210.054
2019-11-10 21:54:00,4.976,4.979,4.976,4.979,1321.31463
2019-11-10 21:53:00,4.974,4.976,4.973,4.976,2642.44017
2019-11-10 21:52:00,4.974,4.974,4.974,4.974,104.00369
2019-11-10 21:51:00,4.97,4.975,4.97,4.974,1436.73271
2019-11-10 21:50:00,4.966,4.969,4.966,4.968,1911.05395
2019-11-10 21:49:00,4.966,4.968,4.965,4.965,825.30035
2019-11-10 21:48:00,4.967,4.968,4.966,4.966,998.47949
2019-11-10 21:47:00,4.969,4.969,4.967,4.967,419.346
2019-11-10 21:46:00,4.963,4.967,4.963,4.966,450.69935
2019-11-10 21:45:00,4.966,4.966,4.959,4.963,1320.14167
2019-11-10 21:44:00,4.97,4.97,4.967,4.967,600.70297
2019-11-10 21:43:00,4.964,4.971,4.961,4.971,3542.03819
2019-11-10 21:42:00,4.967,4.967,4.966,4.966,963.1048
2019-11-10 21:41:00,4.963,4.967,4.963,4.967,1769.06545
2019-11-10 21:40:00,4.968,4.969,4.962,4.964,4232.36972
2019-11-10 21:39:00,4.969,4.973,4.964,4.97,4902.25569
2019-11-10 21:38:00,4.974,4.979,4.968,4.969,3958.48417
2019-11-10 21:37:00,4.972,4.974,4.97,4.974,1925.45309
2019-11-10 21:36:00,4.978,4.978,4.975,4.975,1063.16737
2019-11-10 21:35:00,4.979,4.979,4.978,4.978,521.61882
2019-11-10 21:34:00,4.98,4.98,4.979,4.979,486.74922
2019-11-10 21:33:00,4.983,4.983,4.981,4.981,1238.31662
2019-11-10 21:32:00,4.981,4.984,4.98,4.982,260.90929
2019-11-10 21:31:00,4.981,4.981,4.981,4.981,488.10549
2019-11-10 21:30:00,4.984,4.984,4.981,4.982,1656.8651
2019-11-10 21:29:00,4.978,4.985,4.978,4.984,1425.34757
2019-11-10 21:28:00,4.982,4.983,4.977,4.978,2357.47235
2019-11-10 21:27:00,4.984,4.985,4.982,4.982,1725.93156
2019-11-10 21:26:00,4.984,4.985,4.984,4.984,567.78237
2019-11-10 21:25:00,4.985,4.985,4.985,4.985,0
2019-11-10 21:24:00,4.982,4.985,4.982,4.985,79.64954
2019-11-10 21:23:00,4.982,4.982,4.982,4.982,4
2019-11-10 21:22:00,4.981,4.984,4.981,4.982,657.72013
2019-11-10 21:21:00,4.983,4.984,4.981,4.981,1428.77823
2019-11-10 21:20:00,4.98,4.985,4.98,4.983,2328.41723
2019-11-10 21:19:00,4.98,4.981,4.974,4.98,1699.47842
2019-11-10 21:18:00,4.981,4.981,4.981,4.981,909.93582
2019-11-10 21:17:00,4.983,4.983,4.981,4.983,1149.14177
2019-11-10 21:16:00,4.983,4.985,4.983,4.984,2394.75425
2019-11-10 21:15:00,4.983,4.984,4.982,4.983,291.45421
2019-11-10 21:14:00,4.983,4.983,4.982,4.983,756.2801
2019-11-10 21:13:00,4.99,4.99,4.983,4.983,1373.52534
2019-11-10 21:12:00,4.989,4.99,4.989,4.99,662.16438
2019-11-10 21:11:00,4.989,4.989,4.989,4.989,0.01121
2019-11-10 21:10:00,4.988,4.988,4.987,4.988,450.13526
2019-11-10 21:09:00,4.99,4.99,4.99,4.99,0
2019-11-10 21:08:00,4.988,4.99,4.987,4.99,1927.86267
2019-11-10 21:07:00,4.996,4.996,4.986,4.99,1582.57823
2019-11-10 21:06:00,4.996,4.996,4.995,4.996,213.12206
2019-11-10 21:05:00,4.994,5.002,4.994,4.997,2022.26059
2019-11-10 21:04:00,5,5,4.992,4.993,3393.32485
2019-11-10 21:03:00,5.001,5.001,5,5.001,788.69076
2019-11-10 21:02:00,5.001,5.005,5.001,5.002,1283.03161
2019-11-10 21:01:00,4.998,5,4.998,5,605.69872
2019-11-10 21:00:00,4.999,4.999,4.998,4.998,332.36524
2019-11-10 20:59:00,4.995,4.999,4.995,4.999,4359.83079
2019-11-10 20:58:00,4.996,5.003,4.989,4.995,4792.37718
2019-11-10 20:57:00,4.994,4.995,4.994,4.995,1675.70505
2019-11-10 20:56:00,4.995,4.995,4.994,4.994,1671.71689
2019-11-10 20:55:00,4.996,4.996,4.995,4.995,197.63067
2019-11-10 20:54:00,4.996,4.996,4.996,4.996,3.89984
2019-11-10 20:53:00,4.996,4.996,4.996,4.996,0
2019-11-10 20:52:00,4.998,4.998,4.996,4.996,238.74513
2019-11-10 20:51:00,4.993,4.998,4.993,4.998,2480.97598
2019-11-10 20:50:00,4.995,4.995,4.993,4.993,112.64075
2019-11-10 20:49:00,4.996,4.996,4.996,4.996,270.15155
2019-11-10 20:48:00,5,5,4.995,4.996,1516.37562
2019-11-10 20:47:00,4.998,4.998,4.998,4.998,0
2019-11-10 20:46:00,4.998,4.998,4.997,4.998,1302.041
2019-11-10 20:45:00,4.997,4.998,4.997,4.998,1223.59862
2019-11-10 20:44:00,5,5,4.996,4.997,1236.41187
2019-11-10 20:43:00,4.998,5.001,4.998,5,791.29835
2019-11-10 20:42:00,4.998,4.998,4.998,4.998,0.05193
2019-11-10 20:41:00,4.996,4.997,4.996,4.997,1980.15529
2019-11-10 20:40:00,4.994,4.996,4.994,4.996,913.00723
2019-11-10 20:39:00,4.995,4.996,4.995,4.996,1436.27971
2019-11-10 20:38:00,4.996,4.999,4.995,4.995,2317.32553
2019-11-10 20:37:00,4.994,4.995,4.994,4.995,1748.38063
2019-11-10 20:36:00,4.995,4.996,4.994,4.994,1039.65275
2019-11-10 20:35:00,4.994,4.994,4.994,4.994,0
2019-11-10 20:34:00,4.994,4.994,4.994,4.994,0
2019-11-10 20:33:00,4.995,4.995,4.992,4.994,609.35716
2019-11-10 20:32:00,4.996,4.996,4.996,4.996,0
2019-11-10 20:31:00,4.996,4.996,4.996,4.996,0
2019-11-10 20:30:00,4.996,4.996,4.996,4.996,270.58202
2019-11-10 20:29:00,4.996,4.996,4.996,4.996,854.81659
2019-11-10 20:28:00,4.996,4.997,4.995,4.996,13.19314
2019-11-10 20:27:00,4.997,4.997,4.996,4.996,1.07112
2019-11-10 20:26:00,4.997,4.999,4.997,4.997,1190.50903
2019-11-10 20:25:00,4.996,4.996,4.996,4.996,1.06573
2019-11-10 20:24:00,4.995,4.996,4.995,4.996,793.04405
2019-11-10 20:23:00,4.996,4.997,4.994,4.995,2145.57088
2019-11-10 20:22:00,4.996,4.997,4.996,4.996,130.07527
2019-11-10 20:21:00,4.996,4.997,4.996,4.996,36.12759
2019-11-10 20:20:00,4.996,4.996,4.996,4.996,51.56135
2019-11-10 20:19:00,4.997,4.998,4.994,4.994,382.42031
2019-11-10 20:18:00,4.998,4.998,4.997,4.997,1787.01026
2019-11-10 20:17:00,4.998,4.998,4.998,4.998,2.88801
2019-11-10 20:16:00,4.999,4.999,4.998,4.998,594.65172
2019-11-10 20:15:00,4.997,4.998,4.997,4.998,353.37748
2019-11-10 20:14:00,4.997,4.997,4.997,4.997,0.41954
2019-11-10 20:13:00,4.998,4.998,4.997,4.997,966.67719
2019-11-10 20:12:00,4.997,4.999,4.997,4.999,812.92758
2019-11-10 20:11:00,4.997,4.997,4.997,4.997,0
2019-11-10 20:10:00,4.997,4.997,4.997,4.997,329.7982
2019-11-10 20:09:00,4.999,4.999,4.996,4.998,2409.62243
2019-11-10 20:08:00,4.999,4.999,4.998,4.999,260.9812
2019-11-10 20:07:00,4.998,4.999,4.998,4.998,1670.15596
2019-11-10 20:06:00,4.998,4.998,4.997,4.998,858.10607
2019-11-10 20:05:00,4.996,4.999,4.996,4.998,1205.5726
2019-11-10 20:04:00,4.991,4.997,4.99,4.996,1177.79978
2019-11-10 20:03:00,4.99,4.991,4.99,4.99,223.21788
2019-11-10 20:02:00,4.993,4.993,4.991,4.991,589.37064
2019-11-10 20:01:00,4.992,4.993,4.992,4.993,172.98041
2019-11-10 20:00:00,4.989,4.991,4.989,4.99,490.62967
2019-11-10 19:59:00,4.985,4.986,4.985,4.986,320.67643
2019-11-10 19:58:00,4.988,4.989,4.985,4.985,2333.05316
2019-11-10 19:57:00,4.99,4.99,4.989,4.989,782.07802
2019-11-10 19:56:00,4.988,4.988,4.988,4.988,354.12367
2019-11-10 19:55:00,4.992,4.992,4.989,4.989,571.98724
2019-11-10 19:54:00,4.991,4.991,4.991,4.991,1737.0475
2019-11-10 19:53:00,4.993,4.993,4.993,4.993,207.05992
2019-11-10 19:52:00,4.995,4.995,4.994,4.994,247.0438
2019-11-10 19:51:00,4.996,4.996,4.995,4.995,806.43243
2019-11-10 19:50:00,4.996,4.998,4.996,4.997,150.56021
2019-11-10 19:49:00,4.996,4.996,4.996,4.996,0
2019-11-10 19:48:00,4.996,4.996,4.996,4.996,18.49326
2019-11-10 19:47:00,4.998,4.998,4.995,4.997,1702.74851
2019-11-10 19:46:00,4.997,5,4.996,4.996,2346.85151
2019-11-10 19:45:00,4.997,4.997,4.997,4.997,47.55855
2019-11-10 19:44:00,4.999,4.999,4.997,4.998,300.31096
2019-11-10 19:43:00,4.998,5,4.998,5,807.79554
2019-11-10 19:42:00,4.999,4.999,4.997,4.998,463.78634
2019-11-10 19:41:00,4.999,4.999,4.993,4.999,2088.45354
2019-11-10 19:40:00,5.001,5.001,4.997,4.999,48.71807
2019-11-10 19:39:00,5.007,5.007,5.001,5.002,1923.28276
2019-11-10 19:38:00,5.008,5.008,5.006,5.007,1164.06966
2019-11-10 19:37:00,5.004,5.008,5.004,5.008,269.1439
2019-11-10 19:36:00,5.004,5.004,5.004,5.004,0.04736
2019-11-10 19:35:00,5.003,5.003,5.003,5.003,191.48829
2019-11-10 19:34:00,5.007,5.007,5.002,5.003,3698.65134
2019-11-10 19:33:00,5.007,5.007,5.007,5.007,0
2019-11-10 19:32:00,5.007,5.007,5.007,5.007,4
2019-11-10 19:31:00,5.008,5.008,5.006,5.006,2114.42341
2019-11-10 19:30:00,5.003,5.007,5.003,5.006,1093.98241
2019-11-10 19:29:00,5.004,5.005,5.003,5.003,2902.00766
2019-11-10 19:28:00,5.006,5.007,5.002,5.005,2518.39336
2019-11-10 19:27:00,5.003,5.006,5.003,5.006,1918.37647
2019-11-10 19:26:00,4.996,5.004,4.996,5.003,35754.87004
2019-11-10 19:25:00,4.996,4.996,4.996,4.996,5367.00737
2019-11-10 19:24:00,4.996,4.996,4.995,4.996,2734.513
2019-11-10 19:23:00,4.996,4.996,4.996,4.996,107.37417
2019-11-10 19:22:00,4.996,4.996,4.996,4.996,307.59102
2019-11-10 19:21:00,4.995,4.996,4.994,4.996,4721.91123
2019-11-10 19:20:00,4.994,4.994,4.994,4.994,0.52848
2019-11-10 19:19:00,4.995,4.995,4.995,4.995,1332.98164
2019-11-10 19:18:00,4.994,4.995,4.993,4.995,916.47294
2019-11-10 19:17:00,4.99,4.994,4.99,4.993,194.5512
2019-11-10 19:16:00,4.99,4.99,4.99,4.99,1.00421
2019-11-10 19:15:00,4.99,4.99,4.99,4.99,5.90766
2019-11-10 19:14:00,4.991,4.991,4.99,4.99,379.25908
2019-11-10 19:13:00,4.991,4.991,4.991,4.991,3.87497
2019-11-10 19:12:00,4.991,4.992,4.991,4.991,748.52996
2019-11-10 19:11:00,4.991,4.991,4.991,4.991,1.09068
2019-11-10 19:10:00,4.991,4.991,4.99,4.991,2585.8696
2019-11-10 19:09:00,4.994,4.994,4.99,4.99,2361.99573
2019-11-10 19:08:00,4.992,4.995,4.992,4.995,657.46427
2019-11-10 19:07:00,4.995,4.995,4.987,4.991,2440.0678
2019-11-10 19:06:00,4.995,4.995,4.995,4.995,3036.50144
2019-11-10 19:05:00,4.993,4.995,4.993,4.995,5565.76744
2019-11-10 19:04:00,4.993,4.993,4.992,4.993,224.05585
2019-11-10 19:03:00,4.992,4.995,4.991,4.993,17474.85036
2019-11-10 19:02:00,4.991,4.992,4.991,4.992,318.47911
2019-11-10 19:01:00,4.992,4.992,4.991,4.992,3803.99878
2019-11-10 19:00:00,4.99,4.991,4.99,4.991,206.42975
2019-11-10 18:59:00,4.99,4.992,4.99,4.992,281.71146
2019-11-10 18:58:00,4.989,4.989,4.989,4.989,433.5803
2019-11-10 18:57:00,4.989,4.989,4.989,4.989,414.13136
2019-11-10 18:56:00,4.988,4.989,4.985,4.989,2877.3307
2019-11-10 18:55:00,4.98,4.987,4.98,4.987,5391.30088
2019-11-10 18:54:00,4.984,4.984,4.983,4.983,324.99264
2019-11-10 18:53:00,4.986,4.986,4.983,4.983,376.73121
2019-11-10 18:52:00,4.982,4.989,4.982,4.989,4931.76385
2019-11-10 18:51:00,4.978,4.983,4.976,4.983,3108.02403
2019-11-10 18:50:00,4.982,4.984,4.981,4.981,4154.78774
2019-11-10 18:49:00,4.981,4.982,4.981,4.982,194.04127
2019-11-10 18:48:00,4.979,4.984,4.979,4.984,2117.74779
2019-11-10 18:47:00,4.98,4.98,4.98,4.98,482.45223
2019-11-10 18:46:00,4.975,4.981,4.975,4.98,1329.96772
2019-11-10 18:45:00,4.982,4.984,4.976,4.976,1696.33923
2019-11-10 18:44:00,4.976,4.981,4.975,4.981,2731.10513
2019-11-10 18:43:00,4.978,4.978,4.976,4.976,963.69815
2019-11-10 18:42:00,4.979,4.981,4.979,4.979,628.93556
2019-11-10 18:41:00,4.987,4.987,4.979,4.981,5272.07284
2019-11-10 18:40:00,4.989,4.989,4.988,4.988,1892.18298
2019-11-10 18:39:00,4.987,4.989,4.987,4.989,630.22849
2019-11-10 18:38:00,4.988,4.991,4.987,4.988,1687.3815
2019-11-10 18:37:00,4.988,4.99,4.988,4.989,362.37218
2019-11-10 18:36:00,4.985,4.989,4.985,4.988,1016.81319
2019-11-10 18:35:00,4.984,4.985,4.983,4.985,1654.39253
2019-11-10 18:34:00,4.985,4.985,4.985,4.985,0
2019-11-10 18:33:00,4.984,4.985,4.984,4.985,1968.03768
2019-11-10 18:32:00,4.986,4.986,4.984,4.984,12296.72641
2019-11-10 18:31:00,4.986,4.986,4.986,4.986,687.14067
2019-11-10 18:30:00,4.987,4.987,4.987,4.987,0
2019-11-10 18:29:00,4.987,4.987,4.987,4.987,258.86925
2019-11-10 18:28:00,4.987,4.988,4.987,4.987,62.30994
2019-11-10 18:27:00,4.989,4.99,4.986,4.986,3058.69448
2019-11-10 18:26:00,4.988,4.989,4.988,4.989,647.16662
2019-11-10 18:25:00,4.987,4.988,4.987,4.988,1302.23352
2019-11-10 18:24:00,4.987,4.987,4.987,4.987,455.87475
2019-11-10 18:23:00,4.985,4.989,4.985,4.988,2291.08594
2019-11-10 18:22:00,4.987,4.987,4.986,4.986,1657.04752
2019-11-10 18:21:00,4.989,4.989,4.987,4.987,2383.89538
2019-11-10 18:20:00,4.985,4.99,4.985,4.99,1553.98626
2019-11-10 18:19:00,4.987,4.987,4.985,4.985,784.57675
2019-11-10 18:18:00,4.987,4.987,4.985,4.986,1335.1192
2019-11-10 18:17:00,4.987,4.987,4.987,4.987,3.47241
2019-11-10 18:16:00,4.986,4.986,4.984,4.986,1173.61809
2019-11-10 18:15:00,4.984,4.989,4.984,4.987,487.97729
2019-11-10 18:14:00,4.984,4.985,4.984,4.984,426.64598
2019-11-10 18:13:00,4.989,4.989,4.984,4.984,9509.70543
2019-11-10 18:12:00,4.992,4.992,4.99,4.99,692.76374
2019-11-10 18:11:00,4.99,4.993,4.99,4.993,2864.79674
2019-11-10 18:10:00,4.989,4.99,4.989,4.99,42.54166
2019-11-10 18:09:00,4.988,4.989,4.988,4.989,2258.5828
2019-11-10 18:08:00,4.986,4.992,4.985,4.989,3326.87083
2019-11-10 18:07:00,4.987,4.989,4.985,4.986,972.31072
2019-11-10 18:06:00,4.989,4.989,4.988,4.988,2709.82448
2019-11-10 18:05:00,4.989,4.989,4.989,4.989,0.07924
2019-11-10 18:04:00,4.997,4.997,4.992,4.992,842.45422
2019-11-10 18:03:00,4.996,4.997,4.996,4.997,1068.66215
2019-11-10 18:02:00,4.997,4.998,4.996,4.996,2410.206
2019-11-10 18:01:00,4.999,4.999,4.995,4.999,4683.64414
2019-11-10 18:00:00,4.995,4.998,4.994,4.998,580.23448
2019-11-10 17:59:00,4.993,4.993,4.992,4.993,511.05328
2019-11-10 17:58:00,4.992,4.993,4.992,4.993,2702.33376
2019-11-10 17:57:00,4.993,4.993,4.993,4.993,842.11088
2019-11-10 17:56:00,4.993,4.993,4.993,4.993,414.4383
2019-11-10 17:55:00,4.991,4.992,4.991,4.992,713.2516
2019-11-10 17:54:00,4.991,4.991,4.99,4.991,1514.88071
2019-11-10 17:53:00,4.991,4.992,4.989,4.99,1131.22859
2019-11-10 17:52:00,4.993,4.993,4.992,4.992,506.346
2019-11-10 17:51:00,4.991,4.992,4.991,4.992,614.8724
2019-11-10 17:50:00,4.988,4.99,4.987,4.99,3005.81747
2019-11-10 17:49:00,4.987,4.987,4.987,4.987,4
2019-11-10 17:48:00,4.988,4.988,4.988,4.988,207.30565
2019-11-10 17:47:00,4.988,4.989,4.988,4.989,7.10754
2019-11-10 17:46:00,4.989,4.989,4.987,4.988,86.29894
2019-11-10 17:45:00,4.992,4.992,4.988,4.99,2823.85026
2019-11-10 17:44:00,4.989,4.992,4.988,4.991,1397.99225
2019-11-10 17:43:00,4.992,4.992,4.989,4.99,2439.96694
2019-11-10 17:42:00,4.993,4.993,4.991,4.992,1257.74071
2019-11-10 17:41:00,4.993,4.993,4.993,4.993,2.02723
2019-11-10 17:40:00,4.994,4.995,4.992,4.993,507.94768
2019-11-10 17:39:00,4.994,4.995,4.994,4.994,474.45949
2019-11-10 17:38:00,4.997,4.997,4.994,4.994,2417.29541
2019-11-10 17:37:00,4.992,4.995,4.992,4.995,68.4333
2019-11-10 17:36:00,4.991,4.992,4.99,4.992,2484.20034
2019-11-10 17:35:00,4.992,4.993,4.991,4.992,1342.17376
2019-11-10 17:34:00,4.995,4.997,4.992,4.992,426.60225
2019-11-10 17:33:00,5,5,4.995,4.995,454.13404
2019-11-10 17:32:00,5,5,5,5,112.38232
2019-11-10 17:31:00,5,5,5,5,1360.76561
2019-11-10 17:30:00,5,5,5,5,434.30742
2019-11-10 17:29:00,4.999,5.002,4.999,5,1365.19229
2019-11-10 17:28:00,4.999,4.999,4.997,4.997,470.38746
2019-11-10 17:27:00,4.996,4.998,4.996,4.998,225.62563
2019-11-10 17:26:00,4.996,4.996,4.996,4.996,1.39935
2019-11-10 17:25:00,4.997,4.997,4.996,4.996,25.31703
2019-11-10 17:24:00,4.998,4.998,4.995,4.997,2544.64487
2019-11-10 17:23:00,4.998,4.998,4.998,4.998,0
2019-11-10 17:22:00,4.999,4.999,4.998,4.998,961.76447
2019-11-10 17:21:00,4.996,5.001,4.996,5,1769.12831
2019-11-10 17:20:00,4.995,4.996,4.995,4.996,359.30011
2019-11-10 17:19:00,4.999,4.999,4.994,4.995,2009.51497
2019-11-10 17:18:00,4.999,4.999,4.999,4.999,222.9176
2019-11-10 17:17:00,4.998,5.001,4.997,4.999,2452.57483
2019-11-10 17:16:00,4.993,5.001,4.991,4.999,1238.46777
2019-11-10 17:15:00,4.997,4.997,4.992,4.993,1704.12075
2019-11-10 17:14:00,4.998,5,4.998,4.999,87.33433
2019-11-10 17:13:00,4.999,4.999,4.997,4.998,595.4129
2019-11-10 17:12:00,5,5,4.998,4.998,2497.27297
2019-11-10 17:11:00,4.993,5.003,4.993,5.002,489.65502
2019-11-10 17:10:00,4.992,4.994,4.992,4.994,3530.12526
2019-11-10 17:09:00,4.994,4.994,4.992,4.992,358.36514
2019-11-10 17:08:00,4.993,4.994,4.993,4.994,1799.90704
2019-11-10 17:07:00,4.994,4.994,4.993,4.993,982.26024
2019-11-10 17:06:00,4.991,4.996,4.991,4.994,1787.50339
2019-11-10 17:05:00,4.991,4.991,4.991,4.991,0.52069
2019-11-10 17:04:00,4.992,4.992,4.991,4.991,143.23377
2019-11-10 17:03:00,4.992,4.994,4.992,4.992,570.51439
2019-11-10 17:02:00,4.993,4.996,4.993,4.993,1554.89977
2019-11-10 17:01:00,4.991,4.992,4.991,4.992,932.44362
2019-11-10 17:00:00,4.989,4.99,4.989,4.99,3302.20431
2019-11-10 16:59:00,4.99,4.994,4.99,4.992,921.77975
2019-11-10 16:58:00,4.991,4.991,4.991,4.991,4.03716
2019-11-10 16:57:00,4.993,4.997,4.989,4.989,3293.82813
2019-11-10 16:56:00,4.991,4.997,4.99,4.996,1419.53493
2019-11-10 16:55:00,4.99,4.99,4.99,4.99,1151.68369
2019-11-10 16:54:00,4.99,4.994,4.99,4.991,3014.22513
2019-11-10 16:53:00,4.991,4.991,4.99,4.991,386.69693
2019-11-10 16:52:00,4.991,4.992,4.991,4.992,109.02726
2019-11-10 16:51:00,4.992,4.992,4.992,4.992,0.88894
2019-11-10 16:50:00,4.991,4.993,4.991,4.992,103.72984
2019-11-10 16:49:00,4.994,4.994,4.988,4.99,1963.7439
2019-11-10 16:48:00,4.993,4.995,4.993,4.993,1916.96426
2019-11-10 16:47:00,4.991,4.993,4.991,4.993,2688.19791
2019-11-10 16:46:00,4.991,4.991,4.991,4.991,312.6834
2019-11-10 16:45:00,4.986,4.993,4.986,4.992,2161.12365
2019-11-10 16:44:00,4.996,4.996,4.987,4.988,4354.84345
2019-11-10 16:43:00,4.994,4.994,4.994,4.994,738.75582
2019-11-10 16:42:00,4.992,4.992,4.99,4.991,1110.50548
2019-11-10 16:41:00,4.992,4.998,4.992,4.992,8028.1591
2019-11-10 16:40:00,4.992,4.992,4.991,4.991,197.81157
2019-11-10 16:39:00,4.998,4.998,4.991,4.992,4511.42986
2019-11-10 16:38:00,4.998,4.998,4.997,4.998,1427.60943
2019-11-10 16:37:00,4.995,5.001,4.99,4.996,4481.42852
2019-11-10 16:36:00,4.99,4.995,4.989,4.995,1944.86147
2019-11-10 16:35:00,4.993,4.993,4.99,4.99,3459.02074
2019-11-10 16:34:00,4.999,4.999,4.993,4.993,870.33036
2019-11-10 16:33:00,4.995,5.001,4.995,5.001,823.49182
2019-11-10 16:32:00,4.991,5.001,4.991,4.994,3378.78434
2019-11-10 16:31:00,4.993,4.994,4.99,4.991,2084.72302
2019-11-10 16:30:00,4.996,4.996,4.991,4.992,2469.71007
2019-11-10 16:29:00,4.997,4.997,4.996,4.996,996.41416
2019-11-10 16:28:00,4.999,4.999,4.996,4.998,1647.67471
2019-11-10 16:27:00,4.997,5,4.997,5,552.19078
2019-11-10 16:26:00,4.999,4.999,4.998,4.998,317.31644
2019-11-10 16:25:00,5.002,5.004,5.001,5.001,1991.6535
2019-11-10 16:24:00,4.996,5.002,4.996,5.001,1623.91936
2019-11-10 16:23:00,4.997,4.997,4.995,4.995,430.39321
2019-11-10 16:22:00,4.999,4.999,4.996,4.998,2133.34104
2019-11-10 16:21:00,4.997,4.999,4.997,4.999,1176.15249
2019-11-10 16:20:00,5.005,5.005,4.997,4.997,2201.86768
2019-11-10 16:19:00,4.997,5.005,4.997,5.005,3015.5057
2019-11-10 16:18:00,4.995,4.996,4.995,4.996,2281.32038
2019-11-10 16:17:00,4.999,4.999,4.995,4.995,226.85007
2019-11-10 16:16:00,4.997,5.001,4.997,4.999,1479.57816
2019-11-10 16:15:00,5.004,5.005,4.997,4.998,4815.36289
2019-11-10 16:14:00,4.997,5.007,4.997,5.004,1752.6097
2019-11-10 16:13:00,5,5,4.994,4.996,2075.45703
2019-11-10 16:12:00,5.002,5.003,4.999,5,2709.3782
2019-11-10 16:11:00,5.012,5.012,5.001,5.002,4251.57854
2019-11-10 16:10:00,5.011,5.014,5.011,5.013,764.80769
2019-11-10 16:09:00,5.009,5.012,5.009,5.011,450.95368
2019-11-10 16:08:00,5.009,5.009,5.008,5.008,294.51992
2019-11-10 16:07:00,5.007,5.008,5.007,5.008,1344.6766
2019-11-10 16:06:00,5.007,5.008,5.007,5.008,460.23159
2019-11-10 16:05:00,5.006,5.008,5.005,5.008,2364.52183
2019-11-10 16:04:00,5.006,5.006,5.006,5.006,243.11747
2019-11-10 16:03:00,5.007,5.007,5.005,5.006,967.65611
2019-11-10 16:02:00,5.003,5.008,5.003,5.007,2240.66751
2019-11-10 16:01:00,4.998,5.003,4.998,5.003,2520.369
2019-11-10 16:00:00,4.996,4.999,4.996,4.999,241.91252
2019-11-10 15:59:00,4.994,4.997,4.993,4.995,1446.25149
2019-11-10 15:58:00,5.002,5.002,4.995,4.995,1802.21476
2019-11-10 15:57:00,4.998,5.003,4.997,5.002,1123.75887
2019-11-10 15:56:00,5,5,4.996,4.999,1375.90907
2019-11-10 15:55:00,5.002,5.002,5,5.001,1288.32227
2019-11-10 15:54:00,5.001,5.001,5.001,5.001,0
2019-11-10 15:53:00,5.001,5.001,5.001,5.001,156.48159
2019-11-10 15:52:00,5.003,5.003,4.999,5.001,615.03409
2019-11-10 15:51:00,5.005,5.005,5.002,5.002,1211.71153
2019-11-10 15:50:00,5.005,5.006,5.004,5.006,1866.91518
2019-11-10 15:49:00,5.006,5.008,5.005,5.006,754.94816
2019-11-10 15:48:00,5.003,5.011,5.003,5.007,2927.40922
2019-11-10 15:47:00,5.003,5.004,5.003,5.003,1145.442
2019-11-10 15:46:00,5.003,5.003,5.003,5.003,0.01004
2019-11-10 15:45:00,5.003,5.003,5.003,5.003,0
2019-11-10 15:44:00,5.003,5.003,5.003,5.003,190.39915
2019-11-10 15:43:00,5.004,5.004,5.003,5.003,432.25202
2019-11-10 15:42:00,5.008,5.008,5.004,5.004,729.43536
2019-11-10 15:41:00,5.008,5.013,5.008,5.009,618.33653
2019-11-10 15:40:00,5.005,5.008,5.005,5.006,2968.75769
2019-11-10 15:39:00,5.003,5.006,5.001,5.005,2744.34774
2019-11-10 15:38:00,5.003,5.004,5.003,5.004,1034.69843
2019-11-10 15:37:00,5.003,5.003,5.001,5.002,1133.00842
2019-11-10 15:36:00,5.003,5.003,5.002,5.003,1685.79984
2019-11-10 15:35:00,5.005,5.005,5.003,5.004,1462.58746
2019-11-10 15:34:00,5.002,5.006,5.002,5.005,2528.8016
2019-11-10 15:33:00,5.003,5.007,5.001,5.005,788.48662
2019-11-10 15:32:00,5.003,5.004,5.002,5.003,2190.35685
2019-11-10 15:31:00,5.003,5.003,5.003,5.003,1065.72618
2019-11-10 15:30:00,5.005,5.006,5.003,5.003,2300.426
2019-11-10 15:29:00,5.003,5.005,5.002,5.002,3638.51257
2019-11-10 15:28:00,4.996,5.004,4.995,5.003,854.60972
2019-11-10 15:27:00,4.998,4.998,4.996,4.996,2010.31396
2019-11-10 15:26:00,5,5,4.998,4.998,378.14722
2019-11-10 15:25:00,4.998,5,4.998,5,964.81551
2019-11-10 15:24:00,4.997,4.999,4.997,4.998,1185.24295
2019-11-10 15:23:00,5,5,5,5,8
2019-11-10 15:22:00,5.003,5.003,4.999,5,1980.60502
2019-11-10 15:21:00,5.004,5.004,5.003,5.004,330.79239
2019-11-10 15:20:00,5.004,5.004,5.004,5.004,1122.11734
2019-11-10 15:19:00,5.003,5.003,5.003,5.003,0.12
2019-11-10 15:18:00,5.004,5.004,5.004,5.004,1698.46627
2019-11-10 15:17:00,5.004,5.005,5.004,5.005,271.53842
2019-11-10 15:16:00,5.005,5.005,5.003,5.004,426.7551
2019-11-10 15:15:00,5.007,5.007,5.004,5.004,2083.52464
2019-11-10 15:14:00,5.005,5.009,5.005,5.008,1520.97028
2019-11-10 15:13:00,5.004,5.007,5.004,5.007,2445.15259
2019-11-10 15:12:00,5.005,5.005,5.004,5.004,92.10906
2019-11-10 15:11:00,5.001,5.005,5.001,5.005,575.41089
2019-11-10 15:10:00,5.001,5.003,5,5.001,563.31092
2019-11-10 15:09:00,5,5,5,5,6.85096
2019-11-10 15:08:00,5.004,5.004,5,5,2040.4975
2019-11-10 15:07:00,5.003,5.006,5.001,5.004,1220.52554
2019-11-10 15:06:00,5.006,5.007,5.001,5.004,4182.93685
2019-11-10 15:05:00,5.004,5.006,5.004,5.006,1911.24411
2019-11-10 15:04:00,5.002,5.004,5.002,5.004,579.64339
2019-11-10 15:03:00,5.004,5.004,5.001,5.003,2539.50155
2019-11-10 15:02:00,5.001,5.009,5,5.005,10017.43365
2019-11-10 15:01:00,4.998,5.002,4.998,5,1369.33793
2019-11-10 15:00:00,5,5.001,4.999,4.999,2020.05193
2019-11-10 14:59:00,4.994,5,4.994,5,2317.35605
2019-11-10 14:58:00,4.992,4.999,4.992,4.994,1055.73371
2019-11-10 14:57:00,4.99,4.993,4.99,4.992,583.53065
2019-11-10 14:56:00,4.994,4.994,4.989,4.989,2709.07783
2019-11-10 14:55:00,4.991,4.994,4.99,4.993,1601.075
2019-11-10 14:54:00,4.988,4.991,4.988,4.991,1714.33392
2019-11-10 14:53:00,4.994,4.994,4.987,4.987,3732.23794
2019-11-10 14:52:00,4.996,4.996,4.995,4.995,1254.09263
2019-11-10 14:51:00,4.995,4.996,4.993,4.996,1025.2128
2019-11-10 14:50:00,4.99,4.993,4.99,4.992,394.64549
2019-11-10 14:49:00,4.987,4.991,4.986,4.99,653.78592
2019-11-10 14:48:00,4.988,4.989,4.987,4.987,1076.50482
2019-11-10 14:47:00,4.992,4.992,4.986,4.989,1180.29948
2019-11-10 14:46:00,4.995,4.995,4.99,4.992,847.93848
2019-11-10 14:45:00,4.996,4.998,4.995,4.996,1661.49636
2019-11-10 14:44:00,4.998,4.998,4.996,4.996,912.73187
2019-11-10 14:43:00,5.005,5.005,4.997,4.998,948.05961
2019-11-10 14:42:00,5.005,5.005,5.005,5.005,4.88187
2019-11-10 14:41:00,5.005,5.005,5.005,5.005,0
2019-11-10 14:40:00,5.003,5.005,5.003,5.005,580.20834
2019-11-10 14:39:00,5.003,5.003,5.003,5.003,6.26225
2019-11-10 14:38:00,5.008,5.008,5.003,5.003,1498.67622
2019-11-10 14:37:00,5.008,5.009,5.008,5.008,904.48616
2019-11-10 14:36:00,5.007,5.008,5.007,5.008,204.86561
2019-11-10 14:35:00,5.007,5.007,5.007,5.007,693.37741
2019-11-10 14:34:00,5.007,5.008,5.006,5.007,1230.80484
2019-11-10 14:33:00,5.007,5.007,5.004,5.006,1510.54743
2019-11-10 14:32:00,5.003,5.007,5.003,5.007,1563.45128
2019-11-10 14:31:00,5.002,5.004,5.002,5.003,1269.71011
2019-11-10 14:30:00,5.006,5.007,5.001,5.001,2196.63723
2019-11-10 14:29:00,4.999,5.007,4.999,5.005,6137.90594
2019-11-10 14:28:00,5.005,5.005,4.995,4.998,4094.66622
2019-11-10 14:27:00,5.001,5.008,4.999,5.007,5250.52402
2019-11-10 14:26:00,4.997,5.003,4.997,4.998,4433.41015
2019-11-10 14:25:00,4.997,4.997,4.996,4.996,723.82204
2019-11-10 14:24:00,4.991,4.999,4.991,4.997,1126.32044
2019-11-10 14:23:00,5.003,5.003,4.991,4.991,5491.15545
2019-11-10 14:22:00,4.99,5,4.99,5,2313.65286
2019-11-10 14:21:00,4.994,4.995,4.988,4.99,1250.1667
2019-11-10 14:20:00,4.999,5.008,4.993,4.993,6613.2498
2019-11-10 14:19:00,4.998,4.999,4.998,4.999,803.76281
2019-11-10 14:18:00,4.995,4.997,4.994,4.997,614.70656
2019-11-10 14:17:00,5.001,5.001,4.988,4.997,3915.73768
2019-11-10 14:16:00,4.999,5.002,4.999,5.001,3454.88267
2019-11-10 14:15:00,5.008,5.008,5.001,5.001,3082.21063
2019-11-10 14:14:00,4.999,5.005,4.999,5.004,730.68507
2019-11-10 14:13:00,5,5,4.998,4.998,1187.25976
2019-11-10 14:12:00,5.001,5.013,4.999,5.001,10162.20539
2019-11-10 14:11:00,4.999,5.002,4.997,4.998,3147.86598
2019-11-10 14:10:00,4.997,5.004,4.995,5.001,2548.87199
2019-11-10 14:09:00,5.009,5.009,4.997,4.998,5152.30166
2019-11-10 14:08:00,5.006,5.013,5.006,5.013,3029.21525
2019-11-10 14:07:00,5.007,5.018,5.005,5.007,1640.03002
2019-11-10 14:06:00,5.005,5.009,5.004,5.007,7610.01228
2019-11-10 14:05:00,5.009,5.02,5.005,5.005,4140.0047
2019-11-10 14:04:00,5.01,5.01,5.003,5.009,5031.50901
2019-11-10 14:03:00,5.01,5.02,5.006,5.01,10692.76121
2019-11-10 14:02:00,5.009,5.014,5.002,5.01,5808.02401
2019-11-10 14:01:00,5.017,5.03,5.007,5.011,7958.60114
2019-11-10 14:00:00,5.001,5.022,5.001,5.02,6203.21641
2019-11-10 13:59:00,5,5.007,4.999,5.001,14761.35431
2019-11-10 13:58:00,4.993,5.001,4.993,4.999,3214.88827
2019-11-10 13:57:00,4.998,5.001,4.993,4.994,4835.70655
2019-11-10 13:56:00,5.001,5.003,4.999,5.001,1314.90861
2019-11-10 13:55:00,4.996,5.002,4.996,5.002,2550.60907
2019-11-10 13:54:00,4.992,4.998,4.988,4.996,1493.14308
2019-11-10 13:53:00,4.989,4.998,4.989,4.992,3607.16985
2019-11-10 13:52:00,4.992,4.993,4.983,4.988,2310.02879
2019-11-10 13:51:00,4.983,4.993,4.982,4.993,8023.64099
2019-11-10 13:50:00,4.987,4.988,4.982,4.984,3253.57232
2019-11-10 13:49:00,4.99,4.99,4.986,4.986,2011.96127
2019-11-10 13:48:00,4.986,4.992,4.986,4.991,2818.35293
2019-11-10 13:47:00,5.003,5.005,4.984,4.984,3808.76809
2019-11-10 13:46:00,4.994,5.004,4.994,5.004,5732.15234
2019-11-10 13:45:00,4.987,4.996,4.987,4.994,2845.75607
2019-11-10 13:44:00,4.979,4.985,4.979,4.984,2687.4625
2019-11-10 13:43:00,4.987,4.987,4.974,4.978,7332.55483
2019-11-10 13:42:00,4.978,4.992,4.978,4.987,1162.58543
2019-11-10 13:41:00,4.991,4.992,4.976,4.976,7782.23765
2019-11-10 13:40:00,4.992,4.999,4.99,4.991,3751.81162
2019-11-10 13:39:00,4.991,5.011,4.99,4.99,10304.88523
2019-11-10 13:38:00,4.98,4.993,4.979,4.99,9984.68465
2019-11-10 13:37:00,4.977,4.983,4.977,4.981,1474.29668
2019-11-10 13:36:00,4.978,4.978,4.977,4.977,448.89392
2019-11-10 13:35:00,4.979,4.979,4.977,4.978,798.1918
2019-11-10 13:34:00,4.975,4.98,4.968,4.975,7503.83959
2019-11-10 13:33:00,4.971,4.979,4.97,4.976,5260.04573
2019-11-10 13:32:00,4.964,4.987,4.963,4.97,15431.50657
2019-11-10 13:31:00,4.961,4.969,4.961,4.961,2846.58977
2019-11-10 13:30:00,4.949,4.968,4.949,4.961,5208.02068
2019-11-10 13:29:00,4.943,4.95,4.943,4.95,1053.30582
2019-11-10 13:28:00,4.946,4.955,4.943,4.943,11875.80341
2019-11-10 13:27:00,4.943,4.946,4.942,4.946,3907.3401
2019-11-10 13:26:00,4.942,4.942,4.942,4.942,4.67572
2019-11-10 13:25:00,4.942,4.942,4.942,4.942,0
2019-11-10 13:24:00,4.942,4.942,4.942,4.942,0
2019-11-10 13:23:00,4.946,4.946,4.942,4.942,2037.66316
2019-11-10 13:22:00,4.945,4.945,4.945,4.945,0
2019-11-10 13:21:00,4.948,4.948,4.948,4.948,0
2019-11-10 13:20:00,4.95,4.95,4.948,4.948,2196.90792
2019-11-10 13:19:00,4.948,4.951,4.948,4.951,171.87199
2019-11-10 13:18:00,4.949,4.949,4.949,4.949,220.84115
2019-11-10 13:17:00,4.948,4.949,4.948,4.949,214.04963
2019-11-10 13:16:00,4.944,4.944,4.944,4.944,0
2019-11-10 13:15:00,4.943,4.945,4.943,4.944,302.79213
2019-11-10 13:14:00,4.943,4.949,4.943,4.946,743.36566
2019-11-10 13:13:00,4.945,4.945,4.941,4.943,1463.31644
2019-11-10 13:12:00,4.932,4.945,4.928,4.945,9682.6327
2019-11-10 13:11:00,4.934,4.935,4.932,4.932,2124.87903
2019-11-10 13:10:00,4.937,4.937,4.934,4.934,562.08049
2019-11-10 13:09:00,4.938,4.94,4.936,4.936,3226.14983
2019-11-10 13:08:00,4.946,4.946,4.937,4.938,959.17796
2019-11-10 13:07:00,4.946,4.948,4.946,4.947,640.884
2019-11-10 13:06:00,4.948,4.948,4.946,4.948,437.1767
2019-11-10 13:05:00,4.948,4.948,4.948,4.948,0.52155
2019-11-10 13:04:00,4.946,4.949,4.946,4.948,2926.73006
2019-11-10 13:03:00,4.951,4.951,4.945,4.946,359.33875
2019-11-10 13:02:00,4.952,4.953,4.952,4.952,263.58804
2019-11-10 13:01:00,4.94,4.951,4.94,4.951,2393.71613
2019-11-10 13:00:00,4.939,4.94,4.939,4.94,414.98553
2019-11-10 12:59:00,4.939,4.939,4.939,4.939,0
2019-11-10 12:58:00,4.938,4.941,4.938,4.939,434.59961
2019-11-10 12:57:00,4.943,4.943,4.938,4.94,1835.90333
2019-11-10 12:56:00,4.946,4.946,4.943,4.944,829.54495
2019-11-10 12:55:00,4.946,4.946,4.946,4.946,0
2019-11-10 12:54:00,4.946,4.946,4.945,4.946,412.1002
2019-11-10 12:53:00,4.95,4.95,4.947,4.947,101.27742
2019-11-10 12:52:00,4.953,4.953,4.951,4.951,478.6527
2019-11-10 12:51:00,4.954,4.954,4.954,4.954,256.09733
2019-11-10 12:50:00,4.954,4.954,4.954,4.954,657.44058
2019-11-10 12:49:00,4.956,4.956,4.955,4.955,1629.32851
2019-11-10 12:48:00,4.949,4.955,4.949,4.955,584.23307
2019-11-10 12:47:00,4.951,4.951,4.949,4.949,968.18118
2019-11-10 12:46:00,4.951,4.952,4.951,4.952,363.79045
2019-11-10 12:45:00,4.953,4.953,4.953,4.953,0.13871
2019-11-10 12:44:00,4.955,4.955,4.952,4.954,485.24528
2019-11-10 12:43:00,4.957,4.957,4.955,4.955,409.63552
2019-11-10 12:42:00,4.956,4.958,4.954,4.958,4125.35324
2019-11-10 12:41:00,4.953,4.954,4.95,4.954,1058.39567
2019-11-10 12:40:00,4.958,4.958,4.953,4.953,1517.61987
2019-11-10 12:39:00,4.954,4.966,4.954,4.959,5615.79681
2019-11-10 12:38:00,4.954,4.957,4.954,4.954,1902.59825
2019-11-10 12:37:00,4.95,4.954,4.95,4.953,1146.6617
2019-11-10 12:36:00,4.95,4.95,4.95,4.95,0
2019-11-10 12:35:00,4.947,4.95,4.947,4.949,2222.89351
2019-11-10 12:34:00,4.947,4.947,4.947,4.947,2.0573
2019-11-10 12:33:00,4.947,4.947,4.947,4.947,2.02769
2019-11-10 12:32:00,4.947,4.947,4.947,4.947,1.30577
2019-11-10 12:31:00,4.945,4.947,4.945,4.947,2161.67033
2019-11-10 12:30:00,4.945,4.945,4.942,4.945,560.06351
2019-11-10 12:29:00,4.946,4.946,4.945,4.946,393.45114
2019-11-10 12:28:00,4.947,4.95,4.946,4.946,2015.31765
2019-11-10 12:27:00,4.936,4.947,4.936,4.946,3414.30465
2019-11-10 12:26:00,4.933,4.935,4.933,4.934,406.67509
2019-11-10 12:25:00,4.934,4.934,4.931,4.931,988.41222
2019-11-10 12:24:00,4.935,4.935,4.934,4.935,1018.26847
2019-11-10 12:23:00,4.933,4.933,4.933,4.933,30.33411
2019-11-10 12:22:00,4.934,4.934,4.933,4.933,236.17787
2019-11-10 12:21:00,4.935,4.936,4.935,4.935,1025.19378
2019-11-10 12:20:00,4.94,4.94,4.937,4.937,236.87919
2019-11-10 12:19:00,4.935,4.941,4.935,4.941,2358.43595
2019-11-10 12:18:00,4.936,4.936,4.935,4.935,876.79257
2019-11-10 12:17:00,4.936,4.936,4.936,4.936,191.79527
2019-11-10 12:16:00,4.936,4.936,4.934,4.935,749.30302
2019-11-10 12:15:00,4.937,4.938,4.936,4.936,635.49572
2019-11-10 12:14:00,4.937,4.938,4.934,4.938,2664.38445
2019-11-10 12:13:00,4.936,4.937,4.935,4.935,2015.58852
2019-11-10 12:12:00,4.936,4.936,4.935,4.935,555.51723
2019-11-10 12:11:00,4.937,4.937,4.937,4.937,0
2019-11-10 12:10:00,4.937,4.937,4.937,4.937,11.58675
2019-11-10 12:09:00,4.936,4.936,4.936,4.936,0.24599
2019-11-10 12:08:00,4.937,4.937,4.936,4.936,293.88446
2019-11-10 12:07:00,4.939,4.939,4.935,4.938,1775.11666
2019-11-10 12:06:00,4.939,4.941,4.939,4.939,2454.87864
2019-11-10 12:05:00,4.934,4.94,4.934,4.94,2183.03198
2019-11-10 12:04:00,4.928,4.939,4.928,4.937,8683.50824
2019-11-10 12:03:00,4.927,4.93,4.927,4.93,2682.09364
2019-11-10 12:02:00,4.935,4.935,4.927,4.927,4576.17239
2019-11-10 12:01:00,4.936,4.936,4.936,4.936,275.25
2019-11-10 12:00:00,4.935,4.938,4.934,4.935,2829.58693
2019-11-10 11:59:00,4.928,4.933,4.928,4.933,1373.13086
2019-11-10 11:58:00,4.928,4.928,4.928,4.928,1122.11102
2019-11-10 11:57:00,4.926,4.928,4.926,4.928,2101.18415
2019-11-10 11:56:00,4.929,4.929,4.929,4.929,489.53273
2019-11-10 11:55:00,4.931,4.931,4.928,4.929,2204.9215
2019-11-10 11:54:00,4.93,4.931,4.93,4.931,301.80246
2019-11-10 11:53:00,4.929,4.93,4.929,4.93,807.97532
2019-11-10 11:52:00,4.928,4.929,4.928,4.929,1418.41613
2019-11-10 11:51:00,4.927,4.928,4.927,4.928,486.53414
2019-11-10 11:50:00,4.92,4.926,4.92,4.926,812.20847
2019-11-10 11:49:00,4.921,4.921,4.919,4.919,226.06364
2019-11-10 11:48:00,4.92,4.924,4.92,4.921,1262.06758
2019-11-10 11:47:00,4.92,4.921,4.92,4.92,236.00958
2019-11-10 11:46:00,4.924,4.924,4.922,4.922,2134.41036
2019-11-10 11:45:00,4.924,4.924,4.923,4.923,480.9042
2019-11-10 11:44:00,4.922,4.925,4.922,4.925,784.6597
2019-11-10 11:43:00,4.922,4.922,4.922,4.922,666.22807
2019-11-10 11:42:00,4.924,4.925,4.923,4.923,223.5704
2019-11-10 11:41:00,4.926,4.926,4.926,4.926,0.73274
2019-11-10 11:40:00,4.926,4.926,4.926,4.926,0
2019-11-10 11:39:00,4.926,4.926,4.926,4.926,0
2019-11-10 11:38:00,4.927,4.928,4.925,4.926,1699.1904
2019-11-10 11:37:00,4.924,4.93,4.924,4.926,2919.65864
2019-11-10 11:36:00,4.923,4.925,4.923,4.924,477.74543
2019-11-10 11:35:00,4.922,4.922,4.922,4.922,30.98469
2019-11-10 11:34:00,4.922,4.922,4.921,4.921,380.89972
2019-11-10 11:33:00,4.919,4.923,4.918,4.923,1309.64597
2019-11-10 11:32:00,4.913,4.922,4.913,4.92,3465.76203
2019-11-10 11:31:00,4.913,4.913,4.911,4.913,236.46058
2019-11-10 11:30:00,4.923,4.923,4.913,4.914,2842.74779
2019-11-10 11:29:00,4.923,4.923,4.923,4.923,11.45569
2019-11-10 11:28:00,4.924,4.924,4.924,4.924,0
2019-11-10 11:27:00,4.923,4.924,4.923,4.924,205.80422
2019-11-10 11:26:00,4.923,4.923,4.923,4.923,0.22567
2019-11-10 11:25:00,4.923,4.923,4.923,4.923,0.17307
2019-11-10 11:24:00,4.926,4.926,4.923,4.923,241.17987
2019-11-10 11:23:00,4.928,4.928,4.927,4.927,1084.50476
2019-11-10 11:22:00,4.928,4.929,4.925,4.929,764.83313
2019-11-10 11:21:00,4.928,4.928,4.928,4.928,0
2019-11-10 11:20:00,4.928,4.928,4.928,4.928,0
2019-11-10 11:19:00,4.929,4.929,4.928,4.928,4.58446
2019-11-10 11:18:00,4.926,4.928,4.926,4.928,209.32453
2019-11-10 11:17:00,4.936,4.936,4.925,4.926,1812.48431
2019-11-10 11:16:00,4.936,4.936,4.936,4.936,466.64152
2019-11-10 11:15:00,4.93,4.937,4.929,4.937,2173.35472
2019-11-10 11:14:00,4.932,4.933,4.93,4.93,635.89518
2019-11-10 11:13:00,4.933,4.933,4.932,4.933,236.75722
2019-11-10 11:12:00,4.935,4.935,4.933,4.933,206.51943
2019-11-10 11:11:00,4.936,4.939,4.934,4.935,724.65116
2019-11-10 11:10:00,4.936,4.939,4.936,4.938,731.3281
2019-11-10 11:09:00,4.933,4.94,4.933,4.938,1179.97646
2019-11-10 11:08:00,4.934,4.934,4.933,4.933,982.49504
2019-11-10 11:07:00,4.933,4.935,4.933,4.934,8756.02924
2019-11-10 11:06:00,4.933,4.933,4.929,4.932,629.33884
2019-11-10 11:05:00,4.935,4.936,4.933,4.933,2678.18975
2019-11-10 11:04:00,4.937,4.938,4.935,4.935,2483.19536
2019-11-10 11:03:00,4.94,4.94,4.938,4.938,282.48087
2019-11-10 11:02:00,4.945,4.947,4.94,4.94,721.74804
2019-11-10 11:01:00,4.941,4.945,4.94,4.945,3373.56326
2019-11-10 11:00:00,4.944,4.945,4.941,4.941,1664.77611
2019-11-10 10:59:00,4.942,4.947,4.942,4.944,338.51871
2019-11-10 10:58:00,4.941,4.941,4.941,4.941,0
2019-11-10 10:57:00,4.94,4.941,4.939,4.941,835.67522
2019-11-10 10:56:00,4.941,4.941,4.941,4.941,770.86172
2019-11-10 10:55:00,4.935,4.941,4.935,4.941,1813.40373
2019-11-10 10:54:00,4.935,4.935,4.934,4.935,60.40268
2019-11-10 10:53:00,4.938,4.938,4.936,4.936,564.37351
2019-11-10 10:52:00,4.938,4.938,4.938,4.938,0
2019-11-10 10:51:00,4.94,4.94,4.938,4.938,1265.70074
2019-11-10 10:50:00,4.941,4.941,4.94,4.94,374.47259
2019-11-10 10:49:00,4.941,4.941,4.94,4.94,18.817
2019-11-10 10:48:00,4.942,4.942,4.941,4.941,715.77809
2019-11-10 10:47:00,4.942,4.942,4.942,4.942,328.5246
2019-11-10 10:46:00,4.943,4.943,4.94,4.943,983.57396
2019-11-10 10:45:00,4.944,4.944,4.944,4.944,0
2019-11-10 10:44:00,4.944,4.944,4.944,4.944,1.09992
2019-11-10 10:43:00,4.945,4.945,4.944,4.944,2.29823
2019-11-10 10:42:00,4.947,4.947,4.944,4.944,1224.0989
2019-11-10 10:41:00,4.946,4.947,4.946,4.947,1698.14094
2019-11-10 10:40:00,4.944,4.947,4.943,4.946,2628.3752
2019-11-10 10:39:00,4.943,4.944,4.943,4.944,52.6953
2019-11-10 10:38:00,4.945,4.945,4.945,4.945,0
2019-11-10 10:37:00,4.945,4.945,4.945,4.945,5.17973
2019-11-10 10:36:00,4.947,4.947,4.947,4.947,0
2019-11-10 10:35:00,4.948,4.948,4.947,4.947,267.96013
2019-11-10 10:34:00,4.947,4.947,4.947,4.947,10.3794
2019-11-10 10:33:00,4.948,4.949,4.947,4.947,409.89143
2019-11-10 10:32:00,4.949,4.95,4.947,4.948,1444.12956
2019-11-10 10:31:00,4.947,4.95,4.946,4.95,2097.57429
2019-11-10 10:30:00,4.945,4.947,4.944,4.947,2259.2784
2019-11-10 10:29:00,4.942,4.946,4.942,4.945,317.06052
2019-11-10 10:28:00,4.94,4.94,4.94,4.94,0
2019-11-10 10:27:00,4.94,4.94,4.94,4.94,0
2019-11-10 10:26:00,4.943,4.943,4.94,4.94,1696.12369
2019-11-10 10:25:00,4.942,4.942,4.942,4.942,1385.01198
2019-11-10 10:24:00,4.938,4.944,4.937,4.943,2160.31249
2019-11-10 10:23:00,4.936,4.939,4.936,4.939,390.36618
2019-11-10 10:22:00,4.936,4.936,4.936,4.936,794.08732
2019-11-10 10:21:00,4.937,4.937,4.936,4.936,476.77218
2019-11-10 10:20:00,4.938,4.938,4.938,4.938,0
2019-11-10 10:19:00,4.937,4.938,4.937,4.938,406.62536
2019-11-10 10:18:00,4.935,4.938,4.934,4.938,271.10501
2019-11-10 10:17:00,4.938,4.938,4.933,4.934,1465.57776
2019-11-10 10:16:00,4.937,4.937,4.937,4.937,0
2019-11-10 10:15:00,4.938,4.938,4.937,4.937,208.60645
2019-11-10 10:14:00,4.942,4.942,4.938,4.938,252.24617
2019-11-10 10:13:00,4.937,4.942,4.936,4.942,2425.96112
2019-11-10 10:12:00,4.939,4.939,4.935,4.937,3137.44936
2019-11-10 10:11:00,4.942,4.942,4.938,4.94,720.48948
2019-11-10 10:10:00,4.942,4.942,4.942,4.942,0.319
2019-11-10 10:09:00,4.943,4.943,4.942,4.942,2265.88975
2019-11-10 10:08:00,4.944,4.944,4.941,4.941,787.18314
2019-11-10 10:07:00,4.944,4.944,4.944,4.944,2.06125
2019-11-10 10:06:00,4.944,4.944,4.943,4.944,292.45979
2019-11-10 10:05:00,4.942,4.944,4.942,4.944,4988.45729
2019-11-10 10:04:00,4.946,4.946,4.935,4.942,3628.33583
2019-11-10 10:03:00,4.946,4.946,4.946,4.946,245.80726
2019-11-10 10:02:00,4.945,4.946,4.945,4.946,291.92619
2019-11-10 10:01:00,4.945,4.946,4.945,4.945,1753.48058
2019-11-10 10:00:00,4.942,4.946,4.942,4.945,426.36208
2019-11-10 09:59:00,4.941,4.945,4.941,4.942,2409.29143
2019-11-10 09:58:00,4.943,4.943,4.942,4.942,208.138
2019-11-10 09:57:00,4.942,4.942,4.941,4.942,1802.46879
2019-11-10 09:56:00,4.945,4.946,4.945,4.945,1412.62363
2019-11-10 09:55:00,4.944,4.947,4.944,4.947,3245.41239
2019-11-10 09:54:00,4.943,4.943,4.943,4.943,30.05764
2019-11-10 09:53:00,4.943,4.943,4.943,4.943,1963.0255
2019-11-10 09:52:00,4.942,4.943,4.942,4.943,3113.25956
2019-11-10 09:51:00,4.944,4.944,4.941,4.942,2069.86945
2019-11-10 09:50:00,4.946,4.946,4.944,4.944,302.13909
2019-11-10 09:49:00,4.946,4.946,4.946,4.946,1577.33869
2019-11-10 09:48:00,4.948,4.948,4.946,4.946,2398.9313
2019-11-10 09:47:00,4.948,4.948,4.948,4.948,222.13254
2019-11-10 09:46:00,4.949,4.949,4.948,4.948,336.25478
2019-11-10 09:45:00,4.95,4.95,4.95,4.95,0
2019-11-10 09:44:00,4.95,4.95,4.95,4.95,1.76487
2019-11-10 09:43:00,4.949,4.95,4.949,4.95,5.49055
2019-11-10 09:42:00,4.949,4.949,4.948,4.949,5.97318
2019-11-10 09:41:00,4.949,4.949,4.949,4.949,344.26508
2019-11-10 09:40:00,4.951,4.951,4.948,4.949,589.94334
2019-11-10 09:39:00,4.951,4.951,4.949,4.951,529.19374
2019-11-10 09:38:00,4.948,4.951,4.948,4.951,2349.4196
2019-11-10 09:37:00,4.948,4.948,4.948,4.948,0.51549
2019-11-10 09:36:00,4.948,4.948,4.948,4.948,2.88222
2019-11-10 09:35:00,4.947,4.948,4.947,4.948,1875.85961
2019-11-10 09:34:00,4.947,4.947,4.947,4.947,0.35946
2019-11-10 09:33:00,4.947,4.947,4.947,4.947,2.91666
2019-11-10 09:32:00,4.947,4.947,4.946,4.947,287.66151
2019-11-10 09:31:00,4.946,4.947,4.945,4.947,2110.56851
2019-11-10 09:30:00,4.945,4.946,4.945,4.946,212.49
2019-11-10 09:29:00,4.947,4.947,4.947,4.947,0
2019-11-10 09:28:00,4.948,4.948,4.947,4.947,294.33777
2019-11-10 09:27:00,4.946,4.951,4.945,4.949,1582.67686
2019-11-10 09:26:00,4.946,4.946,4.946,4.946,1170.22551
2019-11-10 09:25:00,4.946,4.946,4.945,4.946,374.6955
2019-11-10 09:24:00,4.948,4.948,4.947,4.948,1347.44755
2019-11-10 09:23:00,4.951,4.951,4.949,4.949,1180.06463
2019-11-10 09:22:00,4.952,4.953,4.952,4.952,226.94599
2019-11-10 09:21:00,4.95,4.952,4.95,4.952,1670.36056
2019-11-10 09:20:00,4.949,4.952,4.949,4.952,894.43907
2019-11-10 09:19:00,4.949,4.949,4.949,4.949,0.10929
2019-11-10 09:18:00,4.948,4.949,4.948,4.949,2226.14788
2019-11-10 09:17:00,4.948,4.949,4.948,4.949,157.66911
2019-11-10 09:16:00,4.947,4.947,4.947,4.947,145.01919
2019-11-10 09:15:00,4.946,4.947,4.945,4.946,1777.12171
2019-11-10 09:14:00,4.945,4.95,4.945,4.946,911.87894
2019-11-10 09:13:00,4.944,4.945,4.943,4.944,2161.7088
2019-11-10 09:12:00,4.945,4.945,4.942,4.943,1970.1852
2019-11-10 09:11:00,4.946,4.946,4.945,4.945,2220.14242
2019-11-10 09:10:00,4.944,4.946,4.944,4.944,2270.20701
2019-11-10 09:09:00,4.944,4.944,4.944,4.944,0.27145
2019-11-10 09:08:00,4.94,4.943,4.94,4.943,980.31789
2019-11-10 09:07:00,4.941,4.941,4.94,4.94,233.84788
2019-11-10 09:06:00,4.939,4.941,4.939,4.941,1880.37706
2019-11-10 09:05:00,4.939,4.94,4.939,4.94,198.55424
2019-11-10 09:04:00,4.938,4.938,4.937,4.938,815.35889
2019-11-10 09:03:00,4.939,4.942,4.938,4.938,2163.58028
2019-11-10 09:02:00,4.936,4.939,4.935,4.935,574.96457
2019-11-10 09:01:00,4.938,4.939,4.936,4.936,824.85485
2019-11-10 09:00:00,4.939,4.939,4.937,4.938,3030.35426
2019-11-10 08:59:00,4.942,4.942,4.939,4.94,1338.26366
2019-11-10 08:58:00,4.941,4.942,4.941,4.942,168.25192
2019-11-10 08:57:00,4.94,4.941,4.939,4.941,180.89812
2019-11-10 08:56:00,4.941,4.941,4.94,4.941,165.83572
2019-11-10 08:55:00,4.942,4.943,4.942,4.942,631.27401
2019-11-10 08:54:00,4.941,4.941,4.941,4.941,0
2019-11-10 08:53:00,4.943,4.943,4.941,4.941,1746.13226
2019-11-10 08:52:00,4.944,4.944,4.943,4.943,326.46975
2019-11-10 08:51:00,4.945,4.945,4.945,4.945,0
2019-11-10 08:50:00,4.945,4.945,4.945,4.945,918.9591
2019-11-10 08:49:00,4.945,4.945,4.945,4.945,1754.40493
2019-11-10 08:48:00,4.946,4.946,4.945,4.945,668.89964
2019-11-10 08:47:00,4.946,4.946,4.946,4.946,606.43147
2019-11-10 08:46:00,4.946,4.946,4.946,4.946,882.97168
2019-11-10 08:45:00,4.948,4.948,4.947,4.947,1719.64297
2019-11-10 08:44:00,4.945,4.948,4.945,4.948,957.42278
2019-11-10 08:43:00,4.948,4.948,4.945,4.945,533.51369
2019-11-10 08:42:00,4.946,4.948,4.946,4.947,1776.25809
2019-11-10 08:41:00,4.947,4.947,4.946,4.946,542.23442
2019-11-10 08:40:00,4.947,4.947,4.947,4.947,185.41737
2019-11-10 08:39:00,4.948,4.948,4.947,4.947,187.24118
2019-11-10 08:38:00,4.947,4.947,4.947,4.947,433.11552
2019-11-10 08:37:00,4.946,4.947,4.945,4.947,718.50864
2019-11-10 08:36:00,4.945,4.945,4.945,4.945,0
2019-11-10 08:35:00,4.945,4.945,4.945,4.945,0
2019-11-10 08:34:00,4.945,4.945,4.945,4.945,1.64837
2019-11-10 08:33:00,4.945,4.946,4.945,4.945,84.44097
2019-11-10 08:32:00,4.945,4.945,4.945,4.945,2.71816
2019-11-10 08:31:00,4.945,4.946,4.945,4.945,1452.43463
2019-11-10 08:30:00,4.945,4.948,4.945,4.948,1817.16015
2019-11-10 08:29:00,4.945,4.945,4.945,4.945,219.01564
2019-11-10 08:28:00,4.945,4.945,4.945,4.945,2438.34617
2019-11-10 08:27:00,4.945,4.946,4.945,4.946,505.05361
2019-11-10 08:26:00,4.944,4.944,4.944,4.944,437.4019
2019-11-10 08:25:00,4.944,4.944,4.944,4.944,326.41713
2019-11-10 08:24:00,4.944,4.944,4.944,4.944,271.92288
2019-11-10 08:23:00,4.943,4.944,4.943,4.944,1880.81771
2019-11-10 08:22:00,4.942,4.943,4.942,4.943,2716.38348
2019-11-10 08:21:00,4.943,4.943,4.939,4.941,2623.92739
2019-11-10 08:20:00,4.94,4.943,4.94,4.943,612.3357
2019-11-10 08:19:00,4.94,4.94,4.94,4.94,391.36094
2019-11-10 08:18:00,4.943,4.943,4.941,4.941,494.82757
2019-11-10 08:17:00,4.943,4.944,4.942,4.943,1885.87671
2019-11-10 08:16:00,4.946,4.946,4.944,4.944,1160.87149
2019-11-10 08:15:00,4.945,4.945,4.945,4.945,0
2019-11-10 08:14:00,4.939,4.946,4.939,4.945,658.07251
2019-11-10 08:13:00,4.938,4.938,4.938,4.938,0.69351
2019-11-10 08:12:00,4.948,4.948,4.938,4.938,1314.27111
2019-11-10 08:11:00,4.947,4.95,4.947,4.948,2005.50835
2019-11-10 08:10:00,4.941,4.948,4.941,4.946,2744.51382
2019-11-10 08:09:00,4.942,4.942,4.94,4.941,488.0484
2019-11-10 08:08:00,4.948,4.948,4.94,4.94,911.63341
2019-11-10 08:07:00,4.949,4.949,4.948,4.948,2145.81992
2019-11-10 08:06:00,4.95,4.95,4.948,4.95,555.80757
2019-11-10 08:05:00,4.95,4.951,4.95,4.95,2326.90339
2019-11-10 08:04:00,4.95,4.951,4.947,4.95,995.35508
2019-11-10 08:03:00,4.952,4.952,4.947,4.949,631.20521
2019-11-10 08:02:00,4.953,4.953,4.952,4.952,937.55704
2019-11-10 08:01:00,4.952,4.954,4.951,4.953,2510.28552
2019-11-10 08:00:00,4.957,4.957,4.953,4.955,730.00364
2019-11-10 07:59:00,4.957,4.957,4.957,4.957,0
2019-11-10 07:58:00,4.957,4.957,4.957,4.957,0
2019-11-10 07:57:00,4.957,4.957,4.957,4.957,0
2019-11-10 07:56:00,4.957,4.957,4.957,4.957,0
2019-11-10 07:55:00,4.957,4.957,4.957,4.957,0
2019-11-10 07:54:00,4.956,4.957,4.956,4.957,1474.74764
2019-11-10 07:53:00,4.96,4.96,4.956,4.958,553.87214
2019-11-10 07:52:00,4.96,4.96,4.959,4.96,371.64748
2019-11-10 07:51:00,4.958,4.96,4.958,4.96,1232.9968
2019-11-10 07:50:00,4.959,4.959,4.959,4.959,213.36037
2019-11-10 07:49:00,4.96,4.96,4.959,4.959,532.73483
2019-11-10 07:48:00,4.96,4.96,4.96,4.96,0
2019-11-10 07:47:00,4.96,4.96,4.96,4.96,2630.68269
2019-11-10 07:46:00,4.959,4.959,4.959,4.959,4
2019-11-10 07:45:00,4.96,4.96,4.959,4.959,260.99721
2019-11-10 07:44:00,4.962,4.962,4.96,4.961,338.38725
2019-11-10 07:43:00,4.958,4.961,4.958,4.96,789.39177
2019-11-10 07:42:00,4.958,4.958,4.958,4.958,5.13863
2019-11-10 07:41:00,4.958,4.958,4.958,4.958,8.9216
2019-11-10 07:40:00,4.957,4.959,4.957,4.958,11.46684
2019-11-10 07:39:00,4.956,4.956,4.956,4.956,198.64839
2019-11-10 07:38:00,4.957,4.957,4.956,4.956,196.49867
2019-11-10 07:37:00,4.959,4.959,4.951,4.955,3925.897
2019-11-10 07:36:00,4.959,4.959,4.959,4.959,59.53538
2019-11-10 07:35:00,4.961,4.961,4.96,4.96,221.6591
2019-11-10 07:34:00,4.959,4.961,4.959,4.96,1578.36639
2019-11-10 07:33:00,4.961,4.961,4.961,4.961,1450.89732
2019-11-10 07:32:00,4.96,4.961,4.959,4.96,70.48585
2019-11-10 07:31:00,4.96,4.961,4.959,4.96,1329.68477
2019-11-10 07:30:00,4.959,4.961,4.959,4.959,2611.7007
2019-11-10 07:29:00,4.957,4.958,4.957,4.958,2534.94529
2019-11-10 07:28:00,4.956,4.956,4.955,4.956,2417.02742
2019-11-10 07:27:00,4.957,4.957,4.956,4.956,654.03687
2019-11-10 07:26:00,4.954,4.956,4.954,4.956,36.09033
2019-11-10 07:25:00,4.956,4.956,4.952,4.954,5300.56282
2019-11-10 07:24:00,4.957,4.961,4.957,4.959,3445.79557
2019-11-10 07:23:00,4.965,4.965,4.955,4.959,7523.34764
2019-11-10 07:22:00,4.968,4.97,4.964,4.968,9275.74937
2019-11-10 07:21:00,4.963,4.973,4.963,4.969,1700.39814
2019-11-10 07:20:00,4.962,4.963,4.962,4.963,646.51034
2019-11-10 07:19:00,4.962,4.965,4.962,4.963,2644.37186
2019-11-10 07:18:00,4.963,4.964,4.961,4.961,47.58514
2019-11-10 07:17:00,4.962,4.964,4.96,4.963,2986.38566
2019-11-10 07:16:00,4.962,4.962,4.961,4.961,538.39688
2019-11-10 07:15:00,4.96,4.963,4.96,4.962,1040.05799
2019-11-10 07:14:00,4.961,4.961,4.959,4.96,2995.02802
2019-11-10 07:13:00,4.961,4.961,4.959,4.961,3222.9535
2019-11-10 07:12:00,4.96,4.963,4.96,4.961,2068.05387
2019-11-10 07:11:00,4.961,4.961,4.96,4.96,1369.78343
2019-11-10 07:10:00,4.962,4.962,4.96,4.96,673.23688
2019-11-10 07:09:00,4.951,4.961,4.951,4.959,381.75848
2019-11-10 07:08:00,4.953,4.953,4.95,4.951,413.64419
2019-11-10 07:07:00,4.956,4.957,4.954,4.954,874.13858
2019-11-10 07:06:00,4.958,4.959,4.956,4.956,1278.19494
2019-11-10 07:05:00,4.956,4.958,4.956,4.957,1303.80898
2019-11-10 07:04:00,4.955,4.955,4.952,4.955,1942.22443
2019-11-10 07:03:00,4.95,4.954,4.95,4.954,1384.13653
2019-11-10 07:02:00,4.95,4.95,4.95,4.95,1.697
2019-11-10 07:01:00,4.95,4.95,4.95,4.95,0.59878
2019-11-10 07:00:00,4.953,4.953,4.95,4.95,304.67147
2019-11-10 06:59:00,4.948,4.954,4.947,4.954,2862.40578
2019-11-10 06:58:00,4.948,4.948,4.948,4.948,533.79168
2019-11-10 06:57:00,4.948,4.948,4.948,4.948,465.08583
2019-11-10 06:56:00,4.948,4.948,4.948,4.948,1307.93641
2019-11-10 06:55:00,4.948,4.948,4.948,4.948,3351.91291
2019-11-10 06:54:00,4.949,4.949,4.949,4.949,327.1034
2019-11-10 06:53:00,4.951,4.951,4.95,4.95,466.66614
2019-11-10 06:52:00,4.954,4.954,4.947,4.951,8283.40447
2019-11-10 06:51:00,4.955,4.955,4.951,4.954,2044.30878
2019-11-10 06:50:00,4.957,4.957,4.955,4.956,2555.13509
2019-11-10 06:49:00,4.957,4.958,4.955,4.956,865.69887
2019-11-10 06:48:00,4.954,4.954,4.954,4.954,817.46171
2019-11-10 06:47:00,4.954,4.955,4.953,4.954,770.14124
2019-11-10 06:46:00,4.954,4.954,4.953,4.954,676.74581
2019-11-10 06:45:00,4.958,4.958,4.952,4.953,447.04429
2019-11-10 06:44:00,4.957,4.959,4.953,4.959,1089.8659
2019-11-10 06:43:00,4.957,4.957,4.957,4.957,2606.23163
2019-11-10 06:42:00,4.956,4.957,4.956,4.957,860.41006
2019-11-10 06:41:00,4.955,4.958,4.955,4.957,1919.87044
2019-11-10 06:40:00,4.954,4.955,4.954,4.955,570.76133
2019-11-10 06:39:00,4.956,4.956,4.954,4.955,1313.08909
2019-11-10 06:38:00,4.958,4.958,4.957,4.957,1117.55484
2019-11-10 06:37:00,4.96,4.96,4.958,4.959,807.91641
2019-11-10 06:36:00,4.958,4.96,4.958,4.96,1601.91499
2019-11-10 06:35:00,4.959,4.959,4.959,4.959,862.82061
2019-11-10 06:34:00,4.959,4.96,4.958,4.96,2862.96564
2019-11-10 06:33:00,4.961,4.961,4.959,4.959,2463.37742
2019-11-10 06:32:00,4.962,4.962,4.961,4.962,273.5058
2019-11-10 06:31:00,4.952,4.963,4.952,4.961,2069.26796
2019-11-10 06:30:00,4.952,4.952,4.952,4.952,0
2019-11-10 06:29:00,4.952,4.952,4.952,4.952,0
2019-11-10 06:28:00,4.952,4.952,4.951,4.952,447.11837
2019-11-10 06:27:00,4.951,4.951,4.951,4.951,657.91945
2019-11-10 06:26:00,4.951,4.951,4.951,4.951,0
2019-11-10 06:25:00,4.952,4.953,4.948,4.951,4112.3576
2019-11-10 06:24:00,4.959,4.959,4.952,4.952,2095.58437
2019-11-10 06:23:00,4.964,4.964,4.959,4.959,1249.58394
2019-11-10 06:22:00,4.963,4.965,4.963,4.964,429.81823
2019-11-10 06:21:00,4.964,4.965,4.962,4.963,1945.89537
2019-11-10 06:20:00,4.948,4.966,4.948,4.964,30065.11646
2019-11-10 06:19:00,4.938,4.948,4.938,4.948,2712.79301
2019-11-10 06:18:00,4.937,4.938,4.935,4.937,1171.59044
2019-11-10 06:17:00,4.935,4.939,4.935,4.937,2871.65237
2019-11-10 06:16:00,4.936,4.937,4.933,4.935,1996.8983
2019-11-10 06:15:00,4.937,4.941,4.936,4.936,1595.07817
2019-11-10 06:14:00,4.937,4.938,4.937,4.938,418.09477
2019-11-10 06:13:00,4.938,4.938,4.937,4.937,1758.43155
2019-11-10 06:12:00,4.945,4.945,4.938,4.939,2795.79739
2019-11-10 06:11:00,4.936,4.944,4.936,4.944,1865.56125
2019-11-10 06:10:00,4.945,4.945,4.935,4.935,2791.34465
2019-11-10 06:09:00,4.949,4.949,4.946,4.946,1665.35262
2019-11-10 06:08:00,4.949,4.949,4.949,4.949,0.82256
2019-11-10 06:07:00,4.95,4.95,4.949,4.949,1514.50751
2019-11-10 06:06:00,4.95,4.95,4.95,4.95,4.88241
2019-11-10 06:05:00,4.948,4.95,4.947,4.95,1977.54609
2019-11-10 06:04:00,4.946,4.949,4.946,4.949,1057.91069
2019-11-10 06:03:00,4.946,4.946,4.946,4.946,92.86027
2019-11-10 06:02:00,4.947,4.947,4.947,4.947,464.51014
2019-11-10 06:01:00,4.946,4.946,4.946,4.946,0
2019-11-10 06:00:00,4.945,4.946,4.945,4.946,900.66974
2019-11-10 05:59:00,4.943,4.945,4.943,4.945,76.54207
2019-11-10 05:58:00,4.939,4.943,4.938,4.942,1268.52424
2019-11-10 05:57:00,4.939,4.939,4.939,4.939,7.42042
2019-11-10 05:56:00,4.938,4.938,4.938,4.938,0
2019-11-10 05:55:00,4.937,4.938,4.936,4.938,932.20603
2019-11-10 05:54:00,4.941,4.941,4.937,4.941,2174.34592
2019-11-10 05:53:00,4.94,4.943,4.94,4.942,1025.00734
2019-11-10 05:52:00,4.939,4.939,4.939,4.939,64.35584
2019-11-10 05:51:00,4.938,4.941,4.938,4.938,298.2832
2019-11-10 05:50:00,4.938,4.938,4.938,4.938,0
2019-11-10 05:49:00,4.937,4.938,4.937,4.938,792.62548
2019-11-10 05:48:00,4.937,4.937,4.937,4.937,0
2019-11-10 05:47:00,4.937,4.937,4.937,4.937,1737.52493
2019-11-10 05:46:00,4.94,4.94,4.937,4.939,709.23421
2019-11-10 05:45:00,4.938,4.94,4.938,4.94,1292.02328
2019-11-10 05:44:00,4.938,4.938,4.938,4.938,18.26388
2019-11-10 05:43:00,4.94,4.94,4.94,4.94,0
2019-11-10 05:42:00,4.939,4.94,4.939,4.94,40.22526
2019-11-10 05:41:00,4.939,4.939,4.939,4.939,0
2019-11-10 05:40:00,4.939,4.939,4.939,4.939,0
2019-11-10 05:39:00,4.94,4.94,4.939,4.939,44.14145
2019-11-10 05:38:00,4.939,4.939,4.939,4.939,0
2019-11-10 05:37:00,4.939,4.939,4.939,4.939,0.07
2019-11-10 05:36:00,4.939,4.939,4.939,4.939,0
2019-11-10 05:35:00,4.939,4.943,4.939,4.939,40.33639
2019-11-10 05:34:00,4.94,4.94,4.94,4.94,0
2019-11-10 05:33:00,4.939,4.943,4.939,4.94,569.0424
2019-11-10 05:32:00,4.939,4.94,4.939,4.94,1694.45661
2019-11-10 05:31:00,4.937,4.939,4.937,4.939,1490.69524
2019-11-10 05:30:00,4.939,4.94,4.934,4.937,2079.15569
2019-11-10 05:29:00,4.939,4.939,4.939,4.939,0
2019-11-10 05:28:00,4.939,4.94,4.939,4.939,24.79566
2019-11-10 05:27:00,4.938,4.94,4.938,4.939,80.39547
2019-11-10 05:26:00,4.94,4.943,4.94,4.94,1746.46235
2019-11-10 05:25:00,4.938,4.94,4.938,4.939,20.17552
2019-11-10 05:24:00,4.938,4.94,4.938,4.939,189.79112
2019-11-10 05:23:00,4.938,4.938,4.938,4.938,0
2019-11-10 05:22:00,4.937,4.941,4.937,4.938,274.04749
2019-11-10 05:21:00,4.938,4.94,4.936,4.936,988.67816
2019-11-10 05:20:00,4.937,4.938,4.936,4.936,978.94905
2019-11-10 05:19:00,4.937,4.938,4.937,4.937,2968.62986
2019-11-10 05:18:00,4.937,4.939,4.935,4.939,381.80341
2019-11-10 05:17:00,4.944,4.944,4.937,4.937,1247.00389
2019-11-10 05:16:00,4.944,4.945,4.944,4.944,2693.59474
2019-11-10 05:15:00,4.945,4.945,4.943,4.944,1412.22718
2019-11-10 05:14:00,4.948,4.949,4.946,4.946,2733.66544
2019-11-10 05:13:00,4.951,4.951,4.945,4.948,337.21513
2019-11-10 05:12:00,4.947,4.951,4.946,4.95,3285.09957
2019-11-10 05:11:00,4.95,4.95,4.945,4.946,1843.55514
2019-11-10 05:10:00,4.947,4.951,4.947,4.95,2662.79656
2019-11-10 05:09:00,4.95,4.95,4.945,4.947,3465.0256
2019-11-10 05:08:00,4.951,4.956,4.95,4.953,1780.57321
2019-11-10 05:07:00,4.957,4.957,4.947,4.951,2377.77976
2019-11-10 05:06:00,4.96,4.962,4.955,4.957,1548.01032
2019-11-10 05:05:00,4.96,4.96,4.96,4.96,2453.42549
2019-11-10 05:04:00,4.962,4.963,4.959,4.961,680.65421
2019-11-10 05:03:00,4.96,4.968,4.96,4.962,4960.72536
2019-11-10 05:02:00,4.965,4.966,4.959,4.962,3966.51171
2019-11-10 05:01:00,4.965,4.965,4.965,4.965,0.19546
2019-11-10 05:00:00,4.964,4.964,4.964,4.964,64.60747
2019-11-10 04:59:00,4.957,4.964,4.957,4.964,1812.35982
2019-11-10 04:58:00,4.966,4.967,4.957,4.957,992.36383
2019-11-10 04:57:00,4.963,4.965,4.963,4.965,1921.59288
2019-11-10 04:56:00,4.964,4.965,4.963,4.963,448.54902
2019-11-10 04:55:00,4.963,4.964,4.963,4.964,1826.38215
2019-11-10 04:54:00,4.962,4.963,4.962,4.963,786.75087
2019-11-10 04:53:00,4.961,4.962,4.961,4.962,1933.06857
2019-11-10 04:52:00,4.958,4.963,4.958,4.963,479.90101
2019-11-10 04:51:00,4.957,4.957,4.957,4.957,0
2019-11-10 04:50:00,4.957,4.957,4.957,4.957,219.86123
2019-11-10 04:49:00,4.957,4.958,4.957,4.957,557.31801
2019-11-10 04:48:00,4.959,4.959,4.957,4.957,1289.55216
2019-11-10 04:47:00,4.961,4.961,4.956,4.959,979.60794
2019-11-10 04:46:00,4.96,4.96,4.96,4.96,12
2019-11-10 04:45:00,4.962,4.963,4.959,4.96,1026.79613
2019-11-10 04:44:00,4.962,4.963,4.962,4.962,676.67606
2019-11-10 04:43:00,4.966,4.967,4.965,4.965,401.80383
2019-11-10 04:42:00,4.968,4.968,4.965,4.966,202.35031
2019-11-10 04:41:00,4.968,4.968,4.968,4.968,0.77791
2019-11-10 04:40:00,4.968,4.968,4.967,4.968,2549.35016
2019-11-10 04:39:00,4.965,4.969,4.965,4.968,2447.26449
2019-11-10 04:38:00,4.965,4.965,4.965,4.965,374.07683
2019-11-10 04:37:00,4.964,4.964,4.964,4.964,296.3232
2019-11-10 04:36:00,4.965,4.965,4.963,4.963,294.51524
2019-11-10 04:35:00,4.967,4.968,4.965,4.965,1682.31941
2019-11-10 04:34:00,4.963,4.968,4.963,4.968,1529.96942
2019-11-10 04:33:00,4.961,4.964,4.961,4.963,1920.26445
2019-11-10 04:32:00,4.961,4.961,4.961,4.961,1.42681
2019-11-10 04:31:00,4.959,4.961,4.958,4.961,849.19548
2019-11-10 04:30:00,4.959,4.96,4.957,4.959,1137.10871
2019-11-10 04:29:00,4.96,4.96,4.958,4.959,1777.37134
2019-11-10 04:28:00,4.965,4.965,4.958,4.959,2106.06687
2019-11-10 04:27:00,4.964,4.965,4.964,4.965,187.10605
2019-11-10 04:26:00,4.966,4.966,4.963,4.965,1103.06195
2019-11-10 04:25:00,4.967,4.967,4.967,4.967,1709.84321
2019-11-10 04:24:00,4.966,4.966,4.966,4.966,229.4671
2019-11-10 04:23:00,4.966,4.967,4.966,4.966,1535.14968
2019-11-10 04:22:00,4.967,4.967,4.967,4.967,0
2019-11-10 04:21:00,4.966,4.967,4.966,4.967,2337.36787
2019-11-10 04:20:00,4.966,4.966,4.966,4.966,604.57202
2019-11-10 04:19:00,4.959,4.966,4.959,4.966,3493.80654
2019-11-10 04:18:00,4.967,4.967,4.96,4.96,2115.54354
2019-11-10 04:17:00,4.965,4.967,4.964,4.967,1106.2743
2019-11-10 04:16:00,4.963,4.963,4.961,4.963,377.01861
2019-11-10 04:15:00,4.963,4.963,4.963,4.963,258.96237
2019-11-10 04:14:00,4.966,4.966,4.963,4.963,495.18058
2019-11-10 04:13:00,4.965,4.966,4.965,4.966,383.16036
2019-11-10 04:12:00,4.968,4.968,4.965,4.965,334.97588
2019-11-10 04:11:00,4.966,4.968,4.966,4.968,1272.8852
2019-11-10 04:10:00,4.965,4.966,4.965,4.966,1176.218
2019-11-10 04:09:00,4.963,4.965,4.963,4.965,431.43112
2019-11-10 04:08:00,4.957,4.965,4.957,4.964,1869.5105
2019-11-10 04:07:00,4.957,4.958,4.954,4.957,572.19791
2019-11-10 04:06:00,4.958,4.958,4.955,4.955,526.33577
2019-11-10 04:05:00,4.954,4.958,4.954,4.958,301.96203
2019-11-10 04:04:00,4.957,4.957,4.953,4.954,2209.63741
2019-11-10 04:03:00,4.957,4.957,4.957,4.957,0.29849
2019-11-10 04:02:00,4.957,4.957,4.957,4.957,1049.01375
2019-11-10 04:01:00,4.958,4.958,4.957,4.957,257.50218
2019-11-10 04:00:00,4.957,4.958,4.956,4.958,1145.23596
2019-11-10 03:59:00,4.951,4.955,4.951,4.955,1293.07692
2019-11-10 03:58:00,4.951,4.951,4.951,4.951,0.67907
2019-11-10 03:57:00,4.95,4.954,4.95,4.951,1068.24278
2019-11-10 03:56:00,4.95,4.951,4.95,4.95,829.05606
2019-11-10 03:55:00,4.951,4.951,4.95,4.95,1271.19817
2019-11-10 03:54:00,4.951,4.951,4.95,4.951,810.11953
2019-11-10 03:53:00,4.953,4.953,4.952,4.952,1456.31611
2019-11-10 03:52:00,4.953,4.953,4.953,4.953,187.852
2019-11-10 03:51:00,4.953,4.953,4.953,4.953,1650.95045
2019-11-10 03:50:00,4.954,4.954,4.954,4.954,858.54775
2019-11-10 03:49:00,4.954,4.954,4.954,4.954,800.88649
2019-11-10 03:48:00,4.954,4.954,4.954,4.954,174.9295
2019-11-10 03:47:00,4.958,4.958,4.958,4.958,0
2019-11-10 03:46:00,4.954,4.958,4.954,4.958,127.50431
2019-11-10 03:45:00,4.955,4.955,4.953,4.953,2174.81134
2019-11-10 03:44:00,4.955,4.957,4.955,4.957,204.47238
2019-11-10 03:43:00,4.955,4.955,4.954,4.955,30.68741
2019-11-10 03:42:00,4.955,4.955,4.955,4.955,228.75465
2019-11-10 03:41:00,4.954,4.954,4.954,4.954,0
2019-11-10 03:40:00,4.955,4.955,4.954,4.954,628.97473
2019-11-10 03:39:00,4.964,4.964,4.956,4.956,1270.49538
2019-11-10 03:38:00,4.961,4.965,4.961,4.964,408.49922
2019-11-10 03:37:00,4.959,4.961,4.959,4.961,403.34424
2019-11-10 03:36:00,4.951,4.961,4.951,4.96,4814.76004
2019-11-10 03:35:00,4.956,4.956,4.947,4.95,1881.97779
2019-11-10 03:34:00,4.956,4.959,4.956,4.958,167.38846
2019-11-10 03:33:00,4.956,4.956,4.954,4.956,765.03749
2019-11-10 03:32:00,4.956,4.956,4.956,4.956,0.4577
2019-11-10 03:31:00,4.954,4.957,4.954,4.956,2706.37766
2019-11-10 03:30:00,4.955,4.955,4.953,4.955,1933.22467
2019-11-10 03:29:00,4.954,4.955,4.953,4.955,3581.15884
2019-11-10 03:28:00,4.951,4.953,4.951,4.953,601.72368
2019-11-10 03:27:00,4.953,4.953,4.951,4.951,417.22359
2019-11-10 03:26:00,4.954,4.954,4.954,4.954,0
2019-11-10 03:25:00,4.956,4.956,4.954,4.954,435.73936
2019-11-10 03:24:00,4.954,4.956,4.954,4.956,2359.36512
2019-11-10 03:23:00,4.954,4.954,4.954,4.954,8
2019-11-10 03:22:00,4.95,4.954,4.95,4.953,1416.41289
2019-11-10 03:21:00,4.947,4.947,4.945,4.947,1035.70095
2019-11-10 03:20:00,4.951,4.951,4.947,4.947,1211.87877
2019-11-10 03:19:00,4.957,4.957,4.95,4.95,1737.48683
2019-11-10 03:18:00,4.957,4.957,4.957,4.957,1.29292
2019-11-10 03:17:00,4.957,4.958,4.957,4.957,1772.94416
2019-11-10 03:16:00,4.959,4.959,4.958,4.958,277.61298
2019-11-10 03:15:00,4.959,4.961,4.959,4.959,1106.51033
2019-11-10 03:14:00,4.958,4.959,4.958,4.959,1236.93501
2019-11-10 03:13:00,4.959,4.96,4.958,4.958,501.78436
2019-11-10 03:12:00,4.953,4.959,4.953,4.958,3277.45695
2019-11-10 03:11:00,4.953,4.953,4.953,4.953,260.98398
2019-11-10 03:10:00,4.954,4.954,4.953,4.954,191.86591
2019-11-10 03:09:00,4.958,4.959,4.955,4.955,1765.43609
2019-11-10 03:08:00,4.958,4.962,4.958,4.958,341.66096
2019-11-10 03:07:00,4.954,4.959,4.953,4.957,1294.86745
2019-11-10 03:06:00,4.945,4.955,4.943,4.955,1384.90995
2019-11-10 03:05:00,4.953,4.953,4.947,4.947,616.72601
2019-11-10 03:04:00,4.96,4.96,4.954,4.954,728.91869
2019-11-10 03:03:00,4.962,4.962,4.959,4.96,735.02882
2019-11-10 03:02:00,4.95,4.963,4.95,4.963,1120.69631
2019-11-10 03:01:00,4.949,4.95,4.948,4.95,198.71615
2019-11-10 03:00:00,4.951,4.951,4.951,4.951,0
2019-11-10 02:59:00,4.951,4.951,4.951,4.951,0
2019-11-10 02:58:00,4.956,4.956,4.951,4.951,1358.67915
2019-11-10 02:57:00,4.954,4.957,4.954,4.957,2280.76097
2019-11-10 02:56:00,4.955,4.956,4.955,4.956,243.25121
2019-11-10 02:55:00,4.955,4.955,4.955,4.955,716.47296
2019-11-10 02:54:00,4.955,4.956,4.955,4.956,1340.60501
2019-11-10 02:53:00,4.96,4.96,4.955,4.956,784.33171
2019-11-10 02:52:00,4.963,4.963,4.963,4.963,1254.22796
2019-11-10 02:51:00,4.963,4.964,4.963,4.964,1507.80276
2019-11-10 02:50:00,4.964,4.97,4.963,4.964,3118.09848
2019-11-10 02:49:00,4.957,4.964,4.957,4.964,765.02317
2019-11-10 02:48:00,4.956,4.956,4.956,4.956,4
2019-11-10 02:47:00,4.948,4.957,4.948,4.956,4034.78619
2019-11-10 02:46:00,4.952,4.952,4.948,4.948,719.45595
2019-11-10 02:45:00,4.954,4.955,4.953,4.953,451.70855
2019-11-10 02:44:00,4.959,4.959,4.955,4.956,1124.07308
2019-11-10 02:43:00,4.959,4.96,4.959,4.96,999.82952
2019-11-10 02:42:00,4.96,4.961,4.96,4.961,1355.75798
2019-11-10 02:41:00,4.961,4.961,4.958,4.96,2017.10501
2019-11-10 02:40:00,4.962,4.962,4.962,4.962,3
2019-11-10 02:39:00,4.963,4.963,4.963,4.963,0
2019-11-10 02:38:00,4.963,4.963,4.963,4.963,213.96074
2019-11-10 02:37:00,4.963,4.963,4.963,4.963,870.3856
2019-11-10 02:36:00,4.963,4.963,4.963,4.963,585.72881
2019-11-10 02:35:00,4.962,4.963,4.962,4.963,933.17991
2019-11-10 02:34:00,4.962,4.963,4.962,4.963,419.93722
2019-11-10 02:33:00,4.961,4.961,4.961,4.961,1127.02526
2019-11-10 02:32:00,4.96,4.961,4.959,4.961,1311.25865
2019-11-10 02:31:00,4.953,4.955,4.953,4.955,216.37868
2019-11-10 02:30:00,4.953,4.953,4.953,4.953,964.19803
2019-11-10 02:29:00,4.954,4.954,4.954,4.954,1801.13445
2019-11-10 02:28:00,4.947,4.956,4.947,4.956,611.60283
2019-11-10 02:27:00,4.951,4.951,4.95,4.95,367.72105
2019-11-10 02:26:00,4.957,4.957,4.951,4.951,963.28549
2019-11-10 02:25:00,4.958,4.958,4.958,4.958,0
2019-11-10 02:24:00,4.959,4.959,4.958,4.958,1129.67387
2019-11-10 02:23:00,4.962,4.962,4.96,4.96,1335.94992
2019-11-10 02:22:00,4.963,4.963,4.962,4.962,1620.98787
2019-11-10 02:21:00,4.961,4.967,4.961,4.962,3356.10024
2019-11-10 02:20:00,4.954,4.96,4.954,4.96,2791.68641
2019-11-10 02:19:00,4.955,4.96,4.955,4.955,3275.27751
2019-11-10 02:18:00,4.948,4.956,4.944,4.956,4930.81634
2019-11-10 02:17:00,4.948,4.948,4.948,4.948,21.99935
2019-11-10 02:16:00,4.948,4.95,4.948,4.949,2134.9035
2019-11-10 02:15:00,4.959,4.96,4.949,4.949,2306.2993
2019-11-10 02:14:00,4.957,4.962,4.957,4.96,1760.99586
2019-11-10 02:13:00,4.955,4.958,4.955,4.957,1081.00078
2019-11-10 02:12:00,4.952,4.958,4.952,4.956,952.85256
2019-11-10 02:11:00,4.952,4.952,4.951,4.952,1785.32795
2019-11-10 02:10:00,4.955,4.958,4.952,4.952,2115.01824
2019-11-10 02:09:00,4.955,4.955,4.955,4.955,2.2025
2019-11-10 02:08:00,4.949,4.955,4.949,4.955,1855.84893
2019-11-10 02:07:00,4.95,4.95,4.947,4.949,1983.92946
2019-11-10 02:06:00,4.949,4.95,4.949,4.95,283.01562
2019-11-10 02:05:00,4.949,4.949,4.949,4.949,0.34897
2019-11-10 02:04:00,4.948,4.948,4.948,4.948,0
2019-11-10 02:03:00,4.949,4.95,4.948,4.948,421.23499
2019-11-10 02:02:00,4.951,4.953,4.951,4.951,156.16261
2019-11-10 02:01:00,4.951,4.951,4.951,4.951,0.36698
2019-11-10 02:00:00,4.95,4.95,4.948,4.949,1377.71802
2019-11-10 01:59:00,4.95,4.951,4.949,4.949,1148.6428
2019-11-10 01:58:00,4.95,4.95,4.95,4.95,4
2019-11-10 01:57:00,4.95,4.95,4.949,4.95,840.07421
2019-11-10 01:56:00,4.955,4.955,4.949,4.949,3255.96934
2019-11-10 01:55:00,4.945,4.956,4.945,4.956,1383.57778
2019-11-10 01:54:00,4.947,4.947,4.946,4.946,657.13286
2019-11-10 01:53:00,4.947,4.947,4.946,4.947,2142.97285
2019-11-10 01:52:00,4.945,4.947,4.945,4.947,295.33916
2019-11-10 01:51:00,4.948,4.949,4.947,4.947,493.30516
2019-11-10 01:50:00,4.956,4.956,4.95,4.95,2008.49216
2019-11-10 01:49:00,4.948,4.956,4.948,4.956,3738.31237
2019-11-10 01:48:00,4.955,4.956,4.948,4.948,197.69104
2019-11-10 01:47:00,4.951,4.955,4.951,4.954,514.31258
2019-11-10 01:46:00,4.946,4.954,4.945,4.954,1339.73342
2019-11-10 01:45:00,4.953,4.955,4.947,4.947,3815.98756
2019-11-10 01:44:00,4.954,4.956,4.953,4.953,3391.81068
2019-11-10 01:43:00,4.953,4.961,4.951,4.954,5299.21225
2019-11-10 01:42:00,4.956,4.956,4.95,4.954,2205.8495
2019-11-10 01:41:00,4.949,4.955,4.949,4.955,2032.58908
2019-11-10 01:40:00,4.949,4.949,4.949,4.949,2.0206
2019-11-10 01:39:00,4.948,4.949,4.947,4.948,426.39045
2019-11-10 01:38:00,4.948,4.948,4.948,4.948,6.25129
2019-11-10 01:37:00,4.947,4.947,4.947,4.947,212.659
2019-11-10 01:36:00,4.946,4.947,4.945,4.947,328.68128
2019-11-10 01:35:00,4.946,4.946,4.945,4.946,1680.45832
2019-11-10 01:34:00,4.944,4.947,4.944,4.947,425.12616
2019-11-10 01:33:00,4.947,4.947,4.944,4.944,1627.15718
2019-11-10 01:32:00,4.947,4.947,4.947,4.947,796.47904
2019-11-10 01:31:00,4.946,4.946,4.946,4.946,1153.17806
2019-11-10 01:30:00,4.946,4.946,4.946,4.946,1886.51173
2019-11-10 01:29:00,4.946,4.947,4.946,4.946,346.52698
2019-11-10 01:28:00,4.948,4.948,4.946,4.946,726.8454
2019-11-10 01:27:00,4.948,4.949,4.948,4.949,1881.90625
2019-11-10 01:26:00,4.944,4.95,4.944,4.95,847.18622
2019-11-10 01:25:00,4.946,4.946,4.946,4.946,2815.90025
2019-11-10 01:24:00,4.946,4.946,4.943,4.946,2091.04923
2019-11-10 01:23:00,4.949,4.949,4.947,4.947,722.26358
2019-11-10 01:22:00,4.95,4.951,4.949,4.951,2067.44281
2019-11-10 01:21:00,4.951,4.952,4.947,4.949,1727.96451
2019-11-10 01:20:00,4.948,4.952,4.948,4.951,1177.08456
2019-11-10 01:19:00,4.949,4.949,4.947,4.947,657.77764
2019-11-10 01:18:00,4.948,4.949,4.947,4.949,1456.72548
2019-11-10 01:17:00,4.957,4.96,4.946,4.946,5414.9513
2019-11-10 01:16:00,4.955,4.959,4.955,4.957,1646.37017
2019-11-10 01:15:00,4.946,4.952,4.943,4.952,707.51333
2019-11-10 01:14:00,4.945,4.947,4.944,4.946,3509.78528
2019-11-10 01:13:00,4.939,4.946,4.939,4.946,5281.66589
2019-11-10 01:12:00,4.936,4.939,4.936,4.939,2125.65675
2019-11-10 01:11:00,4.936,4.937,4.935,4.937,501.39061
2019-11-10 01:10:00,4.939,4.943,4.937,4.937,1396.9695
2019-11-10 01:09:00,4.929,4.938,4.929,4.938,2071.59797
2019-11-10 01:08:00,4.928,4.929,4.928,4.929,318.47938
2019-11-10 01:07:00,4.928,4.93,4.926,4.927,1922.89442
2019-11-10 01:06:00,4.929,4.932,4.929,4.929,1995.94131
2019-11-10 01:05:00,4.93,4.934,4.929,4.929,1444.94547
2019-11-10 01:04:00,4.929,4.932,4.928,4.93,3295.91203
2019-11-10 01:03:00,4.926,4.931,4.926,4.931,1460.15179
2019-11-10 01:02:00,4.925,4.925,4.924,4.925,718.13152
2019-11-10 01:01:00,4.922,4.926,4.92,4.926,3682.28707
2019-11-10 01:00:00,4.926,4.926,4.92,4.923,4194.94933
2019-11-10 00:59:00,4.927,4.927,4.92,4.926,3579.48024
2019-11-10 00:58:00,4.927,4.929,4.927,4.928,494.3516
2019-11-10 00:57:00,4.933,4.933,4.926,4.928,1825.76836
2019-11-10 00:56:00,4.935,4.935,4.934,4.934,143.71359
2019-11-10 00:55:00,4.931,4.934,4.931,4.933,717.49446
2019-11-10 00:54:00,4.929,4.935,4.928,4.932,750.25387
2019-11-10 00:53:00,4.928,4.939,4.928,4.929,5170.55383
2019-11-10 00:52:00,4.931,4.931,4.927,4.929,2055.16065
2019-11-10 00:51:00,4.932,4.932,4.931,4.932,253.62856
2019-11-10 00:50:00,4.932,4.937,4.93,4.932,2127.12364
2019-11-10 00:49:00,4.93,4.933,4.93,4.932,2005.42351
2019-11-10 00:48:00,4.937,4.938,4.928,4.93,1165.25223
2019-11-10 00:47:00,4.937,4.939,4.933,4.937,2655.72892
2019-11-10 00:46:00,4.93,4.939,4.93,4.937,18489.1247
2019-11-10 00:45:00,4.931,4.931,4.928,4.929,2574.10072
2019-11-10 00:44:00,4.94,4.94,4.93,4.93,1097.61358
2019-11-10 00:43:00,4.933,4.94,4.933,4.94,2503.01736
2019-11-10 00:42:00,4.936,4.938,4.932,4.933,2908.01042
2019-11-10 00:41:00,4.94,4.943,4.937,4.939,2606.26485
2019-11-10 00:40:00,4.949,4.949,4.937,4.937,3222.97994
2019-11-10 00:39:00,4.949,4.949,4.949,4.949,5882.23462
2019-11-10 00:38:00,4.95,4.95,4.949,4.949,2454.32707
2019-11-10 00:37:00,4.948,4.951,4.948,4.951,3930.21174
2019-11-10 00:36:00,4.952,4.952,4.948,4.948,3168.56715
2019-11-10 00:35:00,4.944,4.952,4.941,4.951,1642.32138
2019-11-10 00:34:00,4.932,4.944,4.932,4.944,4095.51995
2019-11-10 00:33:00,4.94,4.94,4.931,4.932,1887.26811
2019-11-10 00:32:00,4.939,4.94,4.938,4.94,2601.74435
2019-11-10 00:31:00,4.934,4.94,4.934,4.94,316.57168
2019-11-10 00:30:00,4.943,4.943,4.935,4.935,1371.09097
2019-11-10 00:29:00,4.936,4.948,4.936,4.943,4064.29177
2019-11-10 00:28:00,4.948,4.948,4.936,4.936,956.97135
2019-11-10 00:27:00,4.948,4.95,4.947,4.948,542.74843
2019-11-10 00:26:00,4.939,4.949,4.935,4.949,7813.04701
2019-11-10 00:25:00,4.947,4.947,4.939,4.939,1516.40319
2019-11-10 00:24:00,4.949,4.949,4.945,4.946,2005.7994
2019-11-10 00:23:00,4.95,4.95,4.947,4.949,2546.76608
2019-11-10 00:22:00,4.944,4.951,4.944,4.951,1964.84162
2019-11-10 00:21:00,4.955,4.955,4.944,4.944,3815.7133
2019-11-10 00:20:00,4.96,4.96,4.956,4.956,2038.8951
2019-11-10 00:19:00,4.957,4.96,4.957,4.96,632.72648
2019-11-10 00:18:00,4.953,4.955,4.953,4.955,1542.49576
2019-11-10 00:17:00,4.952,4.958,4.952,4.954,2172.68325
2019-11-10 00:16:00,4.955,4.955,4.953,4.953,2836.98393
2019-11-10 00:15:00,4.959,4.959,4.953,4.955,2575.55204
2019-11-10 00:14:00,4.961,4.961,4.959,4.959,2027.45681
2019-11-10 00:13:00,4.96,4.967,4.958,4.961,959.32041
2019-11-10 00:12:00,4.962,4.963,4.959,4.96,1317.10191
2019-11-10 00:11:00,4.961,4.963,4.96,4.961,1124.03591
2019-11-10 00:10:00,4.963,4.967,4.962,4.962,1628.89906
2019-11-10 00:09:00,4.96,4.963,4.96,4.963,464.73149
2019-11-10 00:08:00,4.958,4.962,4.956,4.96,2796.18786
2019-11-10 00:07:00,4.961,4.961,4.958,4.959,1538.61805
2019-11-10 00:06:00,4.962,4.968,4.959,4.961,2055.57685
2019-11-10 00:05:00,4.962,4.962,4.96,4.961,884.81906
2019-11-10 00:04:00,4.959,4.964,4.958,4.963,1455.56762
2019-11-10 00:03:00,4.954,4.96,4.954,4.958,5219.83461
2019-11-10 00:02:00,4.946,4.954,4.946,4.954,1961.93993
2019-11-10 00:01:00,4.938,4.948,4.938,4.947,3729.21909
2019-11-10 00:00:00,4.95,4.95,4.937,4.937,3344.79492
