2019-11-15 23:59:00,4.562,4.57,4.562,4.57,2310.46687
2019-11-15 23:58:00,4.564,4.564,4.561,4.561,282.57479
2019-11-15 23:57:00,4.565,4.566,4.564,4.565,1062.16375
2019-11-15 23:56:00,4.565,4.565,4.563,4.563,551.67235
2019-11-15 23:55:00,4.566,4.569,4.565,4.565,673.5297
2019-11-15 23:54:00,4.564,4.565,4.561,4.563,1545.16583
2019-11-15 23:53:00,4.566,4.566,4.565,4.565,63.99724
2019-11-15 23:52:00,4.57,4.57,4.566,4.566,434.28627
2019-11-15 23:51:00,4.569,4.569,4.569,4.569,68.48006
2019-11-15 23:50:00,4.575,4.577,4.568,4.568,2262.02306
2019-11-15 23:49:00,4.568,4.574,4.568,4.574,1472.73154
2019-11-15 23:48:00,4.566,4.569,4.566,4.567,2109.64829
2019-11-15 23:47:00,4.557,4.57,4.557,4.566,4781.29823
2019-11-15 23:46:00,4.559,4.559,4.556,4.556,1094.92865
2019-11-15 23:45:00,4.565,4.565,4.557,4.557,473.16849
2019-11-15 23:44:00,4.571,4.571,4.56,4.566,2044.30401
2019-11-15 23:43:00,4.574,4.574,4.569,4.571,616.53657
2019-11-15 23:42:00,4.57,4.575,4.57,4.575,2300.11566
2019-11-15 23:41:00,4.575,4.575,4.57,4.57,653.50965
2019-11-15 23:40:00,4.569,4.575,4.569,4.575,153.83952
2019-11-15 23:39:00,4.579,4.58,4.568,4.571,3773.7789
2019-11-15 23:38:00,4.576,4.58,4.574,4.58,2119.56509
2019-11-15 23:37:00,4.575,4.576,4.575,4.576,291.63734
2019-11-15 23:36:00,4.57,4.575,4.57,4.575,2597.95064
2019-11-15 23:35:00,4.571,4.571,4.568,4.57,649.6956
2019-11-15 23:34:00,4.574,4.576,4.567,4.571,7104.09936
2019-11-15 23:33:00,4.562,4.574,4.562,4.574,2050.04505
2019-11-15 23:32:00,4.56,4.563,4.553,4.563,3158.17445
2019-11-15 23:31:00,4.565,4.565,4.558,4.56,1749.06313
2019-11-15 23:30:00,4.561,4.565,4.56,4.565,1894.70125
2019-11-15 23:29:00,4.563,4.563,4.561,4.562,1507.92732
2019-11-15 23:28:00,4.564,4.564,4.562,4.562,2052.05234
2019-11-15 23:27:00,4.567,4.567,4.566,4.566,3742.61207
2019-11-15 23:26:00,4.563,4.573,4.563,4.566,2265.79059
2019-11-15 23:25:00,4.564,4.565,4.561,4.563,3610.65766
2019-11-15 23:24:00,4.569,4.571,4.564,4.564,771.04116
2019-11-15 23:23:00,4.576,4.576,4.568,4.569,935.16195
2019-11-15 23:22:00,4.575,4.577,4.573,4.576,3705.64171
2019-11-15 23:21:00,4.576,4.576,4.573,4.574,650.0335
2019-11-15 23:20:00,4.579,4.58,4.575,4.575,1964.16433
2019-11-15 23:19:00,4.578,4.578,4.576,4.578,2433.8617
2019-11-15 23:18:00,4.579,4.582,4.576,4.576,8228.76717
2019-11-15 23:17:00,4.573,4.58,4.573,4.58,5351.76073
2019-11-15 23:16:00,4.577,4.578,4.567,4.574,10688.87133
2019-11-15 23:15:00,4.574,4.579,4.573,4.578,747.17991
2019-11-15 23:14:00,4.571,4.579,4.567,4.573,11475.34141
2019-11-15 23:13:00,4.582,4.582,4.568,4.571,2339.68947
2019-11-15 23:12:00,4.567,4.585,4.565,4.582,15430.53045
2019-11-15 23:11:00,4.57,4.572,4.563,4.568,2917.96924
2019-11-15 23:10:00,4.576,4.582,4.573,4.573,21145.63659
2019-11-15 23:09:00,4.571,4.58,4.571,4.576,4663.67045
2019-11-15 23:08:00,4.57,4.573,4.567,4.571,4333.79585
2019-11-15 23:07:00,4.567,4.574,4.567,4.57,8059.86465
2019-11-15 23:06:00,4.55,4.565,4.55,4.565,4701.42268
2019-11-15 23:05:00,4.539,4.554,4.539,4.551,5200.25684
2019-11-15 23:04:00,4.539,4.545,4.528,4.541,12635.44151
2019-11-15 23:03:00,4.547,4.548,4.53,4.539,14072.35106
2019-11-15 23:02:00,4.525,4.548,4.525,4.546,2815.94383
2019-11-15 23:01:00,4.531,4.531,4.51,4.521,15118.77486
2019-11-15 23:00:00,4.549,4.55,4.528,4.533,12465.02479
2019-11-15 22:59:00,4.546,4.547,4.542,4.545,2745.04094
2019-11-15 22:58:00,4.551,4.551,4.543,4.547,4447.571
2019-11-15 22:57:00,4.554,4.556,4.547,4.55,3059.04442
2019-11-15 22:56:00,4.572,4.572,4.553,4.557,6216.54374
2019-11-15 22:55:00,4.573,4.573,4.563,4.572,1930.44001
2019-11-15 22:54:00,4.566,4.572,4.566,4.568,11063.99039
2019-11-15 22:53:00,4.572,4.576,4.564,4.566,2852.845
2019-11-15 22:52:00,4.571,4.575,4.569,4.572,2428.70027
2019-11-15 22:51:00,4.562,4.576,4.562,4.573,9975.96049
2019-11-15 22:50:00,4.569,4.569,4.56,4.56,4447.55648
2019-11-15 22:49:00,4.573,4.574,4.566,4.566,1141.00272
2019-11-15 22:48:00,4.568,4.576,4.568,4.571,26293.80917
2019-11-15 22:47:00,4.559,4.569,4.543,4.567,18768.73163
2019-11-15 22:46:00,4.551,4.559,4.543,4.559,4444.79773
2019-11-15 22:45:00,4.562,4.562,4.545,4.552,6246.97728
2019-11-15 22:44:00,4.552,4.571,4.552,4.561,33491.36414
2019-11-15 22:43:00,4.574,4.574,4.552,4.552,5838.86534
2019-11-15 22:42:00,4.56,4.579,4.558,4.573,6948.5964
2019-11-15 22:41:00,4.539,4.559,4.539,4.557,7996.34539
2019-11-15 22:40:00,4.544,4.55,4.532,4.537,9566.5819
2019-11-15 22:39:00,4.538,4.555,4.538,4.543,4547.24271
2019-11-15 22:38:00,4.544,4.547,4.528,4.536,24416.95584
2019-11-15 22:37:00,4.557,4.561,4.527,4.54,11118.78353
2019-11-15 22:36:00,4.505,4.56,4.505,4.555,15936.83734
2019-11-15 22:35:00,4.5,4.52,4.5,4.512,17982.004
2019-11-15 22:34:00,4.455,4.516,4.449,4.5,31110.82405
2019-11-15 22:33:00,4.448,4.485,4.428,4.455,50337.68462
2019-11-15 22:32:00,4.49,4.507,4.439,4.449,64743.01441
2019-11-15 22:31:00,4.581,4.596,4.467,4.489,69101.51144
2019-11-15 22:30:00,4.622,4.627,4.574,4.593,47149.6648
2019-11-15 22:29:00,4.648,4.651,4.608,4.62,16771.15899
2019-11-15 22:28:00,4.643,4.648,4.62,4.647,20517.22768
2019-11-15 22:27:00,4.671,4.671,4.621,4.639,22910.67975
2019-11-15 22:26:00,4.667,4.68,4.657,4.671,15499.58338
2019-11-15 22:25:00,4.701,4.701,4.667,4.667,4530.80773
2019-11-15 22:24:00,4.693,4.701,4.692,4.701,1490.83068
2019-11-15 22:23:00,4.697,4.704,4.693,4.694,1370.02378
2019-11-15 22:22:00,4.701,4.708,4.695,4.698,25143.12393
2019-11-15 22:21:00,4.707,4.707,4.695,4.699,10723.52905
2019-11-15 22:20:00,4.711,4.714,4.7,4.708,10046.98297
2019-11-15 22:19:00,4.714,4.714,4.702,4.711,5184.85722
2019-11-15 22:18:00,4.714,4.729,4.701,4.718,15654.25171
2019-11-15 22:17:00,4.706,4.724,4.701,4.718,10741.852
2019-11-15 22:16:00,4.723,4.724,4.706,4.706,2223.24329
2019-11-15 22:15:00,4.726,4.73,4.723,4.723,3997.01068
2019-11-15 22:14:00,4.727,4.727,4.724,4.726,959.94045
2019-11-15 22:13:00,4.73,4.732,4.728,4.728,74.30954
2019-11-15 22:12:00,4.727,4.731,4.727,4.731,2130.77441
2019-11-15 22:11:00,4.724,4.727,4.721,4.727,1760.00457
2019-11-15 22:10:00,4.73,4.731,4.724,4.724,857.96572
2019-11-15 22:09:00,4.732,4.735,4.731,4.732,2534.54436
2019-11-15 22:08:00,4.727,4.732,4.725,4.732,4577.79801
2019-11-15 22:07:00,4.732,4.732,4.724,4.726,2864.47884
2019-11-15 22:06:00,4.735,4.735,4.731,4.731,1085.65112
2019-11-15 22:05:00,4.738,4.739,4.734,4.734,321.81071
2019-11-15 22:04:00,4.736,4.739,4.736,4.738,2550.42356
2019-11-15 22:03:00,4.742,4.742,4.737,4.737,2722.66029
2019-11-15 22:02:00,4.741,4.746,4.74,4.744,3477.39772
2019-11-15 22:01:00,4.731,4.742,4.731,4.741,3547.80142
2019-11-15 22:00:00,4.742,4.742,4.724,4.732,5241.83254
2019-11-15 21:59:00,4.745,4.745,4.74,4.743,3813.481
2019-11-15 21:58:00,4.733,4.745,4.733,4.742,1440.91562
2019-11-15 21:57:00,4.741,4.745,4.73,4.734,8680.9121
2019-11-15 21:56:00,4.752,4.752,4.743,4.744,1307.58743
2019-11-15 21:55:00,4.754,4.754,4.753,4.753,1452.58969
2019-11-15 21:54:00,4.754,4.754,4.754,4.754,1622.41177
2019-11-15 21:53:00,4.761,4.761,4.755,4.755,1309.24715
2019-11-15 21:52:00,4.764,4.764,4.76,4.76,244.00144
2019-11-15 21:51:00,4.763,4.766,4.763,4.765,1060.64347
2019-11-15 21:50:00,4.762,4.762,4.761,4.761,5.78361
2019-11-15 21:49:00,4.762,4.762,4.762,4.762,0
2019-11-15 21:48:00,4.761,4.762,4.761,4.762,2045.04411
2019-11-15 21:47:00,4.761,4.761,4.761,4.761,1259.08431
2019-11-15 21:46:00,4.762,4.762,4.762,4.762,0
2019-11-15 21:45:00,4.762,4.762,4.762,4.762,0
2019-11-15 21:44:00,4.76,4.763,4.76,4.762,333.8653
2019-11-15 21:43:00,4.76,4.76,4.76,4.76,126.32169
2019-11-15 21:42:00,4.761,4.761,4.76,4.76,24.67208
2019-11-15 21:41:00,4.76,4.76,4.759,4.76,99.22109
2019-11-15 21:40:00,4.761,4.761,4.759,4.76,14.57338
2019-11-15 21:39:00,4.761,4.762,4.761,4.762,2157.02643
2019-11-15 21:38:00,4.757,4.76,4.757,4.759,2822.9453
2019-11-15 21:37:00,4.756,4.756,4.756,4.756,0
2019-11-15 21:36:00,4.756,4.756,4.756,4.756,0
2019-11-15 21:35:00,4.756,4.756,4.756,4.756,17.6003
2019-11-15 21:34:00,4.756,4.756,4.756,4.756,0
2019-11-15 21:33:00,4.756,4.756,4.756,4.756,0.29995
2019-11-15 21:32:00,4.756,4.756,4.756,4.756,1.70356
2019-11-15 21:31:00,4.756,4.756,4.756,4.756,4.599
2019-11-15 21:30:00,4.757,4.757,4.755,4.756,1030.10201
2019-11-15 21:29:00,4.76,4.761,4.759,4.759,2235.82421
2019-11-15 21:28:00,4.761,4.762,4.759,4.76,1213.81004
2019-11-15 21:27:00,4.763,4.763,4.76,4.761,1647.48615
2019-11-15 21:26:00,4.762,4.763,4.762,4.763,10.10761
2019-11-15 21:25:00,4.761,4.762,4.761,4.762,47.32184
2019-11-15 21:24:00,4.766,4.766,4.759,4.76,2032.69096
2019-11-15 21:23:00,4.755,4.768,4.755,4.768,1863.01181
2019-11-15 21:22:00,4.761,4.761,4.756,4.756,745.3996
2019-11-15 21:21:00,4.768,4.768,4.762,4.762,2051.63953
2019-11-15 21:20:00,4.768,4.768,4.768,4.768,3.30994
2019-11-15 21:19:00,4.766,4.768,4.766,4.768,237.86036
2019-11-15 21:18:00,4.758,4.766,4.758,4.766,1495.69726
2019-11-15 21:17:00,4.755,4.757,4.755,4.757,339.15068
2019-11-15 21:16:00,4.755,4.755,4.755,4.755,0.01112
2019-11-15 21:15:00,4.753,4.754,4.751,4.752,1809.25133
2019-11-15 21:14:00,4.755,4.755,4.754,4.754,134.4736
2019-11-15 21:13:00,4.755,4.755,4.752,4.755,3765.71436
2019-11-15 21:12:00,4.76,4.76,4.755,4.755,544.24917
2019-11-15 21:11:00,4.762,4.762,4.76,4.761,1156.92219
2019-11-15 21:10:00,4.764,4.764,4.763,4.763,261.28319
2019-11-15 21:09:00,4.769,4.769,4.764,4.765,3253.81569
2019-11-15 21:08:00,4.776,4.776,4.768,4.768,1934.87186
2019-11-15 21:07:00,4.775,4.776,4.774,4.775,2470.54019
2019-11-15 21:06:00,4.774,4.776,4.774,4.776,713.68806
2019-11-15 21:05:00,4.767,4.771,4.767,4.771,791.51939
2019-11-15 21:04:00,4.769,4.771,4.766,4.766,567.55865
2019-11-15 21:03:00,4.766,4.768,4.766,4.768,161.09148
2019-11-15 21:02:00,4.763,4.766,4.763,4.766,2445.68358
2019-11-15 21:01:00,4.762,4.763,4.762,4.763,2325.25294
2019-11-15 21:00:00,4.761,4.762,4.761,4.762,1713.14413
2019-11-15 20:59:00,4.759,4.762,4.759,4.76,839.93275
2019-11-15 20:58:00,4.759,4.759,4.759,4.759,0
2019-11-15 20:57:00,4.757,4.759,4.757,4.759,422.20611
2019-11-15 20:56:00,4.756,4.756,4.755,4.756,2461.77951
2019-11-15 20:55:00,4.754,4.754,4.751,4.754,6175.61314
2019-11-15 20:54:00,4.754,4.755,4.754,4.755,1205.52202
2019-11-15 20:53:00,4.75,4.752,4.75,4.752,1346.42276
2019-11-15 20:52:00,4.754,4.754,4.754,4.754,0
2019-11-15 20:51:00,4.754,4.754,4.754,4.754,0
2019-11-15 20:50:00,4.756,4.756,4.754,4.754,634.28653
2019-11-15 20:49:00,4.755,4.756,4.755,4.756,108.20685
2019-11-15 20:48:00,4.755,4.757,4.755,4.757,660.46324
2019-11-15 20:47:00,4.756,4.756,4.756,4.756,247.71145
2019-11-15 20:46:00,4.757,4.757,4.757,4.757,345.79825
2019-11-15 20:45:00,4.759,4.759,4.757,4.757,2050.446
2019-11-15 20:44:00,4.763,4.763,4.762,4.762,7.71295
2019-11-15 20:43:00,4.763,4.763,4.763,4.763,5.02215
2019-11-15 20:42:00,4.762,4.763,4.762,4.763,1017.60003
2019-11-15 20:41:00,4.765,4.765,4.764,4.764,17.40958
2019-11-15 20:40:00,4.765,4.765,4.764,4.765,31.78727
2019-11-15 20:39:00,4.762,4.765,4.762,4.765,202.92847
2019-11-15 20:38:00,4.762,4.762,4.762,4.762,0.01429
2019-11-15 20:37:00,4.762,4.762,4.761,4.761,142.123
2019-11-15 20:36:00,4.766,4.766,4.762,4.762,639.7592
2019-11-15 20:35:00,4.765,4.766,4.765,4.766,364.67809
2019-11-15 20:34:00,4.765,4.765,4.765,4.765,2161.25654
2019-11-15 20:33:00,4.768,4.771,4.764,4.764,2208.42396
2019-11-15 20:32:00,4.762,4.767,4.762,4.767,2590.56571
2019-11-15 20:31:00,4.759,4.76,4.759,4.76,309.89783
2019-11-15 20:30:00,4.759,4.759,4.759,4.759,305.69297
2019-11-15 20:29:00,4.759,4.759,4.759,4.759,0
2019-11-15 20:28:00,4.757,4.759,4.757,4.759,309.13889
2019-11-15 20:27:00,4.759,4.76,4.758,4.758,588.02384
2019-11-15 20:26:00,4.763,4.763,4.762,4.762,2240.38507
2019-11-15 20:25:00,4.766,4.766,4.763,4.763,2069.10351
2019-11-15 20:24:00,4.766,4.771,4.766,4.766,2355.57455
2019-11-15 20:23:00,4.767,4.767,4.767,4.767,2008.42577
2019-11-15 20:22:00,4.765,4.766,4.764,4.766,548.26915
2019-11-15 20:21:00,4.759,4.763,4.759,4.763,160.88696
2019-11-15 20:20:00,4.757,4.765,4.757,4.761,5153.31216
2019-11-15 20:19:00,4.753,4.757,4.753,4.757,6.75388
2019-11-15 20:18:00,4.753,4.753,4.753,4.753,0.22477
2019-11-15 20:17:00,4.752,4.754,4.752,4.753,1907.59422
2019-11-15 20:16:00,4.749,4.751,4.749,4.751,223.99925
2019-11-15 20:15:00,4.749,4.749,4.749,4.749,339.71039
2019-11-15 20:14:00,4.753,4.753,4.749,4.749,632.90481
2019-11-15 20:13:00,4.755,4.755,4.752,4.752,1184.3667
2019-11-15 20:12:00,4.753,4.755,4.753,4.755,12.02056
2019-11-15 20:11:00,4.753,4.753,4.753,4.753,7.25619
2019-11-15 20:10:00,4.753,4.753,4.753,4.753,73.33891
2019-11-15 20:09:00,4.756,4.756,4.753,4.753,1575.26861
2019-11-15 20:08:00,4.756,4.756,4.755,4.756,21.60122
2019-11-15 20:07:00,4.759,4.759,4.756,4.756,1521.75328
2019-11-15 20:06:00,4.759,4.759,4.759,4.759,6.35514
2019-11-15 20:05:00,4.76,4.76,4.759,4.759,2065.21435
2019-11-15 20:04:00,4.754,4.757,4.754,4.757,8.09695
2019-11-15 20:03:00,4.755,4.755,4.754,4.754,284.99766
2019-11-15 20:02:00,4.755,4.755,4.755,4.755,0.9289
2019-11-15 20:01:00,4.753,4.756,4.753,4.756,185.62554
2019-11-15 20:00:00,4.753,4.753,4.753,4.753,341.5229
2019-11-15 19:59:00,4.754,4.754,4.753,4.753,741.49367
2019-11-15 19:58:00,4.755,4.755,4.753,4.753,561.28579
2019-11-15 19:57:00,4.753,4.755,4.753,4.755,1415.00717
2019-11-15 19:56:00,4.757,4.757,4.752,4.752,1810.19296
2019-11-15 19:55:00,4.757,4.758,4.757,4.758,238.56561
2019-11-15 19:54:00,4.761,4.761,4.757,4.758,1063.64395
2019-11-15 19:53:00,4.762,4.762,4.761,4.761,1240.13435
2019-11-15 19:52:00,4.765,4.766,4.763,4.763,1118.69208
2019-11-15 19:51:00,4.76,4.767,4.76,4.767,2462.06634
2019-11-15 19:50:00,4.761,4.762,4.76,4.76,916.4998
2019-11-15 19:49:00,4.762,4.762,4.76,4.76,1090.74502
2019-11-15 19:48:00,4.761,4.764,4.761,4.763,520.897
2019-11-15 19:47:00,4.762,4.762,4.76,4.761,746.04066
2019-11-15 19:46:00,4.766,4.767,4.762,4.762,728.81656
2019-11-15 19:45:00,4.767,4.768,4.767,4.768,172.07728
2019-11-15 19:44:00,4.767,4.767,4.766,4.767,1212.35694
2019-11-15 19:43:00,4.768,4.768,4.766,4.767,644.34625
2019-11-15 19:42:00,4.768,4.768,4.768,4.768,2266.8658
2019-11-15 19:41:00,4.768,4.77,4.768,4.768,835.77246
2019-11-15 19:40:00,4.769,4.769,4.768,4.768,580.07673
2019-11-15 19:39:00,4.77,4.77,4.769,4.769,212.50558
2019-11-15 19:38:00,4.774,4.774,4.772,4.772,1904.39758
2019-11-15 19:37:00,4.774,4.777,4.774,4.776,518.81641
2019-11-15 19:36:00,4.771,4.774,4.771,4.774,705.30724
2019-11-15 19:35:00,4.769,4.77,4.769,4.77,1503.55879
2019-11-15 19:34:00,4.763,4.769,4.763,4.769,593.63862
2019-11-15 19:33:00,4.764,4.764,4.764,4.764,0
2019-11-15 19:32:00,4.765,4.765,4.763,4.764,1289.49796
2019-11-15 19:31:00,4.765,4.765,4.765,4.765,0
2019-11-15 19:30:00,4.765,4.765,4.765,4.765,486.53868
2019-11-15 19:29:00,4.765,4.765,4.765,4.765,96.70469
2019-11-15 19:28:00,4.767,4.767,4.765,4.765,648.75281
2019-11-15 19:27:00,4.764,4.77,4.764,4.766,2933.86901
2019-11-15 19:26:00,4.766,4.766,4.763,4.763,48.77201
2019-11-15 19:25:00,4.767,4.767,4.766,4.766,472.85933
2019-11-15 19:24:00,4.767,4.768,4.767,4.768,832.11386
2019-11-15 19:23:00,4.772,4.772,4.767,4.767,2259.32913
2019-11-15 19:22:00,4.769,4.772,4.769,4.772,329.70063
2019-11-15 19:21:00,4.767,4.769,4.767,4.769,206.01042
2019-11-15 19:20:00,4.761,4.766,4.761,4.766,333.78605
2019-11-15 19:19:00,4.761,4.761,4.761,4.761,0
2019-11-15 19:18:00,4.763,4.763,4.761,4.761,541.63818
2019-11-15 19:17:00,4.772,4.772,4.764,4.764,1532.12886
2019-11-15 19:16:00,4.775,4.775,4.773,4.773,350.27093
2019-11-15 19:15:00,4.775,4.775,4.775,4.775,27.94912
2019-11-15 19:14:00,4.776,4.776,4.775,4.775,174.65043
2019-11-15 19:13:00,4.776,4.776,4.776,4.776,9.80956
2019-11-15 19:12:00,4.776,4.776,4.775,4.776,809.64405
2019-11-15 19:11:00,4.775,4.778,4.775,4.777,1245.45772
2019-11-15 19:10:00,4.775,4.775,4.775,4.775,0
2019-11-15 19:09:00,4.775,4.775,4.775,4.775,0
2019-11-15 19:08:00,4.775,4.775,4.775,4.775,247.02398
2019-11-15 19:07:00,4.775,4.775,4.775,4.775,0.50497
2019-11-15 19:06:00,4.775,4.775,4.775,4.775,0.33893
2019-11-15 19:05:00,4.774,4.775,4.773,4.775,346.03757
2019-11-15 19:04:00,4.779,4.779,4.773,4.773,658.71059
2019-11-15 19:03:00,4.775,4.779,4.775,4.779,143.63235
2019-11-15 19:02:00,4.78,4.78,4.774,4.774,1280.65669
2019-11-15 19:01:00,4.781,4.783,4.779,4.779,637.16712
2019-11-15 19:00:00,4.781,4.781,4.78,4.781,969.44712
2019-11-15 18:59:00,4.779,4.78,4.779,4.78,2945.6937
2019-11-15 18:58:00,4.777,4.777,4.777,4.777,985.61611
2019-11-15 18:57:00,4.779,4.779,4.779,4.779,214.54075
2019-11-15 18:56:00,4.777,4.777,4.777,4.777,576.02328
2019-11-15 18:55:00,4.777,4.777,4.775,4.776,1221.04824
2019-11-15 18:54:00,4.78,4.781,4.779,4.779,1352.97678
2019-11-15 18:53:00,4.778,4.781,4.778,4.78,1226.48295
2019-11-15 18:52:00,4.776,4.777,4.776,4.777,1148.39823
2019-11-15 18:51:00,4.771,4.775,4.771,4.775,824.75136
2019-11-15 18:50:00,4.77,4.77,4.77,4.77,0
2019-11-15 18:49:00,4.77,4.77,4.77,4.77,215.04603
2019-11-15 18:48:00,4.768,4.773,4.768,4.771,3818.67699
2019-11-15 18:47:00,4.765,4.767,4.765,4.767,403.7486
2019-11-15 18:46:00,4.768,4.768,4.765,4.765,1720.17475
2019-11-15 18:45:00,4.767,4.768,4.767,4.767,282.82235
2019-11-15 18:44:00,4.761,4.767,4.761,4.765,1674.89671
2019-11-15 18:43:00,4.764,4.764,4.76,4.76,1317.63109
2019-11-15 18:42:00,4.767,4.768,4.762,4.765,578.14506
2019-11-15 18:41:00,4.761,4.767,4.761,4.767,820.44293
2019-11-15 18:40:00,4.761,4.761,4.761,4.761,1079.61141
2019-11-15 18:39:00,4.76,4.76,4.76,4.76,0
2019-11-15 18:38:00,4.76,4.76,4.76,4.76,14.10607
2019-11-15 18:37:00,4.763,4.765,4.759,4.759,1267.06151
2019-11-15 18:36:00,4.758,4.765,4.758,4.765,410.61068
2019-11-15 18:35:00,4.76,4.76,4.756,4.756,532.6505
2019-11-15 18:34:00,4.76,4.763,4.76,4.76,1446.64398
2019-11-15 18:33:00,4.751,4.764,4.751,4.762,965.84706
2019-11-15 18:32:00,4.756,4.756,4.752,4.752,513.1384
2019-11-15 18:31:00,4.768,4.768,4.752,4.757,3489.96854
2019-11-15 18:30:00,4.763,4.771,4.763,4.769,7006.42233
2019-11-15 18:29:00,4.765,4.765,4.762,4.762,404.71382
2019-11-15 18:28:00,4.765,4.767,4.764,4.766,1997.25346
2019-11-15 18:27:00,4.768,4.768,4.763,4.767,4662.02894
2019-11-15 18:26:00,4.766,4.772,4.766,4.77,2256.59017
2019-11-15 18:25:00,4.765,4.771,4.764,4.765,9547.26358
2019-11-15 18:24:00,4.768,4.768,4.764,4.764,202.22785
2019-11-15 18:23:00,4.768,4.772,4.767,4.767,1951.47475
2019-11-15 18:22:00,4.763,4.767,4.763,4.767,2718.95309
2019-11-15 18:21:00,4.761,4.764,4.76,4.761,1946.95135
2019-11-15 18:20:00,4.755,4.76,4.755,4.76,1349.65856
2019-11-15 18:19:00,4.745,4.754,4.745,4.754,1574.13289
2019-11-15 18:18:00,4.749,4.749,4.745,4.745,1620.42182
2019-11-15 18:17:00,4.749,4.754,4.749,4.75,2383.05998
2019-11-15 18:16:00,4.752,4.752,4.749,4.749,336.77695
2019-11-15 18:15:00,4.75,4.752,4.75,4.752,660.99827
2019-11-15 18:14:00,4.752,4.752,4.751,4.752,84.72016
2019-11-15 18:13:00,4.759,4.759,4.752,4.752,2689.97905
2019-11-15 18:12:00,4.757,4.759,4.757,4.759,718.4884
2019-11-15 18:11:00,4.753,4.757,4.753,4.757,2114.61379
2019-11-15 18:10:00,4.751,4.753,4.751,4.753,673.09883
2019-11-15 18:09:00,4.747,4.752,4.747,4.752,2109.14732
2019-11-15 18:08:00,4.747,4.748,4.747,4.747,100.30869
2019-11-15 18:07:00,4.748,4.748,4.747,4.747,632.4506
2019-11-15 18:06:00,4.749,4.749,4.749,4.749,0.68289
2019-11-15 18:05:00,4.745,4.749,4.745,4.749,320.49963
2019-11-15 18:04:00,4.745,4.746,4.745,4.745,345.76784
2019-11-15 18:03:00,4.739,4.746,4.739,4.746,182.66112
2019-11-15 18:02:00,4.738,4.738,4.738,4.738,0
2019-11-15 18:01:00,4.742,4.742,4.738,4.738,2149.3496
2019-11-15 18:00:00,4.744,4.744,4.742,4.742,134.69352
2019-11-15 17:59:00,4.743,4.747,4.743,4.747,1658.93256
2019-11-15 17:58:00,4.745,4.745,4.74,4.743,12301.96216
2019-11-15 17:57:00,4.746,4.746,4.746,4.746,1432.83333
2019-11-15 17:56:00,4.743,4.748,4.743,4.747,658.4514
2019-11-15 17:55:00,4.744,4.744,4.741,4.743,73.14951
2019-11-15 17:54:00,4.744,4.747,4.742,4.743,1221.92288
2019-11-15 17:53:00,4.747,4.748,4.743,4.745,1710.14735
2019-11-15 17:52:00,4.753,4.753,4.745,4.747,1235.57663
2019-11-15 17:51:00,4.755,4.755,4.752,4.753,1629.3891
2019-11-15 17:50:00,4.76,4.763,4.754,4.754,2421.85876
2019-11-15 17:49:00,4.754,4.761,4.754,4.76,288.1205
2019-11-15 17:48:00,4.752,4.756,4.752,4.754,1734.81854
2019-11-15 17:47:00,4.751,4.751,4.751,4.751,1252.88036
2019-11-15 17:46:00,4.746,4.751,4.746,4.751,1760.88435
2019-11-15 17:45:00,4.75,4.75,4.745,4.745,3368.50998
2019-11-15 17:44:00,4.754,4.754,4.75,4.75,1120.14456
2019-11-15 17:43:00,4.754,4.755,4.751,4.754,872.29629
2019-11-15 17:42:00,4.752,4.754,4.751,4.754,859.53045
2019-11-15 17:41:00,4.745,4.751,4.745,4.75,1680.14528
2019-11-15 17:40:00,4.741,4.75,4.741,4.746,6401.80828
2019-11-15 17:39:00,4.748,4.748,4.739,4.739,2379.64715
2019-11-15 17:38:00,4.745,4.749,4.739,4.749,3900.80946
2019-11-15 17:37:00,4.751,4.751,4.741,4.742,3478.59789
2019-11-15 17:36:00,4.747,4.754,4.747,4.75,1619.60648
2019-11-15 17:35:00,4.75,4.752,4.745,4.746,2308.96777
2019-11-15 17:34:00,4.757,4.761,4.748,4.751,4866.13889
2019-11-15 17:33:00,4.758,4.76,4.749,4.757,4370.19287
2019-11-15 17:32:00,4.764,4.764,4.757,4.757,2328.98089
2019-11-15 17:31:00,4.762,4.767,4.762,4.766,6737.08199
2019-11-15 17:30:00,4.761,4.763,4.759,4.763,3728.16333
2019-11-15 17:29:00,4.764,4.764,4.754,4.762,8779.36336
2019-11-15 17:28:00,4.765,4.767,4.762,4.763,1165.43269
2019-11-15 17:27:00,4.764,4.765,4.759,4.765,3978.06555
2019-11-15 17:26:00,4.76,4.766,4.76,4.764,4242.14083
2019-11-15 17:25:00,4.76,4.762,4.759,4.76,4002.91168
2019-11-15 17:24:00,4.759,4.762,4.747,4.759,7682.46481
2019-11-15 17:23:00,4.761,4.763,4.76,4.761,606.95526
2019-11-15 17:22:00,4.771,4.771,4.761,4.761,3908.51808
2019-11-15 17:21:00,4.773,4.774,4.771,4.772,672.27819
2019-11-15 17:20:00,4.774,4.775,4.774,4.775,802.06057
2019-11-15 17:19:00,4.772,4.776,4.772,4.773,1646.78015
2019-11-15 17:18:00,4.774,4.774,4.771,4.772,1396.12827
2019-11-15 17:17:00,4.769,4.776,4.769,4.774,5763.89538
2019-11-15 17:16:00,4.763,4.767,4.763,4.767,537.99809
2019-11-15 17:15:00,4.761,4.764,4.758,4.763,2174.47153
2019-11-15 17:14:00,4.758,4.762,4.755,4.762,2732.85917
2019-11-15 17:13:00,4.763,4.763,4.756,4.758,1384.81404
2019-11-15 17:12:00,4.772,4.772,4.763,4.764,2829.30167
2019-11-15 17:11:00,4.77,4.777,4.77,4.772,1107.52893
2019-11-15 17:10:00,4.773,4.773,4.765,4.771,5063.11181
2019-11-15 17:09:00,4.787,4.787,4.77,4.774,3879.02516
2019-11-15 17:08:00,4.784,4.791,4.784,4.787,2711.69114
2019-11-15 17:07:00,4.787,4.792,4.782,4.782,3708.1712
2019-11-15 17:06:00,4.793,4.794,4.79,4.791,2025.81341
2019-11-15 17:05:00,4.799,4.801,4.792,4.792,4609.98486
2019-11-15 17:04:00,4.799,4.807,4.793,4.797,7831.82299
2019-11-15 17:03:00,4.805,4.813,4.798,4.798,29969.01024
2019-11-15 17:02:00,4.785,4.81,4.784,4.806,78759.07252
2019-11-15 17:01:00,4.767,4.794,4.763,4.789,20817.39971
2019-11-15 17:00:00,4.766,4.771,4.766,4.768,3058.23575
2019-11-15 16:59:00,4.762,4.767,4.76,4.766,1878.89694
2019-11-15 16:58:00,4.763,4.766,4.761,4.762,2631.0099
2019-11-15 16:57:00,4.761,4.763,4.761,4.763,732.96273
2019-11-15 16:56:00,4.768,4.77,4.762,4.762,2412.00635
2019-11-15 16:55:00,4.763,4.768,4.763,4.768,4108.90697
2019-11-15 16:54:00,4.759,4.764,4.759,4.764,1066.75595
2019-11-15 16:53:00,4.758,4.76,4.758,4.758,1443.22557
2019-11-15 16:52:00,4.755,4.759,4.755,4.758,1049.68604
2019-11-15 16:51:00,4.751,4.755,4.751,4.755,1937.60187
2019-11-15 16:50:00,4.754,4.754,4.75,4.751,369.57405
2019-11-15 16:49:00,4.755,4.755,4.755,4.755,0
2019-11-15 16:48:00,4.762,4.762,4.754,4.755,1685.29425
2019-11-15 16:47:00,4.762,4.763,4.762,4.763,4.03009
2019-11-15 16:46:00,4.76,4.762,4.759,4.761,2516.3391
2019-11-15 16:45:00,4.76,4.76,4.757,4.758,1752.95994
2019-11-15 16:44:00,4.764,4.765,4.754,4.76,4232.15639
2019-11-15 16:43:00,4.756,4.766,4.756,4.766,2214.63993
2019-11-15 16:42:00,4.754,4.759,4.752,4.754,2755.52389
2019-11-15 16:41:00,4.74,4.757,4.74,4.753,14913.33758
2019-11-15 16:40:00,4.741,4.741,4.741,4.741,21.1685
2019-11-15 16:39:00,4.742,4.742,4.742,4.742,1143.78101
2019-11-15 16:38:00,4.74,4.742,4.74,4.742,84.79188
2019-11-15 16:37:00,4.74,4.74,4.74,4.74,3.89735
2019-11-15 16:36:00,4.741,4.741,4.74,4.74,493.05469
2019-11-15 16:35:00,4.739,4.741,4.739,4.74,550.7114
2019-11-15 16:34:00,4.74,4.74,4.74,4.74,8.53376
2019-11-15 16:33:00,4.74,4.74,4.74,4.74,0
2019-11-15 16:32:00,4.737,4.741,4.737,4.74,1717.61624
2019-11-15 16:31:00,4.737,4.738,4.736,4.738,1034.29479
2019-11-15 16:30:00,4.737,4.737,4.737,4.737,230.72592
2019-11-15 16:29:00,4.737,4.738,4.735,4.736,1939.01693
2019-11-15 16:28:00,4.736,4.737,4.735,4.735,539.42099
2019-11-15 16:27:00,4.736,4.736,4.735,4.735,1495.84441
2019-11-15 16:26:00,4.74,4.74,4.735,4.736,1784.89434
2019-11-15 16:25:00,4.739,4.74,4.739,4.74,497.5028
2019-11-15 16:24:00,4.739,4.739,4.739,4.739,42.337
2019-11-15 16:23:00,4.737,4.741,4.735,4.739,2506.94121
2019-11-15 16:22:00,4.736,4.737,4.735,4.737,440.21402
2019-11-15 16:21:00,4.739,4.739,4.737,4.738,939.05857
2019-11-15 16:20:00,4.738,4.74,4.738,4.739,475.621
2019-11-15 16:19:00,4.739,4.739,4.739,4.739,0
2019-11-15 16:18:00,4.739,4.74,4.739,4.739,119.13259
2019-11-15 16:17:00,4.735,4.735,4.735,4.735,0
2019-11-15 16:16:00,4.735,4.736,4.735,4.735,1431.64534
2019-11-15 16:15:00,4.736,4.736,4.735,4.735,247.81936
2019-11-15 16:14:00,4.738,4.738,4.737,4.737,2006.26935
2019-11-15 16:13:00,4.737,4.74,4.736,4.736,2610.49773
2019-11-15 16:12:00,4.734,4.737,4.734,4.737,1256.51383
2019-11-15 16:11:00,4.738,4.738,4.734,4.736,2342.51378
2019-11-15 16:10:00,4.738,4.738,4.738,4.738,0
2019-11-15 16:09:00,4.737,4.738,4.735,4.738,3070.76166
2019-11-15 16:08:00,4.736,4.738,4.736,4.738,1592.6311
2019-11-15 16:07:00,4.736,4.736,4.736,4.736,369.07811
2019-11-15 16:06:00,4.734,4.734,4.734,4.734,0
2019-11-15 16:05:00,4.732,4.734,4.732,4.734,2296.82756
2019-11-15 16:04:00,4.728,4.732,4.728,4.732,970.9072
2019-11-15 16:03:00,4.727,4.727,4.727,4.727,0
2019-11-15 16:02:00,4.728,4.728,4.727,4.727,1530.76369
2019-11-15 16:01:00,4.726,4.728,4.726,4.727,673.80387
2019-11-15 16:00:00,4.725,4.726,4.725,4.726,1740.49969
2019-11-15 15:59:00,4.726,4.726,4.725,4.725,777.15624
2019-11-15 15:58:00,4.729,4.729,4.724,4.728,15956.81821
2019-11-15 15:57:00,4.728,4.729,4.728,4.729,36.96477
2019-11-15 15:56:00,4.728,4.728,4.726,4.727,1651.34297
2019-11-15 15:55:00,4.729,4.729,4.729,4.729,64.44109
2019-11-15 15:54:00,4.731,4.731,4.73,4.73,126.73699
2019-11-15 15:53:00,4.731,4.731,4.731,4.731,21.1336
2019-11-15 15:52:00,4.731,4.731,4.731,4.731,1.7599
2019-11-15 15:51:00,4.732,4.732,4.729,4.73,1596.09311
2019-11-15 15:50:00,4.732,4.732,4.732,4.732,0
2019-11-15 15:49:00,4.731,4.732,4.73,4.732,521.72679
2019-11-15 15:48:00,4.732,4.732,4.729,4.729,831.57012
2019-11-15 15:47:00,4.73,4.733,4.73,4.731,906.74383
2019-11-15 15:46:00,4.729,4.729,4.729,4.729,29.55213
2019-11-15 15:45:00,4.729,4.729,4.728,4.728,2490.68704
2019-11-15 15:44:00,4.73,4.73,4.728,4.728,1228.62592
2019-11-15 15:43:00,4.73,4.73,4.729,4.73,978.50421
2019-11-15 15:42:00,4.73,4.73,4.73,4.73,1.63641
2019-11-15 15:41:00,4.729,4.73,4.727,4.73,649.36331
2019-11-15 15:40:00,4.729,4.731,4.728,4.729,343.44008
2019-11-15 15:39:00,4.73,4.731,4.729,4.73,551.91063
2019-11-15 15:38:00,4.727,4.729,4.727,4.729,302.34654
2019-11-15 15:37:00,4.728,4.729,4.726,4.726,818.6381
2019-11-15 15:36:00,4.726,4.729,4.726,4.727,250.28987
2019-11-15 15:35:00,4.728,4.728,4.725,4.726,1004.04106
2019-11-15 15:34:00,4.729,4.729,4.728,4.728,384.2922
2019-11-15 15:33:00,4.729,4.729,4.727,4.729,1820.65926
2019-11-15 15:32:00,4.724,4.729,4.724,4.728,167.88969
2019-11-15 15:31:00,4.722,4.724,4.722,4.724,1001.92664
2019-11-15 15:30:00,4.722,4.722,4.722,4.722,339.9515
2019-11-15 15:29:00,4.721,4.721,4.721,4.721,737.28725
2019-11-15 15:28:00,4.72,4.722,4.72,4.721,856.37916
2019-11-15 15:27:00,4.72,4.72,4.72,4.72,11.2732
2019-11-15 15:26:00,4.719,4.72,4.719,4.72,752.37995
2019-11-15 15:25:00,4.721,4.722,4.721,4.721,1133.97027
2019-11-15 15:24:00,4.716,4.721,4.715,4.721,3033.23812
2019-11-15 15:23:00,4.717,4.717,4.714,4.716,896.64402
2019-11-15 15:22:00,4.717,4.717,4.717,4.717,214.2571
2019-11-15 15:21:00,4.717,4.717,4.717,4.717,295.53238
2019-11-15 15:20:00,4.718,4.718,4.717,4.717,1149.19058
2019-11-15 15:19:00,4.718,4.718,4.718,4.718,0
2019-11-15 15:18:00,4.718,4.718,4.718,4.718,0
2019-11-15 15:17:00,4.718,4.718,4.718,4.718,0.01693
2019-11-15 15:16:00,4.717,4.717,4.717,4.717,259.86718
2019-11-15 15:15:00,4.716,4.717,4.716,4.716,2091.44567
2019-11-15 15:14:00,4.715,4.717,4.715,4.717,660.67093
2019-11-15 15:13:00,4.713,4.714,4.713,4.714,330.50838
2019-11-15 15:12:00,4.71,4.712,4.709,4.712,492.81764
2019-11-15 15:11:00,4.71,4.71,4.71,4.71,1.0633
2019-11-15 15:10:00,4.712,4.712,4.71,4.711,743.61285
2019-11-15 15:09:00,4.711,4.712,4.711,4.712,1212.00069
2019-11-15 15:08:00,4.71,4.712,4.71,4.712,402.22889
2019-11-15 15:07:00,4.71,4.71,4.71,4.71,39.24115
2019-11-15 15:06:00,4.714,4.714,4.709,4.709,286.49023
2019-11-15 15:05:00,4.714,4.714,4.714,4.714,0.37732
2019-11-15 15:04:00,4.714,4.714,4.714,4.714,1.74193
2019-11-15 15:03:00,4.714,4.714,4.714,4.714,39.50507
2019-11-15 15:02:00,4.715,4.715,4.712,4.712,614.10765
2019-11-15 15:01:00,4.715,4.715,4.715,4.715,0.5801
2019-11-15 15:00:00,4.713,4.715,4.713,4.715,2208.63964
2019-11-15 14:59:00,4.713,4.713,4.71,4.712,449.38364
2019-11-15 14:58:00,4.716,4.716,4.712,4.712,277.35036
2019-11-15 14:57:00,4.712,4.714,4.712,4.714,1733.25078
2019-11-15 14:56:00,4.713,4.718,4.713,4.713,1433.47127
2019-11-15 14:55:00,4.719,4.719,4.711,4.712,145.25617
2019-11-15 14:54:00,4.717,4.719,4.717,4.719,1195.48783
2019-11-15 14:53:00,4.715,4.718,4.715,4.717,2524.60009
2019-11-15 14:52:00,4.714,4.715,4.714,4.715,411.10622
2019-11-15 14:51:00,4.713,4.714,4.713,4.714,1262.95894
2019-11-15 14:50:00,4.717,4.717,4.71,4.712,731.77714
2019-11-15 14:49:00,4.716,4.716,4.716,4.716,30.74031
2019-11-15 14:48:00,4.715,4.715,4.715,4.715,4
2019-11-15 14:47:00,4.716,4.716,4.715,4.715,1275.07497
2019-11-15 14:46:00,4.716,4.716,4.716,4.716,236.4785
2019-11-15 14:45:00,4.715,4.717,4.715,4.716,400.58892
2019-11-15 14:44:00,4.718,4.718,4.717,4.718,20.65885
2019-11-15 14:43:00,4.721,4.721,4.716,4.717,1196.64648
2019-11-15 14:42:00,4.725,4.725,4.721,4.721,807.88141
2019-11-15 14:41:00,4.725,4.725,4.725,4.725,3.53888
2019-11-15 14:40:00,4.72,4.725,4.72,4.725,1234.17874
2019-11-15 14:39:00,4.719,4.72,4.719,4.72,3.63111
2019-11-15 14:38:00,4.719,4.72,4.719,4.719,3968.67826
2019-11-15 14:37:00,4.719,4.72,4.719,4.719,500.46464
2019-11-15 14:36:00,4.719,4.719,4.719,4.719,0.64017
2019-11-15 14:35:00,4.719,4.719,4.719,4.719,1088.42306
2019-11-15 14:34:00,4.718,4.72,4.718,4.719,983.66142
2019-11-15 14:33:00,4.71,4.723,4.71,4.72,6694.89325
2019-11-15 14:32:00,4.711,4.712,4.708,4.711,1440.57311
2019-11-15 14:31:00,4.712,4.712,4.711,4.711,207.3036
2019-11-15 14:30:00,4.714,4.714,4.71,4.711,2404.49276
2019-11-15 14:29:00,4.718,4.718,4.713,4.713,892.20289
2019-11-15 14:28:00,4.716,4.718,4.716,4.718,599.70772
2019-11-15 14:27:00,4.718,4.718,4.714,4.716,2133.86095
2019-11-15 14:26:00,4.717,4.717,4.714,4.717,536.29772
2019-11-15 14:25:00,4.72,4.72,4.72,4.72,2722.85005
2019-11-15 14:24:00,4.714,4.72,4.714,4.72,5024.22304
2019-11-15 14:23:00,4.713,4.714,4.713,4.714,408.17757
2019-11-15 14:22:00,4.711,4.715,4.707,4.715,1760.43719
2019-11-15 14:21:00,4.711,4.713,4.709,4.713,10358.97227
2019-11-15 14:20:00,4.711,4.711,4.709,4.711,872.21201
2019-11-15 14:19:00,4.708,4.711,4.708,4.71,1891.82788
2019-11-15 14:18:00,4.706,4.708,4.706,4.707,790.55522
2019-11-15 14:17:00,4.706,4.707,4.706,4.707,2301.16794
2019-11-15 14:16:00,4.707,4.707,4.706,4.706,778.59555
2019-11-15 14:15:00,4.712,4.712,4.706,4.706,1526.73506
2019-11-15 14:14:00,4.712,4.714,4.712,4.713,656.27559
2019-11-15 14:13:00,4.714,4.714,4.71,4.712,962.99091
2019-11-15 14:12:00,4.713,4.715,4.713,4.714,344.94133
2019-11-15 14:11:00,4.713,4.715,4.709,4.712,5301.91236
2019-11-15 14:10:00,4.707,4.715,4.707,4.712,6352.28204
2019-11-15 14:09:00,4.704,4.707,4.704,4.707,2635.31797
2019-11-15 14:08:00,4.708,4.708,4.701,4.703,1623.86441
2019-11-15 14:07:00,4.708,4.708,4.708,4.708,25.57007
2019-11-15 14:06:00,4.704,4.71,4.703,4.708,2065.32515
2019-11-15 14:05:00,4.705,4.706,4.705,4.705,2524.31747
2019-11-15 14:04:00,4.704,4.705,4.704,4.705,266.69366
2019-11-15 14:03:00,4.703,4.703,4.703,4.703,3242.46288
2019-11-15 14:02:00,4.703,4.703,4.703,4.703,0.95257
2019-11-15 14:01:00,4.705,4.705,4.703,4.703,1.08683
2019-11-15 14:00:00,4.705,4.706,4.705,4.705,2060.09114
2019-11-15 13:59:00,4.705,4.706,4.705,4.706,1542.28284
2019-11-15 13:58:00,4.705,4.705,4.703,4.705,3604.31497
2019-11-15 13:57:00,4.705,4.705,4.705,4.705,0.22208
2019-11-15 13:56:00,4.703,4.705,4.703,4.705,647.79809
2019-11-15 13:55:00,4.703,4.703,4.703,4.703,0
2019-11-15 13:54:00,4.703,4.703,4.703,4.703,0
2019-11-15 13:53:00,4.703,4.703,4.703,4.703,19.45562
2019-11-15 13:52:00,4.703,4.703,4.703,4.703,1696.04054
2019-11-15 13:51:00,4.702,4.702,4.702,4.702,4
2019-11-15 13:50:00,4.7,4.7,4.7,4.7,0
2019-11-15 13:49:00,4.703,4.703,4.7,4.7,3120.73462
2019-11-15 13:48:00,4.702,4.703,4.702,4.703,525.74384
2019-11-15 13:47:00,4.703,4.703,4.701,4.701,547.69627
2019-11-15 13:46:00,4.704,4.704,4.704,4.704,0
2019-11-15 13:45:00,4.704,4.704,4.704,4.704,763.71591
2019-11-15 13:44:00,4.706,4.706,4.706,4.706,1.23088
2019-11-15 13:43:00,4.706,4.706,4.706,4.706,2.14364
2019-11-15 13:42:00,4.707,4.707,4.705,4.706,682.9784
2019-11-15 13:41:00,4.706,4.707,4.706,4.707,1724.35801
2019-11-15 13:40:00,4.705,4.706,4.705,4.705,1469.82834
2019-11-15 13:39:00,4.705,4.706,4.705,4.705,964.34807
2019-11-15 13:38:00,4.705,4.705,4.705,4.705,1984.49168
2019-11-15 13:37:00,4.705,4.705,4.704,4.704,10.25669
2019-11-15 13:36:00,4.704,4.704,4.703,4.704,4094.5876
2019-11-15 13:35:00,4.704,4.704,4.704,4.704,1.20187
2019-11-15 13:34:00,4.7,4.704,4.7,4.704,1481.94972
2019-11-15 13:33:00,4.7,4.7,4.7,4.7,0.86647
2019-11-15 13:32:00,4.7,4.7,4.7,4.7,0.65654
2019-11-15 13:31:00,4.698,4.7,4.698,4.7,191.48752
2019-11-15 13:30:00,4.699,4.699,4.697,4.698,770.389
2019-11-15 13:29:00,4.699,4.699,4.699,4.699,0.14584
2019-11-15 13:28:00,4.697,4.699,4.696,4.696,701.36801
2019-11-15 13:27:00,4.698,4.699,4.698,4.698,260.69122
2019-11-15 13:26:00,4.698,4.698,4.698,4.698,1470.2534
2019-11-15 13:25:00,4.698,4.698,4.698,4.698,593.93661
2019-11-15 13:24:00,4.697,4.699,4.697,4.699,2656.12245
2019-11-15 13:23:00,4.697,4.697,4.697,4.697,2073.77927
2019-11-15 13:22:00,4.698,4.698,4.698,4.698,0
2019-11-15 13:21:00,4.696,4.698,4.696,4.698,447.80098
2019-11-15 13:20:00,4.698,4.698,4.694,4.695,1203.22483
2019-11-15 13:19:00,4.698,4.7,4.698,4.699,2751.6785
2019-11-15 13:18:00,4.7,4.7,4.7,4.7,0.02007
2019-11-15 13:17:00,4.7,4.7,4.699,4.699,544.0038
2019-11-15 13:16:00,4.697,4.7,4.697,4.699,193.34684
2019-11-15 13:15:00,4.697,4.697,4.697,4.697,73.6
2019-11-15 13:14:00,4.697,4.697,4.697,4.697,2.27704
2019-11-15 13:13:00,4.698,4.698,4.697,4.697,204.5065
2019-11-15 13:12:00,4.697,4.697,4.696,4.697,24.59354
2019-11-15 13:11:00,4.698,4.698,4.696,4.697,3388.46566
2019-11-15 13:10:00,4.7,4.7,4.699,4.699,123.76016
2019-11-15 13:09:00,4.699,4.7,4.699,4.7,241.21074
2019-11-15 13:08:00,4.696,4.699,4.696,4.699,469.3302
2019-11-15 13:07:00,4.699,4.699,4.697,4.697,420.93002
2019-11-15 13:06:00,4.698,4.698,4.697,4.698,102.54542
2019-11-15 13:05:00,4.693,4.697,4.693,4.697,442.4456
2019-11-15 13:04:00,4.694,4.694,4.694,4.694,0
2019-11-15 13:03:00,4.699,4.699,4.694,4.694,728.53592
2019-11-15 13:02:00,4.694,4.7,4.694,4.699,1282.61756
2019-11-15 13:01:00,4.694,4.696,4.694,4.694,883.31359
2019-11-15 13:00:00,4.697,4.697,4.694,4.694,2205.44342
2019-11-15 12:59:00,4.694,4.7,4.694,4.697,1097.45181
2019-11-15 12:58:00,4.693,4.693,4.693,4.693,0
2019-11-15 12:57:00,4.691,4.694,4.69,4.693,1486.4764
2019-11-15 12:56:00,4.695,4.696,4.695,4.696,1594.09382
2019-11-15 12:55:00,4.699,4.702,4.696,4.697,4051.40313
2019-11-15 12:54:00,4.695,4.698,4.695,4.698,1431.40365
2019-11-15 12:53:00,4.69,4.697,4.69,4.697,3268.03948
2019-11-15 12:52:00,4.689,4.689,4.689,4.689,67.24
2019-11-15 12:51:00,4.689,4.689,4.689,4.689,0
2019-11-15 12:50:00,4.689,4.689,4.689,4.689,1839.67473
2019-11-15 12:49:00,4.688,4.688,4.688,4.688,0
2019-11-15 12:48:00,4.69,4.69,4.688,4.688,1671.58414
2019-11-15 12:47:00,4.692,4.692,4.692,4.692,4
2019-11-15 12:46:00,4.693,4.694,4.693,4.693,708.54628
2019-11-15 12:45:00,4.692,4.693,4.692,4.693,790.37244
2019-11-15 12:44:00,4.69,4.691,4.69,4.691,94.94509
2019-11-15 12:43:00,4.69,4.693,4.69,4.691,1699.80068
2019-11-15 12:42:00,4.691,4.691,4.691,4.691,7.4745
2019-11-15 12:41:00,4.692,4.692,4.691,4.691,1636.15781
2019-11-15 12:40:00,4.693,4.693,4.692,4.692,216.96951
2019-11-15 12:39:00,4.694,4.694,4.694,4.694,975.3905
2019-11-15 12:38:00,4.694,4.694,4.693,4.693,74.61007
2019-11-15 12:37:00,4.697,4.697,4.694,4.694,1584.5572
2019-11-15 12:36:00,4.696,4.696,4.696,4.696,22.19245
2019-11-15 12:35:00,4.697,4.697,4.691,4.696,2366.88409
2019-11-15 12:34:00,4.697,4.697,4.697,4.697,0
2019-11-15 12:33:00,4.695,4.697,4.695,4.697,768.41545
2019-11-15 12:32:00,4.696,4.696,4.695,4.695,726.79864
2019-11-15 12:31:00,4.683,4.695,4.683,4.694,4615.18162
2019-11-15 12:30:00,4.692,4.692,4.685,4.685,3563.54108
2019-11-15 12:29:00,4.696,4.696,4.693,4.693,376.79285
2019-11-15 12:28:00,4.697,4.697,4.697,4.697,296.1039
2019-11-15 12:27:00,4.693,4.697,4.693,4.697,2202.11717
2019-11-15 12:26:00,4.692,4.692,4.692,4.692,0
2019-11-15 12:25:00,4.692,4.692,4.692,4.692,0
2019-11-15 12:24:00,4.692,4.692,4.692,4.692,0
2019-11-15 12:23:00,4.692,4.692,4.692,4.692,0
2019-11-15 12:22:00,4.69,4.692,4.69,4.692,895.54162
2019-11-15 12:21:00,4.69,4.69,4.69,4.69,31.08998
2019-11-15 12:20:00,4.691,4.691,4.691,4.691,6.66821
2019-11-15 12:19:00,4.692,4.692,4.69,4.69,261.49431
2019-11-15 12:18:00,4.687,4.692,4.687,4.692,820.88152
2019-11-15 12:17:00,4.684,4.688,4.684,4.688,2113.30309
2019-11-15 12:16:00,4.686,4.686,4.684,4.684,1972.62582
2019-11-15 12:15:00,4.688,4.688,4.684,4.685,1339.33277
2019-11-15 12:14:00,4.687,4.688,4.686,4.688,1490.09974
2019-11-15 12:13:00,4.688,4.689,4.688,4.688,2853.85854
2019-11-15 12:12:00,4.687,4.687,4.687,4.687,193.57855
2019-11-15 12:11:00,4.685,4.687,4.684,4.687,1032.12483
2019-11-15 12:10:00,4.684,4.686,4.684,4.685,3310.85775
2019-11-15 12:09:00,4.687,4.687,4.684,4.684,546.79169
2019-11-15 12:08:00,4.687,4.689,4.686,4.687,101.32967
2019-11-15 12:07:00,4.688,4.69,4.688,4.688,662.78483
2019-11-15 12:06:00,4.689,4.689,4.688,4.689,43.76368
2019-11-15 12:05:00,4.689,4.689,4.688,4.689,0.89575
2019-11-15 12:04:00,4.688,4.689,4.688,4.689,204.97956
2019-11-15 12:03:00,4.688,4.688,4.688,4.688,2879.44484
2019-11-15 12:02:00,4.694,4.694,4.689,4.689,4055.47038
2019-11-15 12:01:00,4.697,4.697,4.694,4.694,1267.85825
2019-11-15 12:00:00,4.7,4.701,4.697,4.697,244.89949
2019-11-15 11:59:00,4.699,4.699,4.699,4.699,106.38237
2019-11-15 11:58:00,4.699,4.699,4.698,4.699,51.57002
2019-11-15 11:57:00,4.697,4.698,4.697,4.698,538.50363
2019-11-15 11:56:00,4.697,4.697,4.697,4.697,159.44595
2019-11-15 11:55:00,4.698,4.698,4.698,4.698,251.99876
2019-11-15 11:54:00,4.698,4.698,4.698,4.698,42.65302
2019-11-15 11:53:00,4.698,4.698,4.698,4.698,74.27799
2019-11-15 11:52:00,4.699,4.699,4.698,4.698,2298.30472
2019-11-15 11:51:00,4.699,4.699,4.699,4.699,10.51967
2019-11-15 11:50:00,4.699,4.7,4.699,4.7,194.89836
2019-11-15 11:49:00,4.7,4.7,4.7,4.7,272.98081
2019-11-15 11:48:00,4.701,4.701,4.701,4.701,705.78789
2019-11-15 11:47:00,4.701,4.702,4.701,4.702,323.49442
2019-11-15 11:46:00,4.7,4.701,4.7,4.701,1224.32238
2019-11-15 11:45:00,4.703,4.703,4.703,4.703,0
2019-11-15 11:44:00,4.703,4.703,4.703,4.703,7.80961
2019-11-15 11:43:00,4.703,4.703,4.703,4.703,379.54512
2019-11-15 11:42:00,4.703,4.703,4.703,4.703,24.14201
2019-11-15 11:41:00,4.702,4.703,4.7,4.702,1344.08264
2019-11-15 11:40:00,4.703,4.704,4.703,4.703,5134.65937
2019-11-15 11:39:00,4.701,4.703,4.701,4.703,1312.47388
2019-11-15 11:38:00,4.701,4.701,4.701,4.701,103.76124
2019-11-15 11:37:00,4.701,4.701,4.701,4.701,0
2019-11-15 11:36:00,4.703,4.703,4.701,4.701,113.58654
2019-11-15 11:35:00,4.701,4.703,4.701,4.703,212.48713
2019-11-15 11:34:00,4.701,4.702,4.7,4.701,3245.58676
2019-11-15 11:33:00,4.703,4.703,4.701,4.701,1646.6553
2019-11-15 11:32:00,4.698,4.705,4.698,4.704,5824.23998
2019-11-15 11:31:00,4.698,4.698,4.698,4.698,325.36272
2019-11-15 11:30:00,4.698,4.698,4.698,4.698,1353.70133
2019-11-15 11:29:00,4.699,4.699,4.698,4.698,191.21521
2019-11-15 11:28:00,4.696,4.699,4.696,4.698,933.35548
2019-11-15 11:27:00,4.7,4.7,4.696,4.696,569.92164
2019-11-15 11:26:00,4.703,4.705,4.701,4.701,2428.13387
2019-11-15 11:25:00,4.703,4.703,4.703,4.703,0
2019-11-15 11:24:00,4.703,4.703,4.703,4.703,221.0614
2019-11-15 11:23:00,4.702,4.702,4.702,4.702,18.83195
2019-11-15 11:22:00,4.702,4.702,4.702,4.702,981.98189
2019-11-15 11:21:00,4.698,4.699,4.697,4.699,807.50229
2019-11-15 11:20:00,4.697,4.697,4.696,4.696,1996.16797
2019-11-15 11:19:00,4.698,4.698,4.697,4.697,280.24843
2019-11-15 11:18:00,4.701,4.701,4.698,4.698,2452.89077
2019-11-15 11:17:00,4.701,4.702,4.701,4.702,620.93991
2019-11-15 11:16:00,4.702,4.702,4.696,4.7,2878.43921
2019-11-15 11:15:00,4.702,4.708,4.701,4.702,1554.35154
2019-11-15 11:14:00,4.702,4.703,4.699,4.702,547.51579
2019-11-15 11:13:00,4.697,4.708,4.697,4.704,5573.29237
2019-11-15 11:12:00,4.696,4.7,4.693,4.698,3584.23489
2019-11-15 11:11:00,4.693,4.698,4.693,4.696,2322.64368
2019-11-15 11:10:00,4.685,4.691,4.685,4.691,803.02646
2019-11-15 11:09:00,4.675,4.693,4.675,4.685,16512.755
2019-11-15 11:08:00,4.675,4.675,4.674,4.674,6.65839
2019-11-15 11:07:00,4.679,4.679,4.674,4.675,2002.04057
2019-11-15 11:06:00,4.672,4.682,4.672,4.68,2448.04322
2019-11-15 11:05:00,4.669,4.672,4.669,4.671,485.13703
2019-11-15 11:04:00,4.669,4.669,4.669,4.669,0
2019-11-15 11:03:00,4.666,4.672,4.666,4.669,12930.05195
2019-11-15 11:02:00,4.671,4.671,4.661,4.665,4415.84058
2019-11-15 11:01:00,4.679,4.68,4.67,4.671,7175.87015
2019-11-15 11:00:00,4.68,4.68,4.674,4.68,1892.64009
2019-11-15 10:59:00,4.683,4.683,4.68,4.681,1276.85209
2019-11-15 10:58:00,4.679,4.682,4.679,4.682,3023.15277
2019-11-15 10:57:00,4.682,4.682,4.677,4.677,2723.84536
2019-11-15 10:56:00,4.678,4.682,4.678,4.681,3904.85159
2019-11-15 10:55:00,4.676,4.685,4.673,4.677,4443.90036
2019-11-15 10:54:00,4.675,4.676,4.669,4.672,8126.15999
2019-11-15 10:53:00,4.691,4.691,4.656,4.674,21756.92712
2019-11-15 10:52:00,4.689,4.691,4.689,4.691,524.75631
2019-11-15 10:51:00,4.683,4.692,4.683,4.689,1097.15004
2019-11-15 10:50:00,4.683,4.684,4.681,4.682,2711.52033
2019-11-15 10:49:00,4.689,4.689,4.683,4.683,2130.51471
2019-11-15 10:48:00,4.682,4.693,4.682,4.689,2833.6729
2019-11-15 10:47:00,4.683,4.683,4.681,4.681,2660.51892
2019-11-15 10:46:00,4.682,4.685,4.682,4.683,814.46571
2019-11-15 10:45:00,4.686,4.686,4.681,4.684,1596.23867
2019-11-15 10:44:00,4.685,4.685,4.685,4.685,1.48373
2019-11-15 10:43:00,4.686,4.686,4.685,4.685,250.90237
2019-11-15 10:42:00,4.686,4.686,4.685,4.685,590.2805
2019-11-15 10:41:00,4.688,4.688,4.685,4.687,1254.39041
2019-11-15 10:40:00,4.686,4.691,4.686,4.688,2132.74497
2019-11-15 10:39:00,4.686,4.686,4.686,4.686,6.55502
2019-11-15 10:38:00,4.688,4.688,4.686,4.686,192.03067
2019-11-15 10:37:00,4.688,4.688,4.688,4.688,1.24599
2019-11-15 10:36:00,4.69,4.69,4.687,4.688,247.34131
2019-11-15 10:35:00,4.693,4.693,4.69,4.69,1982.20422
2019-11-15 10:34:00,4.693,4.693,4.693,4.693,1.2763
2019-11-15 10:33:00,4.693,4.693,4.693,4.693,1.59637
2019-11-15 10:32:00,4.694,4.694,4.693,4.693,1576.19298
2019-11-15 10:31:00,4.692,4.693,4.692,4.693,11.30176
2019-11-15 10:30:00,4.691,4.691,4.691,4.691,6.8102
2019-11-15 10:29:00,4.69,4.69,4.69,4.69,217.28755
2019-11-15 10:28:00,4.69,4.691,4.689,4.691,1427.48394
2019-11-15 10:27:00,4.688,4.691,4.687,4.691,528.41515
2019-11-15 10:26:00,4.688,4.691,4.688,4.691,1933.34914
2019-11-15 10:25:00,4.69,4.691,4.689,4.689,1289.8109
2019-11-15 10:24:00,4.693,4.693,4.691,4.691,1256.32099
2019-11-15 10:23:00,4.697,4.698,4.692,4.692,1084.46991
2019-11-15 10:22:00,4.692,4.696,4.692,4.696,1334.64895
2019-11-15 10:21:00,4.694,4.694,4.692,4.692,2165.53382
2019-11-15 10:20:00,4.691,4.694,4.69,4.694,1830.06211
2019-11-15 10:19:00,4.696,4.696,4.691,4.691,3092.53934
2019-11-15 10:18:00,4.687,4.697,4.687,4.695,3553.97033
2019-11-15 10:17:00,4.685,4.689,4.685,4.686,2615.70678
2019-11-15 10:16:00,4.688,4.689,4.683,4.683,2853.50167
2019-11-15 10:15:00,4.693,4.694,4.688,4.689,3738.59598
2019-11-15 10:14:00,4.691,4.695,4.691,4.692,837.18642
2019-11-15 10:13:00,4.694,4.694,4.691,4.691,3735.24747
2019-11-15 10:12:00,4.689,4.696,4.689,4.693,10910.93501
2019-11-15 10:11:00,4.689,4.69,4.688,4.688,1726.6054
2019-11-15 10:10:00,4.684,4.694,4.684,4.689,13966.55486
2019-11-15 10:09:00,4.69,4.691,4.685,4.685,2363.54635
2019-11-15 10:08:00,4.694,4.694,4.689,4.691,1006.47782
2019-11-15 10:07:00,4.697,4.697,4.693,4.694,1453.75894
2019-11-15 10:06:00,4.7,4.701,4.692,4.698,7032.87017
2019-11-15 10:05:00,4.689,4.7,4.689,4.7,5459.52308
2019-11-15 10:04:00,4.686,4.698,4.686,4.69,7733.06873
2019-11-15 10:03:00,4.689,4.689,4.68,4.685,3524.74958
2019-11-15 10:02:00,4.697,4.697,4.68,4.688,13277.83274
2019-11-15 10:01:00,4.698,4.698,4.694,4.698,1049.92513
2019-11-15 10:00:00,4.699,4.702,4.691,4.699,4942.43212
2019-11-15 09:59:00,4.703,4.704,4.689,4.697,13120.01306
2019-11-15 09:58:00,4.711,4.711,4.703,4.703,834.40038
2019-11-15 09:57:00,4.711,4.711,4.709,4.71,347.23196
2019-11-15 09:56:00,4.714,4.714,4.712,4.712,1818.68878
2019-11-15 09:55:00,4.713,4.716,4.713,4.714,762.61089
2019-11-15 09:54:00,4.716,4.716,4.711,4.711,2494.18797
2019-11-15 09:53:00,4.716,4.716,4.716,4.716,1620.4981
2019-11-15 09:52:00,4.717,4.717,4.717,4.717,0
2019-11-15 09:51:00,4.719,4.719,4.717,4.717,1598.2873
2019-11-15 09:50:00,4.718,4.719,4.718,4.719,8.3231
2019-11-15 09:49:00,4.717,4.717,4.717,4.717,0
2019-11-15 09:48:00,4.717,4.717,4.717,4.717,873.88354
2019-11-15 09:47:00,4.722,4.722,4.718,4.718,1748.83267
2019-11-15 09:46:00,4.721,4.723,4.721,4.723,142.09074
2019-11-15 09:45:00,4.72,4.72,4.72,4.72,300
2019-11-15 09:44:00,4.722,4.722,4.721,4.721,47.58691
2019-11-15 09:43:00,4.723,4.723,4.723,4.723,8.2023
2019-11-15 09:42:00,4.723,4.723,4.723,4.723,5.47982
2019-11-15 09:41:00,4.723,4.723,4.723,4.723,30.25994
2019-11-15 09:40:00,4.723,4.723,4.722,4.723,29.59498
2019-11-15 09:39:00,4.723,4.723,4.723,4.723,0.0132
2019-11-15 09:38:00,4.724,4.724,4.724,4.724,0.12477
2019-11-15 09:37:00,4.723,4.726,4.723,4.725,108.21143
2019-11-15 09:36:00,4.721,4.723,4.721,4.723,652.34818
2019-11-15 09:35:00,4.721,4.721,4.721,4.721,4.01239
2019-11-15 09:34:00,4.721,4.721,4.721,4.721,32.45897
2019-11-15 09:33:00,4.723,4.724,4.72,4.723,2131.25389
2019-11-15 09:32:00,4.724,4.724,4.723,4.723,1643.13835
2019-11-15 09:31:00,4.723,4.724,4.723,4.724,844.19822
2019-11-15 09:30:00,4.72,4.723,4.72,4.722,1773.30317
2019-11-15 09:29:00,4.72,4.72,4.718,4.719,50.93018
2019-11-15 09:28:00,4.72,4.72,4.72,4.72,499.08457
2019-11-15 09:27:00,4.719,4.721,4.719,4.721,780.98581
2019-11-15 09:26:00,4.715,4.718,4.715,4.718,265.03422
2019-11-15 09:25:00,4.714,4.715,4.714,4.715,985.10563
2019-11-15 09:24:00,4.718,4.718,4.714,4.714,505.68063
2019-11-15 09:23:00,4.718,4.718,4.718,4.718,190.0741
2019-11-15 09:22:00,4.711,4.715,4.711,4.715,2613.95133
2019-11-15 09:21:00,4.709,4.709,4.709,4.709,0
2019-11-15 09:20:00,4.709,4.709,4.708,4.709,3106.25396
2019-11-15 09:19:00,4.712,4.714,4.707,4.709,1690.70165
2019-11-15 09:18:00,4.714,4.714,4.711,4.711,1065.37142
2019-11-15 09:17:00,4.713,4.718,4.713,4.713,332.04648
2019-11-15 09:16:00,4.714,4.714,4.712,4.713,842.52769
2019-11-15 09:15:00,4.722,4.722,4.714,4.714,1752.28844
2019-11-15 09:14:00,4.72,4.721,4.72,4.72,26.88986
2019-11-15 09:13:00,4.719,4.72,4.718,4.72,335.22388
2019-11-15 09:12:00,4.719,4.72,4.719,4.719,924.22709
2019-11-15 09:11:00,4.717,4.719,4.717,4.719,443.90834
2019-11-15 09:10:00,4.714,4.72,4.714,4.717,1223.49181
2019-11-15 09:09:00,4.719,4.72,4.714,4.714,2995.70885
2019-11-15 09:08:00,4.713,4.719,4.713,4.719,474.0357
2019-11-15 09:07:00,4.713,4.713,4.71,4.71,1278.50727
2019-11-15 09:06:00,4.707,4.713,4.706,4.713,2554.00856
2019-11-15 09:05:00,4.708,4.708,4.707,4.708,1038.12173
2019-11-15 09:04:00,4.714,4.714,4.707,4.709,2114.44573
2019-11-15 09:03:00,4.717,4.717,4.715,4.715,729.43033
2019-11-15 09:02:00,4.715,4.716,4.714,4.716,1067.24142
2019-11-15 09:01:00,4.714,4.718,4.708,4.718,7420.70195
2019-11-15 09:00:00,4.715,4.715,4.715,4.715,4
2019-11-15 08:59:00,4.72,4.72,4.719,4.719,167.53807
2019-11-15 08:58:00,4.719,4.719,4.719,4.719,0
2019-11-15 08:57:00,4.719,4.719,4.719,4.719,42.46284
2019-11-15 08:56:00,4.718,4.719,4.718,4.719,127.46973
2019-11-15 08:55:00,4.718,4.718,4.718,4.718,0
2019-11-15 08:54:00,4.726,4.726,4.717,4.718,5840.25109
2019-11-15 08:53:00,4.726,4.727,4.726,4.727,304.61345
2019-11-15 08:52:00,4.722,4.723,4.722,4.723,172.9067
2019-11-15 08:51:00,4.726,4.727,4.722,4.724,1427.05215
2019-11-15 08:50:00,4.729,4.729,4.722,4.725,1792.88553
2019-11-15 08:49:00,4.731,4.731,4.728,4.729,538.52925
2019-11-15 08:48:00,4.732,4.732,4.731,4.731,390.84305
2019-11-15 08:47:00,4.722,4.733,4.722,4.733,1769.41081
2019-11-15 08:46:00,4.725,4.726,4.722,4.722,1074.79852
2019-11-15 08:45:00,4.726,4.728,4.725,4.725,1306.91537
2019-11-15 08:44:00,4.726,4.728,4.726,4.726,2564.14735
2019-11-15 08:43:00,4.734,4.734,4.726,4.726,1720.63122
2019-11-15 08:42:00,4.732,4.733,4.732,4.733,37.02314
2019-11-15 08:41:00,4.725,4.732,4.725,4.73,2759.11424
2019-11-15 08:40:00,4.723,4.726,4.723,4.726,1398.43121
2019-11-15 08:39:00,4.716,4.725,4.716,4.724,2414.38377
2019-11-15 08:38:00,4.717,4.717,4.714,4.716,793.6314
2019-11-15 08:37:00,4.716,4.717,4.716,4.717,1562.89263
2019-11-15 08:36:00,4.729,4.729,4.716,4.716,2985.56723
2019-11-15 08:35:00,4.728,4.73,4.727,4.729,698.94838
2019-11-15 08:34:00,4.721,4.727,4.721,4.727,2305.27858
2019-11-15 08:33:00,4.712,4.719,4.712,4.719,253.62831
2019-11-15 08:32:00,4.714,4.714,4.709,4.711,5281.12742
2019-11-15 08:31:00,4.717,4.722,4.715,4.715,2772.91113
2019-11-15 08:30:00,4.725,4.725,4.718,4.718,2521.03504
2019-11-15 08:29:00,4.728,4.728,4.725,4.725,699.63437
2019-11-15 08:28:00,4.729,4.729,4.729,4.729,0
2019-11-15 08:27:00,4.729,4.729,4.729,4.729,0
2019-11-15 08:26:00,4.731,4.732,4.729,4.729,1386.43408
2019-11-15 08:25:00,4.741,4.741,4.731,4.731,1609.16703
2019-11-15 08:24:00,4.743,4.743,4.741,4.741,2425.62666
2019-11-15 08:23:00,4.743,4.743,4.741,4.741,5.19448
2019-11-15 08:22:00,4.743,4.747,4.743,4.744,879.57895
2019-11-15 08:21:00,4.743,4.743,4.743,4.743,0.37117
2019-11-15 08:20:00,4.748,4.748,4.743,4.745,1003.21168
2019-11-15 08:19:00,4.748,4.748,4.748,4.748,221.85389
2019-11-15 08:18:00,4.749,4.749,4.748,4.748,30.14016
2019-11-15 08:17:00,4.75,4.75,4.749,4.749,383.70839
2019-11-15 08:16:00,4.751,4.751,4.75,4.75,1432.80817
2019-11-15 08:15:00,4.75,4.752,4.75,4.751,807.83052
2019-11-15 08:14:00,4.75,4.751,4.749,4.751,1503.51151
2019-11-15 08:13:00,4.752,4.752,4.75,4.75,2638.28937
2019-11-15 08:12:00,4.753,4.753,4.75,4.752,306.88145
2019-11-15 08:11:00,4.753,4.753,4.752,4.753,95.18037
2019-11-15 08:10:00,4.753,4.753,4.752,4.752,457.5454
2019-11-15 08:09:00,4.754,4.754,4.754,4.754,0
2019-11-15 08:08:00,4.754,4.754,4.754,4.754,576.67881
2019-11-15 08:07:00,4.753,4.753,4.752,4.753,304.52116
2019-11-15 08:06:00,4.754,4.754,4.753,4.753,417.23745
2019-11-15 08:05:00,4.755,4.755,4.755,4.755,1140.55313
2019-11-15 08:04:00,4.752,4.755,4.752,4.755,2796.84018
2019-11-15 08:03:00,4.751,4.752,4.751,4.752,13.27578
2019-11-15 08:02:00,4.751,4.753,4.75,4.75,464.11812
2019-11-15 08:01:00,4.752,4.752,4.752,4.752,1104.60167
2019-11-15 08:00:00,4.753,4.753,4.75,4.751,1079.71749
2019-11-15 07:59:00,4.754,4.754,4.754,4.754,739.45616
2019-11-15 07:58:00,4.754,4.754,4.754,4.754,227.19551
2019-11-15 07:57:00,4.756,4.756,4.756,4.756,0
2019-11-15 07:56:00,4.758,4.758,4.755,4.756,272.66661
2019-11-15 07:55:00,4.753,4.759,4.753,4.758,1288.62489
2019-11-15 07:54:00,4.753,4.754,4.753,4.754,144.87288
2019-11-15 07:53:00,4.752,4.752,4.752,4.752,8.31773
2019-11-15 07:52:00,4.752,4.752,4.752,4.752,251.80464
2019-11-15 07:51:00,4.754,4.754,4.754,4.754,457.42149
2019-11-15 07:50:00,4.754,4.754,4.752,4.752,42.27436
2019-11-15 07:49:00,4.756,4.756,4.753,4.754,765.26958
2019-11-15 07:48:00,4.762,4.762,4.754,4.756,2232.06787
2019-11-15 07:47:00,4.763,4.763,4.763,4.763,0
2019-11-15 07:46:00,4.764,4.764,4.763,4.763,1991.12885
2019-11-15 07:45:00,4.763,4.764,4.763,4.764,1233.78309
2019-11-15 07:44:00,4.764,4.765,4.763,4.763,1794.86908
2019-11-15 07:43:00,4.766,4.766,4.761,4.764,3710.17184
2019-11-15 07:42:00,4.764,4.766,4.764,4.765,1371.3642
2019-11-15 07:41:00,4.766,4.766,4.763,4.764,133.66682
2019-11-15 07:40:00,4.762,4.766,4.761,4.766,4408.55765
2019-11-15 07:39:00,4.762,4.762,4.762,4.762,2.81076
2019-11-15 07:38:00,4.762,4.762,4.761,4.762,205.6337
2019-11-15 07:37:00,4.76,4.762,4.758,4.762,1594.06789
2019-11-15 07:36:00,4.757,4.76,4.757,4.759,1660.74835
2019-11-15 07:35:00,4.755,4.758,4.755,4.757,2976.28538
2019-11-15 07:34:00,4.755,4.755,4.755,4.755,19.22667
2019-11-15 07:33:00,4.755,4.755,4.754,4.755,622.25523
2019-11-15 07:32:00,4.755,4.755,4.752,4.753,278.93837
2019-11-15 07:31:00,4.752,4.755,4.752,4.755,230.40088
2019-11-15 07:30:00,4.751,4.751,4.751,4.751,29.67825
2019-11-15 07:29:00,4.748,4.751,4.748,4.75,3678.75113
2019-11-15 07:28:00,4.751,4.751,4.75,4.751,2470.03468
2019-11-15 07:27:00,4.75,4.75,4.75,4.75,0
2019-11-15 07:26:00,4.752,4.752,4.75,4.75,1316.52753
2019-11-15 07:25:00,4.75,4.754,4.749,4.749,1382.63406
2019-11-15 07:24:00,4.749,4.754,4.749,4.75,1889.63997
2019-11-15 07:23:00,4.749,4.749,4.749,4.749,4
2019-11-15 07:22:00,4.746,4.746,4.746,4.746,2.15329
2019-11-15 07:21:00,4.747,4.747,4.747,4.747,1106.15571
2019-11-15 07:20:00,4.747,4.748,4.747,4.747,1346.14626
2019-11-15 07:19:00,4.753,4.753,4.746,4.747,1272.67887
2019-11-15 07:18:00,4.754,4.755,4.754,4.754,945.16071
2019-11-15 07:17:00,4.756,4.756,4.754,4.754,1062.24391
2019-11-15 07:16:00,4.755,4.756,4.755,4.756,2197.37546
2019-11-15 07:15:00,4.756,4.756,4.753,4.755,588.92675
2019-11-15 07:14:00,4.759,4.759,4.754,4.754,2146.6126
2019-11-15 07:13:00,4.758,4.76,4.756,4.759,2516.31042
2019-11-15 07:12:00,4.752,4.758,4.751,4.758,1750.44757
2019-11-15 07:11:00,4.75,4.752,4.75,4.751,1834.73831
2019-11-15 07:10:00,4.75,4.751,4.749,4.75,1349.07431
2019-11-15 07:09:00,4.752,4.752,4.751,4.751,669.79047
2019-11-15 07:08:00,4.753,4.753,4.753,4.753,4
2019-11-15 07:07:00,4.755,4.755,4.753,4.753,2295.80589
2019-11-15 07:06:00,4.76,4.76,4.749,4.756,4990.12897
2019-11-15 07:05:00,4.757,4.764,4.757,4.761,855.76078
2019-11-15 07:04:00,4.76,4.764,4.755,4.756,4373.73119
2019-11-15 07:03:00,4.755,4.761,4.755,4.76,1184.0832
2019-11-15 07:02:00,4.753,4.755,4.751,4.755,1667.41145
2019-11-15 07:01:00,4.748,4.753,4.748,4.752,1598.51346
2019-11-15 07:00:00,4.746,4.748,4.746,4.748,1372.15742
2019-11-15 06:59:00,4.744,4.747,4.744,4.747,1209.03853
2019-11-15 06:58:00,4.744,4.745,4.744,4.744,227.01639
2019-11-15 06:57:00,4.744,4.744,4.744,4.744,0.4531
2019-11-15 06:56:00,4.744,4.744,4.744,4.744,0.3191
2019-11-15 06:55:00,4.744,4.744,4.744,4.744,0.49894
2019-11-15 06:54:00,4.744,4.744,4.744,4.744,0.2382
2019-11-15 06:53:00,4.745,4.745,4.745,4.745,0
2019-11-15 06:52:00,4.745,4.745,4.745,4.745,0
2019-11-15 06:51:00,4.745,4.745,4.745,4.745,169.60866
2019-11-15 06:50:00,4.745,4.745,4.745,4.745,2366.6551
2019-11-15 06:49:00,4.744,4.744,4.744,4.744,0
2019-11-15 06:48:00,4.744,4.744,4.744,4.744,0
2019-11-15 06:47:00,4.744,4.744,4.744,4.744,0
2019-11-15 06:46:00,4.743,4.744,4.743,4.744,351.61327
2019-11-15 06:45:00,4.743,4.743,4.743,4.743,1903.05202
2019-11-15 06:44:00,4.744,4.744,4.743,4.743,340.07719
2019-11-15 06:43:00,4.743,4.744,4.743,4.744,467.24656
2019-11-15 06:42:00,4.742,4.743,4.741,4.743,1222.09628
2019-11-15 06:41:00,4.742,4.743,4.741,4.741,3638.44191
2019-11-15 06:40:00,4.742,4.743,4.742,4.743,1500.88239
2019-11-15 06:39:00,4.741,4.742,4.741,4.742,483.54226
2019-11-15 06:38:00,4.745,4.745,4.74,4.74,1891.28392
2019-11-15 06:37:00,4.746,4.746,4.746,4.746,0
2019-11-15 06:36:00,4.746,4.746,4.746,4.746,1.33154
2019-11-15 06:35:00,4.746,4.746,4.746,4.746,2.16344
2019-11-15 06:34:00,4.746,4.746,4.746,4.746,2.65968
2019-11-15 06:33:00,4.744,4.746,4.744,4.746,2973.21136
2019-11-15 06:32:00,4.743,4.745,4.742,4.745,415.58314
2019-11-15 06:31:00,4.742,4.743,4.741,4.743,830.19715
2019-11-15 06:30:00,4.741,4.742,4.741,4.741,929.65097
2019-11-15 06:29:00,4.741,4.743,4.741,4.742,1357.16396
2019-11-15 06:28:00,4.741,4.743,4.741,4.742,979.77014
2019-11-15 06:27:00,4.739,4.744,4.739,4.74,5553.75801
2019-11-15 06:26:00,4.739,4.74,4.739,4.74,761.37218
2019-11-15 06:25:00,4.74,4.74,4.74,4.74,449.16213
2019-11-15 06:24:00,4.738,4.739,4.738,4.739,1669.76015
2019-11-15 06:23:00,4.735,4.738,4.735,4.738,2445.69579
2019-11-15 06:22:00,4.735,4.735,4.735,4.735,1568.6496
2019-11-15 06:21:00,4.733,4.735,4.733,4.735,834.46528
2019-11-15 06:20:00,4.727,4.739,4.727,4.732,10593.32954
2019-11-15 06:19:00,4.726,4.726,4.726,4.726,0.08557
2019-11-15 06:18:00,4.727,4.727,4.727,4.727,0
2019-11-15 06:17:00,4.727,4.727,4.727,4.727,1506.87803
2019-11-15 06:16:00,4.727,4.728,4.727,4.727,1505.15985
2019-11-15 06:15:00,4.728,4.729,4.727,4.727,1280.16546
2019-11-15 06:14:00,4.729,4.729,4.725,4.728,1037.52882
2019-11-15 06:13:00,4.729,4.729,4.729,4.729,9.89891
2019-11-15 06:12:00,4.729,4.729,4.729,4.729,7.40201
2019-11-15 06:11:00,4.728,4.729,4.728,4.729,721.49334
2019-11-15 06:10:00,4.728,4.728,4.727,4.728,1467.74979
2019-11-15 06:09:00,4.729,4.729,4.729,4.729,48.90758
2019-11-15 06:08:00,4.73,4.73,4.73,4.73,15.72052
2019-11-15 06:07:00,4.73,4.73,4.73,4.73,1.09307
2019-11-15 06:06:00,4.73,4.73,4.73,4.73,0.51228
2019-11-15 06:05:00,4.73,4.73,4.73,4.73,1.21693
2019-11-15 06:04:00,4.73,4.73,4.73,4.73,1.34203
2019-11-15 06:03:00,4.73,4.73,4.73,4.73,0.95414
2019-11-15 06:02:00,4.731,4.731,4.729,4.73,18.61631
2019-11-15 06:01:00,4.73,4.731,4.729,4.731,647.54442
2019-11-15 06:00:00,4.73,4.73,4.73,4.73,0.60146
2019-11-15 05:59:00,4.73,4.73,4.73,4.73,0
2019-11-15 05:58:00,4.73,4.73,4.73,4.73,0
2019-11-15 05:57:00,4.73,4.73,4.73,4.73,492.77428
2019-11-15 05:56:00,4.735,4.735,4.729,4.731,3812.98471
2019-11-15 05:55:00,4.734,4.735,4.734,4.735,1000.41309
2019-11-15 05:54:00,4.731,4.735,4.731,4.734,307.83265
2019-11-15 05:53:00,4.728,4.731,4.728,4.731,915.60556
2019-11-15 05:52:00,4.728,4.728,4.728,4.728,1.41188
2019-11-15 05:51:00,4.727,4.727,4.727,4.727,0
2019-11-15 05:50:00,4.727,4.727,4.727,4.727,0
2019-11-15 05:49:00,4.727,4.727,4.727,4.727,0
2019-11-15 05:48:00,4.727,4.727,4.727,4.727,0
2019-11-15 05:47:00,4.727,4.727,4.727,4.727,0
2019-11-15 05:46:00,4.727,4.727,4.727,4.727,0
2019-11-15 05:45:00,4.728,4.728,4.727,4.727,795.90983
2019-11-15 05:44:00,4.733,4.733,4.732,4.732,55.16799
2019-11-15 05:43:00,4.733,4.734,4.733,4.733,1195.81779
2019-11-15 05:42:00,4.733,4.733,4.73,4.73,99.90422
2019-11-15 05:41:00,4.732,4.732,4.732,4.732,0
2019-11-15 05:40:00,4.732,4.733,4.731,4.732,2580.73919
2019-11-15 05:39:00,4.728,4.732,4.728,4.731,581.31946
2019-11-15 05:38:00,4.728,4.728,4.728,4.728,4.71656
2019-11-15 05:37:00,4.728,4.728,4.728,4.728,4.66145
2019-11-15 05:36:00,4.728,4.728,4.728,4.728,3.99627
2019-11-15 05:35:00,4.728,4.728,4.728,4.728,193.05992
2019-11-15 05:34:00,4.724,4.727,4.724,4.727,446.49305
2019-11-15 05:33:00,4.731,4.731,4.725,4.725,773.72761
2019-11-15 05:32:00,4.73,4.73,4.73,4.73,40.182
2019-11-15 05:31:00,4.73,4.731,4.73,4.731,845.51487
2019-11-15 05:30:00,4.729,4.73,4.729,4.73,247.63415
2019-11-15 05:29:00,4.726,4.726,4.726,4.726,0
2019-11-15 05:28:00,4.726,4.726,4.726,4.726,0
2019-11-15 05:27:00,4.727,4.727,4.726,4.726,373.86276
2019-11-15 05:26:00,4.727,4.727,4.727,4.727,0
2019-11-15 05:25:00,4.727,4.727,4.727,4.727,0
2019-11-15 05:24:00,4.727,4.727,4.727,4.727,0
2019-11-15 05:23:00,4.727,4.728,4.726,4.727,905.54258
2019-11-15 05:22:00,4.729,4.729,4.729,4.729,0
2019-11-15 05:21:00,4.729,4.729,4.729,4.729,0
2019-11-15 05:20:00,4.729,4.729,4.729,4.729,0.3959
2019-11-15 05:19:00,4.728,4.729,4.728,4.729,134.87956
2019-11-15 05:18:00,4.729,4.729,4.728,4.728,238.75136
2019-11-15 05:17:00,4.729,4.729,4.729,4.729,0.15204
2019-11-15 05:16:00,4.723,4.729,4.723,4.729,2168.36128
2019-11-15 05:15:00,4.724,4.724,4.72,4.724,570.9144
2019-11-15 05:14:00,4.724,4.726,4.724,4.725,226.91639
2019-11-15 05:13:00,4.725,4.726,4.724,4.725,1563.74562
2019-11-15 05:12:00,4.725,4.726,4.725,4.725,2801.06977
2019-11-15 05:11:00,4.724,4.725,4.724,4.724,198.9237
2019-11-15 05:10:00,4.723,4.723,4.723,4.723,175.3795
2019-11-15 05:09:00,4.728,4.728,4.726,4.726,277.76595
2019-11-15 05:08:00,4.729,4.729,4.729,4.729,9.09973
2019-11-15 05:07:00,4.729,4.729,4.729,4.729,1.09096
2019-11-15 05:06:00,4.729,4.729,4.728,4.729,33.28331
2019-11-15 05:05:00,4.727,4.729,4.727,4.729,618.00711
2019-11-15 05:04:00,4.727,4.727,4.727,4.727,1.8704
2019-11-15 05:03:00,4.727,4.727,4.727,4.727,1.59552
2019-11-15 05:02:00,4.727,4.727,4.727,4.727,1.48782
2019-11-15 05:01:00,4.727,4.727,4.727,4.727,0.66645
2019-11-15 05:00:00,4.725,4.728,4.725,4.727,476.5026
2019-11-15 04:59:00,4.725,4.725,4.725,4.725,1.02085
2019-11-15 04:58:00,4.725,4.725,4.725,4.725,1.13889
2019-11-15 04:57:00,4.725,4.725,4.725,4.725,1.2281
2019-11-15 04:56:00,4.725,4.725,4.725,4.725,727.31393
2019-11-15 04:55:00,4.725,4.725,4.725,4.725,578.2947
2019-11-15 04:54:00,4.724,4.724,4.724,4.724,193.81272
2019-11-15 04:53:00,4.724,4.724,4.724,4.724,0
2019-11-15 04:52:00,4.724,4.724,4.724,4.724,726.57319
2019-11-15 04:51:00,4.722,4.723,4.722,4.723,1013.03389
2019-11-15 04:50:00,4.723,4.723,4.722,4.723,518.11571
2019-11-15 04:49:00,4.724,4.724,4.724,4.724,0
2019-11-15 04:48:00,4.723,4.724,4.722,4.724,1219.42544
2019-11-15 04:47:00,4.724,4.724,4.724,4.724,0
2019-11-15 04:46:00,4.723,4.724,4.723,4.724,2689.15972
2019-11-15 04:45:00,4.726,4.726,4.724,4.724,133.38089
2019-11-15 04:44:00,4.719,4.728,4.719,4.727,5797.32615
2019-11-15 04:43:00,4.719,4.719,4.719,4.719,3.50377
2019-11-15 04:42:00,4.72,4.721,4.719,4.719,1834.98784
2019-11-15 04:41:00,4.72,4.721,4.72,4.72,988.96904
2019-11-15 04:40:00,4.72,4.72,4.72,4.72,336.35449
2019-11-15 04:39:00,4.72,4.72,4.72,4.72,4.45214
2019-11-15 04:38:00,4.721,4.721,4.721,4.721,5.24274
2019-11-15 04:37:00,4.72,4.721,4.72,4.721,305.44245
2019-11-15 04:36:00,4.72,4.72,4.72,4.72,1.70566
2019-11-15 04:35:00,4.72,4.72,4.72,4.72,2.00058
2019-11-15 04:34:00,4.719,4.72,4.719,4.72,573.60794
2019-11-15 04:33:00,4.719,4.719,4.719,4.719,0
2019-11-15 04:32:00,4.719,4.719,4.719,4.719,0.93782
2019-11-15 04:31:00,4.719,4.719,4.719,4.719,0.48157
2019-11-15 04:30:00,4.723,4.723,4.72,4.72,314.29412
2019-11-15 04:29:00,4.72,4.723,4.72,4.723,992.75158
2019-11-15 04:28:00,4.72,4.72,4.72,4.72,0.40225
2019-11-15 04:27:00,4.719,4.72,4.719,4.72,551.29431
2019-11-15 04:26:00,4.719,4.719,4.719,4.719,0
2019-11-15 04:25:00,4.719,4.719,4.719,4.719,0.09611
2019-11-15 04:24:00,4.719,4.719,4.719,4.719,242.42816
2019-11-15 04:23:00,4.718,4.719,4.718,4.719,224.87395
2019-11-15 04:22:00,4.715,4.718,4.715,4.718,1340.43889
2019-11-15 04:21:00,4.714,4.714,4.714,4.714,0
2019-11-15 04:20:00,4.714,4.714,4.714,4.714,0.43319
2019-11-15 04:19:00,4.713,4.713,4.713,4.713,275.34572
2019-11-15 04:18:00,4.713,4.713,4.713,4.713,0.28736
2019-11-15 04:17:00,4.713,4.713,4.713,4.713,0.2225
2019-11-15 04:16:00,4.712,4.713,4.712,4.713,1698.15758
2019-11-15 04:15:00,4.71,4.712,4.71,4.711,1275.76871
2019-11-15 04:14:00,4.708,4.71,4.708,4.71,1458.93788
2019-11-15 04:13:00,4.712,4.712,4.708,4.708,2015.11838
2019-11-15 04:12:00,4.712,4.712,4.711,4.711,554.19778
2019-11-15 04:11:00,4.711,4.711,4.711,4.711,1373.23868
2019-11-15 04:10:00,4.707,4.71,4.707,4.71,1129.45099
2019-11-15 04:09:00,4.715,4.715,4.707,4.707,2782.04215
2019-11-15 04:08:00,4.714,4.717,4.714,4.715,1275.07936
2019-11-15 04:07:00,4.714,4.717,4.714,4.714,767.4491
2019-11-15 04:06:00,4.713,4.714,4.713,4.714,1983.54399
2019-11-15 04:05:00,4.714,4.714,4.714,4.714,0
2019-11-15 04:04:00,4.72,4.72,4.714,4.714,1482.59867
2019-11-15 04:03:00,4.719,4.72,4.719,4.72,12.48203
2019-11-15 04:02:00,4.716,4.717,4.716,4.717,300.95612
2019-11-15 04:01:00,4.715,4.715,4.715,4.715,0
2019-11-15 04:00:00,4.715,4.715,4.715,4.715,747.14034
2019-11-15 03:59:00,4.713,4.713,4.713,4.713,52
2019-11-15 03:58:00,4.715,4.715,4.714,4.714,1824.92515
2019-11-15 03:57:00,4.713,4.715,4.713,4.715,453.48586
2019-11-15 03:56:00,4.713,4.713,4.713,4.713,23.67327
2019-11-15 03:55:00,4.712,4.713,4.712,4.713,972.46366
2019-11-15 03:54:00,4.71,4.71,4.71,4.71,0
2019-11-15 03:53:00,4.71,4.71,4.71,4.71,145.92865
2019-11-15 03:52:00,4.708,4.709,4.708,4.709,2132.02428
2019-11-15 03:51:00,4.708,4.708,4.708,4.708,1027.6409
2019-11-15 03:50:00,4.707,4.707,4.707,4.707,204.9706
2019-11-15 03:49:00,4.706,4.706,4.706,4.706,0
2019-11-15 03:48:00,4.706,4.706,4.706,4.706,204.396
2019-11-15 03:47:00,4.706,4.706,4.704,4.705,278.34221
2019-11-15 03:46:00,4.706,4.706,4.706,4.706,114.07246
2019-11-15 03:45:00,4.706,4.706,4.706,4.706,0
2019-11-15 03:44:00,4.706,4.706,4.705,4.706,204.00888
2019-11-15 03:43:00,4.708,4.709,4.704,4.706,1731.56263
2019-11-15 03:42:00,4.708,4.708,4.708,4.708,12.57324
2019-11-15 03:41:00,4.709,4.709,4.708,4.708,1536.68608
2019-11-15 03:40:00,4.703,4.707,4.703,4.707,815.45063
2019-11-15 03:39:00,4.703,4.703,4.703,4.703,0
2019-11-15 03:38:00,4.703,4.703,4.703,4.703,4
2019-11-15 03:37:00,4.703,4.703,4.703,4.703,575.79143
2019-11-15 03:36:00,4.703,4.703,4.703,4.703,0
2019-11-15 03:35:00,4.703,4.703,4.703,4.703,102.77064
2019-11-15 03:34:00,4.7,4.7,4.7,4.7,0
2019-11-15 03:33:00,4.7,4.7,4.7,4.7,0
2019-11-15 03:32:00,4.7,4.7,4.7,4.7,175.5546
2019-11-15 03:31:00,4.7,4.7,4.7,4.7,868.67564
2019-11-15 03:30:00,4.698,4.7,4.698,4.7,830.06558
2019-11-15 03:29:00,4.7,4.7,4.698,4.698,785.45501
2019-11-15 03:28:00,4.7,4.7,4.7,4.7,4
2019-11-15 03:27:00,4.704,4.704,4.703,4.704,621.58318
2019-11-15 03:26:00,4.703,4.704,4.703,4.704,35.63112
2019-11-15 03:25:00,4.703,4.703,4.703,4.703,0
2019-11-15 03:24:00,4.704,4.704,4.702,4.703,1042.24535
2019-11-15 03:23:00,4.706,4.706,4.704,4.704,739.33361
2019-11-15 03:22:00,4.708,4.708,4.705,4.706,2561.11468
2019-11-15 03:21:00,4.71,4.71,4.71,4.71,178.5
2019-11-15 03:20:00,4.71,4.71,4.71,4.71,198.79739
2019-11-15 03:19:00,4.71,4.71,4.709,4.71,353.16154
2019-11-15 03:18:00,4.709,4.71,4.709,4.71,2222.62842
2019-11-15 03:17:00,4.71,4.71,4.709,4.709,411.9963
2019-11-15 03:16:00,4.709,4.71,4.709,4.71,1508.63221
2019-11-15 03:15:00,4.71,4.71,4.709,4.709,1693.47001
2019-11-15 03:14:00,4.71,4.71,4.71,4.71,0
2019-11-15 03:13:00,4.71,4.712,4.71,4.71,1613.64641
2019-11-15 03:12:00,4.71,4.711,4.71,4.711,208.17733
2019-11-15 03:11:00,4.711,4.712,4.711,4.711,1024.71684
2019-11-15 03:10:00,4.707,4.712,4.707,4.712,2868.88726
2019-11-15 03:09:00,4.707,4.707,4.707,4.707,1525.03525
2019-11-15 03:08:00,4.708,4.709,4.708,4.709,288.82205
2019-11-15 03:07:00,4.708,4.708,4.708,4.708,0
2019-11-15 03:06:00,4.708,4.708,4.708,4.708,197.95003
2019-11-15 03:05:00,4.707,4.709,4.707,4.708,265.99758
2019-11-15 03:04:00,4.707,4.707,4.705,4.707,984.45306
2019-11-15 03:03:00,4.71,4.71,4.707,4.707,36.86755
2019-11-15 03:02:00,4.711,4.711,4.71,4.71,2.38312
2019-11-15 03:01:00,4.713,4.713,4.712,4.712,290.04837
2019-11-15 03:00:00,4.71,4.713,4.71,4.713,2313.50619
2019-11-15 02:59:00,4.71,4.711,4.71,4.711,1814.4355
2019-11-15 02:58:00,4.712,4.712,4.712,4.712,1187.03012
2019-11-15 02:57:00,4.712,4.712,4.712,4.712,0
2019-11-15 02:56:00,4.712,4.712,4.712,4.712,259.8274
2019-11-15 02:55:00,4.714,4.714,4.713,4.713,1671.02269
2019-11-15 02:54:00,4.713,4.714,4.713,4.714,500.65891
2019-11-15 02:53:00,4.714,4.714,4.713,4.713,1570.84699
2019-11-15 02:52:00,4.712,4.714,4.712,4.714,1071.61777
2019-11-15 02:51:00,4.712,4.712,4.712,4.712,191.80831
2019-11-15 02:50:00,4.712,4.712,4.712,4.712,199.4576
2019-11-15 02:49:00,4.71,4.711,4.71,4.711,614.02047
2019-11-15 02:48:00,4.709,4.71,4.708,4.71,2527.09813
2019-11-15 02:47:00,4.709,4.709,4.709,4.709,804.84337
2019-11-15 02:46:00,4.708,4.708,4.708,4.708,524.24262
2019-11-15 02:45:00,4.708,4.708,4.708,4.708,0
2019-11-15 02:44:00,4.708,4.708,4.708,4.708,1420.35383
2019-11-15 02:43:00,4.706,4.707,4.706,4.706,1061.90956
2019-11-15 02:42:00,4.708,4.708,4.708,4.708,7.40967
2019-11-15 02:41:00,4.708,4.708,4.708,4.708,426.65829
2019-11-15 02:40:00,4.706,4.706,4.706,4.706,1555.85698
2019-11-15 02:39:00,4.704,4.704,4.704,4.704,0
2019-11-15 02:38:00,4.704,4.704,4.704,4.704,0
2019-11-15 02:37:00,4.704,4.704,4.704,4.704,72.88424
2019-11-15 02:36:00,4.704,4.704,4.704,4.704,3978.64743
2019-11-15 02:35:00,4.704,4.705,4.704,4.704,1354.93297
2019-11-15 02:34:00,4.705,4.705,4.703,4.704,793.53464
2019-11-15 02:33:00,4.703,4.707,4.702,4.705,937.85639
2019-11-15 02:32:00,4.705,4.705,4.702,4.703,5516.48609
2019-11-15 02:31:00,4.7,4.706,4.7,4.705,2179.62104
2019-11-15 02:30:00,4.696,4.697,4.694,4.697,3417.68342
2019-11-15 02:29:00,4.696,4.696,4.696,4.696,0
2019-11-15 02:28:00,4.696,4.696,4.696,4.696,0
2019-11-15 02:27:00,4.7,4.7,4.696,4.696,356.58779
2019-11-15 02:26:00,4.703,4.703,4.7,4.7,1538.13231
2019-11-15 02:25:00,4.702,4.702,4.702,4.702,0
2019-11-15 02:24:00,4.699,4.702,4.699,4.702,372.11978
2019-11-15 02:23:00,4.699,4.699,4.699,4.699,184.07344
2019-11-15 02:22:00,4.695,4.7,4.695,4.7,4311.28976
2019-11-15 02:21:00,4.708,4.708,4.693,4.697,7978.58435
2019-11-15 02:20:00,4.709,4.709,4.707,4.709,480.04524
2019-11-15 02:19:00,4.709,4.709,4.709,4.709,1497.19885
2019-11-15 02:18:00,4.705,4.706,4.705,4.706,173.2198
2019-11-15 02:17:00,4.709,4.709,4.705,4.705,2039.944
2019-11-15 02:16:00,4.71,4.712,4.709,4.71,1875.4951
2019-11-15 02:15:00,4.711,4.711,4.711,4.711,1834.76581
2019-11-15 02:14:00,4.711,4.711,4.71,4.711,436.22191
2019-11-15 02:13:00,4.711,4.712,4.711,4.711,285.2243
2019-11-15 02:12:00,4.711,4.713,4.711,4.711,1020.72759
2019-11-15 02:11:00,4.713,4.715,4.711,4.711,2918.67502
2019-11-15 02:10:00,4.713,4.715,4.712,4.713,618.65659
2019-11-15 02:09:00,4.71,4.711,4.708,4.711,873.47236
2019-11-15 02:08:00,4.711,4.712,4.71,4.711,2298.112
2019-11-15 02:07:00,4.711,4.711,4.707,4.71,1687.23497
2019-11-15 02:06:00,4.717,4.717,4.707,4.71,3882.07567
2019-11-15 02:05:00,4.722,4.722,4.717,4.717,1255.71586
2019-11-15 02:04:00,4.725,4.725,4.724,4.724,0.08471
2019-11-15 02:03:00,4.724,4.725,4.724,4.725,456.20537
2019-11-15 02:02:00,4.724,4.724,4.724,4.724,0
2019-11-15 02:01:00,4.724,4.724,4.724,4.724,0
2019-11-15 02:00:00,4.724,4.724,4.724,4.724,0
2019-11-15 01:59:00,4.724,4.724,4.724,4.724,681.64959
2019-11-15 01:58:00,4.723,4.724,4.723,4.724,283.7476
2019-11-15 01:57:00,4.725,4.725,4.724,4.724,482.14688
2019-11-15 01:56:00,4.725,4.725,4.724,4.724,1614.17722
2019-11-15 01:55:00,4.724,4.724,4.724,4.724,1491.92658
2019-11-15 01:54:00,4.723,4.724,4.723,4.724,457.42816
2019-11-15 01:53:00,4.725,4.726,4.725,4.726,1031.50391
2019-11-15 01:52:00,4.725,4.725,4.725,4.725,206.9
2019-11-15 01:51:00,4.724,4.724,4.724,4.724,0
2019-11-15 01:50:00,4.724,4.724,4.724,4.724,0
2019-11-15 01:49:00,4.724,4.724,4.724,4.724,0
2019-11-15 01:48:00,4.724,4.724,4.724,4.724,4
2019-11-15 01:47:00,4.723,4.724,4.723,4.723,1379.69453
2019-11-15 01:46:00,4.722,4.725,4.722,4.725,335.81146
2019-11-15 01:45:00,4.722,4.722,4.722,4.722,845.69142
2019-11-15 01:44:00,4.722,4.724,4.722,4.722,235.27103
2019-11-15 01:43:00,4.722,4.722,4.722,4.722,1.84562
2019-11-15 01:42:00,4.721,4.722,4.72,4.72,313.96138
2019-11-15 01:41:00,4.721,4.721,4.721,4.721,1.64746
2019-11-15 01:40:00,4.72,4.721,4.72,4.721,408.81102
2019-11-15 01:39:00,4.72,4.72,4.72,4.72,2.2239
2019-11-15 01:38:00,4.72,4.72,4.72,4.72,1.30442
2019-11-15 01:37:00,4.72,4.72,4.72,4.72,1.73836
2019-11-15 01:36:00,4.72,4.72,4.72,4.72,1.06312
2019-11-15 01:35:00,4.72,4.72,4.72,4.72,1.48068
2019-11-15 01:34:00,4.72,4.72,4.72,4.72,0.08754
2019-11-15 01:33:00,4.721,4.721,4.719,4.72,3961.08823
2019-11-15 01:32:00,4.727,4.727,4.722,4.722,1160.15359
2019-11-15 01:31:00,4.727,4.727,4.727,4.727,184.64815
2019-11-15 01:30:00,4.726,4.726,4.726,4.726,0
2019-11-15 01:29:00,4.726,4.726,4.726,4.726,0
2019-11-15 01:28:00,4.726,4.726,4.726,4.726,238.82181
2019-11-15 01:27:00,4.725,4.725,4.725,4.725,137.354
2019-11-15 01:26:00,4.725,4.725,4.725,4.725,1638.07545
2019-11-15 01:25:00,4.725,4.725,4.724,4.724,990.65387
2019-11-15 01:24:00,4.727,4.727,4.727,4.727,0
2019-11-15 01:23:00,4.727,4.727,4.727,4.727,516.45555
2019-11-15 01:22:00,4.726,4.726,4.726,4.726,0
2019-11-15 01:21:00,4.726,4.726,4.726,4.726,0
2019-11-15 01:20:00,4.727,4.728,4.726,4.726,889.40243
2019-11-15 01:19:00,4.725,4.729,4.725,4.727,2313.27566
2019-11-15 01:18:00,4.725,4.725,4.725,4.725,0
2019-11-15 01:17:00,4.725,4.725,4.725,4.725,0
2019-11-15 01:16:00,4.725,4.725,4.725,4.725,0
2019-11-15 01:15:00,4.725,4.725,4.725,4.725,130.24577
2019-11-15 01:14:00,4.725,4.725,4.725,4.725,0.45421
2019-11-15 01:13:00,4.725,4.725,4.724,4.725,177.91314
2019-11-15 01:12:00,4.725,4.725,4.724,4.725,220.87475
2019-11-15 01:11:00,4.726,4.726,4.724,4.724,282.79373
2019-11-15 01:10:00,4.723,4.726,4.723,4.725,537.80048
2019-11-15 01:09:00,4.722,4.723,4.721,4.723,2562.35721
2019-11-15 01:08:00,4.721,4.722,4.721,4.722,1034.13431
2019-11-15 01:07:00,4.721,4.721,4.721,4.721,0.61782
2019-11-15 01:06:00,4.721,4.721,4.721,4.721,1.00361
2019-11-15 01:05:00,4.72,4.721,4.72,4.721,462.31673
2019-11-15 01:04:00,4.72,4.722,4.719,4.72,1250.5023
2019-11-15 01:03:00,4.72,4.722,4.719,4.719,516.71702
2019-11-15 01:02:00,4.719,4.723,4.718,4.721,1581.35135
2019-11-15 01:01:00,4.72,4.72,4.719,4.719,241.7985
2019-11-15 01:00:00,4.714,4.72,4.714,4.719,1116.02291
2019-11-15 00:59:00,4.713,4.715,4.712,4.712,662.29322
2019-11-15 00:58:00,4.713,4.713,4.712,4.713,1785.97089
2019-11-15 00:57:00,4.714,4.714,4.714,4.714,213.03359
2019-11-15 00:56:00,4.709,4.713,4.709,4.713,1678.94803
2019-11-15 00:55:00,4.71,4.711,4.709,4.709,1516.65748
2019-11-15 00:54:00,4.712,4.713,4.71,4.71,741.11806
2019-11-15 00:53:00,4.715,4.715,4.713,4.713,1853.77706
2019-11-15 00:52:00,4.708,4.717,4.708,4.715,1837.38239
2019-11-15 00:51:00,4.708,4.71,4.706,4.708,1154.90017
2019-11-15 00:50:00,4.717,4.717,4.711,4.711,14.82136
2019-11-15 00:49:00,4.725,4.725,4.718,4.718,2290.63777
2019-11-15 00:48:00,4.721,4.725,4.721,4.725,553.4995
2019-11-15 00:47:00,4.714,4.721,4.714,4.721,2124.7132
2019-11-15 00:46:00,4.713,4.713,4.708,4.713,495.07018
2019-11-15 00:45:00,4.713,4.714,4.713,4.714,1173.47142
2019-11-15 00:44:00,4.716,4.716,4.712,4.714,1349.99916
2019-11-15 00:43:00,4.717,4.718,4.717,4.717,754.30785
2019-11-15 00:42:00,4.717,4.717,4.717,4.717,0.94236
2019-11-15 00:41:00,4.718,4.718,4.718,4.718,0
2019-11-15 00:40:00,4.714,4.718,4.714,4.718,464.94605
2019-11-15 00:39:00,4.718,4.719,4.713,4.713,2638.05145
2019-11-15 00:38:00,4.711,4.719,4.711,4.719,2602.55727
2019-11-15 00:37:00,4.71,4.711,4.709,4.711,1553.87277
2019-11-15 00:36:00,4.71,4.71,4.71,4.71,26.91471
2019-11-15 00:35:00,4.718,4.718,4.704,4.711,7429.83065
2019-11-15 00:34:00,4.717,4.718,4.717,4.717,1269.71667
2019-11-15 00:33:00,4.72,4.72,4.72,4.72,0
2019-11-15 00:32:00,4.722,4.722,4.72,4.72,57.57856
2019-11-15 00:31:00,4.722,4.722,4.722,4.722,165.92645
2019-11-15 00:30:00,4.723,4.723,4.722,4.722,205.88559
2019-11-15 00:29:00,4.721,4.721,4.721,4.721,0.08921
2019-11-15 00:28:00,4.723,4.724,4.721,4.721,1919.11448
2019-11-15 00:27:00,4.722,4.723,4.722,4.723,330.49456
2019-11-15 00:26:00,4.725,4.725,4.722,4.722,84.1724
2019-11-15 00:25:00,4.725,4.725,4.725,4.725,1876.75372
2019-11-15 00:24:00,4.723,4.726,4.723,4.726,3064.38115
2019-11-15 00:23:00,4.723,4.723,4.722,4.722,753.10845
2019-11-15 00:22:00,4.719,4.723,4.719,4.723,2029.14263
2019-11-15 00:21:00,4.717,4.718,4.717,4.718,6.92815
2019-11-15 00:20:00,4.72,4.72,4.72,4.72,2.75205
2019-11-15 00:19:00,4.721,4.721,4.721,4.721,4
2019-11-15 00:18:00,4.721,4.723,4.721,4.722,28.39577
2019-11-15 00:17:00,4.719,4.723,4.719,4.722,1699.22461
2019-11-15 00:16:00,4.718,4.719,4.717,4.719,1868.74418
2019-11-15 00:15:00,4.723,4.724,4.72,4.72,983.0873
2019-11-15 00:14:00,4.719,4.722,4.719,4.722,676.30859
2019-11-15 00:13:00,4.724,4.724,4.717,4.719,1816.05755
2019-11-15 00:12:00,4.721,4.723,4.72,4.723,2248.09389
2019-11-15 00:11:00,4.713,4.72,4.713,4.72,554.17993
2019-11-15 00:10:00,4.709,4.713,4.709,4.713,2525.74836
2019-11-15 00:09:00,4.708,4.709,4.708,4.708,684.67336
2019-11-15 00:08:00,4.708,4.708,4.707,4.708,1375.02819
2019-11-15 00:07:00,4.709,4.709,4.708,4.708,183.75186
2019-11-15 00:06:00,4.709,4.709,4.709,4.709,0.09389
2019-11-15 00:05:00,4.713,4.713,4.71,4.71,297.32507
2019-11-15 00:04:00,4.708,4.717,4.708,4.715,3445.60386
2019-11-15 00:03:00,4.712,4.713,4.707,4.707,1348.08073
2019-11-15 00:02:00,4.723,4.723,4.711,4.712,1486.12559
2019-11-15 00:01:00,4.725,4.725,4.722,4.724,1021.60164
2019-11-15 00:00:00,4.725,4.727,4.725,4.727,233.49909
