2019-12-03 23:59:00,3.847,3.851,3.847,3.849,2773.34712
2019-12-03 23:58:00,3.85,3.85,3.848,3.848,1443.553
2019-12-03 23:57:00,3.85,3.85,3.85,3.85,0
2019-12-03 23:56:00,3.85,3.85,3.85,3.85,310.81985
2019-12-03 23:55:00,3.853,3.853,3.85,3.85,1386.02236
2019-12-03 23:54:00,3.856,3.856,3.854,3.854,219.21012
2019-12-03 23:53:00,3.854,3.854,3.854,3.854,15.14584
2019-12-03 23:52:00,3.854,3.854,3.851,3.853,1330.77215
2019-12-03 23:51:00,3.855,3.855,3.848,3.854,1906.39264
2019-12-03 23:50:00,3.857,3.857,3.855,3.855,2062.24048
2019-12-03 23:49:00,3.857,3.858,3.855,3.857,1809.68512
2019-12-03 23:48:00,3.856,3.859,3.856,3.857,445.50685
2019-12-03 23:47:00,3.862,3.864,3.857,3.857,2847.80124
2019-12-03 23:46:00,3.863,3.863,3.863,3.863,189.70727
2019-12-03 23:45:00,3.866,3.866,3.864,3.864,3540.86875
2019-12-03 23:44:00,3.868,3.868,3.866,3.866,956.7253
2019-12-03 23:43:00,3.865,3.868,3.864,3.868,1825.04095
2019-12-03 23:42:00,3.871,3.871,3.864,3.866,9751.19288
2019-12-03 23:41:00,3.874,3.875,3.873,3.873,1542.58134
2019-12-03 23:40:00,3.875,3.877,3.874,3.875,1681.43721
2019-12-03 23:39:00,3.877,3.877,3.874,3.874,458.69024
2019-12-03 23:38:00,3.875,3.876,3.873,3.876,170.42939
2019-12-03 23:37:00,3.876,3.876,3.875,3.875,638.11467
2019-12-03 23:36:00,3.876,3.882,3.876,3.877,2868.28754
2019-12-03 23:35:00,3.874,3.876,3.874,3.875,2093.70728
2019-12-03 23:34:00,3.878,3.878,3.875,3.875,2450.76026
2019-12-03 23:33:00,3.877,3.879,3.877,3.879,528.99462
2019-12-03 23:32:00,3.874,3.877,3.874,3.877,1074.54212
2019-12-03 23:31:00,3.872,3.874,3.872,3.874,159.40412
2019-12-03 23:30:00,3.87,3.872,3.87,3.872,350.44853
2019-12-03 23:29:00,3.872,3.872,3.87,3.87,427.82065
2019-12-03 23:28:00,3.871,3.873,3.871,3.872,957.28126
2019-12-03 23:27:00,3.869,3.871,3.869,3.871,1586.60032
2019-12-03 23:26:00,3.867,3.869,3.867,3.869,368.32884
2019-12-03 23:25:00,3.867,3.867,3.866,3.867,867.27686
2019-12-03 23:24:00,3.865,3.867,3.865,3.867,2032.06405
2019-12-03 23:23:00,3.866,3.866,3.865,3.865,567.91399
2019-12-03 23:22:00,3.866,3.866,3.865,3.866,1024.75712
2019-12-03 23:21:00,3.867,3.867,3.865,3.865,1533.91747
2019-12-03 23:20:00,3.867,3.867,3.866,3.867,1413.24347
2019-12-03 23:19:00,3.867,3.867,3.866,3.867,2131.39128
2019-12-03 23:18:00,3.868,3.868,3.866,3.867,340.98723
2019-12-03 23:17:00,3.868,3.868,3.868,3.868,117.00538
2019-12-03 23:16:00,3.87,3.87,3.869,3.869,1411.11513
2019-12-03 23:15:00,3.872,3.872,3.872,3.872,0
2019-12-03 23:14:00,3.871,3.874,3.871,3.872,3568.95727
2019-12-03 23:13:00,3.873,3.873,3.87,3.871,1468.64311
2019-12-03 23:12:00,3.873,3.874,3.872,3.873,1668.4243
2019-12-03 23:11:00,3.869,3.874,3.869,3.874,72.92554
2019-12-03 23:10:00,3.87,3.87,3.869,3.869,1100.89886
2019-12-03 23:09:00,3.867,3.871,3.867,3.871,1178.81723
2019-12-03 23:08:00,3.866,3.868,3.866,3.866,1929.36463
2019-12-03 23:07:00,3.864,3.868,3.864,3.866,1109.04277
2019-12-03 23:06:00,3.865,3.865,3.862,3.864,2040.17168
2019-12-03 23:05:00,3.868,3.868,3.865,3.865,495.63585
2019-12-03 23:04:00,3.872,3.872,3.871,3.871,692.11861
2019-12-03 23:03:00,3.877,3.877,3.873,3.873,900.86821
2019-12-03 23:02:00,3.879,3.879,3.876,3.878,3481.8194
2019-12-03 23:01:00,3.88,3.88,3.879,3.879,2198.37602
2019-12-03 23:00:00,3.877,3.878,3.877,3.877,4680.94714
2019-12-03 22:59:00,3.878,3.878,3.877,3.877,624.02825
2019-12-03 22:58:00,3.881,3.882,3.879,3.879,2860.78978
2019-12-03 22:57:00,3.876,3.88,3.876,3.88,778.60747
2019-12-03 22:56:00,3.875,3.875,3.875,3.875,490.33622
2019-12-03 22:55:00,3.876,3.876,3.876,3.876,85.60928
2019-12-03 22:54:00,3.875,3.876,3.874,3.875,1660.1488
2019-12-03 22:53:00,3.876,3.876,3.876,3.876,141.22004
2019-12-03 22:52:00,3.875,3.878,3.875,3.878,1042.07714
2019-12-03 22:51:00,3.877,3.877,3.876,3.876,2163.53731
2019-12-03 22:50:00,3.882,3.885,3.877,3.88,3260.44415
2019-12-03 22:49:00,3.879,3.882,3.879,3.882,1875.86932
2019-12-03 22:48:00,3.875,3.88,3.875,3.879,4154.01268
2019-12-03 22:47:00,3.877,3.878,3.876,3.876,1154.39593
2019-12-03 22:46:00,3.876,3.878,3.876,3.878,333.35471
2019-12-03 22:45:00,3.878,3.878,3.876,3.876,1659.74548
2019-12-03 22:44:00,3.88,3.88,3.878,3.878,689.91068
2019-12-03 22:43:00,3.873,3.88,3.873,3.88,2190.75502
2019-12-03 22:42:00,3.874,3.874,3.869,3.873,2345.10189
2019-12-03 22:41:00,3.878,3.878,3.875,3.875,1476.35164
2019-12-03 22:40:00,3.877,3.88,3.877,3.879,573.01883
2019-12-03 22:39:00,3.874,3.876,3.874,3.876,461.84791
2019-12-03 22:38:00,3.873,3.877,3.872,3.874,3691.99471
2019-12-03 22:37:00,3.879,3.879,3.875,3.875,1125.90348
2019-12-03 22:36:00,3.876,3.88,3.876,3.88,3386.5221
2019-12-03 22:35:00,3.87,3.875,3.869,3.875,4599.24057
2019-12-03 22:34:00,3.865,3.871,3.865,3.871,1988.49865
2019-12-03 22:33:00,3.865,3.866,3.864,3.864,2452.66311
2019-12-03 22:32:00,3.858,3.865,3.858,3.865,3713.23988
2019-12-03 22:31:00,3.858,3.858,3.858,3.858,216.6437
2019-12-03 22:30:00,3.858,3.858,3.858,3.858,2886.90601
2019-12-03 22:29:00,3.859,3.86,3.858,3.858,335.1177
2019-12-03 22:28:00,3.858,3.859,3.858,3.859,3.06023
2019-12-03 22:27:00,3.858,3.858,3.858,3.858,2.77391
2019-12-03 22:26:00,3.857,3.858,3.857,3.858,317.30765
2019-12-03 22:25:00,3.854,3.857,3.854,3.857,1376.91718
2019-12-03 22:24:00,3.855,3.857,3.855,3.855,382.79152
2019-12-03 22:23:00,3.855,3.856,3.855,3.856,320.23498
2019-12-03 22:22:00,3.852,3.855,3.852,3.855,922.37768
2019-12-03 22:21:00,3.858,3.858,3.852,3.852,380.1467
2019-12-03 22:20:00,3.859,3.859,3.859,3.859,1064.93398
2019-12-03 22:19:00,3.861,3.861,3.86,3.861,246.76115
2019-12-03 22:18:00,3.859,3.861,3.859,3.861,398.08196
2019-12-03 22:17:00,3.861,3.861,3.859,3.859,281.52184
2019-12-03 22:16:00,3.856,3.862,3.856,3.86,2991.07513
2019-12-03 22:15:00,3.861,3.862,3.854,3.855,5179.68665
2019-12-03 22:14:00,3.852,3.861,3.852,3.86,1776.54106
2019-12-03 22:13:00,3.851,3.853,3.851,3.853,339.293
2019-12-03 22:12:00,3.843,3.851,3.843,3.851,4697.97065
2019-12-03 22:11:00,3.844,3.844,3.843,3.844,0.59503
2019-12-03 22:10:00,3.843,3.844,3.843,3.844,39.18635
2019-12-03 22:09:00,3.844,3.844,3.843,3.843,1.97343
2019-12-03 22:08:00,3.844,3.844,3.844,3.844,1.31532
2019-12-03 22:07:00,3.844,3.844,3.844,3.844,673.40852
2019-12-03 22:06:00,3.843,3.845,3.843,3.844,938.04593
2019-12-03 22:05:00,3.843,3.843,3.843,3.843,213.55129
2019-12-03 22:04:00,3.843,3.846,3.843,3.844,3652.47434
2019-12-03 22:03:00,3.845,3.845,3.843,3.843,754.18154
2019-12-03 22:02:00,3.844,3.847,3.844,3.845,750.86167
2019-12-03 22:01:00,3.845,3.845,3.844,3.844,0.12867
2019-12-03 22:00:00,3.847,3.847,3.846,3.846,598.09801
2019-12-03 21:59:00,3.847,3.847,3.847,3.847,94.08065
2019-12-03 21:58:00,3.847,3.847,3.847,3.847,566.14668
2019-12-03 21:57:00,3.848,3.848,3.848,3.848,605.1611
2019-12-03 21:56:00,3.846,3.849,3.846,3.849,59.92696
2019-12-03 21:55:00,3.837,3.842,3.837,3.842,1260.83963
2019-12-03 21:54:00,3.837,3.837,3.837,3.837,153.18088
2019-12-03 21:53:00,3.835,3.838,3.835,3.838,1846.83874
2019-12-03 21:52:00,3.834,3.835,3.834,3.835,1753.37552
2019-12-03 21:51:00,3.834,3.834,3.834,3.834,857.98396
2019-12-03 21:50:00,3.835,3.835,3.835,3.835,0
2019-12-03 21:49:00,3.835,3.835,3.835,3.835,0
2019-12-03 21:48:00,3.835,3.835,3.835,3.835,0
2019-12-03 21:47:00,3.835,3.835,3.835,3.835,9.76268
2019-12-03 21:46:00,3.833,3.834,3.833,3.834,39.1138
2019-12-03 21:45:00,3.834,3.834,3.834,3.834,303.8484
2019-12-03 21:44:00,3.833,3.836,3.832,3.834,676.94396
2019-12-03 21:43:00,3.828,3.835,3.828,3.832,3994.52339
2019-12-03 21:42:00,3.828,3.828,3.828,3.828,11.70593
2019-12-03 21:41:00,3.828,3.828,3.828,3.828,276.5333
2019-12-03 21:40:00,3.829,3.829,3.828,3.828,199.51923
2019-12-03 21:39:00,3.831,3.831,3.829,3.829,218.45708
2019-12-03 21:38:00,3.834,3.834,3.831,3.831,970.26509
2019-12-03 21:37:00,3.835,3.835,3.835,3.835,15.91332
2019-12-03 21:36:00,3.839,3.839,3.836,3.836,755.65763
2019-12-03 21:35:00,3.839,3.839,3.839,3.839,822.02966
2019-12-03 21:34:00,3.839,3.839,3.838,3.839,1534.52717
2019-12-03 21:33:00,3.841,3.841,3.839,3.839,2173.88903
2019-12-03 21:32:00,3.842,3.842,3.841,3.841,1034.49195
2019-12-03 21:31:00,3.845,3.845,3.845,3.845,14.53215
2019-12-03 21:30:00,3.85,3.85,3.845,3.845,2863.24522
2019-12-03 21:29:00,3.849,3.85,3.849,3.85,697.84246
2019-12-03 21:28:00,3.849,3.849,3.849,3.849,57.63937
2019-12-03 21:27:00,3.848,3.849,3.848,3.849,61.64756
2019-12-03 21:26:00,3.85,3.851,3.849,3.849,275.09633
2019-12-03 21:25:00,3.842,3.85,3.842,3.85,2806.28663
2019-12-03 21:24:00,3.841,3.843,3.841,3.843,663.79988
2019-12-03 21:23:00,3.841,3.841,3.84,3.84,681.16703
2019-12-03 21:22:00,3.842,3.842,3.839,3.841,282.312
2019-12-03 21:21:00,3.842,3.842,3.842,3.842,0
2019-12-03 21:20:00,3.844,3.844,3.842,3.842,879.29713
2019-12-03 21:19:00,3.844,3.845,3.844,3.845,1751.68387
2019-12-03 21:18:00,3.844,3.844,3.844,3.844,59.70878
2019-12-03 21:17:00,3.844,3.844,3.844,3.844,0.77501
2019-12-03 21:16:00,3.844,3.846,3.843,3.844,1172.22116
2019-12-03 21:15:00,3.84,3.846,3.84,3.845,6912.31009
2019-12-03 21:14:00,3.838,3.84,3.838,3.84,1116.65779
2019-12-03 21:13:00,3.838,3.838,3.838,3.838,130.65094
2019-12-03 21:12:00,3.836,3.838,3.836,3.838,618.37055
2019-12-03 21:11:00,3.835,3.837,3.835,3.836,1372.1782
2019-12-03 21:10:00,3.835,3.836,3.834,3.836,2576.60136
2019-12-03 21:09:00,3.832,3.836,3.83,3.836,2733.86473
2019-12-03 21:08:00,3.831,3.832,3.831,3.832,103.2541
2019-12-03 21:07:00,3.83,3.831,3.828,3.83,4175.79639
2019-12-03 21:06:00,3.825,3.831,3.825,3.831,1923.57158
2019-12-03 21:05:00,3.825,3.825,3.825,3.825,1545.31132
2019-12-03 21:04:00,3.826,3.826,3.826,3.826,746.43578
2019-12-03 21:03:00,3.827,3.827,3.827,3.827,60.12823
2019-12-03 21:02:00,3.827,3.827,3.827,3.827,51.03906
2019-12-03 21:01:00,3.827,3.827,3.827,3.827,108.59094
2019-12-03 21:00:00,3.83,3.83,3.828,3.828,178.45745
2019-12-03 20:59:00,3.831,3.831,3.831,3.831,0
2019-12-03 20:58:00,3.831,3.831,3.831,3.831,0
2019-12-03 20:57:00,3.83,3.831,3.83,3.831,460.06568
2019-12-03 20:56:00,3.837,3.837,3.831,3.831,2204.1899
2019-12-03 20:55:00,3.835,3.837,3.835,3.837,4790.71906
2019-12-03 20:54:00,3.835,3.835,3.835,3.835,0
2019-12-03 20:53:00,3.836,3.836,3.835,3.835,0.6144
2019-12-03 20:52:00,3.838,3.838,3.837,3.837,1512.66521
2019-12-03 20:51:00,3.841,3.841,3.84,3.84,185.97701
2019-12-03 20:50:00,3.841,3.841,3.841,3.841,143.38963
2019-12-03 20:49:00,3.84,3.841,3.838,3.84,3037.29272
2019-12-03 20:48:00,3.844,3.844,3.838,3.84,3680.04665
2019-12-03 20:47:00,3.848,3.848,3.845,3.845,853.16051
2019-12-03 20:46:00,3.848,3.848,3.847,3.847,149.98569
2019-12-03 20:45:00,3.846,3.849,3.845,3.848,1054.79734
2019-12-03 20:44:00,3.849,3.849,3.845,3.845,885.24568
2019-12-03 20:43:00,3.849,3.849,3.849,3.849,10.54997
2019-12-03 20:42:00,3.849,3.849,3.849,3.849,0.78173
2019-12-03 20:41:00,3.848,3.849,3.848,3.848,1239.76732
2019-12-03 20:40:00,3.845,3.849,3.845,3.849,495.63682
2019-12-03 20:39:00,3.843,3.845,3.843,3.845,1584.32516
2019-12-03 20:38:00,3.842,3.844,3.842,3.843,313.63357
2019-12-03 20:37:00,3.842,3.842,3.841,3.842,61.71491
2019-12-03 20:36:00,3.841,3.842,3.841,3.842,1017.80011
2019-12-03 20:35:00,3.841,3.841,3.841,3.841,0.76588
2019-12-03 20:34:00,3.841,3.841,3.841,3.841,0.94168
2019-12-03 20:33:00,3.839,3.841,3.839,3.841,1284.39896
2019-12-03 20:32:00,3.839,3.84,3.839,3.84,551.84386
2019-12-03 20:31:00,3.837,3.839,3.837,3.839,329.36345
2019-12-03 20:30:00,3.836,3.836,3.836,3.836,512.40635
2019-12-03 20:29:00,3.837,3.837,3.836,3.836,0.09737
2019-12-03 20:28:00,3.839,3.839,3.838,3.838,1562.02544
2019-12-03 20:27:00,3.838,3.839,3.838,3.839,1371.03396
2019-12-03 20:26:00,3.837,3.838,3.835,3.837,1207.54832
2019-12-03 20:25:00,3.833,3.838,3.833,3.837,2401.69281
2019-12-03 20:24:00,3.833,3.833,3.833,3.833,2166.24466
2019-12-03 20:23:00,3.827,3.833,3.827,3.833,3281.17571
2019-12-03 20:22:00,3.826,3.827,3.826,3.827,258.486
2019-12-03 20:21:00,3.826,3.826,3.826,3.826,52.70862
2019-12-03 20:20:00,3.826,3.827,3.826,3.826,251.61719
2019-12-03 20:19:00,3.825,3.827,3.823,3.827,1781.39074
2019-12-03 20:18:00,3.827,3.827,3.823,3.825,6903.18175
2019-12-03 20:17:00,3.83,3.83,3.825,3.827,1060.77088
2019-12-03 20:16:00,3.832,3.832,3.831,3.831,757.80146
2019-12-03 20:15:00,3.833,3.833,3.833,3.833,348.09495
2019-12-03 20:14:00,3.834,3.834,3.832,3.833,2017.37543
2019-12-03 20:13:00,3.834,3.835,3.834,3.834,155.0864
2019-12-03 20:12:00,3.835,3.835,3.834,3.834,1052.92947
2019-12-03 20:11:00,3.835,3.836,3.833,3.834,511.1796
2019-12-03 20:10:00,3.836,3.836,3.835,3.835,576.16791
2019-12-03 20:09:00,3.837,3.837,3.837,3.837,1.94477
2019-12-03 20:08:00,3.839,3.839,3.839,3.839,237.52492
2019-12-03 20:07:00,3.845,3.846,3.838,3.839,3299.17345
2019-12-03 20:06:00,3.845,3.846,3.845,3.845,2231.64934
2019-12-03 20:05:00,3.844,3.846,3.844,3.845,3927.69971
2019-12-03 20:04:00,3.843,3.845,3.843,3.845,623.59406
2019-12-03 20:03:00,3.841,3.843,3.841,3.843,1856.94462
2019-12-03 20:02:00,3.84,3.84,3.84,3.84,0
2019-12-03 20:01:00,3.84,3.84,3.84,3.84,322.85015
2019-12-03 20:00:00,3.837,3.84,3.837,3.84,1193.81043
2019-12-03 19:59:00,3.836,3.838,3.836,3.836,653.68166
2019-12-03 19:58:00,3.836,3.836,3.835,3.836,1390.67658
2019-12-03 19:57:00,3.833,3.836,3.833,3.836,1669.20263
2019-12-03 19:56:00,3.833,3.833,3.833,3.833,0
2019-12-03 19:55:00,3.833,3.833,3.833,3.833,501.7138
2019-12-03 19:54:00,3.834,3.834,3.834,3.834,198.7376
2019-12-03 19:53:00,3.836,3.836,3.834,3.834,2140.99661
2019-12-03 19:52:00,3.838,3.838,3.836,3.836,120.95206
2019-12-03 19:51:00,3.841,3.841,3.841,3.841,0.0321
2019-12-03 19:50:00,3.844,3.844,3.842,3.842,749.38778
2019-12-03 19:49:00,3.844,3.844,3.844,3.844,140.91825
2019-12-03 19:48:00,3.846,3.846,3.846,3.846,0
2019-12-03 19:47:00,3.847,3.847,3.846,3.846,591.18394
2019-12-03 19:46:00,3.85,3.85,3.847,3.847,1794.65715
2019-12-03 19:45:00,3.851,3.851,3.851,3.851,0.33098
2019-12-03 19:44:00,3.852,3.852,3.851,3.851,38.27409
2019-12-03 19:43:00,3.852,3.853,3.852,3.852,36.26114
2019-12-03 19:42:00,3.852,3.853,3.852,3.853,428.19524
2019-12-03 19:41:00,3.852,3.852,3.851,3.852,469.9729
2019-12-03 19:40:00,3.852,3.852,3.851,3.852,203.41321
2019-12-03 19:39:00,3.851,3.853,3.851,3.852,2330.28524
2019-12-03 19:38:00,3.852,3.853,3.851,3.851,186.80581
2019-12-03 19:37:00,3.853,3.853,3.853,3.853,26.00199
2019-12-03 19:36:00,3.855,3.855,3.854,3.854,1197.76546
2019-12-03 19:35:00,3.852,3.855,3.852,3.855,1413.3806
2019-12-03 19:34:00,3.853,3.853,3.852,3.852,654.07301
2019-12-03 19:33:00,3.853,3.854,3.853,3.853,483.57585
2019-12-03 19:32:00,3.853,3.854,3.853,3.854,2.92268
2019-12-03 19:31:00,3.853,3.853,3.853,3.853,46.52842
2019-12-03 19:30:00,3.855,3.855,3.853,3.853,1866.4614
2019-12-03 19:29:00,3.856,3.856,3.855,3.855,100.48748
2019-12-03 19:28:00,3.856,3.856,3.856,3.856,0.59674
2019-12-03 19:27:00,3.86,3.86,3.857,3.857,673.62495
2019-12-03 19:26:00,3.859,3.86,3.858,3.859,680.41451
2019-12-03 19:25:00,3.861,3.861,3.859,3.859,325.43968
2019-12-03 19:24:00,3.861,3.861,3.861,3.861,0
2019-12-03 19:23:00,3.861,3.862,3.861,3.861,706.78352
2019-12-03 19:22:00,3.861,3.861,3.861,3.861,238.56083
2019-12-03 19:21:00,3.861,3.861,3.86,3.861,922.8403
2019-12-03 19:20:00,3.862,3.862,3.861,3.861,35.32343
2019-12-03 19:19:00,3.859,3.863,3.859,3.863,676.84616
2019-12-03 19:18:00,3.859,3.86,3.859,3.859,610.16377
2019-12-03 19:17:00,3.859,3.86,3.859,3.859,221.83072
2019-12-03 19:16:00,3.861,3.861,3.86,3.86,333.75938
2019-12-03 19:15:00,3.864,3.864,3.861,3.862,1249.76399
2019-12-03 19:14:00,3.866,3.866,3.863,3.864,4358.56754
2019-12-03 19:13:00,3.865,3.867,3.865,3.866,7545.90285
2019-12-03 19:12:00,3.864,3.865,3.864,3.865,712.58079
2019-12-03 19:11:00,3.862,3.865,3.862,3.864,7414.06605
2019-12-03 19:10:00,3.861,3.864,3.861,3.862,1020.84263
2019-12-03 19:09:00,3.861,3.861,3.861,3.861,403.3332
2019-12-03 19:08:00,3.863,3.863,3.861,3.861,625.22714
2019-12-03 19:07:00,3.859,3.864,3.859,3.863,7428.07872
2019-12-03 19:06:00,3.857,3.858,3.857,3.858,415.01862
2019-12-03 19:05:00,3.855,3.856,3.854,3.856,541.16099
2019-12-03 19:04:00,3.855,3.855,3.854,3.854,8.15261
2019-12-03 19:03:00,3.853,3.855,3.853,3.854,624.76668
2019-12-03 19:02:00,3.857,3.857,3.852,3.853,971.66273
2019-12-03 19:01:00,3.858,3.858,3.857,3.858,2247.8127
2019-12-03 19:00:00,3.857,3.858,3.856,3.858,13843.04537
2019-12-03 18:59:00,3.858,3.858,3.854,3.858,854.05319
2019-12-03 18:58:00,3.856,3.858,3.856,3.858,2416.13966
2019-12-03 18:57:00,3.856,3.857,3.856,3.856,2533.62619
2019-12-03 18:56:00,3.857,3.857,3.856,3.856,568.20846
2019-12-03 18:55:00,3.857,3.86,3.856,3.856,15199.525
2019-12-03 18:54:00,3.853,3.857,3.853,3.857,4341.20797
2019-12-03 18:53:00,3.854,3.855,3.852,3.852,515.06177
2019-12-03 18:52:00,3.853,3.855,3.853,3.855,4941.07662
2019-12-03 18:51:00,3.849,3.853,3.849,3.853,1088.62954
2019-12-03 18:50:00,3.849,3.849,3.848,3.849,1096.1786
2019-12-03 18:49:00,3.847,3.849,3.847,3.849,2961.00889
2019-12-03 18:48:00,3.844,3.846,3.844,3.846,591.91979
2019-12-03 18:47:00,3.844,3.844,3.843,3.843,879.48985
2019-12-03 18:46:00,3.844,3.844,3.844,3.844,0
2019-12-03 18:45:00,3.844,3.844,3.844,3.844,3729.21955
2019-12-03 18:44:00,3.842,3.844,3.841,3.843,1721.07784
2019-12-03 18:43:00,3.842,3.842,3.842,3.842,28.96478
2019-12-03 18:42:00,3.846,3.846,3.842,3.842,1907.61442
2019-12-03 18:41:00,3.844,3.846,3.844,3.846,1040.48419
2019-12-03 18:40:00,3.842,3.845,3.842,3.844,1681.16765
2019-12-03 18:39:00,3.836,3.842,3.836,3.842,2320.43241
2019-12-03 18:38:00,3.836,3.837,3.835,3.836,636.17611
2019-12-03 18:37:00,3.834,3.836,3.834,3.836,2814.58689
2019-12-03 18:36:00,3.834,3.834,3.834,3.834,1509.42904
2019-12-03 18:35:00,3.832,3.832,3.832,3.832,13.42319
2019-12-03 18:34:00,3.831,3.831,3.831,3.831,0
2019-12-03 18:33:00,3.832,3.832,3.828,3.831,668.63985
2019-12-03 18:32:00,3.833,3.833,3.832,3.832,495.79108
2019-12-03 18:31:00,3.833,3.834,3.833,3.833,1938.80521
2019-12-03 18:30:00,3.834,3.835,3.832,3.835,1883.8033
2019-12-03 18:29:00,3.837,3.837,3.835,3.835,2088.97308
2019-12-03 18:28:00,3.834,3.835,3.833,3.835,3235.12297
2019-12-03 18:27:00,3.835,3.837,3.832,3.833,3582.78936
2019-12-03 18:26:00,3.833,3.835,3.833,3.834,1524.58586
2019-12-03 18:25:00,3.836,3.836,3.833,3.833,681.89143
2019-12-03 18:24:00,3.837,3.837,3.836,3.836,1147.6821
2019-12-03 18:23:00,3.836,3.837,3.835,3.837,934.2565
2019-12-03 18:22:00,3.833,3.835,3.831,3.835,557.03698
2019-12-03 18:21:00,3.829,3.832,3.828,3.832,3175.51403
2019-12-03 18:20:00,3.825,3.828,3.825,3.828,1760.37398
2019-12-03 18:19:00,3.827,3.827,3.825,3.825,2529.19687
2019-12-03 18:18:00,3.826,3.827,3.826,3.827,5.5745
2019-12-03 18:17:00,3.823,3.825,3.823,3.825,378.0141
2019-12-03 18:16:00,3.826,3.826,3.824,3.824,578.82798
2019-12-03 18:15:00,3.828,3.828,3.825,3.825,1854.58451
2019-12-03 18:14:00,3.831,3.831,3.829,3.829,986.96968
2019-12-03 18:13:00,3.83,3.831,3.827,3.831,6629.0425
2019-12-03 18:12:00,3.833,3.833,3.83,3.83,1359.51337
2019-12-03 18:11:00,3.833,3.834,3.833,3.834,2860.30151
2019-12-03 18:10:00,3.83,3.833,3.83,3.833,309.69018
2019-12-03 18:09:00,3.833,3.835,3.829,3.83,2346.01093
2019-12-03 18:08:00,3.833,3.834,3.833,3.834,1983.66555
2019-12-03 18:07:00,3.829,3.835,3.827,3.832,5338.06805
2019-12-03 18:06:00,3.827,3.832,3.824,3.829,9044.16382
2019-12-03 18:05:00,3.829,3.829,3.826,3.828,1014.1976
2019-12-03 18:04:00,3.832,3.832,3.827,3.83,3878.31777
2019-12-03 18:03:00,3.835,3.837,3.831,3.831,3879.20894
2019-12-03 18:02:00,3.831,3.841,3.829,3.837,10425.11181
2019-12-03 18:01:00,3.845,3.845,3.835,3.839,19945.11222
2019-12-03 18:00:00,3.85,3.85,3.841,3.847,27699.6376
2019-12-03 17:59:00,3.843,3.852,3.843,3.849,11542.46296
2019-12-03 17:58:00,3.848,3.848,3.841,3.841,3030.38156
2019-12-03 17:57:00,3.845,3.847,3.841,3.847,4223.79857
2019-12-03 17:56:00,3.845,3.845,3.845,3.845,196.56992
2019-12-03 17:55:00,3.847,3.848,3.845,3.845,1046.94389
2019-12-03 17:54:00,3.845,3.847,3.845,3.847,2233.99797
2019-12-03 17:53:00,3.848,3.848,3.845,3.845,1444.24844
2019-12-03 17:52:00,3.849,3.849,3.847,3.848,1514.11906
2019-12-03 17:51:00,3.848,3.85,3.847,3.849,4245.07112
2019-12-03 17:50:00,3.854,3.854,3.847,3.847,4259.75455
2019-12-03 17:49:00,3.856,3.856,3.852,3.854,4539.40969
2019-12-03 17:48:00,3.857,3.859,3.857,3.858,2813.59797
2019-12-03 17:47:00,3.856,3.856,3.856,3.856,98.70507
2019-12-03 17:46:00,3.857,3.858,3.854,3.854,1446.79261
2019-12-03 17:45:00,3.856,3.856,3.856,3.856,201.03825
2019-12-03 17:44:00,3.856,3.856,3.855,3.855,2566.9427
2019-12-03 17:43:00,3.85,3.857,3.85,3.856,3120.92769
2019-12-03 17:42:00,3.853,3.853,3.85,3.85,1420.95221
2019-12-03 17:41:00,3.854,3.854,3.853,3.853,127.32125
2019-12-03 17:40:00,3.854,3.854,3.854,3.854,179.2066
2019-12-03 17:39:00,3.851,3.854,3.851,3.853,1420.25947
2019-12-03 17:38:00,3.857,3.857,3.851,3.851,2019.98786
2019-12-03 17:37:00,3.857,3.858,3.857,3.857,2882.80479
2019-12-03 17:36:00,3.859,3.861,3.858,3.858,1117.30222
2019-12-03 17:35:00,3.862,3.862,3.856,3.859,5843.82499
2019-12-03 17:34:00,3.869,3.871,3.861,3.862,3194.78107
2019-12-03 17:33:00,3.871,3.872,3.87,3.87,838.74561
2019-12-03 17:32:00,3.877,3.877,3.869,3.871,6420.84768
2019-12-03 17:31:00,3.877,3.877,3.877,3.877,0
2019-12-03 17:30:00,3.878,3.878,3.877,3.877,401.23872
2019-12-03 17:29:00,3.879,3.879,3.878,3.879,2202.62749
2019-12-03 17:28:00,3.879,3.879,3.878,3.879,3567.14685
2019-12-03 17:27:00,3.878,3.88,3.878,3.878,2557.7059
2019-12-03 17:26:00,3.878,3.878,3.878,3.878,636.8602
2019-12-03 17:25:00,3.878,3.878,3.878,3.878,8.85075
2019-12-03 17:24:00,3.874,3.878,3.874,3.877,1322.238
2019-12-03 17:23:00,3.874,3.874,3.874,3.874,0.08794
2019-12-03 17:22:00,3.876,3.876,3.875,3.875,3211.9607
2019-12-03 17:21:00,3.876,3.876,3.876,3.876,0.02004
2019-12-03 17:20:00,3.877,3.878,3.874,3.874,499.48439
2019-12-03 17:19:00,3.877,3.877,3.877,3.877,0.06857
2019-12-03 17:18:00,3.879,3.88,3.877,3.877,1065.2745
2019-12-03 17:17:00,3.878,3.878,3.878,3.878,0
2019-12-03 17:16:00,3.878,3.878,3.878,3.878,0
2019-12-03 17:15:00,3.879,3.879,3.878,3.878,106.42338
2019-12-03 17:14:00,3.878,3.88,3.878,3.88,24.82258
2019-12-03 17:13:00,3.879,3.879,3.876,3.878,3437.55441
2019-12-03 17:12:00,3.879,3.879,3.879,3.879,12.05782
2019-12-03 17:11:00,3.877,3.879,3.877,3.879,965.87856
2019-12-03 17:10:00,3.877,3.877,3.877,3.877,1.10324
2019-12-03 17:09:00,3.878,3.878,3.877,3.878,581.78014
2019-12-03 17:08:00,3.878,3.879,3.878,3.879,1455.67064
2019-12-03 17:07:00,3.875,3.879,3.875,3.878,747.34819
2019-12-03 17:06:00,3.873,3.876,3.873,3.874,3599.59297
2019-12-03 17:05:00,3.873,3.873,3.873,3.873,0
2019-12-03 17:04:00,3.875,3.875,3.873,3.873,2129.95231
2019-12-03 17:03:00,3.874,3.874,3.874,3.874,0
2019-12-03 17:02:00,3.877,3.877,3.874,3.874,1739.56038
2019-12-03 17:01:00,3.877,3.877,3.877,3.877,383.48106
2019-12-03 17:00:00,3.876,3.877,3.876,3.877,151.66822
2019-12-03 16:59:00,3.874,3.874,3.874,3.874,0
2019-12-03 16:58:00,3.876,3.876,3.874,3.874,590.86437
2019-12-03 16:57:00,3.876,3.876,3.876,3.876,1109.74129
2019-12-03 16:56:00,3.879,3.879,3.874,3.876,3642.26755
2019-12-03 16:55:00,3.878,3.879,3.878,3.879,360.75199
2019-12-03 16:54:00,3.877,3.877,3.877,3.877,0
2019-12-03 16:53:00,3.878,3.878,3.877,3.877,1120.70112
2019-12-03 16:52:00,3.877,3.878,3.876,3.878,494.14977
2019-12-03 16:51:00,3.879,3.88,3.876,3.877,2598.57569
2019-12-03 16:50:00,3.879,3.879,3.879,3.879,242.0803
2019-12-03 16:49:00,3.879,3.879,3.879,3.879,0
2019-12-03 16:48:00,3.879,3.879,3.879,3.879,0
2019-12-03 16:47:00,3.879,3.879,3.879,3.879,0
2019-12-03 16:46:00,3.879,3.879,3.879,3.879,0
2019-12-03 16:45:00,3.879,3.879,3.879,3.879,239.211
2019-12-03 16:44:00,3.88,3.88,3.879,3.88,1.66678
2019-12-03 16:43:00,3.88,3.88,3.88,3.88,1.2672
2019-12-03 16:42:00,3.88,3.88,3.88,3.88,7.60657
2019-12-03 16:41:00,3.879,3.879,3.879,3.879,0
2019-12-03 16:40:00,3.879,3.879,3.879,3.879,0
2019-12-03 16:39:00,3.879,3.879,3.879,3.879,0
2019-12-03 16:38:00,3.879,3.879,3.879,3.879,30.36747
2019-12-03 16:37:00,3.876,3.881,3.876,3.879,1434.65322
2019-12-03 16:36:00,3.873,3.876,3.873,3.876,2064.67847
2019-12-03 16:35:00,3.873,3.873,3.873,3.873,0.59206
2019-12-03 16:34:00,3.872,3.873,3.872,3.873,1439.59956
2019-12-03 16:33:00,3.874,3.874,3.871,3.871,423.2101
2019-12-03 16:32:00,3.874,3.874,3.873,3.874,160.97949
2019-12-03 16:31:00,3.874,3.874,3.874,3.874,0.08432
2019-12-03 16:30:00,3.874,3.874,3.874,3.874,48.60305
2019-12-03 16:29:00,3.874,3.874,3.874,3.874,998.94777
2019-12-03 16:28:00,3.873,3.873,3.873,3.873,1478.41231
2019-12-03 16:27:00,3.876,3.876,3.873,3.873,519.05023
2019-12-03 16:26:00,3.877,3.877,3.876,3.876,1901.147
2019-12-03 16:25:00,3.877,3.877,3.877,3.877,3.32183
2019-12-03 16:24:00,3.877,3.877,3.877,3.877,0.02004
2019-12-03 16:23:00,3.877,3.877,3.877,3.877,0.02009
2019-12-03 16:22:00,3.876,3.877,3.876,3.877,1262.41162
2019-12-03 16:21:00,3.876,3.876,3.876,3.876,214.29671
2019-12-03 16:20:00,3.876,3.877,3.876,3.876,1174.34211
2019-12-03 16:19:00,3.876,3.876,3.876,3.876,57.90001
2019-12-03 16:18:00,3.874,3.874,3.874,3.874,0
2019-12-03 16:17:00,3.874,3.874,3.874,3.874,0
2019-12-03 16:16:00,3.874,3.874,3.874,3.874,0
2019-12-03 16:15:00,3.874,3.874,3.874,3.874,0
2019-12-03 16:14:00,3.874,3.874,3.874,3.874,131.6195
2019-12-03 16:13:00,3.874,3.874,3.874,3.874,2.0282
2019-12-03 16:12:00,3.876,3.876,3.873,3.874,2556.0626
2019-12-03 16:11:00,3.876,3.876,3.876,3.876,0.05831
2019-12-03 16:10:00,3.876,3.877,3.876,3.876,350.86625
2019-12-03 16:09:00,3.877,3.877,3.876,3.876,377.91943
2019-12-03 16:08:00,3.876,3.877,3.876,3.877,566.84697
2019-12-03 16:07:00,3.875,3.875,3.875,3.875,1508.70641
2019-12-03 16:06:00,3.875,3.878,3.875,3.875,462.52183
2019-12-03 16:05:00,3.875,3.875,3.874,3.875,36.16128
2019-12-03 16:04:00,3.873,3.875,3.871,3.875,3870.02972
2019-12-03 16:03:00,3.872,3.873,3.872,3.872,1654.52445
2019-12-03 16:02:00,3.871,3.871,3.87,3.87,41.66778
2019-12-03 16:01:00,3.872,3.872,3.872,3.872,0
2019-12-03 16:00:00,3.871,3.872,3.871,3.872,964.72953
2019-12-03 15:59:00,3.872,3.872,3.871,3.871,492.89648
2019-12-03 15:58:00,3.872,3.872,3.872,3.872,4.81557
2019-12-03 15:57:00,3.873,3.873,3.873,3.873,2.20828
2019-12-03 15:56:00,3.874,3.874,3.873,3.873,173.00878
2019-12-03 15:55:00,3.873,3.874,3.873,3.874,1884.95905
2019-12-03 15:54:00,3.872,3.873,3.872,3.873,872.26932
2019-12-03 15:53:00,3.872,3.872,3.872,3.872,0
2019-12-03 15:52:00,3.872,3.872,3.872,3.872,0
2019-12-03 15:51:00,3.872,3.872,3.872,3.872,0
2019-12-03 15:50:00,3.872,3.872,3.872,3.872,0
2019-12-03 15:49:00,3.873,3.873,3.872,3.872,629.18427
2019-12-03 15:48:00,3.873,3.873,3.873,3.873,0
2019-12-03 15:47:00,3.873,3.874,3.873,3.873,1634.86411
2019-12-03 15:46:00,3.874,3.874,3.874,3.874,2536.67124
2019-12-03 15:45:00,3.874,3.874,3.874,3.874,0
2019-12-03 15:44:00,3.874,3.874,3.873,3.874,2547.50404
2019-12-03 15:43:00,3.874,3.874,3.873,3.873,4928.64928
2019-12-03 15:42:00,3.874,3.875,3.873,3.873,2064.78903
2019-12-03 15:41:00,3.874,3.875,3.874,3.875,19335.8734
2019-12-03 15:40:00,3.874,3.874,3.873,3.874,4138.61479
2019-12-03 15:39:00,3.874,3.874,3.873,3.873,11118.44448
2019-12-03 15:38:00,3.875,3.875,3.873,3.873,9486.13169
2019-12-03 15:37:00,3.874,3.875,3.873,3.875,343.93403
2019-12-03 15:36:00,3.875,3.875,3.874,3.874,1000.04843
2019-12-03 15:35:00,3.875,3.875,3.875,3.875,2.28045
2019-12-03 15:34:00,3.877,3.877,3.875,3.875,1365.89334
2019-12-03 15:33:00,3.874,3.877,3.874,3.877,2513.50275
2019-12-03 15:32:00,3.874,3.875,3.873,3.874,12039.53498
2019-12-03 15:31:00,3.874,3.874,3.874,3.874,0.59735
2019-12-03 15:30:00,3.877,3.877,3.874,3.874,7119.6932
2019-12-03 15:29:00,3.874,3.877,3.874,3.877,1694.03754
2019-12-03 15:28:00,3.874,3.874,3.874,3.874,957.07265
2019-12-03 15:27:00,3.874,3.874,3.874,3.874,4386.94072
2019-12-03 15:26:00,3.876,3.877,3.875,3.875,9741.35129
2019-12-03 15:25:00,3.877,3.877,3.876,3.876,3075.67958
2019-12-03 15:24:00,3.877,3.877,3.877,3.877,31804.47357
2019-12-03 15:23:00,3.876,3.876,3.876,3.876,169.3152
2019-12-03 15:22:00,3.878,3.878,3.875,3.875,11942.36169
2019-12-03 15:21:00,3.875,3.877,3.875,3.877,4874.5185
2019-12-03 15:20:00,3.874,3.874,3.874,3.874,3356.93179
2019-12-03 15:19:00,3.875,3.875,3.875,3.875,100.45
2019-12-03 15:18:00,3.874,3.876,3.874,3.876,1055.85786
2019-12-03 15:17:00,3.871,3.873,3.871,3.873,466.26059
2019-12-03 15:16:00,3.872,3.872,3.872,3.872,0
2019-12-03 15:15:00,3.872,3.872,3.872,3.872,2332.71811
2019-12-03 15:14:00,3.872,3.872,3.87,3.871,541.7517
2019-12-03 15:13:00,3.871,3.872,3.87,3.872,725.01737
2019-12-03 15:12:00,3.872,3.873,3.87,3.871,2123.06314
2019-12-03 15:11:00,3.872,3.873,3.872,3.873,3045.61025
2019-12-03 15:10:00,3.874,3.875,3.872,3.872,1831.40109
2019-12-03 15:09:00,3.871,3.875,3.871,3.874,1267.62743
2019-12-03 15:08:00,3.87,3.872,3.87,3.871,1670.9108
2019-12-03 15:07:00,3.874,3.874,3.871,3.871,835.25889
2019-12-03 15:06:00,3.874,3.874,3.874,3.874,2843.0789
2019-12-03 15:05:00,3.876,3.876,3.873,3.873,1395.52857
2019-12-03 15:04:00,3.879,3.879,3.876,3.876,1317.75125
2019-12-03 15:03:00,3.88,3.881,3.879,3.879,1525.23364
2019-12-03 15:02:00,3.884,3.884,3.879,3.879,1200.51609
2019-12-03 15:01:00,3.884,3.885,3.884,3.884,396.06703
2019-12-03 15:00:00,3.886,3.886,3.885,3.885,1663.89515
2019-12-03 14:59:00,3.885,3.886,3.885,3.886,4816.56324
2019-12-03 14:58:00,3.885,3.885,3.885,3.885,0
2019-12-03 14:57:00,3.885,3.885,3.885,3.885,343.89511
2019-12-03 14:56:00,3.884,3.887,3.884,3.885,1485.1065
2019-12-03 14:55:00,3.883,3.883,3.883,3.883,2192.68022
2019-12-03 14:54:00,3.88,3.881,3.88,3.881,241.58304
2019-12-03 14:53:00,3.882,3.882,3.882,3.882,0
2019-12-03 14:52:00,3.883,3.883,3.882,3.882,1218.89481
2019-12-03 14:51:00,3.881,3.883,3.881,3.883,1176.57014
2019-12-03 14:50:00,3.88,3.88,3.88,3.88,0
2019-12-03 14:49:00,3.879,3.88,3.879,3.88,286.92401
2019-12-03 14:48:00,3.875,3.878,3.875,3.878,715.05184
2019-12-03 14:47:00,3.877,3.877,3.876,3.876,589.04157
2019-12-03 14:46:00,3.877,3.877,3.877,3.877,1.38563
2019-12-03 14:45:00,3.878,3.878,3.876,3.877,1434.72873
2019-12-03 14:44:00,3.878,3.879,3.876,3.878,739.13748
2019-12-03 14:43:00,3.876,3.878,3.876,3.878,705.11478
2019-12-03 14:42:00,3.874,3.876,3.874,3.876,1408.98578
2019-12-03 14:41:00,3.873,3.875,3.873,3.874,304.67935
2019-12-03 14:40:00,3.873,3.873,3.873,3.873,0.71265
2019-12-03 14:39:00,3.874,3.874,3.874,3.874,0
2019-12-03 14:38:00,3.878,3.878,3.874,3.874,249.46047
2019-12-03 14:37:00,3.878,3.878,3.878,3.878,2.70863
2019-12-03 14:36:00,3.878,3.878,3.878,3.878,2.82841
2019-12-03 14:35:00,3.878,3.878,3.878,3.878,1.58178
2019-12-03 14:34:00,3.877,3.878,3.877,3.878,11.19126
2019-12-03 14:33:00,3.876,3.877,3.876,3.877,453.3314
2019-12-03 14:32:00,3.875,3.876,3.875,3.876,188.87778
2019-12-03 14:31:00,3.875,3.876,3.874,3.875,364.17169
2019-12-03 14:30:00,3.875,3.875,3.875,3.875,0.08645
2019-12-03 14:29:00,3.876,3.876,3.875,3.875,514.71002
2019-12-03 14:28:00,3.877,3.877,3.876,3.876,2225.76012
2019-12-03 14:27:00,3.877,3.877,3.877,3.877,2029.19278
2019-12-03 14:26:00,3.879,3.879,3.878,3.878,425.56902
2019-12-03 14:25:00,3.88,3.88,3.88,3.88,207.7761
2019-12-03 14:24:00,3.882,3.882,3.88,3.88,1465.2625
2019-12-03 14:23:00,3.884,3.884,3.884,3.884,780.34286
2019-12-03 14:22:00,3.883,3.883,3.883,3.883,2439.96806
2019-12-03 14:21:00,3.882,3.883,3.882,3.883,3313.92512
2019-12-03 14:20:00,3.877,3.882,3.877,3.882,1532.55434
2019-12-03 14:19:00,3.876,3.876,3.874,3.876,1124.02951
2019-12-03 14:18:00,3.876,3.876,3.876,3.876,8.98168
2019-12-03 14:17:00,3.877,3.877,3.877,3.877,0
2019-12-03 14:16:00,3.877,3.877,3.877,3.877,1578.11732
2019-12-03 14:15:00,3.877,3.878,3.877,3.877,148.49169
2019-12-03 14:14:00,3.876,3.877,3.875,3.877,2296.4216
2019-12-03 14:13:00,3.876,3.877,3.876,3.877,1265.68838
2019-12-03 14:12:00,3.874,3.876,3.874,3.876,1183.12292
2019-12-03 14:11:00,3.874,3.874,3.874,3.874,2.72273
2019-12-03 14:10:00,3.874,3.874,3.873,3.873,4112.88417
2019-12-03 14:09:00,3.874,3.874,3.874,3.874,98.1322
2019-12-03 14:08:00,3.875,3.875,3.874,3.875,428.36819
2019-12-03 14:07:00,3.875,3.875,3.875,3.875,829.8007
2019-12-03 14:06:00,3.875,3.875,3.873,3.875,3257.30316
2019-12-03 14:05:00,3.875,3.875,3.875,3.875,8.21444
2019-12-03 14:04:00,3.873,3.875,3.873,3.875,142.94557
2019-12-03 14:03:00,3.873,3.873,3.873,3.873,0.92433
2019-12-03 14:02:00,3.873,3.873,3.872,3.873,175.00332
2019-12-03 14:01:00,3.873,3.873,3.872,3.872,930.53165
2019-12-03 14:00:00,3.873,3.873,3.873,3.873,0
2019-12-03 13:59:00,3.873,3.873,3.873,3.873,987.91952
2019-12-03 13:58:00,3.87,3.872,3.87,3.872,1240.44566
2019-12-03 13:57:00,3.875,3.876,3.871,3.871,1637.65909
2019-12-03 13:56:00,3.872,3.873,3.87,3.873,1232.65197
2019-12-03 13:55:00,3.869,3.873,3.869,3.872,1604.69485
2019-12-03 13:54:00,3.874,3.874,3.87,3.87,1066.14621
2019-12-03 13:53:00,3.878,3.878,3.876,3.876,1468.44435
2019-12-03 13:52:00,3.877,3.878,3.876,3.878,2064.99827
2019-12-03 13:51:00,3.879,3.879,3.877,3.877,3485.01826
2019-12-03 13:50:00,3.881,3.881,3.878,3.879,1623.83002
2019-12-03 13:49:00,3.88,3.882,3.88,3.881,2022.13331
2019-12-03 13:48:00,3.879,3.88,3.879,3.879,595.39632
2019-12-03 13:47:00,3.878,3.879,3.878,3.879,833.71008
2019-12-03 13:46:00,3.875,3.878,3.875,3.878,703.25592
2019-12-03 13:45:00,3.874,3.875,3.874,3.875,2510.79202
2019-12-03 13:44:00,3.871,3.874,3.871,3.873,1837.39562
2019-12-03 13:43:00,3.874,3.874,3.871,3.871,1727.36764
2019-12-03 13:42:00,3.87,3.872,3.87,3.872,251.94726
2019-12-03 13:41:00,3.871,3.871,3.87,3.871,1290.68566
2019-12-03 13:40:00,3.871,3.871,3.87,3.871,1594.81011
2019-12-03 13:39:00,3.869,3.872,3.869,3.871,590.00091
2019-12-03 13:38:00,3.869,3.871,3.869,3.87,1776.38212
2019-12-03 13:37:00,3.871,3.871,3.869,3.869,1642.96368
2019-12-03 13:36:00,3.871,3.872,3.87,3.871,1287.75041
2019-12-03 13:35:00,3.873,3.873,3.872,3.872,434.35777
2019-12-03 13:34:00,3.873,3.873,3.873,3.873,530.46785
2019-12-03 13:33:00,3.873,3.874,3.872,3.874,193.33198
2019-12-03 13:32:00,3.874,3.875,3.873,3.874,3038.77941
2019-12-03 13:31:00,3.87,3.874,3.87,3.873,2458.53832
2019-12-03 13:30:00,3.872,3.872,3.868,3.87,1051.1707
2019-12-03 13:29:00,3.877,3.877,3.872,3.872,2581.96924
2019-12-03 13:28:00,3.878,3.878,3.876,3.877,2010.3088
2019-12-03 13:27:00,3.884,3.884,3.876,3.876,5881.96112
2019-12-03 13:26:00,3.885,3.885,3.885,3.885,0
2019-12-03 13:25:00,3.886,3.886,3.884,3.885,185.42248
2019-12-03 13:24:00,3.885,3.886,3.885,3.886,1342.30646
2019-12-03 13:23:00,3.885,3.886,3.885,3.886,1461.23718
2019-12-03 13:22:00,3.887,3.887,3.885,3.885,2065.13229
2019-12-03 13:21:00,3.885,3.887,3.885,3.887,1509.18223
2019-12-03 13:20:00,3.885,3.885,3.885,3.885,114.38062
2019-12-03 13:19:00,3.883,3.885,3.883,3.884,893.24188
2019-12-03 13:18:00,3.883,3.883,3.882,3.883,426.27205
2019-12-03 13:17:00,3.885,3.885,3.881,3.881,820.54307
2019-12-03 13:16:00,3.888,3.888,3.885,3.885,1717.31889
2019-12-03 13:15:00,3.886,3.888,3.886,3.888,1368.70572
2019-12-03 13:14:00,3.885,3.885,3.885,3.885,4.43274
2019-12-03 13:13:00,3.886,3.887,3.885,3.885,205.66601
2019-12-03 13:12:00,3.883,3.888,3.883,3.887,2899.47124
2019-12-03 13:11:00,3.884,3.885,3.883,3.885,2546.31445
2019-12-03 13:10:00,3.885,3.885,3.885,3.885,229.58882
2019-12-03 13:09:00,3.883,3.885,3.882,3.885,2292.70052
2019-12-03 13:08:00,3.88,3.886,3.88,3.883,8943.08909
2019-12-03 13:07:00,3.879,3.88,3.879,3.879,520.49697
2019-12-03 13:06:00,3.883,3.883,3.879,3.88,1180.76746
2019-12-03 13:05:00,3.879,3.883,3.879,3.883,2373.33853
2019-12-03 13:04:00,3.878,3.88,3.874,3.879,4515.75157
2019-12-03 13:03:00,3.879,3.881,3.877,3.879,1750.87424
2019-12-03 13:02:00,3.885,3.886,3.88,3.88,726.76532
2019-12-03 13:01:00,3.886,3.886,3.886,3.886,726.04514
2019-12-03 13:00:00,3.886,3.886,3.886,3.886,1380.4492
2019-12-03 12:59:00,3.888,3.888,3.885,3.888,121.72755
2019-12-03 12:58:00,3.887,3.887,3.887,3.887,2374.82875
2019-12-03 12:57:00,3.885,3.888,3.885,3.887,1010.64238
2019-12-03 12:56:00,3.886,3.886,3.886,3.886,9.18024
2019-12-03 12:55:00,3.881,3.886,3.881,3.886,3204.03841
2019-12-03 12:54:00,3.881,3.881,3.88,3.88,229.61822
2019-12-03 12:53:00,3.882,3.883,3.882,3.882,801.12592
2019-12-03 12:52:00,3.881,3.881,3.88,3.881,1459.29519
2019-12-03 12:51:00,3.882,3.882,3.881,3.881,343.67324
2019-12-03 12:50:00,3.88,3.882,3.88,3.882,392.32211
2019-12-03 12:49:00,3.884,3.884,3.88,3.88,1124.74652
2019-12-03 12:48:00,3.878,3.884,3.878,3.884,3097.32289
2019-12-03 12:47:00,3.879,3.88,3.878,3.878,2555.25012
2019-12-03 12:46:00,3.876,3.881,3.876,3.88,2039.24306
2019-12-03 12:45:00,3.875,3.875,3.875,3.875,1165.44368
2019-12-03 12:44:00,3.876,3.876,3.876,3.876,25.90602
2019-12-03 12:43:00,3.876,3.877,3.874,3.877,1336.27441
2019-12-03 12:42:00,3.876,3.876,3.876,3.876,8.71142
2019-12-03 12:41:00,3.877,3.877,3.873,3.874,1983.58391
2019-12-03 12:40:00,3.877,3.878,3.876,3.877,2202.40906
2019-12-03 12:39:00,3.881,3.882,3.876,3.877,1332.93795
2019-12-03 12:38:00,3.881,3.881,3.881,3.881,914.08014
2019-12-03 12:37:00,3.88,3.883,3.88,3.883,753.20438
2019-12-03 12:36:00,3.88,3.882,3.876,3.88,6704.27484
2019-12-03 12:35:00,3.887,3.887,3.882,3.883,3439.53455
2019-12-03 12:34:00,3.888,3.888,3.886,3.887,3914.95655
2019-12-03 12:33:00,3.888,3.889,3.886,3.888,727.65757
2019-12-03 12:32:00,3.887,3.891,3.887,3.889,2142.71873
2019-12-03 12:31:00,3.886,3.887,3.886,3.887,182.61954
2019-12-03 12:30:00,3.883,3.887,3.883,3.887,2160.50234
2019-12-03 12:29:00,3.882,3.883,3.881,3.881,713.74869
2019-12-03 12:28:00,3.882,3.885,3.882,3.883,1354.56381
2019-12-03 12:27:00,3.883,3.89,3.88,3.882,4004.12094
2019-12-03 12:26:00,3.885,3.885,3.882,3.883,1152.80293
2019-12-03 12:25:00,3.884,3.886,3.884,3.886,1201.69621
2019-12-03 12:24:00,3.883,3.883,3.882,3.883,1713.11038
2019-12-03 12:23:00,3.882,3.883,3.882,3.883,1578.37156
2019-12-03 12:22:00,3.884,3.884,3.881,3.882,2453.98075
2019-12-03 12:21:00,3.881,3.884,3.881,3.884,373.54466
2019-12-03 12:20:00,3.886,3.886,3.881,3.881,3991.16798
2019-12-03 12:19:00,3.886,3.888,3.886,3.887,1092.54837
2019-12-03 12:18:00,3.888,3.888,3.886,3.887,3181.37537
2019-12-03 12:17:00,3.889,3.893,3.888,3.888,655.46687
2019-12-03 12:16:00,3.885,3.891,3.884,3.885,15866.91336
2019-12-03 12:15:00,3.893,3.897,3.874,3.885,64980.32958
2019-12-03 12:14:00,3.905,3.906,3.891,3.891,13573.91563
2019-12-03 12:13:00,3.918,3.918,3.9,3.905,33168.60442
2019-12-03 12:12:00,3.92,3.928,3.914,3.918,17216.27249
2019-12-03 12:11:00,3.917,3.924,3.866,3.92,73865.07359
2019-12-03 12:10:00,3.938,3.938,3.917,3.918,6574.60493
2019-12-03 12:09:00,3.932,3.943,3.932,3.941,3959.74507
2019-12-03 12:08:00,3.932,3.934,3.918,3.934,7897.9034
2019-12-03 12:07:00,3.91,3.933,3.909,3.931,28660.52278
2019-12-03 12:06:00,3.902,3.91,3.902,3.908,2658.09492
2019-12-03 12:05:00,3.901,3.903,3.899,3.903,3162.83585
2019-12-03 12:04:00,3.896,3.901,3.891,3.9,11615.48349
2019-12-03 12:03:00,3.891,3.896,3.891,3.896,3152.40827
2019-12-03 12:02:00,3.873,3.889,3.873,3.889,3709.85888
2019-12-03 12:01:00,3.868,3.874,3.868,3.874,2397.50511
2019-12-03 12:00:00,3.863,3.871,3.862,3.87,1227.65506
2019-12-03 11:59:00,3.874,3.874,3.86,3.862,4933.16865
2019-12-03 11:58:00,3.872,3.874,3.872,3.873,3157.25278
2019-12-03 11:57:00,3.872,3.872,3.871,3.872,3295.07231
2019-12-03 11:56:00,3.874,3.875,3.872,3.872,5442.22347
2019-12-03 11:55:00,3.886,3.886,3.873,3.873,5433.23636
2019-12-03 11:54:00,3.884,3.886,3.884,3.886,867.47911
2019-12-03 11:53:00,3.884,3.884,3.884,3.884,0
2019-12-03 11:52:00,3.884,3.884,3.884,3.884,0
2019-12-03 11:51:00,3.886,3.886,3.884,3.884,132.25259
2019-12-03 11:50:00,3.884,3.886,3.884,3.886,1104.92764
2019-12-03 11:49:00,3.883,3.884,3.883,3.884,253.1923
2019-12-03 11:48:00,3.884,3.884,3.884,3.884,148.116
2019-12-03 11:47:00,3.885,3.885,3.885,3.885,0
2019-12-03 11:46:00,3.885,3.885,3.885,3.885,205.98663
2019-12-03 11:45:00,3.882,3.884,3.882,3.884,439.90047
2019-12-03 11:44:00,3.882,3.883,3.88,3.881,209.63822
2019-12-03 11:43:00,3.881,3.883,3.881,3.882,849.1304
2019-12-03 11:42:00,3.88,3.881,3.88,3.881,64.8744
2019-12-03 11:41:00,3.885,3.885,3.88,3.88,173.1213
2019-12-03 11:40:00,3.887,3.887,3.885,3.885,7.76431
2019-12-03 11:39:00,3.892,3.892,3.887,3.887,302.69429
2019-12-03 11:38:00,3.895,3.895,3.893,3.894,1620.18895
2019-12-03 11:37:00,3.894,3.894,3.893,3.893,18.3176
2019-12-03 11:36:00,3.897,3.897,3.894,3.894,26323.98859
2019-12-03 11:35:00,3.879,3.897,3.879,3.897,49815.23623
2019-12-03 11:34:00,3.877,3.879,3.877,3.879,1274.32692
2019-12-03 11:33:00,3.878,3.878,3.877,3.877,729.15931
2019-12-03 11:32:00,3.876,3.879,3.876,3.878,3027.94154
2019-12-03 11:31:00,3.876,3.876,3.876,3.876,910.76603
2019-12-03 11:30:00,3.876,3.876,3.875,3.876,1357.16635
2019-12-03 11:29:00,3.877,3.877,3.876,3.876,119.53014
2019-12-03 11:28:00,3.876,3.876,3.876,3.876,3096.57104
2019-12-03 11:27:00,3.878,3.878,3.876,3.876,1734.23629
2019-12-03 11:26:00,3.879,3.879,3.877,3.878,2220.63588
2019-12-03 11:25:00,3.883,3.883,3.879,3.879,403.80662
2019-12-03 11:24:00,3.884,3.884,3.884,3.884,0
2019-12-03 11:23:00,3.884,3.884,3.884,3.884,0
2019-12-03 11:22:00,3.885,3.885,3.884,3.884,934.39812
2019-12-03 11:21:00,3.885,3.886,3.885,3.886,469.82673
2019-12-03 11:20:00,3.886,3.886,3.883,3.886,3819.06636
2019-12-03 11:19:00,3.886,3.886,3.886,3.886,0
2019-12-03 11:18:00,3.886,3.886,3.886,3.886,28.80167
2019-12-03 11:17:00,3.886,3.888,3.886,3.887,3168.12103
2019-12-03 11:16:00,3.888,3.888,3.888,3.888,11.93422
2019-12-03 11:15:00,3.888,3.888,3.888,3.888,1921.34521
2019-12-03 11:14:00,3.888,3.888,3.888,3.888,861.31267
2019-12-03 11:13:00,3.889,3.889,3.888,3.888,1277.70225
2019-12-03 11:12:00,3.89,3.89,3.889,3.889,754.81755
2019-12-03 11:11:00,3.89,3.891,3.89,3.89,2166.7145
2019-12-03 11:10:00,3.891,3.891,3.889,3.89,769.85795
2019-12-03 11:09:00,3.891,3.891,3.891,3.891,7.08673
2019-12-03 11:08:00,3.891,3.892,3.891,3.891,3731.0403
2019-12-03 11:07:00,3.891,3.891,3.89,3.891,1214.97495
2019-12-03 11:06:00,3.89,3.891,3.889,3.891,2410.70572
2019-12-03 11:05:00,3.891,3.891,3.89,3.891,1773.19416
2019-12-03 11:04:00,3.89,3.891,3.89,3.89,402.32746
2019-12-03 11:03:00,3.891,3.891,3.89,3.89,309.14961
2019-12-03 11:02:00,3.891,3.891,3.889,3.89,3163.04478
2019-12-03 11:01:00,3.89,3.891,3.889,3.89,2970.29537
2019-12-03 11:00:00,3.886,3.889,3.886,3.889,2648.20785
2019-12-03 10:59:00,3.886,3.886,3.886,3.886,0
2019-12-03 10:58:00,3.886,3.886,3.886,3.886,10.15657
2019-12-03 10:57:00,3.886,3.886,3.886,3.886,133.763
2019-12-03 10:56:00,3.887,3.888,3.886,3.887,1750.20396
2019-12-03 10:55:00,3.885,3.889,3.885,3.887,2638.97736
2019-12-03 10:54:00,3.885,3.887,3.884,3.885,3477.91989
2019-12-03 10:53:00,3.884,3.887,3.884,3.887,1185.63597
2019-12-03 10:52:00,3.881,3.883,3.881,3.883,1151.92681
2019-12-03 10:51:00,3.881,3.881,3.881,3.881,10.31239
2019-12-03 10:50:00,3.881,3.884,3.881,3.881,1312.87718
2019-12-03 10:49:00,3.883,3.883,3.881,3.881,1158.73949
2019-12-03 10:48:00,3.882,3.884,3.882,3.883,3096.19202
2019-12-03 10:47:00,3.881,3.882,3.881,3.881,479.66176
2019-12-03 10:46:00,3.881,3.881,3.881,3.881,963.81321
2019-12-03 10:45:00,3.884,3.884,3.88,3.882,2332.52687
2019-12-03 10:44:00,3.883,3.884,3.882,3.884,583.97494
2019-12-03 10:43:00,3.885,3.885,3.883,3.884,295.85678
2019-12-03 10:42:00,3.885,3.885,3.885,3.885,17.12515
2019-12-03 10:41:00,3.884,3.885,3.884,3.885,77.36577
2019-12-03 10:40:00,3.882,3.884,3.882,3.884,1178.03859
2019-12-03 10:39:00,3.881,3.882,3.881,3.882,363.82721
2019-12-03 10:38:00,3.879,3.88,3.879,3.88,335.52693
2019-12-03 10:37:00,3.881,3.881,3.877,3.878,1455.03687
2019-12-03 10:36:00,3.882,3.882,3.882,3.882,0
2019-12-03 10:35:00,3.882,3.882,3.882,3.882,0
2019-12-03 10:34:00,3.882,3.882,3.882,3.882,0
2019-12-03 10:33:00,3.882,3.882,3.882,3.882,872.37029
2019-12-03 10:32:00,3.882,3.884,3.882,3.884,375.06641
2019-12-03 10:31:00,3.882,3.882,3.881,3.882,895.72991
2019-12-03 10:30:00,3.881,3.881,3.88,3.881,2646.17663
2019-12-03 10:29:00,3.879,3.88,3.879,3.88,204.52195
2019-12-03 10:28:00,3.88,3.88,3.879,3.879,1617.41405
2019-12-03 10:27:00,3.881,3.881,3.88,3.88,1499.0071
2019-12-03 10:26:00,3.881,3.881,3.881,3.881,1053.46859
2019-12-03 10:25:00,3.882,3.882,3.88,3.88,1488.38131
2019-12-03 10:24:00,3.883,3.883,3.883,3.883,0
2019-12-03 10:23:00,3.882,3.886,3.882,3.883,1049.55526
2019-12-03 10:22:00,3.881,3.885,3.881,3.881,820.87148
2019-12-03 10:21:00,3.879,3.883,3.879,3.883,2008.61857
2019-12-03 10:20:00,3.87,3.878,3.87,3.878,2069.3787
2019-12-03 10:19:00,3.87,3.87,3.869,3.87,860.42835
2019-12-03 10:18:00,3.871,3.871,3.871,3.871,172.442
2019-12-03 10:17:00,3.87,3.871,3.87,3.871,529.61385
2019-12-03 10:16:00,3.869,3.869,3.869,3.869,1415.00237
2019-12-03 10:15:00,3.871,3.871,3.869,3.869,809.85004
2019-12-03 10:14:00,3.868,3.872,3.867,3.871,1136.79476
2019-12-03 10:13:00,3.866,3.868,3.865,3.867,1246.9247
2019-12-03 10:12:00,3.865,3.866,3.865,3.865,1124.80026
2019-12-03 10:11:00,3.865,3.865,3.865,3.865,0.04137
2019-12-03 10:10:00,3.856,3.864,3.856,3.862,1727.49081
2019-12-03 10:09:00,3.856,3.856,3.856,3.856,293.0436
2019-12-03 10:08:00,3.855,3.857,3.855,3.857,1671.78609
2019-12-03 10:07:00,3.851,3.856,3.851,3.854,2291.35999
2019-12-03 10:06:00,3.85,3.852,3.85,3.852,2202.96518
2019-12-03 10:05:00,3.856,3.856,3.85,3.85,405.98302
2019-12-03 10:04:00,3.858,3.858,3.855,3.855,2935.32412
2019-12-03 10:03:00,3.86,3.86,3.858,3.858,586.69534
2019-12-03 10:02:00,3.858,3.86,3.858,3.86,1297.1648
2019-12-03 10:01:00,3.857,3.859,3.857,3.858,112.04463
2019-12-03 10:00:00,3.856,3.856,3.856,3.856,174.00624
2019-12-03 09:59:00,3.856,3.856,3.856,3.856,0
2019-12-03 09:58:00,3.858,3.858,3.856,3.856,514.16799
2019-12-03 09:57:00,3.858,3.858,3.857,3.857,1487.17209
2019-12-03 09:56:00,3.858,3.858,3.858,3.858,8.68018
2019-12-03 09:55:00,3.858,3.858,3.858,3.858,0
2019-12-03 09:54:00,3.859,3.859,3.858,3.858,354.90399
2019-12-03 09:53:00,3.858,3.858,3.857,3.858,2680.60675
2019-12-03 09:52:00,3.861,3.861,3.861,3.861,464.03549
2019-12-03 09:51:00,3.861,3.861,3.861,3.861,0
2019-12-03 09:50:00,3.861,3.861,3.861,3.861,2165.16828
2019-12-03 09:49:00,3.861,3.862,3.861,3.861,552.08708
2019-12-03 09:48:00,3.86,3.86,3.86,3.86,0
2019-12-03 09:47:00,3.86,3.86,3.86,3.86,0
2019-12-03 09:46:00,3.86,3.86,3.86,3.86,0
2019-12-03 09:45:00,3.86,3.86,3.86,3.86,19.75467
2019-12-03 09:44:00,3.861,3.861,3.86,3.86,1432.45564
2019-12-03 09:43:00,3.859,3.862,3.859,3.861,910.67477
2019-12-03 09:42:00,3.862,3.862,3.859,3.859,379.77418
2019-12-03 09:41:00,3.864,3.864,3.862,3.862,1295.56048
2019-12-03 09:40:00,3.859,3.864,3.859,3.864,1237.64698
2019-12-03 09:39:00,3.859,3.859,3.859,3.859,0
2019-12-03 09:38:00,3.859,3.859,3.859,3.859,0
2019-12-03 09:37:00,3.858,3.859,3.858,3.859,987.83971
2019-12-03 09:36:00,3.858,3.858,3.857,3.858,170.78728
2019-12-03 09:35:00,3.855,3.859,3.855,3.859,2171.01615
2019-12-03 09:34:00,3.856,3.856,3.855,3.856,667.76196
2019-12-03 09:33:00,3.857,3.857,3.856,3.856,1163.7278
2019-12-03 09:32:00,3.859,3.859,3.857,3.857,748.71412
2019-12-03 09:31:00,3.857,3.859,3.857,3.859,1332.2182
2019-12-03 09:30:00,3.858,3.858,3.858,3.858,6.44328
2019-12-03 09:29:00,3.858,3.858,3.858,3.858,0
2019-12-03 09:28:00,3.858,3.858,3.856,3.858,2941.24618
2019-12-03 09:27:00,3.858,3.858,3.857,3.858,1029.82634
2019-12-03 09:26:00,3.857,3.858,3.857,3.857,1212.84922
2019-12-03 09:25:00,3.859,3.86,3.858,3.858,193.77558
2019-12-03 09:24:00,3.859,3.859,3.859,3.859,0
2019-12-03 09:23:00,3.861,3.861,3.859,3.859,2860.94421
2019-12-03 09:22:00,3.861,3.861,3.861,3.861,1395.17862
2019-12-03 09:21:00,3.863,3.864,3.861,3.862,2268.82377
2019-12-03 09:20:00,3.863,3.863,3.863,3.863,2058.02382
2019-12-03 09:19:00,3.867,3.867,3.861,3.861,1249.90387
2019-12-03 09:18:00,3.872,3.872,3.868,3.868,599.29468
2019-12-03 09:17:00,3.872,3.873,3.872,3.873,842.43252
2019-12-03 09:16:00,3.871,3.871,3.871,3.871,84.14197
2019-12-03 09:15:00,3.871,3.871,3.87,3.87,332.21174
2019-12-03 09:14:00,3.87,3.871,3.87,3.871,18.68538
2019-12-03 09:13:00,3.871,3.872,3.869,3.87,1543.08855
2019-12-03 09:12:00,3.874,3.875,3.871,3.872,1900.0016
2019-12-03 09:11:00,3.874,3.874,3.874,3.874,37.57671
2019-12-03 09:10:00,3.87,3.872,3.87,3.872,406.89673
2019-12-03 09:09:00,3.869,3.869,3.869,3.869,0.05154
2019-12-03 09:08:00,3.868,3.869,3.868,3.869,10.5153
2019-12-03 09:07:00,3.868,3.868,3.868,3.868,0.01004
2019-12-03 09:06:00,3.867,3.867,3.867,3.867,206.89475
2019-12-03 09:05:00,3.867,3.867,3.867,3.867,784.47223
2019-12-03 09:04:00,3.867,3.867,3.867,3.867,0
2019-12-03 09:03:00,3.867,3.867,3.867,3.867,0
2019-12-03 09:02:00,3.868,3.868,3.867,3.867,2454.90893
2019-12-03 09:01:00,3.872,3.872,3.87,3.87,918.4023
2019-12-03 09:00:00,3.866,3.87,3.866,3.87,772.48192
2019-12-03 08:59:00,3.868,3.868,3.866,3.866,236.13348
2019-12-03 08:58:00,3.869,3.869,3.867,3.868,1417.35626
2019-12-03 08:57:00,3.875,3.875,3.869,3.869,1057.55526
2019-12-03 08:56:00,3.875,3.875,3.875,3.875,1632.68457
2019-12-03 08:55:00,3.876,3.876,3.876,3.876,13.9147
2019-12-03 08:54:00,3.876,3.877,3.876,3.877,16.08986
2019-12-03 08:53:00,3.874,3.877,3.874,3.876,683.25229
2019-12-03 08:52:00,3.873,3.874,3.873,3.874,444.01672
2019-12-03 08:51:00,3.873,3.874,3.872,3.872,727.27952
2019-12-03 08:50:00,3.873,3.876,3.873,3.874,1503.59933
2019-12-03 08:49:00,3.872,3.873,3.872,3.872,2254.27203
2019-12-03 08:48:00,3.877,3.877,3.874,3.874,3205.02129
2019-12-03 08:47:00,3.879,3.881,3.877,3.877,633.88545
2019-12-03 08:46:00,3.879,3.88,3.876,3.879,1932.4949
2019-12-03 08:45:00,3.884,3.884,3.879,3.88,2075.89394
2019-12-03 08:44:00,3.882,3.883,3.882,3.883,2236.43075
2019-12-03 08:43:00,3.881,3.883,3.88,3.882,648.32569
2019-12-03 08:42:00,3.88,3.882,3.88,3.882,807.99752
2019-12-03 08:41:00,3.88,3.88,3.88,3.88,66.55561
2019-12-03 08:40:00,3.875,3.879,3.875,3.879,263.9515
2019-12-03 08:39:00,3.874,3.875,3.873,3.874,513.83801
2019-12-03 08:38:00,3.878,3.879,3.872,3.872,5413.39789
2019-12-03 08:37:00,3.874,3.88,3.874,3.88,363.96919
2019-12-03 08:36:00,3.877,3.877,3.872,3.873,4279.61391
2019-12-03 08:35:00,3.886,3.886,3.876,3.876,4585.43702
2019-12-03 08:34:00,3.889,3.893,3.883,3.886,8609.92581
2019-12-03 08:33:00,3.876,3.889,3.876,3.888,16042.51539
2019-12-03 08:32:00,3.862,3.872,3.861,3.871,3999.33682
2019-12-03 08:31:00,3.859,3.863,3.859,3.863,3491.32502
2019-12-03 08:30:00,3.858,3.859,3.858,3.859,1651.2442
2019-12-03 08:29:00,3.856,3.856,3.856,3.856,1580.63568
2019-12-03 08:28:00,3.857,3.857,3.857,3.857,246.52936
2019-12-03 08:27:00,3.859,3.859,3.857,3.857,1619.99301
2019-12-03 08:26:00,3.86,3.86,3.86,3.86,0.06041
2019-12-03 08:25:00,3.86,3.86,3.86,3.86,0.01018
2019-12-03 08:24:00,3.86,3.86,3.86,3.86,0
2019-12-03 08:23:00,3.858,3.86,3.858,3.86,761.92289
2019-12-03 08:22:00,3.858,3.858,3.858,3.858,0.01
2019-12-03 08:21:00,3.857,3.857,3.857,3.857,0
2019-12-03 08:20:00,3.857,3.857,3.857,3.857,0
2019-12-03 08:19:00,3.857,3.858,3.855,3.857,4217.0739
2019-12-03 08:18:00,3.857,3.858,3.857,3.858,271.22053
2019-12-03 08:17:00,3.856,3.857,3.856,3.857,328.05938
2019-12-03 08:16:00,3.855,3.855,3.855,3.855,1517.73941
2019-12-03 08:15:00,3.854,3.855,3.853,3.854,775.64927
2019-12-03 08:14:00,3.853,3.853,3.853,3.853,6.22541
2019-12-03 08:13:00,3.851,3.853,3.851,3.853,3891.12001
2019-12-03 08:12:00,3.851,3.851,3.851,3.851,6.60895
2019-12-03 08:11:00,3.852,3.852,3.851,3.851,1627.77523
2019-12-03 08:10:00,3.852,3.852,3.85,3.852,2404.57442
2019-12-03 08:09:00,3.85,3.852,3.85,3.852,401.87319
2019-12-03 08:08:00,3.849,3.849,3.849,3.849,0
2019-12-03 08:07:00,3.851,3.851,3.849,3.849,671.05697
2019-12-03 08:06:00,3.851,3.851,3.851,3.851,0
2019-12-03 08:05:00,3.849,3.85,3.849,3.849,525.72252
2019-12-03 08:04:00,3.857,3.857,3.849,3.85,3542.36228
2019-12-03 08:03:00,3.857,3.858,3.857,3.858,832.04182
2019-12-03 08:02:00,3.857,3.857,3.857,3.857,0.01001
2019-12-03 08:01:00,3.855,3.856,3.855,3.856,2158.01751
2019-12-03 08:00:00,3.852,3.855,3.852,3.855,2183.90476
2019-12-03 07:59:00,3.853,3.853,3.852,3.852,3503.11559
2019-12-03 07:58:00,3.853,3.855,3.852,3.853,696.63879
2019-12-03 07:57:00,3.853,3.853,3.853,3.853,2705.9843
2019-12-03 07:56:00,3.855,3.856,3.853,3.853,1795.97784
2019-12-03 07:55:00,3.856,3.856,3.856,3.856,2583.67744
2019-12-03 07:54:00,3.857,3.857,3.856,3.856,1367.58621
2019-12-03 07:53:00,3.858,3.858,3.856,3.857,3361.8997
2019-12-03 07:52:00,3.859,3.859,3.859,3.859,0
2019-12-03 07:51:00,3.858,3.859,3.858,3.859,1077.42209
2019-12-03 07:50:00,3.857,3.858,3.857,3.858,1487.99481
2019-12-03 07:49:00,3.856,3.857,3.856,3.857,1944.26672
2019-12-03 07:48:00,3.857,3.857,3.855,3.855,2333.82414
2019-12-03 07:47:00,3.857,3.857,3.857,3.857,167.79769
2019-12-03 07:46:00,3.859,3.859,3.859,3.859,232.25161
2019-12-03 07:45:00,3.859,3.859,3.859,3.859,810.85016
2019-12-03 07:44:00,3.859,3.86,3.857,3.858,2560.65644
2019-12-03 07:43:00,3.86,3.861,3.859,3.86,1275.17717
2019-12-03 07:42:00,3.859,3.861,3.858,3.86,638.33912
2019-12-03 07:41:00,3.859,3.859,3.857,3.857,211.6564
2019-12-03 07:40:00,3.859,3.859,3.859,3.859,766.00139
2019-12-03 07:39:00,3.86,3.86,3.859,3.859,1225.90898
2019-12-03 07:38:00,3.86,3.861,3.858,3.861,1893.94891
2019-12-03 07:37:00,3.859,3.86,3.857,3.86,1226.11056
2019-12-03 07:36:00,3.858,3.86,3.858,3.86,1807.12287
2019-12-03 07:35:00,3.855,3.856,3.855,3.856,287.86752
2019-12-03 07:34:00,3.857,3.857,3.855,3.855,1171.7471
2019-12-03 07:33:00,3.855,3.857,3.855,3.857,1607.55493
2019-12-03 07:32:00,3.858,3.858,3.855,3.855,2148.50809
2019-12-03 07:31:00,3.857,3.862,3.857,3.858,3228.57355
2019-12-03 07:30:00,3.852,3.858,3.852,3.857,2108.86295
2019-12-03 07:29:00,3.852,3.852,3.852,3.852,196.75725
2019-12-03 07:28:00,3.852,3.856,3.851,3.851,770.14048
2019-12-03 07:27:00,3.849,3.852,3.849,3.85,3737.28152
2019-12-03 07:26:00,3.847,3.848,3.847,3.848,838.01719
2019-12-03 07:25:00,3.848,3.848,3.848,3.848,0
2019-12-03 07:24:00,3.847,3.852,3.847,3.848,5076.75703
2019-12-03 07:23:00,3.847,3.847,3.847,3.847,0
2019-12-03 07:22:00,3.847,3.847,3.847,3.847,277.60005
2019-12-03 07:21:00,3.849,3.849,3.849,3.849,1037.29119
2019-12-03 07:20:00,3.849,3.85,3.849,3.849,1329.70006
2019-12-03 07:19:00,3.85,3.85,3.847,3.849,700.19497
2019-12-03 07:18:00,3.846,3.85,3.846,3.85,3246.7662
2019-12-03 07:17:00,3.849,3.85,3.847,3.847,3643.66308
2019-12-03 07:16:00,3.848,3.848,3.846,3.848,464.99433
2019-12-03 07:15:00,3.849,3.852,3.847,3.849,4848.40106
2019-12-03 07:14:00,3.848,3.849,3.844,3.849,3613.33544
2019-12-03 07:13:00,3.857,3.857,3.848,3.85,6868.90818
2019-12-03 07:12:00,3.858,3.858,3.857,3.857,250.48413
2019-12-03 07:11:00,3.858,3.859,3.857,3.858,3766.8315
2019-12-03 07:10:00,3.858,3.858,3.857,3.857,523.27992
2019-12-03 07:09:00,3.856,3.858,3.856,3.858,1673.76749
2019-12-03 07:08:00,3.856,3.857,3.856,3.857,271.64304
2019-12-03 07:07:00,3.855,3.856,3.855,3.856,3739.86226
2019-12-03 07:06:00,3.855,3.857,3.854,3.856,1196.51232
2019-12-03 07:05:00,3.856,3.857,3.855,3.855,2543.43146
2019-12-03 07:04:00,3.856,3.857,3.855,3.856,2402.71211
2019-12-03 07:03:00,3.856,3.857,3.854,3.855,596.74647
2019-12-03 07:02:00,3.856,3.857,3.855,3.856,2137.51582
2019-12-03 07:01:00,3.855,3.856,3.855,3.856,1350.19394
2019-12-03 07:00:00,3.854,3.854,3.854,3.854,2323.39343
2019-12-03 06:59:00,3.855,3.855,3.854,3.854,1247.55834
2019-12-03 06:58:00,3.852,3.855,3.852,3.854,738.36359
2019-12-03 06:57:00,3.85,3.853,3.85,3.851,1580.80423
2019-12-03 06:56:00,3.849,3.854,3.849,3.85,2329.76713
2019-12-03 06:55:00,3.848,3.849,3.848,3.849,27.00059
2019-12-03 06:54:00,3.848,3.848,3.848,3.848,0
2019-12-03 06:53:00,3.848,3.848,3.848,3.848,0
2019-12-03 06:52:00,3.848,3.848,3.848,3.848,2.65889
2019-12-03 06:51:00,3.848,3.848,3.848,3.848,475.9836
2019-12-03 06:50:00,3.849,3.849,3.848,3.848,1442.46798
2019-12-03 06:49:00,3.85,3.85,3.849,3.85,4200.09651
2019-12-03 06:48:00,3.851,3.851,3.85,3.85,2178.69883
2019-12-03 06:47:00,3.85,3.851,3.85,3.851,1824.88062
2019-12-03 06:46:00,3.85,3.851,3.85,3.85,5335.99946
2019-12-03 06:45:00,3.85,3.853,3.85,3.852,916.25775
2019-12-03 06:44:00,3.85,3.85,3.848,3.849,1473.36033
2019-12-03 06:43:00,3.847,3.85,3.847,3.849,2178.81487
2019-12-03 06:42:00,3.848,3.848,3.846,3.848,2279.38328
2019-12-03 06:41:00,3.847,3.847,3.846,3.847,1968.46628
2019-12-03 06:40:00,3.846,3.846,3.843,3.846,706.28129
2019-12-03 06:39:00,3.857,3.857,3.843,3.846,7782.64578
2019-12-03 06:38:00,3.869,3.869,3.857,3.857,15795.77102
2019-12-03 06:37:00,3.869,3.869,3.867,3.869,855.35468
2019-12-03 06:36:00,3.869,3.869,3.867,3.869,1349.28917
2019-12-03 06:35:00,3.867,3.868,3.867,3.868,1588.94159
2019-12-03 06:34:00,3.867,3.868,3.867,3.867,3403.47896
2019-12-03 06:33:00,3.866,3.867,3.866,3.867,4633.23243
2019-12-03 06:32:00,3.861,3.867,3.861,3.866,1233.33449
2019-12-03 06:31:00,3.86,3.86,3.86,3.86,271.74395
2019-12-03 06:30:00,3.859,3.86,3.859,3.86,672.56971
2019-12-03 06:29:00,3.855,3.859,3.855,3.859,2927.57472
2019-12-03 06:28:00,3.854,3.854,3.854,3.854,0
2019-12-03 06:27:00,3.854,3.854,3.854,3.854,0
2019-12-03 06:26:00,3.854,3.854,3.854,3.854,1031.40033
2019-12-03 06:25:00,3.853,3.853,3.853,3.853,257.43168
2019-12-03 06:24:00,3.853,3.853,3.853,3.853,20.34152
2019-12-03 06:23:00,3.852,3.852,3.852,3.852,0
2019-12-03 06:22:00,3.852,3.852,3.852,3.852,0
2019-12-03 06:21:00,3.85,3.852,3.85,3.852,924.55199
2019-12-03 06:20:00,3.838,3.85,3.838,3.85,8024.15539
2019-12-03 06:19:00,3.836,3.838,3.836,3.837,1815.0599
2019-12-03 06:18:00,3.836,3.836,3.836,3.836,0
2019-12-03 06:17:00,3.836,3.836,3.836,3.836,0
2019-12-03 06:16:00,3.836,3.836,3.836,3.836,0
2019-12-03 06:15:00,3.836,3.836,3.836,3.836,0
2019-12-03 06:14:00,3.836,3.836,3.836,3.836,0.90884
2019-12-03 06:13:00,3.836,3.836,3.836,3.836,0.6731
2019-12-03 06:12:00,3.836,3.837,3.835,3.836,2386.92361
2019-12-03 06:11:00,3.834,3.837,3.834,3.837,4199.99559
2019-12-03 06:10:00,3.834,3.836,3.832,3.836,393.7827
2019-12-03 06:09:00,3.832,3.834,3.832,3.832,2640.2124
2019-12-03 06:08:00,3.832,3.833,3.832,3.832,1906.43335
2019-12-03 06:07:00,3.832,3.834,3.832,3.833,486.90764
2019-12-03 06:06:00,3.838,3.838,3.83,3.832,3117.44157
2019-12-03 06:05:00,3.839,3.84,3.837,3.837,446.4131
2019-12-03 06:04:00,3.839,3.84,3.839,3.84,2249.1352
2019-12-03 06:03:00,3.839,3.84,3.839,3.839,1448.71694
2019-12-03 06:02:00,3.839,3.84,3.838,3.839,850.08295
2019-12-03 06:01:00,3.838,3.839,3.831,3.836,9086.14459
2019-12-03 06:00:00,3.838,3.839,3.838,3.838,2019.96804
2019-12-03 05:59:00,3.839,3.839,3.838,3.838,1081.2544
2019-12-03 05:58:00,3.839,3.839,3.839,3.839,0.45389
2019-12-03 05:57:00,3.839,3.839,3.839,3.839,151.93292
2019-12-03 05:56:00,3.839,3.839,3.839,3.839,62.24728
2019-12-03 05:55:00,3.839,3.839,3.839,3.839,0.85758
2019-12-03 05:54:00,3.839,3.839,3.839,3.839,0.71192
2019-12-03 05:53:00,3.839,3.839,3.839,3.839,0.69687
2019-12-03 05:52:00,3.839,3.839,3.839,3.839,0.65782
2019-12-03 05:51:00,3.839,3.84,3.839,3.839,81.47701
2019-12-03 05:50:00,3.839,3.839,3.839,3.839,0.58
2019-12-03 05:49:00,3.84,3.84,3.84,3.84,0
2019-12-03 05:48:00,3.84,3.84,3.84,3.84,0
2019-12-03 05:47:00,3.84,3.84,3.84,3.84,0
2019-12-03 05:46:00,3.84,3.84,3.84,3.84,53.01671
2019-12-03 05:45:00,3.84,3.84,3.84,3.84,0
2019-12-03 05:44:00,3.84,3.84,3.84,3.84,3.40131
2019-12-03 05:43:00,3.84,3.84,3.84,3.84,4.34906
2019-12-03 05:42:00,3.84,3.84,3.839,3.84,2121.51749
2019-12-03 05:41:00,3.839,3.84,3.838,3.839,3170.44853
2019-12-03 05:40:00,3.838,3.84,3.838,3.838,2406.12883
2019-12-03 05:39:00,3.84,3.84,3.838,3.84,1772.73733
2019-12-03 05:38:00,3.839,3.84,3.838,3.838,2660.15494
2019-12-03 05:37:00,3.84,3.84,3.839,3.84,909.0825
2019-12-03 05:36:00,3.839,3.839,3.839,3.839,166.45964
2019-12-03 05:35:00,3.837,3.839,3.837,3.839,2259.46939
2019-12-03 05:34:00,3.837,3.838,3.837,3.838,1.72269
2019-12-03 05:33:00,3.838,3.839,3.837,3.838,817.86872
2019-12-03 05:32:00,3.839,3.839,3.836,3.839,409.35619
2019-12-03 05:31:00,3.839,3.84,3.838,3.838,1396.80561
2019-12-03 05:30:00,3.84,3.84,3.839,3.839,4.14492
2019-12-03 05:29:00,3.842,3.842,3.84,3.84,408.51535
2019-12-03 05:28:00,3.842,3.842,3.842,3.842,0.26169
2019-12-03 05:27:00,3.842,3.843,3.842,3.842,294.72352
2019-12-03 05:26:00,3.842,3.843,3.842,3.843,1498.7506
2019-12-03 05:25:00,3.842,3.844,3.842,3.843,2780.15672
2019-12-03 05:24:00,3.842,3.842,3.842,3.842,0.42988
2019-12-03 05:23:00,3.842,3.842,3.842,3.842,0.31031
2019-12-03 05:22:00,3.842,3.843,3.842,3.842,870.39807
2019-12-03 05:21:00,3.843,3.844,3.842,3.842,1802.39675
2019-12-03 05:20:00,3.842,3.842,3.842,3.842,0.26811
2019-12-03 05:19:00,3.842,3.843,3.842,3.842,0.34068
2019-12-03 05:18:00,3.844,3.844,3.844,3.844,0
2019-12-03 05:17:00,3.848,3.848,3.843,3.844,3239.00569
2019-12-03 05:16:00,3.848,3.849,3.848,3.848,2144.28897
2019-12-03 05:15:00,3.849,3.85,3.849,3.85,703.95719
2019-12-03 05:14:00,3.848,3.85,3.848,3.848,2216.03069
2019-12-03 05:13:00,3.851,3.851,3.848,3.848,2259.07841
2019-12-03 05:12:00,3.85,3.851,3.85,3.851,1512.93203
2019-12-03 05:11:00,3.85,3.85,3.85,3.85,2.05309
2019-12-03 05:10:00,3.847,3.85,3.847,3.849,1385.02968
2019-12-03 05:09:00,3.847,3.847,3.847,3.847,3.29665
2019-12-03 05:08:00,3.845,3.847,3.845,3.847,511.7447
2019-12-03 05:07:00,3.844,3.844,3.844,3.844,242.34779
2019-12-03 05:06:00,3.842,3.844,3.842,3.844,981.66575
2019-12-03 05:05:00,3.842,3.843,3.842,3.842,1275.16729
2019-12-03 05:04:00,3.842,3.842,3.842,3.842,0.95646
2019-12-03 05:03:00,3.841,3.842,3.841,3.842,386.81068
2019-12-03 05:02:00,3.84,3.84,3.839,3.84,1216.05636
2019-12-03 05:01:00,3.84,3.84,3.838,3.84,597.41279
2019-12-03 05:00:00,3.841,3.841,3.841,3.841,0.07733
2019-12-03 04:59:00,3.841,3.841,3.841,3.841,0.17279
2019-12-03 04:58:00,3.841,3.841,3.84,3.841,1003.34887
2019-12-03 04:57:00,3.841,3.841,3.84,3.841,2812.13269
2019-12-03 04:56:00,3.841,3.841,3.841,3.841,297.39825
2019-12-03 04:55:00,3.841,3.841,3.841,3.841,1458.73196
2019-12-03 04:54:00,3.842,3.842,3.842,3.842,0
2019-12-03 04:53:00,3.841,3.842,3.841,3.842,539.08089
2019-12-03 04:52:00,3.841,3.842,3.841,3.842,536.18501
2019-12-03 04:51:00,3.837,3.841,3.837,3.84,934.79119
2019-12-03 04:50:00,3.838,3.838,3.838,3.838,2085.72835
2019-12-03 04:49:00,3.841,3.841,3.839,3.839,2131.78404
2019-12-03 04:48:00,3.841,3.841,3.841,3.841,0.26466
2019-12-03 04:47:00,3.841,3.841,3.841,3.841,0.04607
2019-12-03 04:46:00,3.841,3.841,3.841,3.841,0.17671
2019-12-03 04:45:00,3.841,3.841,3.84,3.84,700.264
2019-12-03 04:44:00,3.842,3.842,3.841,3.841,449.59606
2019-12-03 04:43:00,3.842,3.842,3.842,3.842,753.48794
2019-12-03 04:42:00,3.842,3.843,3.841,3.842,1332.12544
2019-12-03 04:41:00,3.841,3.843,3.841,3.843,2536.42935
2019-12-03 04:40:00,3.841,3.842,3.841,3.841,1102.19284
2019-12-03 04:39:00,3.841,3.843,3.841,3.841,787.08105
2019-12-03 04:38:00,3.84,3.841,3.84,3.841,404.1078
2019-12-03 04:37:00,3.838,3.84,3.838,3.84,1788.85012
2019-12-03 04:36:00,3.839,3.841,3.839,3.84,607.21145
2019-12-03 04:35:00,3.835,3.843,3.835,3.839,3393.85642
2019-12-03 04:34:00,3.834,3.835,3.834,3.835,207.61703
2019-12-03 04:33:00,3.834,3.835,3.834,3.834,2009.37561
2019-12-03 04:32:00,3.833,3.835,3.833,3.834,1979.33948
2019-12-03 04:31:00,3.834,3.834,3.833,3.833,779.49607
2019-12-03 04:30:00,3.838,3.838,3.835,3.835,1921.73221
2019-12-03 04:29:00,3.842,3.843,3.838,3.839,7551.35087
2019-12-03 04:28:00,3.842,3.842,3.842,3.842,0.05593
2019-12-03 04:27:00,3.841,3.842,3.841,3.841,2181.00503
2019-12-03 04:26:00,3.842,3.842,3.841,3.841,1503.80783
2019-12-03 04:25:00,3.843,3.843,3.841,3.842,370.5498
2019-12-03 04:24:00,3.841,3.842,3.841,3.841,1204.30751
2019-12-03 04:23:00,3.841,3.841,3.841,3.841,0
2019-12-03 04:22:00,3.841,3.841,3.841,3.841,226.1385
2019-12-03 04:21:00,3.841,3.841,3.841,3.841,977.2991
2019-12-03 04:20:00,3.841,3.841,3.84,3.84,212.55792
2019-12-03 04:19:00,3.84,3.84,3.84,3.84,27.69016
2019-12-03 04:18:00,3.84,3.84,3.84,3.84,1168.97692
2019-12-03 04:17:00,3.838,3.838,3.837,3.838,443.22798
2019-12-03 04:16:00,3.835,3.838,3.835,3.838,736.87393
2019-12-03 04:15:00,3.836,3.836,3.834,3.835,2022.55828
2019-12-03 04:14:00,3.833,3.836,3.833,3.836,893.18281
2019-12-03 04:13:00,3.834,3.834,3.833,3.833,1689.99337
2019-12-03 04:12:00,3.827,3.834,3.826,3.832,4030.74347
2019-12-03 04:11:00,3.828,3.828,3.827,3.827,1.69398
2019-12-03 04:10:00,3.826,3.829,3.825,3.828,1443.89098
2019-12-03 04:09:00,3.825,3.826,3.824,3.826,2129.53361
2019-12-03 04:08:00,3.825,3.825,3.825,3.825,578.97835
2019-12-03 04:07:00,3.82,3.826,3.82,3.825,3624.50754
2019-12-03 04:06:00,3.82,3.821,3.819,3.82,805.15594
2019-12-03 04:05:00,3.818,3.82,3.818,3.818,424.59395
2019-12-03 04:04:00,3.818,3.818,3.818,3.818,2.01888
2019-12-03 04:03:00,3.82,3.821,3.818,3.818,579.45601
2019-12-03 04:02:00,3.824,3.824,3.82,3.82,3047.0487
2019-12-03 04:01:00,3.821,3.825,3.821,3.825,1689.03289
2019-12-03 04:00:00,3.825,3.825,3.821,3.821,1891.15519
2019-12-03 03:59:00,3.827,3.828,3.826,3.826,1671.90538
2019-12-03 03:58:00,3.828,3.828,3.826,3.828,171.04086
2019-12-03 03:57:00,3.828,3.828,3.828,3.828,0.94847
2019-12-03 03:56:00,3.828,3.828,3.828,3.828,221.20434
2019-12-03 03:55:00,3.829,3.83,3.828,3.828,1857.17266
2019-12-03 03:54:00,3.829,3.829,3.829,3.829,0
2019-12-03 03:53:00,3.829,3.829,3.829,3.829,0
2019-12-03 03:52:00,3.829,3.829,3.829,3.829,0
2019-12-03 03:51:00,3.829,3.829,3.829,3.829,0
2019-12-03 03:50:00,3.829,3.829,3.829,3.829,0
2019-12-03 03:49:00,3.829,3.829,3.829,3.829,249.5543
2019-12-03 03:48:00,3.829,3.83,3.828,3.83,245.00223
2019-12-03 03:47:00,3.832,3.832,3.829,3.829,1981.3169
2019-12-03 03:46:00,3.832,3.832,3.832,3.832,471.58379
2019-12-03 03:45:00,3.832,3.832,3.832,3.832,0
2019-12-03 03:44:00,3.832,3.833,3.832,3.832,1310.42901
2019-12-03 03:43:00,3.832,3.832,3.832,3.832,9.0999
2019-12-03 03:42:00,3.832,3.832,3.832,3.832,11.18126
2019-12-03 03:41:00,3.834,3.834,3.832,3.832,1017.51077
2019-12-03 03:40:00,3.834,3.834,3.834,3.834,2803.55008
2019-12-03 03:39:00,3.835,3.835,3.834,3.834,489.95678
2019-12-03 03:38:00,3.836,3.836,3.835,3.835,7.82352
2019-12-03 03:37:00,3.836,3.836,3.836,3.836,0
2019-12-03 03:36:00,3.836,3.836,3.836,3.836,268.6871
2019-12-03 03:35:00,3.837,3.837,3.836,3.836,1193.38432
2019-12-03 03:34:00,3.837,3.837,3.837,3.837,0
2019-12-03 03:33:00,3.837,3.837,3.837,3.837,0
2019-12-03 03:32:00,3.837,3.84,3.835,3.837,3584.26951
2019-12-03 03:31:00,3.834,3.834,3.834,3.834,493.68042
2019-12-03 03:30:00,3.832,3.834,3.832,3.834,787.04651
2019-12-03 03:29:00,3.831,3.831,3.83,3.831,392.94214
2019-12-03 03:28:00,3.83,3.831,3.83,3.831,13.93452
2019-12-03 03:27:00,3.833,3.833,3.83,3.83,786.44442
2019-12-03 03:26:00,3.832,3.833,3.832,3.833,230.00031
2019-12-03 03:25:00,3.832,3.832,3.832,3.832,360.42522
2019-12-03 03:24:00,3.831,3.832,3.831,3.832,25.09288
2019-12-03 03:23:00,3.831,3.831,3.831,3.831,0.10398
2019-12-03 03:22:00,3.83,3.83,3.83,3.83,0
2019-12-03 03:21:00,3.83,3.83,3.83,3.83,0
2019-12-03 03:20:00,3.83,3.831,3.83,3.83,416.02922
2019-12-03 03:19:00,3.832,3.832,3.828,3.83,1686.46401
2019-12-03 03:18:00,3.833,3.833,3.832,3.832,680.96093
2019-12-03 03:17:00,3.833,3.833,3.833,3.833,2346.61755
2019-12-03 03:16:00,3.834,3.834,3.834,3.834,1095.92792
2019-12-03 03:15:00,3.836,3.836,3.836,3.836,0
2019-12-03 03:14:00,3.836,3.836,3.836,3.836,1.5092
2019-12-03 03:13:00,3.836,3.837,3.836,3.836,1095.41074
2019-12-03 03:12:00,3.836,3.837,3.835,3.836,1247.96785
2019-12-03 03:11:00,3.834,3.837,3.834,3.837,1094.23965
2019-12-03 03:10:00,3.835,3.837,3.835,3.837,1945.82529
2019-12-03 03:09:00,3.836,3.836,3.832,3.835,1973.33555
2019-12-03 03:08:00,3.83,3.834,3.829,3.834,3002.54385
2019-12-03 03:07:00,3.823,3.83,3.823,3.83,6477.31201
2019-12-03 03:06:00,3.822,3.823,3.822,3.823,438.41153
2019-12-03 03:05:00,3.822,3.822,3.821,3.822,5.42537
2019-12-03 03:04:00,3.82,3.821,3.82,3.821,371.51585
2019-12-03 03:03:00,3.821,3.821,3.819,3.82,692.24894
2019-12-03 03:02:00,3.821,3.821,3.821,3.821,0.21909
2019-12-03 03:01:00,3.821,3.821,3.821,3.821,776.82106
2019-12-03 03:00:00,3.82,3.821,3.82,3.821,130.40937
2019-12-03 02:59:00,3.82,3.82,3.82,3.82,920.92254
2019-12-03 02:58:00,3.819,3.821,3.819,3.821,279.48002
2019-12-03 02:57:00,3.819,3.819,3.819,3.819,58.30707
2019-12-03 02:56:00,3.821,3.821,3.819,3.82,679.14784
2019-12-03 02:55:00,3.819,3.821,3.819,3.821,2030.86481
2019-12-03 02:54:00,3.819,3.819,3.819,3.819,894.00224
2019-12-03 02:53:00,3.822,3.822,3.822,3.822,0
2019-12-03 02:52:00,3.822,3.822,3.822,3.822,0
2019-12-03 02:51:00,3.823,3.823,3.822,3.822,1681.579
2019-12-03 02:50:00,3.824,3.824,3.824,3.824,0
2019-12-03 02:49:00,3.822,3.824,3.822,3.824,636.98444
2019-12-03 02:48:00,3.824,3.824,3.822,3.822,238.33188
2019-12-03 02:47:00,3.824,3.825,3.824,3.825,1045.52544
2019-12-03 02:46:00,3.824,3.824,3.824,3.824,0
2019-12-03 02:45:00,3.823,3.825,3.823,3.824,395.18187
2019-12-03 02:44:00,3.824,3.824,3.822,3.823,1917.2726
2019-12-03 02:43:00,3.822,3.824,3.822,3.824,185.93754
2019-12-03 02:42:00,3.823,3.824,3.822,3.822,1831.7441
2019-12-03 02:41:00,3.824,3.825,3.822,3.823,2944.23575
2019-12-03 02:40:00,3.823,3.826,3.823,3.824,613.54118
2019-12-03 02:39:00,3.823,3.824,3.822,3.824,2858.50873
2019-12-03 02:38:00,3.821,3.823,3.821,3.822,2379.73205
2019-12-03 02:37:00,3.822,3.824,3.822,3.822,1519.98035
2019-12-03 02:36:00,3.822,3.822,3.822,3.822,1061.43663
2019-12-03 02:35:00,3.818,3.823,3.817,3.822,4185.73204
2019-12-03 02:34:00,3.817,3.819,3.817,3.817,579.6068
2019-12-03 02:33:00,3.816,3.817,3.816,3.816,1625.74772
2019-12-03 02:32:00,3.817,3.817,3.816,3.816,2335.90389
2019-12-03 02:31:00,3.816,3.817,3.815,3.817,1651.16064
2019-12-03 02:30:00,3.814,3.816,3.814,3.816,1676.88118
2019-12-03 02:29:00,3.814,3.814,3.814,3.814,1396.66687
2019-12-03 02:28:00,3.814,3.814,3.814,3.814,215.664
2019-12-03 02:27:00,3.813,3.815,3.811,3.815,797.91249
2019-12-03 02:26:00,3.815,3.815,3.813,3.813,2686.24817
2019-12-03 02:25:00,3.815,3.815,3.815,3.815,1643.31585
2019-12-03 02:24:00,3.818,3.818,3.817,3.817,1409.54688
2019-12-03 02:23:00,3.815,3.815,3.815,3.815,472.63133
2019-12-03 02:22:00,3.815,3.815,3.815,3.815,0
2019-12-03 02:21:00,3.815,3.815,3.815,3.815,0
2019-12-03 02:20:00,3.816,3.816,3.815,3.815,144.48192
2019-12-03 02:19:00,3.815,3.815,3.815,3.815,0
2019-12-03 02:18:00,3.815,3.815,3.815,3.815,0
2019-12-03 02:17:00,3.815,3.815,3.815,3.815,0
2019-12-03 02:16:00,3.815,3.815,3.815,3.815,0
2019-12-03 02:15:00,3.815,3.815,3.815,3.815,4.86767
2019-12-03 02:14:00,3.816,3.816,3.815,3.815,514.47099
2019-12-03 02:13:00,3.817,3.817,3.813,3.815,906.73529
2019-12-03 02:12:00,3.817,3.817,3.815,3.817,3067.75906
2019-12-03 02:11:00,3.817,3.817,3.815,3.817,1329.6459
2019-12-03 02:10:00,3.819,3.819,3.817,3.817,1044.70059
2019-12-03 02:09:00,3.822,3.822,3.819,3.819,304.54991
2019-12-03 02:08:00,3.822,3.822,3.822,3.822,1.70123
2019-12-03 02:07:00,3.821,3.821,3.821,3.821,16.44545
2019-12-03 02:06:00,3.822,3.822,3.821,3.821,3905.94175
2019-12-03 02:05:00,3.821,3.822,3.821,3.822,1.40025
2019-12-03 02:04:00,3.821,3.821,3.821,3.821,2.54373
2019-12-03 02:03:00,3.82,3.82,3.82,3.82,5.63446
2019-12-03 02:02:00,3.821,3.821,3.819,3.82,458.82584
2019-12-03 02:01:00,3.821,3.821,3.821,3.821,3196.6261
2019-12-03 02:00:00,3.826,3.826,3.821,3.821,555.39051
2019-12-03 01:59:00,3.827,3.827,3.826,3.826,729.8449
2019-12-03 01:58:00,3.826,3.827,3.826,3.827,13.54709
2019-12-03 01:57:00,3.826,3.826,3.825,3.826,1443.37904
2019-12-03 01:56:00,3.826,3.826,3.826,3.826,0
2019-12-03 01:55:00,3.825,3.826,3.825,3.826,156.91775
2019-12-03 01:54:00,3.823,3.823,3.823,3.823,0
2019-12-03 01:53:00,3.823,3.823,3.823,3.823,46.99782
2019-12-03 01:52:00,3.824,3.824,3.822,3.823,1441.60078
2019-12-03 01:51:00,3.822,3.823,3.822,3.823,37.39795
2019-12-03 01:50:00,3.824,3.824,3.823,3.823,942.42309
2019-12-03 01:49:00,3.824,3.824,3.824,3.824,3330.63552
2019-12-03 01:48:00,3.825,3.825,3.825,3.825,1.55342
2019-12-03 01:47:00,3.829,3.829,3.826,3.826,2236.87366
2019-12-03 01:46:00,3.83,3.83,3.83,3.83,100.14846
2019-12-03 01:45:00,3.831,3.832,3.831,3.832,581.04978
2019-12-03 01:44:00,3.827,3.83,3.827,3.83,663.92832
2019-12-03 01:43:00,3.826,3.828,3.826,3.828,658.1369
2019-12-03 01:42:00,3.828,3.828,3.826,3.826,1684.62944
2019-12-03 01:41:00,3.824,3.826,3.824,3.826,1423.1394
2019-12-03 01:40:00,3.825,3.826,3.824,3.826,1340.07796
2019-12-03 01:39:00,3.824,3.826,3.824,3.826,1475.27809
2019-12-03 01:38:00,3.824,3.825,3.824,3.825,391.3719
2019-12-03 01:37:00,3.829,3.829,3.827,3.827,394.98738
2019-12-03 01:36:00,3.826,3.829,3.826,3.829,1003.81401
2019-12-03 01:35:00,3.826,3.826,3.825,3.826,1954.97837
2019-12-03 01:34:00,3.823,3.825,3.823,3.825,3714.1017
2019-12-03 01:33:00,3.819,3.824,3.819,3.824,1020.72671
2019-12-03 01:32:00,3.818,3.818,3.818,3.818,631.53168
2019-12-03 01:31:00,3.818,3.818,3.818,3.818,0.85563
2019-12-03 01:30:00,3.818,3.818,3.818,3.818,0
2019-12-03 01:29:00,3.819,3.819,3.818,3.818,572.36605
2019-12-03 01:28:00,3.819,3.82,3.819,3.819,230.85499
2019-12-03 01:27:00,3.82,3.82,3.818,3.82,969.23728
2019-12-03 01:26:00,3.82,3.82,3.819,3.82,1683.06564
2019-12-03 01:25:00,3.818,3.82,3.816,3.82,4478.85175
2019-12-03 01:24:00,3.82,3.82,3.818,3.818,530.09699
2019-12-03 01:23:00,3.82,3.82,3.817,3.82,1921.14605
2019-12-03 01:22:00,3.824,3.824,3.822,3.822,423.1219
2019-12-03 01:21:00,3.827,3.827,3.822,3.824,580.52262
2019-12-03 01:20:00,3.829,3.83,3.828,3.829,550.493
2019-12-03 01:19:00,3.827,3.829,3.827,3.828,1275.25525
2019-12-03 01:18:00,3.827,3.828,3.827,3.827,276.72092
2019-12-03 01:17:00,3.824,3.827,3.824,3.827,1013.50939
2019-12-03 01:16:00,3.82,3.827,3.82,3.824,2141.622
2019-12-03 01:15:00,3.815,3.821,3.815,3.819,2076.74699
2019-12-03 01:14:00,3.814,3.815,3.814,3.815,2046.71479
2019-12-03 01:13:00,3.82,3.82,3.814,3.814,2112.15854
2019-12-03 01:12:00,3.815,3.821,3.815,3.818,3047.36831
2019-12-03 01:11:00,3.817,3.819,3.816,3.816,802.82467
2019-12-03 01:10:00,3.813,3.819,3.811,3.816,4634.14555
2019-12-03 01:09:00,3.818,3.818,3.806,3.813,10032.48537
2019-12-03 01:08:00,3.817,3.818,3.817,3.818,934.53318
2019-12-03 01:07:00,3.819,3.819,3.818,3.818,1706.39885
2019-12-03 01:06:00,3.819,3.819,3.819,3.819,1665.86214
2019-12-03 01:05:00,3.819,3.82,3.818,3.819,2586.55914
2019-12-03 01:04:00,3.824,3.824,3.818,3.818,739.34442
2019-12-03 01:03:00,3.825,3.825,3.824,3.824,338.7347
2019-12-03 01:02:00,3.826,3.826,3.823,3.824,281.52404
2019-12-03 01:01:00,3.826,3.828,3.825,3.826,904.62522
2019-12-03 01:00:00,3.828,3.83,3.824,3.826,5549.08575
2019-12-03 00:59:00,3.829,3.831,3.829,3.83,1234.02464
2019-12-03 00:58:00,3.827,3.828,3.827,3.828,944.67739
2019-12-03 00:57:00,3.831,3.832,3.827,3.827,1584.58278
2019-12-03 00:56:00,3.825,3.83,3.824,3.83,2636.95429
2019-12-03 00:55:00,3.835,3.835,3.827,3.827,2887.9855
2019-12-03 00:54:00,3.841,3.841,3.836,3.836,3041.10619
2019-12-03 00:53:00,3.841,3.841,3.841,3.841,227.60125
2019-12-03 00:52:00,3.841,3.841,3.838,3.84,72.21747
2019-12-03 00:51:00,3.84,3.842,3.839,3.841,1861.86811
2019-12-03 00:50:00,3.841,3.842,3.839,3.842,2188.04844
2019-12-03 00:49:00,3.844,3.844,3.842,3.842,2164.98216
2019-12-03 00:48:00,3.845,3.845,3.841,3.844,505.22002
2019-12-03 00:47:00,3.848,3.848,3.844,3.845,1085.90315
2019-12-03 00:46:00,3.848,3.848,3.848,3.848,0.78238
2019-12-03 00:45:00,3.851,3.851,3.848,3.848,579.598
2019-12-03 00:44:00,3.851,3.851,3.851,3.851,11.8418
2019-12-03 00:43:00,3.852,3.852,3.85,3.851,411.97946
2019-12-03 00:42:00,3.85,3.852,3.85,3.852,1051.38072
2019-12-03 00:41:00,3.85,3.85,3.849,3.85,353.25429
2019-12-03 00:40:00,3.852,3.852,3.85,3.85,218.71112
2019-12-03 00:39:00,3.852,3.852,3.848,3.852,1587.01233
2019-12-03 00:38:00,3.852,3.854,3.852,3.853,949.45548
2019-12-03 00:37:00,3.853,3.853,3.851,3.852,512.3016
2019-12-03 00:36:00,3.858,3.858,3.854,3.854,1573.97334
2019-12-03 00:35:00,3.852,3.859,3.852,3.859,619.49245
2019-12-03 00:34:00,3.849,3.851,3.849,3.851,1666.14049
2019-12-03 00:33:00,3.849,3.85,3.847,3.847,2030.06433
2019-12-03 00:32:00,3.846,3.848,3.846,3.848,646.89591
2019-12-03 00:31:00,3.852,3.852,3.847,3.847,1074.50705
2019-12-03 00:30:00,3.852,3.852,3.852,3.852,990.99046
2019-12-03 00:29:00,3.855,3.857,3.853,3.853,1359.86867
2019-12-03 00:28:00,3.855,3.856,3.855,3.856,908.54519
2019-12-03 00:27:00,3.853,3.854,3.853,3.854,310.80129
2019-12-03 00:26:00,3.852,3.852,3.852,3.852,0
2019-12-03 00:25:00,3.851,3.852,3.851,3.852,1865.46758
2019-12-03 00:24:00,3.853,3.853,3.853,3.853,101.0221
2019-12-03 00:23:00,3.859,3.859,3.853,3.853,1032.39007
2019-12-03 00:22:00,3.858,3.859,3.858,3.859,707.72498
2019-12-03 00:21:00,3.857,3.86,3.856,3.86,590.03611
2019-12-03 00:20:00,3.857,3.858,3.856,3.857,1924.15847
2019-12-03 00:19:00,3.855,3.856,3.855,3.856,378.83539
2019-12-03 00:18:00,3.857,3.857,3.856,3.856,55.26976
2019-12-03 00:17:00,3.858,3.858,3.855,3.857,2349.83127
2019-12-03 00:16:00,3.862,3.862,3.859,3.859,1258.46464
2019-12-03 00:15:00,3.859,3.862,3.858,3.861,1659.36407
2019-12-03 00:14:00,3.854,3.861,3.854,3.859,4482.12094
2019-12-03 00:13:00,3.846,3.855,3.846,3.855,3726.35446
2019-12-03 00:12:00,3.848,3.849,3.843,3.847,3494.99492
2019-12-03 00:11:00,3.847,3.851,3.846,3.848,2573.0661
2019-12-03 00:10:00,3.847,3.848,3.836,3.846,11095.36024
2019-12-03 00:09:00,3.856,3.856,3.847,3.848,1698.24488
2019-12-03 00:08:00,3.86,3.86,3.856,3.857,1070.2421
2019-12-03 00:07:00,3.866,3.867,3.86,3.86,4094.08683
2019-12-03 00:06:00,3.866,3.868,3.866,3.868,1045.96991
2019-12-03 00:05:00,3.866,3.866,3.865,3.866,1605.50209
2019-12-03 00:04:00,3.868,3.869,3.866,3.866,1106.77907
2019-12-03 00:03:00,3.864,3.866,3.864,3.866,1219.51432
2019-12-03 00:02:00,3.861,3.863,3.861,3.863,396.01909
2019-12-03 00:01:00,3.858,3.859,3.858,3.859,2287.56485
2019-12-03 00:00:00,3.859,3.859,3.858,3.859,235.3162
