2019-11-16 23:59:00,4.616,4.616,4.616,4.616,182.85098
2019-11-16 23:58:00,4.616,4.616,4.616,4.616,190.99518
2019-11-16 23:57:00,4.616,4.616,4.616,4.616,0
2019-11-16 23:56:00,4.616,4.616,4.616,4.616,489.51057
2019-11-16 23:55:00,4.618,4.618,4.616,4.616,26.41252
2019-11-16 23:54:00,4.617,4.618,4.617,4.618,190.86472
2019-11-16 23:53:00,4.619,4.619,4.618,4.618,436.77081
2019-11-16 23:52:00,4.62,4.62,4.618,4.619,2647.66304
2019-11-16 23:51:00,4.62,4.621,4.62,4.621,2122.73488
2019-11-16 23:50:00,4.619,4.62,4.619,4.62,1279.61163
2019-11-16 23:49:00,4.621,4.621,4.621,4.621,2
2019-11-16 23:48:00,4.619,4.621,4.619,4.621,1633.99956
2019-11-16 23:47:00,4.625,4.625,4.62,4.62,1630.92821
2019-11-16 23:46:00,4.626,4.626,4.625,4.625,229.44983
2019-11-16 23:45:00,4.624,4.624,4.624,4.624,0
2019-11-16 23:44:00,4.626,4.626,4.624,4.624,100.59763
2019-11-16 23:43:00,4.624,4.626,4.624,4.626,1561.54559
2019-11-16 23:42:00,4.624,4.624,4.624,4.624,0.3719
2019-11-16 23:41:00,4.625,4.625,4.624,4.624,541.82422
2019-11-16 23:40:00,4.624,4.624,4.624,4.624,288.37084
2019-11-16 23:39:00,4.622,4.627,4.622,4.624,1324.06857
2019-11-16 23:38:00,4.622,4.623,4.622,4.623,0.40733
2019-11-16 23:37:00,4.622,4.622,4.622,4.622,17.10806
2019-11-16 23:36:00,4.62,4.622,4.62,4.622,1517.23008
2019-11-16 23:35:00,4.62,4.62,4.62,4.62,0.20823
2019-11-16 23:34:00,4.62,4.62,4.62,4.62,0.12695
2019-11-16 23:33:00,4.62,4.621,4.62,4.62,61.85611
2019-11-16 23:32:00,4.622,4.622,4.62,4.62,1032.05925
2019-11-16 23:31:00,4.621,4.622,4.621,4.621,131.52598
2019-11-16 23:30:00,4.621,4.622,4.621,4.622,1340.36112
2019-11-16 23:29:00,4.621,4.624,4.621,4.623,2810.75191
2019-11-16 23:28:00,4.621,4.623,4.62,4.62,2460.99595
2019-11-16 23:27:00,4.62,4.62,4.62,4.62,325.0743
2019-11-16 23:26:00,4.619,4.619,4.619,4.619,0
2019-11-16 23:25:00,4.618,4.619,4.618,4.619,399.76423
2019-11-16 23:24:00,4.616,4.619,4.616,4.619,2057.22193
2019-11-16 23:23:00,4.619,4.619,4.616,4.616,455.72215
2019-11-16 23:22:00,4.619,4.619,4.619,4.619,0.16846
2019-11-16 23:21:00,4.619,4.619,4.619,4.619,0.17738
2019-11-16 23:20:00,4.619,4.619,4.619,4.619,0.14564
2019-11-16 23:19:00,4.619,4.619,4.619,4.619,0.10253
2019-11-16 23:18:00,4.618,4.619,4.618,4.619,576.20042
2019-11-16 23:17:00,4.618,4.618,4.618,4.618,0.07821
2019-11-16 23:16:00,4.615,4.618,4.615,4.618,1956.24395
2019-11-16 23:15:00,4.615,4.615,4.614,4.614,371.82599
2019-11-16 23:14:00,4.611,4.614,4.611,4.614,1313.72769
2019-11-16 23:13:00,4.613,4.613,4.609,4.612,1286.53127
2019-11-16 23:12:00,4.616,4.616,4.613,4.613,267.61486
2019-11-16 23:11:00,4.62,4.62,4.615,4.616,618.5788
2019-11-16 23:10:00,4.62,4.62,4.62,4.62,4.93865
2019-11-16 23:09:00,4.62,4.621,4.62,4.62,284.48858
2019-11-16 23:08:00,4.622,4.623,4.622,4.622,190.86008
2019-11-16 23:07:00,4.628,4.628,4.622,4.622,3560.63933
2019-11-16 23:06:00,4.628,4.629,4.628,4.628,1132.59124
2019-11-16 23:05:00,4.627,4.629,4.627,4.629,659.32919
2019-11-16 23:04:00,4.627,4.627,4.627,4.627,1137.94755
2019-11-16 23:03:00,4.625,4.627,4.624,4.627,1358.91732
2019-11-16 23:02:00,4.626,4.626,4.624,4.625,229.00834
2019-11-16 23:01:00,4.625,4.626,4.625,4.626,0.3695
2019-11-16 23:00:00,4.624,4.624,4.624,4.624,221.57625
2019-11-16 22:59:00,4.622,4.623,4.622,4.623,1129.16218
2019-11-16 22:58:00,4.622,4.623,4.622,4.623,487.08696
2019-11-16 22:57:00,4.623,4.625,4.622,4.622,1144.7407
2019-11-16 22:56:00,4.622,4.623,4.622,4.623,447.99056
2019-11-16 22:55:00,4.619,4.621,4.619,4.621,190.09979
2019-11-16 22:54:00,4.621,4.621,4.619,4.619,900.40859
2019-11-16 22:53:00,4.623,4.623,4.62,4.621,781.70092
2019-11-16 22:52:00,4.624,4.624,4.621,4.623,2003.13246
2019-11-16 22:51:00,4.625,4.625,4.625,4.625,260.05381
2019-11-16 22:50:00,4.626,4.626,4.626,4.626,942.27782
2019-11-16 22:49:00,4.624,4.624,4.624,4.624,0
2019-11-16 22:48:00,4.624,4.624,4.624,4.624,0
2019-11-16 22:47:00,4.625,4.625,4.624,4.624,1560.69111
2019-11-16 22:46:00,4.625,4.625,4.625,4.625,454.00788
2019-11-16 22:45:00,4.621,4.623,4.621,4.623,312.51958
2019-11-16 22:44:00,4.62,4.622,4.618,4.622,2070.83594
2019-11-16 22:43:00,4.615,4.623,4.614,4.621,1501.40157
2019-11-16 22:42:00,4.612,4.613,4.612,4.613,7.40961
2019-11-16 22:41:00,4.612,4.613,4.612,4.612,1470.80813
2019-11-16 22:40:00,4.611,4.612,4.611,4.612,533.95888
2019-11-16 22:39:00,4.613,4.613,4.611,4.611,435.85107
2019-11-16 22:38:00,4.614,4.614,4.614,4.614,0
2019-11-16 22:37:00,4.614,4.614,4.614,4.614,0
2019-11-16 22:36:00,4.613,4.614,4.611,4.614,1646.17551
2019-11-16 22:35:00,4.613,4.613,4.612,4.612,2030.42624
2019-11-16 22:34:00,4.617,4.617,4.613,4.613,2206.0003
2019-11-16 22:33:00,4.614,4.618,4.614,4.618,1175.49149
2019-11-16 22:32:00,4.612,4.614,4.612,4.614,5.6407
2019-11-16 22:31:00,4.616,4.616,4.612,4.614,1400.37313
2019-11-16 22:30:00,4.617,4.617,4.617,4.617,1854.00703
2019-11-16 22:29:00,4.615,4.618,4.615,4.617,3669.5314
2019-11-16 22:28:00,4.613,4.615,4.613,4.614,1615.00918
2019-11-16 22:27:00,4.61,4.612,4.61,4.612,47.27167
2019-11-16 22:26:00,4.608,4.61,4.608,4.609,318.84395
2019-11-16 22:25:00,4.603,4.607,4.603,4.605,2688.25837
2019-11-16 22:24:00,4.604,4.604,4.603,4.603,229.50805
2019-11-16 22:23:00,4.603,4.603,4.603,4.603,255.257
2019-11-16 22:22:00,4.606,4.607,4.603,4.604,911.19665
2019-11-16 22:21:00,4.597,4.604,4.597,4.604,2128.21126
2019-11-16 22:20:00,4.598,4.598,4.596,4.597,2302.86922
2019-11-16 22:19:00,4.607,4.607,4.594,4.599,9322.5694
2019-11-16 22:18:00,4.595,4.609,4.593,4.608,2435.51764
2019-11-16 22:17:00,4.6,4.6,4.592,4.595,366.12661
2019-11-16 22:16:00,4.593,4.6,4.593,4.6,483.04053
2019-11-16 22:15:00,4.595,4.597,4.59,4.593,1631.66547
2019-11-16 22:14:00,4.584,4.599,4.584,4.592,3989.01041
2019-11-16 22:13:00,4.606,4.606,4.582,4.586,10342.93727
2019-11-16 22:12:00,4.61,4.613,4.61,4.612,506.46269
2019-11-16 22:11:00,4.62,4.62,4.609,4.611,2192.396
2019-11-16 22:10:00,4.625,4.625,4.62,4.621,1867.37431
2019-11-16 22:09:00,4.623,4.625,4.623,4.625,808.24221
2019-11-16 22:08:00,4.62,4.625,4.617,4.623,3356.10549
2019-11-16 22:07:00,4.62,4.621,4.613,4.62,2250.57292
2019-11-16 22:06:00,4.623,4.623,4.621,4.621,469.86782
2019-11-16 22:05:00,4.627,4.627,4.624,4.624,2332.82076
2019-11-16 22:04:00,4.627,4.627,4.623,4.627,1424.63475
2019-11-16 22:03:00,4.631,4.634,4.626,4.627,3889.57182
2019-11-16 22:02:00,4.627,4.631,4.626,4.631,2858.00411
2019-11-16 22:01:00,4.628,4.637,4.624,4.626,8471.80248
2019-11-16 22:00:00,4.623,4.628,4.623,4.628,1389.50673
2019-11-16 21:59:00,4.625,4.625,4.623,4.623,2638.63079
2019-11-16 21:58:00,4.628,4.628,4.625,4.625,1650.40195
2019-11-16 21:57:00,4.622,4.626,4.622,4.626,719.7594
2019-11-16 21:56:00,4.624,4.624,4.621,4.621,1162.11092
2019-11-16 21:55:00,4.624,4.624,4.622,4.623,4801.66081
2019-11-16 21:54:00,4.629,4.631,4.624,4.624,311.61988
2019-11-16 21:53:00,4.626,4.629,4.626,4.628,1526.81728
2019-11-16 21:52:00,4.622,4.624,4.617,4.624,1444.65349
2019-11-16 21:51:00,4.61,4.62,4.61,4.62,3236.48866
2019-11-16 21:50:00,4.61,4.61,4.609,4.61,115.46049
2019-11-16 21:49:00,4.61,4.61,4.61,4.61,0.1475
2019-11-16 21:48:00,4.606,4.611,4.606,4.61,929.99163
2019-11-16 21:47:00,4.606,4.606,4.606,4.606,0.13452
2019-11-16 21:46:00,4.606,4.606,4.606,4.606,0.11394
2019-11-16 21:45:00,4.606,4.606,4.606,4.606,0.12041
2019-11-16 21:44:00,4.606,4.606,4.605,4.606,786.59291
2019-11-16 21:43:00,4.606,4.606,4.606,4.606,4.59294
2019-11-16 21:42:00,4.606,4.606,4.606,4.606,3.27849
2019-11-16 21:41:00,4.606,4.606,4.606,4.606,2.89763
2019-11-16 21:40:00,4.606,4.606,4.606,4.606,5.26954
2019-11-16 21:39:00,4.606,4.606,4.606,4.606,3.25678
2019-11-16 21:38:00,4.606,4.606,4.606,4.606,3.33941
2019-11-16 21:37:00,4.606,4.606,4.606,4.606,4.09132
2019-11-16 21:36:00,4.606,4.606,4.606,4.606,3.04622
2019-11-16 21:35:00,4.606,4.606,4.606,4.606,1.71678
2019-11-16 21:34:00,4.605,4.606,4.605,4.606,1032.52857
2019-11-16 21:33:00,4.605,4.605,4.605,4.605,1.18172
2019-11-16 21:32:00,4.606,4.606,4.605,4.605,2.79229
2019-11-16 21:31:00,4.607,4.607,4.607,4.607,0.16132
2019-11-16 21:30:00,4.608,4.608,4.606,4.606,1128.42797
2019-11-16 21:29:00,4.605,4.608,4.605,4.606,2279.54078
2019-11-16 21:28:00,4.608,4.608,4.607,4.607,415.1688
2019-11-16 21:27:00,4.608,4.609,4.608,4.609,1836.39589
2019-11-16 21:26:00,4.607,4.607,4.607,4.607,152.52766
2019-11-16 21:25:00,4.607,4.607,4.605,4.606,183.03319
2019-11-16 21:24:00,4.6,4.603,4.6,4.603,2035.26581
2019-11-16 21:23:00,4.602,4.602,4.6,4.6,239.69883
2019-11-16 21:22:00,4.604,4.604,4.602,4.602,392.71482
2019-11-16 21:21:00,4.604,4.604,4.604,4.604,764.17509
2019-11-16 21:20:00,4.604,4.604,4.603,4.604,1324.81848
2019-11-16 21:19:00,4.605,4.605,4.605,4.605,30.42816
2019-11-16 21:18:00,4.604,4.605,4.604,4.605,1045.7922
2019-11-16 21:17:00,4.607,4.607,4.606,4.607,34.62557
2019-11-16 21:16:00,4.608,4.611,4.608,4.608,490.78727
2019-11-16 21:15:00,4.607,4.607,4.607,4.607,41.32362
2019-11-16 21:14:00,4.607,4.61,4.606,4.607,1571.13248
2019-11-16 21:13:00,4.607,4.607,4.607,4.607,12.50142
2019-11-16 21:12:00,4.607,4.607,4.607,4.607,1.77378
2019-11-16 21:11:00,4.607,4.607,4.606,4.607,1330.65826
2019-11-16 21:10:00,4.608,4.608,4.608,4.608,0
2019-11-16 21:09:00,4.608,4.608,4.608,4.608,0
2019-11-16 21:08:00,4.609,4.609,4.608,4.608,7.02607
2019-11-16 21:07:00,4.607,4.609,4.607,4.609,23.04121
2019-11-16 21:06:00,4.607,4.607,4.607,4.607,0.17267
2019-11-16 21:05:00,4.607,4.607,4.607,4.607,1.02759
2019-11-16 21:04:00,4.607,4.607,4.607,4.607,0.58383
2019-11-16 21:03:00,4.608,4.608,4.608,4.608,0
2019-11-16 21:02:00,4.602,4.608,4.602,4.608,557.45589
2019-11-16 21:01:00,4.601,4.602,4.601,4.602,2224.74148
2019-11-16 21:00:00,4.595,4.599,4.595,4.599,893.16011
2019-11-16 20:59:00,4.595,4.595,4.595,4.595,217.52013
2019-11-16 20:58:00,4.595,4.595,4.595,4.595,0
2019-11-16 20:57:00,4.595,4.595,4.595,4.595,43.44992
2019-11-16 20:56:00,4.596,4.596,4.595,4.595,485.53086
2019-11-16 20:55:00,4.595,4.596,4.595,4.596,1718.53432
2019-11-16 20:54:00,4.595,4.595,4.595,4.595,0.28671
2019-11-16 20:53:00,4.595,4.595,4.595,4.595,0
2019-11-16 20:52:00,4.595,4.595,4.595,4.595,49.84189
2019-11-16 20:51:00,4.596,4.596,4.596,4.596,60.69883
2019-11-16 20:50:00,4.595,4.596,4.595,4.596,165.8447
2019-11-16 20:49:00,4.594,4.594,4.594,4.594,0
2019-11-16 20:48:00,4.591,4.594,4.591,4.594,293.25249
2019-11-16 20:47:00,4.593,4.593,4.592,4.592,249.65301
2019-11-16 20:46:00,4.593,4.593,4.593,4.593,0
2019-11-16 20:45:00,4.594,4.594,4.593,4.593,153.58291
2019-11-16 20:44:00,4.595,4.595,4.594,4.595,171.99662
2019-11-16 20:43:00,4.593,4.595,4.593,4.595,106.40918
2019-11-16 20:42:00,4.594,4.594,4.593,4.593,11.62974
2019-11-16 20:41:00,4.594,4.594,4.594,4.594,4.93568
2019-11-16 20:40:00,4.592,4.594,4.592,4.594,4.12437
2019-11-16 20:39:00,4.592,4.592,4.592,4.592,390.55634
2019-11-16 20:38:00,4.589,4.59,4.589,4.59,4.35637
2019-11-16 20:37:00,4.588,4.59,4.588,4.589,197.16207
2019-11-16 20:36:00,4.59,4.59,4.588,4.588,476.95137
2019-11-16 20:35:00,4.591,4.591,4.59,4.59,6.12421
2019-11-16 20:34:00,4.592,4.592,4.591,4.591,302.83379
2019-11-16 20:33:00,4.595,4.595,4.592,4.592,474.4626
2019-11-16 20:32:00,4.595,4.597,4.594,4.594,819.60767
2019-11-16 20:31:00,4.596,4.596,4.595,4.595,1104.62421
2019-11-16 20:30:00,4.598,4.598,4.595,4.597,1155.71128
2019-11-16 20:29:00,4.597,4.597,4.597,4.597,0
2019-11-16 20:28:00,4.597,4.597,4.597,4.597,478.61197
2019-11-16 20:27:00,4.589,4.595,4.589,4.595,2592.14177
2019-11-16 20:26:00,4.59,4.59,4.59,4.59,2
2019-11-16 20:25:00,4.592,4.592,4.59,4.59,251.95046
2019-11-16 20:24:00,4.589,4.594,4.588,4.593,2224.42367
2019-11-16 20:23:00,4.588,4.588,4.588,4.588,0
2019-11-16 20:22:00,4.59,4.59,4.59,4.59,66.86764
2019-11-16 20:21:00,4.59,4.59,4.59,4.59,8.41628
2019-11-16 20:20:00,4.589,4.59,4.588,4.588,734.42542
2019-11-16 20:19:00,4.593,4.593,4.589,4.59,2627.08952
2019-11-16 20:18:00,4.598,4.599,4.595,4.595,1615.26838
2019-11-16 20:17:00,4.601,4.601,4.601,4.601,0
2019-11-16 20:16:00,4.602,4.602,4.601,4.601,0.59839
2019-11-16 20:15:00,4.601,4.602,4.6,4.602,602.21604
2019-11-16 20:14:00,4.602,4.603,4.6,4.601,998.51423
2019-11-16 20:13:00,4.603,4.603,4.602,4.602,312.66451
2019-11-16 20:12:00,4.603,4.603,4.603,4.603,2.54702
2019-11-16 20:11:00,4.606,4.606,4.602,4.603,362.13667
2019-11-16 20:10:00,4.603,4.606,4.603,4.606,2162.17288
2019-11-16 20:09:00,4.602,4.602,4.602,4.602,156.48494
2019-11-16 20:08:00,4.604,4.604,4.601,4.602,441.53294
2019-11-16 20:07:00,4.604,4.606,4.604,4.604,726.66776
2019-11-16 20:06:00,4.603,4.604,4.603,4.603,232.38898
2019-11-16 20:05:00,4.604,4.604,4.602,4.602,2125.69545
2019-11-16 20:04:00,4.604,4.606,4.6,4.603,875.35467
2019-11-16 20:03:00,4.606,4.606,4.603,4.603,3247.94454
2019-11-16 20:02:00,4.605,4.605,4.602,4.605,279.53658
2019-11-16 20:01:00,4.604,4.606,4.604,4.605,291.21457
2019-11-16 20:00:00,4.6,4.602,4.6,4.602,186.05306
2019-11-16 19:59:00,4.599,4.599,4.599,4.599,0
2019-11-16 19:58:00,4.599,4.599,4.599,4.599,285.8052
2019-11-16 19:57:00,4.599,4.599,4.599,4.599,1241.03575
2019-11-16 19:56:00,4.596,4.597,4.596,4.597,647.5202
2019-11-16 19:55:00,4.596,4.596,4.596,4.596,0.14883
2019-11-16 19:54:00,4.597,4.597,4.596,4.596,1366.02982
2019-11-16 19:53:00,4.597,4.597,4.597,4.597,267.944
2019-11-16 19:52:00,4.597,4.597,4.597,4.597,0
2019-11-16 19:51:00,4.597,4.597,4.597,4.597,235.829
2019-11-16 19:50:00,4.595,4.596,4.595,4.596,323.1725
2019-11-16 19:49:00,4.596,4.596,4.595,4.596,609.80835
2019-11-16 19:48:00,4.597,4.597,4.597,4.597,234.93664
2019-11-16 19:47:00,4.592,4.596,4.592,4.596,1874.16287
2019-11-16 19:46:00,4.592,4.592,4.592,4.592,1139.56178
2019-11-16 19:45:00,4.594,4.594,4.594,4.594,50
2019-11-16 19:44:00,4.595,4.597,4.595,4.597,219.58986
2019-11-16 19:43:00,4.595,4.595,4.594,4.595,267.90374
2019-11-16 19:42:00,4.592,4.595,4.592,4.595,174.16765
2019-11-16 19:41:00,4.592,4.593,4.592,4.592,7.04613
2019-11-16 19:40:00,4.592,4.592,4.592,4.592,1.67897
2019-11-16 19:39:00,4.59,4.592,4.59,4.592,237.91283
2019-11-16 19:38:00,4.592,4.592,4.59,4.59,216.03806
2019-11-16 19:37:00,4.592,4.592,4.592,4.592,0.80912
2019-11-16 19:36:00,4.595,4.596,4.592,4.592,1348.22043
2019-11-16 19:35:00,4.596,4.597,4.595,4.595,49.3025
2019-11-16 19:34:00,4.596,4.597,4.596,4.597,1853.13251
2019-11-16 19:33:00,4.598,4.598,4.598,4.598,583.76905
2019-11-16 19:32:00,4.601,4.601,4.598,4.598,1247.12562
2019-11-16 19:31:00,4.599,4.601,4.599,4.601,2.89128
2019-11-16 19:30:00,4.596,4.598,4.596,4.598,423.98806
2019-11-16 19:29:00,4.597,4.597,4.597,4.597,0
2019-11-16 19:28:00,4.597,4.597,4.597,4.597,1.08766
2019-11-16 19:27:00,4.591,4.597,4.591,4.597,1363.37081
2019-11-16 19:26:00,4.59,4.59,4.589,4.59,2172.36313
2019-11-16 19:25:00,4.593,4.593,4.589,4.589,1115.87324
2019-11-16 19:24:00,4.588,4.593,4.588,4.593,216.72147
2019-11-16 19:23:00,4.582,4.588,4.582,4.588,862.57467
2019-11-16 19:22:00,4.586,4.586,4.583,4.583,585.36649
2019-11-16 19:21:00,4.588,4.588,4.587,4.587,366.42509
2019-11-16 19:20:00,4.588,4.588,4.587,4.587,1091.31199
2019-11-16 19:19:00,4.592,4.592,4.59,4.59,761.9306
2019-11-16 19:18:00,4.592,4.593,4.592,4.592,643.32241
2019-11-16 19:17:00,4.594,4.594,4.593,4.593,1672.87678
2019-11-16 19:16:00,4.593,4.593,4.593,4.593,0.02202
2019-11-16 19:15:00,4.591,4.592,4.59,4.592,1278.30009
2019-11-16 19:14:00,4.59,4.592,4.59,4.591,14.18444
2019-11-16 19:13:00,4.59,4.591,4.59,4.59,1134.93778
2019-11-16 19:12:00,4.593,4.593,4.592,4.592,154.845
2019-11-16 19:11:00,4.593,4.593,4.593,4.593,0
2019-11-16 19:10:00,4.589,4.593,4.589,4.593,1798.53788
2019-11-16 19:09:00,4.592,4.593,4.589,4.589,2205.90773
2019-11-16 19:08:00,4.59,4.593,4.588,4.593,10298.11474
2019-11-16 19:07:00,4.59,4.59,4.588,4.589,3390.93845
2019-11-16 19:06:00,4.588,4.592,4.585,4.59,3196.45918
2019-11-16 19:05:00,4.589,4.594,4.586,4.59,6456.95593
2019-11-16 19:04:00,4.597,4.597,4.592,4.592,2556.59687
2019-11-16 19:03:00,4.599,4.601,4.598,4.598,2857.07502
2019-11-16 19:02:00,4.6,4.601,4.598,4.599,1616.1425
2019-11-16 19:01:00,4.601,4.603,4.601,4.601,1343.33429
2019-11-16 19:00:00,4.598,4.602,4.598,4.601,425.17873
2019-11-16 18:59:00,4.596,4.596,4.596,4.596,0
2019-11-16 18:58:00,4.596,4.596,4.596,4.596,179.3672
2019-11-16 18:57:00,4.597,4.598,4.595,4.595,472.58001
2019-11-16 18:56:00,4.597,4.597,4.597,4.597,39.64674
2019-11-16 18:55:00,4.594,4.596,4.594,4.596,1102.00672
2019-11-16 18:54:00,4.594,4.594,4.594,4.594,261.54003
2019-11-16 18:53:00,4.591,4.593,4.591,4.593,137.33824
2019-11-16 18:52:00,4.598,4.598,4.588,4.59,2234.25175
2019-11-16 18:51:00,4.593,4.598,4.593,4.597,2007.80346
2019-11-16 18:50:00,4.585,4.593,4.585,4.593,1627.39759
2019-11-16 18:49:00,4.584,4.585,4.58,4.585,2554.96115
2019-11-16 18:48:00,4.593,4.593,4.582,4.584,3733.51698
2019-11-16 18:47:00,4.595,4.595,4.594,4.594,1014.07556
2019-11-16 18:46:00,4.595,4.598,4.592,4.596,1737.16092
2019-11-16 18:45:00,4.598,4.598,4.596,4.596,582.24735
2019-11-16 18:44:00,4.598,4.6,4.597,4.6,2133.93356
2019-11-16 18:43:00,4.599,4.599,4.597,4.598,714.07091
2019-11-16 18:42:00,4.604,4.604,4.599,4.6,2260.45438
2019-11-16 18:41:00,4.606,4.606,4.604,4.604,245.12524
2019-11-16 18:40:00,4.606,4.606,4.606,4.606,6.41885
2019-11-16 18:39:00,4.606,4.606,4.606,4.606,2.96089
2019-11-16 18:38:00,4.609,4.609,4.607,4.607,1244.79746
2019-11-16 18:37:00,4.607,4.609,4.607,4.609,24.68508
2019-11-16 18:36:00,4.611,4.611,4.607,4.608,394.65362
2019-11-16 18:35:00,4.611,4.611,4.611,4.611,3.91045
2019-11-16 18:34:00,4.611,4.612,4.611,4.612,69.5234
2019-11-16 18:33:00,4.612,4.612,4.612,4.612,678.49329
2019-11-16 18:32:00,4.608,4.613,4.608,4.613,1778.15767
2019-11-16 18:31:00,4.611,4.611,4.608,4.609,906.01445
2019-11-16 18:30:00,4.614,4.614,4.611,4.611,1251.42145
2019-11-16 18:29:00,4.617,4.617,4.614,4.614,317.2098
2019-11-16 18:28:00,4.616,4.616,4.616,4.616,32.75743
2019-11-16 18:27:00,4.619,4.619,4.614,4.614,1689.16362
2019-11-16 18:26:00,4.619,4.62,4.619,4.62,461.44123
2019-11-16 18:25:00,4.618,4.619,4.618,4.619,434.2627
2019-11-16 18:24:00,4.621,4.621,4.618,4.618,665.91187
2019-11-16 18:23:00,4.619,4.622,4.619,4.621,834.78454
2019-11-16 18:22:00,4.625,4.625,4.621,4.623,5066.29054
2019-11-16 18:21:00,4.625,4.625,4.624,4.624,769.66918
2019-11-16 18:20:00,4.629,4.629,4.625,4.625,769.75893
2019-11-16 18:19:00,4.622,4.627,4.622,4.626,1161.53675
2019-11-16 18:18:00,4.626,4.628,4.623,4.623,1589.64407
2019-11-16 18:17:00,4.627,4.631,4.625,4.625,4552.37826
2019-11-16 18:16:00,4.623,4.628,4.623,4.628,1085.34855
2019-11-16 18:15:00,4.624,4.624,4.621,4.623,2918.65745
2019-11-16 18:14:00,4.622,4.623,4.622,4.622,645.07259
2019-11-16 18:13:00,4.619,4.622,4.619,4.622,722.71771
2019-11-16 18:12:00,4.621,4.621,4.616,4.619,1326.8507
2019-11-16 18:11:00,4.625,4.625,4.621,4.621,161.58067
2019-11-16 18:10:00,4.625,4.629,4.625,4.626,660.3873
2019-11-16 18:09:00,4.624,4.624,4.624,4.624,7.0116
2019-11-16 18:08:00,4.622,4.622,4.622,4.622,1599.47382
2019-11-16 18:07:00,4.623,4.623,4.62,4.62,1713.00362
2019-11-16 18:06:00,4.622,4.622,4.622,4.622,2.47
2019-11-16 18:05:00,4.622,4.625,4.622,4.622,569.86831
2019-11-16 18:04:00,4.619,4.622,4.619,4.622,1434.33724
2019-11-16 18:03:00,4.617,4.619,4.617,4.619,886.45082
2019-11-16 18:02:00,4.617,4.618,4.616,4.617,176.76208
2019-11-16 18:01:00,4.618,4.618,4.613,4.615,2661.89592
2019-11-16 18:00:00,4.609,4.615,4.609,4.615,950.16494
2019-11-16 17:59:00,4.612,4.612,4.608,4.608,546.18608
2019-11-16 17:58:00,4.611,4.612,4.611,4.612,664.08703
2019-11-16 17:57:00,4.614,4.616,4.612,4.612,1200.36027
2019-11-16 17:56:00,4.614,4.614,4.614,4.614,331.23744
2019-11-16 17:55:00,4.62,4.62,4.619,4.619,999.29194
2019-11-16 17:54:00,4.618,4.62,4.618,4.62,484.93465
2019-11-16 17:53:00,4.615,4.617,4.615,4.617,404.66046
2019-11-16 17:52:00,4.617,4.617,4.614,4.616,932.86632
2019-11-16 17:51:00,4.619,4.62,4.619,4.619,2362.37354
2019-11-16 17:50:00,4.624,4.624,4.621,4.621,333.97593
2019-11-16 17:49:00,4.622,4.622,4.622,4.622,166.10275
2019-11-16 17:48:00,4.618,4.619,4.618,4.619,1569.91145
2019-11-16 17:47:00,4.616,4.618,4.616,4.618,684.48574
2019-11-16 17:46:00,4.615,4.615,4.615,4.615,826.64739
2019-11-16 17:45:00,4.613,4.614,4.613,4.614,707.62522
2019-11-16 17:44:00,4.614,4.614,4.613,4.613,8.84952
2019-11-16 17:43:00,4.618,4.618,4.614,4.614,1002.96029
2019-11-16 17:42:00,4.615,4.618,4.615,4.617,530.74216
2019-11-16 17:41:00,4.613,4.616,4.613,4.614,1235.89172
2019-11-16 17:40:00,4.613,4.617,4.612,4.615,1321.407
2019-11-16 17:39:00,4.614,4.614,4.612,4.613,1878.88829
2019-11-16 17:38:00,4.609,4.617,4.609,4.613,6356.19495
2019-11-16 17:37:00,4.607,4.608,4.607,4.608,37.48434
2019-11-16 17:36:00,4.614,4.614,4.607,4.607,392.74246
2019-11-16 17:35:00,4.616,4.616,4.613,4.614,955.46619
2019-11-16 17:34:00,4.617,4.622,4.617,4.618,1162.03626
2019-11-16 17:33:00,4.615,4.619,4.615,4.616,2719.09819
2019-11-16 17:32:00,4.615,4.617,4.615,4.616,1141.55702
2019-11-16 17:31:00,4.612,4.614,4.608,4.614,4582.32254
2019-11-16 17:30:00,4.614,4.618,4.611,4.612,1759.95349
2019-11-16 17:29:00,4.617,4.621,4.613,4.616,3181.91969
2019-11-16 17:28:00,4.603,4.627,4.603,4.62,12000.27697
2019-11-16 17:27:00,4.6,4.602,4.6,4.602,302.15016
2019-11-16 17:26:00,4.6,4.6,4.6,4.6,461.58384
2019-11-16 17:25:00,4.6,4.6,4.599,4.599,1891.19725
2019-11-16 17:24:00,4.6,4.6,4.6,4.6,1294.73909
2019-11-16 17:23:00,4.6,4.6,4.6,4.6,86.4134
2019-11-16 17:22:00,4.598,4.598,4.598,4.598,0
2019-11-16 17:21:00,4.598,4.598,4.598,4.598,243.51712
2019-11-16 17:20:00,4.594,4.597,4.594,4.597,1552.75767
2019-11-16 17:19:00,4.594,4.594,4.593,4.593,229.41472
2019-11-16 17:18:00,4.594,4.594,4.594,4.594,0
2019-11-16 17:17:00,4.594,4.594,4.594,4.594,0
2019-11-16 17:16:00,4.595,4.595,4.594,4.594,105.15034
2019-11-16 17:15:00,4.591,4.596,4.591,4.594,2909.87691
2019-11-16 17:14:00,4.59,4.592,4.589,4.592,703.17224
2019-11-16 17:13:00,4.592,4.592,4.59,4.59,365.55742
2019-11-16 17:12:00,4.594,4.594,4.592,4.592,1087.23293
2019-11-16 17:11:00,4.594,4.594,4.591,4.592,340.15644
2019-11-16 17:10:00,4.595,4.595,4.595,4.595,979.92555
2019-11-16 17:09:00,4.59,4.596,4.589,4.596,3979.99813
2019-11-16 17:08:00,4.591,4.592,4.59,4.59,2336.24032
2019-11-16 17:07:00,4.591,4.591,4.591,4.591,0.55506
2019-11-16 17:06:00,4.59,4.591,4.59,4.591,214.05686
2019-11-16 17:05:00,4.592,4.593,4.591,4.591,3761.81852
2019-11-16 17:04:00,4.589,4.592,4.589,4.592,3189.68849
2019-11-16 17:03:00,4.589,4.59,4.588,4.589,601.73572
2019-11-16 17:02:00,4.596,4.596,4.589,4.589,168.48581
2019-11-16 17:01:00,4.593,4.596,4.593,4.595,398.86119
2019-11-16 17:00:00,4.591,4.593,4.591,4.593,643.10435
2019-11-16 16:59:00,4.591,4.593,4.591,4.591,1834.36799
2019-11-16 16:58:00,4.593,4.593,4.59,4.591,349.8609
2019-11-16 16:57:00,4.591,4.593,4.591,4.593,320.51544
2019-11-16 16:56:00,4.59,4.592,4.59,4.592,1244.43102
2019-11-16 16:55:00,4.588,4.589,4.588,4.589,1633.72384
2019-11-16 16:54:00,4.585,4.589,4.585,4.589,238.44399
2019-11-16 16:53:00,4.586,4.586,4.586,4.586,7.89685
2019-11-16 16:52:00,4.587,4.587,4.586,4.586,509.14986
2019-11-16 16:51:00,4.591,4.591,4.587,4.588,388.10253
2019-11-16 16:50:00,4.593,4.593,4.59,4.59,817.17529
2019-11-16 16:49:00,4.594,4.594,4.594,4.594,240.85035
2019-11-16 16:48:00,4.596,4.596,4.594,4.594,196.77951
2019-11-16 16:47:00,4.596,4.596,4.595,4.596,318.13649
2019-11-16 16:46:00,4.596,4.596,4.596,4.596,1769.4007
2019-11-16 16:45:00,4.597,4.597,4.596,4.596,193.74611
2019-11-16 16:44:00,4.597,4.599,4.597,4.599,734.41698
2019-11-16 16:43:00,4.596,4.597,4.595,4.597,896.01227
2019-11-16 16:42:00,4.599,4.599,4.596,4.596,408.91194
2019-11-16 16:41:00,4.599,4.599,4.599,4.599,78.23836
2019-11-16 16:40:00,4.599,4.599,4.599,4.599,4.03374
2019-11-16 16:39:00,4.599,4.599,4.599,4.599,0.58126
2019-11-16 16:38:00,4.599,4.599,4.599,4.599,20.67784
2019-11-16 16:37:00,4.598,4.599,4.598,4.599,1026.72439
2019-11-16 16:36:00,4.599,4.6,4.598,4.598,378.34605
2019-11-16 16:35:00,4.6,4.6,4.597,4.598,1630.99093
2019-11-16 16:34:00,4.6,4.6,4.6,4.6,3.76367
2019-11-16 16:33:00,4.599,4.6,4.599,4.6,1874.22776
2019-11-16 16:32:00,4.599,4.599,4.599,4.599,0.85209
2019-11-16 16:31:00,4.598,4.599,4.598,4.599,70.61414
2019-11-16 16:30:00,4.597,4.598,4.597,4.597,1668.23536
2019-11-16 16:29:00,4.596,4.596,4.596,4.596,43.40278
2019-11-16 16:28:00,4.596,4.596,4.596,4.596,0
2019-11-16 16:27:00,4.596,4.596,4.596,4.596,0
2019-11-16 16:26:00,4.596,4.596,4.596,4.596,698.84545
2019-11-16 16:25:00,4.595,4.595,4.595,4.595,0
2019-11-16 16:24:00,4.595,4.595,4.595,4.595,0
2019-11-16 16:23:00,4.596,4.596,4.595,4.595,34.90731
2019-11-16 16:22:00,4.596,4.596,4.595,4.596,7.46795
2019-11-16 16:21:00,4.594,4.596,4.594,4.596,395.21846
2019-11-16 16:20:00,4.594,4.594,4.594,4.594,0.12144
2019-11-16 16:19:00,4.592,4.594,4.592,4.594,1085.65699
2019-11-16 16:18:00,4.591,4.591,4.591,4.591,377.92349
2019-11-16 16:17:00,4.592,4.592,4.591,4.591,10.27279
2019-11-16 16:16:00,4.592,4.593,4.591,4.592,1069.25858
2019-11-16 16:15:00,4.59,4.59,4.59,4.59,1284.17686
2019-11-16 16:14:00,4.591,4.592,4.59,4.59,417.06018
2019-11-16 16:13:00,4.594,4.594,4.593,4.593,101.15391
2019-11-16 16:12:00,4.594,4.594,4.594,4.594,0.70126
2019-11-16 16:11:00,4.594,4.594,4.594,4.594,1.97099
2019-11-16 16:10:00,4.594,4.594,4.593,4.594,24.7804
2019-11-16 16:09:00,4.591,4.594,4.591,4.594,10.16197
2019-11-16 16:08:00,4.591,4.591,4.591,4.591,0.99525
2019-11-16 16:07:00,4.591,4.591,4.59,4.591,21.18479
2019-11-16 16:06:00,4.591,4.591,4.591,4.591,0.76445
2019-11-16 16:05:00,4.591,4.591,4.591,4.591,20.81018
2019-11-16 16:04:00,4.591,4.591,4.591,4.591,0.60653
2019-11-16 16:03:00,4.593,4.593,4.59,4.591,1923.51104
2019-11-16 16:02:00,4.589,4.593,4.589,4.593,2370.02486
2019-11-16 16:01:00,4.585,4.589,4.585,4.589,1757.79193
2019-11-16 16:00:00,4.584,4.584,4.584,4.584,0
2019-11-16 15:59:00,4.584,4.584,4.584,4.584,1134.77532
2019-11-16 15:58:00,4.59,4.59,4.584,4.584,1562.28978
2019-11-16 15:57:00,4.591,4.591,4.591,4.591,328.0858
2019-11-16 15:56:00,4.586,4.587,4.586,4.587,198.38967
2019-11-16 15:55:00,4.585,4.585,4.585,4.585,0
2019-11-16 15:54:00,4.585,4.585,4.585,4.585,0
2019-11-16 15:53:00,4.585,4.585,4.585,4.585,0
2019-11-16 15:52:00,4.585,4.585,4.585,4.585,0
2019-11-16 15:51:00,4.587,4.587,4.585,4.585,640.57087
2019-11-16 15:50:00,4.59,4.59,4.588,4.588,544.33021
2019-11-16 15:49:00,4.584,4.586,4.584,4.586,2074.41119
2019-11-16 15:48:00,4.589,4.589,4.585,4.585,1034.10716
2019-11-16 15:47:00,4.59,4.59,4.59,4.59,0
2019-11-16 15:46:00,4.59,4.59,4.59,4.59,2034.60525
2019-11-16 15:45:00,4.59,4.59,4.59,4.59,196.6874
2019-11-16 15:44:00,4.591,4.593,4.591,4.591,2280.7974
2019-11-16 15:43:00,4.592,4.594,4.592,4.594,419.11052
2019-11-16 15:42:00,4.588,4.593,4.588,4.592,1583.49074
2019-11-16 15:41:00,4.589,4.59,4.588,4.588,78.62861
2019-11-16 15:40:00,4.589,4.59,4.589,4.589,1299.23515
2019-11-16 15:39:00,4.585,4.589,4.585,4.589,2307.59761
2019-11-16 15:38:00,4.585,4.586,4.585,4.585,341.48249
2019-11-16 15:37:00,4.585,4.585,4.584,4.585,1522.61003
2019-11-16 15:36:00,4.585,4.586,4.584,4.584,1436.1776
2019-11-16 15:35:00,4.585,4.585,4.585,4.585,2.7816
2019-11-16 15:34:00,4.581,4.585,4.58,4.585,966.88633
2019-11-16 15:33:00,4.581,4.581,4.581,4.581,1026.15594
2019-11-16 15:32:00,4.581,4.581,4.58,4.581,16.82791
2019-11-16 15:31:00,4.58,4.581,4.58,4.581,0.34211
2019-11-16 15:30:00,4.58,4.58,4.58,4.58,233.01701
2019-11-16 15:29:00,4.582,4.582,4.582,4.582,0
2019-11-16 15:28:00,4.582,4.582,4.582,4.582,4.06806
2019-11-16 15:27:00,4.581,4.582,4.581,4.582,2063.5915
2019-11-16 15:26:00,4.585,4.585,4.581,4.581,1053.85902
2019-11-16 15:25:00,4.583,4.583,4.583,4.583,288.8644
2019-11-16 15:24:00,4.58,4.581,4.58,4.581,811.73904
2019-11-16 15:23:00,4.579,4.58,4.578,4.58,438.82731
2019-11-16 15:22:00,4.585,4.585,4.579,4.58,1642.61176
2019-11-16 15:21:00,4.585,4.585,4.584,4.585,42.79052
2019-11-16 15:20:00,4.585,4.587,4.585,4.585,1487.76263
2019-11-16 15:19:00,4.584,4.585,4.584,4.585,840.43726
2019-11-16 15:18:00,4.584,4.584,4.584,4.584,278.42024
2019-11-16 15:17:00,4.584,4.585,4.584,4.584,1091.70972
2019-11-16 15:16:00,4.583,4.583,4.582,4.583,1132.78482
2019-11-16 15:15:00,4.582,4.587,4.582,4.583,949.21598
2019-11-16 15:14:00,4.59,4.59,4.581,4.581,890.88089
2019-11-16 15:13:00,4.599,4.6,4.59,4.59,3828.92747
2019-11-16 15:12:00,4.598,4.6,4.598,4.599,435.00342
2019-11-16 15:11:00,4.596,4.598,4.596,4.598,242.06614
2019-11-16 15:10:00,4.596,4.597,4.596,4.596,48.81912
2019-11-16 15:09:00,4.6,4.6,4.596,4.596,1918.31193
2019-11-16 15:08:00,4.604,4.604,4.598,4.598,4112.25517
2019-11-16 15:07:00,4.603,4.606,4.6,4.6,2683.70603
2019-11-16 15:06:00,4.593,4.603,4.592,4.603,3256.85099
2019-11-16 15:05:00,4.597,4.598,4.593,4.593,3718.99285
2019-11-16 15:04:00,4.587,4.602,4.587,4.598,7969.54755
2019-11-16 15:03:00,4.58,4.59,4.579,4.586,3196.03585
2019-11-16 15:02:00,4.578,4.579,4.578,4.579,0.78891
2019-11-16 15:01:00,4.578,4.578,4.577,4.578,2.92167
2019-11-16 15:00:00,4.575,4.579,4.574,4.576,448.61837
2019-11-16 14:59:00,4.575,4.575,4.575,4.575,0.75075
2019-11-16 14:58:00,4.575,4.575,4.575,4.575,0.82053
2019-11-16 14:57:00,4.575,4.575,4.575,4.575,0.62369
2019-11-16 14:56:00,4.575,4.575,4.575,4.575,0.37634
2019-11-16 14:55:00,4.575,4.575,4.575,4.575,0.28082
2019-11-16 14:54:00,4.575,4.575,4.575,4.575,0.50077
2019-11-16 14:53:00,4.575,4.575,4.575,4.575,0.50103
2019-11-16 14:52:00,4.577,4.577,4.574,4.575,204.80475
2019-11-16 14:51:00,4.577,4.577,4.577,4.577,0.47533
2019-11-16 14:50:00,4.577,4.577,4.577,4.577,331.15262
2019-11-16 14:49:00,4.575,4.577,4.575,4.577,0.17332
2019-11-16 14:48:00,4.574,4.574,4.574,4.574,0
2019-11-16 14:47:00,4.574,4.574,4.574,4.574,1999.72128
2019-11-16 14:46:00,4.574,4.574,4.574,4.574,0
2019-11-16 14:45:00,4.574,4.574,4.574,4.574,335.716
2019-11-16 14:44:00,4.573,4.575,4.573,4.575,987.63497
2019-11-16 14:43:00,4.574,4.574,4.573,4.573,137.78976
2019-11-16 14:42:00,4.573,4.577,4.573,4.576,1879.02333
2019-11-16 14:41:00,4.569,4.574,4.569,4.573,843.85964
2019-11-16 14:40:00,4.568,4.571,4.568,4.569,65.45723
2019-11-16 14:39:00,4.568,4.568,4.568,4.568,5.55679
2019-11-16 14:38:00,4.568,4.568,4.568,4.568,6.90122
2019-11-16 14:37:00,4.568,4.569,4.568,4.568,236.64215
2019-11-16 14:36:00,4.569,4.569,4.569,4.569,0
2019-11-16 14:35:00,4.569,4.569,4.569,4.569,1398.00901
2019-11-16 14:34:00,4.568,4.568,4.568,4.568,2
2019-11-16 14:33:00,4.566,4.567,4.566,4.567,39.65759
2019-11-16 14:32:00,4.565,4.565,4.565,4.565,1.00049
2019-11-16 14:31:00,4.567,4.567,4.566,4.566,332.99343
2019-11-16 14:30:00,4.573,4.573,4.567,4.567,2881.52037
2019-11-16 14:29:00,4.57,4.57,4.57,4.57,0
2019-11-16 14:28:00,4.573,4.576,4.57,4.57,4624.38301
2019-11-16 14:27:00,4.573,4.573,4.573,4.573,5.69304
2019-11-16 14:26:00,4.572,4.572,4.572,4.572,0
2019-11-16 14:25:00,4.572,4.572,4.572,4.572,269.21243
2019-11-16 14:24:00,4.573,4.573,4.573,4.573,0
2019-11-16 14:23:00,4.573,4.573,4.573,4.573,0.84656
2019-11-16 14:22:00,4.573,4.573,4.573,4.573,0
2019-11-16 14:21:00,4.573,4.573,4.573,4.573,0
2019-11-16 14:20:00,4.574,4.574,4.573,4.573,802.98273
2019-11-16 14:19:00,4.578,4.578,4.574,4.576,496.90868
2019-11-16 14:18:00,4.578,4.578,4.578,4.578,213.61388
2019-11-16 14:17:00,4.578,4.578,4.578,4.578,0.0749
2019-11-16 14:16:00,4.577,4.577,4.577,4.577,5.44429
2019-11-16 14:15:00,4.578,4.578,4.575,4.578,614.1038
2019-11-16 14:14:00,4.579,4.579,4.579,4.579,9.49731
2019-11-16 14:13:00,4.579,4.579,4.579,4.579,341.43683
2019-11-16 14:12:00,4.579,4.579,4.579,4.579,6.49577
2019-11-16 14:11:00,4.58,4.58,4.578,4.578,50.29474
2019-11-16 14:10:00,4.579,4.58,4.579,4.58,305.82979
2019-11-16 14:09:00,4.577,4.58,4.577,4.58,924.18235
2019-11-16 14:08:00,4.577,4.577,4.577,4.577,0.3817
2019-11-16 14:07:00,4.579,4.579,4.577,4.577,205.71573
2019-11-16 14:06:00,4.58,4.58,4.579,4.579,245.0794
2019-11-16 14:05:00,4.581,4.581,4.58,4.58,2141.19981
2019-11-16 14:04:00,4.581,4.581,4.581,4.581,1.19815
2019-11-16 14:03:00,4.581,4.581,4.579,4.579,226.69713
2019-11-16 14:02:00,4.581,4.581,4.581,4.581,0.98751
2019-11-16 14:01:00,4.582,4.582,4.581,4.581,1104.68733
2019-11-16 14:00:00,4.579,4.579,4.579,4.579,0
2019-11-16 13:59:00,4.579,4.579,4.579,4.579,0
2019-11-16 13:58:00,4.579,4.579,4.579,4.579,1233.38798
2019-11-16 13:57:00,4.581,4.581,4.581,4.581,0
2019-11-16 13:56:00,4.578,4.581,4.578,4.581,294.74795
2019-11-16 13:55:00,4.579,4.579,4.579,4.579,198.8133
2019-11-16 13:54:00,4.578,4.58,4.578,4.58,26.11257
2019-11-16 13:53:00,4.578,4.578,4.578,4.578,0
2019-11-16 13:52:00,4.578,4.578,4.578,4.578,0
2019-11-16 13:51:00,4.578,4.578,4.578,4.578,201.73217
2019-11-16 13:50:00,4.578,4.581,4.577,4.577,2284.74384
2019-11-16 13:49:00,4.577,4.577,4.577,4.577,0
2019-11-16 13:48:00,4.577,4.577,4.577,4.577,0
2019-11-16 13:47:00,4.575,4.577,4.575,4.577,1012.34607
2019-11-16 13:46:00,4.573,4.574,4.573,4.574,475.98506
2019-11-16 13:45:00,4.572,4.572,4.572,4.572,0
2019-11-16 13:44:00,4.573,4.573,4.572,4.572,291.36957
2019-11-16 13:43:00,4.569,4.573,4.569,4.573,733.38869
2019-11-16 13:42:00,4.569,4.569,4.569,4.569,4.96254
2019-11-16 13:41:00,4.57,4.571,4.57,4.571,111.53214
2019-11-16 13:40:00,4.569,4.569,4.569,4.569,0.21644
2019-11-16 13:39:00,4.569,4.57,4.569,4.569,187.27169
2019-11-16 13:38:00,4.57,4.57,4.569,4.569,0.6738
2019-11-16 13:37:00,4.571,4.571,4.57,4.57,989.5794
2019-11-16 13:36:00,4.571,4.571,4.571,4.571,0.70915
2019-11-16 13:35:00,4.571,4.572,4.57,4.571,750.35981
2019-11-16 13:34:00,4.572,4.572,4.571,4.571,387.75659
2019-11-16 13:33:00,4.571,4.571,4.571,4.571,10.40148
2019-11-16 13:32:00,4.572,4.572,4.572,4.572,0
2019-11-16 13:31:00,4.572,4.572,4.572,4.572,0
2019-11-16 13:30:00,4.571,4.572,4.571,4.572,7.46144
2019-11-16 13:29:00,4.571,4.571,4.57,4.571,437.16094
2019-11-16 13:28:00,4.573,4.573,4.571,4.571,847.59942
2019-11-16 13:27:00,4.573,4.573,4.573,4.573,0.5509
2019-11-16 13:26:00,4.573,4.573,4.573,4.573,913.70698
2019-11-16 13:25:00,4.572,4.572,4.57,4.572,155.69089
2019-11-16 13:24:00,4.572,4.572,4.572,4.572,0.58153
2019-11-16 13:23:00,4.575,4.575,4.572,4.572,1252.92847
2019-11-16 13:22:00,4.577,4.577,4.575,4.576,97.85644
2019-11-16 13:21:00,4.577,4.577,4.575,4.577,461.11831
2019-11-16 13:20:00,4.577,4.577,4.577,4.577,0.12851
2019-11-16 13:19:00,4.577,4.577,4.577,4.577,0.07335
2019-11-16 13:18:00,4.577,4.577,4.577,4.577,0
2019-11-16 13:17:00,4.579,4.579,4.577,4.577,495.35504
2019-11-16 13:16:00,4.574,4.578,4.574,4.578,395.41475
2019-11-16 13:15:00,4.574,4.574,4.573,4.574,891.55902
2019-11-16 13:14:00,4.578,4.579,4.573,4.573,1509.51686
2019-11-16 13:13:00,4.578,4.578,4.578,4.578,21.49246
2019-11-16 13:12:00,4.581,4.581,4.578,4.578,196.60275
2019-11-16 13:11:00,4.582,4.582,4.582,4.582,0
2019-11-16 13:10:00,4.582,4.582,4.582,4.582,0
2019-11-16 13:09:00,4.583,4.583,4.582,4.582,420.8249
2019-11-16 13:08:00,4.585,4.585,4.585,4.585,1.26743
2019-11-16 13:07:00,4.585,4.585,4.585,4.585,1.07153
2019-11-16 13:06:00,4.587,4.587,4.584,4.584,987.9859
2019-11-16 13:05:00,4.586,4.586,4.586,4.586,0
2019-11-16 13:04:00,4.587,4.587,4.586,4.586,197.91924
2019-11-16 13:03:00,4.586,4.587,4.586,4.587,228.16178
2019-11-16 13:02:00,4.584,4.586,4.584,4.586,34.1406
2019-11-16 13:01:00,4.581,4.586,4.581,4.584,5.26012
2019-11-16 13:00:00,4.581,4.581,4.581,4.581,0
2019-11-16 12:59:00,4.581,4.581,4.581,4.581,0
2019-11-16 12:58:00,4.581,4.581,4.581,4.581,0
2019-11-16 12:57:00,4.578,4.581,4.578,4.581,257.75602
2019-11-16 12:56:00,4.578,4.578,4.578,4.578,0
2019-11-16 12:55:00,4.577,4.578,4.577,4.578,1172.14694
2019-11-16 12:54:00,4.578,4.578,4.578,4.578,114.08715
2019-11-16 12:53:00,4.577,4.578,4.577,4.578,566.78352
2019-11-16 12:52:00,4.573,4.576,4.573,4.576,343.28599
2019-11-16 12:51:00,4.572,4.573,4.571,4.573,406.16145
2019-11-16 12:50:00,4.573,4.573,4.573,4.573,102.45758
2019-11-16 12:49:00,4.572,4.573,4.572,4.573,68.53008
2019-11-16 12:48:00,4.569,4.569,4.569,4.569,878.48543
2019-11-16 12:47:00,4.568,4.568,4.567,4.567,1012.56092
2019-11-16 12:46:00,4.569,4.569,4.569,4.569,4.37493
2019-11-16 12:45:00,4.572,4.572,4.57,4.57,397.37156
2019-11-16 12:44:00,4.572,4.572,4.572,4.572,0.88987
2019-11-16 12:43:00,4.574,4.574,4.573,4.573,34.25354
2019-11-16 12:42:00,4.576,4.576,4.575,4.575,372.25526
2019-11-16 12:41:00,4.576,4.576,4.576,4.576,229.94367
2019-11-16 12:40:00,4.577,4.577,4.577,4.577,0
2019-11-16 12:39:00,4.578,4.578,4.577,4.577,304.50736
2019-11-16 12:38:00,4.579,4.579,4.579,4.579,0.29126
2019-11-16 12:37:00,4.578,4.578,4.577,4.577,1260.12613
2019-11-16 12:36:00,4.578,4.578,4.577,4.578,2480.27092
2019-11-16 12:35:00,4.577,4.577,4.577,4.577,318.33234
2019-11-16 12:34:00,4.577,4.579,4.577,4.578,814.35685
2019-11-16 12:33:00,4.576,4.576,4.576,4.576,674.3307
2019-11-16 12:32:00,4.576,4.576,4.576,4.576,678.43915
2019-11-16 12:31:00,4.579,4.579,4.577,4.577,1862.32837
2019-11-16 12:30:00,4.579,4.579,4.579,4.579,0.82397
2019-11-16 12:29:00,4.579,4.58,4.579,4.579,753.31709
2019-11-16 12:28:00,4.579,4.579,4.579,4.579,1190.18195
2019-11-16 12:27:00,4.578,4.579,4.578,4.579,34.36989
2019-11-16 12:26:00,4.579,4.58,4.579,4.58,682.01208
2019-11-16 12:25:00,4.576,4.579,4.576,4.579,941.77938
2019-11-16 12:24:00,4.576,4.576,4.576,4.576,0
2019-11-16 12:23:00,4.576,4.576,4.576,4.576,0
2019-11-16 12:22:00,4.576,4.577,4.576,4.576,808.1452
2019-11-16 12:21:00,4.576,4.576,4.576,4.576,485.08022
2019-11-16 12:20:00,4.58,4.58,4.577,4.577,1386.712
2019-11-16 12:19:00,4.58,4.58,4.579,4.579,99.93617
2019-11-16 12:18:00,4.575,4.58,4.575,4.58,1747.8632
2019-11-16 12:17:00,4.574,4.575,4.574,4.575,100.0333
2019-11-16 12:16:00,4.574,4.574,4.574,4.574,0.20935
2019-11-16 12:15:00,4.573,4.575,4.571,4.574,575.90716
2019-11-16 12:14:00,4.569,4.571,4.569,4.571,1338.61582
2019-11-16 12:13:00,4.569,4.569,4.569,4.569,51.4347
2019-11-16 12:12:00,4.569,4.569,4.569,4.569,0
2019-11-16 12:11:00,4.569,4.569,4.569,4.569,20
2019-11-16 12:10:00,4.569,4.569,4.569,4.569,59.44825
2019-11-16 12:09:00,4.57,4.57,4.57,4.57,1005.5666
2019-11-16 12:08:00,4.568,4.569,4.568,4.569,110.54084
2019-11-16 12:07:00,4.568,4.568,4.568,4.568,198.83499
2019-11-16 12:06:00,4.568,4.568,4.568,4.568,2236.42545
2019-11-16 12:05:00,4.568,4.568,4.568,4.568,259.0698
2019-11-16 12:04:00,4.571,4.571,4.567,4.567,1519.13346
2019-11-16 12:03:00,4.572,4.572,4.572,4.572,392.25773
2019-11-16 12:02:00,4.571,4.572,4.571,4.572,721.46088
2019-11-16 12:01:00,4.562,4.57,4.562,4.57,845.14229
2019-11-16 12:00:00,4.561,4.562,4.561,4.562,352.99666
2019-11-16 11:59:00,4.565,4.565,4.562,4.562,4
2019-11-16 11:58:00,4.567,4.567,4.565,4.565,1437.13656
2019-11-16 11:57:00,4.567,4.567,4.567,4.567,0
2019-11-16 11:56:00,4.567,4.567,4.567,4.567,1.34999
2019-11-16 11:55:00,4.567,4.567,4.567,4.567,250.69141
2019-11-16 11:54:00,4.568,4.57,4.568,4.57,189.1309
2019-11-16 11:53:00,4.569,4.569,4.566,4.566,193.957
2019-11-16 11:52:00,4.569,4.569,4.569,4.569,235.55925
2019-11-16 11:51:00,4.57,4.57,4.57,4.57,1046.77596
2019-11-16 11:50:00,4.57,4.57,4.57,4.57,0
2019-11-16 11:49:00,4.572,4.572,4.568,4.57,2208.04534
2019-11-16 11:48:00,4.57,4.572,4.57,4.572,2619.77831
2019-11-16 11:47:00,4.569,4.569,4.569,4.569,182.66225
2019-11-16 11:46:00,4.568,4.568,4.568,4.568,349.6956
2019-11-16 11:45:00,4.565,4.565,4.565,4.565,0
2019-11-16 11:44:00,4.565,4.565,4.565,4.565,1182.24851
2019-11-16 11:43:00,4.565,4.565,4.565,4.565,2.59556
2019-11-16 11:42:00,4.561,4.565,4.561,4.565,697.10009
2019-11-16 11:41:00,4.56,4.561,4.56,4.561,820.31266
2019-11-16 11:40:00,4.558,4.561,4.558,4.561,452.02003
2019-11-16 11:39:00,4.557,4.557,4.557,4.557,23.80999
2019-11-16 11:38:00,4.555,4.557,4.555,4.557,1166.65056
2019-11-16 11:37:00,4.555,4.557,4.555,4.555,3475.51065
2019-11-16 11:36:00,4.554,4.554,4.553,4.553,1212.22435
2019-11-16 11:35:00,4.558,4.56,4.557,4.557,3774.72461
2019-11-16 11:34:00,4.56,4.56,4.56,4.56,0
2019-11-16 11:33:00,4.56,4.56,4.56,4.56,0
2019-11-16 11:32:00,4.56,4.56,4.56,4.56,0
2019-11-16 11:31:00,4.56,4.56,4.56,4.56,0
2019-11-16 11:30:00,4.56,4.56,4.56,4.56,205.78535
2019-11-16 11:29:00,4.56,4.56,4.56,4.56,152.08538
2019-11-16 11:28:00,4.561,4.561,4.561,4.561,0
2019-11-16 11:27:00,4.563,4.563,4.561,4.561,314.83324
2019-11-16 11:26:00,4.563,4.563,4.562,4.562,300
2019-11-16 11:25:00,4.565,4.565,4.563,4.563,2181.97287
2019-11-16 11:24:00,4.565,4.565,4.564,4.565,189.70501
2019-11-16 11:23:00,4.565,4.565,4.565,4.565,0.04031
2019-11-16 11:22:00,4.564,4.564,4.564,4.564,6.03029
2019-11-16 11:21:00,4.564,4.564,4.564,4.564,66.06563
2019-11-16 11:20:00,4.564,4.564,4.564,4.564,0.06163
2019-11-16 11:19:00,4.562,4.564,4.562,4.564,897.22605
2019-11-16 11:18:00,4.562,4.562,4.562,4.562,31.94269
2019-11-16 11:17:00,4.561,4.562,4.561,4.562,165.10636
2019-11-16 11:16:00,4.562,4.562,4.56,4.56,227.59125
2019-11-16 11:15:00,4.56,4.564,4.56,4.563,1685.532
2019-11-16 11:14:00,4.568,4.568,4.556,4.56,5762.91469
2019-11-16 11:13:00,4.568,4.57,4.568,4.568,269.65927
2019-11-16 11:12:00,4.567,4.571,4.566,4.569,2420.63343
2019-11-16 11:11:00,4.568,4.57,4.567,4.567,1598.42714
2019-11-16 11:10:00,4.568,4.569,4.568,4.568,189.77688
2019-11-16 11:09:00,4.569,4.569,4.569,4.569,162.11553
2019-11-16 11:08:00,4.568,4.569,4.568,4.569,457.90745
2019-11-16 11:07:00,4.568,4.569,4.568,4.568,2118.67312
2019-11-16 11:06:00,4.569,4.569,4.568,4.568,24
2019-11-16 11:05:00,4.568,4.57,4.568,4.57,875.02499
2019-11-16 11:04:00,4.567,4.567,4.567,4.567,198.41794
2019-11-16 11:03:00,4.564,4.567,4.564,4.567,603.63573
2019-11-16 11:02:00,4.561,4.562,4.56,4.562,913.19024
2019-11-16 11:01:00,4.562,4.562,4.561,4.561,184.91342
2019-11-16 11:00:00,4.561,4.563,4.561,4.563,398.6851
2019-11-16 10:59:00,4.56,4.562,4.56,4.562,1858.64408
2019-11-16 10:58:00,4.562,4.563,4.559,4.559,347.34543
2019-11-16 10:57:00,4.565,4.565,4.563,4.563,832.81786
2019-11-16 10:56:00,4.566,4.566,4.562,4.565,972.8406
2019-11-16 10:55:00,4.57,4.57,4.567,4.567,307.13835
2019-11-16 10:54:00,4.571,4.571,4.567,4.57,423.96558
2019-11-16 10:53:00,4.571,4.571,4.57,4.571,3008.35861
2019-11-16 10:52:00,4.571,4.571,4.571,4.571,0.18286
2019-11-16 10:51:00,4.57,4.57,4.57,4.57,287.734
2019-11-16 10:50:00,4.571,4.571,4.571,4.571,0.84536
2019-11-16 10:49:00,4.567,4.568,4.567,4.568,871.09146
2019-11-16 10:48:00,4.566,4.566,4.566,4.566,1416.41457
2019-11-16 10:47:00,4.565,4.565,4.565,4.565,3544.6009
2019-11-16 10:46:00,4.564,4.564,4.563,4.564,274.01707
2019-11-16 10:45:00,4.567,4.567,4.564,4.564,988.40687
2019-11-16 10:44:00,4.571,4.571,4.569,4.569,6.73917
2019-11-16 10:43:00,4.571,4.571,4.571,4.571,43.4914
2019-11-16 10:42:00,4.572,4.572,4.571,4.571,491.9725
2019-11-16 10:41:00,4.573,4.573,4.573,4.573,0
2019-11-16 10:40:00,4.573,4.573,4.573,4.573,263.71674
2019-11-16 10:39:00,4.569,4.569,4.569,4.569,0
2019-11-16 10:38:00,4.567,4.569,4.567,4.569,245.65814
2019-11-16 10:37:00,4.57,4.571,4.566,4.567,3518.74621
2019-11-16 10:36:00,4.571,4.571,4.571,4.571,0
2019-11-16 10:35:00,4.569,4.572,4.569,4.571,307.85921
2019-11-16 10:34:00,4.566,4.568,4.566,4.568,740.09092
2019-11-16 10:33:00,4.564,4.566,4.563,4.566,621.49943
2019-11-16 10:32:00,4.563,4.563,4.563,4.563,715.86326
2019-11-16 10:31:00,4.567,4.567,4.562,4.563,1624.44666
2019-11-16 10:30:00,4.567,4.567,4.567,4.567,19.08402
2019-11-16 10:29:00,4.568,4.568,4.567,4.568,390.75047
2019-11-16 10:28:00,4.566,4.566,4.566,4.566,522.7788
2019-11-16 10:27:00,4.565,4.567,4.565,4.566,1333.12393
2019-11-16 10:26:00,4.565,4.565,4.565,4.565,110.30749
2019-11-16 10:25:00,4.566,4.566,4.566,4.566,4
2019-11-16 10:24:00,4.568,4.568,4.566,4.567,656.67364
2019-11-16 10:23:00,4.56,4.569,4.56,4.568,572.09151
2019-11-16 10:22:00,4.567,4.567,4.555,4.56,7509.67033
2019-11-16 10:21:00,4.57,4.57,4.567,4.569,74.09701
2019-11-16 10:20:00,4.577,4.577,4.571,4.571,248.66744
2019-11-16 10:19:00,4.579,4.579,4.578,4.579,7.05797
2019-11-16 10:18:00,4.575,4.577,4.575,4.577,521.76502
2019-11-16 10:17:00,4.575,4.575,4.575,4.575,42.53938
2019-11-16 10:16:00,4.574,4.574,4.573,4.573,142.41705
2019-11-16 10:15:00,4.578,4.579,4.575,4.575,683.38198
2019-11-16 10:14:00,4.577,4.577,4.577,4.577,228.61564
2019-11-16 10:13:00,4.577,4.577,4.577,4.577,1104.57521
2019-11-16 10:12:00,4.577,4.577,4.577,4.577,0
2019-11-16 10:11:00,4.577,4.577,4.577,4.577,1721.91172
2019-11-16 10:10:00,4.578,4.578,4.578,4.578,579.40991
2019-11-16 10:09:00,4.578,4.579,4.578,4.578,202.25441
2019-11-16 10:08:00,4.577,4.578,4.577,4.578,1599.88698
2019-11-16 10:07:00,4.576,4.577,4.576,4.577,826.27087
2019-11-16 10:06:00,4.575,4.576,4.575,4.576,764.73391
2019-11-16 10:05:00,4.578,4.578,4.575,4.575,839.70626
2019-11-16 10:04:00,4.578,4.578,4.576,4.577,329.88891
2019-11-16 10:03:00,4.574,4.575,4.574,4.575,1614.17349
2019-11-16 10:02:00,4.578,4.578,4.573,4.574,658.9924
2019-11-16 10:01:00,4.581,4.581,4.578,4.578,207.37789
2019-11-16 10:00:00,4.581,4.581,4.581,4.581,0.08383
2019-11-16 09:59:00,4.581,4.581,4.581,4.581,24.23885
2019-11-16 09:58:00,4.581,4.581,4.581,4.581,0
2019-11-16 09:57:00,4.581,4.581,4.581,4.581,0.93098
2019-11-16 09:56:00,4.582,4.582,4.58,4.58,2009.99437
2019-11-16 09:55:00,4.585,4.585,4.582,4.582,424.53021
2019-11-16 09:54:00,4.585,4.586,4.584,4.585,148.61157
2019-11-16 09:53:00,4.584,4.585,4.584,4.585,145.42742
2019-11-16 09:52:00,4.584,4.584,4.583,4.584,58.35333
2019-11-16 09:51:00,4.582,4.584,4.582,4.584,593.66778
2019-11-16 09:50:00,4.582,4.582,4.582,4.582,0.63268
2019-11-16 09:49:00,4.577,4.582,4.577,4.582,1755.93189
2019-11-16 09:48:00,4.574,4.577,4.574,4.576,1292.41658
2019-11-16 09:47:00,4.576,4.576,4.576,4.576,0
2019-11-16 09:46:00,4.576,4.576,4.576,4.576,0
2019-11-16 09:45:00,4.576,4.576,4.576,4.576,0
2019-11-16 09:44:00,4.574,4.576,4.574,4.576,321.10567
2019-11-16 09:43:00,4.574,4.574,4.574,4.574,0.95694
2019-11-16 09:42:00,4.572,4.574,4.572,4.574,313.05571
2019-11-16 09:41:00,4.574,4.574,4.571,4.572,1165.77451
2019-11-16 09:40:00,4.575,4.575,4.575,4.575,0
2019-11-16 09:39:00,4.579,4.579,4.575,4.575,4.97954
2019-11-16 09:38:00,4.576,4.579,4.576,4.579,1465.32537
2019-11-16 09:37:00,4.577,4.577,4.576,4.576,344.34758
2019-11-16 09:36:00,4.58,4.583,4.576,4.577,3921.22201
2019-11-16 09:35:00,4.576,4.58,4.576,4.58,77.12159
2019-11-16 09:34:00,4.576,4.576,4.576,4.576,0.25995
2019-11-16 09:33:00,4.576,4.576,4.576,4.576,0.44773
2019-11-16 09:32:00,4.576,4.576,4.576,4.576,0.22518
2019-11-16 09:31:00,4.575,4.576,4.575,4.576,163.32015
2019-11-16 09:30:00,4.574,4.574,4.573,4.574,487.38484
2019-11-16 09:29:00,4.574,4.574,4.574,4.574,1.73595
2019-11-16 09:28:00,4.569,4.574,4.569,4.574,1133.37666
2019-11-16 09:27:00,4.567,4.569,4.567,4.569,38.17462
2019-11-16 09:26:00,4.567,4.567,4.567,4.567,0.5113
2019-11-16 09:25:00,4.567,4.567,4.567,4.567,0.51885
2019-11-16 09:24:00,4.566,4.567,4.566,4.567,1394.86445
2019-11-16 09:23:00,4.566,4.567,4.566,4.566,1184.94825
2019-11-16 09:22:00,4.566,4.568,4.566,4.567,1638.2039
2019-11-16 09:21:00,4.564,4.566,4.564,4.566,606.74071
2019-11-16 09:20:00,4.564,4.564,4.561,4.562,1019.62264
2019-11-16 09:19:00,4.561,4.562,4.561,4.562,973.12615
2019-11-16 09:18:00,4.561,4.561,4.56,4.561,29.20799
2019-11-16 09:17:00,4.561,4.562,4.561,4.561,1424.88939
2019-11-16 09:16:00,4.561,4.561,4.561,4.561,0
2019-11-16 09:15:00,4.559,4.56,4.557,4.56,3192.24278
2019-11-16 09:14:00,4.563,4.563,4.561,4.561,390.76214
2019-11-16 09:13:00,4.562,4.564,4.562,4.563,5.00553
2019-11-16 09:12:00,4.562,4.562,4.562,4.562,8.51414
2019-11-16 09:11:00,4.559,4.562,4.559,4.562,1520.62312
2019-11-16 09:10:00,4.56,4.56,4.557,4.557,767.2596
2019-11-16 09:09:00,4.563,4.564,4.561,4.563,3621.07434
2019-11-16 09:08:00,4.571,4.571,4.562,4.563,1301.77033
2019-11-16 09:07:00,4.571,4.572,4.571,4.572,0.18749
2019-11-16 09:06:00,4.575,4.575,4.571,4.573,1109.54311
2019-11-16 09:05:00,4.579,4.579,4.576,4.576,295.94404
2019-11-16 09:04:00,4.579,4.58,4.579,4.58,273.78405
2019-11-16 09:03:00,4.577,4.579,4.577,4.579,6.51182
2019-11-16 09:02:00,4.577,4.577,4.577,4.577,1.88081
2019-11-16 09:01:00,4.576,4.577,4.576,4.577,424.014
2019-11-16 09:00:00,4.573,4.577,4.573,4.576,2420.8987
2019-11-16 08:59:00,4.571,4.571,4.571,4.571,521.17294
2019-11-16 08:58:00,4.571,4.571,4.571,4.571,0
2019-11-16 08:57:00,4.57,4.571,4.57,4.571,1771.06751
2019-11-16 08:56:00,4.57,4.57,4.57,4.57,807.12771
2019-11-16 08:55:00,4.571,4.572,4.57,4.57,1994.59753
2019-11-16 08:54:00,4.569,4.575,4.569,4.569,1809.30655
2019-11-16 08:53:00,4.571,4.571,4.568,4.569,1843.46306
2019-11-16 08:52:00,4.575,4.575,4.572,4.572,1323.3642
2019-11-16 08:51:00,4.575,4.576,4.575,4.576,1245.54257
2019-11-16 08:50:00,4.576,4.576,4.573,4.575,712.10487
2019-11-16 08:49:00,4.576,4.577,4.575,4.576,1624.62201
2019-11-16 08:48:00,4.58,4.58,4.578,4.578,167.43844
2019-11-16 08:47:00,4.581,4.581,4.581,4.581,951.73289
2019-11-16 08:46:00,4.58,4.581,4.58,4.581,821.56271
2019-11-16 08:45:00,4.578,4.58,4.576,4.58,370.30834
2019-11-16 08:44:00,4.574,4.579,4.574,4.579,318.9987
2019-11-16 08:43:00,4.573,4.574,4.573,4.574,200.93688
2019-11-16 08:42:00,4.569,4.573,4.569,4.573,567.58843
2019-11-16 08:41:00,4.568,4.57,4.568,4.569,1161.41894
2019-11-16 08:40:00,4.569,4.569,4.567,4.568,219.69209
2019-11-16 08:39:00,4.565,4.568,4.564,4.568,1466.3925
2019-11-16 08:38:00,4.565,4.566,4.565,4.566,668.48231
2019-11-16 08:37:00,4.561,4.565,4.555,4.565,1806.4934
2019-11-16 08:36:00,4.563,4.563,4.556,4.561,2730.1794
2019-11-16 08:35:00,4.559,4.569,4.553,4.562,10755.17845
2019-11-16 08:34:00,4.562,4.562,4.559,4.56,2005.40733
2019-11-16 08:33:00,4.567,4.57,4.563,4.563,1558.41873
2019-11-16 08:32:00,4.558,4.564,4.557,4.564,4265.07073
2019-11-16 08:31:00,4.563,4.567,4.558,4.559,1308.53377
2019-11-16 08:30:00,4.551,4.563,4.551,4.563,3606.50538
2019-11-16 08:29:00,4.548,4.55,4.548,4.549,600.73727
2019-11-16 08:28:00,4.547,4.547,4.547,4.547,932.63784
2019-11-16 08:27:00,4.538,4.551,4.538,4.548,4279.29926
2019-11-16 08:26:00,4.536,4.539,4.535,4.537,1261.95592
2019-11-16 08:25:00,4.541,4.541,4.537,4.537,591.49069
2019-11-16 08:24:00,4.547,4.548,4.538,4.54,6734.30512
2019-11-16 08:23:00,4.547,4.547,4.544,4.544,1553.62563
2019-11-16 08:22:00,4.553,4.553,4.549,4.549,1406.62341
2019-11-16 08:21:00,4.552,4.556,4.551,4.554,1548.6578
2019-11-16 08:20:00,4.552,4.552,4.55,4.55,836.5017
2019-11-16 08:19:00,4.554,4.554,4.552,4.553,1150.82613
2019-11-16 08:18:00,4.553,4.555,4.553,4.554,384.20642
2019-11-16 08:17:00,4.555,4.555,4.553,4.554,276.16533
2019-11-16 08:16:00,4.555,4.555,4.553,4.555,1113.38384
2019-11-16 08:15:00,4.555,4.555,4.555,4.555,29.18245
2019-11-16 08:14:00,4.557,4.557,4.553,4.555,1773.87311
2019-11-16 08:13:00,4.559,4.559,4.556,4.557,374.52845
2019-11-16 08:12:00,4.559,4.559,4.558,4.559,1546.16409
2019-11-16 08:11:00,4.565,4.565,4.559,4.559,4024.9777
2019-11-16 08:10:00,4.565,4.565,4.565,4.565,61.94109
2019-11-16 08:09:00,4.563,4.564,4.563,4.564,8.13169
2019-11-16 08:08:00,4.568,4.568,4.562,4.562,4179.24316
2019-11-16 08:07:00,4.566,4.569,4.566,4.567,542.48113
2019-11-16 08:06:00,4.566,4.566,4.566,4.566,0
2019-11-16 08:05:00,4.568,4.568,4.565,4.566,1028.46172
2019-11-16 08:04:00,4.566,4.568,4.566,4.568,1583.8266
2019-11-16 08:03:00,4.564,4.566,4.564,4.566,961.02829
2019-11-16 08:02:00,4.566,4.567,4.563,4.564,452.07543
2019-11-16 08:01:00,4.566,4.566,4.566,4.566,313.81041
2019-11-16 08:00:00,4.563,4.566,4.562,4.565,990.89052
2019-11-16 07:59:00,4.559,4.559,4.559,4.559,0
2019-11-16 07:58:00,4.56,4.56,4.559,4.559,143.72478
2019-11-16 07:57:00,4.562,4.562,4.562,4.562,238.97722
2019-11-16 07:56:00,4.558,4.562,4.558,4.562,4239.01835
2019-11-16 07:55:00,4.556,4.558,4.556,4.558,1142.08786
2019-11-16 07:54:00,4.559,4.559,4.556,4.556,1664.82454
2019-11-16 07:53:00,4.56,4.56,4.558,4.559,377.48167
2019-11-16 07:52:00,4.562,4.562,4.558,4.559,517.76158
2019-11-16 07:51:00,4.566,4.567,4.562,4.562,3431.86191
2019-11-16 07:50:00,4.564,4.566,4.563,4.565,2275.11329
2019-11-16 07:49:00,4.556,4.562,4.556,4.562,942.66523
2019-11-16 07:48:00,4.551,4.556,4.551,4.556,1940.0875
2019-11-16 07:47:00,4.56,4.567,4.554,4.555,4665.21346
2019-11-16 07:46:00,4.556,4.561,4.553,4.557,1019.47009
2019-11-16 07:45:00,4.565,4.565,4.557,4.557,986.11102
2019-11-16 07:44:00,4.566,4.566,4.563,4.565,1367.73633
2019-11-16 07:43:00,4.57,4.574,4.56,4.569,10937.02212
2019-11-16 07:42:00,4.575,4.577,4.567,4.569,2895.72967
2019-11-16 07:41:00,4.578,4.58,4.576,4.576,2117.67256
2019-11-16 07:40:00,4.584,4.585,4.577,4.577,672.04715
2019-11-16 07:39:00,4.589,4.589,4.585,4.585,875.17108
2019-11-16 07:38:00,4.591,4.592,4.59,4.59,1240.02793
2019-11-16 07:37:00,4.587,4.591,4.586,4.591,463.35308
2019-11-16 07:36:00,4.589,4.589,4.585,4.587,5426.68387
2019-11-16 07:35:00,4.587,4.587,4.587,4.587,11.10521
2019-11-16 07:34:00,4.587,4.587,4.587,4.587,183.05655
2019-11-16 07:33:00,4.587,4.59,4.587,4.587,780.19667
2019-11-16 07:32:00,4.585,4.586,4.585,4.586,422.07998
2019-11-16 07:31:00,4.585,4.585,4.585,4.585,0
2019-11-16 07:30:00,4.585,4.585,4.585,4.585,0
2019-11-16 07:29:00,4.585,4.585,4.585,4.585,1.57688
2019-11-16 07:28:00,4.584,4.584,4.584,4.584,0
2019-11-16 07:27:00,4.584,4.584,4.584,4.584,43.29532
2019-11-16 07:26:00,4.585,4.585,4.584,4.584,322.81119
2019-11-16 07:25:00,4.583,4.583,4.583,4.583,5.28036
2019-11-16 07:24:00,4.582,4.583,4.582,4.583,2081.141
2019-11-16 07:23:00,4.58,4.581,4.58,4.581,1682.87941
2019-11-16 07:22:00,4.58,4.58,4.579,4.58,2747.89051
2019-11-16 07:21:00,4.582,4.582,4.58,4.58,342.0868
2019-11-16 07:20:00,4.581,4.584,4.581,4.584,1859.98029
2019-11-16 07:19:00,4.581,4.582,4.581,4.581,25.82682
2019-11-16 07:18:00,4.587,4.587,4.581,4.583,31.62779
2019-11-16 07:17:00,4.587,4.587,4.587,4.587,0.09988
2019-11-16 07:16:00,4.587,4.588,4.587,4.587,469.90531
2019-11-16 07:15:00,4.59,4.59,4.588,4.589,623.37111
2019-11-16 07:14:00,4.592,4.593,4.589,4.589,2472.60617
2019-11-16 07:13:00,4.584,4.593,4.584,4.592,954.24728
2019-11-16 07:12:00,4.583,4.584,4.583,4.584,1216.31508
2019-11-16 07:11:00,4.584,4.584,4.584,4.584,267.45186
2019-11-16 07:10:00,4.587,4.587,4.585,4.585,2422.58643
2019-11-16 07:09:00,4.588,4.589,4.588,4.589,616.61576
2019-11-16 07:08:00,4.585,4.588,4.585,4.587,497.06811
2019-11-16 07:07:00,4.584,4.584,4.584,4.584,588.51266
2019-11-16 07:06:00,4.587,4.587,4.583,4.583,563.84375
2019-11-16 07:05:00,4.587,4.587,4.587,4.587,0
2019-11-16 07:04:00,4.587,4.587,4.585,4.587,1887.78074
2019-11-16 07:03:00,4.586,4.588,4.586,4.588,1759.68253
2019-11-16 07:02:00,4.588,4.588,4.586,4.587,2232.73142
2019-11-16 07:01:00,4.601,4.601,4.58,4.584,4061.83503
2019-11-16 07:00:00,4.604,4.605,4.603,4.604,2798.89615
2019-11-16 06:59:00,4.601,4.603,4.6,4.603,1009.71627
2019-11-16 06:58:00,4.598,4.601,4.598,4.6,716.18204
2019-11-16 06:57:00,4.596,4.598,4.596,4.598,1839.95949
2019-11-16 06:56:00,4.593,4.604,4.593,4.597,4154.65812
2019-11-16 06:55:00,4.594,4.594,4.591,4.592,386.81474
2019-11-16 06:54:00,4.59,4.593,4.59,4.593,329.17656
2019-11-16 06:53:00,4.589,4.591,4.589,4.59,1353.66218
2019-11-16 06:52:00,4.588,4.588,4.588,4.588,0
2019-11-16 06:51:00,4.588,4.588,4.588,4.588,0
2019-11-16 06:50:00,4.587,4.588,4.587,4.588,204.96907
2019-11-16 06:49:00,4.586,4.588,4.586,4.588,605.52506
2019-11-16 06:48:00,4.584,4.585,4.584,4.585,134.03729
2019-11-16 06:47:00,4.583,4.585,4.58,4.585,2840.45621
2019-11-16 06:46:00,4.581,4.581,4.579,4.581,1568.20846
2019-11-16 06:45:00,4.581,4.581,4.581,4.581,1.03351
2019-11-16 06:44:00,4.579,4.581,4.579,4.58,649.63179
2019-11-16 06:43:00,4.579,4.579,4.579,4.579,11.92868
2019-11-16 06:42:00,4.578,4.579,4.578,4.579,2492.89816
2019-11-16 06:41:00,4.578,4.58,4.577,4.578,2232.41753
2019-11-16 06:40:00,4.577,4.578,4.577,4.578,312.33261
2019-11-16 06:39:00,4.576,4.576,4.576,4.576,552.77877
2019-11-16 06:38:00,4.576,4.576,4.576,4.576,1399.76764
2019-11-16 06:37:00,4.576,4.576,4.576,4.576,232.12181
2019-11-16 06:36:00,4.576,4.576,4.574,4.576,505.79002
2019-11-16 06:35:00,4.576,4.576,4.576,4.576,5.42639
2019-11-16 06:34:00,4.576,4.576,4.575,4.576,1328.52917
2019-11-16 06:33:00,4.575,4.576,4.574,4.576,513.23051
2019-11-16 06:32:00,4.574,4.575,4.574,4.575,139.1197
2019-11-16 06:31:00,4.575,4.575,4.574,4.574,825.01242
2019-11-16 06:30:00,4.574,4.575,4.574,4.575,1020.07132
2019-11-16 06:29:00,4.579,4.579,4.574,4.575,4934.98276
2019-11-16 06:28:00,4.581,4.582,4.58,4.581,2619.66835
2019-11-16 06:27:00,4.581,4.583,4.58,4.581,1735.89798
2019-11-16 06:26:00,4.583,4.583,4.58,4.58,1580.63632
2019-11-16 06:25:00,4.583,4.583,4.58,4.583,761.41907
2019-11-16 06:24:00,4.581,4.584,4.581,4.583,2133.14548
2019-11-16 06:23:00,4.58,4.581,4.577,4.581,2677.26293
2019-11-16 06:22:00,4.578,4.58,4.577,4.58,2347.77766
2019-11-16 06:21:00,4.575,4.578,4.575,4.578,592.34441
2019-11-16 06:20:00,4.569,4.579,4.565,4.576,25709.50597
2019-11-16 06:19:00,4.565,4.569,4.565,4.569,3159.1578
2019-11-16 06:18:00,4.565,4.566,4.565,4.565,10.12099
2019-11-16 06:17:00,4.565,4.566,4.565,4.566,0.12263
2019-11-16 06:16:00,4.565,4.565,4.564,4.565,12.02068
2019-11-16 06:15:00,4.565,4.567,4.565,4.565,982.00377
2019-11-16 06:14:00,4.564,4.565,4.564,4.565,1125.92925
2019-11-16 06:13:00,4.564,4.564,4.564,4.564,8.62271
2019-11-16 06:12:00,4.564,4.564,4.564,4.564,5.45538
2019-11-16 06:11:00,4.563,4.564,4.562,4.563,2873.71539
2019-11-16 06:10:00,4.561,4.561,4.561,4.561,0
2019-11-16 06:09:00,4.561,4.561,4.561,4.561,0
2019-11-16 06:08:00,4.561,4.561,4.561,4.561,0.39917
2019-11-16 06:07:00,4.561,4.561,4.561,4.561,6.57004
2019-11-16 06:06:00,4.561,4.561,4.561,4.561,10.76586
2019-11-16 06:05:00,4.561,4.561,4.561,4.561,0.1646
2019-11-16 06:04:00,4.561,4.561,4.561,4.561,0
2019-11-16 06:03:00,4.563,4.563,4.561,4.561,339.93552
2019-11-16 06:02:00,4.561,4.563,4.561,4.563,234.54692
2019-11-16 06:01:00,4.557,4.561,4.557,4.561,477.49104
2019-11-16 06:00:00,4.556,4.559,4.556,4.559,1087.28521
2019-11-16 05:59:00,4.555,4.556,4.555,4.556,0.61682
2019-11-16 05:58:00,4.555,4.555,4.555,4.555,0.31143
2019-11-16 05:57:00,4.554,4.556,4.553,4.555,240.73995
2019-11-16 05:56:00,4.554,4.554,4.554,4.554,4
2019-11-16 05:55:00,4.553,4.553,4.553,4.553,0
2019-11-16 05:54:00,4.552,4.553,4.552,4.553,383.1917
2019-11-16 05:53:00,4.551,4.551,4.549,4.551,2215.39623
2019-11-16 05:52:00,4.556,4.556,4.55,4.552,342.96616
2019-11-16 05:51:00,4.556,4.556,4.556,4.556,0
2019-11-16 05:50:00,4.556,4.556,4.556,4.556,0
2019-11-16 05:49:00,4.556,4.556,4.556,4.556,0
2019-11-16 05:48:00,4.556,4.556,4.556,4.556,235.8496
2019-11-16 05:47:00,4.554,4.555,4.554,4.555,907.83628
2019-11-16 05:46:00,4.554,4.555,4.554,4.554,2471.34329
2019-11-16 05:45:00,4.553,4.553,4.553,4.553,3.80253
2019-11-16 05:44:00,4.555,4.557,4.551,4.554,2772.31317
2019-11-16 05:43:00,4.557,4.557,4.556,4.556,1667.36933
2019-11-16 05:42:00,4.555,4.555,4.555,4.555,9.81676
2019-11-16 05:41:00,4.555,4.555,4.555,4.555,917.23294
2019-11-16 05:40:00,4.549,4.556,4.549,4.556,1403.28693
2019-11-16 05:39:00,4.549,4.549,4.549,4.549,4.4607
2019-11-16 05:38:00,4.549,4.549,4.549,4.549,0
2019-11-16 05:37:00,4.549,4.549,4.549,4.549,0
2019-11-16 05:36:00,4.549,4.549,4.548,4.549,632.20831
2019-11-16 05:35:00,4.549,4.549,4.549,4.549,0.22258
2019-11-16 05:34:00,4.55,4.55,4.55,4.55,0
2019-11-16 05:33:00,4.549,4.551,4.549,4.55,1902.25425
2019-11-16 05:32:00,4.546,4.548,4.546,4.548,383.21383
2019-11-16 05:31:00,4.548,4.548,4.546,4.546,2326.41653
2019-11-16 05:30:00,4.554,4.554,4.548,4.549,4484.06198
2019-11-16 05:29:00,4.555,4.555,4.555,4.555,1809.59086
2019-11-16 05:28:00,4.555,4.555,4.555,4.555,0
2019-11-16 05:27:00,4.555,4.555,4.555,4.555,559.91896
2019-11-16 05:26:00,4.554,4.554,4.554,4.554,0
2019-11-16 05:25:00,4.553,4.554,4.549,4.554,509.25251
2019-11-16 05:24:00,4.554,4.554,4.554,4.554,15.20888
2019-11-16 05:23:00,4.556,4.557,4.554,4.554,1425.43498
2019-11-16 05:22:00,4.553,4.556,4.552,4.556,1956.33995
2019-11-16 05:21:00,4.552,4.552,4.552,4.552,1217.6807
2019-11-16 05:20:00,4.552,4.552,4.552,4.552,468.53096
2019-11-16 05:19:00,4.553,4.553,4.55,4.553,2760.82702
2019-11-16 05:18:00,4.553,4.553,4.553,4.553,3118.61341
2019-11-16 05:17:00,4.55,4.553,4.549,4.553,531.35674
2019-11-16 05:16:00,4.547,4.55,4.547,4.55,452.82444
2019-11-16 05:15:00,4.547,4.547,4.547,4.547,0
2019-11-16 05:14:00,4.55,4.55,4.547,4.547,248.03209
2019-11-16 05:13:00,4.547,4.55,4.547,4.55,2523.33676
2019-11-16 05:12:00,4.548,4.549,4.548,4.548,933.18617
2019-11-16 05:11:00,4.548,4.549,4.548,4.549,838.14336
2019-11-16 05:10:00,4.546,4.55,4.545,4.547,2657.92589
2019-11-16 05:09:00,4.551,4.551,4.547,4.547,618.234
2019-11-16 05:08:00,4.554,4.554,4.55,4.55,3002.39671
2019-11-16 05:07:00,4.555,4.555,4.554,4.554,30.59411
2019-11-16 05:06:00,4.554,4.555,4.554,4.554,0.48858
2019-11-16 05:05:00,4.554,4.554,4.554,4.554,0.19597
2019-11-16 05:04:00,4.555,4.555,4.553,4.554,2555.43668
2019-11-16 05:03:00,4.555,4.555,4.554,4.554,4.1968
2019-11-16 05:02:00,4.555,4.555,4.555,4.555,2.22398
2019-11-16 05:01:00,4.557,4.557,4.555,4.555,1054.62749
2019-11-16 05:00:00,4.555,4.556,4.555,4.556,1462.6814
2019-11-16 04:59:00,4.554,4.554,4.554,4.554,41.14079
2019-11-16 04:58:00,4.552,4.552,4.552,4.552,1162.92729
2019-11-16 04:57:00,4.551,4.552,4.551,4.552,1168.25291
2019-11-16 04:56:00,4.55,4.553,4.55,4.553,0.92623
2019-11-16 04:55:00,4.551,4.551,4.55,4.55,24.90118
2019-11-16 04:54:00,4.551,4.551,4.551,4.551,1455.18611
2019-11-16 04:53:00,4.552,4.552,4.552,4.552,1093.20753
2019-11-16 04:52:00,4.551,4.552,4.551,4.551,204.68876
2019-11-16 04:51:00,4.551,4.551,4.551,4.551,487.49192
2019-11-16 04:50:00,4.55,4.55,4.55,4.55,121.267
2019-11-16 04:49:00,4.55,4.551,4.55,4.551,962.08127
2019-11-16 04:48:00,4.551,4.551,4.551,4.551,168.62959
2019-11-16 04:47:00,4.553,4.553,4.553,4.553,418.82394
2019-11-16 04:46:00,4.552,4.552,4.552,4.552,1249.17106
2019-11-16 04:45:00,4.548,4.551,4.548,4.551,717.8203
2019-11-16 04:44:00,4.548,4.548,4.547,4.547,1188.70369
2019-11-16 04:43:00,4.548,4.549,4.547,4.549,756.38233
2019-11-16 04:42:00,4.546,4.549,4.546,4.549,208.79944
2019-11-16 04:41:00,4.55,4.55,4.546,4.546,962.12848
2019-11-16 04:40:00,4.551,4.551,4.551,4.551,771.46714
2019-11-16 04:39:00,4.55,4.552,4.55,4.552,320.96248
2019-11-16 04:38:00,4.554,4.554,4.549,4.549,847.65548
2019-11-16 04:37:00,4.553,4.553,4.553,4.553,2.93114
2019-11-16 04:36:00,4.553,4.553,4.553,4.553,803.132
2019-11-16 04:35:00,4.55,4.553,4.55,4.553,866.03384
2019-11-16 04:34:00,4.55,4.55,4.549,4.549,884.11448
2019-11-16 04:33:00,4.55,4.55,4.55,4.55,20.53788
2019-11-16 04:32:00,4.546,4.548,4.546,4.548,164.04366
2019-11-16 04:31:00,4.544,4.547,4.544,4.547,360.20159
2019-11-16 04:30:00,4.546,4.546,4.545,4.545,116.40967
2019-11-16 04:29:00,4.549,4.549,4.548,4.548,338.36385
2019-11-16 04:28:00,4.548,4.548,4.547,4.547,1027.69949
2019-11-16 04:27:00,4.548,4.548,4.548,4.548,1773.54609
2019-11-16 04:26:00,4.548,4.548,4.548,4.548,2233.53472
2019-11-16 04:25:00,4.549,4.549,4.549,4.549,0
2019-11-16 04:24:00,4.551,4.551,4.547,4.549,3796.22697
2019-11-16 04:23:00,4.55,4.552,4.55,4.552,216.99994
2019-11-16 04:22:00,4.55,4.551,4.55,4.551,391.83538
2019-11-16 04:21:00,4.548,4.552,4.543,4.552,1412.60857
2019-11-16 04:20:00,4.548,4.548,4.548,4.548,3338.28672
2019-11-16 04:19:00,4.547,4.547,4.547,4.547,3.07295
2019-11-16 04:18:00,4.548,4.548,4.546,4.546,2363.60867
2019-11-16 04:17:00,4.553,4.553,4.549,4.549,366.57625
2019-11-16 04:16:00,4.546,4.552,4.546,4.552,1746.32081
2019-11-16 04:15:00,4.546,4.546,4.541,4.545,1429.19108
2019-11-16 04:14:00,4.547,4.547,4.546,4.546,1210.26208
2019-11-16 04:13:00,4.547,4.547,4.547,4.547,5.01663
2019-11-16 04:12:00,4.548,4.548,4.543,4.546,1797.15623
2019-11-16 04:11:00,4.545,4.548,4.545,4.548,288.82991
2019-11-16 04:10:00,4.542,4.545,4.542,4.545,230.34007
2019-11-16 04:09:00,4.542,4.542,4.542,4.542,0.49324
2019-11-16 04:08:00,4.541,4.542,4.541,4.541,4.31235
2019-11-16 04:07:00,4.543,4.543,4.542,4.542,871.19441
2019-11-16 04:06:00,4.546,4.547,4.543,4.543,575.8939
2019-11-16 04:05:00,4.546,4.547,4.546,4.547,1.02445
2019-11-16 04:04:00,4.546,4.546,4.545,4.546,224.37755
2019-11-16 04:03:00,4.551,4.551,4.547,4.547,81.42182
2019-11-16 04:02:00,4.558,4.558,4.552,4.552,2229.96144
2019-11-16 04:01:00,4.556,4.558,4.556,4.558,277.07786
2019-11-16 04:00:00,4.554,4.556,4.554,4.556,173.47223
2019-11-16 03:59:00,4.552,4.554,4.548,4.554,894.00052
2019-11-16 03:58:00,4.556,4.556,4.554,4.554,1096.65132
2019-11-16 03:57:00,4.559,4.559,4.556,4.556,509.12889
2019-11-16 03:56:00,4.558,4.558,4.558,4.558,351.15385
2019-11-16 03:55:00,4.555,4.561,4.555,4.558,2425.79419
2019-11-16 03:54:00,4.556,4.556,4.555,4.555,444.99109
2019-11-16 03:53:00,4.554,4.554,4.554,4.554,203.68852
2019-11-16 03:52:00,4.553,4.553,4.553,4.553,0
2019-11-16 03:51:00,4.556,4.556,4.553,4.553,573.01785
2019-11-16 03:50:00,4.554,4.555,4.554,4.555,273.28624
2019-11-16 03:49:00,4.552,4.553,4.552,4.553,1044.63757
2019-11-16 03:48:00,4.552,4.552,4.552,4.552,0.43368
2019-11-16 03:47:00,4.552,4.552,4.552,4.552,1021.54496
2019-11-16 03:46:00,4.547,4.552,4.547,4.552,510.80806
2019-11-16 03:45:00,4.547,4.547,4.547,4.547,0
2019-11-16 03:44:00,4.549,4.549,4.546,4.546,1921.69428
2019-11-16 03:43:00,4.548,4.552,4.548,4.55,655.70377
2019-11-16 03:42:00,4.549,4.549,4.548,4.548,598.52444
2019-11-16 03:41:00,4.55,4.55,4.548,4.549,418.48533
2019-11-16 03:40:00,4.55,4.55,4.55,4.55,203.55017
2019-11-16 03:39:00,4.55,4.55,4.55,4.55,0.77223
2019-11-16 03:38:00,4.556,4.556,4.552,4.552,862.08229
2019-11-16 03:37:00,4.553,4.556,4.553,4.556,1171.84075
2019-11-16 03:36:00,4.549,4.553,4.545,4.553,2039.36093
2019-11-16 03:35:00,4.55,4.552,4.55,4.55,1276.42654
2019-11-16 03:34:00,4.549,4.55,4.543,4.549,4265.95057
2019-11-16 03:33:00,4.553,4.554,4.549,4.55,1904.66046
2019-11-16 03:32:00,4.555,4.556,4.552,4.553,843.44126
2019-11-16 03:31:00,4.555,4.559,4.554,4.555,4625.27118
2019-11-16 03:30:00,4.554,4.554,4.554,4.554,591.93274
2019-11-16 03:29:00,4.554,4.554,4.554,4.554,863.83886
2019-11-16 03:28:00,4.552,4.552,4.551,4.552,446.92133
2019-11-16 03:27:00,4.553,4.553,4.553,4.553,0
2019-11-16 03:26:00,4.548,4.553,4.548,4.553,1685.73031
2019-11-16 03:25:00,4.553,4.553,4.548,4.548,12.27239
2019-11-16 03:24:00,4.554,4.554,4.554,4.554,322.1919
2019-11-16 03:23:00,4.555,4.559,4.555,4.556,615.29228
2019-11-16 03:22:00,4.554,4.554,4.549,4.554,2641.38905
2019-11-16 03:21:00,4.554,4.554,4.554,4.554,911.22904
2019-11-16 03:20:00,4.552,4.552,4.552,4.552,28.90873
2019-11-16 03:19:00,4.552,4.553,4.552,4.553,1558.501
2019-11-16 03:18:00,4.55,4.553,4.547,4.551,2193.12434
2019-11-16 03:17:00,4.55,4.551,4.55,4.55,139.40253
2019-11-16 03:16:00,4.551,4.553,4.55,4.55,1722.42419
2019-11-16 03:15:00,4.546,4.55,4.544,4.55,4031.62809
2019-11-16 03:14:00,4.553,4.554,4.545,4.546,1605.46133
2019-11-16 03:13:00,4.557,4.558,4.553,4.553,1473.13984
2019-11-16 03:12:00,4.56,4.56,4.556,4.556,289.63544
2019-11-16 03:11:00,4.559,4.56,4.559,4.56,240.47875
2019-11-16 03:10:00,4.559,4.56,4.559,4.56,508.92611
2019-11-16 03:09:00,4.556,4.558,4.556,4.557,124.92354
2019-11-16 03:08:00,4.557,4.557,4.557,4.557,28.99301
2019-11-16 03:07:00,4.556,4.557,4.556,4.557,600.85153
2019-11-16 03:06:00,4.554,4.555,4.553,4.555,2782.43232
2019-11-16 03:05:00,4.554,4.554,4.554,4.554,2.9442
2019-11-16 03:04:00,4.557,4.557,4.556,4.556,113.04384
2019-11-16 03:03:00,4.562,4.562,4.557,4.557,956.87181
2019-11-16 03:02:00,4.559,4.562,4.559,4.562,3385.34128
2019-11-16 03:01:00,4.557,4.559,4.557,4.559,1092.85052
2019-11-16 03:00:00,4.56,4.56,4.557,4.557,1399.04914
2019-11-16 02:59:00,4.56,4.56,4.56,4.56,0
2019-11-16 02:58:00,4.56,4.56,4.559,4.56,1646.35548
2019-11-16 02:57:00,4.558,4.559,4.558,4.559,317.19682
2019-11-16 02:56:00,4.56,4.56,4.557,4.558,2089.46597
2019-11-16 02:55:00,4.566,4.566,4.559,4.559,4550.15013
2019-11-16 02:54:00,4.557,4.565,4.557,4.565,1631.49495
2019-11-16 02:53:00,4.557,4.557,4.557,4.557,83.4704
2019-11-16 02:52:00,4.558,4.558,4.556,4.557,483.63284
2019-11-16 02:51:00,4.56,4.56,4.559,4.559,976.63214
2019-11-16 02:50:00,4.557,4.558,4.555,4.558,1389.05785
2019-11-16 02:49:00,4.558,4.558,4.557,4.557,279.64012
2019-11-16 02:48:00,4.557,4.558,4.556,4.557,102.83899
2019-11-16 02:47:00,4.557,4.557,4.555,4.557,564.83128
2019-11-16 02:46:00,4.557,4.557,4.557,4.557,1437.35326
2019-11-16 02:45:00,4.557,4.559,4.557,4.558,99.42902
2019-11-16 02:44:00,4.559,4.559,4.554,4.556,2446.16798
2019-11-16 02:43:00,4.559,4.56,4.559,4.559,404.08322
2019-11-16 02:42:00,4.559,4.562,4.558,4.558,1203.64429
2019-11-16 02:41:00,4.562,4.562,4.561,4.562,1255.10926
2019-11-16 02:40:00,4.56,4.562,4.558,4.562,1400.30784
2019-11-16 02:39:00,4.556,4.56,4.556,4.56,17877.9334
2019-11-16 02:38:00,4.559,4.56,4.555,4.555,743.90737
2019-11-16 02:37:00,4.558,4.558,4.557,4.558,1373.38177
2019-11-16 02:36:00,4.559,4.561,4.557,4.557,4049.48284
2019-11-16 02:35:00,4.567,4.567,4.56,4.56,1922.96633
2019-11-16 02:34:00,4.558,4.567,4.558,4.567,593.65124
2019-11-16 02:33:00,4.559,4.56,4.559,4.559,418.56056
2019-11-16 02:32:00,4.554,4.559,4.554,4.558,847.60393
2019-11-16 02:31:00,4.554,4.554,4.553,4.554,330.36319
2019-11-16 02:30:00,4.557,4.557,4.552,4.554,956.58795
2019-11-16 02:29:00,4.558,4.558,4.556,4.557,639.43341
2019-11-16 02:28:00,4.557,4.558,4.552,4.556,2583.1888
2019-11-16 02:27:00,4.551,4.559,4.551,4.556,2370.03277
2019-11-16 02:26:00,4.552,4.552,4.548,4.551,2032.23355
2019-11-16 02:25:00,4.55,4.553,4.55,4.552,189.68536
2019-11-16 02:24:00,4.548,4.548,4.547,4.548,903.21346
2019-11-16 02:23:00,4.549,4.549,4.549,4.549,8.70275
2019-11-16 02:22:00,4.542,4.548,4.542,4.548,1525.30717
2019-11-16 02:21:00,4.541,4.543,4.537,4.543,233.18429
2019-11-16 02:20:00,4.544,4.544,4.54,4.541,404.45552
2019-11-16 02:19:00,4.543,4.544,4.543,4.544,1100.57195
2019-11-16 02:18:00,4.541,4.545,4.536,4.544,3585.01158
2019-11-16 02:17:00,4.541,4.541,4.54,4.54,1119.7946
2019-11-16 02:16:00,4.542,4.542,4.542,4.542,1478.5245
2019-11-16 02:15:00,4.543,4.544,4.543,4.544,1980.66239
2019-11-16 02:14:00,4.548,4.548,4.546,4.546,1232.41635
2019-11-16 02:13:00,4.549,4.55,4.548,4.548,1370.68585
2019-11-16 02:12:00,4.546,4.55,4.546,4.549,1146.004
2019-11-16 02:11:00,4.549,4.55,4.546,4.546,232.99713
2019-11-16 02:10:00,4.543,4.549,4.543,4.549,545.84997
2019-11-16 02:09:00,4.542,4.543,4.542,4.543,1.51896
2019-11-16 02:08:00,4.54,4.542,4.54,4.542,1604.6644
2019-11-16 02:07:00,4.542,4.542,4.539,4.54,439.70861
2019-11-16 02:06:00,4.542,4.542,4.542,4.542,1305.34563
2019-11-16 02:05:00,4.542,4.544,4.541,4.541,3420.09685
2019-11-16 02:04:00,4.545,4.545,4.544,4.544,426.72692
2019-11-16 02:03:00,4.549,4.549,4.543,4.543,702.76852
2019-11-16 02:02:00,4.547,4.548,4.546,4.548,1954.66251
2019-11-16 02:01:00,4.548,4.549,4.544,4.544,1570.87634
2019-11-16 02:00:00,4.549,4.549,4.549,4.549,225.7012
2019-11-16 01:59:00,4.55,4.55,4.549,4.549,643.76109
2019-11-16 01:58:00,4.554,4.554,4.549,4.549,1843.34625
2019-11-16 01:57:00,4.546,4.551,4.546,4.551,2026.55273
2019-11-16 01:56:00,4.545,4.545,4.545,4.545,2293.69701
2019-11-16 01:55:00,4.548,4.548,4.548,4.548,0
2019-11-16 01:54:00,4.548,4.549,4.548,4.548,1501.25712
2019-11-16 01:53:00,4.548,4.55,4.548,4.55,885.86863
2019-11-16 01:52:00,4.551,4.551,4.547,4.547,256.85722
2019-11-16 01:51:00,4.55,4.552,4.55,4.552,580.76428
2019-11-16 01:50:00,4.546,4.549,4.543,4.549,1086.63329
2019-11-16 01:49:00,4.549,4.549,4.546,4.546,341.62678
2019-11-16 01:48:00,4.549,4.549,4.549,4.549,144.56238
2019-11-16 01:47:00,4.549,4.549,4.549,4.549,112.03353
2019-11-16 01:46:00,4.545,4.549,4.545,4.549,1411.10395
2019-11-16 01:45:00,4.551,4.551,4.544,4.544,2968.06166
2019-11-16 01:44:00,4.551,4.552,4.551,4.552,400.95838
2019-11-16 01:43:00,4.55,4.553,4.55,4.551,395.72292
2019-11-16 01:42:00,4.548,4.55,4.548,4.55,1577.0381
2019-11-16 01:41:00,4.546,4.549,4.545,4.549,1723.25347
2019-11-16 01:40:00,4.546,4.547,4.546,4.546,499.71611
2019-11-16 01:39:00,4.545,4.546,4.545,4.546,2423.2891
2019-11-16 01:38:00,4.545,4.546,4.544,4.545,1823.37419
2019-11-16 01:37:00,4.545,4.546,4.543,4.544,843.37533
2019-11-16 01:36:00,4.544,4.545,4.54,4.545,661.76003
2019-11-16 01:35:00,4.546,4.546,4.545,4.545,812.96041
2019-11-16 01:34:00,4.539,4.543,4.539,4.543,3755.95817
2019-11-16 01:33:00,4.538,4.542,4.538,4.541,2510.45459
2019-11-16 01:32:00,4.537,4.537,4.534,4.537,2904.16114
2019-11-16 01:31:00,4.537,4.539,4.537,4.537,1284.35512
2019-11-16 01:30:00,4.538,4.538,4.536,4.537,1184.92127
2019-11-16 01:29:00,4.539,4.539,4.538,4.538,495.29029
2019-11-16 01:28:00,4.542,4.542,4.536,4.538,2507.83991
2019-11-16 01:27:00,4.543,4.544,4.543,4.543,541.56624
2019-11-16 01:26:00,4.543,4.543,4.543,4.543,320.1525
2019-11-16 01:25:00,4.543,4.543,4.542,4.542,392.72813
2019-11-16 01:24:00,4.543,4.543,4.543,4.543,4
2019-11-16 01:23:00,4.54,4.542,4.54,4.542,1025.88985
2019-11-16 01:22:00,4.541,4.541,4.54,4.541,1183.56388
2019-11-16 01:21:00,4.546,4.546,4.542,4.542,2145.57867
2019-11-16 01:20:00,4.551,4.551,4.545,4.545,1659.77818
2019-11-16 01:19:00,4.548,4.551,4.548,4.551,358.72604
2019-11-16 01:18:00,4.547,4.548,4.547,4.547,1323.78304
2019-11-16 01:17:00,4.547,4.547,4.547,4.547,0.11107
2019-11-16 01:16:00,4.547,4.547,4.547,4.547,174.54505
2019-11-16 01:15:00,4.546,4.547,4.545,4.547,3783.2814
2019-11-16 01:14:00,4.553,4.556,4.544,4.545,2928.69028
2019-11-16 01:13:00,4.55,4.553,4.55,4.553,303.35277
2019-11-16 01:12:00,4.545,4.549,4.545,4.549,1373.96077
2019-11-16 01:11:00,4.545,4.545,4.545,4.545,0.27897
2019-11-16 01:10:00,4.545,4.545,4.545,4.545,0.02255
2019-11-16 01:09:00,4.544,4.546,4.544,4.544,309.49157
2019-11-16 01:08:00,4.543,4.543,4.543,4.543,56.17081
2019-11-16 01:07:00,4.539,4.544,4.539,4.543,390.30332
2019-11-16 01:06:00,4.543,4.543,4.539,4.539,1277.79028
2019-11-16 01:05:00,4.542,4.543,4.542,4.543,265.63207
2019-11-16 01:04:00,4.541,4.542,4.541,4.542,1488.6086
2019-11-16 01:03:00,4.541,4.541,4.54,4.541,311.03085
2019-11-16 01:02:00,4.545,4.545,4.543,4.543,513.62807
2019-11-16 01:01:00,4.545,4.545,4.545,4.545,0.0113
2019-11-16 01:00:00,4.55,4.55,4.545,4.546,1756.73877
2019-11-16 00:59:00,4.548,4.548,4.545,4.546,2543.25924
2019-11-16 00:58:00,4.55,4.551,4.549,4.549,1375.79383
2019-11-16 00:57:00,4.55,4.552,4.549,4.551,6041.54769
2019-11-16 00:56:00,4.551,4.552,4.549,4.55,1631.36213
2019-11-16 00:55:00,4.536,4.55,4.536,4.55,2995.37489
2019-11-16 00:54:00,4.535,4.536,4.535,4.536,928.3497
2019-11-16 00:53:00,4.534,4.534,4.529,4.532,2696.82114
2019-11-16 00:52:00,4.54,4.54,4.534,4.534,941.71107
2019-11-16 00:51:00,4.537,4.543,4.537,4.539,2528.30821
2019-11-16 00:50:00,4.542,4.542,4.532,4.533,2548.39372
2019-11-16 00:49:00,4.542,4.542,4.542,4.542,2053.29924
2019-11-16 00:48:00,4.544,4.546,4.542,4.542,1033.98312
2019-11-16 00:47:00,4.552,4.553,4.544,4.545,2655.49196
2019-11-16 00:46:00,4.555,4.555,4.551,4.552,260.01429
2019-11-16 00:45:00,4.559,4.559,4.554,4.555,850.62117
2019-11-16 00:44:00,4.562,4.562,4.557,4.56,1639.51138
2019-11-16 00:43:00,4.562,4.562,4.56,4.562,173.75658
2019-11-16 00:42:00,4.555,4.562,4.555,4.562,1986.67265
2019-11-16 00:41:00,4.556,4.556,4.554,4.555,502.19129
2019-11-16 00:40:00,4.552,4.554,4.552,4.553,1806.47488
2019-11-16 00:39:00,4.565,4.565,4.553,4.553,1525.92201
2019-11-16 00:38:00,4.556,4.565,4.556,4.565,751.16804
2019-11-16 00:37:00,4.547,4.555,4.547,4.555,1609.54913
2019-11-16 00:36:00,4.547,4.549,4.547,4.548,966.54314
2019-11-16 00:35:00,4.543,4.55,4.541,4.547,4833.86132
2019-11-16 00:34:00,4.55,4.55,4.544,4.544,530.3884
2019-11-16 00:33:00,4.558,4.559,4.551,4.551,2255.33649
2019-11-16 00:32:00,4.547,4.561,4.546,4.558,3629.81163
2019-11-16 00:31:00,4.549,4.551,4.545,4.546,4739.26292
2019-11-16 00:30:00,4.544,4.549,4.542,4.548,2311.44247
2019-11-16 00:29:00,4.534,4.543,4.529,4.543,5166.24565
2019-11-16 00:28:00,4.525,4.534,4.522,4.532,13111.22822
2019-11-16 00:27:00,4.537,4.537,4.526,4.526,3233.44557
2019-11-16 00:26:00,4.543,4.543,4.541,4.541,1632.71188
2019-11-16 00:25:00,4.544,4.547,4.544,4.544,689.65078
2019-11-16 00:24:00,4.547,4.547,4.544,4.545,2137.18141
2019-11-16 00:23:00,4.548,4.548,4.547,4.547,2352.4197
2019-11-16 00:22:00,4.549,4.549,4.547,4.548,525.50044
2019-11-16 00:21:00,4.546,4.546,4.543,4.546,2435.79382
2019-11-16 00:20:00,4.549,4.549,4.546,4.546,769.81006
2019-11-16 00:19:00,4.542,4.549,4.542,4.549,1986.88421
2019-11-16 00:18:00,4.542,4.547,4.542,4.546,2349.76961
2019-11-16 00:17:00,4.533,4.542,4.533,4.542,1607.25262
2019-11-16 00:16:00,4.537,4.537,4.527,4.532,3254.18743
2019-11-16 00:15:00,4.526,4.539,4.526,4.539,6368.16603
2019-11-16 00:14:00,4.535,4.535,4.522,4.526,3921.12528
2019-11-16 00:13:00,4.541,4.543,4.536,4.536,3899.61396
2019-11-16 00:12:00,4.552,4.552,4.54,4.54,1647.01712
2019-11-16 00:11:00,4.553,4.553,4.55,4.552,867.09233
2019-11-16 00:10:00,4.557,4.557,4.553,4.553,1390.89768
2019-11-16 00:09:00,4.563,4.563,4.555,4.557,3403.91721
2019-11-16 00:08:00,4.574,4.574,4.562,4.563,3320.61692
2019-11-16 00:07:00,4.574,4.576,4.574,4.575,1396.13252
2019-11-16 00:06:00,4.572,4.574,4.572,4.574,1492.31194
2019-11-16 00:05:00,4.569,4.572,4.569,4.572,605.59068
2019-11-16 00:04:00,4.564,4.57,4.564,4.568,2948.80794
2019-11-16 00:03:00,4.559,4.564,4.559,4.564,1946.8671
2019-11-16 00:02:00,4.559,4.561,4.559,4.56,1660.37784
2019-11-16 00:01:00,4.552,4.559,4.548,4.559,4854.10552
2019-11-16 00:00:00,4.569,4.569,4.547,4.55,8413.16775
