2019-11-03 23:59:00,4.879,4.88,4.879,4.88,423.1709
2019-11-03 23:58:00,4.877,4.878,4.877,4.878,5017.13192
2019-11-03 23:57:00,4.874,4.876,4.874,4.876,245.27108
2019-11-03 23:56:00,4.873,4.873,4.873,4.873,214.22428
2019-11-03 23:55:00,4.873,4.874,4.872,4.874,627.88643
2019-11-03 23:54:00,4.873,4.873,4.873,4.873,4
2019-11-03 23:53:00,4.875,4.876,4.873,4.873,1987.11197
2019-11-03 23:52:00,4.878,4.878,4.876,4.876,1153.55257
2019-11-03 23:51:00,4.878,4.878,4.878,4.878,145.3895
2019-11-03 23:50:00,4.877,4.879,4.877,4.877,2789.00109
2019-11-03 23:49:00,4.881,4.881,4.878,4.878,1222.28347
2019-11-03 23:48:00,4.878,4.88,4.878,4.88,2165.15614
2019-11-03 23:47:00,4.878,4.878,4.878,4.878,1733.67745
2019-11-03 23:46:00,4.879,4.88,4.878,4.878,1412.4776
2019-11-03 23:45:00,4.881,4.881,4.877,4.878,1731.85942
2019-11-03 23:44:00,4.88,4.882,4.879,4.879,2844.62722
2019-11-03 23:43:00,4.878,4.88,4.875,4.879,848.8416
2019-11-03 23:42:00,4.879,4.879,4.879,4.879,0.06082
2019-11-03 23:41:00,4.878,4.879,4.877,4.879,1844.85049
2019-11-03 23:40:00,4.88,4.88,4.879,4.879,993.16955
2019-11-03 23:39:00,4.879,4.881,4.879,4.881,558.54047
2019-11-03 23:38:00,4.88,4.88,4.877,4.878,1738.66991
2019-11-03 23:37:00,4.881,4.881,4.876,4.88,936.02976
2019-11-03 23:36:00,4.88,4.882,4.88,4.881,202.93741
2019-11-03 23:35:00,4.88,4.88,4.88,4.88,1608.3173
2019-11-03 23:34:00,4.877,4.881,4.877,4.88,1675.30208
2019-11-03 23:33:00,4.876,4.877,4.876,4.877,79.55588
2019-11-03 23:32:00,4.872,4.876,4.871,4.876,1484.83397
2019-11-03 23:31:00,4.873,4.873,4.869,4.872,1682.07502
2019-11-03 23:30:00,4.866,4.872,4.866,4.871,4496.72082
2019-11-03 23:29:00,4.866,4.866,4.864,4.865,105.77081
2019-11-03 23:28:00,4.864,4.869,4.864,4.865,1360.85009
2019-11-03 23:27:00,4.865,4.865,4.863,4.863,1795.34474
2019-11-03 23:26:00,4.866,4.866,4.862,4.864,996.1691
2019-11-03 23:25:00,4.866,4.866,4.865,4.866,734.70469
2019-11-03 23:24:00,4.868,4.868,4.864,4.867,2170.01333
2019-11-03 23:23:00,4.869,4.87,4.867,4.869,1798.23235
2019-11-03 23:22:00,4.867,4.868,4.865,4.867,1895.73982
2019-11-03 23:21:00,4.864,4.868,4.864,4.867,2013.1939
2019-11-03 23:20:00,4.865,4.866,4.864,4.864,547.75734
2019-11-03 23:19:00,4.865,4.865,4.865,4.865,0.09884
2019-11-03 23:18:00,4.863,4.865,4.862,4.865,834.73566
2019-11-03 23:17:00,4.862,4.864,4.86,4.863,290.89232
2019-11-03 23:16:00,4.863,4.864,4.862,4.862,1113.19411
2019-11-03 23:15:00,4.866,4.866,4.864,4.864,2716.47577
2019-11-03 23:14:00,4.868,4.868,4.864,4.866,1388.65496
2019-11-03 23:13:00,4.87,4.87,4.868,4.868,131.56307
2019-11-03 23:12:00,4.866,4.871,4.864,4.87,3927.13047
2019-11-03 23:11:00,4.866,4.866,4.862,4.866,2561.28433
2019-11-03 23:10:00,4.865,4.87,4.865,4.865,1697.83664
2019-11-03 23:09:00,4.861,4.866,4.861,4.864,8442.95707
2019-11-03 23:08:00,4.872,4.875,4.86,4.861,8528.06811
2019-11-03 23:07:00,4.872,4.876,4.871,4.871,3480.30856
2019-11-03 23:06:00,4.866,4.877,4.866,4.871,1672.58435
2019-11-03 23:05:00,4.853,4.866,4.853,4.866,3657.92214
2019-11-03 23:04:00,4.856,4.856,4.85,4.853,4944.20293
2019-11-03 23:03:00,4.868,4.868,4.853,4.856,2985.37903
2019-11-03 23:02:00,4.871,4.872,4.868,4.868,2531.10027
2019-11-03 23:01:00,4.874,4.874,4.869,4.87,1897.9864
2019-11-03 23:00:00,4.874,4.874,4.874,4.874,23.84421
2019-11-03 22:59:00,4.88,4.882,4.879,4.879,1108.19708
2019-11-03 22:58:00,4.881,4.882,4.878,4.879,796.22467
2019-11-03 22:57:00,4.881,4.881,4.88,4.88,411.61899
2019-11-03 22:56:00,4.882,4.882,4.88,4.881,1156.57725
2019-11-03 22:55:00,4.879,4.881,4.879,4.881,1141.38368
2019-11-03 22:54:00,4.875,4.879,4.875,4.879,1709.87463
2019-11-03 22:53:00,4.874,4.874,4.874,4.874,105.71836
2019-11-03 22:52:00,4.874,4.877,4.873,4.875,2569.48195
2019-11-03 22:51:00,4.867,4.876,4.867,4.876,1456.17263
2019-11-03 22:50:00,4.86,4.87,4.86,4.868,3397.78689
2019-11-03 22:49:00,4.862,4.863,4.856,4.863,8670.6839
2019-11-03 22:48:00,4.866,4.866,4.863,4.863,966.06286
2019-11-03 22:47:00,4.866,4.867,4.865,4.867,933.4724
2019-11-03 22:46:00,4.869,4.869,4.866,4.866,3062.8852
2019-11-03 22:45:00,4.868,4.87,4.867,4.87,4022.0286
2019-11-03 22:44:00,4.871,4.871,4.868,4.868,506.19127
2019-11-03 22:43:00,4.872,4.873,4.871,4.871,1152.91298
2019-11-03 22:42:00,4.872,4.873,4.871,4.873,3624.91228
2019-11-03 22:41:00,4.874,4.874,4.871,4.872,273.95028
2019-11-03 22:40:00,4.876,4.876,4.872,4.872,1916.83623
2019-11-03 22:39:00,4.874,4.877,4.874,4.877,1864.77396
2019-11-03 22:38:00,4.879,4.879,4.874,4.874,1772.14004
2019-11-03 22:37:00,4.881,4.881,4.88,4.88,1096.76114
2019-11-03 22:36:00,4.881,4.883,4.881,4.882,355.10021
2019-11-03 22:35:00,4.881,4.881,4.881,4.881,4.01646
2019-11-03 22:34:00,4.882,4.882,4.882,4.882,0
2019-11-03 22:33:00,4.884,4.884,4.881,4.882,2354.17049
2019-11-03 22:32:00,4.887,4.887,4.883,4.883,1224.57709
2019-11-03 22:31:00,4.889,4.89,4.887,4.887,3296.57721
2019-11-03 22:30:00,4.89,4.89,4.886,4.888,2271.98912
2019-11-03 22:29:00,4.892,4.892,4.89,4.891,3135.72412
2019-11-03 22:28:00,4.894,4.894,4.891,4.893,4146.73988
2019-11-03 22:27:00,4.896,4.896,4.896,4.896,1.65433
2019-11-03 22:26:00,4.896,4.896,4.896,4.896,4.94589
2019-11-03 22:25:00,4.898,4.898,4.89,4.896,1528.75231
2019-11-03 22:24:00,4.897,4.899,4.897,4.898,2216.02719
2019-11-03 22:23:00,4.898,4.9,4.895,4.895,1241.1592
2019-11-03 22:22:00,4.897,4.899,4.897,4.899,92.72093
2019-11-03 22:21:00,4.899,4.899,4.896,4.897,624.37014
2019-11-03 22:20:00,4.899,4.899,4.899,4.899,798.86256
2019-11-03 22:19:00,4.902,4.902,4.898,4.901,2427.46763
2019-11-03 22:18:00,4.903,4.903,4.903,4.903,0.44296
2019-11-03 22:17:00,4.903,4.903,4.902,4.903,8.19928
2019-11-03 22:16:00,4.902,4.903,4.902,4.903,215.28101
2019-11-03 22:15:00,4.902,4.902,4.902,4.902,357.79335
2019-11-03 22:14:00,4.902,4.902,4.902,4.902,568.42278
2019-11-03 22:13:00,4.901,4.902,4.901,4.902,442.10208
2019-11-03 22:12:00,4.902,4.902,4.901,4.901,70.11151
2019-11-03 22:11:00,4.902,4.902,4.901,4.902,1107.05736
2019-11-03 22:10:00,4.903,4.903,4.9,4.902,1425.62614
2019-11-03 22:09:00,4.902,4.903,4.902,4.903,220.94785
2019-11-03 22:08:00,4.902,4.902,4.902,4.902,724.16385
2019-11-03 22:07:00,4.902,4.902,4.901,4.902,39.66018
2019-11-03 22:06:00,4.902,4.902,4.901,4.902,247.20896
2019-11-03 22:05:00,4.901,4.901,4.901,4.901,2355.74474
2019-11-03 22:04:00,4.902,4.902,4.901,4.901,1059.53953
2019-11-03 22:03:00,4.904,4.907,4.903,4.903,1559.22112
2019-11-03 22:02:00,4.903,4.907,4.903,4.904,1394.88414
2019-11-03 22:01:00,4.901,4.903,4.899,4.902,3783.52788
2019-11-03 22:00:00,4.9,4.901,4.9,4.901,1189.95758
2019-11-03 21:59:00,4.9,4.9,4.9,4.9,1243.1467
2019-11-03 21:58:00,4.898,4.899,4.898,4.899,23.29773
2019-11-03 21:57:00,4.899,4.901,4.899,4.899,603.26837
2019-11-03 21:56:00,4.901,4.901,4.899,4.899,187.21801
2019-11-03 21:55:00,4.902,4.902,4.902,4.902,0
2019-11-03 21:54:00,4.902,4.902,4.902,4.902,0
2019-11-03 21:53:00,4.902,4.902,4.902,4.902,0
2019-11-03 21:52:00,4.902,4.902,4.902,4.902,0
2019-11-03 21:51:00,4.903,4.903,4.902,4.902,1536.61264
2019-11-03 21:50:00,4.903,4.906,4.903,4.904,1803.59398
2019-11-03 21:49:00,4.898,4.904,4.898,4.903,3057.13311
2019-11-03 21:48:00,4.897,4.897,4.897,4.897,0
2019-11-03 21:47:00,4.897,4.897,4.897,4.897,0
2019-11-03 21:46:00,4.897,4.897,4.897,4.897,0
2019-11-03 21:45:00,4.896,4.897,4.896,4.897,262.8182
2019-11-03 21:44:00,4.895,4.896,4.895,4.895,1139.06396
2019-11-03 21:43:00,4.901,4.901,4.896,4.896,1847.2739
2019-11-03 21:42:00,4.896,4.899,4.896,4.899,544.79025
2019-11-03 21:41:00,4.891,4.895,4.889,4.895,823.03179
2019-11-03 21:40:00,4.89,4.892,4.89,4.891,591.33777
2019-11-03 21:39:00,4.89,4.89,4.89,4.89,295.6239
2019-11-03 21:38:00,4.89,4.891,4.889,4.891,2655.93047
2019-11-03 21:37:00,4.887,4.888,4.886,4.888,827.14571
2019-11-03 21:36:00,4.89,4.89,4.887,4.887,1620.57863
2019-11-03 21:35:00,4.891,4.891,4.891,4.891,63.97032
2019-11-03 21:34:00,4.891,4.891,4.89,4.891,224.12341
2019-11-03 21:33:00,4.893,4.893,4.892,4.892,4.19286
2019-11-03 21:32:00,4.896,4.898,4.893,4.893,2535.43126
2019-11-03 21:31:00,4.896,4.896,4.896,4.896,0
2019-11-03 21:30:00,4.896,4.896,4.896,4.896,101.11223
2019-11-03 21:29:00,4.9,4.9,4.895,4.895,2245.68407
2019-11-03 21:28:00,4.898,4.898,4.895,4.897,3140.14742
2019-11-03 21:27:00,4.899,4.899,4.896,4.898,1631.20721
2019-11-03 21:26:00,4.898,4.9,4.898,4.899,1044.9439
2019-11-03 21:25:00,4.898,4.898,4.898,4.898,0.36045
2019-11-03 21:24:00,4.901,4.901,4.898,4.898,110.50603
2019-11-03 21:23:00,4.903,4.904,4.899,4.901,2424.74053
2019-11-03 21:22:00,4.903,4.904,4.903,4.903,0.42727
2019-11-03 21:21:00,4.904,4.905,4.903,4.903,305.17115
2019-11-03 21:20:00,4.902,4.903,4.902,4.903,0.21773
2019-11-03 21:19:00,4.904,4.904,4.902,4.903,211.92368
2019-11-03 21:18:00,4.902,4.904,4.902,4.904,1048.66596
2019-11-03 21:17:00,4.903,4.903,4.902,4.902,1990.04702
2019-11-03 21:16:00,4.906,4.906,4.904,4.904,1189.33318
2019-11-03 21:15:00,4.906,4.906,4.906,4.906,1706.29436
2019-11-03 21:14:00,4.909,4.909,4.904,4.906,662.74511
2019-11-03 21:13:00,4.91,4.911,4.909,4.909,689.52038
2019-11-03 21:12:00,4.903,4.91,4.902,4.91,2967.12009
2019-11-03 21:11:00,4.905,4.906,4.904,4.904,570.26486
2019-11-03 21:10:00,4.91,4.91,4.905,4.905,1030.00756
2019-11-03 21:09:00,4.916,4.917,4.91,4.91,4003.10017
2019-11-03 21:08:00,4.916,4.916,4.916,4.916,62.26037
2019-11-03 21:07:00,4.917,4.917,4.916,4.916,160.06733
2019-11-03 21:06:00,4.92,4.92,4.918,4.918,1471.54206
2019-11-03 21:05:00,4.917,4.921,4.915,4.92,3243.69935
2019-11-03 21:04:00,4.915,4.916,4.915,4.916,40.22486
2019-11-03 21:03:00,4.915,4.915,4.915,4.915,232.5238
2019-11-03 21:02:00,4.915,4.915,4.914,4.915,879.04508
2019-11-03 21:01:00,4.916,4.916,4.916,4.916,0
2019-11-03 21:00:00,4.916,4.916,4.916,4.916,183.87255
2019-11-03 20:59:00,4.919,4.919,4.917,4.917,345.57435
2019-11-03 20:58:00,4.921,4.921,4.921,4.921,0
2019-11-03 20:57:00,4.918,4.921,4.918,4.921,1028.35321
2019-11-03 20:56:00,4.92,4.92,4.916,4.918,1710.36867
2019-11-03 20:55:00,4.919,4.92,4.918,4.92,1394.67158
2019-11-03 20:54:00,4.918,4.92,4.918,4.92,1275.01266
2019-11-03 20:53:00,4.917,4.92,4.917,4.918,2155.92954
2019-11-03 20:52:00,4.919,4.919,4.917,4.917,1814.27932
2019-11-03 20:51:00,4.92,4.921,4.917,4.919,2363.19667
2019-11-03 20:50:00,4.916,4.919,4.916,4.919,2643.35596
2019-11-03 20:49:00,4.915,4.915,4.915,4.915,226.94652
2019-11-03 20:48:00,4.916,4.917,4.914,4.916,3179.59361
2019-11-03 20:47:00,4.912,4.92,4.912,4.916,3374.45205
2019-11-03 20:46:00,4.912,4.912,4.912,4.912,248.47736
2019-11-03 20:45:00,4.91,4.913,4.909,4.912,1860.90935
2019-11-03 20:44:00,4.906,4.91,4.905,4.91,1052.13583
2019-11-03 20:43:00,4.905,4.905,4.905,4.905,7.77237
2019-11-03 20:42:00,4.905,4.905,4.905,4.905,2.83821
2019-11-03 20:41:00,4.905,4.907,4.905,4.906,522.15498
2019-11-03 20:40:00,4.903,4.905,4.903,4.905,73.42258
2019-11-03 20:39:00,4.903,4.903,4.903,4.903,8.6944
2019-11-03 20:38:00,4.903,4.904,4.903,4.903,281.57871
2019-11-03 20:37:00,4.904,4.904,4.904,4.904,1174.2637
2019-11-03 20:36:00,4.903,4.904,4.902,4.904,190.65044
2019-11-03 20:35:00,4.901,4.904,4.9,4.902,738.81222
2019-11-03 20:34:00,4.908,4.908,4.902,4.902,3295.8126
2019-11-03 20:33:00,4.906,4.906,4.906,4.906,0
2019-11-03 20:32:00,4.906,4.906,4.906,4.906,0
2019-11-03 20:31:00,4.908,4.91,4.906,4.906,473.96608
2019-11-03 20:30:00,4.907,4.907,4.906,4.907,270.66242
2019-11-03 20:29:00,4.905,4.911,4.905,4.907,190.53858
2019-11-03 20:28:00,4.905,4.905,4.905,4.905,95.44979
2019-11-03 20:27:00,4.903,4.906,4.902,4.905,1616.73183
2019-11-03 20:26:00,4.904,4.905,4.903,4.903,639.79495
2019-11-03 20:25:00,4.9,4.905,4.9,4.904,996.22443
2019-11-03 20:24:00,4.9,4.9,4.9,4.9,15.42913
2019-11-03 20:23:00,4.897,4.898,4.897,4.898,328.51887
2019-11-03 20:22:00,4.895,4.897,4.894,4.897,1745.57427
2019-11-03 20:21:00,4.896,4.899,4.893,4.896,680.39399
2019-11-03 20:20:00,4.895,4.898,4.893,4.897,974.06643
2019-11-03 20:19:00,4.895,4.898,4.891,4.895,2602.79608
2019-11-03 20:18:00,4.9,4.901,4.895,4.895,1595.23972
2019-11-03 20:17:00,4.904,4.904,4.898,4.898,1782.48402
2019-11-03 20:16:00,4.9,4.904,4.898,4.904,1212.91454
2019-11-03 20:15:00,4.9,4.9,4.9,4.9,0
2019-11-03 20:14:00,4.9,4.9,4.9,4.9,6.14895
2019-11-03 20:13:00,4.901,4.901,4.9,4.9,479.08069
2019-11-03 20:12:00,4.902,4.902,4.902,4.902,83.12802
2019-11-03 20:11:00,4.902,4.902,4.901,4.902,267.42334
2019-11-03 20:10:00,4.901,4.902,4.901,4.902,193.42263
2019-11-03 20:09:00,4.901,4.901,4.901,4.901,7.69119
2019-11-03 20:08:00,4.905,4.905,4.901,4.901,568.45994
2019-11-03 20:07:00,4.907,4.907,4.905,4.907,239.13426
2019-11-03 20:06:00,4.906,4.907,4.903,4.907,1970.10682
2019-11-03 20:05:00,4.907,4.907,4.907,4.907,249.33655
2019-11-03 20:04:00,4.908,4.908,4.907,4.908,123.23082
2019-11-03 20:03:00,4.913,4.913,4.907,4.908,1510.75672
2019-11-03 20:02:00,4.913,4.914,4.913,4.913,559.57588
2019-11-03 20:01:00,4.918,4.918,4.91,4.914,2194.09238
2019-11-03 20:00:00,4.919,4.919,4.916,4.917,1797.82026
2019-11-03 19:59:00,4.918,4.918,4.918,4.918,700.24243
2019-11-03 19:58:00,4.916,4.92,4.916,4.918,1910.48498
2019-11-03 19:57:00,4.92,4.922,4.915,4.915,4885.54147
2019-11-03 19:56:00,4.91,4.92,4.906,4.918,12134.4125
2019-11-03 19:55:00,4.909,4.909,4.908,4.909,1066.2259
2019-11-03 19:54:00,4.908,4.908,4.907,4.907,950.1398
2019-11-03 19:53:00,4.907,4.907,4.906,4.907,1816.44
2019-11-03 19:52:00,4.904,4.904,4.904,4.904,211.2375
2019-11-03 19:51:00,4.902,4.905,4.902,4.905,2536.29858
2019-11-03 19:50:00,4.902,4.904,4.902,4.902,2387.77012
2019-11-03 19:49:00,4.902,4.902,4.902,4.902,1121.32702
2019-11-03 19:48:00,4.903,4.903,4.902,4.902,497.99232
2019-11-03 19:47:00,4.905,4.909,4.903,4.903,609.01163
2019-11-03 19:46:00,4.904,4.904,4.904,4.904,0
2019-11-03 19:45:00,4.904,4.904,4.904,4.904,1256.29957
2019-11-03 19:44:00,4.906,4.906,4.904,4.904,466.28815
2019-11-03 19:43:00,4.908,4.909,4.906,4.906,1082.58509
2019-11-03 19:42:00,4.902,4.907,4.902,4.907,609.64133
2019-11-03 19:41:00,4.898,4.902,4.898,4.902,156.93162
2019-11-03 19:40:00,4.893,4.901,4.893,4.899,3197.31657
2019-11-03 19:39:00,4.896,4.896,4.895,4.895,636.4697
2019-11-03 19:38:00,4.897,4.897,4.896,4.896,6.17346
2019-11-03 19:37:00,4.895,4.898,4.895,4.897,555.17154
2019-11-03 19:36:00,4.895,4.896,4.894,4.895,693.41182
2019-11-03 19:35:00,4.891,4.897,4.891,4.893,2788.60936
2019-11-03 19:34:00,4.891,4.891,4.891,4.891,42.60514
2019-11-03 19:33:00,4.892,4.893,4.891,4.891,1061.67307
2019-11-03 19:32:00,4.893,4.895,4.892,4.892,1356.60877
2019-11-03 19:31:00,4.894,4.894,4.894,4.894,2781.97901
2019-11-03 19:30:00,4.895,4.895,4.894,4.894,1239.9116
2019-11-03 19:29:00,4.895,4.896,4.892,4.895,893.40025
2019-11-03 19:28:00,4.896,4.896,4.893,4.895,531.67971
2019-11-03 19:27:00,4.89,4.896,4.889,4.896,1731.95389
2019-11-03 19:26:00,4.892,4.892,4.888,4.889,2680.78798
2019-11-03 19:25:00,4.894,4.894,4.893,4.893,571.53296
2019-11-03 19:24:00,4.888,4.894,4.888,4.894,948.67963
2019-11-03 19:23:00,4.888,4.888,4.888,4.888,874.84094
2019-11-03 19:22:00,4.884,4.886,4.884,4.886,1814.22063
2019-11-03 19:21:00,4.878,4.884,4.878,4.884,832.42351
2019-11-03 19:20:00,4.877,4.878,4.873,4.878,756.00457
2019-11-03 19:19:00,4.877,4.878,4.877,4.878,0.94277
2019-11-03 19:18:00,4.879,4.879,4.877,4.877,1062.3152
2019-11-03 19:17:00,4.881,4.881,4.881,4.881,0
2019-11-03 19:16:00,4.881,4.881,4.881,4.881,0
2019-11-03 19:15:00,4.881,4.881,4.881,4.881,0
2019-11-03 19:14:00,4.881,4.881,4.881,4.881,8.28582
2019-11-03 19:13:00,4.881,4.881,4.878,4.881,1270.68467
2019-11-03 19:12:00,4.881,4.882,4.881,4.882,1250.6295
2019-11-03 19:11:00,4.879,4.882,4.878,4.881,845.23595
2019-11-03 19:10:00,4.879,4.88,4.879,4.879,2734.09938
2019-11-03 19:09:00,4.88,4.88,4.879,4.879,474.14118
2019-11-03 19:08:00,4.878,4.879,4.878,4.879,306.62349
2019-11-03 19:07:00,4.877,4.878,4.877,4.878,1946.88482
2019-11-03 19:06:00,4.874,4.876,4.874,4.876,322.37679
2019-11-03 19:05:00,4.882,4.882,4.873,4.874,547.18339
2019-11-03 19:04:00,4.891,4.891,4.881,4.881,3091.83378
2019-11-03 19:03:00,4.891,4.891,4.89,4.891,223.42846
2019-11-03 19:02:00,4.893,4.893,4.891,4.891,1797.83822
2019-11-03 19:01:00,4.895,4.895,4.893,4.893,1034.98724
2019-11-03 19:00:00,4.899,4.899,4.894,4.894,738.8062
2019-11-03 18:59:00,4.897,4.898,4.897,4.898,327.3948
2019-11-03 18:58:00,4.898,4.898,4.897,4.897,180.9509
2019-11-03 18:57:00,4.899,4.899,4.896,4.898,2781.58526
2019-11-03 18:56:00,4.899,4.901,4.899,4.899,310.9868
2019-11-03 18:55:00,4.898,4.899,4.898,4.899,565.012
2019-11-03 18:54:00,4.897,4.897,4.897,4.897,461.28547
2019-11-03 18:53:00,4.897,4.898,4.896,4.898,2557.17762
2019-11-03 18:52:00,4.899,4.902,4.896,4.897,1424.64604
2019-11-03 18:51:00,4.897,4.899,4.897,4.899,389.47943
2019-11-03 18:50:00,4.897,4.897,4.897,4.897,1067.90372
2019-11-03 18:49:00,4.895,4.897,4.893,4.897,1387.03574
2019-11-03 18:48:00,4.894,4.897,4.894,4.897,265.09954
2019-11-03 18:47:00,4.883,4.896,4.883,4.895,8004.27043
2019-11-03 18:46:00,4.883,4.883,4.881,4.883,2391.44546
2019-11-03 18:45:00,4.881,4.884,4.88,4.884,434.23617
2019-11-03 18:44:00,4.88,4.884,4.879,4.88,1678.34512
2019-11-03 18:43:00,4.891,4.891,4.88,4.88,3479.70374
2019-11-03 18:42:00,4.89,4.893,4.89,4.892,4730.86034
2019-11-03 18:41:00,4.888,4.889,4.888,4.889,1352.62743
2019-11-03 18:40:00,4.881,4.888,4.881,4.888,492.36698
2019-11-03 18:39:00,4.874,4.881,4.874,4.881,1943.25184
2019-11-03 18:38:00,4.871,4.874,4.871,4.874,1170.37665
2019-11-03 18:37:00,4.868,4.871,4.868,4.87,708.85186
2019-11-03 18:36:00,4.867,4.868,4.866,4.867,991.90211
2019-11-03 18:35:00,4.869,4.87,4.864,4.866,4064.31994
2019-11-03 18:34:00,4.868,4.872,4.865,4.87,1624.61708
2019-11-03 18:33:00,4.861,4.874,4.858,4.869,4691.20158
2019-11-03 18:32:00,4.87,4.87,4.854,4.863,2589.63406
2019-11-03 18:31:00,4.88,4.88,4.87,4.871,3835.32798
2019-11-03 18:30:00,4.886,4.887,4.881,4.881,445.4614
2019-11-03 18:29:00,4.883,4.886,4.883,4.886,1962.36405
2019-11-03 18:28:00,4.89,4.89,4.882,4.883,2420.66499
2019-11-03 18:27:00,4.895,4.896,4.891,4.891,88.42629
2019-11-03 18:26:00,4.895,4.896,4.895,4.895,10.4698
2019-11-03 18:25:00,4.895,4.895,4.895,4.895,0.36237
2019-11-03 18:24:00,4.897,4.897,4.895,4.895,1364.5588
2019-11-03 18:23:00,4.9,4.9,4.896,4.897,1533.09775
2019-11-03 18:22:00,4.902,4.902,4.899,4.9,430.88839
2019-11-03 18:21:00,4.906,4.906,4.903,4.903,1433.06343
2019-11-03 18:20:00,4.903,4.907,4.897,4.905,5630.40462
2019-11-03 18:19:00,4.901,4.905,4.901,4.904,2256.03312
2019-11-03 18:18:00,4.897,4.903,4.896,4.903,2609.22566
2019-11-03 18:17:00,4.899,4.9,4.896,4.9,959.47471
2019-11-03 18:16:00,4.907,4.907,4.889,4.902,6387.71679
2019-11-03 18:15:00,4.917,4.917,4.9,4.907,2770.21818
2019-11-03 18:14:00,4.914,4.916,4.914,4.915,1483.12927
2019-11-03 18:13:00,4.914,4.914,4.914,4.914,3.33249
2019-11-03 18:12:00,4.915,4.916,4.915,4.915,97.68946
2019-11-03 18:11:00,4.916,4.916,4.915,4.915,23.61599
2019-11-03 18:10:00,4.916,4.916,4.916,4.916,5.51714
2019-11-03 18:09:00,4.914,4.916,4.914,4.916,303.62218
2019-11-03 18:08:00,4.915,4.915,4.913,4.913,290.0152
2019-11-03 18:07:00,4.91,4.916,4.91,4.916,541.98522
2019-11-03 18:06:00,4.911,4.911,4.91,4.911,1975.50137
2019-11-03 18:05:00,4.914,4.916,4.912,4.912,1037.38831
2019-11-03 18:04:00,4.911,4.916,4.911,4.916,453.53258
2019-11-03 18:03:00,4.911,4.912,4.911,4.911,63.1831
2019-11-03 18:02:00,4.911,4.913,4.91,4.911,2087.00773
2019-11-03 18:01:00,4.914,4.915,4.912,4.912,284.83368
2019-11-03 18:00:00,4.913,4.915,4.913,4.915,261.16842
2019-11-03 17:59:00,4.913,4.913,4.912,4.912,479.10141
2019-11-03 17:58:00,4.912,4.914,4.912,4.913,1533.87063
2019-11-03 17:57:00,4.907,4.911,4.907,4.911,992.60732
2019-11-03 17:56:00,4.901,4.907,4.901,4.907,1758.67962
2019-11-03 17:55:00,4.9,4.9,4.9,4.9,128.88069
2019-11-03 17:54:00,4.9,4.9,4.899,4.899,183.14321
2019-11-03 17:53:00,4.902,4.903,4.9,4.9,1733.95215
2019-11-03 17:52:00,4.907,4.907,4.905,4.905,102.34241
2019-11-03 17:51:00,4.913,4.913,4.907,4.907,924.21761
2019-11-03 17:50:00,4.917,4.917,4.914,4.914,444.24122
2019-11-03 17:49:00,4.914,4.914,4.914,4.914,0
2019-11-03 17:48:00,4.918,4.918,4.918,4.918,100
2019-11-03 17:47:00,4.918,4.918,4.917,4.918,377.00242
2019-11-03 17:46:00,4.919,4.919,4.919,4.919,0
2019-11-03 17:45:00,4.919,4.919,4.919,4.919,0
2019-11-03 17:44:00,4.919,4.919,4.918,4.919,20.94853
2019-11-03 17:43:00,4.919,4.919,4.918,4.919,5.53447
2019-11-03 17:42:00,4.918,4.921,4.918,4.919,2167.7525
2019-11-03 17:41:00,4.918,4.918,4.917,4.917,150.60691
2019-11-03 17:40:00,4.923,4.923,4.918,4.918,255.1336
2019-11-03 17:39:00,4.922,4.922,4.922,4.922,0
2019-11-03 17:38:00,4.925,4.925,4.922,4.922,282.54162
2019-11-03 17:37:00,4.927,4.927,4.927,4.927,0
2019-11-03 17:36:00,4.928,4.928,4.927,4.927,59.77855
2019-11-03 17:35:00,4.928,4.928,4.927,4.928,24.41075
2019-11-03 17:34:00,4.926,4.929,4.926,4.929,37.47434
2019-11-03 17:33:00,4.927,4.927,4.926,4.926,193.8314
2019-11-03 17:32:00,4.923,4.928,4.923,4.928,396.97553
2019-11-03 17:31:00,4.923,4.923,4.923,4.923,22.04861
2019-11-03 17:30:00,4.922,4.922,4.922,4.922,6.901
2019-11-03 17:29:00,4.922,4.922,4.922,4.922,220.01119
2019-11-03 17:28:00,4.921,4.923,4.921,4.922,736.82867
2019-11-03 17:27:00,4.926,4.926,4.921,4.921,210.36187
2019-11-03 17:26:00,4.925,4.926,4.925,4.926,30.01
2019-11-03 17:25:00,4.92,4.928,4.92,4.926,12214.4664
2019-11-03 17:24:00,4.918,4.921,4.918,4.919,1350.16705
2019-11-03 17:23:00,4.918,4.918,4.918,4.918,0
2019-11-03 17:22:00,4.917,4.919,4.917,4.918,81.18787
2019-11-03 17:21:00,4.917,4.919,4.917,4.917,1079.13436
2019-11-03 17:20:00,4.916,4.919,4.914,4.917,3654.25768
2019-11-03 17:19:00,4.917,4.917,4.914,4.916,849.2829
2019-11-03 17:18:00,4.916,4.917,4.916,4.917,1218.38704
2019-11-03 17:17:00,4.914,4.916,4.914,4.916,564.06998
2019-11-03 17:16:00,4.916,4.917,4.915,4.915,337.4857
2019-11-03 17:15:00,4.914,4.916,4.914,4.916,2925.60625
2019-11-03 17:14:00,4.917,4.917,4.914,4.915,3972.07296
2019-11-03 17:13:00,4.917,4.918,4.917,4.918,350.68094
2019-11-03 17:12:00,4.915,4.916,4.914,4.916,659.06409
2019-11-03 17:11:00,4.914,4.915,4.914,4.915,246.02778
2019-11-03 17:10:00,4.913,4.915,4.912,4.915,580.08439
2019-11-03 17:09:00,4.917,4.917,4.912,4.912,676.99735
2019-11-03 17:08:00,4.916,4.916,4.915,4.916,1530.14395
2019-11-03 17:07:00,4.915,4.915,4.915,4.915,114.25698
2019-11-03 17:06:00,4.915,4.916,4.915,4.915,82.12036
2019-11-03 17:05:00,4.91,4.915,4.91,4.915,2671.44209
2019-11-03 17:04:00,4.91,4.91,4.906,4.91,2146.33143
2019-11-03 17:03:00,4.909,4.911,4.909,4.91,1876.80525
2019-11-03 17:02:00,4.912,4.913,4.907,4.909,670.50227
2019-11-03 17:01:00,4.906,4.913,4.906,4.912,1539.12208
2019-11-03 17:00:00,4.905,4.906,4.904,4.906,2343.72372
2019-11-03 16:59:00,4.905,4.907,4.905,4.907,930.15086
2019-11-03 16:58:00,4.91,4.91,4.906,4.906,1753.23884
2019-11-03 16:57:00,4.907,4.91,4.907,4.91,900.39228
2019-11-03 16:56:00,4.906,4.911,4.906,4.907,2049.77614
2019-11-03 16:55:00,4.907,4.907,4.907,4.907,6.12665
2019-11-03 16:54:00,4.903,4.907,4.903,4.907,460.18014
2019-11-03 16:53:00,4.903,4.903,4.902,4.902,1771.87547
2019-11-03 16:52:00,4.903,4.903,4.903,4.903,365.05615
2019-11-03 16:51:00,4.903,4.903,4.903,4.903,1540.6959
2019-11-03 16:50:00,4.9,4.903,4.9,4.903,3245.60925
2019-11-03 16:49:00,4.901,4.901,4.901,4.901,0
2019-11-03 16:48:00,4.901,4.901,4.901,4.901,0
2019-11-03 16:47:00,4.901,4.901,4.901,4.901,9.74999
2019-11-03 16:46:00,4.901,4.901,4.901,4.901,0
2019-11-03 16:45:00,4.901,4.901,4.901,4.901,0.64876
2019-11-03 16:44:00,4.901,4.906,4.901,4.902,835.47526
2019-11-03 16:43:00,4.902,4.902,4.901,4.902,936.36416
2019-11-03 16:42:00,4.898,4.899,4.898,4.899,894.32648
2019-11-03 16:41:00,4.901,4.901,4.896,4.897,1846.89703
2019-11-03 16:40:00,4.9,4.901,4.9,4.901,305.1921
2019-11-03 16:39:00,4.903,4.904,4.898,4.898,1907.66336
2019-11-03 16:38:00,4.903,4.904,4.9,4.903,2271.18085
2019-11-03 16:37:00,4.904,4.904,4.901,4.903,686.70064
2019-11-03 16:36:00,4.903,4.903,4.903,4.903,203.7351
2019-11-03 16:35:00,4.902,4.903,4.901,4.903,1228.40422
2019-11-03 16:34:00,4.903,4.904,4.9,4.902,2608.63443
2019-11-03 16:33:00,4.907,4.907,4.901,4.903,563.4624
2019-11-03 16:32:00,4.908,4.908,4.908,4.908,59.24371
2019-11-03 16:31:00,4.907,4.908,4.906,4.908,1338.51635
2019-11-03 16:30:00,4.911,4.911,4.907,4.907,3750.56346
2019-11-03 16:29:00,4.91,4.91,4.91,4.91,821.51347
2019-11-03 16:28:00,4.909,4.911,4.909,4.91,393.29964
2019-11-03 16:27:00,4.908,4.909,4.907,4.909,908.29446
2019-11-03 16:26:00,4.906,4.906,4.906,4.906,895.31966
2019-11-03 16:25:00,4.906,4.906,4.906,4.906,402.40488
2019-11-03 16:24:00,4.905,4.906,4.905,4.906,943.46931
2019-11-03 16:23:00,4.904,4.908,4.9,4.905,2491.08591
2019-11-03 16:22:00,4.903,4.905,4.903,4.905,476.80973
2019-11-03 16:21:00,4.904,4.904,4.903,4.903,171.3856
2019-11-03 16:20:00,4.903,4.904,4.901,4.904,2380.54454
2019-11-03 16:19:00,4.904,4.904,4.901,4.901,53.81151
2019-11-03 16:18:00,4.901,4.904,4.901,4.904,2205.42555
2019-11-03 16:17:00,4.901,4.902,4.901,4.902,1383.52788
2019-11-03 16:16:00,4.904,4.904,4.899,4.901,2351.69369
2019-11-03 16:15:00,4.904,4.905,4.901,4.905,3784.84936
2019-11-03 16:14:00,4.904,4.904,4.901,4.903,2010.66155
2019-11-03 16:13:00,4.906,4.906,4.9,4.903,3784.4454
2019-11-03 16:12:00,4.907,4.908,4.906,4.906,1609.76023
2019-11-03 16:11:00,4.91,4.91,4.906,4.907,3658.40398
2019-11-03 16:10:00,4.911,4.911,4.906,4.911,5397.08801
2019-11-03 16:09:00,4.908,4.912,4.908,4.912,2949.3002
2019-11-03 16:08:00,4.916,4.916,4.91,4.91,2766.69648
2019-11-03 16:07:00,4.916,4.918,4.915,4.915,2952.66134
2019-11-03 16:06:00,4.915,4.917,4.912,4.917,786.0629
2019-11-03 16:05:00,4.92,4.92,4.911,4.915,1934.25383
2019-11-03 16:04:00,4.927,4.927,4.923,4.923,3269.30239
2019-11-03 16:03:00,4.927,4.929,4.926,4.927,2724.56004
2019-11-03 16:02:00,4.925,4.927,4.925,4.926,841.13503
2019-11-03 16:01:00,4.925,4.925,4.924,4.924,735.18892
2019-11-03 16:00:00,4.924,4.924,4.924,4.924,1314.01293
2019-11-03 15:59:00,4.933,4.933,4.922,4.923,4884.27107
2019-11-03 15:58:00,4.933,4.933,4.933,4.933,7.7907
2019-11-03 15:57:00,4.934,4.934,4.934,4.934,10
2019-11-03 15:56:00,4.935,4.935,4.935,4.935,17.71297
2019-11-03 15:55:00,4.937,4.938,4.937,4.937,263.0584
2019-11-03 15:54:00,4.937,4.938,4.937,4.937,1947.48012
2019-11-03 15:53:00,4.939,4.942,4.937,4.937,1354.03589
2019-11-03 15:52:00,4.939,4.939,4.939,4.939,586.1153
2019-11-03 15:51:00,4.938,4.938,4.938,4.938,200.36289
2019-11-03 15:50:00,4.943,4.943,4.938,4.938,1943.42494
2019-11-03 15:49:00,4.944,4.944,4.943,4.943,607.16405
2019-11-03 15:48:00,4.946,4.946,4.943,4.943,1581.19284
2019-11-03 15:47:00,4.947,4.947,4.947,4.947,0
2019-11-03 15:46:00,4.947,4.947,4.947,4.947,802.03314
2019-11-03 15:45:00,4.945,4.949,4.945,4.947,1610.43272
2019-11-03 15:44:00,4.945,4.945,4.945,4.945,5.61821
2019-11-03 15:43:00,4.945,4.945,4.945,4.945,5.61667
2019-11-03 15:42:00,4.945,4.945,4.945,4.945,2.77826
2019-11-03 15:41:00,4.945,4.945,4.945,4.945,2083.77063
2019-11-03 15:40:00,4.948,4.948,4.945,4.945,1105.04353
2019-11-03 15:39:00,4.948,4.948,4.948,4.948,3.33614
2019-11-03 15:38:00,4.948,4.948,4.948,4.948,4.30159
2019-11-03 15:37:00,4.948,4.948,4.948,4.948,2.91007
2019-11-03 15:36:00,4.948,4.949,4.948,4.948,1143.44021
2019-11-03 15:35:00,4.95,4.95,4.948,4.949,237.75261
2019-11-03 15:34:00,4.949,4.95,4.949,4.95,245.83856
2019-11-03 15:33:00,4.949,4.949,4.949,4.949,1.54267
2019-11-03 15:32:00,4.949,4.95,4.949,4.949,866.4413
2019-11-03 15:31:00,4.949,4.949,4.949,4.949,0.03602
2019-11-03 15:30:00,4.948,4.948,4.948,4.948,222.8992
2019-11-03 15:29:00,4.949,4.949,4.949,4.949,0
2019-11-03 15:28:00,4.951,4.951,4.949,4.949,2711.56061
2019-11-03 15:27:00,4.949,4.953,4.949,4.952,508.83422
2019-11-03 15:26:00,4.948,4.948,4.948,4.948,0
2019-11-03 15:25:00,4.948,4.948,4.948,4.948,4
2019-11-03 15:24:00,4.948,4.948,4.948,4.948,1380.93869
2019-11-03 15:23:00,4.952,4.952,4.948,4.948,2041.3836
2019-11-03 15:22:00,4.95,4.953,4.95,4.952,2362.08918
2019-11-03 15:21:00,4.945,4.95,4.945,4.95,884.51865
2019-11-03 15:20:00,4.946,4.946,4.944,4.944,1605.91957
2019-11-03 15:19:00,4.947,4.947,4.946,4.946,28.31367
2019-11-03 15:18:00,4.947,4.948,4.947,4.947,195.92344
2019-11-03 15:17:00,4.941,4.946,4.941,4.946,1458.49906
2019-11-03 15:16:00,4.94,4.942,4.94,4.941,1713.54702
2019-11-03 15:15:00,4.939,4.939,4.939,4.939,0
2019-11-03 15:14:00,4.939,4.939,4.939,4.939,4.61609
2019-11-03 15:13:00,4.941,4.941,4.938,4.939,2382.42318
2019-11-03 15:12:00,4.937,4.942,4.937,4.941,1192.81981
2019-11-03 15:11:00,4.938,4.938,4.937,4.937,3.46033
2019-11-03 15:10:00,4.938,4.94,4.937,4.937,351.75114
2019-11-03 15:09:00,4.937,4.938,4.937,4.937,77.48165
2019-11-03 15:08:00,4.937,4.938,4.937,4.937,298.8464
2019-11-03 15:07:00,4.937,4.937,4.937,4.937,6.40464
2019-11-03 15:06:00,4.938,4.938,4.938,4.938,618.8042
2019-11-03 15:05:00,4.938,4.939,4.938,4.938,50.96584
2019-11-03 15:04:00,4.938,4.938,4.938,4.938,0
2019-11-03 15:03:00,4.938,4.938,4.938,4.938,1014.47855
2019-11-03 15:02:00,4.94,4.94,4.938,4.939,220.00505
2019-11-03 15:01:00,4.941,4.942,4.94,4.94,364.44603
2019-11-03 15:00:00,4.946,4.946,4.941,4.941,2326.51888
2019-11-03 14:59:00,4.946,4.947,4.946,4.946,56.82263
2019-11-03 14:58:00,4.946,4.946,4.946,4.946,1.6547
2019-11-03 14:57:00,4.946,4.947,4.946,4.946,158.24084
2019-11-03 14:56:00,4.946,4.947,4.946,4.946,85.4763
2019-11-03 14:55:00,4.946,4.946,4.946,4.946,0.89961
2019-11-03 14:54:00,4.946,4.947,4.946,4.947,1526.35354
2019-11-03 14:53:00,4.945,4.945,4.945,4.945,16.243
2019-11-03 14:52:00,4.946,4.946,4.946,4.946,9.32399
2019-11-03 14:51:00,4.946,4.946,4.946,4.946,0
2019-11-03 14:50:00,4.946,4.946,4.946,4.946,1461.6499
2019-11-03 14:49:00,4.949,4.949,4.946,4.946,828.11863
2019-11-03 14:48:00,4.947,4.949,4.947,4.949,196.15473
2019-11-03 14:47:00,4.951,4.951,4.948,4.948,1020.78701
2019-11-03 14:46:00,4.952,4.952,4.952,4.952,3.98984
2019-11-03 14:45:00,4.951,4.951,4.951,4.951,0
2019-11-03 14:44:00,4.95,4.951,4.95,4.951,249.52046
2019-11-03 14:43:00,4.95,4.95,4.95,4.95,1.87093
2019-11-03 14:42:00,4.954,4.954,4.949,4.949,3495.01124
2019-11-03 14:41:00,4.954,4.954,4.954,4.954,1.89537
2019-11-03 14:40:00,4.954,4.954,4.954,4.954,4.21388
2019-11-03 14:39:00,4.953,4.954,4.953,4.953,635.81624
2019-11-03 14:38:00,4.954,4.954,4.954,4.954,0.05819
2019-11-03 14:37:00,4.953,4.953,4.953,4.953,0.26342
2019-11-03 14:36:00,4.954,4.954,4.953,4.953,200.03078
2019-11-03 14:35:00,4.955,4.955,4.954,4.954,158.72232
2019-11-03 14:34:00,4.955,4.955,4.954,4.954,46.20981
2019-11-03 14:33:00,4.954,4.955,4.954,4.954,322.52901
2019-11-03 14:32:00,4.955,4.955,4.954,4.954,788.51075
2019-11-03 14:31:00,4.955,4.955,4.955,4.955,0.30484
2019-11-03 14:30:00,4.955,4.955,4.954,4.954,59.62
2019-11-03 14:29:00,4.956,4.956,4.955,4.955,55.32516
2019-11-03 14:28:00,4.956,4.956,4.956,4.956,1124.39026
2019-11-03 14:27:00,4.955,4.956,4.955,4.956,803.65512
2019-11-03 14:26:00,4.956,4.956,4.956,4.956,1245.5509
2019-11-03 14:25:00,4.955,4.958,4.955,4.958,257.21383
2019-11-03 14:24:00,4.949,4.955,4.949,4.954,779.23844
2019-11-03 14:23:00,4.949,4.949,4.949,4.949,46.94343
2019-11-03 14:22:00,4.95,4.95,4.949,4.949,2.55295
2019-11-03 14:21:00,4.949,4.949,4.949,4.949,0.25665
2019-11-03 14:20:00,4.949,4.949,4.949,4.949,0.41381
2019-11-03 14:19:00,4.949,4.95,4.949,4.95,57.78993
2019-11-03 14:18:00,4.951,4.951,4.95,4.95,441.53278
2019-11-03 14:17:00,4.95,4.951,4.95,4.951,667.19376
2019-11-03 14:16:00,4.948,4.95,4.947,4.95,2094.26253
2019-11-03 14:15:00,4.95,4.953,4.949,4.95,2231.87625
2019-11-03 14:14:00,4.944,4.95,4.944,4.95,2622.01325
2019-11-03 14:13:00,4.944,4.944,4.944,4.944,0
2019-11-03 14:12:00,4.944,4.944,4.944,4.944,0
2019-11-03 14:11:00,4.944,4.944,4.944,4.944,1.55968
2019-11-03 14:10:00,4.944,4.944,4.944,4.944,13.57432
2019-11-03 14:09:00,4.944,4.944,4.944,4.944,8.28367
2019-11-03 14:08:00,4.944,4.944,4.944,4.944,1.57712
2019-11-03 14:07:00,4.944,4.944,4.944,4.944,2.97586
2019-11-03 14:06:00,4.943,4.944,4.943,4.944,2.65822
2019-11-03 14:05:00,4.943,4.943,4.943,4.943,1.57061
2019-11-03 14:04:00,4.941,4.941,4.941,4.941,0
2019-11-03 14:03:00,4.941,4.942,4.941,4.941,266.8351
2019-11-03 14:02:00,4.943,4.943,4.942,4.942,1373.56903
2019-11-03 14:01:00,4.943,4.943,4.943,4.943,0
2019-11-03 14:00:00,4.944,4.944,4.943,4.943,10.27272
2019-11-03 13:59:00,4.944,4.944,4.944,4.944,24.87524
2019-11-03 13:58:00,4.944,4.944,4.944,4.944,0
2019-11-03 13:57:00,4.944,4.944,4.944,4.944,0.54327
2019-11-03 13:56:00,4.944,4.944,4.944,4.944,232.6768
2019-11-03 13:55:00,4.944,4.944,4.944,4.944,1.48293
2019-11-03 13:54:00,4.944,4.944,4.944,4.944,1.87892
2019-11-03 13:53:00,4.944,4.944,4.943,4.944,11.20047
2019-11-03 13:52:00,4.943,4.944,4.943,4.944,24.11455
2019-11-03 13:51:00,4.943,4.943,4.943,4.943,0
2019-11-03 13:50:00,4.943,4.943,4.943,4.943,9.98853
2019-11-03 13:49:00,4.942,4.942,4.942,4.942,109.37997
2019-11-03 13:48:00,4.942,4.942,4.942,4.942,0
2019-11-03 13:47:00,4.942,4.942,4.942,4.942,0
2019-11-03 13:46:00,4.942,4.942,4.942,4.942,0
2019-11-03 13:45:00,4.945,4.945,4.942,4.942,865.89067
2019-11-03 13:44:00,4.943,4.945,4.941,4.945,587.38042
2019-11-03 13:43:00,4.943,4.943,4.943,4.943,209.67621
2019-11-03 13:42:00,4.943,4.943,4.943,4.943,3.41579
2019-11-03 13:41:00,4.943,4.943,4.943,4.943,8.03667
2019-11-03 13:40:00,4.948,4.948,4.943,4.943,1038.52234
2019-11-03 13:39:00,4.945,4.948,4.945,4.946,1619.23031
2019-11-03 13:38:00,4.945,4.946,4.944,4.945,19.9854
2019-11-03 13:37:00,4.944,4.945,4.944,4.944,477.90093
2019-11-03 13:36:00,4.944,4.945,4.944,4.944,1329.24577
2019-11-03 13:35:00,4.945,4.945,4.944,4.944,2200.59894
2019-11-03 13:34:00,4.946,4.946,4.942,4.942,1248.39693
2019-11-03 13:33:00,4.944,4.946,4.944,4.945,1002.40171
2019-11-03 13:32:00,4.943,4.944,4.943,4.943,622.18714
2019-11-03 13:31:00,4.944,4.944,4.943,4.943,10.01673
2019-11-03 13:30:00,4.943,4.943,4.943,4.943,0
2019-11-03 13:29:00,4.943,4.943,4.943,4.943,1473.19051
2019-11-03 13:28:00,4.938,4.942,4.937,4.942,863.45386
2019-11-03 13:27:00,4.935,4.937,4.935,4.937,412.1317
2019-11-03 13:26:00,4.935,4.936,4.935,4.935,242.33135
2019-11-03 13:25:00,4.935,4.936,4.935,4.935,1258.16542
2019-11-03 13:24:00,4.935,4.936,4.926,4.935,7858.50266
2019-11-03 13:23:00,4.936,4.938,4.936,4.936,4425.72092
2019-11-03 13:22:00,4.935,4.936,4.935,4.935,961.69899
2019-11-03 13:21:00,4.942,4.942,4.935,4.935,1389.26404
2019-11-03 13:20:00,4.943,4.943,4.943,4.943,17.25
2019-11-03 13:19:00,4.945,4.946,4.943,4.943,396.62084
2019-11-03 13:18:00,4.945,4.945,4.944,4.945,2322.4897
2019-11-03 13:17:00,4.945,4.946,4.945,4.945,3225.04323
2019-11-03 13:16:00,4.946,4.947,4.944,4.946,2989.48326
2019-11-03 13:15:00,4.945,4.948,4.945,4.946,2278.20433
2019-11-03 13:14:00,4.946,4.946,4.944,4.944,1379.78046
2019-11-03 13:13:00,4.942,4.946,4.942,4.945,1524.65727
2019-11-03 13:12:00,4.946,4.947,4.942,4.943,805.48444
2019-11-03 13:11:00,4.948,4.948,4.944,4.945,1276.72542
2019-11-03 13:10:00,4.95,4.95,4.947,4.948,864.90039
2019-11-03 13:09:00,4.949,4.95,4.949,4.95,219.05398
2019-11-03 13:08:00,4.949,4.949,4.949,4.949,14.86728
2019-11-03 13:07:00,4.949,4.95,4.949,4.949,11.0152
2019-11-03 13:06:00,4.953,4.953,4.949,4.949,1994.13434
2019-11-03 13:05:00,4.954,4.954,4.954,4.954,238.77268
2019-11-03 13:04:00,4.955,4.956,4.954,4.954,1086.22911
2019-11-03 13:03:00,4.959,4.959,4.956,4.956,1799.72774
2019-11-03 13:02:00,4.957,4.959,4.955,4.959,3569.064
2019-11-03 13:01:00,4.957,4.957,4.957,4.957,1.57017
2019-11-03 13:00:00,4.957,4.957,4.957,4.957,596.67821
2019-11-03 12:59:00,4.957,4.957,4.956,4.956,245.3695
2019-11-03 12:58:00,4.958,4.958,4.956,4.956,1698.691
2019-11-03 12:57:00,4.954,4.956,4.954,4.956,568.23577
2019-11-03 12:56:00,4.958,4.958,4.955,4.955,2098.51099
2019-11-03 12:55:00,4.955,4.958,4.955,4.958,627.5209
2019-11-03 12:54:00,4.954,4.954,4.954,4.954,244.85339
2019-11-03 12:53:00,4.955,4.955,4.955,4.955,181.5139
2019-11-03 12:52:00,4.955,4.955,4.955,4.955,1673.00685
2019-11-03 12:51:00,4.956,4.957,4.956,4.957,1725.90741
2019-11-03 12:50:00,4.955,4.957,4.955,4.957,1654.32104
2019-11-03 12:49:00,4.955,4.956,4.954,4.955,281.54628
2019-11-03 12:48:00,4.955,4.956,4.954,4.955,316.52099
2019-11-03 12:47:00,4.955,4.955,4.954,4.955,2659.85145
2019-11-03 12:46:00,4.955,4.958,4.955,4.956,191.17215
2019-11-03 12:45:00,4.954,4.955,4.954,4.955,1479.30619
2019-11-03 12:44:00,4.958,4.958,4.953,4.953,1435.5495
2019-11-03 12:43:00,4.959,4.963,4.954,4.957,1539.22265
2019-11-03 12:42:00,4.957,4.959,4.957,4.959,432.51417
2019-11-03 12:41:00,4.955,4.958,4.954,4.958,498.42222
2019-11-03 12:40:00,4.96,4.96,4.954,4.955,5224.65282
2019-11-03 12:39:00,4.957,4.96,4.956,4.96,6351.98907
2019-11-03 12:38:00,4.953,4.957,4.953,4.956,1037.67374
2019-11-03 12:37:00,4.946,4.953,4.946,4.952,2910.40717
2019-11-03 12:36:00,4.944,4.946,4.943,4.944,746.2384
2019-11-03 12:35:00,4.944,4.948,4.943,4.948,611.81895
2019-11-03 12:34:00,4.95,4.95,4.944,4.945,3602.64604
2019-11-03 12:33:00,4.947,4.95,4.947,4.95,528.57116
2019-11-03 12:32:00,4.945,4.947,4.945,4.946,2492.41849
2019-11-03 12:31:00,4.949,4.952,4.944,4.945,3418.69266
2019-11-03 12:30:00,4.951,4.952,4.946,4.949,2653.08556
2019-11-03 12:29:00,4.952,4.954,4.951,4.952,1371.90931
2019-11-03 12:28:00,4.953,4.953,4.951,4.952,1659.99016
2019-11-03 12:27:00,4.959,4.959,4.953,4.953,2417.9278
2019-11-03 12:26:00,4.955,4.959,4.955,4.959,2198.64217
2019-11-03 12:25:00,4.955,4.955,4.952,4.955,1869.91073
2019-11-03 12:24:00,4.958,4.958,4.956,4.956,79.35027
2019-11-03 12:23:00,4.956,4.96,4.955,4.958,2401.25013
2019-11-03 12:22:00,4.958,4.958,4.955,4.956,879.4979
2019-11-03 12:21:00,4.958,4.958,4.958,4.958,0
2019-11-03 12:20:00,4.958,4.958,4.958,4.958,54.91491
2019-11-03 12:19:00,4.96,4.962,4.958,4.962,924.42531
2019-11-03 12:18:00,4.963,4.963,4.958,4.963,2632.71481
2019-11-03 12:17:00,4.964,4.965,4.964,4.964,551.46634
2019-11-03 12:16:00,4.963,4.964,4.963,4.964,804.94767
2019-11-03 12:15:00,4.963,4.963,4.962,4.963,2196.62556
2019-11-03 12:14:00,4.963,4.963,4.961,4.963,141.95959
2019-11-03 12:13:00,4.964,4.966,4.959,4.962,4805.80158
2019-11-03 12:12:00,4.962,4.965,4.962,4.964,367.43288
2019-11-03 12:11:00,4.96,4.964,4.96,4.962,2257.38286
2019-11-03 12:10:00,4.963,4.963,4.959,4.96,497.83266
2019-11-03 12:09:00,4.966,4.966,4.963,4.963,2145.39223
2019-11-03 12:08:00,4.969,4.969,4.969,4.969,0
2019-11-03 12:07:00,4.969,4.969,4.969,4.969,102.78224
2019-11-03 12:06:00,4.969,4.969,4.969,4.969,0
2019-11-03 12:05:00,4.968,4.969,4.968,4.969,275.77072
2019-11-03 12:04:00,4.97,4.97,4.967,4.968,1331.45693
2019-11-03 12:03:00,4.971,4.971,4.971,4.971,0
2019-11-03 12:02:00,4.971,4.971,4.971,4.971,0
2019-11-03 12:01:00,4.971,4.971,4.971,4.971,204.21
2019-11-03 12:00:00,4.97,4.97,4.97,4.97,0
2019-11-03 11:59:00,4.97,4.97,4.97,4.97,775.82443
2019-11-03 11:58:00,4.974,4.974,4.969,4.969,406.50502
2019-11-03 11:57:00,4.974,4.974,4.974,4.974,0.38373
2019-11-03 11:56:00,4.974,4.976,4.974,4.974,1805.22335
2019-11-03 11:55:00,4.977,4.977,4.976,4.976,43.13502
2019-11-03 11:54:00,4.977,4.978,4.977,4.977,17.96369
2019-11-03 11:53:00,4.98,4.98,4.977,4.977,2234.4267
2019-11-03 11:52:00,4.98,4.98,4.98,4.98,3.7319
2019-11-03 11:51:00,4.98,4.981,4.979,4.98,1123.03489
2019-11-03 11:50:00,4.981,4.981,4.98,4.98,497.29486
2019-11-03 11:49:00,4.983,4.983,4.98,4.981,1770.94661
2019-11-03 11:48:00,4.983,4.984,4.982,4.983,579.80276
2019-11-03 11:47:00,4.983,4.983,4.982,4.982,2040.00333
2019-11-03 11:46:00,4.984,4.984,4.983,4.983,2482.25231
2019-11-03 11:45:00,4.984,4.984,4.983,4.984,2611.02979
2019-11-03 11:44:00,4.982,4.984,4.982,4.984,1576.76183
2019-11-03 11:43:00,4.984,4.984,4.982,4.982,393.55535
2019-11-03 11:42:00,4.984,4.984,4.983,4.984,1634.3275
2019-11-03 11:41:00,4.984,4.984,4.983,4.983,2725.44317
2019-11-03 11:40:00,4.982,4.984,4.982,4.983,4264.77119
2019-11-03 11:39:00,4.983,4.987,4.983,4.985,1076.63885
2019-11-03 11:38:00,4.98,4.986,4.98,4.983,1589.3443
2019-11-03 11:37:00,4.981,4.981,4.98,4.98,244.84038
2019-11-03 11:36:00,4.983,4.983,4.981,4.981,3621.34271
2019-11-03 11:35:00,4.983,4.985,4.983,4.983,1718.02541
2019-11-03 11:34:00,4.982,4.984,4.982,4.984,721.29076
2019-11-03 11:33:00,4.983,4.984,4.98,4.98,2569.60601
2019-11-03 11:32:00,4.98,4.983,4.98,4.983,2431.61197
2019-11-03 11:31:00,4.98,4.98,4.979,4.98,1937.95196
2019-11-03 11:30:00,4.98,4.98,4.978,4.98,2871.92309
2019-11-03 11:29:00,4.98,4.98,4.979,4.98,368.03115
2019-11-03 11:28:00,4.978,4.978,4.978,4.978,0
2019-11-03 11:27:00,4.978,4.978,4.978,4.978,545.24306
2019-11-03 11:26:00,4.978,4.978,4.978,4.978,383.7364
2019-11-03 11:25:00,4.977,4.98,4.977,4.98,2365.74931
2019-11-03 11:24:00,4.975,4.975,4.975,4.975,0
2019-11-03 11:23:00,4.98,4.98,4.975,4.975,316.2343
2019-11-03 11:22:00,4.983,4.983,4.98,4.98,1859.24803
2019-11-03 11:21:00,4.985,4.985,4.984,4.984,14.24524
2019-11-03 11:20:00,4.985,4.985,4.985,4.985,0.13064
2019-11-03 11:19:00,4.987,4.987,4.984,4.984,383.34716
2019-11-03 11:18:00,4.985,4.987,4.985,4.987,49.54749
2019-11-03 11:17:00,4.985,4.985,4.985,4.985,0.1042
2019-11-03 11:16:00,4.983,4.983,4.983,4.983,1177.18332
2019-11-03 11:15:00,4.985,4.985,4.982,4.982,564.63312
2019-11-03 11:14:00,4.991,4.991,4.987,4.987,1163.53552
2019-11-03 11:13:00,4.989,4.992,4.989,4.992,1684.62671
2019-11-03 11:12:00,4.99,4.992,4.989,4.989,396.51279
2019-11-03 11:11:00,4.99,4.991,4.988,4.99,296.57376
2019-11-03 11:10:00,4.987,4.99,4.987,4.99,1296.4513
2019-11-03 11:09:00,4.99,4.991,4.99,4.99,488.12663
2019-11-03 11:08:00,4.992,4.992,4.986,4.987,2407.00251
2019-11-03 11:07:00,4.99,4.992,4.988,4.992,1368.40193
2019-11-03 11:06:00,4.983,4.99,4.983,4.99,1396.18196
2019-11-03 11:05:00,4.979,4.983,4.979,4.983,1997.83926
2019-11-03 11:04:00,4.981,4.982,4.976,4.978,2216.68934
2019-11-03 11:03:00,4.975,4.98,4.975,4.98,806.59839
2019-11-03 11:02:00,4.981,4.981,4.976,4.976,809.58513
2019-11-03 11:01:00,4.975,4.981,4.975,4.981,2638.18096
2019-11-03 11:00:00,4.973,4.975,4.969,4.975,1675.01254
2019-11-03 10:59:00,4.978,4.978,4.975,4.975,1338.02876
2019-11-03 10:58:00,4.976,4.978,4.976,4.978,726.28284
2019-11-03 10:57:00,4.978,4.979,4.978,4.978,109.58744
2019-11-03 10:56:00,4.977,4.98,4.977,4.979,153.38588
2019-11-03 10:55:00,4.976,4.978,4.976,4.977,1404.85154
2019-11-03 10:54:00,4.977,4.977,4.972,4.976,3570.63082
2019-11-03 10:53:00,4.98,4.981,4.977,4.977,372.32615
2019-11-03 10:52:00,4.98,4.98,4.978,4.98,125.3062
2019-11-03 10:51:00,4.977,4.979,4.976,4.979,1487.58774
2019-11-03 10:50:00,4.982,4.982,4.977,4.977,344.62181
2019-11-03 10:49:00,4.981,4.982,4.981,4.982,222.33747
2019-11-03 10:48:00,4.986,4.986,4.98,4.98,1248.83083
2019-11-03 10:47:00,4.985,4.985,4.985,4.985,175.21842
2019-11-03 10:46:00,4.982,4.986,4.982,4.986,1805.80928
2019-11-03 10:45:00,4.982,4.983,4.981,4.982,2822.31157
2019-11-03 10:44:00,4.984,4.984,4.981,4.982,464.19623
2019-11-03 10:43:00,4.979,4.984,4.979,4.983,417.5492
2019-11-03 10:42:00,4.978,4.979,4.977,4.979,1541.80263
2019-11-03 10:41:00,4.98,4.98,4.979,4.979,455.56474
2019-11-03 10:40:00,4.98,4.98,4.98,4.98,0
2019-11-03 10:39:00,4.98,4.98,4.98,4.98,1201.67875
2019-11-03 10:38:00,4.975,4.978,4.975,4.977,4049.96491
2019-11-03 10:37:00,4.977,4.977,4.976,4.976,1720.97939
2019-11-03 10:36:00,4.981,4.981,4.975,4.976,1903.14712
2019-11-03 10:35:00,4.982,4.982,4.982,4.982,0
2019-11-03 10:34:00,4.985,4.985,4.982,4.982,1179.36225
2019-11-03 10:33:00,4.986,4.986,4.986,4.986,0
2019-11-03 10:32:00,4.985,4.986,4.985,4.986,306.25889
2019-11-03 10:31:00,4.989,4.989,4.985,4.985,3280.97409
2019-11-03 10:30:00,4.997,4.997,4.985,4.988,1892.88812
2019-11-03 10:29:00,4.997,4.998,4.997,4.997,1318.55345
2019-11-03 10:28:00,4.997,4.999,4.996,4.997,3405.77987
2019-11-03 10:27:00,4.989,4.997,4.989,4.996,2775.28537
2019-11-03 10:26:00,4.983,4.992,4.982,4.99,5165.7053
2019-11-03 10:25:00,4.982,4.983,4.981,4.983,2289.96129
2019-11-03 10:24:00,4.983,4.983,4.981,4.982,1555.11799
2019-11-03 10:23:00,4.98,4.983,4.98,4.983,3629.63409
2019-11-03 10:22:00,4.983,4.983,4.98,4.982,485.35255
2019-11-03 10:21:00,4.985,4.986,4.982,4.983,2635.18984
2019-11-03 10:20:00,4.987,4.988,4.986,4.986,1641.32246
2019-11-03 10:19:00,4.989,4.989,4.988,4.988,1192.4817
2019-11-03 10:18:00,4.992,4.995,4.99,4.99,3171.59903
2019-11-03 10:17:00,4.989,4.994,4.988,4.994,1416.38346
2019-11-03 10:16:00,4.981,4.989,4.981,4.989,4109.95902
2019-11-03 10:15:00,4.979,4.982,4.977,4.981,5251.1081
2019-11-03 10:14:00,4.979,4.98,4.979,4.98,463.26251
2019-11-03 10:13:00,4.979,4.979,4.978,4.979,188.32616
2019-11-03 10:12:00,4.973,4.979,4.973,4.979,1279.64108
2019-11-03 10:11:00,4.972,4.973,4.972,4.973,10.49667
2019-11-03 10:10:00,4.969,4.976,4.969,4.976,1212.57478
2019-11-03 10:09:00,4.97,4.97,4.969,4.97,496.09843
2019-11-03 10:08:00,4.966,4.972,4.966,4.97,714.37247
2019-11-03 10:07:00,4.965,4.967,4.964,4.966,1644.3637
2019-11-03 10:06:00,4.964,4.966,4.964,4.965,184.55191
2019-11-03 10:05:00,4.962,4.962,4.962,4.962,3786.03028
2019-11-03 10:04:00,4.96,4.962,4.96,4.961,374.67072
2019-11-03 10:03:00,4.961,4.962,4.96,4.96,1725.26385
2019-11-03 10:02:00,4.959,4.961,4.958,4.961,644.3885
2019-11-03 10:01:00,4.957,4.962,4.957,4.958,2630.70869
2019-11-03 10:00:00,4.952,4.957,4.952,4.957,990.93406
2019-11-03 09:59:00,4.952,4.952,4.952,4.952,79.57824
2019-11-03 09:58:00,4.952,4.955,4.952,4.952,83.58615
2019-11-03 09:57:00,4.951,4.952,4.951,4.952,395.642
2019-11-03 09:56:00,4.951,4.952,4.951,4.951,350.39414
2019-11-03 09:55:00,4.951,4.951,4.947,4.949,2588.03923
2019-11-03 09:54:00,4.951,4.952,4.951,4.952,30.14525
2019-11-03 09:53:00,4.947,4.95,4.947,4.95,2741.5619
2019-11-03 09:52:00,4.947,4.95,4.947,4.947,2028.79136
2019-11-03 09:51:00,4.948,4.948,4.948,4.948,2741.45109
2019-11-03 09:50:00,4.945,4.949,4.945,4.948,1422.53967
2019-11-03 09:49:00,4.943,4.945,4.943,4.945,340.3061
2019-11-03 09:48:00,4.943,4.943,4.943,4.943,0
2019-11-03 09:47:00,4.943,4.943,4.943,4.943,0
2019-11-03 09:46:00,4.944,4.944,4.943,4.943,1504.29868
2019-11-03 09:45:00,4.942,4.944,4.942,4.944,1501.57059
2019-11-03 09:44:00,4.945,4.945,4.941,4.941,600.0184
2019-11-03 09:43:00,4.945,4.945,4.945,4.945,2.85353
2019-11-03 09:42:00,4.942,4.946,4.941,4.946,769.27314
2019-11-03 09:41:00,4.943,4.943,4.941,4.941,2031.90305
2019-11-03 09:40:00,4.948,4.948,4.941,4.941,1131.27536
2019-11-03 09:39:00,4.949,4.949,4.949,4.949,23.14225
2019-11-03 09:38:00,4.949,4.949,4.948,4.948,748.457
2019-11-03 09:37:00,4.95,4.95,4.949,4.949,210.09404
2019-11-03 09:36:00,4.951,4.951,4.951,4.951,3.87531
2019-11-03 09:35:00,4.952,4.952,4.951,4.951,20.5214
2019-11-03 09:34:00,4.952,4.952,4.952,4.952,4.15652
2019-11-03 09:33:00,4.952,4.952,4.951,4.952,619.93498
2019-11-03 09:32:00,4.952,4.952,4.952,4.952,1.48899
2019-11-03 09:31:00,4.952,4.952,4.952,4.952,0.33985
2019-11-03 09:30:00,4.953,4.953,4.953,4.953,12.60289
2019-11-03 09:29:00,4.953,4.953,4.952,4.952,350.64439
2019-11-03 09:28:00,4.954,4.954,4.953,4.953,1920.81485
2019-11-03 09:27:00,4.953,4.956,4.952,4.954,569.54871
2019-11-03 09:26:00,4.951,4.954,4.951,4.953,1563.30376
2019-11-03 09:25:00,4.954,4.954,4.951,4.952,543.87763
2019-11-03 09:24:00,4.952,4.955,4.952,4.954,1688.62808
2019-11-03 09:23:00,4.952,4.952,4.952,4.952,4.25138
2019-11-03 09:22:00,4.953,4.953,4.951,4.952,4351.43482
2019-11-03 09:21:00,4.953,4.953,4.95,4.953,1448.46702
2019-11-03 09:20:00,4.954,4.955,4.954,4.955,59.04
2019-11-03 09:19:00,4.954,4.954,4.953,4.953,1243.09886
2019-11-03 09:18:00,4.955,4.955,4.954,4.955,1463.99406
2019-11-03 09:17:00,4.954,4.954,4.954,4.954,0
2019-11-03 09:16:00,4.954,4.954,4.954,4.954,0
2019-11-03 09:15:00,4.955,4.955,4.954,4.954,1229.44716
2019-11-03 09:14:00,4.953,4.953,4.953,4.953,0
2019-11-03 09:13:00,4.953,4.953,4.953,4.953,0
2019-11-03 09:12:00,4.955,4.955,4.953,4.953,1641.0604
2019-11-03 09:11:00,4.956,4.956,4.956,4.956,0.50934
2019-11-03 09:10:00,4.956,4.957,4.955,4.956,155.08224
2019-11-03 09:09:00,4.96,4.96,4.956,4.957,1573.08832
2019-11-03 09:08:00,4.963,4.964,4.96,4.961,573.88245
2019-11-03 09:07:00,4.964,4.964,4.963,4.964,74.72671
2019-11-03 09:06:00,4.964,4.964,4.964,4.964,2.1186
2019-11-03 09:05:00,4.964,4.964,4.964,4.964,250.11749
2019-11-03 09:04:00,4.966,4.966,4.965,4.965,467.6872
2019-11-03 09:03:00,4.967,4.967,4.966,4.966,2.49497
2019-11-03 09:02:00,4.968,4.968,4.968,4.968,20.4502
2019-11-03 09:01:00,4.969,4.969,4.967,4.967,1186.40043
2019-11-03 09:00:00,4.966,4.968,4.965,4.968,2974.87573
2019-11-03 08:59:00,4.96,4.967,4.96,4.967,997.85037
2019-11-03 08:58:00,4.959,4.959,4.959,4.959,16.1111
2019-11-03 08:57:00,4.96,4.96,4.96,4.96,0
2019-11-03 08:56:00,4.96,4.961,4.96,4.96,1304.1675
2019-11-03 08:55:00,4.959,4.959,4.959,4.959,0
2019-11-03 08:54:00,4.959,4.959,4.959,4.959,0
2019-11-03 08:53:00,4.959,4.959,4.958,4.959,1870.53022
2019-11-03 08:52:00,4.959,4.959,4.959,4.959,96.97543
2019-11-03 08:51:00,4.959,4.959,4.959,4.959,0
2019-11-03 08:50:00,4.959,4.959,4.959,4.959,0
2019-11-03 08:49:00,4.957,4.96,4.957,4.959,276.24928
2019-11-03 08:48:00,4.957,4.957,4.957,4.957,0
2019-11-03 08:47:00,4.957,4.957,4.957,4.957,0
2019-11-03 08:46:00,4.958,4.958,4.957,4.957,77.15379
2019-11-03 08:45:00,4.958,4.958,4.958,4.958,0
2019-11-03 08:44:00,4.958,4.958,4.958,4.958,0.74886
2019-11-03 08:43:00,4.957,4.958,4.957,4.958,129.0665
2019-11-03 08:42:00,4.957,4.957,4.957,4.957,1.71605
2019-11-03 08:41:00,4.955,4.96,4.955,4.957,1206.27683
2019-11-03 08:40:00,4.955,4.955,4.955,4.955,7.10353
2019-11-03 08:39:00,4.952,4.956,4.952,4.955,3277.44851
2019-11-03 08:38:00,4.946,4.953,4.946,4.953,2818.34721
2019-11-03 08:37:00,4.945,4.947,4.945,4.946,707.12575
2019-11-03 08:36:00,4.945,4.945,4.945,4.945,0
2019-11-03 08:35:00,4.947,4.947,4.945,4.945,406.66871
2019-11-03 08:34:00,4.946,4.947,4.946,4.947,5.04546
2019-11-03 08:33:00,4.946,4.946,4.946,4.946,2.1199
2019-11-03 08:32:00,4.945,4.946,4.944,4.946,1711.92844
2019-11-03 08:31:00,4.945,4.945,4.945,4.945,0.30592
2019-11-03 08:30:00,4.943,4.948,4.943,4.945,277.2533
2019-11-03 08:29:00,4.942,4.944,4.942,4.944,1402.28254
2019-11-03 08:28:00,4.94,4.942,4.94,4.942,790.2861
2019-11-03 08:27:00,4.938,4.938,4.938,4.938,912.26716
2019-11-03 08:26:00,4.937,4.938,4.937,4.937,1946.21312
2019-11-03 08:25:00,4.938,4.938,4.937,4.938,2324.15055
2019-11-03 08:24:00,4.941,4.941,4.938,4.938,486.66087
2019-11-03 08:23:00,4.941,4.942,4.941,4.941,1266.00691
2019-11-03 08:22:00,4.943,4.943,4.941,4.941,1157.55489
2019-11-03 08:21:00,4.944,4.944,4.944,4.944,0
2019-11-03 08:20:00,4.945,4.949,4.944,4.944,820.25431
2019-11-03 08:19:00,4.945,4.947,4.945,4.945,1697.32899
2019-11-03 08:18:00,4.945,4.945,4.945,4.945,0.09258
2019-11-03 08:17:00,4.945,4.945,4.945,4.945,0
2019-11-03 08:16:00,4.945,4.945,4.945,4.945,0
2019-11-03 08:15:00,4.945,4.945,4.945,4.945,0
2019-11-03 08:14:00,4.944,4.945,4.944,4.945,469.90877
2019-11-03 08:13:00,4.945,4.945,4.944,4.945,751.15451
2019-11-03 08:12:00,4.941,4.944,4.941,4.944,1346.22391
2019-11-03 08:11:00,4.946,4.95,4.943,4.943,1505.74214
2019-11-03 08:10:00,4.946,4.946,4.946,4.946,0
2019-11-03 08:09:00,4.944,4.946,4.944,4.946,0.90466
2019-11-03 08:08:00,4.944,4.944,4.942,4.943,1679.65155
2019-11-03 08:07:00,4.943,4.944,4.943,4.944,2.39984
2019-11-03 08:06:00,4.942,4.942,4.942,4.942,58.71498
2019-11-03 08:05:00,4.938,4.942,4.938,4.942,2067.00562
2019-11-03 08:04:00,4.937,4.938,4.937,4.938,489.51307
2019-11-03 08:03:00,4.933,4.942,4.933,4.94,2345.03768
2019-11-03 08:02:00,4.934,4.935,4.933,4.933,329.12404
2019-11-03 08:01:00,4.931,4.934,4.929,4.933,1073.15893
2019-11-03 08:00:00,4.923,4.931,4.923,4.931,2311.61362
2019-11-03 07:59:00,4.924,4.924,4.922,4.923,1036.05409
2019-11-03 07:58:00,4.922,4.922,4.922,4.922,0
2019-11-03 07:57:00,4.922,4.922,4.922,4.922,0
2019-11-03 07:56:00,4.922,4.922,4.922,4.922,182.86579
2019-11-03 07:55:00,4.923,4.923,4.923,4.923,673.40766
2019-11-03 07:54:00,4.922,4.922,4.922,4.922,254.70498
2019-11-03 07:53:00,4.922,4.925,4.922,4.922,199.06587
2019-11-03 07:52:00,4.922,4.922,4.922,4.922,0
2019-11-03 07:51:00,4.922,4.922,4.922,4.922,1391.21111
2019-11-03 07:50:00,4.92,4.922,4.92,4.922,623.33872
2019-11-03 07:49:00,4.921,4.921,4.921,4.921,33.5883
2019-11-03 07:48:00,4.918,4.92,4.918,4.92,410.55442
2019-11-03 07:47:00,4.913,4.917,4.913,4.917,1545.66381
2019-11-03 07:46:00,4.913,4.913,4.913,4.913,0
2019-11-03 07:45:00,4.913,4.913,4.913,4.913,0.26948
2019-11-03 07:44:00,4.914,4.914,4.912,4.913,1758.1192
2019-11-03 07:43:00,4.915,4.916,4.914,4.914,237.98167
2019-11-03 07:42:00,4.915,4.915,4.915,4.915,5.81617
2019-11-03 07:41:00,4.913,4.918,4.913,4.916,994.52468
2019-11-03 07:40:00,4.914,4.914,4.912,4.913,330.85314
2019-11-03 07:39:00,4.914,4.914,4.913,4.914,710.07103
2019-11-03 07:38:00,4.914,4.914,4.914,4.914,37.84588
2019-11-03 07:37:00,4.914,4.914,4.914,4.914,0.14268
2019-11-03 07:36:00,4.914,4.914,4.914,4.914,36.89141
2019-11-03 07:35:00,4.914,4.914,4.914,4.914,0
2019-11-03 07:34:00,4.914,4.914,4.914,4.914,0
2019-11-03 07:33:00,4.914,4.915,4.914,4.914,74.17985
2019-11-03 07:32:00,4.914,4.915,4.914,4.914,433.99754
2019-11-03 07:31:00,4.917,4.917,4.915,4.915,1133.98588
2019-11-03 07:30:00,4.917,4.917,4.915,4.915,481.39505
2019-11-03 07:29:00,4.917,4.918,4.917,4.918,10.93438
2019-11-03 07:28:00,4.917,4.917,4.917,4.917,463.73211
2019-11-03 07:27:00,4.92,4.92,4.918,4.918,386.86004
2019-11-03 07:26:00,4.92,4.92,4.92,4.92,0.67831
2019-11-03 07:25:00,4.92,4.92,4.92,4.92,1.05328
2019-11-03 07:24:00,4.92,4.92,4.92,4.92,0.36882
2019-11-03 07:23:00,4.92,4.92,4.92,4.92,0
2019-11-03 07:22:00,4.921,4.921,4.921,4.921,0
2019-11-03 07:21:00,4.921,4.921,4.921,4.921,0
2019-11-03 07:20:00,4.922,4.926,4.921,4.921,1492.20333
2019-11-03 07:19:00,4.921,4.921,4.921,4.921,0.48464
2019-11-03 07:18:00,4.921,4.921,4.92,4.921,600.98391
2019-11-03 07:17:00,4.921,4.921,4.92,4.921,2763.15396
2019-11-03 07:16:00,4.923,4.923,4.92,4.92,1399.75156
2019-11-03 07:15:00,4.926,4.926,4.923,4.923,1332.62395
2019-11-03 07:14:00,4.925,4.925,4.924,4.924,1647.27352
2019-11-03 07:13:00,4.925,4.925,4.924,4.925,0.91089
2019-11-03 07:12:00,4.923,4.925,4.923,4.924,4244.61462
2019-11-03 07:11:00,4.922,4.923,4.919,4.923,2746.47947
2019-11-03 07:10:00,4.924,4.924,4.922,4.923,1731.4692
2019-11-03 07:09:00,4.928,4.928,4.924,4.925,3143.1352
2019-11-03 07:08:00,4.93,4.931,4.928,4.928,302.10272
2019-11-03 07:07:00,4.93,4.931,4.93,4.931,2.93094
2019-11-03 07:06:00,4.93,4.931,4.93,4.931,3.24599
2019-11-03 07:05:00,4.93,4.93,4.93,4.93,262.61295
2019-11-03 07:04:00,4.93,4.93,4.93,4.93,3.02496
2019-11-03 07:03:00,4.932,4.933,4.93,4.93,1535.45882
2019-11-03 07:02:00,4.932,4.933,4.932,4.932,0.5327
2019-11-03 07:01:00,4.934,4.934,4.932,4.933,520.53063
2019-11-03 07:00:00,4.935,4.935,4.934,4.934,160.99081
2019-11-03 06:59:00,4.937,4.937,4.935,4.935,1098.17011
2019-11-03 06:58:00,4.936,4.936,4.936,4.936,2.44872
2019-11-03 06:57:00,4.936,4.936,4.936,4.936,3.89476
2019-11-03 06:56:00,4.936,4.936,4.936,4.936,14.55119
2019-11-03 06:55:00,4.936,4.936,4.936,4.936,0.46857
2019-11-03 06:54:00,4.936,4.937,4.936,4.936,37.64164
2019-11-03 06:53:00,4.936,4.936,4.936,4.936,0.35334
2019-11-03 06:52:00,4.936,4.936,4.936,4.936,0.32463
2019-11-03 06:51:00,4.936,4.936,4.936,4.936,0.17704
2019-11-03 06:50:00,4.936,4.936,4.936,4.936,0.1743
2019-11-03 06:49:00,4.937,4.937,4.937,4.937,0
2019-11-03 06:48:00,4.937,4.937,4.937,4.937,0
2019-11-03 06:47:00,4.937,4.937,4.937,4.937,0
2019-11-03 06:46:00,4.937,4.937,4.937,4.937,0
2019-11-03 06:45:00,4.937,4.937,4.937,4.937,0
2019-11-03 06:44:00,4.937,4.937,4.936,4.937,65.13906
2019-11-03 06:43:00,4.937,4.937,4.937,4.937,4.41426
2019-11-03 06:42:00,4.937,4.937,4.937,4.937,3.85313
2019-11-03 06:41:00,4.936,4.937,4.936,4.937,378.12396
2019-11-03 06:40:00,4.936,4.936,4.936,4.936,3.57838
2019-11-03 06:39:00,4.936,4.936,4.936,4.936,0.96795
2019-11-03 06:38:00,4.934,4.935,4.934,4.935,351.43103
2019-11-03 06:37:00,4.94,4.94,4.934,4.937,330.79975
2019-11-03 06:36:00,4.938,4.941,4.938,4.94,1742.51919
2019-11-03 06:35:00,4.935,4.939,4.935,4.937,1164.46255
2019-11-03 06:34:00,4.934,4.934,4.934,4.934,252.85346
2019-11-03 06:33:00,4.932,4.934,4.932,4.934,1335.98449
2019-11-03 06:32:00,4.931,4.931,4.931,4.931,0
2019-11-03 06:31:00,4.931,4.931,4.931,4.931,0
2019-11-03 06:30:00,4.928,4.931,4.928,4.931,620.33861
2019-11-03 06:29:00,4.927,4.928,4.925,4.927,408.63679
2019-11-03 06:28:00,4.927,4.927,4.927,4.927,0.27813
2019-11-03 06:27:00,4.927,4.927,4.927,4.927,0.01
2019-11-03 06:26:00,4.928,4.928,4.928,4.928,0
2019-11-03 06:25:00,4.928,4.928,4.928,4.928,0
2019-11-03 06:24:00,4.928,4.928,4.928,4.928,0
2019-11-03 06:23:00,4.928,4.928,4.928,4.928,0
2019-11-03 06:22:00,4.927,4.928,4.927,4.928,144.8486
2019-11-03 06:21:00,4.927,4.929,4.927,4.927,150.06455
2019-11-03 06:20:00,4.924,4.926,4.924,4.926,188.45852
2019-11-03 06:19:00,4.925,4.925,4.924,4.924,24.11511
2019-11-03 06:18:00,4.925,4.925,4.925,4.925,1531.83386
2019-11-03 06:17:00,4.926,4.926,4.926,4.926,0
2019-11-03 06:16:00,4.926,4.926,4.926,4.926,405.34084
2019-11-03 06:15:00,4.925,4.925,4.925,4.925,0
2019-11-03 06:14:00,4.925,4.925,4.925,4.925,2.34392
2019-11-03 06:13:00,4.925,4.925,4.925,4.925,2.13218
2019-11-03 06:12:00,4.925,4.925,4.925,4.925,0.43495
2019-11-03 06:11:00,4.926,4.927,4.926,4.926,42.36252
2019-11-03 06:10:00,4.924,4.926,4.924,4.926,274.3801
2019-11-03 06:09:00,4.921,4.923,4.921,4.922,479.05892
2019-11-03 06:08:00,4.921,4.921,4.921,4.921,15.34092
2019-11-03 06:07:00,4.92,4.921,4.92,4.921,5.28971
2019-11-03 06:06:00,4.921,4.921,4.92,4.921,21.93803
2019-11-03 06:05:00,4.92,4.921,4.92,4.921,3.58997
2019-11-03 06:04:00,4.92,4.92,4.92,4.92,0.76788
2019-11-03 06:03:00,4.92,4.92,4.92,4.92,0.15254
2019-11-03 06:02:00,4.927,4.927,4.92,4.923,3904.7619
2019-11-03 06:01:00,4.921,4.927,4.921,4.927,1314.29814
2019-11-03 06:00:00,4.921,4.921,4.921,4.921,10.47763
2019-11-03 05:59:00,4.921,4.921,4.921,4.921,0.53097
2019-11-03 05:58:00,4.92,4.92,4.92,4.92,0
2019-11-03 05:57:00,4.92,4.92,4.92,4.92,0
2019-11-03 05:56:00,4.92,4.92,4.92,4.92,0
2019-11-03 05:55:00,4.92,4.92,4.92,4.92,0
2019-11-03 05:54:00,4.92,4.92,4.92,4.92,42.74
2019-11-03 05:53:00,4.921,4.921,4.921,4.921,0
2019-11-03 05:52:00,4.921,4.921,4.921,4.921,2444.43325
2019-11-03 05:51:00,4.921,4.921,4.921,4.921,2050.282
2019-11-03 05:50:00,4.921,4.921,4.921,4.921,1843.82428
2019-11-03 05:49:00,4.921,4.921,4.92,4.921,1630.94131
2019-11-03 05:48:00,4.92,4.92,4.92,4.92,0
2019-11-03 05:47:00,4.92,4.92,4.92,4.92,5.63101
2019-11-03 05:46:00,4.92,4.92,4.92,4.92,3.06571
2019-11-03 05:45:00,4.917,4.922,4.917,4.921,2149.26901
2019-11-03 05:44:00,4.919,4.919,4.918,4.919,2288.19717
2019-11-03 05:43:00,4.919,4.921,4.919,4.919,397.49726
2019-11-03 05:42:00,4.92,4.922,4.917,4.919,1553.98995
2019-11-03 05:41:00,4.92,4.922,4.918,4.92,3778.99237
2019-11-03 05:40:00,4.923,4.923,4.92,4.92,88.81896
2019-11-03 05:39:00,4.928,4.928,4.922,4.923,770.9827
2019-11-03 05:38:00,4.928,4.928,4.928,4.928,3.59153
2019-11-03 05:37:00,4.928,4.929,4.928,4.929,2850.80248
2019-11-03 05:36:00,4.928,4.929,4.928,4.928,169.1741
2019-11-03 05:35:00,4.928,4.929,4.928,4.928,2127.66677
2019-11-03 05:34:00,4.928,4.928,4.928,4.928,0.667
2019-11-03 05:33:00,4.928,4.928,4.928,4.928,207.22539
2019-11-03 05:32:00,4.928,4.928,4.928,4.928,262.75672
2019-11-03 05:31:00,4.928,4.929,4.928,4.929,3197.77203
2019-11-03 05:30:00,4.93,4.93,4.927,4.929,1086.39481
2019-11-03 05:29:00,4.933,4.933,4.928,4.93,368.42181
2019-11-03 05:28:00,4.93,4.933,4.93,4.933,641.7159
2019-11-03 05:27:00,4.929,4.93,4.928,4.93,3716.27734
2019-11-03 05:26:00,4.927,4.93,4.926,4.929,1239.80198
2019-11-03 05:25:00,4.926,4.929,4.926,4.926,603.03985
2019-11-03 05:24:00,4.926,4.927,4.925,4.927,3076.38295
2019-11-03 05:23:00,4.926,4.926,4.926,4.926,375.5607
2019-11-03 05:22:00,4.931,4.931,4.927,4.927,8.28547
2019-11-03 05:21:00,4.932,4.932,4.932,4.932,881.42561
2019-11-03 05:20:00,4.942,4.942,4.933,4.934,1835.12218
2019-11-03 05:19:00,4.937,4.942,4.937,4.942,1612.38964
2019-11-03 05:18:00,4.936,4.938,4.936,4.937,690.65175
2019-11-03 05:17:00,4.938,4.938,4.936,4.936,2250.0115
2019-11-03 05:16:00,4.937,4.938,4.936,4.937,2051.85425
2019-11-03 05:15:00,4.939,4.939,4.935,4.935,2267.048
2019-11-03 05:14:00,4.939,4.939,4.938,4.939,2118.60802
2019-11-03 05:13:00,4.94,4.94,4.94,4.94,19.9438
2019-11-03 05:12:00,4.937,4.942,4.937,4.94,1249.40973
2019-11-03 05:11:00,4.937,4.937,4.937,4.937,1.22928
2019-11-03 05:10:00,4.937,4.937,4.937,4.937,3.26415
2019-11-03 05:09:00,4.938,4.938,4.937,4.937,7.17677
2019-11-03 05:08:00,4.939,4.939,4.937,4.937,1490.46062
2019-11-03 05:07:00,4.941,4.941,4.938,4.938,1980.27457
2019-11-03 05:06:00,4.942,4.942,4.941,4.941,1260.16467
2019-11-03 05:05:00,4.945,4.945,4.942,4.942,948.75796
2019-11-03 05:04:00,4.945,4.945,4.945,4.945,1.27093
2019-11-03 05:03:00,4.945,4.945,4.945,4.945,0
2019-11-03 05:02:00,4.946,4.946,4.945,4.945,302.9987
2019-11-03 05:01:00,4.946,4.946,4.946,4.946,1709.66276
2019-11-03 05:00:00,4.945,4.948,4.945,4.947,1144.07362
2019-11-03 04:59:00,4.945,4.945,4.945,4.945,0
2019-11-03 04:58:00,4.945,4.945,4.945,4.945,1364.69414
2019-11-03 04:57:00,4.944,4.946,4.944,4.944,391.46034
2019-11-03 04:56:00,4.945,4.945,4.945,4.945,40
2019-11-03 04:55:00,4.945,4.945,4.945,4.945,0
2019-11-03 04:54:00,4.946,4.946,4.945,4.945,575.28984
2019-11-03 04:53:00,4.947,4.947,4.946,4.946,281.41067
2019-11-03 04:52:00,4.947,4.947,4.947,4.947,121.15193
2019-11-03 04:51:00,4.948,4.949,4.948,4.948,175.92224
2019-11-03 04:50:00,4.948,4.948,4.948,4.948,0
2019-11-03 04:49:00,4.949,4.949,4.948,4.948,1601.73011
2019-11-03 04:48:00,4.949,4.949,4.949,4.949,6.29911
2019-11-03 04:47:00,4.948,4.948,4.948,4.948,0
2019-11-03 04:46:00,4.948,4.948,4.948,4.948,314.96459
2019-11-03 04:45:00,4.947,4.947,4.947,4.947,0
2019-11-03 04:44:00,4.947,4.947,4.947,4.947,9.21488
2019-11-03 04:43:00,4.947,4.947,4.947,4.947,22.94703
2019-11-03 04:42:00,4.946,4.948,4.946,4.947,1319.03882
2019-11-03 04:41:00,4.935,4.946,4.935,4.946,2009.39162
2019-11-03 04:40:00,4.933,4.938,4.933,4.935,2429.34248
2019-11-03 04:39:00,4.933,4.933,4.933,4.933,1513.75371
2019-11-03 04:38:00,4.933,4.933,4.933,4.933,2931.89945
2019-11-03 04:37:00,4.932,4.936,4.932,4.933,2449.03656
2019-11-03 04:36:00,4.932,4.932,4.932,4.932,43.7642
2019-11-03 04:35:00,4.931,4.932,4.931,4.932,1030.44594
2019-11-03 04:34:00,4.932,4.932,4.932,4.932,4
2019-11-03 04:33:00,4.933,4.934,4.931,4.933,744.05633
2019-11-03 04:32:00,4.935,4.936,4.934,4.934,436.89027
2019-11-03 04:31:00,4.937,4.937,4.936,4.936,1825.20022
2019-11-03 04:30:00,4.936,4.939,4.936,4.937,2613.5749
2019-11-03 04:29:00,4.935,4.935,4.935,4.935,1112.20026
2019-11-03 04:28:00,4.938,4.938,4.935,4.936,64.25312
2019-11-03 04:27:00,4.938,4.942,4.938,4.938,1436.11563
2019-11-03 04:26:00,4.938,4.94,4.938,4.938,587.92301
2019-11-03 04:25:00,4.941,4.941,4.939,4.939,1005.96335
2019-11-03 04:24:00,4.942,4.942,4.941,4.941,344.82043
2019-11-03 04:23:00,4.942,4.943,4.942,4.942,397.66036
2019-11-03 04:22:00,4.944,4.944,4.942,4.942,472.38225
2019-11-03 04:21:00,4.944,4.944,4.944,4.944,0
2019-11-03 04:20:00,4.946,4.948,4.944,4.944,778.15172
2019-11-03 04:19:00,4.945,4.946,4.944,4.945,854.04568
2019-11-03 04:18:00,4.942,4.947,4.942,4.946,572.5586
2019-11-03 04:17:00,4.941,4.942,4.941,4.941,841.38154
2019-11-03 04:16:00,4.948,4.949,4.941,4.943,1843.55474
2019-11-03 04:15:00,4.955,4.955,4.948,4.948,1079.10067
2019-11-03 04:14:00,4.968,4.968,4.956,4.956,13933.98264
2019-11-03 04:13:00,4.97,4.97,4.968,4.968,1554.04027
2019-11-03 04:12:00,4.972,4.972,4.971,4.971,265.44745
2019-11-03 04:11:00,4.972,4.972,4.972,4.972,0.04602
2019-11-03 04:10:00,4.974,4.974,4.971,4.971,1777.75612
2019-11-03 04:09:00,4.975,4.975,4.973,4.973,324.88961
2019-11-03 04:08:00,4.974,4.974,4.974,4.974,0.06535
2019-11-03 04:07:00,4.976,4.976,4.974,4.974,126.33414
2019-11-03 04:06:00,4.979,4.979,4.975,4.975,1742.99586
2019-11-03 04:05:00,4.979,4.979,4.978,4.979,0.92383
2019-11-03 04:04:00,4.979,4.979,4.978,4.979,0.94814
2019-11-03 04:03:00,4.979,4.979,4.979,4.979,0.36824
2019-11-03 04:02:00,4.979,4.979,4.979,4.979,0.17366
2019-11-03 04:01:00,4.977,4.978,4.977,4.978,529.23417
2019-11-03 04:00:00,4.978,4.979,4.974,4.977,1523.84093
2019-11-03 03:59:00,4.977,4.978,4.977,4.977,0.20511
2019-11-03 03:58:00,4.977,4.977,4.977,4.977,0.09767
2019-11-03 03:57:00,4.977,4.977,4.977,4.977,0.08795
2019-11-03 03:56:00,4.977,4.977,4.977,4.977,0.02014
2019-11-03 03:55:00,4.977,4.977,4.977,4.977,0.09902
2019-11-03 03:54:00,4.977,4.977,4.977,4.977,0.30531
2019-11-03 03:53:00,4.977,4.977,4.977,4.977,0.07332
2019-11-03 03:52:00,4.978,4.978,4.977,4.977,0.34515
2019-11-03 03:51:00,4.979,4.979,4.979,4.979,0.37116
2019-11-03 03:50:00,4.98,4.98,4.98,4.98,1654.48405
2019-11-03 03:49:00,4.98,4.98,4.98,4.98,893.4065
2019-11-03 03:48:00,4.979,4.979,4.979,4.979,0
2019-11-03 03:47:00,4.979,4.979,4.979,4.979,0
2019-11-03 03:46:00,4.979,4.979,4.979,4.979,299.13406
2019-11-03 03:45:00,4.98,4.98,4.98,4.98,0.23242
2019-11-03 03:44:00,4.98,4.981,4.98,4.981,930.6733
2019-11-03 03:43:00,4.978,4.98,4.978,4.98,47.62451
2019-11-03 03:42:00,4.979,4.979,4.976,4.976,222.65671
2019-11-03 03:41:00,4.979,4.981,4.978,4.979,3279.66776
2019-11-03 03:40:00,4.979,4.979,4.976,4.979,824.86096
2019-11-03 03:39:00,4.979,4.979,4.979,4.979,1.00213
2019-11-03 03:38:00,4.979,4.979,4.979,4.979,1.32491
2019-11-03 03:37:00,4.979,4.979,4.979,4.979,1.33278
2019-11-03 03:36:00,4.976,4.98,4.976,4.979,1359.25453
2019-11-03 03:35:00,4.977,4.977,4.976,4.976,197.27372
2019-11-03 03:34:00,4.977,4.977,4.975,4.976,1963.47709
2019-11-03 03:33:00,4.974,4.977,4.974,4.976,2654.88056
2019-11-03 03:32:00,4.966,4.975,4.966,4.975,2537.23717
2019-11-03 03:31:00,4.967,4.967,4.966,4.966,0.11156
2019-11-03 03:30:00,4.967,4.967,4.967,4.967,0.04841
2019-11-03 03:29:00,4.969,4.969,4.968,4.968,687.58168
2019-11-03 03:28:00,4.967,4.967,4.967,4.967,267.01604
2019-11-03 03:27:00,4.967,4.967,4.967,4.967,0
2019-11-03 03:26:00,4.967,4.967,4.967,4.967,0
2019-11-03 03:25:00,4.967,4.967,4.967,4.967,0
2019-11-03 03:24:00,4.969,4.969,4.967,4.967,1440.16387
2019-11-03 03:23:00,4.968,4.97,4.968,4.97,154.35984
2019-11-03 03:22:00,4.968,4.968,4.968,4.968,0.01
2019-11-03 03:21:00,4.968,4.968,4.968,4.968,0.02001
2019-11-03 03:20:00,4.967,4.968,4.967,4.968,45.58037
2019-11-03 03:19:00,4.968,4.968,4.967,4.967,604.34321
2019-11-03 03:18:00,4.97,4.97,4.966,4.968,729.86104
2019-11-03 03:17:00,4.97,4.97,4.97,4.97,0
2019-11-03 03:16:00,4.97,4.97,4.97,4.97,7.35
2019-11-03 03:15:00,4.97,4.97,4.97,4.97,0
2019-11-03 03:14:00,4.97,4.97,4.97,4.97,8953.70244
2019-11-03 03:13:00,4.97,4.97,4.97,4.97,886.20522
2019-11-03 03:12:00,4.966,4.971,4.965,4.971,3412.73539
2019-11-03 03:11:00,4.969,4.969,4.966,4.967,2101.92483
2019-11-03 03:10:00,4.966,4.97,4.966,4.969,349.98395
2019-11-03 03:09:00,4.963,4.969,4.961,4.966,998.93124
2019-11-03 03:08:00,4.965,4.966,4.961,4.961,266.22494
2019-11-03 03:07:00,4.966,4.966,4.965,4.965,15.9573
2019-11-03 03:06:00,4.965,4.967,4.963,4.967,1879.5293
2019-11-03 03:05:00,4.964,4.968,4.964,4.965,1960.18832
2019-11-03 03:04:00,4.962,4.963,4.962,4.963,41.19533
2019-11-03 03:03:00,4.971,4.972,4.962,4.962,504.33881
2019-11-03 03:02:00,4.97,4.974,4.969,4.971,102.8797
2019-11-03 03:01:00,4.971,4.972,4.971,4.971,574.51213
2019-11-03 03:00:00,4.974,4.974,4.973,4.973,1381.4611
2019-11-03 02:59:00,4.974,4.974,4.974,4.974,39.60396
2019-11-03 02:58:00,4.973,4.973,4.973,4.973,238.27019
2019-11-03 02:57:00,4.975,4.975,4.973,4.973,336.0639
2019-11-03 02:56:00,4.977,4.977,4.977,4.977,0
2019-11-03 02:55:00,4.976,4.977,4.976,4.977,117.82922
2019-11-03 02:54:00,4.975,4.979,4.975,4.976,1921.28396
2019-11-03 02:53:00,4.976,4.976,4.974,4.974,28.90044
2019-11-03 02:52:00,4.976,4.976,4.976,4.976,0
2019-11-03 02:51:00,4.976,4.976,4.976,4.976,24.16813
2019-11-03 02:50:00,4.976,4.976,4.976,4.976,1725.57143
2019-11-03 02:49:00,4.975,4.975,4.975,4.975,0
2019-11-03 02:48:00,4.975,4.975,4.975,4.975,0
2019-11-03 02:47:00,4.975,4.976,4.975,4.975,1555.15291
2019-11-03 02:46:00,4.975,4.977,4.975,4.976,371.97498
2019-11-03 02:45:00,4.975,4.975,4.975,4.975,38.85992
2019-11-03 02:44:00,4.976,4.976,4.976,4.976,1.56578
2019-11-03 02:43:00,4.976,4.976,4.976,4.976,2.63404
2019-11-03 02:42:00,4.977,4.977,4.976,4.976,1038.31865
2019-11-03 02:41:00,4.979,4.979,4.977,4.977,577.10229
2019-11-03 02:40:00,4.979,4.979,4.979,4.979,0
2019-11-03 02:39:00,4.981,4.981,4.979,4.979,92.92602
2019-11-03 02:38:00,4.982,4.982,4.981,4.982,180.49415
2019-11-03 02:37:00,4.981,4.981,4.981,4.981,0
2019-11-03 02:36:00,4.986,4.986,4.981,4.981,239.86433
2019-11-03 02:35:00,4.98,4.985,4.98,4.985,2915.14026
2019-11-03 02:34:00,4.98,4.982,4.98,4.98,1060.47307
2019-11-03 02:33:00,4.983,4.983,4.981,4.981,1854.60351
2019-11-03 02:32:00,4.978,4.982,4.978,4.982,619.07433
2019-11-03 02:31:00,4.978,4.978,4.978,4.978,108.69109
2019-11-03 02:30:00,4.977,4.978,4.977,4.978,145.67544
2019-11-03 02:29:00,4.978,4.978,4.977,4.977,220.68063
2019-11-03 02:28:00,4.979,4.979,4.977,4.978,861.1322
2019-11-03 02:27:00,4.979,4.979,4.979,4.979,0.9296
2019-11-03 02:26:00,4.978,4.979,4.977,4.978,426.021
2019-11-03 02:25:00,4.978,4.98,4.978,4.98,2444.30209
2019-11-03 02:24:00,4.978,4.979,4.978,4.978,1438.6427
2019-11-03 02:23:00,4.976,4.979,4.975,4.978,3259.85083
2019-11-03 02:22:00,4.978,4.979,4.975,4.976,1784.6051
2019-11-03 02:21:00,4.977,4.98,4.977,4.977,1898.60139
2019-11-03 02:20:00,4.977,4.977,4.977,4.977,23.85859
2019-11-03 02:19:00,4.977,4.983,4.976,4.976,1752.16392
2019-11-03 02:18:00,4.983,4.983,4.977,4.977,3659.3382
2019-11-03 02:17:00,4.985,4.985,4.982,4.983,2278.54509
2019-11-03 02:16:00,4.99,4.99,4.987,4.988,1543.11599
2019-11-03 02:15:00,4.989,4.991,4.989,4.99,458.23613
2019-11-03 02:14:00,4.988,4.988,4.988,4.988,10.50403
2019-11-03 02:13:00,4.99,4.99,4.989,4.989,1101.9697
2019-11-03 02:12:00,4.985,4.991,4.985,4.99,279.41291
2019-11-03 02:11:00,4.98,4.985,4.98,4.984,933.35865
2019-11-03 02:10:00,4.977,4.98,4.977,4.98,675.55241
2019-11-03 02:09:00,4.977,4.978,4.977,4.978,451.07943
2019-11-03 02:08:00,4.975,4.976,4.975,4.976,514.02682
2019-11-03 02:07:00,4.975,4.975,4.975,4.975,12.95685
2019-11-03 02:06:00,4.975,4.975,4.975,4.975,0.23295
2019-11-03 02:05:00,4.975,4.975,4.975,4.975,9.66616
2019-11-03 02:04:00,4.976,4.977,4.976,4.976,411.72191
2019-11-03 02:03:00,4.976,4.976,4.976,4.976,100.49531
2019-11-03 02:02:00,4.974,4.979,4.974,4.976,542.83621
2019-11-03 02:01:00,4.974,4.975,4.974,4.974,66.58296
2019-11-03 02:00:00,4.974,4.975,4.974,4.974,171.65636
2019-11-03 01:59:00,4.975,4.978,4.974,4.974,186.95488
2019-11-03 01:58:00,4.976,4.978,4.975,4.975,142.25893
2019-11-03 01:57:00,4.976,4.978,4.974,4.976,589.17202
2019-11-03 01:56:00,4.975,4.976,4.975,4.975,482.68096
2019-11-03 01:55:00,4.969,4.976,4.969,4.976,3039.35098
2019-11-03 01:54:00,4.967,4.968,4.967,4.968,686.43274
2019-11-03 01:53:00,4.966,4.972,4.966,4.968,1437.48314
2019-11-03 01:52:00,4.966,4.967,4.966,4.966,1235.18404
2019-11-03 01:51:00,4.97,4.97,4.968,4.968,251.34024
2019-11-03 01:50:00,4.972,4.972,4.972,4.972,6.93372
2019-11-03 01:49:00,4.972,4.972,4.972,4.972,4.24554
2019-11-03 01:48:00,4.97,4.971,4.97,4.971,227.62628
2019-11-03 01:47:00,4.972,4.972,4.971,4.971,1563.6547
2019-11-03 01:46:00,4.973,4.973,4.972,4.972,1661.25131
2019-11-03 01:45:00,4.968,4.975,4.968,4.974,9276.03297
2019-11-03 01:44:00,4.97,4.97,4.968,4.968,498.50907
2019-11-03 01:43:00,4.975,4.975,4.97,4.97,1211.24044
2019-11-03 01:42:00,4.983,4.985,4.976,4.976,2251.30217
2019-11-03 01:41:00,4.989,4.989,4.983,4.983,1353.37453
2019-11-03 01:40:00,4.992,4.993,4.99,4.99,1086.7753
2019-11-03 01:39:00,4.993,4.993,4.992,4.992,668.8605
2019-11-03 01:38:00,4.993,4.994,4.993,4.993,103.89192
2019-11-03 01:37:00,4.993,4.994,4.992,4.992,2706.87955
2019-11-03 01:36:00,4.992,4.994,4.992,4.992,627.36445
2019-11-03 01:35:00,4.986,4.993,4.986,4.991,3693.46837
2019-11-03 01:34:00,4.986,4.988,4.985,4.985,730.16745
2019-11-03 01:33:00,4.983,4.987,4.983,4.984,2305.70965
2019-11-03 01:32:00,4.981,4.983,4.981,4.983,2674.30994
2019-11-03 01:31:00,4.98,4.981,4.98,4.98,1469.94252
2019-11-03 01:30:00,4.979,4.983,4.979,4.98,6737.7364
2019-11-03 01:29:00,4.979,4.98,4.978,4.98,1105.34219
2019-11-03 01:28:00,4.978,4.98,4.978,4.979,1109.16652
2019-11-03 01:27:00,4.982,4.982,4.978,4.978,2232.28134
2019-11-03 01:26:00,4.983,4.984,4.983,4.983,397.24417
2019-11-03 01:25:00,4.984,4.986,4.984,4.986,601.9866
2019-11-03 01:24:00,4.984,4.984,4.984,4.984,0
2019-11-03 01:23:00,4.984,4.984,4.984,4.984,454.25129
2019-11-03 01:22:00,4.985,4.985,4.985,4.985,0
2019-11-03 01:21:00,4.984,4.985,4.984,4.985,944.98227
2019-11-03 01:20:00,4.984,4.984,4.982,4.984,645.74887
2019-11-03 01:19:00,4.982,4.984,4.982,4.983,1209.68813
2019-11-03 01:18:00,4.982,4.982,4.982,4.982,493.47783
2019-11-03 01:17:00,4.98,4.983,4.98,4.981,3274.94586
2019-11-03 01:16:00,4.977,4.977,4.973,4.975,463.46653
2019-11-03 01:15:00,4.98,4.98,4.98,4.98,52.48181
2019-11-03 01:14:00,4.981,4.983,4.981,4.981,57.60005
2019-11-03 01:13:00,4.981,4.981,4.981,4.981,1.20882
2019-11-03 01:12:00,4.982,4.982,4.981,4.981,32.16786
2019-11-03 01:11:00,4.981,4.982,4.981,4.982,670.04376
2019-11-03 01:10:00,4.981,4.981,4.98,4.981,50.19789
2019-11-03 01:09:00,4.985,4.985,4.98,4.981,270.12629
2019-11-03 01:08:00,4.984,4.984,4.984,4.984,0
2019-11-03 01:07:00,4.981,4.984,4.98,4.984,255.24058
2019-11-03 01:06:00,4.98,4.984,4.979,4.981,299.51936
2019-11-03 01:05:00,4.982,4.984,4.981,4.981,191.88372
2019-11-03 01:04:00,4.974,4.984,4.974,4.984,672.51188
2019-11-03 01:03:00,4.973,4.973,4.969,4.973,1062.99955
2019-11-03 01:02:00,4.983,4.983,4.976,4.976,543.1537
2019-11-03 01:01:00,4.973,4.985,4.973,4.983,562.57815
2019-11-03 01:00:00,4.978,4.978,4.97,4.972,2334.61655
2019-11-03 00:59:00,4.979,4.979,4.979,4.979,0
2019-11-03 00:58:00,4.975,4.979,4.974,4.979,1012.42196
2019-11-03 00:57:00,4.972,4.974,4.972,4.974,698.19371
2019-11-03 00:56:00,4.972,4.972,4.972,4.972,0
2019-11-03 00:55:00,4.972,4.972,4.972,4.972,0
2019-11-03 00:54:00,4.972,4.972,4.972,4.972,272.10007
2019-11-03 00:53:00,4.973,4.975,4.972,4.973,1508.80332
2019-11-03 00:52:00,4.976,4.976,4.973,4.973,314.89336
2019-11-03 00:51:00,4.979,4.979,4.977,4.977,1650.56744
2019-11-03 00:50:00,4.977,4.979,4.977,4.979,812.13075
2019-11-03 00:49:00,4.981,4.982,4.979,4.979,338.31357
2019-11-03 00:48:00,4.979,4.981,4.979,4.98,467.24742
2019-11-03 00:47:00,4.98,4.98,4.977,4.978,65.55029
2019-11-03 00:46:00,4.97,4.985,4.97,4.979,5473.46561
2019-11-03 00:45:00,4.969,4.972,4.969,4.972,890.28769
2019-11-03 00:44:00,4.969,4.972,4.969,4.97,721.2155
2019-11-03 00:43:00,4.969,4.972,4.969,4.97,216.61052
2019-11-03 00:42:00,4.97,4.971,4.967,4.967,1228.38596
2019-11-03 00:41:00,4.972,4.972,4.969,4.97,1769.43053
2019-11-03 00:40:00,4.976,4.976,4.97,4.97,1167.9016
2019-11-03 00:39:00,4.982,4.983,4.976,4.979,2003.25898
2019-11-03 00:38:00,4.991,4.993,4.98,4.98,6350.44769
2019-11-03 00:37:00,4.989,4.996,4.989,4.99,3493.36139
2019-11-03 00:36:00,4.983,4.995,4.983,4.993,6417.06878
2019-11-03 00:35:00,4.978,4.984,4.978,4.984,2779.26265
2019-11-03 00:34:00,4.972,4.977,4.968,4.977,5582.36761
2019-11-03 00:33:00,4.969,4.972,4.969,4.971,2285.61559
2019-11-03 00:32:00,4.971,4.974,4.97,4.971,2143.46454
2019-11-03 00:31:00,4.964,4.972,4.963,4.97,3621.32602
2019-11-03 00:30:00,4.958,4.966,4.956,4.965,5025.21146
2019-11-03 00:29:00,4.969,4.97,4.958,4.958,7645.33761
2019-11-03 00:28:00,4.987,4.988,4.969,4.969,9290.00345
2019-11-03 00:27:00,4.991,4.992,4.983,4.988,7065.52586
2019-11-03 00:26:00,5.003,5.003,4.985,4.991,8752.09234
2019-11-03 00:25:00,4.999,5.017,4.999,5.009,7246.46775
2019-11-03 00:24:00,4.992,4.999,4.991,4.999,2450.88292
2019-11-03 00:23:00,4.986,4.994,4.982,4.991,3271.50914
2019-11-03 00:22:00,4.991,4.993,4.979,4.987,6390.43021
2019-11-03 00:21:00,5.002,5.002,4.984,4.991,13296.92031
2019-11-03 00:20:00,4.981,5.005,4.979,5.003,7831.80495
2019-11-03 00:19:00,4.999,4.999,4.975,4.982,13827.7844
2019-11-03 00:18:00,5.022,5.045,4.95,4.995,37101.65234
2019-11-03 00:17:00,4.948,5.021,4.948,5.021,30664.00268
2019-11-03 00:16:00,4.932,4.948,4.932,4.945,3575.89158
2019-11-03 00:15:00,4.924,4.932,4.924,4.931,3280.30043
2019-11-03 00:14:00,4.918,4.924,4.918,4.924,2372.40011
2019-11-03 00:13:00,4.911,4.916,4.911,4.916,723.71854
2019-11-03 00:12:00,4.905,4.91,4.905,4.91,2649.56819
2019-11-03 00:11:00,4.905,4.906,4.905,4.905,21.68605
2019-11-03 00:10:00,4.909,4.909,4.902,4.905,1920.66897
2019-11-03 00:09:00,4.911,4.912,4.909,4.909,99.69388
2019-11-03 00:08:00,4.911,4.911,4.911,4.911,2.80449
2019-11-03 00:07:00,4.908,4.911,4.908,4.911,308.32987
2019-11-03 00:06:00,4.908,4.911,4.907,4.911,3209.07324
2019-11-03 00:05:00,4.906,4.908,4.906,4.908,280.61361
2019-11-03 00:04:00,4.903,4.905,4.903,4.905,119.17938
2019-11-03 00:03:00,4.901,4.906,4.901,4.906,123.5496
2019-11-03 00:02:00,4.898,4.901,4.898,4.901,2666.7111
2019-11-03 00:01:00,4.901,4.901,4.9,4.9,67.19363
2019-11-03 00:00:00,4.899,4.902,4.899,4.902,667.20101
