2019-11-18 23:59:00,4.463,4.464,4.463,4.464,126.6532
2019-11-18 23:58:00,4.463,4.464,4.463,4.464,136.44691
2019-11-18 23:57:00,4.465,4.468,4.464,4.464,2735.03151
2019-11-18 23:56:00,4.466,4.468,4.465,4.468,551.4974
2019-11-18 23:55:00,4.47,4.47,4.461,4.465,5252.61629
2019-11-18 23:54:00,4.46,4.47,4.459,4.47,4908.21133
2019-11-18 23:53:00,4.448,4.462,4.445,4.459,10845.18022
2019-11-18 23:52:00,4.46,4.46,4.448,4.448,5639.69462
2019-11-18 23:51:00,4.463,4.463,4.456,4.459,4327.16146
2019-11-18 23:50:00,4.466,4.468,4.463,4.465,9315.68501
2019-11-18 23:49:00,4.47,4.471,4.466,4.466,2311.56606
2019-11-18 23:48:00,4.473,4.474,4.47,4.47,1574.82255
2019-11-18 23:47:00,4.469,4.474,4.467,4.474,2728.69958
2019-11-18 23:46:00,4.476,4.477,4.469,4.471,8314.66026
2019-11-18 23:45:00,4.487,4.487,4.477,4.477,1043.32453
2019-11-18 23:44:00,4.489,4.489,4.487,4.487,750.95092
2019-11-18 23:43:00,4.493,4.493,4.489,4.489,265.25442
2019-11-18 23:42:00,4.491,4.498,4.491,4.494,2445.90848
2019-11-18 23:41:00,4.488,4.491,4.488,4.49,6655.91914
2019-11-18 23:40:00,4.499,4.499,4.483,4.488,19298.39828
2019-11-18 23:39:00,4.5,4.5,4.5,4.5,144.44222
2019-11-18 23:38:00,4.5,4.5,4.5,4.5,41.94199
2019-11-18 23:37:00,4.501,4.501,4.501,4.501,0.91944
2019-11-18 23:36:00,4.502,4.502,4.502,4.502,0
2019-11-18 23:35:00,4.501,4.502,4.501,4.502,160.16135
2019-11-18 23:34:00,4.502,4.502,4.502,4.502,0
2019-11-18 23:33:00,4.502,4.502,4.502,4.502,0
2019-11-18 23:32:00,4.501,4.502,4.501,4.502,1464.37587
2019-11-18 23:31:00,4.501,4.502,4.501,4.502,22.95958
2019-11-18 23:30:00,4.501,4.501,4.501,4.501,498.74583
2019-11-18 23:29:00,4.501,4.501,4.501,4.501,1.03899
2019-11-18 23:28:00,4.501,4.501,4.501,4.501,1.98224
2019-11-18 23:27:00,4.503,4.503,4.494,4.501,5041.40461
2019-11-18 23:26:00,4.503,4.504,4.501,4.501,1325.43805
2019-11-18 23:25:00,4.504,4.504,4.504,4.504,0
2019-11-18 23:24:00,4.505,4.509,4.5,4.504,8476.37819
2019-11-18 23:23:00,4.505,4.505,4.505,4.505,0
2019-11-18 23:22:00,4.505,4.505,4.505,4.505,0
2019-11-18 23:21:00,4.505,4.505,4.505,4.505,15.78773
2019-11-18 23:20:00,4.504,4.507,4.504,4.506,1225.19068
2019-11-18 23:19:00,4.503,4.503,4.503,4.503,15.94282
2019-11-18 23:18:00,4.504,4.504,4.504,4.504,246.9868
2019-11-18 23:17:00,4.506,4.506,4.502,4.504,987.2697
2019-11-18 23:16:00,4.507,4.507,4.507,4.507,51.97
2019-11-18 23:15:00,4.505,4.505,4.505,4.505,932.06755
2019-11-18 23:14:00,4.504,4.506,4.504,4.504,284.69492
2019-11-18 23:13:00,4.504,4.504,4.504,4.504,12.95188
2019-11-18 23:12:00,4.504,4.504,4.504,4.504,12.24777
2019-11-18 23:11:00,4.504,4.504,4.504,4.504,0.46579
2019-11-18 23:10:00,4.504,4.505,4.504,4.505,343.54493
2019-11-18 23:09:00,4.507,4.507,4.503,4.503,378.05962
2019-11-18 23:08:00,4.506,4.507,4.506,4.507,1.74719
2019-11-18 23:07:00,4.507,4.508,4.506,4.506,52.47989
2019-11-18 23:06:00,4.507,4.508,4.507,4.507,0.84182
2019-11-18 23:05:00,4.509,4.509,4.507,4.508,1988.04692
2019-11-18 23:04:00,4.51,4.51,4.508,4.509,584.25625
2019-11-18 23:03:00,4.507,4.511,4.507,4.511,2190.00486
2019-11-18 23:02:00,4.507,4.507,4.506,4.507,44.88493
2019-11-18 23:01:00,4.508,4.508,4.508,4.508,26.98904
2019-11-18 23:00:00,4.51,4.51,4.51,4.51,12.49834
2019-11-18 22:59:00,4.511,4.511,4.511,4.511,0
2019-11-18 22:58:00,4.511,4.511,4.511,4.511,222.61825
2019-11-18 22:57:00,4.51,4.511,4.51,4.511,1320.47483
2019-11-18 22:56:00,4.512,4.512,4.51,4.51,336.45751
2019-11-18 22:55:00,4.512,4.512,4.512,4.512,1536.66363
2019-11-18 22:54:00,4.512,4.512,4.512,4.512,0
2019-11-18 22:53:00,4.512,4.512,4.512,4.512,0
2019-11-18 22:52:00,4.513,4.513,4.512,4.512,239.29079
2019-11-18 22:51:00,4.512,4.514,4.512,4.513,210.3945
2019-11-18 22:50:00,4.513,4.513,4.513,4.513,861.63886
2019-11-18 22:49:00,4.516,4.516,4.514,4.514,227.29367
2019-11-18 22:48:00,4.516,4.516,4.516,4.516,0
2019-11-18 22:47:00,4.516,4.516,4.516,4.516,0
2019-11-18 22:46:00,4.516,4.516,4.516,4.516,178.42616
2019-11-18 22:45:00,4.515,4.517,4.515,4.517,3339.58794
2019-11-18 22:44:00,4.515,4.515,4.514,4.515,921.42114
2019-11-18 22:43:00,4.517,4.517,4.514,4.514,1878.78216
2019-11-18 22:42:00,4.518,4.518,4.517,4.517,6.50179
2019-11-18 22:41:00,4.519,4.519,4.518,4.518,1192.8345
2019-11-18 22:40:00,4.519,4.519,4.519,4.519,1.15904
2019-11-18 22:39:00,4.521,4.521,4.521,4.521,0
2019-11-18 22:38:00,4.518,4.521,4.517,4.521,701.10085
2019-11-18 22:37:00,4.518,4.518,4.518,4.518,0
2019-11-18 22:36:00,4.52,4.52,4.518,4.518,889.76507
2019-11-18 22:35:00,4.519,4.519,4.519,4.519,0
2019-11-18 22:34:00,4.519,4.519,4.519,4.519,0
2019-11-18 22:33:00,4.519,4.519,4.519,4.519,530.36617
2019-11-18 22:32:00,4.518,4.518,4.518,4.518,0
2019-11-18 22:31:00,4.518,4.518,4.518,4.518,0
2019-11-18 22:30:00,4.519,4.519,4.516,4.518,2574.02873
2019-11-18 22:29:00,4.519,4.519,4.519,4.519,2
2019-11-18 22:28:00,4.524,4.524,4.519,4.52,1769.48145
2019-11-18 22:27:00,4.525,4.525,4.525,4.525,23.67904
2019-11-18 22:26:00,4.526,4.526,4.525,4.525,435.45809
2019-11-18 22:25:00,4.526,4.526,4.526,4.526,45.26961
2019-11-18 22:24:00,4.526,4.526,4.526,4.526,0
2019-11-18 22:23:00,4.526,4.526,4.526,4.526,0.45146
2019-11-18 22:22:00,4.526,4.526,4.525,4.525,268.32703
2019-11-18 22:21:00,4.522,4.523,4.522,4.523,2184.63582
2019-11-18 22:20:00,4.523,4.524,4.522,4.522,1334.18803
2019-11-18 22:19:00,4.524,4.524,4.522,4.522,659.5117
2019-11-18 22:18:00,4.525,4.525,4.524,4.524,10.24458
2019-11-18 22:17:00,4.524,4.528,4.524,4.525,1880.73292
2019-11-18 22:16:00,4.525,4.525,4.521,4.524,1738.28696
2019-11-18 22:15:00,4.526,4.526,4.525,4.526,99.81893
2019-11-18 22:14:00,4.525,4.526,4.525,4.526,10.63228
2019-11-18 22:13:00,4.524,4.525,4.524,4.525,579.31024
2019-11-18 22:12:00,4.524,4.524,4.519,4.524,641.70383
2019-11-18 22:11:00,4.524,4.524,4.524,4.524,17.35347
2019-11-18 22:10:00,4.524,4.524,4.524,4.524,0
2019-11-18 22:09:00,4.524,4.524,4.524,4.524,3.08787
2019-11-18 22:08:00,4.525,4.525,4.524,4.524,239.51543
2019-11-18 22:07:00,4.528,4.528,4.523,4.524,3274.6335
2019-11-18 22:06:00,4.531,4.531,4.529,4.531,44.74953
2019-11-18 22:05:00,4.532,4.532,4.531,4.532,904.73504
2019-11-18 22:04:00,4.529,4.531,4.529,4.531,46.99302
2019-11-18 22:03:00,4.533,4.533,4.529,4.529,475.35287
2019-11-18 22:02:00,4.533,4.533,4.533,4.533,224.6275
2019-11-18 22:01:00,4.529,4.533,4.529,4.533,1259.72846
2019-11-18 22:00:00,4.527,4.529,4.527,4.529,1039.75402
2019-11-18 21:59:00,4.532,4.532,4.528,4.528,2207.95859
2019-11-18 21:58:00,4.526,4.532,4.526,4.532,737.43954
2019-11-18 21:57:00,4.529,4.529,4.526,4.526,189.84511
2019-11-18 21:56:00,4.533,4.533,4.531,4.531,116.7303
2019-11-18 21:55:00,4.531,4.531,4.531,4.531,0
2019-11-18 21:54:00,4.531,4.531,4.531,4.531,203.89005
2019-11-18 21:53:00,4.532,4.534,4.532,4.533,282.32596
2019-11-18 21:52:00,4.529,4.532,4.529,4.532,234.8536
2019-11-18 21:51:00,4.529,4.529,4.529,4.529,477.88266
2019-11-18 21:50:00,4.532,4.532,4.53,4.53,205.11572
2019-11-18 21:49:00,4.534,4.536,4.53,4.53,1475.65627
2019-11-18 21:48:00,4.537,4.537,4.535,4.535,289.08155
2019-11-18 21:47:00,4.539,4.54,4.537,4.538,2918.57827
2019-11-18 21:46:00,4.532,4.539,4.531,4.539,1692.70197
2019-11-18 21:45:00,4.531,4.531,4.529,4.529,317.62226
2019-11-18 21:44:00,4.524,4.53,4.524,4.528,2915.86618
2019-11-18 21:43:00,4.524,4.524,4.523,4.524,80.0496
2019-11-18 21:42:00,4.522,4.523,4.522,4.523,445.6846
2019-11-18 21:41:00,4.522,4.522,4.521,4.521,16.28225
2019-11-18 21:40:00,4.517,4.52,4.517,4.52,192.52776
2019-11-18 21:39:00,4.518,4.518,4.518,4.518,0
2019-11-18 21:38:00,4.518,4.518,4.518,4.518,16.05769
2019-11-18 21:37:00,4.521,4.521,4.519,4.519,50.20321
2019-11-18 21:36:00,4.522,4.522,4.522,4.522,525.23758
2019-11-18 21:35:00,4.523,4.523,4.521,4.523,62.60669
2019-11-18 21:34:00,4.524,4.524,4.524,4.524,302.72291
2019-11-18 21:33:00,4.523,4.523,4.521,4.523,2803.20653
2019-11-18 21:32:00,4.517,4.522,4.514,4.522,1445.40186
2019-11-18 21:31:00,4.518,4.518,4.518,4.518,274.62558
2019-11-18 21:30:00,4.514,4.517,4.514,4.517,20.75991
2019-11-18 21:29:00,4.515,4.515,4.514,4.514,1063.361
2019-11-18 21:28:00,4.518,4.518,4.516,4.516,2012.58543
2019-11-18 21:27:00,4.514,4.518,4.514,4.518,594.32645
2019-11-18 21:26:00,4.518,4.518,4.514,4.514,179.94059
2019-11-18 21:25:00,4.517,4.519,4.517,4.518,376.31527
2019-11-18 21:24:00,4.519,4.519,4.518,4.518,2907.68581
2019-11-18 21:23:00,4.519,4.526,4.517,4.519,1394.36122
2019-11-18 21:22:00,4.516,4.519,4.516,4.519,2931.63888
2019-11-18 21:21:00,4.519,4.519,4.516,4.516,1732.25603
2019-11-18 21:20:00,4.514,4.519,4.514,4.519,3671.10964
2019-11-18 21:19:00,4.515,4.515,4.51,4.512,1808.6659
2019-11-18 21:18:00,4.518,4.521,4.517,4.517,1440.5505
2019-11-18 21:17:00,4.511,4.518,4.511,4.518,5784.48099
2019-11-18 21:16:00,4.502,4.511,4.502,4.511,1442.10729
2019-11-18 21:15:00,4.503,4.503,4.501,4.503,509.28933
2019-11-18 21:14:00,4.5,4.504,4.5,4.503,6836.32764
2019-11-18 21:13:00,4.497,4.5,4.497,4.5,796.91577
2019-11-18 21:12:00,4.497,4.497,4.497,4.497,7.93887
2019-11-18 21:11:00,4.493,4.498,4.493,4.497,246.35584
2019-11-18 21:10:00,4.494,4.495,4.493,4.493,3.5096
2019-11-18 21:09:00,4.493,4.495,4.493,4.494,78.51407
2019-11-18 21:08:00,4.491,4.492,4.491,4.492,34.88346
2019-11-18 21:07:00,4.49,4.49,4.49,4.49,1.18755
2019-11-18 21:06:00,4.489,4.49,4.489,4.49,232.25439
2019-11-18 21:05:00,4.489,4.489,4.488,4.489,381.24816
2019-11-18 21:04:00,4.488,4.492,4.487,4.491,2932.03051
2019-11-18 21:03:00,4.49,4.491,4.488,4.489,700.84613
2019-11-18 21:02:00,4.491,4.491,4.489,4.489,3262.17968
2019-11-18 21:01:00,4.489,4.491,4.486,4.49,2294.2901
2019-11-18 21:00:00,4.493,4.493,4.49,4.49,851.49042
2019-11-18 20:59:00,4.493,4.493,4.493,4.493,0.138
2019-11-18 20:58:00,4.493,4.494,4.493,4.493,32.17108
2019-11-18 20:57:00,4.494,4.494,4.493,4.493,20.26267
2019-11-18 20:56:00,4.493,4.495,4.493,4.494,1511.67976
2019-11-18 20:55:00,4.491,4.493,4.491,4.492,269.97249
2019-11-18 20:54:00,4.49,4.491,4.49,4.49,175.6021
2019-11-18 20:53:00,4.49,4.491,4.49,4.491,784.72287
2019-11-18 20:52:00,4.491,4.491,4.491,4.491,0.138
2019-11-18 20:51:00,4.493,4.493,4.491,4.492,3703.38693
2019-11-18 20:50:00,4.495,4.495,4.492,4.493,1263.06841
2019-11-18 20:49:00,4.495,4.495,4.494,4.494,844.327
2019-11-18 20:48:00,4.495,4.495,4.495,4.495,0
2019-11-18 20:47:00,4.496,4.496,4.495,4.495,674.73175
2019-11-18 20:46:00,4.497,4.497,4.496,4.497,1037.76112
2019-11-18 20:45:00,4.5,4.5,4.498,4.498,622.25354
2019-11-18 20:44:00,4.501,4.501,4.501,4.501,0.63407
2019-11-18 20:43:00,4.499,4.501,4.499,4.501,1282.50132
2019-11-18 20:42:00,4.503,4.503,4.498,4.499,908.44824
2019-11-18 20:41:00,4.503,4.503,4.503,4.503,3.81573
2019-11-18 20:40:00,4.504,4.504,4.502,4.502,261.36904
2019-11-18 20:39:00,4.505,4.506,4.504,4.504,1563.38124
2019-11-18 20:38:00,4.506,4.506,4.503,4.504,4279.2412
2019-11-18 20:37:00,4.506,4.506,4.502,4.506,1058.28635
2019-11-18 20:36:00,4.501,4.506,4.501,4.506,2544.72079
2019-11-18 20:35:00,4.499,4.501,4.499,4.501,564.54163
2019-11-18 20:34:00,4.499,4.499,4.498,4.499,239.64271
2019-11-18 20:33:00,4.501,4.501,4.499,4.499,912.05947
2019-11-18 20:32:00,4.504,4.504,4.503,4.504,1031.22596
2019-11-18 20:31:00,4.501,4.507,4.501,4.506,312.80082
2019-11-18 20:30:00,4.499,4.5,4.499,4.5,1686.8185
2019-11-18 20:29:00,4.497,4.501,4.497,4.5,574.02931
2019-11-18 20:28:00,4.499,4.499,4.497,4.497,2110.33431
2019-11-18 20:27:00,4.5,4.5,4.497,4.497,2099.35475
2019-11-18 20:26:00,4.499,4.501,4.498,4.501,3065.04121
2019-11-18 20:25:00,4.495,4.5,4.495,4.499,1657.49766
2019-11-18 20:24:00,4.492,4.497,4.492,4.495,1563.59534
2019-11-18 20:23:00,4.495,4.495,4.492,4.492,702.545
2019-11-18 20:22:00,4.495,4.495,4.495,4.495,188.62098
2019-11-18 20:21:00,4.499,4.499,4.495,4.495,2375.83558
2019-11-18 20:20:00,4.503,4.503,4.499,4.499,246.17028
2019-11-18 20:19:00,4.501,4.503,4.5,4.503,1044.49234
2019-11-18 20:18:00,4.5,4.502,4.5,4.502,833.03317
2019-11-18 20:17:00,4.508,4.508,4.501,4.501,2818.51359
2019-11-18 20:16:00,4.503,4.509,4.503,4.507,3213.1504
2019-11-18 20:15:00,4.502,4.504,4.498,4.5,777.17537
2019-11-18 20:14:00,4.5,4.504,4.498,4.501,5681.95596
2019-11-18 20:13:00,4.485,4.498,4.485,4.497,2804.62129
2019-11-18 20:12:00,4.484,4.486,4.481,4.484,1354.9395
2019-11-18 20:11:00,4.472,4.484,4.472,4.484,3197.36136
2019-11-18 20:10:00,4.478,4.478,4.469,4.472,3151.51648
2019-11-18 20:09:00,4.47,4.478,4.467,4.477,5780.19827
2019-11-18 20:08:00,4.463,4.474,4.463,4.471,8364.47253
2019-11-18 20:07:00,4.482,4.482,4.463,4.463,7656.59304
2019-11-18 20:06:00,4.483,4.484,4.482,4.482,665.55408
2019-11-18 20:05:00,4.487,4.489,4.481,4.484,3338.34866
2019-11-18 20:04:00,4.486,4.488,4.483,4.488,2486.39337
2019-11-18 20:03:00,4.489,4.491,4.488,4.488,977.52646
2019-11-18 20:02:00,4.493,4.493,4.482,4.489,3407.02015
2019-11-18 20:01:00,4.5,4.5,4.495,4.495,5203.10784
2019-11-18 20:00:00,4.504,4.507,4.501,4.501,3665.08442
2019-11-18 19:59:00,4.502,4.506,4.501,4.503,1821.39574
2019-11-18 19:58:00,4.504,4.506,4.501,4.502,2301.46494
2019-11-18 19:57:00,4.497,4.505,4.497,4.505,4080.46567
2019-11-18 19:56:00,4.497,4.498,4.497,4.497,276.37059
2019-11-18 19:55:00,4.492,4.502,4.492,4.496,6086.45348
2019-11-18 19:54:00,4.491,4.492,4.49,4.492,1827.0539
2019-11-18 19:53:00,4.492,4.492,4.489,4.491,1180.99736
2019-11-18 19:52:00,4.497,4.498,4.486,4.492,7202.66141
2019-11-18 19:51:00,4.496,4.5,4.49,4.497,6674.67993
2019-11-18 19:50:00,4.502,4.505,4.482,4.496,18377.39948
2019-11-18 19:49:00,4.515,4.515,4.501,4.501,3115.44445
2019-11-18 19:48:00,4.517,4.517,4.516,4.516,470.0713
2019-11-18 19:47:00,4.519,4.519,4.517,4.517,222.87686
2019-11-18 19:46:00,4.521,4.522,4.519,4.52,1065.51245
2019-11-18 19:45:00,4.517,4.521,4.517,4.52,1129.33008
2019-11-18 19:44:00,4.52,4.521,4.518,4.519,1516.20803
2019-11-18 19:43:00,4.523,4.523,4.52,4.52,250.21071
2019-11-18 19:42:00,4.518,4.523,4.518,4.523,312.6964
2019-11-18 19:41:00,4.52,4.52,4.517,4.518,806.86896
2019-11-18 19:40:00,4.52,4.521,4.52,4.52,177.46506
2019-11-18 19:39:00,4.526,4.527,4.521,4.521,3015.55078
2019-11-18 19:38:00,4.523,4.528,4.523,4.525,3669.23146
2019-11-18 19:37:00,4.533,4.533,4.523,4.523,5001.08521
2019-11-18 19:36:00,4.532,4.534,4.532,4.534,1587.74872
2019-11-18 19:35:00,4.531,4.533,4.531,4.532,1608.22812
2019-11-18 19:34:00,4.529,4.53,4.529,4.53,34.93719
2019-11-18 19:33:00,4.528,4.528,4.528,4.528,657.73599
2019-11-18 19:32:00,4.52,4.529,4.519,4.529,1481.23414
2019-11-18 19:31:00,4.52,4.52,4.517,4.52,1795.61926
2019-11-18 19:30:00,4.52,4.52,4.517,4.52,568.97367
2019-11-18 19:29:00,4.52,4.52,4.52,4.52,5.96573
2019-11-18 19:28:00,4.521,4.521,4.52,4.52,113.02548
2019-11-18 19:27:00,4.52,4.522,4.52,4.522,2992.54726
2019-11-18 19:26:00,4.52,4.52,4.519,4.52,1158.10685
2019-11-18 19:25:00,4.519,4.524,4.519,4.521,823.76271
2019-11-18 19:24:00,4.525,4.525,4.519,4.519,3661.2769
2019-11-18 19:23:00,4.53,4.532,4.527,4.527,1755.05645
2019-11-18 19:22:00,4.526,4.535,4.526,4.53,4092.27428
2019-11-18 19:21:00,4.526,4.526,4.526,4.526,51.09907
2019-11-18 19:20:00,4.529,4.529,4.525,4.526,635.42691
2019-11-18 19:19:00,4.532,4.532,4.53,4.53,607.33393
2019-11-18 19:18:00,4.532,4.534,4.531,4.534,1786.13998
2019-11-18 19:17:00,4.533,4.534,4.532,4.532,1167.24731
2019-11-18 19:16:00,4.533,4.533,4.529,4.532,1935.43404
2019-11-18 19:15:00,4.534,4.534,4.526,4.53,1401.31836
2019-11-18 19:14:00,4.536,4.536,4.533,4.533,592.68136
2019-11-18 19:13:00,4.537,4.541,4.536,4.536,2084.76705
2019-11-18 19:12:00,4.535,4.542,4.533,4.536,16095.38813
2019-11-18 19:11:00,4.525,4.535,4.524,4.535,9809.26178
2019-11-18 19:10:00,4.529,4.529,4.527,4.527,174.41497
2019-11-18 19:09:00,4.524,4.53,4.523,4.529,1970.83637
2019-11-18 19:08:00,4.513,4.528,4.512,4.523,12150.04193
2019-11-18 19:07:00,4.517,4.517,4.505,4.512,7198.68045
2019-11-18 19:06:00,4.519,4.542,4.5,4.516,32681.26911
2019-11-18 19:05:00,4.507,4.518,4.501,4.518,9490.20554
2019-11-18 19:04:00,4.494,4.531,4.494,4.508,40211.20403
2019-11-18 19:03:00,4.434,4.53,4.425,4.493,89885.78592
2019-11-18 19:02:00,4.526,4.529,4.407,4.43,71517.74316
2019-11-18 19:01:00,4.55,4.55,4.527,4.527,10454.61152
2019-11-18 19:00:00,4.554,4.555,4.55,4.55,3639.32618
2019-11-18 18:59:00,4.558,4.559,4.551,4.555,4485.76383
2019-11-18 18:58:00,4.567,4.567,4.556,4.56,3642.82696
2019-11-18 18:57:00,4.567,4.567,4.567,4.567,392.46223
2019-11-18 18:56:00,4.57,4.57,4.566,4.567,7457.65609
2019-11-18 18:55:00,4.57,4.57,4.57,4.57,0
2019-11-18 18:54:00,4.57,4.57,4.57,4.57,367.8551
2019-11-18 18:53:00,4.57,4.57,4.569,4.57,998.70632
2019-11-18 18:52:00,4.569,4.57,4.569,4.57,221.83402
2019-11-18 18:51:00,4.57,4.57,4.57,4.57,0
2019-11-18 18:50:00,4.57,4.57,4.57,4.57,6.93669
2019-11-18 18:49:00,4.57,4.57,4.57,4.57,0
2019-11-18 18:48:00,4.57,4.57,4.568,4.57,3177.91743
2019-11-18 18:47:00,4.571,4.571,4.568,4.568,310.22518
2019-11-18 18:46:00,4.571,4.571,4.57,4.571,387.72984
2019-11-18 18:45:00,4.572,4.573,4.571,4.572,3463.2981
2019-11-18 18:44:00,4.573,4.573,4.57,4.573,1100.38449
2019-11-18 18:43:00,4.575,4.576,4.571,4.573,277.89545
2019-11-18 18:42:00,4.575,4.575,4.575,4.575,21.50814
2019-11-18 18:41:00,4.575,4.575,4.575,4.575,18.08368
2019-11-18 18:40:00,4.575,4.576,4.575,4.576,3171.41081
2019-11-18 18:39:00,4.575,4.576,4.574,4.575,1798.93443
2019-11-18 18:38:00,4.569,4.575,4.569,4.574,1927.84642
2019-11-18 18:37:00,4.567,4.567,4.567,4.567,4.98905
2019-11-18 18:36:00,4.568,4.568,4.566,4.566,1727.16222
2019-11-18 18:35:00,4.571,4.571,4.567,4.569,824.70354
2019-11-18 18:34:00,4.576,4.577,4.567,4.571,7184.65864
2019-11-18 18:33:00,4.577,4.577,4.576,4.576,13.29292
2019-11-18 18:32:00,4.576,4.577,4.576,4.577,295.54236
2019-11-18 18:31:00,4.579,4.579,4.576,4.576,943.50499
2019-11-18 18:30:00,4.58,4.58,4.578,4.579,161.2761
2019-11-18 18:29:00,4.581,4.581,4.581,4.581,225.44533
2019-11-18 18:28:00,4.581,4.581,4.58,4.58,267.24542
2019-11-18 18:27:00,4.581,4.583,4.581,4.581,1259.82667
2019-11-18 18:26:00,4.583,4.583,4.578,4.583,1773.98489
2019-11-18 18:25:00,4.589,4.589,4.583,4.583,2496.03318
2019-11-18 18:24:00,4.588,4.59,4.587,4.589,1694.23966
2019-11-18 18:23:00,4.588,4.588,4.587,4.587,352.59935
2019-11-18 18:22:00,4.59,4.59,4.588,4.588,4269.20319
2019-11-18 18:21:00,4.59,4.59,4.589,4.59,5841.82469
2019-11-18 18:20:00,4.594,4.595,4.588,4.59,6824.98248
2019-11-18 18:19:00,4.587,4.594,4.587,4.594,1544.59179
2019-11-18 18:18:00,4.586,4.587,4.586,4.587,134.53912
2019-11-18 18:17:00,4.587,4.588,4.587,4.587,1530.98191
2019-11-18 18:16:00,4.584,4.585,4.584,4.585,1697.376
2019-11-18 18:15:00,4.588,4.589,4.586,4.586,478.91402
2019-11-18 18:14:00,4.587,4.587,4.587,4.587,0.64023
2019-11-18 18:13:00,4.587,4.587,4.587,4.587,1.42375
2019-11-18 18:12:00,4.588,4.588,4.587,4.587,1760.17243
2019-11-18 18:11:00,4.586,4.588,4.586,4.588,71.95015
2019-11-18 18:10:00,4.585,4.586,4.585,4.586,793.86255
2019-11-18 18:09:00,4.587,4.59,4.579,4.586,5873.0334
2019-11-18 18:08:00,4.587,4.588,4.587,4.588,218.88815
2019-11-18 18:07:00,4.588,4.588,4.587,4.587,275.27941
2019-11-18 18:06:00,4.587,4.587,4.587,4.587,0
2019-11-18 18:05:00,4.587,4.587,4.586,4.587,538.84868
2019-11-18 18:04:00,4.591,4.591,4.587,4.587,2001.43236
2019-11-18 18:03:00,4.591,4.592,4.59,4.591,6.61028
2019-11-18 18:02:00,4.591,4.591,4.591,4.591,1643.29398
2019-11-18 18:01:00,4.591,4.591,4.59,4.591,402.61328
2019-11-18 18:00:00,4.595,4.595,4.593,4.593,310.71804
2019-11-18 17:59:00,4.592,4.594,4.592,4.594,351.65436
2019-11-18 17:58:00,4.592,4.592,4.592,4.592,4.03177
2019-11-18 17:57:00,4.591,4.593,4.591,4.592,504.19565
2019-11-18 17:56:00,4.589,4.59,4.589,4.59,274.13199
2019-11-18 17:55:00,4.588,4.593,4.587,4.593,1027.91567
2019-11-18 17:54:00,4.584,4.585,4.584,4.585,826.13249
2019-11-18 17:53:00,4.584,4.584,4.584,4.584,0
2019-11-18 17:52:00,4.584,4.584,4.584,4.584,408.38455
2019-11-18 17:51:00,4.593,4.593,4.583,4.585,9602.43416
2019-11-18 17:50:00,4.601,4.601,4.593,4.593,1273.72419
2019-11-18 17:49:00,4.601,4.601,4.601,4.601,0.03483
2019-11-18 17:48:00,4.601,4.602,4.601,4.602,578.92543
2019-11-18 17:47:00,4.602,4.602,4.601,4.601,0.14929
2019-11-18 17:46:00,4.602,4.602,4.602,4.602,0.05108
2019-11-18 17:45:00,4.603,4.603,4.602,4.602,81.5582
2019-11-18 17:44:00,4.602,4.602,4.602,4.602,19.63634
2019-11-18 17:43:00,4.602,4.602,4.602,4.602,5.21695
2019-11-18 17:42:00,4.602,4.603,4.602,4.602,47.28652
2019-11-18 17:41:00,4.603,4.603,4.602,4.602,152.63081
2019-11-18 17:40:00,4.604,4.604,4.603,4.603,6.32746
2019-11-18 17:39:00,4.604,4.604,4.604,4.604,5.43007
2019-11-18 17:38:00,4.606,4.606,4.606,4.606,0
2019-11-18 17:37:00,4.599,4.606,4.599,4.606,388.6007
2019-11-18 17:36:00,4.599,4.599,4.599,4.599,3.62568
2019-11-18 17:35:00,4.599,4.599,4.599,4.599,2.42721
2019-11-18 17:34:00,4.6,4.6,4.599,4.599,1050.73684
2019-11-18 17:33:00,4.599,4.599,4.599,4.599,826.90999
2019-11-18 17:32:00,4.598,4.601,4.598,4.601,42.53511
2019-11-18 17:31:00,4.598,4.598,4.598,4.598,2.24717
2019-11-18 17:30:00,4.598,4.598,4.598,4.598,33.35194
2019-11-18 17:29:00,4.598,4.598,4.598,4.598,5.09575
2019-11-18 17:28:00,4.6,4.6,4.598,4.598,35.09255
2019-11-18 17:27:00,4.6,4.601,4.6,4.6,12.26375
2019-11-18 17:26:00,4.601,4.601,4.6,4.6,5.26352
2019-11-18 17:25:00,4.602,4.602,4.601,4.601,1184.60949
2019-11-18 17:24:00,4.6,4.6,4.6,4.6,0
2019-11-18 17:23:00,4.599,4.6,4.599,4.6,4.60606
2019-11-18 17:22:00,4.599,4.599,4.599,4.599,0
2019-11-18 17:21:00,4.599,4.599,4.599,4.599,397.57667
2019-11-18 17:20:00,4.599,4.6,4.599,4.6,43.46881
2019-11-18 17:19:00,4.599,4.599,4.599,4.599,438.86916
2019-11-18 17:18:00,4.604,4.605,4.602,4.602,447.65153
2019-11-18 17:17:00,4.603,4.603,4.603,4.603,10.32081
2019-11-18 17:16:00,4.602,4.603,4.602,4.603,1664.61234
2019-11-18 17:15:00,4.603,4.604,4.603,4.603,714.56691
2019-11-18 17:14:00,4.6,4.604,4.6,4.603,1502.04541
2019-11-18 17:13:00,4.602,4.603,4.602,4.602,1782.46315
2019-11-18 17:12:00,4.602,4.602,4.602,4.602,3.12304
2019-11-18 17:11:00,4.602,4.602,4.601,4.601,386.88058
2019-11-18 17:10:00,4.602,4.602,4.602,4.602,12.73683
2019-11-18 17:09:00,4.607,4.607,4.598,4.602,999.48566
2019-11-18 17:08:00,4.606,4.607,4.606,4.606,333.31045
2019-11-18 17:07:00,4.604,4.606,4.603,4.606,9.44768
2019-11-18 17:06:00,4.604,4.604,4.603,4.603,3.36804
2019-11-18 17:05:00,4.603,4.604,4.602,4.603,1416.36491
2019-11-18 17:04:00,4.6,4.604,4.6,4.604,677.64919
2019-11-18 17:03:00,4.599,4.6,4.599,4.6,4.94484
2019-11-18 17:02:00,4.603,4.603,4.599,4.6,3066.30514
2019-11-18 17:01:00,4.608,4.608,4.603,4.604,5768.03782
2019-11-18 17:00:00,4.609,4.609,4.607,4.607,685.55089
2019-11-18 16:59:00,4.607,4.61,4.607,4.61,1054.55839
2019-11-18 16:58:00,4.606,4.606,4.606,4.606,163.10016
2019-11-18 16:57:00,4.606,4.607,4.606,4.607,1275.09567
2019-11-18 16:56:00,4.602,4.607,4.602,4.607,1062.96989
2019-11-18 16:55:00,4.602,4.602,4.602,4.602,0.26786
2019-11-18 16:54:00,4.603,4.603,4.602,4.603,1193.53326
2019-11-18 16:53:00,4.604,4.604,4.604,4.604,1122.46451
2019-11-18 16:52:00,4.604,4.604,4.604,4.604,0
2019-11-18 16:51:00,4.605,4.605,4.604,4.604,462.22526
2019-11-18 16:50:00,4.606,4.606,4.606,4.606,34.36403
2019-11-18 16:49:00,4.612,4.612,4.608,4.608,2218.81722
2019-11-18 16:48:00,4.614,4.615,4.613,4.613,552.39587
2019-11-18 16:47:00,4.612,4.617,4.612,4.615,2637.02946
2019-11-18 16:46:00,4.612,4.614,4.612,4.613,1916.61538
2019-11-18 16:45:00,4.609,4.617,4.608,4.611,3933.47326
2019-11-18 16:44:00,4.608,4.61,4.608,4.609,356.39157
2019-11-18 16:43:00,4.603,4.609,4.603,4.606,1283.99835
2019-11-18 16:42:00,4.604,4.604,4.603,4.603,1308.37471
2019-11-18 16:41:00,4.604,4.605,4.603,4.604,568.52393
2019-11-18 16:40:00,4.604,4.604,4.604,4.604,0.65074
2019-11-18 16:39:00,4.604,4.604,4.604,4.604,0.67445
2019-11-18 16:38:00,4.604,4.604,4.604,4.604,0.04118
2019-11-18 16:37:00,4.604,4.604,4.604,4.604,0
2019-11-18 16:36:00,4.603,4.605,4.602,4.604,334.63073
2019-11-18 16:35:00,4.603,4.603,4.602,4.603,59.73058
2019-11-18 16:34:00,4.602,4.603,4.601,4.602,653.39752
2019-11-18 16:33:00,4.602,4.602,4.601,4.602,17.25479
2019-11-18 16:32:00,4.602,4.602,4.601,4.602,0.45795
2019-11-18 16:31:00,4.603,4.603,4.601,4.601,806.32239
2019-11-18 16:30:00,4.6,4.602,4.6,4.602,700.18497
2019-11-18 16:29:00,4.599,4.599,4.599,4.599,148.145
2019-11-18 16:28:00,4.599,4.599,4.599,4.599,172.14381
2019-11-18 16:27:00,4.599,4.599,4.599,4.599,217.67218
2019-11-18 16:26:00,4.599,4.599,4.599,4.599,7.74507
2019-11-18 16:25:00,4.599,4.599,4.599,4.599,0
2019-11-18 16:24:00,4.599,4.599,4.599,4.599,102.38236
2019-11-18 16:23:00,4.598,4.599,4.598,4.599,274.1477
2019-11-18 16:22:00,4.599,4.601,4.599,4.601,415.612
2019-11-18 16:21:00,4.6,4.6,4.6,4.6,0
2019-11-18 16:20:00,4.599,4.6,4.599,4.6,446.44851
2019-11-18 16:19:00,4.599,4.599,4.599,4.599,777.80754
2019-11-18 16:18:00,4.599,4.599,4.599,4.599,254.2606
2019-11-18 16:17:00,4.598,4.599,4.598,4.599,232.71798
2019-11-18 16:16:00,4.598,4.598,4.598,4.598,2253.08963
2019-11-18 16:15:00,4.596,4.598,4.596,4.598,1431.13543
2019-11-18 16:14:00,4.596,4.598,4.596,4.597,1019.47911
2019-11-18 16:13:00,4.596,4.596,4.596,4.596,2.79765
2019-11-18 16:12:00,4.596,4.596,4.596,4.596,2.22662
2019-11-18 16:11:00,4.596,4.596,4.596,4.596,2.08688
2019-11-18 16:10:00,4.595,4.596,4.595,4.596,3.35228
2019-11-18 16:09:00,4.595,4.595,4.595,4.595,5.9568
2019-11-18 16:08:00,4.595,4.595,4.594,4.595,155.97279
2019-11-18 16:07:00,4.595,4.595,4.595,4.595,2.90043
2019-11-18 16:06:00,4.597,4.597,4.593,4.595,219.00887
2019-11-18 16:05:00,4.598,4.598,4.598,4.598,0.65486
2019-11-18 16:04:00,4.597,4.597,4.597,4.597,13.71656
2019-11-18 16:03:00,4.599,4.599,4.595,4.597,1923.68697
2019-11-18 16:02:00,4.599,4.599,4.599,4.599,0.33512
2019-11-18 16:01:00,4.602,4.602,4.599,4.599,1864.00245
2019-11-18 16:00:00,4.602,4.602,4.602,4.602,0.38938
2019-11-18 15:59:00,4.601,4.602,4.601,4.602,515.14573
2019-11-18 15:58:00,4.6,4.602,4.6,4.602,716.22477
2019-11-18 15:57:00,4.6,4.6,4.6,4.6,0
2019-11-18 15:56:00,4.598,4.601,4.598,4.6,3443.12076
2019-11-18 15:55:00,4.597,4.598,4.597,4.598,624.69295
2019-11-18 15:54:00,4.598,4.598,4.598,4.598,166.6935
2019-11-18 15:53:00,4.597,4.597,4.597,4.597,0
2019-11-18 15:52:00,4.597,4.597,4.597,4.597,0
2019-11-18 15:51:00,4.6,4.6,4.597,4.597,582.17226
2019-11-18 15:50:00,4.598,4.6,4.598,4.6,2190.63478
2019-11-18 15:49:00,4.597,4.599,4.597,4.598,442.82441
2019-11-18 15:48:00,4.594,4.594,4.594,4.594,0
2019-11-18 15:47:00,4.593,4.594,4.591,4.594,945.83739
2019-11-18 15:46:00,4.592,4.593,4.592,4.592,915.86167
2019-11-18 15:45:00,4.597,4.597,4.592,4.592,2770.09453
2019-11-18 15:44:00,4.59,4.597,4.59,4.597,2091.49817
2019-11-18 15:43:00,4.593,4.593,4.59,4.59,2633.84265
2019-11-18 15:42:00,4.598,4.598,4.593,4.593,446.70693
2019-11-18 15:41:00,4.593,4.598,4.592,4.598,996.51091
2019-11-18 15:40:00,4.597,4.598,4.593,4.593,1084.63386
2019-11-18 15:39:00,4.596,4.597,4.596,4.597,15.59722
2019-11-18 15:38:00,4.596,4.596,4.596,4.596,0.39864
2019-11-18 15:37:00,4.597,4.598,4.596,4.596,2819.57346
2019-11-18 15:36:00,4.596,4.596,4.595,4.596,4.4867
2019-11-18 15:35:00,4.602,4.602,4.596,4.596,1605.70202
2019-11-18 15:34:00,4.603,4.603,4.601,4.602,930.94008
2019-11-18 15:33:00,4.601,4.603,4.595,4.603,409.13648
2019-11-18 15:32:00,4.604,4.604,4.599,4.599,404.34495
2019-11-18 15:31:00,4.6,4.604,4.596,4.604,2159.32455
2019-11-18 15:30:00,4.603,4.603,4.6,4.601,27.50043
2019-11-18 15:29:00,4.6,4.604,4.6,4.604,1297.24923
2019-11-18 15:28:00,4.595,4.598,4.591,4.598,1685.19402
2019-11-18 15:27:00,4.597,4.597,4.591,4.595,2929.24297
2019-11-18 15:26:00,4.599,4.599,4.596,4.597,2716.1184
2019-11-18 15:25:00,4.601,4.601,4.6,4.6,259.27901
2019-11-18 15:24:00,4.6,4.602,4.599,4.602,1876.34155
2019-11-18 15:23:00,4.6,4.6,4.6,4.6,262.95699
2019-11-18 15:22:00,4.601,4.601,4.601,4.601,0
2019-11-18 15:21:00,4.603,4.603,4.6,4.601,127.3033
2019-11-18 15:20:00,4.607,4.607,4.604,4.604,2616.70042
2019-11-18 15:19:00,4.609,4.614,4.607,4.608,1950.31868
2019-11-18 15:18:00,4.609,4.609,4.609,4.609,373.38012
2019-11-18 15:17:00,4.604,4.609,4.604,4.609,1719.2702
2019-11-18 15:16:00,4.601,4.605,4.597,4.605,2254.252
2019-11-18 15:15:00,4.604,4.608,4.604,4.604,1912.51526
2019-11-18 15:14:00,4.606,4.606,4.603,4.603,811.17176
2019-11-18 15:13:00,4.607,4.607,4.606,4.606,1130.97996
2019-11-18 15:12:00,4.611,4.611,4.606,4.607,574.89456
2019-11-18 15:11:00,4.611,4.611,4.611,4.611,1.20336
2019-11-18 15:10:00,4.611,4.611,4.61,4.61,124.72972
2019-11-18 15:09:00,4.609,4.611,4.609,4.611,439.82913
2019-11-18 15:08:00,4.603,4.611,4.603,4.611,1919.05903
2019-11-18 15:07:00,4.605,4.605,4.601,4.602,557.01594
2019-11-18 15:06:00,4.598,4.605,4.598,4.605,497.03068
2019-11-18 15:05:00,4.597,4.598,4.597,4.598,599.47277
2019-11-18 15:04:00,4.597,4.597,4.597,4.597,1.74506
2019-11-18 15:03:00,4.597,4.597,4.597,4.597,1.06971
2019-11-18 15:02:00,4.597,4.597,4.597,4.597,1.51375
2019-11-18 15:01:00,4.597,4.597,4.597,4.597,198.54549
2019-11-18 15:00:00,4.597,4.597,4.596,4.597,1411.56326
2019-11-18 14:59:00,4.598,4.598,4.597,4.597,1022.02156
2019-11-18 14:58:00,4.598,4.599,4.598,4.599,200.03403
2019-11-18 14:57:00,4.6,4.6,4.599,4.599,112.42472
2019-11-18 14:56:00,4.598,4.6,4.598,4.599,1932.31371
2019-11-18 14:55:00,4.597,4.597,4.597,4.597,1044.88325
2019-11-18 14:54:00,4.597,4.597,4.597,4.597,269.52644
2019-11-18 14:53:00,4.596,4.596,4.596,4.596,1639.33259
2019-11-18 14:52:00,4.596,4.596,4.596,4.596,402.07922
2019-11-18 14:51:00,4.604,4.604,4.597,4.598,1146.59181
2019-11-18 14:50:00,4.605,4.605,4.605,4.605,0
2019-11-18 14:49:00,4.605,4.605,4.605,4.605,90.06363
2019-11-18 14:48:00,4.605,4.605,4.605,4.605,0
2019-11-18 14:47:00,4.605,4.605,4.605,4.605,101.60552
2019-11-18 14:46:00,4.601,4.604,4.601,4.604,323.34584
2019-11-18 14:45:00,4.601,4.601,4.6,4.601,47.36259
2019-11-18 14:44:00,4.601,4.601,4.601,4.601,17.732
2019-11-18 14:43:00,4.602,4.602,4.6,4.601,949.79021
2019-11-18 14:42:00,4.603,4.603,4.603,4.603,135.5745
2019-11-18 14:41:00,4.604,4.604,4.603,4.603,201.32668
2019-11-18 14:40:00,4.603,4.604,4.603,4.604,210.27649
2019-11-18 14:39:00,4.602,4.603,4.602,4.603,173.90514
2019-11-18 14:38:00,4.603,4.603,4.602,4.602,2601.99361
2019-11-18 14:37:00,4.601,4.602,4.601,4.602,29.31377
2019-11-18 14:36:00,4.6,4.6,4.6,4.6,4.77269
2019-11-18 14:35:00,4.601,4.601,4.601,4.601,742.36869
2019-11-18 14:34:00,4.6,4.602,4.6,4.602,1519.374
2019-11-18 14:33:00,4.599,4.599,4.599,4.599,0
2019-11-18 14:32:00,4.601,4.601,4.599,4.599,1296.07495
2019-11-18 14:31:00,4.597,4.601,4.591,4.601,2164.61533
2019-11-18 14:30:00,4.595,4.599,4.594,4.597,2200.23848
2019-11-18 14:29:00,4.593,4.596,4.593,4.596,3045.90732
2019-11-18 14:28:00,4.593,4.593,4.59,4.593,2817.61272
2019-11-18 14:27:00,4.601,4.605,4.595,4.595,3468.02948
2019-11-18 14:26:00,4.602,4.603,4.6,4.6,876.73169
2019-11-18 14:25:00,4.609,4.609,4.602,4.602,3168.03499
2019-11-18 14:24:00,4.616,4.616,4.606,4.608,1973.70624
2019-11-18 14:23:00,4.616,4.617,4.616,4.617,247.88785
2019-11-18 14:22:00,4.617,4.617,4.616,4.616,802.76384
2019-11-18 14:21:00,4.618,4.618,4.617,4.617,4
2019-11-18 14:20:00,4.616,4.616,4.616,4.616,591.95968
2019-11-18 14:19:00,4.622,4.623,4.616,4.617,1368.62653
2019-11-18 14:18:00,4.622,4.622,4.622,4.622,311.94387
2019-11-18 14:17:00,4.622,4.622,4.622,4.622,2
2019-11-18 14:16:00,4.622,4.622,4.622,4.622,290.90424
2019-11-18 14:15:00,4.622,4.622,4.622,4.622,0
2019-11-18 14:14:00,4.624,4.624,4.62,4.622,5135.40514
2019-11-18 14:13:00,4.624,4.625,4.624,4.625,207.9947
2019-11-18 14:12:00,4.624,4.624,4.622,4.624,1069.0621
2019-11-18 14:11:00,4.623,4.623,4.623,4.623,1474.42452
2019-11-18 14:10:00,4.621,4.621,4.621,4.621,4.25967
2019-11-18 14:09:00,4.621,4.621,4.621,4.621,357.75696
2019-11-18 14:08:00,4.62,4.621,4.62,4.621,70.82466
2019-11-18 14:07:00,4.621,4.621,4.621,4.621,0.10612
2019-11-18 14:06:00,4.62,4.62,4.62,4.62,0.01
2019-11-18 14:05:00,4.619,4.62,4.619,4.619,92.89458
2019-11-18 14:04:00,4.619,4.619,4.618,4.618,94.14025
2019-11-18 14:03:00,4.62,4.621,4.618,4.618,600.48835
2019-11-18 14:02:00,4.62,4.62,4.62,4.62,1.74923
2019-11-18 14:01:00,4.62,4.62,4.62,4.62,0.65219
2019-11-18 14:00:00,4.62,4.62,4.62,4.62,0
2019-11-18 13:59:00,4.621,4.621,4.62,4.62,1214.97161
2019-11-18 13:58:00,4.621,4.621,4.621,4.621,1213.54119
2019-11-18 13:57:00,4.621,4.622,4.621,4.622,357.61465
2019-11-18 13:56:00,4.621,4.621,4.62,4.621,2241.85032
2019-11-18 13:55:00,4.622,4.622,4.618,4.619,158.72842
2019-11-18 13:54:00,4.622,4.622,4.622,4.622,0
2019-11-18 13:53:00,4.622,4.622,4.622,4.622,276.76163
2019-11-18 13:52:00,4.623,4.623,4.623,4.623,550.0542
2019-11-18 13:51:00,4.621,4.622,4.621,4.622,338.97875
2019-11-18 13:50:00,4.62,4.62,4.618,4.62,995.97257
2019-11-18 13:49:00,4.618,4.619,4.618,4.619,2065.19564
2019-11-18 13:48:00,4.618,4.618,4.617,4.617,678.46469
2019-11-18 13:47:00,4.618,4.618,4.618,4.618,3.35097
2019-11-18 13:46:00,4.618,4.618,4.618,4.618,0
2019-11-18 13:45:00,4.618,4.618,4.618,4.618,0
2019-11-18 13:44:00,4.618,4.618,4.618,4.618,11.95541
2019-11-18 13:43:00,4.618,4.618,4.617,4.617,0.95954
2019-11-18 13:42:00,4.618,4.619,4.618,4.618,1881.2051
2019-11-18 13:41:00,4.617,4.618,4.617,4.618,980.72241
2019-11-18 13:40:00,4.617,4.618,4.616,4.616,383.86405
2019-11-18 13:39:00,4.619,4.619,4.617,4.617,1817.31223
2019-11-18 13:38:00,4.619,4.619,4.619,4.619,2.17357
2019-11-18 13:37:00,4.618,4.619,4.618,4.619,155.08933
2019-11-18 13:36:00,4.618,4.618,4.618,4.618,1.05159
2019-11-18 13:35:00,4.618,4.618,4.618,4.618,2.96659
2019-11-18 13:34:00,4.618,4.618,4.618,4.618,1.73767
2019-11-18 13:33:00,4.618,4.618,4.618,4.618,0.87654
2019-11-18 13:32:00,4.616,4.618,4.616,4.618,1312.48498
2019-11-18 13:31:00,4.616,4.616,4.616,4.616,487.29673
2019-11-18 13:30:00,4.615,4.616,4.615,4.616,2020.06189
2019-11-18 13:29:00,4.614,4.614,4.614,4.614,0
2019-11-18 13:28:00,4.614,4.614,4.614,4.614,0
2019-11-18 13:27:00,4.615,4.615,4.614,4.614,501.97579
2019-11-18 13:26:00,4.615,4.615,4.614,4.614,2556.61683
2019-11-18 13:25:00,4.613,4.614,4.612,4.614,3208.07484
2019-11-18 13:24:00,4.613,4.613,4.613,4.613,0
2019-11-18 13:23:00,4.613,4.613,4.613,4.613,0
2019-11-18 13:22:00,4.616,4.616,4.613,4.613,2985.74905
2019-11-18 13:21:00,4.615,4.616,4.614,4.616,696.40664
2019-11-18 13:20:00,4.614,4.616,4.614,4.616,2414.07971
2019-11-18 13:19:00,4.614,4.614,4.614,4.614,2366.34671
2019-11-18 13:18:00,4.614,4.614,4.614,4.614,0
2019-11-18 13:17:00,4.615,4.615,4.613,4.614,355.31714
2019-11-18 13:16:00,4.615,4.616,4.615,4.616,310.59506
2019-11-18 13:15:00,4.615,4.615,4.614,4.614,3050.8791
2019-11-18 13:14:00,4.617,4.617,4.614,4.614,67.91044
2019-11-18 13:13:00,4.617,4.617,4.617,4.617,0.66439
2019-11-18 13:12:00,4.617,4.617,4.617,4.617,0.52819
2019-11-18 13:11:00,4.618,4.619,4.617,4.617,1764.58227
2019-11-18 13:10:00,4.616,4.62,4.616,4.619,4935.67402
2019-11-18 13:09:00,4.618,4.618,4.616,4.616,987.44619
2019-11-18 13:08:00,4.621,4.622,4.618,4.618,241.51699
2019-11-18 13:07:00,4.621,4.622,4.621,4.621,242.66417
2019-11-18 13:06:00,4.621,4.621,4.621,4.621,0.12279
2019-11-18 13:05:00,4.621,4.622,4.62,4.621,1452.9405
2019-11-18 13:04:00,4.618,4.622,4.618,4.622,564.51004
2019-11-18 13:03:00,4.62,4.62,4.618,4.619,644.39755
2019-11-18 13:02:00,4.614,4.62,4.614,4.62,1491.69899
2019-11-18 13:01:00,4.614,4.617,4.614,4.615,3697.88518
2019-11-18 13:00:00,4.618,4.618,4.611,4.615,7045.23967
2019-11-18 12:59:00,4.618,4.619,4.618,4.619,4128.03911
2019-11-18 12:58:00,4.62,4.623,4.62,4.621,1146.73694
2019-11-18 12:57:00,4.621,4.624,4.619,4.619,1232.0438
2019-11-18 12:56:00,4.616,4.622,4.615,4.621,868.80604
2019-11-18 12:55:00,4.613,4.616,4.613,4.615,2099.8693
2019-11-18 12:54:00,4.612,4.612,4.612,4.612,0
2019-11-18 12:53:00,4.612,4.612,4.612,4.612,24.58858
2019-11-18 12:52:00,4.612,4.612,4.612,4.612,0
2019-11-18 12:51:00,4.611,4.613,4.61,4.612,2614.2545
2019-11-18 12:50:00,4.607,4.611,4.607,4.611,818.1748
2019-11-18 12:49:00,4.607,4.607,4.607,4.607,0
2019-11-18 12:48:00,4.607,4.607,4.607,4.607,0
2019-11-18 12:47:00,4.607,4.607,4.607,4.607,0
2019-11-18 12:46:00,4.608,4.608,4.607,4.607,1175.42664
2019-11-18 12:45:00,4.607,4.608,4.607,4.608,1563.05117
2019-11-18 12:44:00,4.606,4.606,4.606,4.606,0.33376
2019-11-18 12:43:00,4.606,4.606,4.606,4.606,0.42523
2019-11-18 12:42:00,4.606,4.607,4.606,4.606,1977.46809
2019-11-18 12:41:00,4.609,4.61,4.604,4.605,1507.99897
2019-11-18 12:40:00,4.61,4.61,4.609,4.609,663.08188
2019-11-18 12:39:00,4.612,4.613,4.61,4.61,529.12507
2019-11-18 12:38:00,4.612,4.612,4.612,4.612,0.44283
2019-11-18 12:37:00,4.612,4.614,4.612,4.612,577.96029
2019-11-18 12:36:00,4.613,4.613,4.612,4.612,450.86361
2019-11-18 12:35:00,4.614,4.614,4.613,4.613,842.36526
2019-11-18 12:34:00,4.615,4.615,4.613,4.614,1511.86827
2019-11-18 12:33:00,4.615,4.616,4.615,4.616,224.52336
2019-11-18 12:32:00,4.617,4.617,4.615,4.615,317.53956
2019-11-18 12:31:00,4.614,4.616,4.614,4.615,1259.56658
2019-11-18 12:30:00,4.618,4.618,4.615,4.615,2485.57618
2019-11-18 12:29:00,4.619,4.619,4.619,4.619,0
2019-11-18 12:28:00,4.619,4.619,4.619,4.619,0
2019-11-18 12:27:00,4.619,4.619,4.619,4.619,0
2019-11-18 12:26:00,4.619,4.619,4.619,4.619,0
2019-11-18 12:25:00,4.619,4.619,4.619,4.619,0
2019-11-18 12:24:00,4.618,4.619,4.617,4.619,2127.48858
2019-11-18 12:23:00,4.617,4.618,4.617,4.618,2617.9753
2019-11-18 12:22:00,4.616,4.616,4.616,4.616,12.565
2019-11-18 12:21:00,4.617,4.617,4.616,4.616,224.53638
2019-11-18 12:20:00,4.618,4.618,4.617,4.617,1958.22898
2019-11-18 12:19:00,4.619,4.62,4.618,4.618,1848.21178
2019-11-18 12:18:00,4.618,4.618,4.617,4.618,518.28125
2019-11-18 12:17:00,4.618,4.618,4.618,4.618,228.4584
2019-11-18 12:16:00,4.621,4.621,4.62,4.62,408.41467
2019-11-18 12:15:00,4.624,4.624,4.619,4.621,4201.42004
2019-11-18 12:14:00,4.621,4.626,4.62,4.623,3380.16335
2019-11-18 12:13:00,4.623,4.623,4.621,4.621,128.86695
2019-11-18 12:12:00,4.623,4.623,4.623,4.623,3.47289
2019-11-18 12:11:00,4.626,4.626,4.623,4.623,250.28
2019-11-18 12:10:00,4.626,4.627,4.626,4.626,420.07579
2019-11-18 12:09:00,4.626,4.626,4.626,4.626,0.89607
2019-11-18 12:08:00,4.626,4.626,4.626,4.626,1680.66872
2019-11-18 12:07:00,4.628,4.628,4.624,4.624,3060.743
2019-11-18 12:06:00,4.623,4.626,4.623,4.626,1333.62142
2019-11-18 12:05:00,4.622,4.622,4.622,4.622,0
2019-11-18 12:04:00,4.621,4.622,4.621,4.622,224.6607
2019-11-18 12:03:00,4.622,4.622,4.621,4.621,1684.40965
2019-11-18 12:02:00,4.621,4.621,4.621,4.621,130.30804
2019-11-18 12:01:00,4.619,4.622,4.616,4.621,2830.20193
2019-11-18 12:00:00,4.621,4.621,4.621,4.621,0
2019-11-18 11:59:00,4.622,4.622,4.62,4.621,964.68667
2019-11-18 11:58:00,4.622,4.622,4.622,4.622,665.48676
2019-11-18 11:57:00,4.618,4.621,4.616,4.621,2168.64667
2019-11-18 11:56:00,4.618,4.618,4.616,4.618,965.5684
2019-11-18 11:55:00,4.616,4.62,4.614,4.618,3867.40201
2019-11-18 11:54:00,4.613,4.617,4.613,4.616,2237.31494
2019-11-18 11:53:00,4.61,4.61,4.61,4.61,210.1896
2019-11-18 11:52:00,4.609,4.61,4.609,4.61,213.37818
2019-11-18 11:51:00,4.602,4.608,4.602,4.608,565.10653
2019-11-18 11:50:00,4.602,4.602,4.602,4.602,260.86075
2019-11-18 11:49:00,4.603,4.603,4.602,4.602,197.38056
2019-11-18 11:48:00,4.6,4.602,4.6,4.602,527.4217
2019-11-18 11:47:00,4.602,4.602,4.602,4.602,0
2019-11-18 11:46:00,4.602,4.602,4.6,4.602,2195.13955
2019-11-18 11:45:00,4.603,4.603,4.603,4.603,255.11955
2019-11-18 11:44:00,4.602,4.604,4.602,4.603,1313.13392
2019-11-18 11:43:00,4.602,4.602,4.602,4.602,5.33648
2019-11-18 11:42:00,4.6,4.602,4.6,4.602,188.8703
2019-11-18 11:41:00,4.6,4.6,4.6,4.6,6.94225
2019-11-18 11:40:00,4.6,4.6,4.6,4.6,173.60272
2019-11-18 11:39:00,4.6,4.6,4.6,4.6,1.33025
2019-11-18 11:38:00,4.598,4.599,4.598,4.599,2674.56238
2019-11-18 11:37:00,4.599,4.599,4.594,4.597,618.98274
2019-11-18 11:36:00,4.598,4.599,4.598,4.599,571.35762
2019-11-18 11:35:00,4.598,4.598,4.597,4.597,2725.56348
2019-11-18 11:34:00,4.6,4.6,4.599,4.599,189.00587
2019-11-18 11:33:00,4.6,4.601,4.599,4.6,1516.49041
2019-11-18 11:32:00,4.602,4.602,4.601,4.601,1674.65609
2019-11-18 11:31:00,4.599,4.601,4.599,4.601,903.51334
2019-11-18 11:30:00,4.6,4.6,4.599,4.599,3298.79047
2019-11-18 11:29:00,4.599,4.599,4.599,4.599,0
2019-11-18 11:28:00,4.597,4.599,4.591,4.599,901.19155
2019-11-18 11:27:00,4.593,4.597,4.593,4.597,121.53421
2019-11-18 11:26:00,4.593,4.594,4.593,4.593,1492.0652
2019-11-18 11:25:00,4.593,4.595,4.593,4.594,1062.97654
2019-11-18 11:24:00,4.594,4.595,4.594,4.594,2009.53378
2019-11-18 11:23:00,4.594,4.594,4.592,4.592,725.63419
2019-11-18 11:22:00,4.594,4.594,4.594,4.594,206.90365
2019-11-18 11:21:00,4.593,4.593,4.593,4.593,267.61405
2019-11-18 11:20:00,4.593,4.593,4.593,4.593,1662.07594
2019-11-18 11:19:00,4.596,4.596,4.595,4.595,1387.42063
2019-11-18 11:18:00,4.595,4.598,4.595,4.596,5174.68141
2019-11-18 11:17:00,4.593,4.595,4.593,4.595,17.6143
2019-11-18 11:16:00,4.599,4.6,4.594,4.595,2887.41542
2019-11-18 11:15:00,4.597,4.598,4.595,4.598,652.2861
2019-11-18 11:14:00,4.597,4.598,4.597,4.597,77.1825
2019-11-18 11:13:00,4.597,4.598,4.597,4.597,75.53292
2019-11-18 11:12:00,4.597,4.598,4.597,4.597,56.11475
2019-11-18 11:11:00,4.598,4.598,4.597,4.597,40.25413
2019-11-18 11:10:00,4.598,4.599,4.597,4.598,4032.26665
2019-11-18 11:09:00,4.597,4.597,4.596,4.596,1630.1496
2019-11-18 11:08:00,4.598,4.598,4.596,4.596,994.16799
2019-11-18 11:07:00,4.598,4.598,4.598,4.598,475.28693
2019-11-18 11:06:00,4.597,4.599,4.597,4.599,1417.99542
2019-11-18 11:05:00,4.597,4.597,4.596,4.597,1384.86921
2019-11-18 11:04:00,4.597,4.599,4.596,4.597,995.82793
2019-11-18 11:03:00,4.595,4.6,4.592,4.596,2727.69612
2019-11-18 11:02:00,4.596,4.596,4.595,4.595,3769.42796
2019-11-18 11:01:00,4.595,4.597,4.593,4.597,1457.17882
2019-11-18 11:00:00,4.597,4.597,4.594,4.594,1755.71474
2019-11-18 10:59:00,4.597,4.601,4.597,4.6,1596.53099
2019-11-18 10:58:00,4.597,4.598,4.597,4.597,1939.42045
2019-11-18 10:57:00,4.595,4.595,4.595,4.595,161.26998
2019-11-18 10:56:00,4.596,4.596,4.596,4.596,365.89428
2019-11-18 10:55:00,4.596,4.597,4.596,4.597,1412.19129
2019-11-18 10:54:00,4.597,4.597,4.595,4.595,1873.51148
2019-11-18 10:53:00,4.596,4.598,4.596,4.597,1831.13622
2019-11-18 10:52:00,4.597,4.597,4.59,4.595,6138.41093
2019-11-18 10:51:00,4.593,4.599,4.593,4.598,798.1639
2019-11-18 10:50:00,4.589,4.593,4.588,4.593,3689.48048
2019-11-18 10:49:00,4.592,4.592,4.586,4.589,1921.62981
2019-11-18 10:48:00,4.593,4.594,4.589,4.594,2775.90395
2019-11-18 10:47:00,4.594,4.595,4.591,4.592,2541.8904
2019-11-18 10:46:00,4.598,4.598,4.596,4.597,673.21994
2019-11-18 10:45:00,4.6,4.602,4.597,4.598,2304.53249
2019-11-18 10:44:00,4.604,4.604,4.601,4.601,1274.26103
2019-11-18 10:43:00,4.602,4.604,4.602,4.604,210.50621
2019-11-18 10:42:00,4.603,4.603,4.6,4.601,3762.14621
2019-11-18 10:41:00,4.604,4.604,4.604,4.604,0
2019-11-18 10:40:00,4.606,4.607,4.604,4.604,838.74583
2019-11-18 10:39:00,4.605,4.606,4.605,4.606,1532.9314
2019-11-18 10:38:00,4.603,4.605,4.603,4.605,1773.0691
2019-11-18 10:37:00,4.606,4.61,4.602,4.603,1299.8037
2019-11-18 10:36:00,4.598,4.606,4.598,4.606,2130.54529
2019-11-18 10:35:00,4.602,4.602,4.599,4.599,236.75388
2019-11-18 10:34:00,4.599,4.605,4.598,4.603,1954.19397
2019-11-18 10:33:00,4.606,4.606,4.6,4.6,2382.40732
2019-11-18 10:32:00,4.61,4.61,4.605,4.607,2664.04669
2019-11-18 10:31:00,4.612,4.612,4.61,4.61,0.75363
2019-11-18 10:30:00,4.614,4.614,4.612,4.612,1136.38943
2019-11-18 10:29:00,4.615,4.615,4.614,4.615,761.77391
2019-11-18 10:28:00,4.616,4.616,4.615,4.616,448.16648
2019-11-18 10:27:00,4.617,4.617,4.613,4.616,5025.96926
2019-11-18 10:26:00,4.619,4.619,4.617,4.617,328.4208
2019-11-18 10:25:00,4.619,4.619,4.619,4.619,0.55011
2019-11-18 10:24:00,4.618,4.619,4.618,4.619,1246.14069
2019-11-18 10:23:00,4.619,4.619,4.618,4.618,0.25037
2019-11-18 10:22:00,4.618,4.619,4.618,4.619,162.9231
2019-11-18 10:21:00,4.616,4.618,4.616,4.618,896.05837
2019-11-18 10:20:00,4.616,4.616,4.615,4.616,991.98879
2019-11-18 10:19:00,4.616,4.616,4.616,4.616,0
2019-11-18 10:18:00,4.616,4.616,4.616,4.616,0
2019-11-18 10:17:00,4.617,4.617,4.616,4.616,1198.9984
2019-11-18 10:16:00,4.619,4.619,4.619,4.619,0
2019-11-18 10:15:00,4.616,4.619,4.616,4.619,775.29491
2019-11-18 10:14:00,4.617,4.617,4.616,4.617,96.30665
2019-11-18 10:13:00,4.616,4.617,4.615,4.617,56.40841
2019-11-18 10:12:00,4.616,4.616,4.616,4.616,0.38727
2019-11-18 10:11:00,4.616,4.616,4.616,4.616,0.22714
2019-11-18 10:10:00,4.615,4.616,4.615,4.616,1225.34553
2019-11-18 10:09:00,4.614,4.615,4.614,4.615,240.25046
2019-11-18 10:08:00,4.611,4.615,4.611,4.615,203.70814
2019-11-18 10:07:00,4.611,4.612,4.611,4.611,0.40432
2019-11-18 10:06:00,4.611,4.612,4.611,4.611,0.4594
2019-11-18 10:05:00,4.611,4.611,4.611,4.611,0.52346
2019-11-18 10:04:00,4.612,4.612,4.611,4.611,222.69281
2019-11-18 10:03:00,4.614,4.614,4.611,4.613,660.14927
2019-11-18 10:02:00,4.614,4.614,4.614,4.614,1295.78619
2019-11-18 10:01:00,4.614,4.614,4.613,4.613,281.70539
2019-11-18 10:00:00,4.617,4.617,4.614,4.614,1140.95561
2019-11-18 09:59:00,4.615,4.617,4.615,4.615,421.58712
2019-11-18 09:58:00,4.616,4.616,4.616,4.616,3.98078
2019-11-18 09:57:00,4.615,4.615,4.615,4.615,301.09575
2019-11-18 09:56:00,4.614,4.615,4.614,4.615,870.0794
2019-11-18 09:55:00,4.616,4.617,4.616,4.617,1094.99435
2019-11-18 09:54:00,4.613,4.616,4.613,4.616,192.85757
2019-11-18 09:53:00,4.613,4.613,4.613,4.613,0.51034
2019-11-18 09:52:00,4.613,4.613,4.613,4.613,0.39409
2019-11-18 09:51:00,4.615,4.615,4.613,4.613,1736.64383
2019-11-18 09:50:00,4.614,4.615,4.613,4.615,953.78039
2019-11-18 09:49:00,4.615,4.615,4.614,4.614,577.906
2019-11-18 09:48:00,4.615,4.615,4.615,4.615,63.04266
2019-11-18 09:47:00,4.614,4.614,4.614,4.614,0
2019-11-18 09:46:00,4.614,4.614,4.614,4.614,0
2019-11-18 09:45:00,4.614,4.614,4.614,4.614,0
2019-11-18 09:44:00,4.614,4.614,4.614,4.614,0.39556
2019-11-18 09:43:00,4.614,4.614,4.614,4.614,1.87914
2019-11-18 09:42:00,4.614,4.614,4.612,4.614,609.8772
2019-11-18 09:41:00,4.613,4.615,4.613,4.615,231.38861
2019-11-18 09:40:00,4.615,4.615,4.613,4.613,944.27972
2019-11-18 09:39:00,4.611,4.617,4.611,4.614,646.55884
2019-11-18 09:38:00,4.611,4.611,4.611,4.611,1.31516
2019-11-18 09:37:00,4.611,4.611,4.611,4.611,0.86867
2019-11-18 09:36:00,4.611,4.611,4.611,4.611,1.52967
2019-11-18 09:35:00,4.611,4.611,4.611,4.611,1.25851
2019-11-18 09:34:00,4.611,4.611,4.611,4.611,385.11142
2019-11-18 09:33:00,4.612,4.612,4.611,4.611,1063.79775
2019-11-18 09:32:00,4.612,4.612,4.611,4.611,307.58341
2019-11-18 09:31:00,4.613,4.613,4.612,4.612,156.54623
2019-11-18 09:30:00,4.613,4.613,4.613,4.613,176.2815
2019-11-18 09:29:00,4.617,4.62,4.613,4.613,6039.16133
2019-11-18 09:28:00,4.618,4.618,4.617,4.617,32.35264
2019-11-18 09:27:00,4.618,4.618,4.618,4.618,2829.39946
2019-11-18 09:26:00,4.616,4.617,4.616,4.617,1490.42752
2019-11-18 09:25:00,4.615,4.615,4.615,4.615,0
2019-11-18 09:24:00,4.615,4.615,4.615,4.615,0
2019-11-18 09:23:00,4.614,4.615,4.614,4.615,234.4696
2019-11-18 09:22:00,4.611,4.614,4.611,4.614,1043.1848
2019-11-18 09:21:00,4.61,4.61,4.61,4.61,0
2019-11-18 09:20:00,4.604,4.61,4.604,4.61,652.84698
2019-11-18 09:19:00,4.604,4.604,4.604,4.604,226.67129
2019-11-18 09:18:00,4.604,4.604,4.604,4.604,0.0223
2019-11-18 09:17:00,4.604,4.604,4.604,4.604,1208.75339
2019-11-18 09:16:00,4.604,4.604,4.604,4.604,0
2019-11-18 09:15:00,4.604,4.604,4.604,4.604,257.7351
2019-11-18 09:14:00,4.603,4.604,4.603,4.603,1695.76839
2019-11-18 09:13:00,4.601,4.603,4.601,4.603,295.56859
2019-11-18 09:12:00,4.603,4.603,4.602,4.602,20.49537
2019-11-18 09:11:00,4.602,4.603,4.601,4.603,423.88041
2019-11-18 09:10:00,4.602,4.602,4.601,4.602,48.25358
2019-11-18 09:09:00,4.602,4.602,4.601,4.602,22.82406
2019-11-18 09:08:00,4.602,4.602,4.601,4.601,39.63817
2019-11-18 09:07:00,4.601,4.602,4.601,4.602,30.35418
2019-11-18 09:06:00,4.602,4.602,4.601,4.601,6.30701
2019-11-18 09:05:00,4.603,4.603,4.602,4.603,1112.86604
2019-11-18 09:04:00,4.604,4.604,4.601,4.603,148.02163
2019-11-18 09:03:00,4.606,4.606,4.604,4.604,64.60623
2019-11-18 09:02:00,4.611,4.611,4.606,4.606,1642.2719
2019-11-18 09:01:00,4.61,4.611,4.61,4.611,14.90328
2019-11-18 09:00:00,4.615,4.615,4.611,4.611,1468.80071
2019-11-18 08:59:00,4.616,4.616,4.615,4.615,189.87128
2019-11-18 08:58:00,4.614,4.616,4.614,4.616,220.30837
2019-11-18 08:57:00,4.614,4.614,4.614,4.614,19.87596
2019-11-18 08:56:00,4.615,4.615,4.613,4.614,873.79348
2019-11-18 08:55:00,4.616,4.618,4.615,4.617,2193.58266
2019-11-18 08:54:00,4.613,4.617,4.613,4.615,366.74748
2019-11-18 08:53:00,4.613,4.613,4.613,4.613,195.29973
2019-11-18 08:52:00,4.609,4.61,4.608,4.61,1364.42301
2019-11-18 08:51:00,4.608,4.609,4.608,4.609,1043.74313
2019-11-18 08:50:00,4.607,4.607,4.607,4.607,31.57442
2019-11-18 08:49:00,4.606,4.608,4.606,4.608,1005.72681
2019-11-18 08:48:00,4.606,4.607,4.606,4.607,1251.3384
2019-11-18 08:47:00,4.603,4.603,4.603,4.603,11.75872
2019-11-18 08:46:00,4.603,4.604,4.603,4.604,508.17183
2019-11-18 08:45:00,4.601,4.604,4.601,4.604,1464.73181
2019-11-18 08:44:00,4.602,4.602,4.601,4.601,1409.21402
2019-11-18 08:43:00,4.602,4.605,4.601,4.601,2059.68292
2019-11-18 08:42:00,4.604,4.604,4.602,4.602,202.61452
2019-11-18 08:41:00,4.601,4.606,4.601,4.605,2631.79745
2019-11-18 08:40:00,4.605,4.605,4.601,4.602,1049.03077
2019-11-18 08:39:00,4.604,4.607,4.603,4.607,121.03685
2019-11-18 08:38:00,4.604,4.604,4.603,4.603,34.27738
2019-11-18 08:37:00,4.6,4.605,4.6,4.605,2290.33973
2019-11-18 08:36:00,4.601,4.601,4.6,4.6,1690.97306
2019-11-18 08:35:00,4.604,4.604,4.602,4.602,750.99377
2019-11-18 08:34:00,4.601,4.604,4.601,4.604,397.72896
2019-11-18 08:33:00,4.6,4.602,4.6,4.602,186.98832
2019-11-18 08:32:00,4.598,4.599,4.598,4.599,245.77045
2019-11-18 08:31:00,4.598,4.599,4.598,4.599,1196.24683
2019-11-18 08:30:00,4.6,4.6,4.598,4.598,193.91308
2019-11-18 08:29:00,4.605,4.605,4.6,4.6,10771.21368
2019-11-18 08:28:00,4.604,4.605,4.604,4.605,261.44621
2019-11-18 08:27:00,4.605,4.605,4.604,4.604,1131.80882
2019-11-18 08:26:00,4.603,4.606,4.603,4.606,707.27486
2019-11-18 08:25:00,4.605,4.608,4.604,4.605,2228.46321
2019-11-18 08:24:00,4.6,4.606,4.6,4.605,1523.51267
2019-11-18 08:23:00,4.6,4.603,4.6,4.602,443.82446
2019-11-18 08:22:00,4.601,4.601,4.599,4.599,68.55476
2019-11-18 08:21:00,4.597,4.602,4.597,4.602,3514.10318
2019-11-18 08:20:00,4.596,4.596,4.596,4.596,179.49167
2019-11-18 08:19:00,4.593,4.595,4.593,4.595,129.69658
2019-11-18 08:18:00,4.597,4.597,4.596,4.596,767.80084
2019-11-18 08:17:00,4.596,4.597,4.596,4.596,1539.28328
2019-11-18 08:16:00,4.598,4.598,4.593,4.595,1359.77465
2019-11-18 08:15:00,4.596,4.598,4.596,4.598,320.17717
2019-11-18 08:14:00,4.596,4.596,4.596,4.596,256.54483
2019-11-18 08:13:00,4.593,4.597,4.593,4.595,3365.83659
2019-11-18 08:12:00,4.595,4.596,4.592,4.594,2713.91956
2019-11-18 08:11:00,4.598,4.598,4.596,4.596,1510.03017
2019-11-18 08:10:00,4.596,4.605,4.596,4.598,7819.15894
2019-11-18 08:09:00,4.598,4.598,4.595,4.598,2345.86631
2019-11-18 08:08:00,4.607,4.607,4.597,4.599,6006.46905
2019-11-18 08:07:00,4.608,4.608,4.607,4.607,533.36143
2019-11-18 08:06:00,4.611,4.611,4.607,4.607,2600.1941
2019-11-18 08:05:00,4.612,4.614,4.61,4.611,12021.72768
2019-11-18 08:04:00,4.613,4.613,4.611,4.612,219.0031
2019-11-18 08:03:00,4.613,4.613,4.613,4.613,425.03311
2019-11-18 08:02:00,4.613,4.615,4.613,4.614,1128.47947
2019-11-18 08:01:00,4.613,4.613,4.613,4.613,2
2019-11-18 08:00:00,4.617,4.617,4.617,4.617,969.17266
2019-11-18 07:59:00,4.615,4.616,4.615,4.616,1198.22641
2019-11-18 07:58:00,4.616,4.616,4.616,4.616,0
2019-11-18 07:57:00,4.616,4.616,4.615,4.616,308.8821
2019-11-18 07:56:00,4.614,4.616,4.614,4.616,47.87338
2019-11-18 07:55:00,4.612,4.613,4.612,4.613,418.68802
2019-11-18 07:54:00,4.617,4.617,4.613,4.614,668.09384
2019-11-18 07:53:00,4.619,4.619,4.617,4.617,1202.79827
2019-11-18 07:52:00,4.62,4.62,4.619,4.619,916.27063
2019-11-18 07:51:00,4.619,4.62,4.619,4.619,1518.54953
2019-11-18 07:50:00,4.617,4.617,4.617,4.617,0
2019-11-18 07:49:00,4.617,4.617,4.617,4.617,1799.52938
2019-11-18 07:48:00,4.617,4.617,4.617,4.617,158.63375
2019-11-18 07:47:00,4.615,4.615,4.614,4.615,2634.4024
2019-11-18 07:46:00,4.613,4.615,4.612,4.615,3615.09719
2019-11-18 07:45:00,4.617,4.617,4.614,4.614,1914.60857
2019-11-18 07:44:00,4.616,4.616,4.615,4.616,761.1352
2019-11-18 07:43:00,4.616,4.616,4.615,4.615,576.86647
2019-11-18 07:42:00,4.617,4.617,4.613,4.616,1437.38832
2019-11-18 07:41:00,4.613,4.618,4.613,4.618,1310.57105
2019-11-18 07:40:00,4.617,4.617,4.613,4.613,3237.26247
2019-11-18 07:39:00,4.614,4.618,4.614,4.616,2903.40321
2019-11-18 07:38:00,4.615,4.615,4.613,4.613,1022.67926
2019-11-18 07:37:00,4.617,4.617,4.613,4.615,3787.46085
2019-11-18 07:36:00,4.612,4.619,4.612,4.619,3516.29659
2019-11-18 07:35:00,4.609,4.61,4.606,4.61,5408.92136
2019-11-18 07:34:00,4.613,4.613,4.61,4.61,2363.43383
2019-11-18 07:33:00,4.614,4.614,4.614,4.614,0
2019-11-18 07:32:00,4.616,4.616,4.614,4.614,1121.86205
2019-11-18 07:31:00,4.617,4.618,4.616,4.616,1420.72519
2019-11-18 07:30:00,4.619,4.619,4.615,4.616,1170.196
2019-11-18 07:29:00,4.617,4.618,4.617,4.618,717.02864
2019-11-18 07:28:00,4.617,4.617,4.616,4.617,2558.23714
2019-11-18 07:27:00,4.617,4.617,4.617,4.617,11.23784
2019-11-18 07:26:00,4.617,4.617,4.616,4.617,1937.67651
2019-11-18 07:25:00,4.617,4.617,4.617,4.617,0.15114
2019-11-18 07:24:00,4.617,4.618,4.617,4.617,221.7044
2019-11-18 07:23:00,4.618,4.618,4.616,4.616,1907.46651
2019-11-18 07:22:00,4.618,4.618,4.618,4.618,1220.56456
2019-11-18 07:21:00,4.624,4.624,4.617,4.617,7909.3395
2019-11-18 07:20:00,4.624,4.624,4.624,4.624,0
2019-11-18 07:19:00,4.624,4.624,4.624,4.624,0
2019-11-18 07:18:00,4.624,4.624,4.624,4.624,0
2019-11-18 07:17:00,4.624,4.624,4.624,4.624,0.01014
2019-11-18 07:16:00,4.625,4.625,4.624,4.624,1816.24173
2019-11-18 07:15:00,4.627,4.627,4.624,4.625,1494.97007
2019-11-18 07:14:00,4.627,4.629,4.624,4.627,1044.17101
2019-11-18 07:13:00,4.627,4.628,4.627,4.627,2245.42282
2019-11-18 07:12:00,4.627,4.628,4.627,4.627,4.57817
2019-11-18 07:11:00,4.626,4.628,4.626,4.628,1609.98483
2019-11-18 07:10:00,4.626,4.626,4.626,4.626,4.24255
2019-11-18 07:09:00,4.628,4.628,4.626,4.627,589.70932
2019-11-18 07:08:00,4.626,4.628,4.626,4.627,1674.12305
2019-11-18 07:07:00,4.628,4.628,4.626,4.626,188.93825
2019-11-18 07:06:00,4.629,4.629,4.627,4.627,447.51621
2019-11-18 07:05:00,4.634,4.634,4.63,4.63,931.38525
2019-11-18 07:04:00,4.634,4.634,4.634,4.634,0.19601
2019-11-18 07:03:00,4.634,4.634,4.634,4.634,0.30649
2019-11-18 07:02:00,4.634,4.634,4.634,4.634,0.40627
2019-11-18 07:01:00,4.634,4.634,4.634,4.634,0.71368
2019-11-18 07:00:00,4.634,4.634,4.634,4.634,0.22093
2019-11-18 06:59:00,4.634,4.634,4.634,4.634,0.26966
2019-11-18 06:58:00,4.634,4.634,4.634,4.634,0
2019-11-18 06:57:00,4.634,4.634,4.634,4.634,0
2019-11-18 06:56:00,4.634,4.634,4.634,4.634,0
2019-11-18 06:55:00,4.634,4.634,4.634,4.634,0
2019-11-18 06:54:00,4.636,4.638,4.634,4.634,275.58133
2019-11-18 06:53:00,4.635,4.636,4.634,4.636,204.88723
2019-11-18 06:52:00,4.634,4.634,4.634,4.634,0
2019-11-18 06:51:00,4.634,4.634,4.634,4.634,0
2019-11-18 06:50:00,4.634,4.634,4.634,4.634,0
2019-11-18 06:49:00,4.634,4.634,4.634,4.634,4.11655
2019-11-18 06:48:00,4.634,4.634,4.634,4.634,100.71886
2019-11-18 06:47:00,4.634,4.634,4.634,4.634,251.927
2019-11-18 06:46:00,4.637,4.637,4.634,4.634,1073.85511
2019-11-18 06:45:00,4.636,4.637,4.636,4.636,628.21186
2019-11-18 06:44:00,4.638,4.638,4.635,4.636,1876.58392
2019-11-18 06:43:00,4.638,4.638,4.638,4.638,4.55258
2019-11-18 06:42:00,4.638,4.638,4.638,4.638,10.15306
2019-11-18 06:41:00,4.638,4.638,4.638,4.638,6.65649
2019-11-18 06:40:00,4.638,4.638,4.638,4.638,5.18073
2019-11-18 06:39:00,4.638,4.638,4.638,4.638,6.09342
2019-11-18 06:38:00,4.638,4.638,4.638,4.638,2.70567
2019-11-18 06:37:00,4.641,4.641,4.638,4.638,629.10314
2019-11-18 06:36:00,4.638,4.641,4.638,4.638,1401.13653
2019-11-18 06:35:00,4.638,4.64,4.638,4.638,1301.30171
2019-11-18 06:34:00,4.633,4.637,4.633,4.637,1570.49207
2019-11-18 06:33:00,4.632,4.634,4.63,4.633,4264.54857
2019-11-18 06:32:00,4.632,4.632,4.63,4.63,2370.76814
2019-11-18 06:31:00,4.631,4.632,4.63,4.632,1667.3264
2019-11-18 06:30:00,4.63,4.632,4.63,4.632,2515.57039
2019-11-18 06:29:00,4.634,4.634,4.63,4.63,1602.69406
2019-11-18 06:28:00,4.637,4.637,4.634,4.634,490.9532
2019-11-18 06:27:00,4.637,4.638,4.637,4.637,1618.47883
2019-11-18 06:26:00,4.638,4.638,4.637,4.638,2108.03054
2019-11-18 06:25:00,4.638,4.638,4.635,4.638,273.65189
2019-11-18 06:24:00,4.639,4.639,4.638,4.638,1222.87576
2019-11-18 06:23:00,4.641,4.641,4.639,4.639,1437.47526
2019-11-18 06:22:00,4.641,4.642,4.64,4.642,557.4599
2019-11-18 06:21:00,4.641,4.641,4.641,4.641,0
2019-11-18 06:20:00,4.642,4.642,4.639,4.641,1027.68502
2019-11-18 06:19:00,4.643,4.643,4.643,4.643,0.02005
2019-11-18 06:18:00,4.643,4.643,4.643,4.643,0
2019-11-18 06:17:00,4.643,4.643,4.643,4.643,780.77101
2019-11-18 06:16:00,4.643,4.643,4.642,4.643,1440.58245
2019-11-18 06:15:00,4.643,4.645,4.643,4.644,945.20435
2019-11-18 06:14:00,4.642,4.642,4.642,4.642,0.39023
2019-11-18 06:13:00,4.642,4.642,4.642,4.642,1.95155
2019-11-18 06:12:00,4.643,4.643,4.643,4.643,0
2019-11-18 06:11:00,4.643,4.643,4.643,4.643,0.06443
2019-11-18 06:10:00,4.643,4.643,4.643,4.643,0.33907
2019-11-18 06:09:00,4.643,4.643,4.643,4.643,0.51821
2019-11-18 06:08:00,4.642,4.643,4.642,4.643,0.77674
2019-11-18 06:07:00,4.643,4.643,4.642,4.643,0.78297
2019-11-18 06:06:00,4.642,4.643,4.642,4.643,0.40023
2019-11-18 06:05:00,4.642,4.643,4.642,4.642,0.98808
2019-11-18 06:04:00,4.642,4.643,4.642,4.642,0.91609
2019-11-18 06:03:00,4.643,4.643,4.642,4.642,0.7962
2019-11-18 06:02:00,4.643,4.643,4.642,4.643,0.47293
2019-11-18 06:01:00,4.643,4.643,4.642,4.643,0.41253
2019-11-18 06:00:00,4.643,4.643,4.643,4.643,0.27006
2019-11-18 05:59:00,4.643,4.643,4.643,4.643,0.55224
2019-11-18 05:58:00,4.643,4.643,4.642,4.643,6.56502
2019-11-18 05:57:00,4.643,4.643,4.643,4.643,0.22833
2019-11-18 05:56:00,4.642,4.643,4.642,4.643,20.33978
2019-11-18 05:55:00,4.644,4.645,4.642,4.642,2097.81669
2019-11-18 05:54:00,4.643,4.643,4.642,4.642,730.65655
2019-11-18 05:53:00,4.641,4.643,4.641,4.642,2780.05674
2019-11-18 05:52:00,4.641,4.641,4.641,4.641,343.00213
2019-11-18 05:51:00,4.641,4.641,4.641,4.641,471.34465
2019-11-18 05:50:00,4.643,4.643,4.641,4.641,639.39429
2019-11-18 05:49:00,4.64,4.643,4.64,4.643,2621.47466
2019-11-18 05:48:00,4.642,4.642,4.642,4.642,385.32323
2019-11-18 05:47:00,4.642,4.642,4.641,4.642,1562.00373
2019-11-18 05:46:00,4.641,4.642,4.641,4.642,277.51476
2019-11-18 05:45:00,4.641,4.641,4.641,4.641,157.02939
2019-11-18 05:44:00,4.644,4.644,4.641,4.641,1423.11563
2019-11-18 05:43:00,4.643,4.644,4.643,4.644,734.93583
2019-11-18 05:42:00,4.644,4.645,4.642,4.644,1260.63731
2019-11-18 05:41:00,4.647,4.647,4.643,4.645,917.58829
2019-11-18 05:40:00,4.647,4.647,4.647,4.647,218.25089
2019-11-18 05:39:00,4.647,4.647,4.647,4.647,4.37838
2019-11-18 05:38:00,4.643,4.643,4.643,4.643,0
2019-11-18 05:37:00,4.643,4.643,4.643,4.643,195.1224
2019-11-18 05:36:00,4.647,4.647,4.642,4.643,877.56226
2019-11-18 05:35:00,4.647,4.647,4.647,4.647,0.14435
2019-11-18 05:34:00,4.648,4.648,4.648,4.648,0
2019-11-18 05:33:00,4.649,4.649,4.648,4.648,727.43347
2019-11-18 05:32:00,4.644,4.651,4.644,4.65,3339.91466
2019-11-18 05:31:00,4.643,4.644,4.643,4.644,580.28109
2019-11-18 05:30:00,4.649,4.649,4.644,4.644,2083.91871
2019-11-18 05:29:00,4.649,4.649,4.649,4.649,547.04877
2019-11-18 05:28:00,4.649,4.649,4.649,4.649,0.25823
2019-11-18 05:27:00,4.649,4.649,4.649,4.649,0.09808
2019-11-18 05:26:00,4.649,4.65,4.649,4.649,822.77608
2019-11-18 05:25:00,4.65,4.651,4.649,4.649,971.44462
2019-11-18 05:24:00,4.647,4.649,4.647,4.649,1012.64625
2019-11-18 05:23:00,4.644,4.645,4.643,4.645,12.68972
2019-11-18 05:22:00,4.635,4.644,4.635,4.644,568.4721
2019-11-18 05:21:00,4.634,4.635,4.634,4.635,899.95655
2019-11-18 05:20:00,4.634,4.634,4.634,4.634,0.02007
2019-11-18 05:19:00,4.634,4.634,4.634,4.634,0.08806
2019-11-18 05:18:00,4.633,4.633,4.633,4.633,828.21695
2019-11-18 05:17:00,4.634,4.634,4.634,4.634,0
2019-11-18 05:16:00,4.634,4.634,4.634,4.634,0
2019-11-18 05:15:00,4.633,4.634,4.633,4.634,936.96901
2019-11-18 05:14:00,4.632,4.632,4.63,4.631,1891.55689
2019-11-18 05:13:00,4.63,4.633,4.63,4.632,814.18328
2019-11-18 05:12:00,4.631,4.631,4.63,4.63,189.88654
2019-11-18 05:11:00,4.634,4.635,4.631,4.631,619.87348
2019-11-18 05:10:00,4.637,4.637,4.635,4.635,2127.77875
2019-11-18 05:09:00,4.635,4.637,4.635,4.637,884.60885
2019-11-18 05:08:00,4.634,4.635,4.634,4.634,150.27289
2019-11-18 05:07:00,4.634,4.634,4.634,4.634,0.21434
2019-11-18 05:06:00,4.635,4.635,4.634,4.635,454.00588
2019-11-18 05:05:00,4.636,4.636,4.635,4.635,153.71161
2019-11-18 05:04:00,4.635,4.635,4.635,4.635,12.68379
2019-11-18 05:03:00,4.634,4.634,4.634,4.634,1.13916
2019-11-18 05:02:00,4.634,4.637,4.634,4.635,516.08151
2019-11-18 05:01:00,4.633,4.634,4.633,4.634,181.56177
2019-11-18 05:00:00,4.635,4.635,4.634,4.634,1077.01259
2019-11-18 04:59:00,4.631,4.636,4.631,4.636,171.15519
2019-11-18 04:58:00,4.633,4.633,4.632,4.632,702.71114
2019-11-18 04:57:00,4.636,4.636,4.634,4.634,2284.62308
2019-11-18 04:56:00,4.638,4.638,4.634,4.636,2504.63674
2019-11-18 04:55:00,4.635,4.638,4.634,4.638,261.91997
2019-11-18 04:54:00,4.635,4.635,4.633,4.635,1844.09513
2019-11-18 04:53:00,4.633,4.636,4.626,4.634,2720.32259
2019-11-18 04:52:00,4.631,4.631,4.631,4.631,438.96144
2019-11-18 04:51:00,4.632,4.634,4.632,4.634,465.04661
2019-11-18 04:50:00,4.628,4.63,4.628,4.63,532.121
2019-11-18 04:49:00,4.627,4.63,4.627,4.628,2516.6077
2019-11-18 04:48:00,4.628,4.628,4.627,4.628,936.31055
2019-11-18 04:47:00,4.626,4.628,4.626,4.628,2080.48325
2019-11-18 04:46:00,4.626,4.627,4.626,4.626,1557.91326
2019-11-18 04:45:00,4.628,4.63,4.624,4.625,2012.58317
2019-11-18 04:44:00,4.629,4.631,4.624,4.631,1590.61006
2019-11-18 04:43:00,4.63,4.632,4.623,4.632,4684.95334
2019-11-18 04:42:00,4.63,4.633,4.63,4.63,657.99736
2019-11-18 04:41:00,4.629,4.63,4.629,4.63,7.7726
2019-11-18 04:40:00,4.628,4.63,4.628,4.629,443.48482
2019-11-18 04:39:00,4.63,4.63,4.628,4.629,229.11535
2019-11-18 04:38:00,4.63,4.632,4.629,4.63,3045.29341
2019-11-18 04:37:00,4.636,4.636,4.631,4.631,774.71635
2019-11-18 04:36:00,4.637,4.637,4.637,4.637,456.90262
2019-11-18 04:35:00,4.641,4.641,4.639,4.639,661.50105
2019-11-18 04:34:00,4.639,4.65,4.639,4.641,5634.4818
2019-11-18 04:33:00,4.651,4.651,4.64,4.64,645.63096
2019-11-18 04:32:00,4.64,4.658,4.64,4.652,19566.81821
2019-11-18 04:31:00,4.639,4.639,4.639,4.639,0.32633
2019-11-18 04:30:00,4.642,4.642,4.64,4.64,287.08074
2019-11-18 04:29:00,4.645,4.645,4.644,4.644,1203.07341
2019-11-18 04:28:00,4.646,4.646,4.646,4.646,206.32708
2019-11-18 04:27:00,4.645,4.645,4.645,4.645,307.352
2019-11-18 04:26:00,4.644,4.644,4.644,4.644,0
2019-11-18 04:25:00,4.64,4.644,4.64,4.644,1146.40829
2019-11-18 04:24:00,4.64,4.64,4.638,4.64,64.90477
2019-11-18 04:23:00,4.641,4.641,4.641,4.641,377.48211
2019-11-18 04:22:00,4.641,4.641,4.64,4.64,644.21488
2019-11-18 04:21:00,4.642,4.642,4.642,4.642,207.8597
2019-11-18 04:20:00,4.642,4.642,4.642,4.642,560.47834
2019-11-18 04:19:00,4.643,4.643,4.642,4.642,722.52258
2019-11-18 04:18:00,4.639,4.643,4.639,4.643,1003.89974
2019-11-18 04:17:00,4.638,4.638,4.638,4.638,265.24267
2019-11-18 04:16:00,4.638,4.639,4.638,4.638,2685.34393
2019-11-18 04:15:00,4.639,4.639,4.639,4.639,1413.21789
2019-11-18 04:14:00,4.637,4.641,4.637,4.639,1927.78785
2019-11-18 04:13:00,4.639,4.639,4.637,4.637,2163.75924
2019-11-18 04:12:00,4.642,4.642,4.639,4.639,510.93134
2019-11-18 04:11:00,4.643,4.643,4.642,4.642,718.62098
2019-11-18 04:10:00,4.645,4.645,4.643,4.643,916.5807
2019-11-18 04:09:00,4.649,4.649,4.645,4.645,1414.05789
2019-11-18 04:08:00,4.654,4.654,4.648,4.649,1082.44857
2019-11-18 04:07:00,4.653,4.654,4.653,4.654,1120.73951
2019-11-18 04:06:00,4.653,4.653,4.653,4.653,0.13722
2019-11-18 04:05:00,4.653,4.653,4.65,4.653,2558.10143
2019-11-18 04:04:00,4.654,4.654,4.653,4.653,27.23316
2019-11-18 04:03:00,4.654,4.654,4.654,4.654,0.49998
2019-11-18 04:02:00,4.653,4.654,4.653,4.654,1.1065
2019-11-18 04:01:00,4.651,4.653,4.651,4.653,250.16627
2019-11-18 04:00:00,4.646,4.651,4.646,4.651,1566.54089
2019-11-18 03:59:00,4.647,4.647,4.644,4.646,2115.78842
2019-11-18 03:58:00,4.646,4.646,4.646,4.646,437.10676
2019-11-18 03:57:00,4.645,4.646,4.645,4.646,473.40848
2019-11-18 03:56:00,4.647,4.647,4.646,4.646,418.43012
2019-11-18 03:55:00,4.646,4.647,4.646,4.647,2894.04195
2019-11-18 03:54:00,4.645,4.646,4.644,4.644,2157.22543
2019-11-18 03:53:00,4.648,4.648,4.644,4.645,397.67724
2019-11-18 03:52:00,4.647,4.647,4.647,4.647,0
2019-11-18 03:51:00,4.647,4.647,4.647,4.647,0
2019-11-18 03:50:00,4.647,4.647,4.646,4.647,234.0208
2019-11-18 03:49:00,4.647,4.647,4.646,4.646,3108.76475
2019-11-18 03:48:00,4.644,4.644,4.644,4.644,0.48776
2019-11-18 03:47:00,4.646,4.646,4.645,4.645,546.05579
2019-11-18 03:46:00,4.645,4.645,4.645,4.645,0
2019-11-18 03:45:00,4.645,4.645,4.645,4.645,1814.40449
2019-11-18 03:44:00,4.644,4.645,4.644,4.644,2092.24744
2019-11-18 03:43:00,4.651,4.651,4.644,4.644,392.96856
2019-11-18 03:42:00,4.647,4.651,4.647,4.651,225.42039
2019-11-18 03:41:00,4.645,4.647,4.645,4.647,359.85351
2019-11-18 03:40:00,4.644,4.645,4.644,4.645,254.27373
2019-11-18 03:39:00,4.644,4.644,4.644,4.644,212.07244
2019-11-18 03:38:00,4.644,4.645,4.644,4.644,103.10345
2019-11-18 03:37:00,4.644,4.644,4.644,4.644,1123.09246
2019-11-18 03:36:00,4.644,4.644,4.644,4.644,158.464
2019-11-18 03:35:00,4.646,4.646,4.645,4.645,4.912
2019-11-18 03:34:00,4.645,4.646,4.645,4.646,1577.73807
2019-11-18 03:33:00,4.645,4.645,4.645,4.645,928.82212
2019-11-18 03:32:00,4.649,4.649,4.647,4.647,617.52753
2019-11-18 03:31:00,4.645,4.648,4.645,4.648,2162.12305
2019-11-18 03:30:00,4.645,4.645,4.645,4.645,0.30662
2019-11-18 03:29:00,4.641,4.646,4.641,4.646,649.95849
2019-11-18 03:28:00,4.641,4.641,4.641,4.641,0.169
2019-11-18 03:27:00,4.64,4.64,4.64,4.64,0.22048
2019-11-18 03:26:00,4.64,4.64,4.64,4.64,0.24457
2019-11-18 03:25:00,4.64,4.64,4.64,4.64,0.43337
2019-11-18 03:24:00,4.639,4.64,4.639,4.64,342.51088
2019-11-18 03:23:00,4.639,4.639,4.639,4.639,12.13958
2019-11-18 03:22:00,4.638,4.639,4.638,4.639,295.1387
2019-11-18 03:21:00,4.639,4.639,4.638,4.638,142.04663
2019-11-18 03:20:00,4.638,4.638,4.638,4.638,153.19575
2019-11-18 03:19:00,4.636,4.636,4.636,4.636,0
2019-11-18 03:18:00,4.636,4.636,4.636,4.636,3319.51299
2019-11-18 03:17:00,4.637,4.637,4.635,4.635,206.53827
2019-11-18 03:16:00,4.636,4.637,4.636,4.637,196.03117
2019-11-18 03:15:00,4.635,4.637,4.635,4.636,1631.53052
2019-11-18 03:14:00,4.635,4.635,4.635,4.635,9.77137
2019-11-18 03:13:00,4.637,4.637,4.635,4.635,452.74623
2019-11-18 03:12:00,4.635,4.637,4.635,4.637,1146.90855
2019-11-18 03:11:00,4.631,4.636,4.631,4.636,230.32657
2019-11-18 03:10:00,4.631,4.631,4.63,4.63,834.34264
2019-11-18 03:09:00,4.633,4.633,4.633,4.633,42.92767
2019-11-18 03:08:00,4.633,4.633,4.633,4.633,0.27788
2019-11-18 03:07:00,4.633,4.633,4.633,4.633,0.98905
2019-11-18 03:06:00,4.633,4.633,4.633,4.633,0.48577
2019-11-18 03:05:00,4.633,4.633,4.633,4.633,1864.33123
2019-11-18 03:04:00,4.631,4.632,4.631,4.632,13.76545
2019-11-18 03:03:00,4.632,4.632,4.631,4.631,1801.37193
2019-11-18 03:02:00,4.633,4.634,4.632,4.632,646.1827
2019-11-18 03:01:00,4.634,4.634,4.632,4.634,1725.83358
2019-11-18 03:00:00,4.635,4.635,4.633,4.634,503.4748
2019-11-18 02:59:00,4.633,4.633,4.633,4.633,0
2019-11-18 02:58:00,4.633,4.633,4.633,4.633,253.95105
2019-11-18 02:57:00,4.638,4.638,4.638,4.638,236.0306
2019-11-18 02:56:00,4.636,4.638,4.636,4.638,485.7771
2019-11-18 02:55:00,4.636,4.636,4.636,4.636,1045.99005
2019-11-18 02:54:00,4.638,4.638,4.637,4.637,649.7972
2019-11-18 02:53:00,4.638,4.638,4.638,4.638,777.33884
2019-11-18 02:52:00,4.635,4.636,4.635,4.636,656.4649
2019-11-18 02:51:00,4.634,4.634,4.634,4.634,325.0007
2019-11-18 02:50:00,4.639,4.639,4.634,4.635,2465.81311
2019-11-18 02:49:00,4.641,4.641,4.641,4.641,0
2019-11-18 02:48:00,4.639,4.641,4.639,4.641,629.74461
2019-11-18 02:47:00,4.637,4.641,4.637,4.641,20.42951
2019-11-18 02:46:00,4.638,4.638,4.637,4.637,701.41906
2019-11-18 02:45:00,4.644,4.644,4.638,4.639,985.66727
2019-11-18 02:44:00,4.644,4.644,4.636,4.643,4848.08375
2019-11-18 02:43:00,4.644,4.644,4.643,4.643,1396.82317
2019-11-18 02:42:00,4.645,4.645,4.644,4.644,543.89293
2019-11-18 02:41:00,4.64,4.646,4.636,4.645,2096.3433
2019-11-18 02:40:00,4.644,4.644,4.641,4.644,683.29298
2019-11-18 02:39:00,4.648,4.648,4.644,4.645,1276.57434
2019-11-18 02:38:00,4.655,4.655,4.651,4.651,232.46442
2019-11-18 02:37:00,4.656,4.656,4.656,4.656,2
2019-11-18 02:36:00,4.656,4.657,4.655,4.657,1411.44311
2019-11-18 02:35:00,4.656,4.656,4.656,4.656,4.70039
2019-11-18 02:34:00,4.657,4.657,4.656,4.656,810.37595
2019-11-18 02:33:00,4.657,4.657,4.656,4.657,1310.83545
2019-11-18 02:32:00,4.657,4.657,4.655,4.655,2063.84575
2019-11-18 02:31:00,4.658,4.658,4.657,4.657,219.14297
2019-11-18 02:30:00,4.659,4.659,4.656,4.658,699.92561
2019-11-18 02:29:00,4.659,4.66,4.658,4.659,2818.33384
2019-11-18 02:28:00,4.659,4.659,4.658,4.658,477.48401
2019-11-18 02:27:00,4.658,4.66,4.658,4.66,906.86456
2019-11-18 02:26:00,4.656,4.656,4.656,4.656,175.70905
2019-11-18 02:25:00,4.655,4.655,4.655,4.655,14.96046
2019-11-18 02:24:00,4.654,4.655,4.654,4.655,332.8322
2019-11-18 02:23:00,4.654,4.654,4.653,4.654,700.65586
2019-11-18 02:22:00,4.655,4.656,4.654,4.654,4179.9859
2019-11-18 02:21:00,4.651,4.658,4.65,4.655,1273.37598
2019-11-18 02:20:00,4.654,4.654,4.652,4.652,267.24202
2019-11-18 02:19:00,4.654,4.654,4.654,4.654,0
2019-11-18 02:18:00,4.656,4.656,4.654,4.654,183.17278
2019-11-18 02:17:00,4.654,4.657,4.654,4.655,1438.45249
2019-11-18 02:16:00,4.663,4.663,4.654,4.655,3037.14527
2019-11-18 02:15:00,4.666,4.666,4.664,4.664,1759.85569
2019-11-18 02:14:00,4.669,4.669,4.663,4.665,2641.72617
2019-11-18 02:13:00,4.669,4.669,4.668,4.668,78.26064
2019-11-18 02:12:00,4.669,4.669,4.669,4.669,5.20731
2019-11-18 02:11:00,4.668,4.669,4.668,4.669,1273.63172
2019-11-18 02:10:00,4.67,4.671,4.669,4.669,1168.38507
2019-11-18 02:09:00,4.67,4.67,4.668,4.669,1523.72313
2019-11-18 02:08:00,4.671,4.671,4.671,4.671,0.25293
2019-11-18 02:07:00,4.671,4.671,4.67,4.671,6.6272
2019-11-18 02:06:00,4.671,4.671,4.671,4.671,1.03961
2019-11-18 02:05:00,4.67,4.67,4.669,4.67,558.82024
2019-11-18 02:04:00,4.67,4.67,4.67,4.67,0.9098
2019-11-18 02:03:00,4.664,4.669,4.664,4.669,1892.27402
2019-11-18 02:02:00,4.671,4.671,4.666,4.666,636.21599
2019-11-18 02:01:00,4.67,4.671,4.67,4.671,1273.1727
2019-11-18 02:00:00,4.669,4.67,4.669,4.67,0.24684
2019-11-18 01:59:00,4.669,4.669,4.669,4.669,0.09906
2019-11-18 01:58:00,4.668,4.669,4.668,4.669,0.06686
2019-11-18 01:57:00,4.669,4.67,4.668,4.668,483.99734
2019-11-18 01:56:00,4.667,4.669,4.667,4.669,1.02009
2019-11-18 01:55:00,4.667,4.668,4.667,4.668,803.33074
2019-11-18 01:54:00,4.666,4.666,4.666,4.666,0
2019-11-18 01:53:00,4.666,4.666,4.666,4.666,0
2019-11-18 01:52:00,4.666,4.666,4.666,4.666,219.9813
2019-11-18 01:51:00,4.665,4.665,4.665,4.665,0
2019-11-18 01:50:00,4.665,4.665,4.665,4.665,182.44423
2019-11-18 01:49:00,4.664,4.664,4.664,4.664,32.4305
2019-11-18 01:48:00,4.664,4.664,4.664,4.664,441.42956
2019-11-18 01:47:00,4.664,4.666,4.664,4.666,881.61561
2019-11-18 01:46:00,4.664,4.664,4.663,4.663,957.40169
2019-11-18 01:45:00,4.659,4.664,4.659,4.664,372.17822
2019-11-18 01:44:00,4.658,4.658,4.657,4.658,216.08237
2019-11-18 01:43:00,4.658,4.658,4.658,4.658,2.81859
2019-11-18 01:42:00,4.655,4.657,4.655,4.657,1248.66991
2019-11-18 01:41:00,4.654,4.655,4.654,4.655,258.86751
2019-11-18 01:40:00,4.65,4.653,4.65,4.653,1446.18839
2019-11-18 01:39:00,4.648,4.65,4.648,4.65,3973.00881
2019-11-18 01:38:00,4.639,4.649,4.638,4.648,5200.5076
2019-11-18 01:37:00,4.639,4.639,4.639,4.639,772.48748
2019-11-18 01:36:00,4.639,4.639,4.639,4.639,2.05399
2019-11-18 01:35:00,4.639,4.639,4.639,4.639,1.63637
2019-11-18 01:34:00,4.639,4.639,4.639,4.639,1.28695
2019-11-18 01:33:00,4.64,4.64,4.639,4.639,1.02916
2019-11-18 01:32:00,4.645,4.645,4.64,4.64,799.37118
2019-11-18 01:31:00,4.645,4.645,4.645,4.645,0.30711
2019-11-18 01:30:00,4.646,4.646,4.646,4.646,0
2019-11-18 01:29:00,4.647,4.647,4.646,4.646,367.70495
2019-11-18 01:28:00,4.648,4.648,4.648,4.648,416.73213
2019-11-18 01:27:00,4.655,4.655,4.646,4.648,1826.50322
2019-11-18 01:26:00,4.655,4.655,4.655,4.655,0.01006
2019-11-18 01:25:00,4.655,4.655,4.655,4.655,0
2019-11-18 01:24:00,4.655,4.655,4.655,4.655,0
2019-11-18 01:23:00,4.655,4.655,4.655,4.655,426.65378
2019-11-18 01:22:00,4.654,4.654,4.654,4.654,0
2019-11-18 01:21:00,4.654,4.654,4.654,4.654,0
2019-11-18 01:20:00,4.654,4.654,4.654,4.654,0
2019-11-18 01:19:00,4.657,4.657,4.654,4.654,756.38611
2019-11-18 01:18:00,4.656,4.657,4.656,4.657,323.61148
2019-11-18 01:17:00,4.656,4.656,4.656,4.656,2080.69043
2019-11-18 01:16:00,4.654,4.654,4.654,4.654,0
2019-11-18 01:15:00,4.656,4.656,4.654,4.654,2188.61131
2019-11-18 01:14:00,4.657,4.657,4.656,4.656,345.49676
2019-11-18 01:13:00,4.656,4.657,4.656,4.657,8.72776
2019-11-18 01:12:00,4.656,4.656,4.656,4.656,2.30139
2019-11-18 01:11:00,4.659,4.659,4.655,4.655,958.42174
2019-11-18 01:10:00,4.658,4.659,4.658,4.659,4084.13585
2019-11-18 01:09:00,4.657,4.658,4.656,4.658,340.99123
2019-11-18 01:08:00,4.656,4.656,4.655,4.656,1013.52578
2019-11-18 01:07:00,4.654,4.656,4.653,4.656,337.10234
2019-11-18 01:06:00,4.653,4.656,4.653,4.655,211.18396
2019-11-18 01:05:00,4.653,4.654,4.652,4.654,2210.90834
2019-11-18 01:04:00,4.651,4.651,4.651,4.651,0
2019-11-18 01:03:00,4.651,4.651,4.65,4.651,112.31269
2019-11-18 01:02:00,4.649,4.651,4.649,4.651,938.07748
2019-11-18 01:01:00,4.648,4.65,4.648,4.65,1028.00896
2019-11-18 01:00:00,4.648,4.649,4.648,4.648,989.08662
2019-11-18 00:59:00,4.648,4.648,4.647,4.648,534.5592
2019-11-18 00:58:00,4.648,4.648,4.648,4.648,208.4976
2019-11-18 00:57:00,4.647,4.647,4.647,4.647,224.89553
2019-11-18 00:56:00,4.645,4.648,4.645,4.646,362.73262
2019-11-18 00:55:00,4.645,4.645,4.645,4.645,0
2019-11-18 00:54:00,4.644,4.646,4.644,4.645,1995.17372
2019-11-18 00:53:00,4.645,4.645,4.644,4.644,852.90035
2019-11-18 00:52:00,4.645,4.645,4.645,4.645,677.48765
2019-11-18 00:51:00,4.645,4.645,4.645,4.645,110.04401
2019-11-18 00:50:00,4.646,4.646,4.645,4.645,1636.85665
2019-11-18 00:49:00,4.646,4.647,4.644,4.647,963.05505
2019-11-18 00:48:00,4.643,4.643,4.643,4.643,0
2019-11-18 00:47:00,4.643,4.643,4.643,4.643,0
2019-11-18 00:46:00,4.643,4.643,4.643,4.643,0
2019-11-18 00:45:00,4.643,4.643,4.643,4.643,0
2019-11-18 00:44:00,4.643,4.644,4.643,4.643,228.03949
2019-11-18 00:43:00,4.643,4.643,4.643,4.643,10.5654
2019-11-18 00:42:00,4.643,4.643,4.643,4.643,33.79873
2019-11-18 00:41:00,4.642,4.643,4.642,4.643,479.92529
2019-11-18 00:40:00,4.642,4.642,4.642,4.642,0.24278
2019-11-18 00:39:00,4.642,4.642,4.642,4.642,0.24278
2019-11-18 00:38:00,4.642,4.642,4.642,4.642,0.12139
2019-11-18 00:37:00,4.641,4.642,4.641,4.642,287.43627
2019-11-18 00:36:00,4.64,4.641,4.64,4.641,0.2735
2019-11-18 00:35:00,4.639,4.639,4.639,4.639,441.6617
2019-11-18 00:34:00,4.639,4.639,4.639,4.639,0.70106
2019-11-18 00:33:00,4.638,4.639,4.638,4.639,1891.11869
2019-11-18 00:32:00,4.638,4.639,4.638,4.638,476.05192
2019-11-18 00:31:00,4.638,4.638,4.638,4.638,0.7262
2019-11-18 00:30:00,4.64,4.641,4.638,4.638,274.96379
2019-11-18 00:29:00,4.641,4.641,4.638,4.64,555.79647
2019-11-18 00:28:00,4.641,4.641,4.64,4.64,1099.18724
2019-11-18 00:27:00,4.643,4.644,4.641,4.641,195.41234
2019-11-18 00:26:00,4.637,4.643,4.637,4.643,592.53908
2019-11-18 00:25:00,4.638,4.639,4.637,4.637,221.86038
2019-11-18 00:24:00,4.639,4.639,4.639,4.639,0.70483
2019-11-18 00:23:00,4.636,4.639,4.636,4.639,2368.81071
2019-11-18 00:22:00,4.635,4.637,4.635,4.637,3.67803
2019-11-18 00:21:00,4.631,4.635,4.631,4.635,193.75516
2019-11-18 00:20:00,4.63,4.632,4.63,4.631,975.42267
2019-11-18 00:19:00,4.63,4.631,4.629,4.629,1997.43634
2019-11-18 00:18:00,4.627,4.628,4.626,4.628,160.19859
2019-11-18 00:17:00,4.626,4.627,4.626,4.626,0.66288
2019-11-18 00:16:00,4.627,4.627,4.626,4.627,0.9667
2019-11-18 00:15:00,4.627,4.627,4.627,4.627,0.8989
2019-11-18 00:14:00,4.624,4.629,4.624,4.626,4080.94184
2019-11-18 00:13:00,4.624,4.624,4.624,4.624,90.30336
2019-11-18 00:12:00,4.624,4.624,4.624,4.624,1.12257
2019-11-18 00:11:00,4.624,4.624,4.624,4.624,15.18852
2019-11-18 00:10:00,4.624,4.624,4.624,4.624,27.963
2019-11-18 00:09:00,4.624,4.624,4.624,4.624,535.98577
2019-11-18 00:08:00,4.625,4.625,4.624,4.625,223.77898
2019-11-18 00:07:00,4.623,4.625,4.623,4.625,238.43241
2019-11-18 00:06:00,4.623,4.623,4.623,4.623,1.59043
2019-11-18 00:05:00,4.623,4.623,4.623,4.623,1.00799
2019-11-18 00:04:00,4.621,4.623,4.621,4.623,385.18391
2019-11-18 00:03:00,4.621,4.621,4.621,4.621,0.48967
2019-11-18 00:02:00,4.622,4.622,4.621,4.621,2.26506
2019-11-18 00:01:00,4.627,4.627,4.621,4.622,1192.66208
2019-11-18 00:00:00,4.621,4.625,4.621,4.625,679.93835
