2019-11-19 23:59:00,4.334,4.339,4.333,4.333,4913.39258
2019-11-19 23:58:00,4.335,4.335,4.329,4.333,3314.46713
2019-11-19 23:57:00,4.336,4.338,4.336,4.336,1352.15403
2019-11-19 23:56:00,4.338,4.338,4.335,4.335,933.0704
2019-11-19 23:55:00,4.339,4.34,4.339,4.34,1865.79669
2019-11-19 23:54:00,4.342,4.342,4.337,4.339,1709.775
2019-11-19 23:53:00,4.336,4.342,4.336,4.342,1686.934
2019-11-19 23:52:00,4.335,4.337,4.335,4.336,1356.01211
2019-11-19 23:51:00,4.341,4.341,4.336,4.336,1488.80072
2019-11-19 23:50:00,4.338,4.341,4.336,4.34,1725.37783
2019-11-19 23:49:00,4.347,4.347,4.337,4.339,5287.75988
2019-11-19 23:48:00,4.347,4.348,4.346,4.347,473.76258
2019-11-19 23:47:00,4.346,4.348,4.344,4.346,1934.00083
2019-11-19 23:46:00,4.333,4.347,4.333,4.346,5092.62741
2019-11-19 23:45:00,4.322,4.331,4.322,4.331,4884.75301
2019-11-19 23:44:00,4.313,4.323,4.313,4.322,2367.55152
2019-11-19 23:43:00,4.325,4.325,4.308,4.313,4512.68181
2019-11-19 23:42:00,4.323,4.325,4.321,4.325,469.93786
2019-11-19 23:41:00,4.323,4.325,4.323,4.325,3251.06833
2019-11-19 23:40:00,4.326,4.327,4.324,4.324,1167.65486
2019-11-19 23:39:00,4.322,4.326,4.322,4.326,2575.90479
2019-11-19 23:38:00,4.317,4.323,4.317,4.322,2352.85857
2019-11-19 23:37:00,4.326,4.326,4.32,4.321,2711.9079
2019-11-19 23:36:00,4.337,4.337,4.324,4.326,9358.37746
2019-11-19 23:35:00,4.336,4.337,4.336,4.336,1499.58519
2019-11-19 23:34:00,4.336,4.336,4.336,4.336,241.95043
2019-11-19 23:33:00,4.336,4.336,4.335,4.336,1476.16429
2019-11-19 23:32:00,4.339,4.339,4.337,4.337,2197.75589
2019-11-19 23:31:00,4.343,4.343,4.339,4.339,1639.07471
2019-11-19 23:30:00,4.346,4.347,4.342,4.343,3024.6391
2019-11-19 23:29:00,4.349,4.349,4.347,4.347,1309.44802
2019-11-19 23:28:00,4.343,4.349,4.343,4.347,3432.7639
2019-11-19 23:27:00,4.336,4.341,4.335,4.341,371.6698
2019-11-19 23:26:00,4.324,4.337,4.324,4.337,5008.47469
2019-11-19 23:25:00,4.321,4.323,4.321,4.323,597.53467
2019-11-19 23:24:00,4.32,4.32,4.32,4.32,259.73698
2019-11-19 23:23:00,4.32,4.32,4.32,4.32,351.09152
2019-11-19 23:22:00,4.32,4.32,4.32,4.32,2067.62177
2019-11-19 23:21:00,4.322,4.323,4.321,4.321,3132.87946
2019-11-19 23:20:00,4.312,4.321,4.312,4.321,1604.19013
2019-11-19 23:19:00,4.314,4.314,4.314,4.314,0
2019-11-19 23:18:00,4.314,4.314,4.314,4.314,0
2019-11-19 23:17:00,4.318,4.321,4.314,4.314,1463.63998
2019-11-19 23:16:00,4.319,4.319,4.318,4.318,1636.00951
2019-11-19 23:15:00,4.318,4.318,4.316,4.317,552.80758
2019-11-19 23:14:00,4.321,4.321,4.314,4.317,1552.88257
2019-11-19 23:13:00,4.316,4.321,4.316,4.321,1117.91497
2019-11-19 23:12:00,4.315,4.316,4.313,4.316,3282.98358
2019-11-19 23:11:00,4.311,4.313,4.308,4.313,843.91199
2019-11-19 23:10:00,4.304,4.31,4.304,4.31,5048.21356
2019-11-19 23:09:00,4.306,4.306,4.302,4.302,525.48372
2019-11-19 23:08:00,4.31,4.31,4.306,4.306,2963.72837
2019-11-19 23:07:00,4.32,4.321,4.309,4.312,3505.37123
2019-11-19 23:06:00,4.325,4.325,4.32,4.32,1318.63548
2019-11-19 23:05:00,4.333,4.333,4.325,4.325,2500.94472
2019-11-19 23:04:00,4.329,4.331,4.327,4.331,2218.748
2019-11-19 23:03:00,4.327,4.331,4.326,4.33,1992.89298
2019-11-19 23:02:00,4.328,4.328,4.326,4.327,1953.25534
2019-11-19 23:01:00,4.332,4.333,4.327,4.327,1700.2249
2019-11-19 23:00:00,4.333,4.337,4.333,4.333,2678.55922
2019-11-19 22:59:00,4.323,4.333,4.323,4.333,2653.10502
2019-11-19 22:58:00,4.326,4.326,4.323,4.323,654.13945
2019-11-19 22:57:00,4.324,4.324,4.324,4.324,457.90415
2019-11-19 22:56:00,4.325,4.325,4.323,4.324,1065.28047
2019-11-19 22:55:00,4.326,4.326,4.324,4.324,456.56245
2019-11-19 22:54:00,4.33,4.333,4.324,4.325,8621.70168
2019-11-19 22:53:00,4.317,4.331,4.317,4.331,5872.97744
2019-11-19 22:52:00,4.31,4.318,4.31,4.318,2271.16795
2019-11-19 22:51:00,4.306,4.314,4.304,4.31,6552.9281
2019-11-19 22:50:00,4.304,4.307,4.3,4.306,6088.76768
2019-11-19 22:49:00,4.331,4.331,4.306,4.307,7311.55132
2019-11-19 22:48:00,4.337,4.337,4.331,4.331,359.77063
2019-11-19 22:47:00,4.343,4.343,4.338,4.339,2380.05776
2019-11-19 22:46:00,4.344,4.346,4.343,4.343,1751.60036
2019-11-19 22:45:00,4.341,4.345,4.341,4.344,1913.56711
2019-11-19 22:44:00,4.342,4.342,4.34,4.341,335.93262
2019-11-19 22:43:00,4.347,4.349,4.342,4.342,641.70801
2019-11-19 22:42:00,4.344,4.35,4.343,4.348,1147.33947
2019-11-19 22:41:00,4.334,4.344,4.334,4.344,3013.31329
2019-11-19 22:40:00,4.329,4.334,4.328,4.334,2964.98053
2019-11-19 22:39:00,4.334,4.334,4.327,4.327,2441.23988
2019-11-19 22:38:00,4.327,4.334,4.327,4.334,2655.32703
2019-11-19 22:37:00,4.335,4.335,4.327,4.327,4667.78143
2019-11-19 22:36:00,4.335,4.336,4.335,4.336,593.4657
2019-11-19 22:35:00,4.341,4.342,4.335,4.336,2706.31546
2019-11-19 22:34:00,4.35,4.35,4.342,4.342,3073.47623
2019-11-19 22:33:00,4.353,4.356,4.348,4.351,5219.26411
2019-11-19 22:32:00,4.342,4.356,4.341,4.356,4638.53647
2019-11-19 22:31:00,4.334,4.342,4.333,4.341,4890.16811
2019-11-19 22:30:00,4.325,4.334,4.325,4.331,3410.83523
2019-11-19 22:29:00,4.321,4.326,4.319,4.324,1136.55809
2019-11-19 22:28:00,4.318,4.321,4.318,4.321,1849.41316
2019-11-19 22:27:00,4.32,4.32,4.318,4.318,160.70678
2019-11-19 22:26:00,4.319,4.319,4.318,4.319,436.82988
2019-11-19 22:25:00,4.317,4.319,4.317,4.319,1041.34713
2019-11-19 22:24:00,4.315,4.316,4.315,4.316,3273.92469
2019-11-19 22:23:00,4.32,4.32,4.314,4.315,1648.66252
2019-11-19 22:22:00,4.319,4.321,4.319,4.321,1367.65274
2019-11-19 22:21:00,4.312,4.319,4.312,4.319,2144.17209
2019-11-19 22:20:00,4.314,4.314,4.312,4.312,1529.69645
2019-11-19 22:19:00,4.312,4.314,4.312,4.314,2250.7173
2019-11-19 22:18:00,4.314,4.314,4.312,4.312,3495.11785
2019-11-19 22:17:00,4.322,4.322,4.315,4.315,3315.25896
2019-11-19 22:16:00,4.312,4.32,4.312,4.32,2661.23195
2019-11-19 22:15:00,4.313,4.313,4.313,4.313,454.75182
2019-11-19 22:14:00,4.31,4.313,4.31,4.313,2736.69398
2019-11-19 22:13:00,4.305,4.31,4.305,4.309,2843.58234
2019-11-19 22:12:00,4.305,4.305,4.304,4.305,1960.8175
2019-11-19 22:11:00,4.298,4.304,4.298,4.304,1294.92607
2019-11-19 22:10:00,4.298,4.3,4.297,4.298,1481.00821
2019-11-19 22:09:00,4.306,4.306,4.297,4.298,876.05465
2019-11-19 22:08:00,4.307,4.307,4.304,4.304,649.32833
2019-11-19 22:07:00,4.304,4.307,4.303,4.307,2923.74666
2019-11-19 22:06:00,4.307,4.307,4.304,4.304,986.40345
2019-11-19 22:05:00,4.308,4.308,4.306,4.308,3461.36053
2019-11-19 22:04:00,4.313,4.316,4.306,4.307,5540.42946
2019-11-19 22:03:00,4.31,4.315,4.309,4.312,883.2163
2019-11-19 22:02:00,4.307,4.311,4.304,4.311,5299.82078
2019-11-19 22:01:00,4.304,4.308,4.304,4.308,2110.41479
2019-11-19 22:00:00,4.302,4.303,4.302,4.303,2393.7189
2019-11-19 21:59:00,4.3,4.301,4.3,4.301,87.34036
2019-11-19 21:58:00,4.3,4.301,4.3,4.3,862.06022
2019-11-19 21:57:00,4.302,4.302,4.302,4.302,1179.4882
2019-11-19 21:56:00,4.303,4.303,4.301,4.302,2935.71948
2019-11-19 21:55:00,4.302,4.302,4.302,4.302,2
2019-11-19 21:54:00,4.306,4.306,4.303,4.303,1404.43178
2019-11-19 21:53:00,4.305,4.307,4.305,4.306,2603.71368
2019-11-19 21:52:00,4.305,4.305,4.305,4.305,1009.87887
2019-11-19 21:51:00,4.309,4.309,4.304,4.305,3690.11161
2019-11-19 21:50:00,4.303,4.306,4.303,4.306,669.93587
2019-11-19 21:49:00,4.303,4.303,4.303,4.303,2335.42042
2019-11-19 21:48:00,4.308,4.308,4.302,4.303,1647.61032
2019-11-19 21:47:00,4.309,4.31,4.308,4.308,1624.58197
2019-11-19 21:46:00,4.309,4.309,4.307,4.309,740.99877
2019-11-19 21:45:00,4.307,4.309,4.303,4.309,1400.41824
2019-11-19 21:44:00,4.305,4.308,4.305,4.305,1648.77847
2019-11-19 21:43:00,4.307,4.307,4.304,4.305,2323.98144
2019-11-19 21:42:00,4.306,4.311,4.306,4.306,678.78783
2019-11-19 21:41:00,4.305,4.306,4.304,4.305,2892.63167
2019-11-19 21:40:00,4.302,4.305,4.302,4.305,1789.32766
2019-11-19 21:39:00,4.299,4.302,4.298,4.301,987.44298
2019-11-19 21:38:00,4.3,4.3,4.299,4.299,1798.85306
2019-11-19 21:37:00,4.294,4.301,4.294,4.298,1783.72783
2019-11-19 21:36:00,4.301,4.301,4.296,4.296,639.69784
2019-11-19 21:35:00,4.309,4.309,4.301,4.302,2840.83375
2019-11-19 21:34:00,4.313,4.313,4.309,4.309,1615.59174
2019-11-19 21:33:00,4.314,4.314,4.312,4.314,1452.69883
2019-11-19 21:32:00,4.308,4.315,4.308,4.314,3573.91169
2019-11-19 21:31:00,4.307,4.309,4.304,4.308,2073.95719
2019-11-19 21:30:00,4.297,4.308,4.297,4.306,5005.68105
2019-11-19 21:29:00,4.299,4.3,4.293,4.298,1658.52098
2019-11-19 21:28:00,4.302,4.302,4.297,4.298,3603.97784
2019-11-19 21:27:00,4.306,4.306,4.301,4.303,2369.2213
2019-11-19 21:26:00,4.299,4.306,4.299,4.306,1660.43223
2019-11-19 21:25:00,4.302,4.302,4.301,4.301,618.94006
2019-11-19 21:24:00,4.304,4.304,4.303,4.303,448.85595
2019-11-19 21:23:00,4.303,4.308,4.303,4.304,2888.11692
2019-11-19 21:22:00,4.304,4.304,4.304,4.304,398.49325
2019-11-19 21:21:00,4.302,4.304,4.3,4.304,4128.84183
2019-11-19 21:20:00,4.304,4.304,4.299,4.302,2536.78815
2019-11-19 21:19:00,4.308,4.308,4.304,4.304,4808.84662
2019-11-19 21:18:00,4.314,4.314,4.305,4.308,2067.27078
2019-11-19 21:17:00,4.314,4.318,4.314,4.316,5015.10343
2019-11-19 21:16:00,4.319,4.319,4.312,4.316,4258.3571
2019-11-19 21:15:00,4.316,4.324,4.316,4.318,6903.89128
2019-11-19 21:14:00,4.313,4.316,4.312,4.315,2555.43896
2019-11-19 21:13:00,4.308,4.314,4.308,4.312,7550.02922
2019-11-19 21:12:00,4.309,4.309,4.305,4.308,1539.49918
2019-11-19 21:11:00,4.306,4.31,4.306,4.309,3088.72259
2019-11-19 21:10:00,4.313,4.313,4.3,4.305,2768.09581
2019-11-19 21:09:00,4.316,4.316,4.311,4.313,1047.16775
2019-11-19 21:08:00,4.315,4.316,4.305,4.316,4406.92314
2019-11-19 21:07:00,4.309,4.32,4.309,4.314,4174.4715
2019-11-19 21:06:00,4.303,4.317,4.301,4.309,4217.16963
2019-11-19 21:05:00,4.304,4.317,4.299,4.299,4344.25654
2019-11-19 21:04:00,4.278,4.303,4.272,4.303,11711.85843
2019-11-19 21:03:00,4.276,4.279,4.274,4.277,2759.74145
2019-11-19 21:02:00,4.292,4.293,4.26,4.276,7719.20164
2019-11-19 21:01:00,4.292,4.3,4.29,4.291,3551.30934
2019-11-19 21:00:00,4.291,4.291,4.274,4.29,5740.16358
2019-11-19 20:59:00,4.292,4.293,4.287,4.292,3502.20028
2019-11-19 20:58:00,4.299,4.299,4.29,4.292,6556.32376
2019-11-19 20:57:00,4.302,4.305,4.3,4.3,2231.6163
2019-11-19 20:56:00,4.295,4.302,4.293,4.302,3251.22895
2019-11-19 20:55:00,4.293,4.297,4.293,4.295,1397.61403
2019-11-19 20:54:00,4.289,4.296,4.289,4.292,2307.84071
2019-11-19 20:53:00,4.29,4.29,4.287,4.29,543.38592
2019-11-19 20:52:00,4.295,4.297,4.283,4.289,5294.14918
2019-11-19 20:51:00,4.3,4.3,4.295,4.295,2494.10389
2019-11-19 20:50:00,4.296,4.305,4.296,4.299,3320.40758
2019-11-19 20:49:00,4.306,4.306,4.295,4.296,4326.67664
2019-11-19 20:48:00,4.309,4.31,4.307,4.307,3480.37588
2019-11-19 20:47:00,4.318,4.318,4.31,4.31,2817.56696
2019-11-19 20:46:00,4.315,4.32,4.315,4.318,2409.62091
2019-11-19 20:45:00,4.313,4.314,4.312,4.314,3882.9564
2019-11-19 20:44:00,4.313,4.313,4.31,4.311,1371.50456
2019-11-19 20:43:00,4.314,4.314,4.312,4.313,3978.35806
2019-11-19 20:42:00,4.322,4.322,4.313,4.313,3370.56015
2019-11-19 20:41:00,4.325,4.325,4.321,4.322,670.50774
2019-11-19 20:40:00,4.326,4.327,4.326,4.326,1019.26283
2019-11-19 20:39:00,4.328,4.328,4.325,4.326,2670.24572
2019-11-19 20:38:00,4.327,4.327,4.326,4.326,712.47215
2019-11-19 20:37:00,4.328,4.328,4.325,4.326,2905.14109
2019-11-19 20:36:00,4.328,4.329,4.325,4.329,4985.25921
2019-11-19 20:35:00,4.325,4.328,4.325,4.328,1960.50437
2019-11-19 20:34:00,4.321,4.327,4.32,4.326,5215.60909
2019-11-19 20:33:00,4.314,4.322,4.314,4.322,3431.01095
2019-11-19 20:32:00,4.307,4.314,4.307,4.314,5558.07326
2019-11-19 20:31:00,4.299,4.305,4.296,4.305,2810.84219
2019-11-19 20:30:00,4.293,4.3,4.292,4.298,5307.68311
2019-11-19 20:29:00,4.295,4.303,4.291,4.295,4686.2986
2019-11-19 20:28:00,4.312,4.312,4.294,4.294,6301.24935
2019-11-19 20:27:00,4.312,4.313,4.311,4.313,1173.54884
2019-11-19 20:26:00,4.315,4.315,4.313,4.313,1018.89547
2019-11-19 20:25:00,4.307,4.317,4.306,4.315,5367.04242
2019-11-19 20:24:00,4.322,4.325,4.307,4.309,17145.94704
2019-11-19 20:23:00,4.326,4.33,4.322,4.322,6214.78711
2019-11-19 20:22:00,4.331,4.331,4.326,4.326,1424.33548
2019-11-19 20:21:00,4.339,4.339,4.332,4.332,2328.28079
2019-11-19 20:20:00,4.342,4.342,4.339,4.339,23.41546
2019-11-19 20:19:00,4.34,4.343,4.34,4.343,2058.90702
2019-11-19 20:18:00,4.343,4.344,4.339,4.339,2224.91171
2019-11-19 20:17:00,4.332,4.343,4.331,4.343,1119.44611
2019-11-19 20:16:00,4.327,4.331,4.326,4.331,2086.84096
2019-11-19 20:15:00,4.333,4.333,4.327,4.327,958.26929
2019-11-19 20:14:00,4.323,4.331,4.323,4.331,960.26649
2019-11-19 20:13:00,4.329,4.329,4.322,4.322,4359.0618
2019-11-19 20:12:00,4.328,4.329,4.328,4.329,2545.90545
2019-11-19 20:11:00,4.332,4.332,4.323,4.326,914.00509
2019-11-19 20:10:00,4.333,4.337,4.332,4.332,2540.65295
2019-11-19 20:09:00,4.323,4.334,4.323,4.334,2896.13105
2019-11-19 20:08:00,4.326,4.326,4.322,4.324,5031.64954
2019-11-19 20:07:00,4.327,4.328,4.326,4.326,3488.35084
2019-11-19 20:06:00,4.333,4.335,4.323,4.33,15336.1058
2019-11-19 20:05:00,4.335,4.336,4.333,4.333,757.34733
2019-11-19 20:04:00,4.345,4.345,4.334,4.335,11088.3523
2019-11-19 20:03:00,4.354,4.354,4.346,4.347,4271.90775
2019-11-19 20:02:00,4.348,4.355,4.348,4.355,5533.37361
2019-11-19 20:01:00,4.331,4.349,4.331,4.346,11491.85287
2019-11-19 20:00:00,4.332,4.332,4.331,4.331,1495.47886
2019-11-19 19:59:00,4.328,4.333,4.327,4.332,4160.37781
2019-11-19 19:58:00,4.332,4.332,4.328,4.328,640.52958
2019-11-19 19:57:00,4.326,4.333,4.326,4.333,2810.23003
2019-11-19 19:56:00,4.324,4.327,4.323,4.327,2272.0499
2019-11-19 19:55:00,4.327,4.334,4.325,4.325,6418.67537
2019-11-19 19:54:00,4.344,4.345,4.321,4.326,15039.80489
2019-11-19 19:53:00,4.311,4.346,4.311,4.342,14941.61819
2019-11-19 19:52:00,4.317,4.323,4.311,4.312,15679.80191
2019-11-19 19:51:00,4.291,4.327,4.291,4.317,25439.27471
2019-11-19 19:50:00,4.263,4.288,4.25,4.285,16500.62129
2019-11-19 19:49:00,4.274,4.275,4.255,4.264,13937.15175
2019-11-19 19:48:00,4.287,4.289,4.272,4.275,8231.88346
2019-11-19 19:47:00,4.302,4.307,4.27,4.288,49913.67001
2019-11-19 19:46:00,4.309,4.309,4.302,4.302,5219.31625
2019-11-19 19:45:00,4.305,4.314,4.305,4.308,10289.57237
2019-11-19 19:44:00,4.319,4.32,4.304,4.305,6548.67941
2019-11-19 19:43:00,4.317,4.321,4.316,4.319,4905.02975
2019-11-19 19:42:00,4.333,4.334,4.318,4.318,6784.12242
2019-11-19 19:41:00,4.336,4.336,4.333,4.333,879.07632
2019-11-19 19:40:00,4.338,4.338,4.326,4.334,5768.9881
2019-11-19 19:39:00,4.334,4.339,4.329,4.339,2643.95232
2019-11-19 19:38:00,4.322,4.334,4.322,4.334,4061.65235
2019-11-19 19:37:00,4.296,4.322,4.287,4.319,17890.97457
2019-11-19 19:36:00,4.313,4.318,4.275,4.297,22394.18989
2019-11-19 19:35:00,4.327,4.338,4.312,4.313,12149.10591
2019-11-19 19:34:00,4.352,4.352,4.327,4.327,12027.27512
2019-11-19 19:33:00,4.352,4.353,4.35,4.35,2606.60503
2019-11-19 19:32:00,4.349,4.356,4.348,4.353,2478.465
2019-11-19 19:31:00,4.349,4.35,4.348,4.349,2429.14513
2019-11-19 19:30:00,4.348,4.35,4.346,4.35,560.31013
2019-11-19 19:29:00,4.349,4.35,4.346,4.349,823.66305
2019-11-19 19:28:00,4.354,4.354,4.349,4.349,1548.43261
2019-11-19 19:27:00,4.352,4.356,4.352,4.355,3002.89971
2019-11-19 19:26:00,4.354,4.354,4.35,4.352,2143.02066
2019-11-19 19:25:00,4.346,4.352,4.346,4.352,2390.28342
2019-11-19 19:24:00,4.343,4.345,4.343,4.345,739.65867
2019-11-19 19:23:00,4.344,4.347,4.344,4.345,511.65439
2019-11-19 19:22:00,4.338,4.345,4.338,4.345,2751.39257
2019-11-19 19:21:00,4.326,4.342,4.321,4.339,6700.47528
2019-11-19 19:20:00,4.336,4.336,4.324,4.328,4402.07272
2019-11-19 19:19:00,4.333,4.338,4.333,4.336,8673.88649
2019-11-19 19:18:00,4.321,4.333,4.321,4.332,2131.39564
2019-11-19 19:17:00,4.337,4.34,4.318,4.321,5901.59282
2019-11-19 19:16:00,4.321,4.34,4.321,4.336,4341.19965
2019-11-19 19:15:00,4.304,4.326,4.304,4.323,11797.54715
2019-11-19 19:14:00,4.323,4.323,4.301,4.304,4165.43587
2019-11-19 19:13:00,4.332,4.334,4.323,4.324,2581.98078
2019-11-19 19:12:00,4.341,4.341,4.334,4.334,2238.152
2019-11-19 19:11:00,4.341,4.344,4.34,4.341,1232.40788
2019-11-19 19:10:00,4.35,4.35,4.341,4.341,2335.36932
2019-11-19 19:09:00,4.357,4.357,4.352,4.352,596.79199
2019-11-19 19:08:00,4.357,4.357,4.357,4.357,20.5151
2019-11-19 19:07:00,4.357,4.357,4.357,4.357,0.87034
2019-11-19 19:06:00,4.357,4.357,4.357,4.357,0.24302
2019-11-19 19:05:00,4.356,4.356,4.356,4.356,725.89203
2019-11-19 19:04:00,4.354,4.356,4.352,4.356,2401.41216
2019-11-19 19:03:00,4.354,4.358,4.352,4.355,1841.72722
2019-11-19 19:02:00,4.349,4.355,4.349,4.353,7710.28627
2019-11-19 19:01:00,4.345,4.346,4.345,4.346,22.81758
2019-11-19 19:00:00,4.345,4.345,4.344,4.344,588.33434
2019-11-19 18:59:00,4.344,4.346,4.344,4.346,795.69182
2019-11-19 18:58:00,4.343,4.348,4.342,4.345,3074.28195
2019-11-19 18:57:00,4.349,4.351,4.342,4.345,3469.8714
2019-11-19 18:56:00,4.343,4.357,4.34,4.35,10878.36867
2019-11-19 18:55:00,4.346,4.346,4.335,4.341,12504.89798
2019-11-19 18:54:00,4.355,4.356,4.347,4.348,13495.81861
2019-11-19 18:53:00,4.368,4.368,4.351,4.351,4008.24297
2019-11-19 18:52:00,4.371,4.371,4.368,4.369,2295.12061
2019-11-19 18:51:00,4.371,4.371,4.371,4.371,156.60485
2019-11-19 18:50:00,4.372,4.372,4.372,4.372,160.6152
2019-11-19 18:49:00,4.374,4.374,4.372,4.372,2377.85147
2019-11-19 18:48:00,4.373,4.374,4.373,4.373,271.00185
2019-11-19 18:47:00,4.374,4.374,4.374,4.374,288.82417
2019-11-19 18:46:00,4.374,4.377,4.373,4.374,2662.15052
2019-11-19 18:45:00,4.362,4.375,4.362,4.375,6237.15009
2019-11-19 18:44:00,4.366,4.366,4.36,4.362,475.6712
2019-11-19 18:43:00,4.372,4.372,4.366,4.367,2971.32847
2019-11-19 18:42:00,4.377,4.377,4.371,4.372,763.7291
2019-11-19 18:41:00,4.381,4.381,4.377,4.377,1231.07257
2019-11-19 18:40:00,4.382,4.384,4.38,4.38,1588.6793
2019-11-19 18:39:00,4.383,4.384,4.382,4.382,272.07352
2019-11-19 18:38:00,4.384,4.385,4.383,4.384,2713.64112
2019-11-19 18:37:00,4.385,4.387,4.385,4.386,16.04096
2019-11-19 18:36:00,4.385,4.385,4.385,4.385,1204.81588
2019-11-19 18:35:00,4.388,4.388,4.388,4.388,0
2019-11-19 18:34:00,4.388,4.388,4.388,4.388,68.2062
2019-11-19 18:33:00,4.39,4.39,4.39,4.39,0
2019-11-19 18:32:00,4.389,4.39,4.389,4.39,277.94935
2019-11-19 18:31:00,4.388,4.389,4.388,4.388,227.3197
2019-11-19 18:30:00,4.389,4.39,4.389,4.389,199.91586
2019-11-19 18:29:00,4.391,4.391,4.389,4.389,4735.71442
2019-11-19 18:28:00,4.391,4.391,4.391,4.391,3.73704
2019-11-19 18:27:00,4.39,4.39,4.389,4.389,1636.43079
2019-11-19 18:26:00,4.39,4.39,4.389,4.389,1417.70708
2019-11-19 18:25:00,4.391,4.391,4.391,4.391,0
2019-11-19 18:24:00,4.391,4.391,4.391,4.391,5.14829
2019-11-19 18:23:00,4.391,4.391,4.391,4.391,0.73222
2019-11-19 18:22:00,4.397,4.397,4.389,4.391,2093.4378
2019-11-19 18:21:00,4.397,4.397,4.396,4.397,1212.6462
2019-11-19 18:20:00,4.395,4.398,4.394,4.397,1879.61304
2019-11-19 18:19:00,4.393,4.395,4.393,4.395,662.18988
2019-11-19 18:18:00,4.392,4.394,4.392,4.394,615.73912
2019-11-19 18:17:00,4.392,4.393,4.391,4.392,166.62525
2019-11-19 18:16:00,4.392,4.392,4.392,4.392,220.2257
2019-11-19 18:15:00,4.394,4.394,4.392,4.392,492.69706
2019-11-19 18:14:00,4.395,4.397,4.395,4.396,1282.11335
2019-11-19 18:13:00,4.393,4.396,4.393,4.396,2888.11018
2019-11-19 18:12:00,4.393,4.394,4.393,4.394,430.32232
2019-11-19 18:11:00,4.395,4.395,4.393,4.393,1301.96757
2019-11-19 18:10:00,4.398,4.399,4.397,4.397,661.3988
2019-11-19 18:09:00,4.398,4.398,4.398,4.398,175.13866
2019-11-19 18:08:00,4.402,4.402,4.398,4.398,1192.10661
2019-11-19 18:07:00,4.402,4.403,4.402,4.402,104.51316
2019-11-19 18:06:00,4.403,4.403,4.402,4.403,36.45867
2019-11-19 18:05:00,4.402,4.404,4.402,4.403,1116.07291
2019-11-19 18:04:00,4.402,4.404,4.401,4.403,333.53158
2019-11-19 18:03:00,4.401,4.402,4.401,4.402,2560.24834
2019-11-19 18:02:00,4.399,4.401,4.399,4.401,2737.2517
2019-11-19 18:01:00,4.399,4.4,4.398,4.399,358.65997
2019-11-19 18:00:00,4.392,4.398,4.392,4.398,4649.5936
2019-11-19 17:59:00,4.387,4.392,4.387,4.392,2043.4519
2019-11-19 17:58:00,4.381,4.388,4.381,4.388,576.63521
2019-11-19 17:57:00,4.377,4.381,4.376,4.381,1494.49313
2019-11-19 17:56:00,4.375,4.376,4.375,4.376,566.45784
2019-11-19 17:55:00,4.379,4.379,4.375,4.375,1303.41078
2019-11-19 17:54:00,4.385,4.385,4.375,4.379,5358.53985
2019-11-19 17:53:00,4.392,4.393,4.387,4.387,842.40483
2019-11-19 17:52:00,4.399,4.399,4.393,4.394,1018.53479
2019-11-19 17:51:00,4.399,4.399,4.399,4.399,245.06605
2019-11-19 17:50:00,4.402,4.402,4.4,4.4,627.064
2019-11-19 17:49:00,4.403,4.403,4.402,4.402,3066.72557
2019-11-19 17:48:00,4.403,4.403,4.403,4.403,803.79265
2019-11-19 17:47:00,4.402,4.405,4.402,4.402,2283.53614
2019-11-19 17:46:00,4.4,4.403,4.4,4.403,2175.01152
2019-11-19 17:45:00,4.399,4.402,4.397,4.4,1848.004
2019-11-19 17:44:00,4.4,4.4,4.393,4.398,3366.52747
2019-11-19 17:43:00,4.4,4.403,4.399,4.4,1358.63706
2019-11-19 17:42:00,4.393,4.399,4.391,4.398,9935.30228
2019-11-19 17:41:00,4.388,4.392,4.388,4.392,1055.2308
2019-11-19 17:40:00,4.37,4.39,4.37,4.386,7757.61809
2019-11-19 17:39:00,4.369,4.372,4.369,4.371,1136.98251
2019-11-19 17:38:00,4.365,4.369,4.365,4.369,1477.03227
2019-11-19 17:37:00,4.362,4.365,4.362,4.365,2404.41689
2019-11-19 17:36:00,4.367,4.367,4.364,4.364,508.06069
2019-11-19 17:35:00,4.368,4.369,4.367,4.367,4709.01146
2019-11-19 17:34:00,4.375,4.375,4.37,4.37,692.27583
2019-11-19 17:33:00,4.379,4.379,4.376,4.376,1474.43398
2019-11-19 17:32:00,4.384,4.384,4.379,4.379,3171.58037
2019-11-19 17:31:00,4.384,4.384,4.384,4.384,0
2019-11-19 17:30:00,4.384,4.384,4.384,4.384,259.94448
2019-11-19 17:29:00,4.384,4.384,4.384,4.384,33.57443
2019-11-19 17:28:00,4.384,4.385,4.383,4.384,1757.64636
2019-11-19 17:27:00,4.385,4.386,4.382,4.384,1870.5399
2019-11-19 17:26:00,4.389,4.389,4.385,4.386,2111.00625
2019-11-19 17:25:00,4.39,4.39,4.388,4.39,2922.09532
2019-11-19 17:24:00,4.39,4.39,4.39,4.39,544.06426
2019-11-19 17:23:00,4.39,4.39,4.39,4.39,102.67467
2019-11-19 17:22:00,4.39,4.39,4.39,4.39,97.98707
2019-11-19 17:21:00,4.391,4.391,4.391,4.391,0
2019-11-19 17:20:00,4.387,4.394,4.387,4.391,2032.76212
2019-11-19 17:19:00,4.386,4.387,4.386,4.387,113.66232
2019-11-19 17:18:00,4.388,4.388,4.388,4.388,0
2019-11-19 17:17:00,4.391,4.392,4.388,4.388,2025.80243
2019-11-19 17:16:00,4.388,4.39,4.387,4.39,367.87326
2019-11-19 17:15:00,4.388,4.388,4.388,4.388,610.83678
2019-11-19 17:14:00,4.387,4.388,4.386,4.388,3372.73252
2019-11-19 17:13:00,4.389,4.389,4.386,4.387,1365.25778
2019-11-19 17:12:00,4.39,4.39,4.389,4.389,307.32374
2019-11-19 17:11:00,4.386,4.39,4.384,4.39,4094.04448
2019-11-19 17:10:00,4.394,4.394,4.384,4.384,1213.34221
2019-11-19 17:09:00,4.396,4.396,4.395,4.395,909.75405
2019-11-19 17:08:00,4.397,4.397,4.397,4.397,201.06027
2019-11-19 17:07:00,4.403,4.403,4.398,4.398,1923.52232
2019-11-19 17:06:00,4.401,4.403,4.401,4.403,824.86784
2019-11-19 17:05:00,4.4,4.4,4.4,4.4,1877.38765
2019-11-19 17:04:00,4.399,4.399,4.399,4.399,84.196
2019-11-19 17:03:00,4.4,4.4,4.4,4.4,78.90886
2019-11-19 17:02:00,4.405,4.405,4.4,4.4,2562.01838
2019-11-19 17:01:00,4.405,4.406,4.404,4.404,818.2812
2019-11-19 17:00:00,4.407,4.407,4.406,4.406,10.31975
2019-11-19 16:59:00,4.408,4.408,4.408,4.408,2016.90608
2019-11-19 16:58:00,4.407,4.409,4.407,4.409,1799.94084
2019-11-19 16:57:00,4.409,4.409,4.406,4.406,2255.59582
2019-11-19 16:56:00,4.41,4.41,4.41,4.41,46.62452
2019-11-19 16:55:00,4.408,4.409,4.408,4.409,1296.7718
2019-11-19 16:54:00,4.407,4.408,4.407,4.408,2470.74693
2019-11-19 16:53:00,4.409,4.409,4.409,4.409,703.49877
2019-11-19 16:52:00,4.406,4.406,4.405,4.405,766.94774
2019-11-19 16:51:00,4.409,4.41,4.406,4.407,7243.70692
2019-11-19 16:50:00,4.409,4.409,4.409,4.409,0
2019-11-19 16:49:00,4.409,4.409,4.408,4.409,397.7278
2019-11-19 16:48:00,4.406,4.409,4.405,4.409,1047.55337
2019-11-19 16:47:00,4.407,4.407,4.403,4.407,1817.23758
2019-11-19 16:46:00,4.406,4.408,4.406,4.408,539.9179
2019-11-19 16:45:00,4.404,4.406,4.403,4.406,1366.57157
2019-11-19 16:44:00,4.405,4.405,4.404,4.404,1470.35115
2019-11-19 16:43:00,4.399,4.406,4.398,4.404,3664.04733
2019-11-19 16:42:00,4.397,4.406,4.397,4.402,2470.32119
2019-11-19 16:41:00,4.387,4.397,4.387,4.397,2365.98294
2019-11-19 16:40:00,4.387,4.387,4.387,4.387,751.65623
2019-11-19 16:39:00,4.39,4.39,4.387,4.387,63.60047
2019-11-19 16:38:00,4.392,4.392,4.389,4.391,2020.82916
2019-11-19 16:37:00,4.385,4.392,4.385,4.392,3512.7976
2019-11-19 16:36:00,4.384,4.387,4.382,4.385,2735.79558
2019-11-19 16:35:00,4.384,4.385,4.384,4.385,70.95834
2019-11-19 16:34:00,4.393,4.393,4.384,4.385,2155.1583
2019-11-19 16:33:00,4.385,4.393,4.385,4.393,214.45788
2019-11-19 16:32:00,4.385,4.386,4.384,4.386,1399.89061
2019-11-19 16:31:00,4.389,4.389,4.382,4.384,4890.33697
2019-11-19 16:30:00,4.39,4.393,4.386,4.391,6554.95643
2019-11-19 16:29:00,4.381,4.396,4.381,4.39,6415.79512
2019-11-19 16:28:00,4.376,4.381,4.367,4.381,7248.76257
2019-11-19 16:27:00,4.364,4.374,4.364,4.374,9432.26118
2019-11-19 16:26:00,4.361,4.365,4.36,4.364,2083.82003
2019-11-19 16:25:00,4.368,4.37,4.36,4.36,7354.45159
2019-11-19 16:24:00,4.368,4.375,4.367,4.368,8014.4122
2019-11-19 16:23:00,4.372,4.372,4.37,4.37,2097.67939
2019-11-19 16:22:00,4.372,4.373,4.369,4.372,4079.72239
2019-11-19 16:21:00,4.369,4.372,4.368,4.372,4311.0852
2019-11-19 16:20:00,4.371,4.373,4.369,4.369,1949.49388
2019-11-19 16:19:00,4.369,4.372,4.369,4.372,2042.3626
2019-11-19 16:18:00,4.372,4.372,4.364,4.369,11985.69153
2019-11-19 16:17:00,4.372,4.372,4.372,4.372,758.54369
2019-11-19 16:16:00,4.372,4.372,4.372,4.372,6985.91116
2019-11-19 16:15:00,4.372,4.372,4.372,4.372,633.31313
2019-11-19 16:14:00,4.371,4.373,4.371,4.372,1039.0915
2019-11-19 16:13:00,4.37,4.371,4.37,4.371,203.25793
2019-11-19 16:12:00,4.371,4.371,4.368,4.368,1802.91782
2019-11-19 16:11:00,4.369,4.372,4.369,4.372,4421.25092
2019-11-19 16:10:00,4.37,4.371,4.37,4.371,1707.66667
2019-11-19 16:09:00,4.369,4.373,4.369,4.37,1865.6195
2019-11-19 16:08:00,4.365,4.369,4.365,4.369,711.99666
2019-11-19 16:07:00,4.371,4.371,4.366,4.366,5.03011
2019-11-19 16:06:00,4.361,4.369,4.36,4.369,1589.50163
2019-11-19 16:05:00,4.371,4.371,4.362,4.364,6486.39691
2019-11-19 16:04:00,4.365,4.37,4.364,4.37,3844.87116
2019-11-19 16:03:00,4.367,4.367,4.359,4.364,13392.05784
2019-11-19 16:02:00,4.354,4.371,4.354,4.366,12370.95457
2019-11-19 16:01:00,4.35,4.361,4.35,4.353,4304.97439
2019-11-19 16:00:00,4.346,4.349,4.346,4.348,3722.86582
2019-11-19 15:59:00,4.347,4.35,4.347,4.347,2417.7491
2019-11-19 15:58:00,4.345,4.347,4.344,4.346,2413.78931
2019-11-19 15:57:00,4.35,4.35,4.341,4.344,4705.74513
2019-11-19 15:56:00,4.339,4.352,4.339,4.346,5572.90801
2019-11-19 15:55:00,4.344,4.344,4.332,4.338,6168.67132
2019-11-19 15:54:00,4.336,4.342,4.335,4.342,2255.8315
2019-11-19 15:53:00,4.326,4.338,4.324,4.336,3780.15357
2019-11-19 15:52:00,4.326,4.331,4.323,4.326,4351.38037
2019-11-19 15:51:00,4.329,4.332,4.322,4.328,1646.34022
2019-11-19 15:50:00,4.325,4.335,4.325,4.33,7148.85642
2019-11-19 15:49:00,4.327,4.329,4.323,4.326,4597.68044
2019-11-19 15:48:00,4.325,4.327,4.322,4.327,4020.22754
2019-11-19 15:47:00,4.316,4.327,4.315,4.326,5604.74767
2019-11-19 15:46:00,4.313,4.319,4.303,4.317,4272.85021
2019-11-19 15:45:00,4.316,4.323,4.309,4.313,15194.00069
2019-11-19 15:44:00,4.332,4.335,4.316,4.316,10077.38523
2019-11-19 15:43:00,4.32,4.331,4.319,4.331,5313.7884
2019-11-19 15:42:00,4.319,4.32,4.315,4.318,4003.93067
2019-11-19 15:41:00,4.322,4.323,4.315,4.318,3156.55579
2019-11-19 15:40:00,4.32,4.322,4.319,4.322,581.24619
2019-11-19 15:39:00,4.328,4.329,4.32,4.321,1704.82169
2019-11-19 15:38:00,4.332,4.332,4.326,4.329,1017.12144
2019-11-19 15:37:00,4.334,4.336,4.332,4.333,1750.60633
2019-11-19 15:36:00,4.336,4.337,4.331,4.335,3284.96587
2019-11-19 15:35:00,4.342,4.342,4.335,4.336,3241.67019
2019-11-19 15:34:00,4.346,4.346,4.344,4.344,405.5928
2019-11-19 15:33:00,4.345,4.346,4.342,4.346,795.28909
2019-11-19 15:32:00,4.345,4.348,4.344,4.345,2093.49081
2019-11-19 15:31:00,4.346,4.346,4.342,4.345,587.76666
2019-11-19 15:30:00,4.349,4.35,4.346,4.346,564.96907
2019-11-19 15:29:00,4.348,4.349,4.348,4.348,284.7172
2019-11-19 15:28:00,4.35,4.35,4.347,4.347,1698.48338
2019-11-19 15:27:00,4.351,4.351,4.348,4.35,2407.49144
2019-11-19 15:26:00,4.358,4.358,4.341,4.353,4712.37902
2019-11-19 15:25:00,4.354,4.36,4.354,4.359,1734.90774
2019-11-19 15:24:00,4.354,4.356,4.352,4.354,5777.93089
2019-11-19 15:23:00,4.341,4.353,4.341,4.353,2956.68538
2019-11-19 15:22:00,4.334,4.344,4.333,4.338,13057.57331
2019-11-19 15:21:00,4.342,4.346,4.329,4.335,11013.23772
2019-11-19 15:20:00,4.342,4.348,4.331,4.342,11617.39825
2019-11-19 15:19:00,4.338,4.343,4.338,4.342,1058.65186
2019-11-19 15:18:00,4.354,4.354,4.333,4.337,23220.16426
2019-11-19 15:17:00,4.361,4.361,4.351,4.353,3906.7923
2019-11-19 15:16:00,4.373,4.373,4.361,4.362,7112.01636
2019-11-19 15:15:00,4.383,4.383,4.372,4.376,4486.49769
2019-11-19 15:14:00,4.37,4.384,4.365,4.384,6241.11504
2019-11-19 15:13:00,4.393,4.394,4.37,4.37,11395.85426
2019-11-19 15:12:00,4.391,4.394,4.39,4.394,764.01007
2019-11-19 15:11:00,4.389,4.396,4.389,4.39,2348.20391
2019-11-19 15:10:00,4.387,4.388,4.387,4.388,263.79874
2019-11-19 15:09:00,4.386,4.391,4.385,4.386,2004.26259
2019-11-19 15:08:00,4.383,4.387,4.374,4.387,4647.69891
2019-11-19 15:07:00,4.379,4.382,4.375,4.382,1861.06561
2019-11-19 15:06:00,4.384,4.384,4.382,4.382,1013.5167
2019-11-19 15:05:00,4.381,4.383,4.381,4.383,285.94418
2019-11-19 15:04:00,4.375,4.384,4.375,4.38,2450.56639
2019-11-19 15:03:00,4.377,4.377,4.372,4.374,1008.72543
2019-11-19 15:02:00,4.371,4.379,4.371,4.378,3170.24223
2019-11-19 15:01:00,4.37,4.371,4.367,4.371,572.38951
2019-11-19 15:00:00,4.37,4.372,4.367,4.37,1290.24006
2019-11-19 14:59:00,4.372,4.374,4.37,4.37,1658.77812
2019-11-19 14:58:00,4.368,4.373,4.368,4.372,1937.53127
2019-11-19 14:57:00,4.373,4.373,4.368,4.371,2266.47717
2019-11-19 14:56:00,4.378,4.383,4.368,4.374,10772.49952
2019-11-19 14:55:00,4.371,4.383,4.371,4.377,9630.87937
2019-11-19 14:54:00,4.377,4.382,4.372,4.373,3287.97396
2019-11-19 14:53:00,4.371,4.383,4.371,4.376,8246.50672
2019-11-19 14:52:00,4.368,4.373,4.358,4.372,5958.75876
2019-11-19 14:51:00,4.365,4.365,4.357,4.365,4311.00437
2019-11-19 14:50:00,4.37,4.375,4.36,4.365,12619.20442
2019-11-19 14:49:00,4.39,4.392,4.359,4.371,21638.00273
2019-11-19 14:48:00,4.4,4.4,4.377,4.393,12924.31109
2019-11-19 14:47:00,4.402,4.402,4.4,4.4,17890.51329
2019-11-19 14:46:00,4.407,4.408,4.4,4.4,1748.26403
2019-11-19 14:45:00,4.415,4.42,4.405,4.407,15232.3153
2019-11-19 14:44:00,4.415,4.415,4.414,4.415,1487.53662
2019-11-19 14:43:00,4.417,4.417,4.414,4.415,3653.82807
2019-11-19 14:42:00,4.415,4.417,4.415,4.416,1410.94842
2019-11-19 14:41:00,4.419,4.419,4.415,4.415,710.39749
2019-11-19 14:40:00,4.416,4.422,4.416,4.421,1935.80015
2019-11-19 14:39:00,4.421,4.421,4.415,4.416,634.04889
2019-11-19 14:38:00,4.415,4.421,4.415,4.421,3128.11577
2019-11-19 14:37:00,4.423,4.423,4.411,4.414,2464.15778
2019-11-19 14:36:00,4.422,4.425,4.417,4.423,8702.41886
2019-11-19 14:35:00,4.408,4.421,4.408,4.421,3242.29016
2019-11-19 14:34:00,4.408,4.408,4.407,4.407,680.63586
2019-11-19 14:33:00,4.41,4.41,4.407,4.407,421.24426
2019-11-19 14:32:00,4.41,4.41,4.41,4.41,0.22
2019-11-19 14:31:00,4.411,4.411,4.409,4.41,888.57354
2019-11-19 14:30:00,4.409,4.411,4.408,4.41,212.05459
2019-11-19 14:29:00,4.407,4.41,4.407,4.409,3543.7144
2019-11-19 14:28:00,4.411,4.411,4.406,4.408,1961.95777
2019-11-19 14:27:00,4.401,4.411,4.401,4.411,1954.86274
2019-11-19 14:26:00,4.404,4.404,4.396,4.401,4377.82329
2019-11-19 14:25:00,4.408,4.408,4.4,4.403,5990.07967
2019-11-19 14:24:00,4.412,4.412,4.4,4.408,11961.36554
2019-11-19 14:23:00,4.426,4.426,4.412,4.412,8169.21924
2019-11-19 14:22:00,4.417,4.424,4.416,4.424,2903.91035
2019-11-19 14:21:00,4.427,4.429,4.418,4.418,3776.82644
2019-11-19 14:20:00,4.435,4.441,4.428,4.428,3957.33445
2019-11-19 14:19:00,4.434,4.438,4.433,4.434,1185.47044
2019-11-19 14:18:00,4.418,4.433,4.418,4.433,2164.82248
2019-11-19 14:17:00,4.421,4.421,4.418,4.418,2805.22277
2019-11-19 14:16:00,4.423,4.425,4.421,4.421,4552.12454
2019-11-19 14:15:00,4.43,4.435,4.417,4.423,15751.26252
2019-11-19 14:14:00,4.436,4.44,4.431,4.431,2181.29338
2019-11-19 14:13:00,4.444,4.444,4.434,4.436,6849.02502
2019-11-19 14:12:00,4.444,4.446,4.444,4.444,713.00174
2019-11-19 14:11:00,4.444,4.444,4.444,4.444,77.26345
2019-11-19 14:10:00,4.445,4.445,4.445,4.445,1.59993
2019-11-19 14:09:00,4.446,4.446,4.441,4.445,1268.4362
2019-11-19 14:08:00,4.446,4.446,4.446,4.446,309.49809
2019-11-19 14:07:00,4.436,4.446,4.436,4.446,2445.39584
2019-11-19 14:06:00,4.441,4.441,4.434,4.435,1417.0014
2019-11-19 14:05:00,4.446,4.446,4.442,4.442,569.08571
2019-11-19 14:04:00,4.449,4.449,4.448,4.448,920.21629
2019-11-19 14:03:00,4.449,4.45,4.449,4.45,2975.56184
2019-11-19 14:02:00,4.451,4.451,4.447,4.45,2559.48128
2019-11-19 14:01:00,4.45,4.452,4.45,4.451,2000.54827
2019-11-19 14:00:00,4.45,4.453,4.45,4.451,1645.56039
2019-11-19 13:59:00,4.447,4.451,4.447,4.45,1906.64139
2019-11-19 13:58:00,4.449,4.449,4.447,4.448,1057.66966
2019-11-19 13:57:00,4.45,4.45,4.45,4.45,0
2019-11-19 13:56:00,4.45,4.452,4.449,4.45,606.49457
2019-11-19 13:55:00,4.449,4.449,4.447,4.449,709.21674
2019-11-19 13:54:00,4.453,4.455,4.449,4.449,1983.45
2019-11-19 13:53:00,4.447,4.453,4.447,4.452,635.04421
2019-11-19 13:52:00,4.448,4.448,4.448,4.448,1700.1986
2019-11-19 13:51:00,4.448,4.454,4.447,4.448,2410.69756
2019-11-19 13:50:00,4.447,4.447,4.447,4.447,414.27505
2019-11-19 13:49:00,4.451,4.451,4.448,4.448,2643.79019
2019-11-19 13:48:00,4.436,4.448,4.434,4.448,3346.07426
2019-11-19 13:47:00,4.428,4.436,4.42,4.435,6656.54461
2019-11-19 13:46:00,4.439,4.44,4.425,4.429,3802.21752
2019-11-19 13:45:00,4.445,4.445,4.438,4.439,4253.0861
2019-11-19 13:44:00,4.443,4.444,4.439,4.443,3361.11078
2019-11-19 13:43:00,4.436,4.446,4.435,4.444,6106.36224
2019-11-19 13:42:00,4.449,4.45,4.435,4.435,3220.89653
2019-11-19 13:41:00,4.456,4.457,4.45,4.45,1778.3481
2019-11-19 13:40:00,4.468,4.468,4.456,4.456,1708.77034
2019-11-19 13:39:00,4.469,4.469,4.468,4.468,19.7896
2019-11-19 13:38:00,4.47,4.47,4.47,4.47,0
2019-11-19 13:37:00,4.474,4.474,4.469,4.47,939.23543
2019-11-19 13:36:00,4.475,4.475,4.475,4.475,0
2019-11-19 13:35:00,4.475,4.475,4.475,4.475,9.2689
2019-11-19 13:34:00,4.475,4.475,4.475,4.475,0
2019-11-19 13:33:00,4.475,4.475,4.475,4.475,37.45661
2019-11-19 13:32:00,4.476,4.476,4.476,4.476,0
2019-11-19 13:31:00,4.476,4.476,4.476,4.476,0
2019-11-19 13:30:00,4.476,4.476,4.476,4.476,1560.43139
2019-11-19 13:29:00,4.476,4.476,4.476,4.476,0
2019-11-19 13:28:00,4.476,4.476,4.476,4.476,0
2019-11-19 13:27:00,4.476,4.476,4.476,4.476,0
2019-11-19 13:26:00,4.476,4.476,4.476,4.476,44.69273
2019-11-19 13:25:00,4.475,4.476,4.475,4.476,202.26042
2019-11-19 13:24:00,4.476,4.476,4.476,4.476,639.74679
2019-11-19 13:23:00,4.476,4.477,4.476,4.477,236.28995
2019-11-19 13:22:00,4.475,4.477,4.475,4.475,2796.59796
2019-11-19 13:21:00,4.476,4.479,4.475,4.477,2554.17731
2019-11-19 13:20:00,4.477,4.477,4.476,4.476,419.6376
2019-11-19 13:19:00,4.481,4.481,4.475,4.475,3208.45664
2019-11-19 13:18:00,4.471,4.485,4.47,4.481,6486.20975
2019-11-19 13:17:00,4.491,4.491,4.469,4.476,6179.78988
2019-11-19 13:16:00,4.491,4.492,4.491,4.491,44.55397
2019-11-19 13:15:00,4.497,4.497,4.488,4.488,5954.15224
2019-11-19 13:14:00,4.496,4.501,4.496,4.496,1706.43995
2019-11-19 13:13:00,4.495,4.496,4.495,4.496,2305.95669
2019-11-19 13:12:00,4.493,4.497,4.493,4.494,1363.87171
2019-11-19 13:11:00,4.487,4.493,4.484,4.492,9672.46359
2019-11-19 13:10:00,4.488,4.493,4.482,4.487,7433.06927
2019-11-19 13:09:00,4.495,4.496,4.488,4.488,242.7294
2019-11-19 13:08:00,4.488,4.496,4.488,4.496,2249.91698
2019-11-19 13:07:00,4.49,4.49,4.487,4.488,2004.73666
2019-11-19 13:06:00,4.495,4.495,4.491,4.491,3146.86039
2019-11-19 13:05:00,4.491,4.496,4.491,4.495,4530.61554
2019-11-19 13:04:00,4.478,4.491,4.475,4.49,3404.23014
2019-11-19 13:03:00,4.478,4.478,4.476,4.477,2596.46186
2019-11-19 13:02:00,4.48,4.481,4.479,4.479,706.42323
2019-11-19 13:01:00,4.497,4.497,4.479,4.481,23600.52725
2019-11-19 13:00:00,4.498,4.498,4.498,4.498,1
2019-11-19 12:59:00,4.498,4.498,4.498,4.498,44.21844
2019-11-19 12:58:00,4.497,4.498,4.492,4.498,4171.16802
2019-11-19 12:57:00,4.498,4.498,4.498,4.498,0
2019-11-19 12:56:00,4.504,4.504,4.498,4.498,1289.69116
2019-11-19 12:55:00,4.506,4.506,4.505,4.505,267.194
2019-11-19 12:54:00,4.507,4.509,4.507,4.509,600.53696
2019-11-19 12:53:00,4.508,4.508,4.507,4.507,772.68036
2019-11-19 12:52:00,4.508,4.508,4.507,4.507,2624.09132
2019-11-19 12:51:00,4.509,4.509,4.509,4.509,1.74687
2019-11-19 12:50:00,4.509,4.51,4.508,4.509,434.0328
2019-11-19 12:49:00,4.507,4.508,4.507,4.508,677.03046
2019-11-19 12:48:00,4.509,4.51,4.506,4.51,2148.5837
2019-11-19 12:47:00,4.51,4.51,4.51,4.51,285.02428
2019-11-19 12:46:00,4.507,4.51,4.507,4.51,67.71181
2019-11-19 12:45:00,4.506,4.506,4.506,4.506,232.79197
2019-11-19 12:44:00,4.506,4.507,4.506,4.507,502.18179
2019-11-19 12:43:00,4.505,4.509,4.504,4.506,5588.92735
2019-11-19 12:42:00,4.512,4.512,4.504,4.504,2024.77477
2019-11-19 12:41:00,4.519,4.519,4.503,4.509,4829.86501
2019-11-19 12:40:00,4.504,4.519,4.504,4.519,2973.36124
2019-11-19 12:39:00,4.499,4.504,4.493,4.504,3122.09044
2019-11-19 12:38:00,4.492,4.497,4.489,4.497,2909.0881
2019-11-19 12:37:00,4.488,4.493,4.488,4.493,7518.07417
2019-11-19 12:36:00,4.482,4.486,4.478,4.485,4874.80707
2019-11-19 12:35:00,4.466,4.484,4.466,4.482,9541.52196
2019-11-19 12:34:00,4.459,4.463,4.458,4.463,1951.16795
2019-11-19 12:33:00,4.465,4.467,4.459,4.459,1816.18612
2019-11-19 12:32:00,4.456,4.469,4.451,4.467,5471.13727
2019-11-19 12:31:00,4.459,4.466,4.448,4.459,6670.88643
2019-11-19 12:30:00,4.459,4.467,4.459,4.459,4500.2268
2019-11-19 12:29:00,4.46,4.46,4.458,4.458,785.47226
2019-11-19 12:28:00,4.462,4.465,4.46,4.461,2593.58681
2019-11-19 12:27:00,4.459,4.466,4.455,4.466,2870.80999
2019-11-19 12:26:00,4.46,4.46,4.46,4.46,495.93608
2019-11-19 12:25:00,4.461,4.462,4.46,4.46,2058.18486
2019-11-19 12:24:00,4.463,4.466,4.46,4.46,2128.93711
2019-11-19 12:23:00,4.449,4.461,4.444,4.459,10059.03677
2019-11-19 12:22:00,4.448,4.452,4.448,4.45,7181.00555
2019-11-19 12:21:00,4.46,4.46,4.445,4.445,1138.82782
2019-11-19 12:20:00,4.468,4.468,4.46,4.46,7030.72639
2019-11-19 12:19:00,4.463,4.469,4.457,4.469,2683.51234
2019-11-19 12:18:00,4.477,4.477,4.458,4.46,3528.387
2019-11-19 12:17:00,4.484,4.484,4.477,4.477,776.28446
2019-11-19 12:16:00,4.49,4.494,4.485,4.485,1595.0515
2019-11-19 12:15:00,4.501,4.506,4.491,4.493,4110.67163
2019-11-19 12:14:00,4.51,4.512,4.496,4.504,9722.0068
2019-11-19 12:13:00,4.521,4.521,4.509,4.51,1089.84982
2019-11-19 12:12:00,4.525,4.525,4.522,4.522,341.39579
2019-11-19 12:11:00,4.53,4.532,4.523,4.525,13978.78005
2019-11-19 12:10:00,4.521,4.531,4.521,4.53,6261.89537
2019-11-19 12:09:00,4.524,4.524,4.509,4.517,7210.68315
2019-11-19 12:08:00,4.533,4.533,4.513,4.523,19306.84647
2019-11-19 12:07:00,4.496,4.541,4.495,4.535,19992.97678
2019-11-19 12:06:00,4.491,4.508,4.49,4.497,8647.98138
2019-11-19 12:05:00,4.476,4.491,4.475,4.491,3872.46914
2019-11-19 12:04:00,4.463,4.477,4.463,4.476,15361.79554
2019-11-19 12:03:00,4.459,4.464,4.459,4.464,9352.882
2019-11-19 12:02:00,4.455,4.46,4.455,4.459,2729.0392
2019-11-19 12:01:00,4.448,4.455,4.447,4.455,1975.42593
2019-11-19 12:00:00,4.444,4.45,4.444,4.448,6003.01278
2019-11-19 11:59:00,4.437,4.444,4.437,4.443,9224.54288
2019-11-19 11:58:00,4.432,4.439,4.432,4.437,1248.85045
2019-11-19 11:57:00,4.432,4.432,4.432,4.432,0
2019-11-19 11:56:00,4.431,4.432,4.431,4.432,1221.9293
2019-11-19 11:55:00,4.431,4.432,4.431,4.432,320.91163
2019-11-19 11:54:00,4.433,4.436,4.429,4.431,697.02961
2019-11-19 11:53:00,4.433,4.434,4.433,4.433,447.17568
2019-11-19 11:52:00,4.433,4.433,4.433,4.433,952.435
2019-11-19 11:51:00,4.43,4.433,4.43,4.433,342.85528
2019-11-19 11:50:00,4.43,4.43,4.427,4.429,1678.14594
2019-11-19 11:49:00,4.436,4.436,4.43,4.43,1806.54981
2019-11-19 11:48:00,4.436,4.436,4.436,4.436,905.03346
2019-11-19 11:47:00,4.436,4.436,4.435,4.435,1800.18296
2019-11-19 11:46:00,4.436,4.438,4.436,4.438,1160.44473
2019-11-19 11:45:00,4.43,4.434,4.43,4.434,1237.39076
2019-11-19 11:44:00,4.429,4.429,4.428,4.429,1767.99089
2019-11-19 11:43:00,4.429,4.43,4.427,4.429,222.63169
2019-11-19 11:42:00,4.428,4.43,4.428,4.429,1563.11787
2019-11-19 11:41:00,4.432,4.432,4.429,4.429,863.74588
2019-11-19 11:40:00,4.434,4.434,4.434,4.434,0
2019-11-19 11:39:00,4.431,4.434,4.43,4.434,600.32363
2019-11-19 11:38:00,4.431,4.434,4.431,4.434,252.16881
2019-11-19 11:37:00,4.429,4.431,4.429,4.431,11.28868
2019-11-19 11:36:00,4.429,4.429,4.429,4.429,232.405
2019-11-19 11:35:00,4.428,4.429,4.428,4.429,1108.7747
2019-11-19 11:34:00,4.428,4.428,4.428,4.428,0.03364
2019-11-19 11:33:00,4.427,4.428,4.427,4.427,349.13166
2019-11-19 11:32:00,4.427,4.427,4.427,4.427,1137.46343
2019-11-19 11:31:00,4.428,4.429,4.426,4.427,3095.67422
2019-11-19 11:30:00,4.431,4.431,4.426,4.428,2333.52585
2019-11-19 11:29:00,4.427,4.431,4.427,4.43,2307.74197
2019-11-19 11:28:00,4.431,4.433,4.427,4.427,4239.96838
2019-11-19 11:27:00,4.429,4.43,4.429,4.43,839.98046
2019-11-19 11:26:00,4.425,4.43,4.425,4.428,4402.23657
2019-11-19 11:25:00,4.418,4.424,4.418,4.424,3804.18917
2019-11-19 11:24:00,4.42,4.42,4.418,4.418,13.53589
2019-11-19 11:23:00,4.42,4.42,4.42,4.42,0
2019-11-19 11:22:00,4.42,4.42,4.418,4.42,705.30087
2019-11-19 11:21:00,4.42,4.42,4.42,4.42,20.96957
2019-11-19 11:20:00,4.419,4.422,4.419,4.421,1162.44922
2019-11-19 11:19:00,4.421,4.421,4.42,4.42,1741.99546
2019-11-19 11:18:00,4.42,4.421,4.42,4.421,1532.63962
2019-11-19 11:17:00,4.42,4.42,4.419,4.42,707.62019
2019-11-19 11:16:00,4.421,4.421,4.42,4.42,985.86342
2019-11-19 11:15:00,4.421,4.423,4.416,4.421,3196.1584
2019-11-19 11:14:00,4.422,4.422,4.422,4.422,2.01749
2019-11-19 11:13:00,4.422,4.422,4.422,4.422,3.0002
2019-11-19 11:12:00,4.422,4.422,4.422,4.422,7.48599
2019-11-19 11:11:00,4.422,4.422,4.422,4.422,20.93538
2019-11-19 11:10:00,4.422,4.422,4.422,4.422,0.56177
2019-11-19 11:09:00,4.423,4.423,4.421,4.422,2807.15344
2019-11-19 11:08:00,4.423,4.423,4.423,4.423,2.46485
2019-11-19 11:07:00,4.426,4.426,4.423,4.423,119.95324
2019-11-19 11:06:00,4.426,4.426,4.426,4.426,15.97014
2019-11-19 11:05:00,4.431,4.431,4.427,4.427,3363.287
2019-11-19 11:04:00,4.432,4.432,4.432,4.432,5.27436
2019-11-19 11:03:00,4.434,4.434,4.433,4.433,80.89667
2019-11-19 11:02:00,4.434,4.434,4.434,4.434,1375.4595
2019-11-19 11:01:00,4.433,4.435,4.433,4.434,791.45434
2019-11-19 11:00:00,4.434,4.434,4.43,4.433,1714.8852
2019-11-19 10:59:00,4.435,4.435,4.434,4.435,1862.80083
2019-11-19 10:58:00,4.432,4.432,4.432,4.432,3.957
2019-11-19 10:57:00,4.434,4.434,4.434,4.434,0
2019-11-19 10:56:00,4.435,4.435,4.434,4.434,68.15241
2019-11-19 10:55:00,4.432,4.435,4.432,4.435,1198.29503
2019-11-19 10:54:00,4.431,4.433,4.431,4.432,1732.9834
2019-11-19 10:53:00,4.431,4.431,4.431,4.431,0
2019-11-19 10:52:00,4.431,4.431,4.431,4.431,0
2019-11-19 10:51:00,4.431,4.431,4.431,4.431,0
2019-11-19 10:50:00,4.429,4.431,4.429,4.431,2605.58895
2019-11-19 10:49:00,4.429,4.43,4.429,4.43,71.30841
2019-11-19 10:48:00,4.43,4.43,4.43,4.43,60.49889
2019-11-19 10:47:00,4.431,4.431,4.431,4.431,0
2019-11-19 10:46:00,4.431,4.431,4.431,4.431,0
2019-11-19 10:45:00,4.432,4.433,4.43,4.431,2756.46401
2019-11-19 10:44:00,4.433,4.433,4.431,4.431,498.78502
2019-11-19 10:43:00,4.436,4.436,4.431,4.432,325.46174
2019-11-19 10:42:00,4.436,4.436,4.436,4.436,120.62528
2019-11-19 10:41:00,4.435,4.436,4.435,4.436,1642.85517
2019-11-19 10:40:00,4.436,4.44,4.434,4.434,2095.40687
2019-11-19 10:39:00,4.434,4.436,4.434,4.436,1122.12735
2019-11-19 10:38:00,4.433,4.434,4.433,4.434,1019.03355
2019-11-19 10:37:00,4.431,4.433,4.431,4.433,2192.11389
2019-11-19 10:36:00,4.433,4.435,4.431,4.431,366.92422
2019-11-19 10:35:00,4.424,4.431,4.424,4.431,1633.60818
2019-11-19 10:34:00,4.424,4.424,4.423,4.423,1007.33927
2019-11-19 10:33:00,4.425,4.425,4.425,4.425,24.41899
2019-11-19 10:32:00,4.426,4.426,4.425,4.425,655.58541
2019-11-19 10:31:00,4.425,4.427,4.425,4.427,444.84114
2019-11-19 10:30:00,4.427,4.428,4.425,4.425,1465.2202
2019-11-19 10:29:00,4.426,4.428,4.426,4.427,1421.45671
2019-11-19 10:28:00,4.427,4.427,4.426,4.427,381.28936
2019-11-19 10:27:00,4.427,4.427,4.427,4.427,8.92876
2019-11-19 10:26:00,4.429,4.429,4.427,4.427,381.91802
2019-11-19 10:25:00,4.438,4.438,4.429,4.429,2438.00166
2019-11-19 10:24:00,4.437,4.438,4.437,4.438,1461.4595
2019-11-19 10:23:00,4.439,4.439,4.437,4.438,359.63702
2019-11-19 10:22:00,4.431,4.438,4.431,4.437,2846.95321
2019-11-19 10:21:00,4.438,4.438,4.432,4.432,3842.90979
2019-11-19 10:20:00,4.439,4.439,4.436,4.436,98.75422
2019-11-19 10:19:00,4.437,4.439,4.432,4.439,4339.1584
2019-11-19 10:18:00,4.434,4.438,4.434,4.437,505.34335
2019-11-19 10:17:00,4.434,4.434,4.432,4.432,450.11778
2019-11-19 10:16:00,4.437,4.437,4.432,4.434,1589.35139
2019-11-19 10:15:00,4.439,4.445,4.437,4.437,4871.81247
2019-11-19 10:14:00,4.441,4.441,4.436,4.44,1233.60935
2019-11-19 10:13:00,4.438,4.442,4.435,4.441,2968.91736
2019-11-19 10:12:00,4.445,4.445,4.432,4.438,6635.61258
2019-11-19 10:11:00,4.44,4.448,4.44,4.445,4277.97421
2019-11-19 10:10:00,4.431,4.439,4.431,4.438,6806.79796
2019-11-19 10:09:00,4.43,4.437,4.43,4.43,1180.84684
2019-11-19 10:08:00,4.419,4.433,4.419,4.431,9776.47492
2019-11-19 10:07:00,4.417,4.419,4.414,4.419,1400.31896
2019-11-19 10:06:00,4.421,4.422,4.418,4.418,866.32073
2019-11-19 10:05:00,4.411,4.422,4.411,4.42,4934.87447
2019-11-19 10:04:00,4.407,4.42,4.407,4.411,10115.23671
2019-11-19 10:03:00,4.399,4.411,4.399,4.408,4176.0582
2019-11-19 10:02:00,4.391,4.399,4.391,4.399,5832.05331
2019-11-19 10:01:00,4.383,4.392,4.377,4.392,11475.0283
2019-11-19 10:00:00,4.367,4.384,4.367,4.384,9478.91256
2019-11-19 09:59:00,4.364,4.367,4.364,4.366,2164.27232
2019-11-19 09:58:00,4.358,4.366,4.358,4.365,4560.39753
2019-11-19 09:57:00,4.356,4.359,4.356,4.359,293.07237
2019-11-19 09:56:00,4.354,4.356,4.354,4.355,1771.38687
2019-11-19 09:55:00,4.353,4.354,4.353,4.353,2516.4657
2019-11-19 09:54:00,4.352,4.357,4.352,4.354,2107.92758
2019-11-19 09:53:00,4.353,4.353,4.352,4.352,529.32213
2019-11-19 09:52:00,4.353,4.353,4.352,4.352,354.14466
2019-11-19 09:51:00,4.353,4.353,4.353,4.353,0.48627
2019-11-19 09:50:00,4.353,4.353,4.353,4.353,0.08975
2019-11-19 09:49:00,4.353,4.353,4.353,4.353,8.34077
2019-11-19 09:48:00,4.353,4.353,4.353,4.353,2301.13205
2019-11-19 09:47:00,4.354,4.354,4.354,4.354,953.75252
2019-11-19 09:46:00,4.354,4.354,4.353,4.354,1096.12249
2019-11-19 09:45:00,4.354,4.355,4.354,4.354,3817.85947
2019-11-19 09:44:00,4.354,4.354,4.354,4.354,4.28115
2019-11-19 09:43:00,4.349,4.36,4.349,4.354,3790.81959
2019-11-19 09:42:00,4.357,4.357,4.348,4.348,1241.94302
2019-11-19 09:41:00,4.363,4.363,4.355,4.357,2932.28407
2019-11-19 09:40:00,4.356,4.361,4.356,4.361,678.9416
2019-11-19 09:39:00,4.352,4.355,4.352,4.355,3051.00663
2019-11-19 09:38:00,4.349,4.352,4.349,4.351,4940.33459
2019-11-19 09:37:00,4.35,4.35,4.349,4.349,2028.00578
2019-11-19 09:36:00,4.343,4.349,4.343,4.347,2246.06117
2019-11-19 09:35:00,4.343,4.343,4.343,4.343,136.78531
2019-11-19 09:34:00,4.342,4.342,4.342,4.342,0
2019-11-19 09:33:00,4.341,4.343,4.341,4.342,1934.13473
2019-11-19 09:32:00,4.343,4.343,4.341,4.341,655.97991
2019-11-19 09:31:00,4.344,4.345,4.34,4.343,712.69241
2019-11-19 09:30:00,4.347,4.347,4.346,4.346,1957.34157
2019-11-19 09:29:00,4.35,4.35,4.347,4.347,104.14213
2019-11-19 09:28:00,4.351,4.351,4.351,4.351,0
2019-11-19 09:27:00,4.351,4.351,4.351,4.351,872.96498
2019-11-19 09:26:00,4.353,4.353,4.352,4.352,873.44448
2019-11-19 09:25:00,4.355,4.355,4.355,4.355,191.55406
2019-11-19 09:24:00,4.361,4.361,4.356,4.356,3016.24771
2019-11-19 09:23:00,4.363,4.363,4.363,4.363,465.24644
2019-11-19 09:22:00,4.363,4.363,4.363,4.363,5.69437
2019-11-19 09:21:00,4.365,4.365,4.365,4.365,12.42593
2019-11-19 09:20:00,4.368,4.368,4.365,4.365,954.38087
2019-11-19 09:19:00,4.369,4.369,4.369,4.369,0
2019-11-19 09:18:00,4.372,4.372,4.369,4.369,1951.78235
2019-11-19 09:17:00,4.372,4.372,4.372,4.372,1651.58704
2019-11-19 09:16:00,4.372,4.372,4.372,4.372,0
2019-11-19 09:15:00,4.373,4.373,4.373,4.373,36.92297
2019-11-19 09:14:00,4.374,4.374,4.372,4.372,1904.05687
2019-11-19 09:13:00,4.374,4.374,4.374,4.374,9.07429
2019-11-19 09:12:00,4.374,4.374,4.374,4.374,7.93832
2019-11-19 09:11:00,4.374,4.374,4.374,4.374,147.21088
2019-11-19 09:10:00,4.374,4.374,4.374,4.374,6.41529
2019-11-19 09:09:00,4.374,4.374,4.373,4.374,1602.56911
2019-11-19 09:08:00,4.374,4.375,4.373,4.373,222.8944
2019-11-19 09:07:00,4.373,4.374,4.372,4.374,767.60736
2019-11-19 09:06:00,4.37,4.374,4.37,4.372,523.10148
2019-11-19 09:05:00,4.371,4.371,4.369,4.37,498.31817
2019-11-19 09:04:00,4.37,4.374,4.37,4.37,3327.38193
2019-11-19 09:03:00,4.369,4.371,4.369,4.37,498.2206
2019-11-19 09:02:00,4.368,4.368,4.368,4.368,0
2019-11-19 09:01:00,4.369,4.369,4.368,4.368,300.73756
2019-11-19 09:00:00,4.369,4.37,4.369,4.369,260.02302
2019-11-19 08:59:00,4.368,4.369,4.368,4.369,38.00891
2019-11-19 08:58:00,4.367,4.369,4.367,4.369,236.72292
2019-11-19 08:57:00,4.367,4.367,4.367,4.367,0
2019-11-19 08:56:00,4.368,4.368,4.367,4.367,1167.48093
2019-11-19 08:55:00,4.37,4.37,4.369,4.369,10.18151
2019-11-19 08:54:00,4.369,4.369,4.369,4.369,8.48355
2019-11-19 08:53:00,4.37,4.37,4.37,4.37,0
2019-11-19 08:52:00,4.371,4.371,4.37,4.37,421.9944
2019-11-19 08:51:00,4.371,4.371,4.371,4.371,0.217
2019-11-19 08:50:00,4.371,4.371,4.371,4.371,0
2019-11-19 08:49:00,4.369,4.372,4.369,4.371,1765.34437
2019-11-19 08:48:00,4.369,4.37,4.368,4.369,1152.45576
2019-11-19 08:47:00,4.368,4.37,4.368,4.37,281.93314
2019-11-19 08:46:00,4.369,4.369,4.369,4.369,21.39864
2019-11-19 08:45:00,4.368,4.368,4.368,4.368,0
2019-11-19 08:44:00,4.368,4.369,4.365,4.368,1678.96894
2019-11-19 08:43:00,4.372,4.372,4.367,4.368,4746.09966
2019-11-19 08:42:00,4.373,4.375,4.37,4.372,8950.7033
2019-11-19 08:41:00,4.373,4.374,4.373,4.373,391.84187
2019-11-19 08:40:00,4.375,4.376,4.373,4.373,2205.70698
2019-11-19 08:39:00,4.375,4.375,4.373,4.373,3145.20595
2019-11-19 08:38:00,4.375,4.377,4.374,4.376,598.53747
2019-11-19 08:37:00,4.376,4.376,4.374,4.374,224.15142
2019-11-19 08:36:00,4.376,4.376,4.376,4.376,303.45656
2019-11-19 08:35:00,4.374,4.379,4.374,4.378,182.69841
2019-11-19 08:34:00,4.375,4.375,4.374,4.374,53.72568
2019-11-19 08:33:00,4.379,4.379,4.376,4.376,3011.08985
2019-11-19 08:32:00,4.381,4.381,4.378,4.379,2793.70282
2019-11-19 08:31:00,4.382,4.382,4.381,4.381,1034.50079
2019-11-19 08:30:00,4.377,4.382,4.377,4.382,871.67616
2019-11-19 08:29:00,4.379,4.379,4.377,4.377,510.27551
2019-11-19 08:28:00,4.378,4.379,4.378,4.379,1464.70747
2019-11-19 08:27:00,4.379,4.379,4.376,4.378,1660.08817
2019-11-19 08:26:00,4.379,4.38,4.378,4.38,533.38696
2019-11-19 08:25:00,4.385,4.385,4.385,4.385,0.03947
2019-11-19 08:24:00,4.387,4.387,4.387,4.387,0
2019-11-19 08:23:00,4.387,4.387,4.387,4.387,1522.45823
2019-11-19 08:22:00,4.388,4.389,4.388,4.388,1660.68317
2019-11-19 08:21:00,4.388,4.388,4.388,4.388,0
2019-11-19 08:20:00,4.388,4.388,4.388,4.388,2
2019-11-19 08:19:00,4.387,4.387,4.386,4.387,4681.59998
2019-11-19 08:18:00,4.387,4.387,4.387,4.387,1930.36086
2019-11-19 08:17:00,4.386,4.39,4.381,4.388,3070.57493
2019-11-19 08:16:00,4.39,4.391,4.385,4.385,2115.78593
2019-11-19 08:15:00,4.39,4.393,4.389,4.389,2987.9015
2019-11-19 08:14:00,4.398,4.404,4.388,4.39,4331.22493
2019-11-19 08:13:00,4.387,4.399,4.387,4.399,3770.93107
2019-11-19 08:12:00,4.391,4.393,4.387,4.387,6507.23399
2019-11-19 08:11:00,4.38,4.392,4.38,4.391,2660.80723
2019-11-19 08:10:00,4.368,4.382,4.361,4.379,7364.28187
2019-11-19 08:09:00,4.364,4.369,4.363,4.369,567.46953
2019-11-19 08:08:00,4.361,4.365,4.361,4.364,739.43972
2019-11-19 08:07:00,4.358,4.364,4.358,4.361,4094.97795
2019-11-19 08:06:00,4.362,4.362,4.36,4.36,2132.36193
2019-11-19 08:05:00,4.355,4.362,4.355,4.362,1248.43404
2019-11-19 08:04:00,4.347,4.355,4.347,4.355,1652.20084
2019-11-19 08:03:00,4.35,4.352,4.345,4.347,6407.52555
2019-11-19 08:02:00,4.357,4.358,4.352,4.352,4048.29078
2019-11-19 08:01:00,4.357,4.359,4.354,4.357,2500.69841
2019-11-19 08:00:00,4.365,4.365,4.357,4.358,1014.18562
2019-11-19 07:59:00,4.368,4.368,4.366,4.366,831.58148
2019-11-19 07:58:00,4.373,4.373,4.367,4.368,1140.8156
2019-11-19 07:57:00,4.374,4.374,4.373,4.373,1544.35069
2019-11-19 07:56:00,4.373,4.374,4.373,4.373,942.34138
2019-11-19 07:55:00,4.377,4.377,4.373,4.373,2892.04338
2019-11-19 07:54:00,4.377,4.377,4.377,4.377,1122.19201
2019-11-19 07:53:00,4.38,4.38,4.378,4.378,779.07986
2019-11-19 07:52:00,4.382,4.382,4.38,4.38,2149.67845
2019-11-19 07:51:00,4.385,4.386,4.383,4.383,1555.68385
2019-11-19 07:50:00,4.385,4.389,4.376,4.383,5275.95982
2019-11-19 07:49:00,4.372,4.389,4.372,4.387,2449.47289
2019-11-19 07:48:00,4.369,4.371,4.369,4.371,1512.10347
2019-11-19 07:47:00,4.37,4.37,4.369,4.369,229.66827
2019-11-19 07:46:00,4.376,4.376,4.371,4.371,744.20089
2019-11-19 07:45:00,4.374,4.378,4.373,4.378,1620.90118
2019-11-19 07:44:00,4.369,4.374,4.368,4.374,3210.50614
2019-11-19 07:43:00,4.374,4.375,4.367,4.367,1625.30719
2019-11-19 07:42:00,4.376,4.377,4.373,4.374,545.0658
2019-11-19 07:41:00,4.379,4.379,4.376,4.376,974.88776
2019-11-19 07:40:00,4.379,4.379,4.379,4.379,389.70368
2019-11-19 07:39:00,4.382,4.382,4.378,4.378,480.01169
2019-11-19 07:38:00,4.385,4.385,4.381,4.381,2309.8401
2019-11-19 07:37:00,4.392,4.392,4.386,4.386,4849.51263
2019-11-19 07:36:00,4.393,4.393,4.393,4.393,47.90306
2019-11-19 07:35:00,4.393,4.395,4.393,4.393,1848.25755
2019-11-19 07:34:00,4.394,4.394,4.393,4.393,705.07818
2019-11-19 07:33:00,4.394,4.394,4.394,4.394,1.06787
2019-11-19 07:32:00,4.394,4.394,4.394,4.394,1.15075
2019-11-19 07:31:00,4.394,4.394,4.394,4.394,0.50828
2019-11-19 07:30:00,4.394,4.394,4.394,4.394,0
2019-11-19 07:29:00,4.394,4.394,4.394,4.394,0
2019-11-19 07:28:00,4.394,4.394,4.394,4.394,216.02711
2019-11-19 07:27:00,4.395,4.397,4.394,4.394,1259.45302
2019-11-19 07:26:00,4.395,4.395,4.394,4.394,457.951
2019-11-19 07:25:00,4.395,4.395,4.395,4.395,30.07189
2019-11-19 07:24:00,4.396,4.396,4.396,4.396,123.33458
2019-11-19 07:23:00,4.397,4.397,4.397,4.397,962.12499
2019-11-19 07:22:00,4.395,4.397,4.391,4.396,5270.13642
2019-11-19 07:21:00,4.393,4.393,4.393,4.393,169.98665
2019-11-19 07:20:00,4.396,4.396,4.393,4.393,1535.08466
2019-11-19 07:19:00,4.396,4.397,4.395,4.397,1579.02797
2019-11-19 07:18:00,4.398,4.398,4.396,4.396,515.58488
2019-11-19 07:17:00,4.396,4.398,4.396,4.398,1509.85235
2019-11-19 07:16:00,4.395,4.397,4.395,4.396,1616.20128
2019-11-19 07:15:00,4.398,4.398,4.393,4.397,2968.45951
2019-11-19 07:14:00,4.394,4.398,4.393,4.396,1099.39397
2019-11-19 07:13:00,4.392,4.395,4.392,4.393,2840.0132
2019-11-19 07:12:00,4.392,4.393,4.391,4.392,1209.60938
2019-11-19 07:11:00,4.39,4.391,4.389,4.391,713.38071
2019-11-19 07:10:00,4.389,4.392,4.389,4.391,2911.43733
2019-11-19 07:09:00,4.387,4.392,4.387,4.389,1115.2845
2019-11-19 07:08:00,4.384,4.389,4.384,4.388,4211.40085
2019-11-19 07:07:00,4.382,4.386,4.382,4.385,3255.20815
2019-11-19 07:06:00,4.386,4.388,4.381,4.382,2233.91293
2019-11-19 07:05:00,4.377,4.383,4.377,4.383,2240.70112
2019-11-19 07:04:00,4.378,4.379,4.375,4.375,3043.77085
2019-11-19 07:03:00,4.382,4.382,4.376,4.376,299.46047
2019-11-19 07:02:00,4.386,4.386,4.379,4.379,405.72476
2019-11-19 07:01:00,4.387,4.387,4.385,4.386,3557.61763
2019-11-19 07:00:00,4.39,4.39,4.388,4.388,1701.20621
2019-11-19 06:59:00,4.395,4.395,4.39,4.39,987.94675
2019-11-19 06:58:00,4.393,4.396,4.393,4.395,913.30821
2019-11-19 06:57:00,4.393,4.393,4.393,4.393,1.56044
2019-11-19 06:56:00,4.399,4.399,4.394,4.394,792.52754
2019-11-19 06:55:00,4.4,4.401,4.4,4.4,1310.56087
2019-11-19 06:54:00,4.401,4.402,4.401,4.401,1492.02493
2019-11-19 06:53:00,4.402,4.402,4.401,4.401,1808.87463
2019-11-19 06:52:00,4.402,4.402,4.402,4.402,0
2019-11-19 06:51:00,4.403,4.404,4.402,4.402,1362.31651
2019-11-19 06:50:00,4.403,4.403,4.4,4.403,2979.23353
2019-11-19 06:49:00,4.403,4.404,4.401,4.403,1380.37339
2019-11-19 06:48:00,4.402,4.402,4.402,4.402,218.87331
2019-11-19 06:47:00,4.402,4.402,4.402,4.402,66.0083
2019-11-19 06:46:00,4.401,4.402,4.401,4.402,1345.04078
2019-11-19 06:45:00,4.401,4.401,4.401,4.401,1365.58577
2019-11-19 06:44:00,4.403,4.403,4.401,4.401,358.95356
2019-11-19 06:43:00,4.404,4.404,4.402,4.403,799.0474
2019-11-19 06:42:00,4.399,4.405,4.399,4.403,3773.79755
2019-11-19 06:41:00,4.397,4.399,4.396,4.399,1814.23918
2019-11-19 06:40:00,4.4,4.402,4.398,4.398,2515.42818
2019-11-19 06:39:00,4.402,4.403,4.401,4.401,899.26466
2019-11-19 06:38:00,4.402,4.402,4.402,4.402,2.44721
2019-11-19 06:37:00,4.402,4.402,4.402,4.402,2
2019-11-19 06:36:00,4.398,4.399,4.397,4.399,230.4863
2019-11-19 06:35:00,4.398,4.398,4.397,4.397,3518.84559
2019-11-19 06:34:00,4.397,4.398,4.397,4.398,1393.39908
2019-11-19 06:33:00,4.395,4.397,4.393,4.397,783.0416
2019-11-19 06:32:00,4.398,4.398,4.394,4.394,1283.60391
2019-11-19 06:31:00,4.399,4.399,4.396,4.397,582.27286
2019-11-19 06:30:00,4.399,4.399,4.397,4.397,2538.31837
2019-11-19 06:29:00,4.399,4.399,4.399,4.399,873.01897
2019-11-19 06:28:00,4.399,4.399,4.399,4.399,1943.3923
2019-11-19 06:27:00,4.4,4.4,4.399,4.399,1882.3423
2019-11-19 06:26:00,4.4,4.4,4.4,4.4,621.4711
2019-11-19 06:25:00,4.4,4.4,4.4,4.4,1106.53621
2019-11-19 06:24:00,4.4,4.401,4.4,4.4,822.91849
2019-11-19 06:23:00,4.401,4.401,4.401,4.401,2255.95969
2019-11-19 06:22:00,4.398,4.4,4.398,4.4,600.44491
2019-11-19 06:21:00,4.396,4.398,4.396,4.398,1495.26674
2019-11-19 06:20:00,4.388,4.396,4.388,4.395,8154.46781
2019-11-19 06:19:00,4.389,4.389,4.386,4.386,1378.10391
2019-11-19 06:18:00,4.393,4.393,4.392,4.392,2.00001
2019-11-19 06:17:00,4.393,4.395,4.392,4.393,360.65009
2019-11-19 06:16:00,4.396,4.396,4.394,4.395,2618.1548
2019-11-19 06:15:00,4.396,4.398,4.395,4.396,1770.73017
2019-11-19 06:14:00,4.398,4.4,4.395,4.4,4246.14758
2019-11-19 06:13:00,4.403,4.403,4.397,4.397,1573.42023
2019-11-19 06:12:00,4.406,4.406,4.401,4.401,605.83126
2019-11-19 06:11:00,4.407,4.408,4.405,4.407,1783.4855
2019-11-19 06:10:00,4.408,4.409,4.406,4.406,658.54289
2019-11-19 06:09:00,4.408,4.408,4.407,4.408,235.06441
2019-11-19 06:08:00,4.407,4.408,4.405,4.408,1255.5997
2019-11-19 06:07:00,4.407,4.407,4.407,4.407,1.56767
2019-11-19 06:06:00,4.407,4.407,4.407,4.407,1.75904
2019-11-19 06:05:00,4.407,4.407,4.407,4.407,1.23694
2019-11-19 06:04:00,4.407,4.407,4.407,4.407,399.039
2019-11-19 06:03:00,4.408,4.408,4.406,4.407,253.19586
2019-11-19 06:02:00,4.409,4.409,4.408,4.408,4.52471
2019-11-19 06:01:00,4.406,4.409,4.406,4.408,2630.56499
2019-11-19 06:00:00,4.408,4.408,4.405,4.405,1678.63578
2019-11-19 05:59:00,4.405,4.406,4.405,4.406,1038.57507
2019-11-19 05:58:00,4.406,4.407,4.404,4.405,510.07697
2019-11-19 05:57:00,4.405,4.407,4.405,4.407,1464.5811
2019-11-19 05:56:00,4.407,4.407,4.407,4.407,93.89995
2019-11-19 05:55:00,4.406,4.407,4.406,4.407,653.89156
2019-11-19 05:54:00,4.406,4.406,4.406,4.406,155.9975
2019-11-19 05:53:00,4.407,4.408,4.406,4.406,385.22649
2019-11-19 05:52:00,4.412,4.412,4.405,4.406,1324.53001
2019-11-19 05:51:00,4.412,4.413,4.412,4.413,1374.01842
2019-11-19 05:50:00,4.409,4.412,4.409,4.412,2992.42649
2019-11-19 05:49:00,4.411,4.412,4.41,4.411,483.83711
2019-11-19 05:48:00,4.408,4.411,4.408,4.411,1873.92671
2019-11-19 05:47:00,4.41,4.412,4.409,4.41,1669.136
2019-11-19 05:46:00,4.403,4.409,4.403,4.409,1319.75892
2019-11-19 05:45:00,4.412,4.412,4.404,4.404,1852.9414
2019-11-19 05:44:00,4.41,4.41,4.408,4.409,1254.80462
2019-11-19 05:43:00,4.413,4.413,4.407,4.41,1499.73483
2019-11-19 05:42:00,4.41,4.41,4.407,4.41,1787.82955
2019-11-19 05:41:00,4.416,4.416,4.41,4.41,1315.79443
2019-11-19 05:40:00,4.41,4.415,4.41,4.415,2721.05234
2019-11-19 05:39:00,4.41,4.422,4.41,4.41,4462.33902
2019-11-19 05:38:00,4.409,4.409,4.408,4.409,2277.23314
2019-11-19 05:37:00,4.408,4.409,4.407,4.409,2289.75458
2019-11-19 05:36:00,4.406,4.41,4.406,4.41,1936.67406
2019-11-19 05:35:00,4.405,4.405,4.405,4.405,2423.62882
2019-11-19 05:34:00,4.403,4.413,4.403,4.404,9110.66429
2019-11-19 05:33:00,4.4,4.402,4.399,4.401,674.01969
2019-11-19 05:32:00,4.4,4.4,4.4,4.4,0.98309
2019-11-19 05:31:00,4.399,4.4,4.398,4.4,919.49318
2019-11-19 05:30:00,4.397,4.399,4.397,4.399,178.38988
2019-11-19 05:29:00,4.401,4.401,4.398,4.398,302.60845
2019-11-19 05:28:00,4.403,4.403,4.4,4.401,3343.62706
2019-11-19 05:27:00,4.407,4.407,4.403,4.403,1766.02352
2019-11-19 05:26:00,4.404,4.407,4.403,4.407,1507.38236
2019-11-19 05:25:00,4.404,4.41,4.404,4.404,3294.75818
2019-11-19 05:24:00,4.414,4.415,4.403,4.403,2456.37065
2019-11-19 05:23:00,4.412,4.413,4.407,4.412,1748.61597
2019-11-19 05:22:00,4.411,4.42,4.409,4.413,6038.5536
2019-11-19 05:21:00,4.415,4.417,4.41,4.41,2316.26244
2019-11-19 05:20:00,4.413,4.42,4.412,4.415,4773.94208
2019-11-19 05:19:00,4.414,4.414,4.411,4.413,1596.49476
2019-11-19 05:18:00,4.417,4.419,4.408,4.413,8037.2326
2019-11-19 05:17:00,4.407,4.418,4.407,4.417,6857.51459
2019-11-19 05:16:00,4.413,4.418,4.408,4.408,2440.98597
2019-11-19 05:15:00,4.417,4.421,4.411,4.412,1496.24407
2019-11-19 05:14:00,4.418,4.418,4.416,4.417,1510.11125
2019-11-19 05:13:00,4.421,4.421,4.411,4.416,6353.4689
2019-11-19 05:12:00,4.42,4.424,4.42,4.421,1397.44736
2019-11-19 05:11:00,4.425,4.425,4.413,4.418,3489.61552
2019-11-19 05:10:00,4.426,4.427,4.416,4.424,6765.31426
2019-11-19 05:09:00,4.427,4.427,4.418,4.424,7311.53647
2019-11-19 05:08:00,4.424,4.428,4.418,4.425,3583.80625
2019-11-19 05:07:00,4.421,4.424,4.421,4.424,3088.12012
2019-11-19 05:06:00,4.414,4.425,4.412,4.42,5744.20113
2019-11-19 05:05:00,4.413,4.419,4.409,4.415,8895.67567
2019-11-19 05:04:00,4.414,4.424,4.414,4.415,2550.72456
2019-11-19 05:03:00,4.423,4.427,4.414,4.416,2537.82108
2019-11-19 05:02:00,4.413,4.42,4.409,4.419,7486.42218
2019-11-19 05:01:00,4.412,4.426,4.41,4.414,14751.98537
2019-11-19 05:00:00,4.409,4.42,4.399,4.411,18668.81596
2019-11-19 04:59:00,4.409,4.429,4.409,4.411,18738.33633
2019-11-19 04:58:00,4.392,4.421,4.389,4.41,29847.88305
2019-11-19 04:57:00,4.392,4.402,4.392,4.394,3150.08338
2019-11-19 04:56:00,4.386,4.391,4.386,4.391,3016.62327
2019-11-19 04:55:00,4.38,4.386,4.38,4.386,836.28235
2019-11-19 04:54:00,4.379,4.379,4.378,4.378,1401.33645
2019-11-19 04:53:00,4.382,4.382,4.379,4.379,2811.04489
2019-11-19 04:52:00,4.382,4.382,4.382,4.382,124.6832
2019-11-19 04:51:00,4.375,4.383,4.375,4.382,390.51905
2019-11-19 04:50:00,4.374,4.378,4.373,4.375,3334.57544
2019-11-19 04:49:00,4.375,4.376,4.372,4.374,1678.04278
2019-11-19 04:48:00,4.37,4.376,4.37,4.376,2177.32345
2019-11-19 04:47:00,4.371,4.374,4.37,4.37,2523.38056
2019-11-19 04:46:00,4.368,4.369,4.367,4.369,3397.57725
2019-11-19 04:45:00,4.373,4.374,4.367,4.369,3036.31703
2019-11-19 04:44:00,4.37,4.373,4.368,4.373,1790.4477
2019-11-19 04:43:00,4.366,4.371,4.364,4.37,2439.98771
2019-11-19 04:42:00,4.369,4.369,4.365,4.366,488.62079
2019-11-19 04:41:00,4.377,4.377,4.368,4.368,4696.90867
2019-11-19 04:40:00,4.369,4.378,4.369,4.378,1066.02082
2019-11-19 04:39:00,4.374,4.374,4.371,4.371,1770.68
2019-11-19 04:38:00,4.374,4.374,4.374,4.374,14.1947
2019-11-19 04:37:00,4.375,4.375,4.373,4.374,3628.57431
2019-11-19 04:36:00,4.374,4.375,4.374,4.375,2635.83483
2019-11-19 04:35:00,4.375,4.377,4.371,4.376,2208.83841
2019-11-19 04:34:00,4.375,4.376,4.374,4.376,3892.57892
2019-11-19 04:33:00,4.374,4.374,4.373,4.373,252.51265
2019-11-19 04:32:00,4.373,4.375,4.373,4.375,1538.00706
2019-11-19 04:31:00,4.371,4.374,4.37,4.374,2138.31878
2019-11-19 04:30:00,4.368,4.372,4.368,4.37,3136.77625
2019-11-19 04:29:00,4.375,4.375,4.368,4.368,4397.6978
2019-11-19 04:28:00,4.376,4.376,4.369,4.375,2017.35738
2019-11-19 04:27:00,4.377,4.378,4.377,4.377,853.41435
2019-11-19 04:26:00,4.373,4.377,4.372,4.377,306.48744
2019-11-19 04:25:00,4.378,4.378,4.373,4.373,1620.55016
2019-11-19 04:24:00,4.379,4.381,4.379,4.379,3289.79241
2019-11-19 04:23:00,4.386,4.386,4.375,4.379,3068.075
2019-11-19 04:22:00,4.384,4.384,4.379,4.383,1170.00696
2019-11-19 04:21:00,4.385,4.385,4.383,4.384,1682.47212
2019-11-19 04:20:00,4.385,4.385,4.383,4.384,394.21395
2019-11-19 04:19:00,4.388,4.388,4.386,4.386,1335.55991
2019-11-19 04:18:00,4.387,4.389,4.386,4.389,3043.38973
2019-11-19 04:17:00,4.388,4.389,4.382,4.386,7442.23378
2019-11-19 04:16:00,4.385,4.389,4.385,4.388,2097.92604
2019-11-19 04:15:00,4.39,4.39,4.381,4.384,1887.83555
2019-11-19 04:14:00,4.392,4.392,4.387,4.39,679.19791
2019-11-19 04:13:00,4.391,4.392,4.385,4.391,799.64094
2019-11-19 04:12:00,4.393,4.394,4.392,4.392,3607.28396
2019-11-19 04:11:00,4.388,4.394,4.387,4.394,2037.10519
2019-11-19 04:10:00,4.392,4.392,4.389,4.389,76.96717
2019-11-19 04:09:00,4.394,4.394,4.392,4.393,1139.54343
2019-11-19 04:08:00,4.393,4.394,4.391,4.393,1296.52785
2019-11-19 04:07:00,4.391,4.394,4.391,4.393,429.19395
2019-11-19 04:06:00,4.396,4.396,4.391,4.391,1089.52011
2019-11-19 04:05:00,4.395,4.395,4.395,4.395,3.52915
2019-11-19 04:04:00,4.396,4.396,4.392,4.394,837.39567
2019-11-19 04:03:00,4.395,4.397,4.395,4.397,109.9537
2019-11-19 04:02:00,4.392,4.393,4.392,4.393,4.11997
2019-11-19 04:01:00,4.393,4.394,4.392,4.392,1230.63164
2019-11-19 04:00:00,4.395,4.398,4.394,4.396,3952.61733
2019-11-19 03:59:00,4.398,4.398,4.392,4.396,5089.33405
2019-11-19 03:58:00,4.396,4.405,4.396,4.399,4500.17776
2019-11-19 03:57:00,4.393,4.398,4.392,4.397,4803.24254
2019-11-19 03:56:00,4.393,4.407,4.388,4.392,7729.62366
2019-11-19 03:55:00,4.396,4.398,4.386,4.393,6744.5006
2019-11-19 03:54:00,4.396,4.396,4.395,4.396,1428.14097
2019-11-19 03:53:00,4.396,4.398,4.391,4.393,3253.6337
2019-11-19 03:52:00,4.397,4.398,4.392,4.396,2796.94114
2019-11-19 03:51:00,4.394,4.396,4.392,4.396,2873.974
2019-11-19 03:50:00,4.394,4.395,4.386,4.395,3689.98642
2019-11-19 03:49:00,4.392,4.398,4.388,4.393,2644.40149
2019-11-19 03:48:00,4.393,4.399,4.392,4.392,1981.55689
2019-11-19 03:47:00,4.406,4.409,4.391,4.393,11840.16232
2019-11-19 03:46:00,4.404,4.41,4.402,4.403,7471.5329
2019-11-19 03:45:00,4.403,4.407,4.4,4.404,3018.04918
2019-11-19 03:44:00,4.402,4.418,4.4,4.402,9574.95424
2019-11-19 03:43:00,4.403,4.413,4.395,4.402,6499.3097
2019-11-19 03:42:00,4.407,4.407,4.397,4.403,3509.74781
2019-11-19 03:41:00,4.397,4.413,4.395,4.407,8785.12994
2019-11-19 03:40:00,4.402,4.403,4.392,4.395,3996.96081
2019-11-19 03:39:00,4.389,4.406,4.389,4.401,6651.32362
2019-11-19 03:38:00,4.396,4.402,4.387,4.388,1593.47938
2019-11-19 03:37:00,4.403,4.406,4.395,4.397,7544.37458
2019-11-19 03:36:00,4.404,4.412,4.401,4.404,4956.1174
2019-11-19 03:35:00,4.4,4.401,4.4,4.401,2769.51869
2019-11-19 03:34:00,4.399,4.4,4.391,4.4,6604.36741
2019-11-19 03:33:00,4.397,4.403,4.395,4.398,6285.67498
2019-11-19 03:32:00,4.404,4.412,4.397,4.397,8438.90461
2019-11-19 03:31:00,4.396,4.406,4.395,4.402,14032.8587
2019-11-19 03:30:00,4.388,4.399,4.385,4.393,5924.06106
2019-11-19 03:29:00,4.402,4.402,4.384,4.389,8401.28528
2019-11-19 03:28:00,4.391,4.406,4.39,4.402,13964.39966
2019-11-19 03:27:00,4.372,4.395,4.372,4.393,5385.56842
2019-11-19 03:26:00,4.366,4.382,4.359,4.373,17193.38023
2019-11-19 03:25:00,4.352,4.372,4.351,4.367,3693.95837
2019-11-19 03:24:00,4.349,4.354,4.349,4.353,1440.10904
2019-11-19 03:23:00,4.343,4.353,4.343,4.351,34676.53276
2019-11-19 03:22:00,4.349,4.349,4.343,4.343,598.23287
2019-11-19 03:21:00,4.343,4.349,4.342,4.349,2613.40193
2019-11-19 03:20:00,4.348,4.349,4.342,4.342,1874.50877
2019-11-19 03:19:00,4.354,4.354,4.347,4.347,1173.08693
2019-11-19 03:18:00,4.349,4.354,4.345,4.353,1352.28378
2019-11-19 03:17:00,4.35,4.355,4.346,4.346,3060.22231
2019-11-19 03:16:00,4.358,4.359,4.346,4.35,8823.04486
2019-11-19 03:15:00,4.352,4.358,4.352,4.358,1028.93357
2019-11-19 03:14:00,4.353,4.358,4.35,4.355,2890.55611
2019-11-19 03:13:00,4.355,4.356,4.35,4.352,2227.87899
2019-11-19 03:12:00,4.352,4.359,4.349,4.353,7650.45822
2019-11-19 03:11:00,4.348,4.358,4.346,4.351,4646.81439
2019-11-19 03:10:00,4.347,4.357,4.342,4.348,6126.20685
2019-11-19 03:09:00,4.345,4.351,4.341,4.351,2383.89476
2019-11-19 03:08:00,4.346,4.353,4.343,4.344,7203.55291
2019-11-19 03:07:00,4.345,4.348,4.345,4.346,2480.83488
2019-11-19 03:06:00,4.354,4.354,4.342,4.344,4474.31963
2019-11-19 03:05:00,4.355,4.359,4.342,4.353,3328.00906
2019-11-19 03:04:00,4.357,4.368,4.351,4.351,5293.53177
2019-11-19 03:03:00,4.349,4.358,4.346,4.358,4264.9545
2019-11-19 03:02:00,4.356,4.362,4.351,4.351,5504.2692
2019-11-19 03:01:00,4.361,4.364,4.347,4.357,9714.63871
2019-11-19 03:00:00,4.368,4.368,4.345,4.359,10531.24949
2019-11-19 02:59:00,4.372,4.381,4.371,4.374,6236.27217
2019-11-19 02:58:00,4.355,4.385,4.353,4.372,23853.03036
2019-11-19 02:57:00,4.345,4.362,4.344,4.355,9573.71962
2019-11-19 02:56:00,4.349,4.361,4.34,4.346,22395.49485
2019-11-19 02:55:00,4.344,4.365,4.341,4.351,13149.51071
2019-11-19 02:54:00,4.335,4.349,4.323,4.344,16597.5617
2019-11-19 02:53:00,4.329,4.339,4.327,4.336,11230.6679
2019-11-19 02:52:00,4.339,4.341,4.318,4.325,9448.15924
2019-11-19 02:51:00,4.34,4.342,4.329,4.338,9187.84069
2019-11-19 02:50:00,4.35,4.351,4.336,4.34,11806.80841
2019-11-19 02:49:00,4.348,4.354,4.34,4.35,7949.45589
2019-11-19 02:48:00,4.34,4.354,4.336,4.348,23759.93435
2019-11-19 02:47:00,4.336,4.35,4.333,4.337,22891.94528
2019-11-19 02:46:00,4.345,4.349,4.326,4.339,23544.83629
2019-11-19 02:45:00,4.317,4.345,4.312,4.345,13186.2189
2019-11-19 02:44:00,4.331,4.331,4.307,4.318,24484.38909
2019-11-19 02:43:00,4.334,4.347,4.329,4.331,5541.92814
2019-11-19 02:42:00,4.316,4.343,4.298,4.334,20500.38428
2019-11-19 02:41:00,4.328,4.328,4.3,4.318,20547.08917
2019-11-19 02:40:00,4.338,4.349,4.321,4.33,12572.76572
2019-11-19 02:39:00,4.33,4.354,4.288,4.345,37216.62428
2019-11-19 02:38:00,4.327,4.354,4.31,4.331,28667.11254
2019-11-19 02:37:00,4.335,4.351,4.324,4.327,17439.56683
2019-11-19 02:36:00,4.269,4.376,4.255,4.336,65297.53933
2019-11-19 02:35:00,4.275,4.292,4.266,4.271,29297.37927
2019-11-19 02:34:00,4.2,4.277,4.192,4.268,31714.05632
2019-11-19 02:33:00,4.209,4.224,4.179,4.2,39869.11246
2019-11-19 02:32:00,4.207,4.235,4.188,4.21,32592.78249
2019-11-19 02:31:00,4.2,4.218,4.166,4.207,40791.03188
2019-11-19 02:30:00,4.258,4.274,4.2,4.2,39343.09577
2019-11-19 02:29:00,4.25,4.265,4.215,4.259,66023.16653
2019-11-19 02:28:00,4.316,4.316,4.25,4.25,42298.0573
2019-11-19 02:27:00,4.379,4.379,4.283,4.315,80507.07272
2019-11-19 02:26:00,4.381,4.385,4.376,4.381,11511.23296
2019-11-19 02:25:00,4.383,4.389,4.379,4.381,13112.1652
2019-11-19 02:24:00,4.391,4.394,4.378,4.384,8678.40656
2019-11-19 02:23:00,4.396,4.399,4.39,4.393,4734.94112
2019-11-19 02:22:00,4.398,4.4,4.39,4.394,2679.2051
2019-11-19 02:21:00,4.393,4.403,4.393,4.399,5195.09475
2019-11-19 02:20:00,4.398,4.402,4.392,4.394,9083.82222
2019-11-19 02:19:00,4.392,4.405,4.386,4.4,19771.53939
2019-11-19 02:18:00,4.413,4.413,4.383,4.391,21304.11799
2019-11-19 02:17:00,4.417,4.417,4.411,4.414,2154.92958
2019-11-19 02:16:00,4.419,4.42,4.415,4.417,3181.4222
2019-11-19 02:15:00,4.424,4.424,4.418,4.42,4205.96063
2019-11-19 02:14:00,4.432,4.432,4.422,4.424,5566.72829
2019-11-19 02:13:00,4.432,4.434,4.431,4.431,1654.98752
2019-11-19 02:12:00,4.437,4.437,4.434,4.434,1241.62075
2019-11-19 02:11:00,4.437,4.437,4.437,4.437,169.61759
2019-11-19 02:10:00,4.436,4.439,4.435,4.439,3329.70887
2019-11-19 02:09:00,4.436,4.436,4.435,4.436,240.68583
2019-11-19 02:08:00,4.437,4.437,4.436,4.436,770.90732
2019-11-19 02:07:00,4.437,4.437,4.436,4.437,223.2841
2019-11-19 02:06:00,4.437,4.437,4.437,4.437,1.2019
2019-11-19 02:05:00,4.438,4.438,4.437,4.437,197.12671
2019-11-19 02:04:00,4.438,4.438,4.438,4.438,0
2019-11-19 02:03:00,4.437,4.439,4.437,4.438,458.94969
2019-11-19 02:02:00,4.437,4.438,4.436,4.436,297.59943
2019-11-19 02:01:00,4.437,4.437,4.435,4.435,1363.98883
2019-11-19 02:00:00,4.438,4.438,4.437,4.437,2590.97174
2019-11-19 01:59:00,4.436,4.438,4.436,4.438,1272.6443
2019-11-19 01:58:00,4.436,4.436,4.435,4.435,254.8902
2019-11-19 01:57:00,4.439,4.44,4.436,4.437,2285.66426
2019-11-19 01:56:00,4.438,4.438,4.437,4.438,1639.17812
2019-11-19 01:55:00,4.438,4.439,4.437,4.439,853.56083
2019-11-19 01:54:00,4.436,4.438,4.436,4.438,829.27175
2019-11-19 01:53:00,4.436,4.436,4.435,4.435,1921.57618
2019-11-19 01:52:00,4.435,4.435,4.434,4.435,293.93404
2019-11-19 01:51:00,4.437,4.437,4.433,4.435,488.3827
2019-11-19 01:50:00,4.433,4.437,4.433,4.437,325.63128
2019-11-19 01:49:00,4.433,4.433,4.433,4.433,464.07235
2019-11-19 01:48:00,4.434,4.434,4.433,4.433,658.17475
2019-11-19 01:47:00,4.434,4.434,4.433,4.434,1929.65599
2019-11-19 01:46:00,4.43,4.436,4.43,4.436,1175.18601
2019-11-19 01:45:00,4.437,4.437,4.431,4.432,964.48705
2019-11-19 01:44:00,4.431,4.436,4.429,4.436,2483.65109
2019-11-19 01:43:00,4.431,4.434,4.428,4.433,3265.38898
2019-11-19 01:42:00,4.435,4.435,4.431,4.431,522.42581
2019-11-19 01:41:00,4.436,4.436,4.434,4.436,914.75522
2019-11-19 01:40:00,4.438,4.438,4.434,4.435,6523.18118
2019-11-19 01:39:00,4.441,4.441,4.441,4.441,0
2019-11-19 01:38:00,4.441,4.441,4.441,4.441,0
2019-11-19 01:37:00,4.441,4.441,4.441,4.441,134.74293
2019-11-19 01:36:00,4.438,4.442,4.438,4.442,198.36184
2019-11-19 01:35:00,4.437,4.437,4.437,4.437,35.66487
2019-11-19 01:34:00,4.442,4.442,4.435,4.436,3789.84224
2019-11-19 01:33:00,4.441,4.444,4.44,4.442,2043.54365
2019-11-19 01:32:00,4.44,4.441,4.44,4.441,996.49932
2019-11-19 01:31:00,4.441,4.443,4.434,4.441,9426.55499
2019-11-19 01:30:00,4.443,4.446,4.436,4.441,7107.55207
2019-11-19 01:29:00,4.447,4.447,4.437,4.443,4188.83566
2019-11-19 01:28:00,4.438,4.451,4.434,4.448,5403.48539
2019-11-19 01:27:00,4.449,4.449,4.439,4.439,3539.52216
2019-11-19 01:26:00,4.448,4.454,4.443,4.446,5448.30236
2019-11-19 01:25:00,4.448,4.449,4.433,4.449,22216.18298
2019-11-19 01:24:00,4.458,4.458,4.442,4.447,4453.31602
2019-11-19 01:23:00,4.463,4.463,4.458,4.458,2403.36051
2019-11-19 01:22:00,4.465,4.465,4.464,4.464,3124.0187
2019-11-19 01:21:00,4.467,4.467,4.467,4.467,241.92034
2019-11-19 01:20:00,4.466,4.466,4.466,4.466,0
2019-11-19 01:19:00,4.466,4.466,4.466,4.466,100.59092
2019-11-19 01:18:00,4.463,4.464,4.463,4.464,1791.26546
2019-11-19 01:17:00,4.461,4.463,4.459,4.461,1543.22959
2019-11-19 01:16:00,4.467,4.467,4.461,4.461,2968.03423
2019-11-19 01:15:00,4.468,4.468,4.467,4.467,923.70899
2019-11-19 01:14:00,4.468,4.469,4.467,4.468,885.12708
2019-11-19 01:13:00,4.47,4.47,4.464,4.467,1858.53903
2019-11-19 01:12:00,4.475,4.475,4.468,4.471,3204.34891
2019-11-19 01:11:00,4.478,4.478,4.477,4.477,185.43452
2019-11-19 01:10:00,4.474,4.478,4.472,4.478,450.31825
2019-11-19 01:09:00,4.477,4.477,4.471,4.472,4592.31364
2019-11-19 01:08:00,4.48,4.481,4.473,4.477,1255.98154
2019-11-19 01:07:00,4.481,4.481,4.48,4.481,2.51615
2019-11-19 01:06:00,4.48,4.48,4.48,4.48,0
2019-11-19 01:05:00,4.479,4.482,4.477,4.48,3265.35102
2019-11-19 01:04:00,4.48,4.48,4.479,4.479,1110.22489
2019-11-19 01:03:00,4.481,4.481,4.48,4.48,83.26764
2019-11-19 01:02:00,4.483,4.483,4.48,4.48,468.97989
2019-11-19 01:01:00,4.483,4.483,4.483,4.483,0.2813
2019-11-19 01:00:00,4.483,4.483,4.483,4.483,5.60772
2019-11-19 00:59:00,4.484,4.484,4.483,4.483,10.55888
2019-11-19 00:58:00,4.482,4.484,4.482,4.483,2990.1675
2019-11-19 00:57:00,4.481,4.481,4.481,4.481,0
2019-11-19 00:56:00,4.482,4.482,4.481,4.481,1299.75231
2019-11-19 00:55:00,4.482,4.482,4.481,4.481,352.72813
2019-11-19 00:54:00,4.482,4.482,4.482,4.482,12.51695
2019-11-19 00:53:00,4.486,4.486,4.48,4.482,4790.58832
2019-11-19 00:52:00,4.486,4.487,4.486,4.486,683.13879
2019-11-19 00:51:00,4.488,4.488,4.488,4.488,9.37977
2019-11-19 00:50:00,4.487,4.488,4.487,4.488,3071.22573
2019-11-19 00:49:00,4.488,4.488,4.487,4.487,894.67944
2019-11-19 00:48:00,4.488,4.488,4.488,4.488,0
2019-11-19 00:47:00,4.488,4.488,4.488,4.488,0
2019-11-19 00:46:00,4.488,4.488,4.488,4.488,0
2019-11-19 00:45:00,4.489,4.489,4.488,4.488,449.52852
2019-11-19 00:44:00,4.49,4.49,4.49,4.49,105.78636
2019-11-19 00:43:00,4.489,4.49,4.489,4.49,7.69073
2019-11-19 00:42:00,4.489,4.489,4.489,4.489,176.80015
2019-11-19 00:41:00,4.487,4.489,4.487,4.489,910.26881
2019-11-19 00:40:00,4.484,4.486,4.484,4.486,683.25108
2019-11-19 00:39:00,4.484,4.484,4.484,4.484,14.77205
2019-11-19 00:38:00,4.484,4.484,4.484,4.484,7.14996
2019-11-19 00:37:00,4.484,4.484,4.484,4.484,7.15945
2019-11-19 00:36:00,4.484,4.484,4.484,4.484,10.49922
2019-11-19 00:35:00,4.484,4.484,4.484,4.484,44.69349
2019-11-19 00:34:00,4.484,4.484,4.484,4.484,1841.91424
2019-11-19 00:33:00,4.481,4.484,4.481,4.483,794.00223
2019-11-19 00:32:00,4.48,4.48,4.48,4.48,2
2019-11-19 00:31:00,4.481,4.481,4.48,4.48,1590.91343
2019-11-19 00:30:00,4.48,4.48,4.48,4.48,0.81028
2019-11-19 00:29:00,4.475,4.481,4.474,4.481,887.20419
2019-11-19 00:28:00,4.482,4.484,4.471,4.475,22578.38095
2019-11-19 00:27:00,4.479,4.483,4.479,4.483,1023.97844
2019-11-19 00:26:00,4.48,4.48,4.479,4.479,21.31442
2019-11-19 00:25:00,4.48,4.48,4.48,4.48,0
2019-11-19 00:24:00,4.475,4.48,4.475,4.48,5230.79106
2019-11-19 00:23:00,4.473,4.475,4.473,4.475,63.92752
2019-11-19 00:22:00,4.473,4.473,4.473,4.473,3.65153
2019-11-19 00:21:00,4.472,4.472,4.472,4.472,0
2019-11-19 00:20:00,4.472,4.472,4.472,4.472,0
2019-11-19 00:19:00,4.47,4.472,4.47,4.472,978.79492
2019-11-19 00:18:00,4.47,4.47,4.47,4.47,0
2019-11-19 00:17:00,4.469,4.47,4.469,4.47,402.29617
2019-11-19 00:16:00,4.467,4.468,4.467,4.468,1387.78028
2019-11-19 00:15:00,4.467,4.468,4.467,4.467,102.53689
2019-11-19 00:14:00,4.466,4.468,4.466,4.468,149.96883
2019-11-19 00:13:00,4.466,4.466,4.466,4.466,24.98806
2019-11-19 00:12:00,4.466,4.466,4.466,4.466,27.2473
2019-11-19 00:11:00,4.467,4.467,4.466,4.467,1358.42669
2019-11-19 00:10:00,4.468,4.469,4.468,4.468,1319.53163
2019-11-19 00:09:00,4.467,4.468,4.467,4.467,27.3937
2019-11-19 00:08:00,4.467,4.468,4.466,4.468,1317.60276
2019-11-19 00:07:00,4.467,4.467,4.467,4.467,22.11131
2019-11-19 00:06:00,4.467,4.467,4.467,4.467,11.59333
2019-11-19 00:05:00,4.468,4.468,4.467,4.467,397.48404
2019-11-19 00:04:00,4.467,4.467,4.467,4.467,4.43185
2019-11-19 00:03:00,4.467,4.467,4.467,4.467,90.8416
2019-11-19 00:02:00,4.467,4.467,4.467,4.467,118.19841
2019-11-19 00:01:00,4.468,4.468,4.466,4.467,1043.92146
2019-11-19 00:00:00,4.464,4.469,4.464,4.468,209.72244
