2019-11-17 23:59:00,4.615,4.619,4.615,4.618,1517.32433
2019-11-17 23:58:00,4.614,4.615,4.613,4.615,695.1824
2019-11-17 23:57:00,4.614,4.614,4.611,4.612,2819.8804
2019-11-17 23:56:00,4.609,4.613,4.609,4.613,749.1424
2019-11-17 23:55:00,4.612,4.612,4.61,4.611,552.31254
2019-11-17 23:54:00,4.614,4.614,4.611,4.612,288.21013
2019-11-17 23:53:00,4.613,4.614,4.613,4.614,701.61256
2019-11-17 23:52:00,4.615,4.615,4.615,4.615,0.73085
2019-11-17 23:51:00,4.62,4.621,4.615,4.616,1790.33066
2019-11-17 23:50:00,4.623,4.624,4.62,4.62,1283.25851
2019-11-17 23:49:00,4.627,4.627,4.623,4.624,1359.42654
2019-11-17 23:48:00,4.633,4.633,4.626,4.628,985.23671
2019-11-17 23:47:00,4.636,4.636,4.636,4.636,3.17906
2019-11-17 23:46:00,4.637,4.637,4.636,4.637,1703.14441
2019-11-17 23:45:00,4.638,4.638,4.638,4.638,672.02688
2019-11-17 23:44:00,4.636,4.636,4.636,4.636,7.79747
2019-11-17 23:43:00,4.641,4.641,4.637,4.637,104.2658
2019-11-17 23:42:00,4.641,4.641,4.641,4.641,5.65797
2019-11-17 23:41:00,4.643,4.643,4.64,4.641,3111.80023
2019-11-17 23:40:00,4.643,4.643,4.643,4.643,32.4044
2019-11-17 23:39:00,4.643,4.643,4.643,4.643,0
2019-11-17 23:38:00,4.643,4.643,4.643,4.643,0
2019-11-17 23:37:00,4.643,4.643,4.643,4.643,80.93253
2019-11-17 23:36:00,4.646,4.646,4.644,4.644,402.48467
2019-11-17 23:35:00,4.649,4.649,4.647,4.647,187.24563
2019-11-17 23:34:00,4.649,4.649,4.649,4.649,0
2019-11-17 23:33:00,4.649,4.649,4.649,4.649,780.31733
2019-11-17 23:32:00,4.651,4.651,4.65,4.65,146.04081
2019-11-17 23:31:00,4.652,4.652,4.652,4.652,302.42833
2019-11-17 23:30:00,4.654,4.654,4.652,4.652,1257.52337
2019-11-17 23:29:00,4.655,4.655,4.655,4.655,53.18618
2019-11-17 23:28:00,4.654,4.654,4.654,4.654,0
2019-11-17 23:27:00,4.655,4.655,4.654,4.654,329.86725
2019-11-17 23:26:00,4.655,4.656,4.655,4.655,260.57594
2019-11-17 23:25:00,4.653,4.655,4.653,4.654,2.77048
2019-11-17 23:24:00,4.654,4.655,4.653,4.654,505.29139
2019-11-17 23:23:00,4.655,4.656,4.653,4.654,1705.25853
2019-11-17 23:22:00,4.657,4.657,4.654,4.655,1186.13513
2019-11-17 23:21:00,4.657,4.657,4.657,4.657,0.79627
2019-11-17 23:20:00,4.658,4.658,4.658,4.658,0.02146
2019-11-17 23:19:00,4.66,4.66,4.657,4.657,325.97747
2019-11-17 23:18:00,4.657,4.66,4.656,4.66,1381.85705
2019-11-17 23:17:00,4.658,4.658,4.657,4.657,1.07272
2019-11-17 23:16:00,4.655,4.655,4.655,4.655,0
2019-11-17 23:15:00,4.652,4.656,4.652,4.655,2500.84984
2019-11-17 23:14:00,4.649,4.652,4.649,4.651,257.10863
2019-11-17 23:13:00,4.649,4.649,4.649,4.649,7.18524
2019-11-17 23:12:00,4.648,4.65,4.648,4.649,242.36698
2019-11-17 23:11:00,4.647,4.647,4.647,4.647,0
2019-11-17 23:10:00,4.645,4.647,4.645,4.647,188.1368
2019-11-17 23:09:00,4.645,4.645,4.645,4.645,0
2019-11-17 23:08:00,4.645,4.645,4.644,4.644,7.52552
2019-11-17 23:07:00,4.645,4.645,4.645,4.645,0.52631
2019-11-17 23:06:00,4.645,4.645,4.645,4.645,0.61843
2019-11-17 23:05:00,4.645,4.645,4.644,4.645,172.18127
2019-11-17 23:04:00,4.643,4.645,4.643,4.645,164.1391
2019-11-17 23:03:00,4.643,4.643,4.643,4.643,0.6699
2019-11-17 23:02:00,4.642,4.643,4.642,4.643,5.29801
2019-11-17 23:01:00,4.641,4.643,4.641,4.642,204.26073
2019-11-17 23:00:00,4.641,4.641,4.641,4.641,0.69018
2019-11-17 22:59:00,4.639,4.642,4.639,4.641,796.88793
2019-11-17 22:58:00,4.636,4.636,4.636,4.636,0.02647
2019-11-17 22:57:00,4.636,4.636,4.636,4.636,0
2019-11-17 22:56:00,4.636,4.636,4.636,4.636,83.81055
2019-11-17 22:55:00,4.637,4.637,4.636,4.636,503.42881
2019-11-17 22:54:00,4.636,4.636,4.636,4.636,354.44585
2019-11-17 22:53:00,4.636,4.636,4.636,4.636,0
2019-11-17 22:52:00,4.635,4.638,4.635,4.636,403.50386
2019-11-17 22:51:00,4.635,4.635,4.635,4.635,529.36823
2019-11-17 22:50:00,4.635,4.635,4.635,4.635,20.24342
2019-11-17 22:49:00,4.643,4.643,4.635,4.635,4296.62019
2019-11-17 22:48:00,4.645,4.645,4.644,4.644,118.24379
2019-11-17 22:47:00,4.645,4.645,4.645,4.645,0.60946
2019-11-17 22:46:00,4.645,4.645,4.645,4.645,0.48864
2019-11-17 22:45:00,4.645,4.645,4.645,4.645,276.27517
2019-11-17 22:44:00,4.644,4.648,4.644,4.648,421.74711
2019-11-17 22:43:00,4.644,4.644,4.644,4.644,7.45903
2019-11-17 22:42:00,4.644,4.644,4.644,4.644,10.37619
2019-11-17 22:41:00,4.645,4.645,4.645,4.645,2054.36591
2019-11-17 22:40:00,4.645,4.645,4.645,4.645,0
2019-11-17 22:39:00,4.645,4.645,4.645,4.645,0
2019-11-17 22:38:00,4.645,4.645,4.645,4.645,0
2019-11-17 22:37:00,4.646,4.646,4.645,4.645,22.93453
2019-11-17 22:36:00,4.649,4.649,4.644,4.646,214.55943
2019-11-17 22:35:00,4.65,4.65,4.649,4.649,1818.00291
2019-11-17 22:34:00,4.656,4.656,4.651,4.651,3814.27208
2019-11-17 22:33:00,4.654,4.654,4.654,4.654,0
2019-11-17 22:32:00,4.657,4.657,4.657,4.657,648.30194
2019-11-17 22:31:00,4.657,4.657,4.657,4.657,228.9709
2019-11-17 22:30:00,4.659,4.659,4.656,4.656,104.89167
2019-11-17 22:29:00,4.659,4.66,4.659,4.66,1558.63385
2019-11-17 22:28:00,4.657,4.657,4.657,4.657,0.18504
2019-11-17 22:27:00,4.657,4.657,4.653,4.657,1946.09431
2019-11-17 22:26:00,4.658,4.658,4.657,4.657,904.04187
2019-11-17 22:25:00,4.654,4.659,4.654,4.659,1136.57978
2019-11-17 22:24:00,4.654,4.654,4.654,4.654,3.9853
2019-11-17 22:23:00,4.654,4.654,4.654,4.654,2.19937
2019-11-17 22:22:00,4.654,4.654,4.654,4.654,4.09786
2019-11-17 22:21:00,4.655,4.655,4.654,4.654,4.08789
2019-11-17 22:20:00,4.655,4.655,4.655,4.655,6.38793
2019-11-17 22:19:00,4.655,4.655,4.655,4.655,3.68906
2019-11-17 22:18:00,4.657,4.658,4.65,4.655,2292.80782
2019-11-17 22:17:00,4.658,4.658,4.658,4.658,0.04329
2019-11-17 22:16:00,4.658,4.658,4.658,4.658,0.02004
2019-11-17 22:15:00,4.657,4.657,4.657,4.657,1213.66723
2019-11-17 22:14:00,4.656,4.658,4.656,4.657,2726.77416
2019-11-17 22:13:00,4.657,4.658,4.656,4.656,1844.2588
2019-11-17 22:12:00,4.666,4.666,4.657,4.657,3820.07331
2019-11-17 22:11:00,4.667,4.668,4.666,4.666,373.68705
2019-11-17 22:10:00,4.668,4.67,4.668,4.668,682.39527
2019-11-17 22:09:00,4.667,4.67,4.667,4.668,341.79756
2019-11-17 22:08:00,4.671,4.671,4.666,4.667,485.01365
2019-11-17 22:07:00,4.671,4.671,4.671,4.671,2.44956
2019-11-17 22:06:00,4.671,4.671,4.671,4.671,4.05189
2019-11-17 22:05:00,4.671,4.671,4.671,4.671,187.146
2019-11-17 22:04:00,4.67,4.672,4.669,4.672,288.44043
2019-11-17 22:03:00,4.67,4.67,4.67,4.67,0
2019-11-17 22:02:00,4.669,4.67,4.669,4.67,154.56936
2019-11-17 22:01:00,4.67,4.67,4.669,4.669,235.063
2019-11-17 22:00:00,4.669,4.669,4.669,4.669,0
2019-11-17 21:59:00,4.669,4.669,4.669,4.669,0
2019-11-17 21:58:00,4.665,4.669,4.665,4.669,908.18302
2019-11-17 21:57:00,4.659,4.663,4.659,4.663,588.15493
2019-11-17 21:56:00,4.658,4.658,4.658,4.658,2.20047
2019-11-17 21:55:00,4.655,4.659,4.655,4.658,2018.96651
2019-11-17 21:54:00,4.657,4.657,4.655,4.655,1335.79836
2019-11-17 21:53:00,4.656,4.657,4.656,4.657,284.24335
2019-11-17 21:52:00,4.654,4.655,4.654,4.655,544.25384
2019-11-17 21:51:00,4.653,4.653,4.653,4.653,0
2019-11-17 21:50:00,4.653,4.653,4.653,4.653,819.52072
2019-11-17 21:49:00,4.652,4.654,4.65,4.653,1390.11707
2019-11-17 21:48:00,4.655,4.656,4.655,4.656,2190.72698
2019-11-17 21:47:00,4.654,4.656,4.653,4.656,1012.41439
2019-11-17 21:46:00,4.657,4.658,4.653,4.654,4290.76817
2019-11-17 21:45:00,4.663,4.663,4.655,4.655,2358.86843
2019-11-17 21:44:00,4.664,4.664,4.663,4.663,190.07048
2019-11-17 21:43:00,4.665,4.665,4.664,4.664,212.10097
2019-11-17 21:42:00,4.665,4.665,4.665,4.665,14.78897
2019-11-17 21:41:00,4.666,4.666,4.665,4.665,41.25258
2019-11-17 21:40:00,4.67,4.671,4.666,4.666,1707.9313
2019-11-17 21:39:00,4.672,4.672,4.671,4.671,550.80637
2019-11-17 21:38:00,4.675,4.675,4.671,4.671,630.30213
2019-11-17 21:37:00,4.673,4.675,4.673,4.675,240.90667
2019-11-17 21:36:00,4.675,4.675,4.673,4.673,278.66415
2019-11-17 21:35:00,4.675,4.675,4.675,4.675,234.3235
2019-11-17 21:34:00,4.673,4.677,4.673,4.675,1349.01502
2019-11-17 21:33:00,4.67,4.675,4.669,4.672,5595.79883
2019-11-17 21:32:00,4.666,4.675,4.666,4.669,9988.45817
2019-11-17 21:31:00,4.668,4.668,4.667,4.667,550.34602
2019-11-17 21:30:00,4.672,4.672,4.668,4.668,3452.39841
2019-11-17 21:29:00,4.674,4.674,4.672,4.672,1473.88544
2019-11-17 21:28:00,4.675,4.676,4.674,4.675,625.34146
2019-11-17 21:27:00,4.677,4.677,4.676,4.676,1421.42599
2019-11-17 21:26:00,4.673,4.679,4.673,4.676,2187.01427
2019-11-17 21:25:00,4.672,4.673,4.672,4.673,1472.67969
2019-11-17 21:24:00,4.669,4.672,4.669,4.672,269.4664
2019-11-17 21:23:00,4.669,4.669,4.669,4.669,4.29577
2019-11-17 21:22:00,4.669,4.669,4.669,4.669,0.22753
2019-11-17 21:21:00,4.669,4.669,4.669,4.669,0
2019-11-17 21:20:00,4.669,4.669,4.669,4.669,0
2019-11-17 21:19:00,4.669,4.67,4.669,4.669,4921.52387
2019-11-17 21:18:00,4.666,4.669,4.666,4.669,297.20655
2019-11-17 21:17:00,4.666,4.666,4.666,4.666,425.51196
2019-11-17 21:16:00,4.667,4.667,4.666,4.666,1992.73405
2019-11-17 21:15:00,4.667,4.667,4.667,4.667,0
2019-11-17 21:14:00,4.667,4.668,4.667,4.667,137.44838
2019-11-17 21:13:00,4.67,4.67,4.667,4.668,170.51399
2019-11-17 21:12:00,4.67,4.67,4.67,4.67,6.84076
2019-11-17 21:11:00,4.67,4.67,4.67,4.67,13.47585
2019-11-17 21:10:00,4.669,4.67,4.669,4.67,1314.89436
2019-11-17 21:09:00,4.671,4.671,4.668,4.668,1487.70289
2019-11-17 21:08:00,4.672,4.672,4.67,4.67,12.64852
2019-11-17 21:07:00,4.674,4.674,4.672,4.674,439.23003
2019-11-17 21:06:00,4.679,4.679,4.677,4.677,642.26353
2019-11-17 21:05:00,4.68,4.68,4.68,4.68,244.454
2019-11-17 21:04:00,4.681,4.681,4.68,4.681,388.11997
2019-11-17 21:03:00,4.685,4.685,4.683,4.683,2689.0705
2019-11-17 21:02:00,4.685,4.686,4.685,4.686,700.73094
2019-11-17 21:01:00,4.684,4.684,4.684,4.684,1.7376
2019-11-17 21:00:00,4.684,4.684,4.684,4.684,263.02195
2019-11-17 20:59:00,4.682,4.683,4.682,4.683,519.28049
2019-11-17 20:58:00,4.684,4.685,4.682,4.682,1610.3788
2019-11-17 20:57:00,4.684,4.685,4.684,4.685,2206.74521
2019-11-17 20:56:00,4.687,4.687,4.687,4.687,0
2019-11-17 20:55:00,4.688,4.688,4.687,4.687,919.21667
2019-11-17 20:54:00,4.689,4.689,4.686,4.688,550.51597
2019-11-17 20:53:00,4.684,4.688,4.684,4.688,243.43977
2019-11-17 20:52:00,4.684,4.684,4.683,4.683,387.08101
2019-11-17 20:51:00,4.686,4.688,4.684,4.684,2304.04326
2019-11-17 20:50:00,4.685,4.69,4.685,4.687,862.52788
2019-11-17 20:49:00,4.681,4.691,4.681,4.686,2383.72349
2019-11-17 20:48:00,4.682,4.682,4.678,4.681,2250.76129
2019-11-17 20:47:00,4.684,4.684,4.684,4.684,1375.85849
2019-11-17 20:46:00,4.678,4.686,4.678,4.684,4993.27554
2019-11-17 20:45:00,4.678,4.678,4.678,4.678,602.1614
2019-11-17 20:44:00,4.68,4.68,4.678,4.678,434.75876
2019-11-17 20:43:00,4.678,4.68,4.678,4.68,220.07953
2019-11-17 20:42:00,4.676,4.678,4.676,4.678,2513.41572
2019-11-17 20:41:00,4.678,4.678,4.673,4.676,2525.03664
2019-11-17 20:40:00,4.678,4.678,4.677,4.678,21.05927
2019-11-17 20:39:00,4.678,4.678,4.678,4.678,213.92163
2019-11-17 20:38:00,4.676,4.678,4.676,4.678,1742.93296
2019-11-17 20:37:00,4.677,4.677,4.676,4.676,1501.30274
2019-11-17 20:36:00,4.676,4.677,4.676,4.677,529.91663
2019-11-17 20:35:00,4.675,4.677,4.675,4.676,2166.59635
2019-11-17 20:34:00,4.675,4.675,4.675,4.675,1665.74782
2019-11-17 20:33:00,4.674,4.675,4.674,4.675,0.83544
2019-11-17 20:32:00,4.674,4.675,4.674,4.674,803.45339
2019-11-17 20:31:00,4.673,4.673,4.673,4.673,1391.89387
2019-11-17 20:30:00,4.668,4.672,4.668,4.672,1364.35763
2019-11-17 20:29:00,4.668,4.668,4.668,4.668,0.69151
2019-11-17 20:28:00,4.669,4.669,4.668,4.669,1158.31432
2019-11-17 20:27:00,4.671,4.671,4.669,4.669,0.55248
2019-11-17 20:26:00,4.67,4.671,4.67,4.671,0.59778
2019-11-17 20:25:00,4.669,4.67,4.669,4.67,13.34538
2019-11-17 20:24:00,4.671,4.671,4.67,4.67,1234.45878
2019-11-17 20:23:00,4.67,4.675,4.67,4.673,317.68572
2019-11-17 20:22:00,4.669,4.669,4.669,4.669,723.63561
2019-11-17 20:21:00,4.668,4.668,4.668,4.668,325.43375
2019-11-17 20:20:00,4.666,4.668,4.666,4.668,2330.86276
2019-11-17 20:19:00,4.669,4.669,4.666,4.666,660.37484
2019-11-17 20:18:00,4.672,4.672,4.667,4.67,2782.04983
2019-11-17 20:17:00,4.671,4.672,4.671,4.672,125.85446
2019-11-17 20:16:00,4.669,4.671,4.669,4.671,291.58767
2019-11-17 20:15:00,4.668,4.668,4.668,4.668,850.6569
2019-11-17 20:14:00,4.665,4.668,4.665,4.667,1511.32863
2019-11-17 20:13:00,4.665,4.666,4.665,4.665,1606.60049
2019-11-17 20:12:00,4.665,4.666,4.664,4.666,441.92249
2019-11-17 20:11:00,4.665,4.665,4.665,4.665,4.04334
2019-11-17 20:10:00,4.665,4.665,4.665,4.665,3.3085
2019-11-17 20:09:00,4.665,4.665,4.665,4.665,2.08538
2019-11-17 20:08:00,4.668,4.668,4.665,4.665,765.17503
2019-11-17 20:07:00,4.669,4.669,4.667,4.667,2755.80578
2019-11-17 20:06:00,4.668,4.669,4.668,4.669,610.62158
2019-11-17 20:05:00,4.669,4.669,4.668,4.668,532.01173
2019-11-17 20:04:00,4.669,4.669,4.669,4.669,1.89251
2019-11-17 20:03:00,4.669,4.669,4.669,4.669,3.20605
2019-11-17 20:02:00,4.67,4.67,4.667,4.668,3513.96359
2019-11-17 20:01:00,4.67,4.671,4.67,4.67,1336.24449
2019-11-17 20:00:00,4.667,4.672,4.667,4.67,2588.18543
2019-11-17 19:59:00,4.667,4.669,4.666,4.667,2078.29408
2019-11-17 19:58:00,4.672,4.672,4.667,4.668,113.82104
2019-11-17 19:57:00,4.672,4.672,4.672,4.672,0.39942
2019-11-17 19:56:00,4.672,4.672,4.672,4.672,0.38604
2019-11-17 19:55:00,4.673,4.673,4.672,4.672,190.47747
2019-11-17 19:54:00,4.673,4.673,4.673,4.673,174.59036
2019-11-17 19:53:00,4.673,4.673,4.673,4.673,0.38012
2019-11-17 19:52:00,4.673,4.673,4.673,4.673,0.35378
2019-11-17 19:51:00,4.673,4.673,4.673,4.673,701.67751
2019-11-17 19:50:00,4.673,4.673,4.673,4.673,0
2019-11-17 19:49:00,4.673,4.673,4.673,4.673,0
2019-11-17 19:48:00,4.673,4.673,4.673,4.673,0
2019-11-17 19:47:00,4.673,4.673,4.673,4.673,489.893
2019-11-17 19:46:00,4.674,4.674,4.674,4.674,2137.59998
2019-11-17 19:45:00,4.675,4.675,4.675,4.675,50
2019-11-17 19:44:00,4.675,4.676,4.675,4.675,50.57252
2019-11-17 19:43:00,4.676,4.676,4.675,4.676,31.55794
2019-11-17 19:42:00,4.676,4.676,4.676,4.676,10.97038
2019-11-17 19:41:00,4.676,4.676,4.676,4.676,8.24904
2019-11-17 19:40:00,4.676,4.676,4.676,4.676,9.83393
2019-11-17 19:39:00,4.676,4.676,4.676,4.676,0.33073
2019-11-17 19:38:00,4.676,4.676,4.676,4.676,118.56938
2019-11-17 19:37:00,4.676,4.677,4.676,4.677,159.8694
2019-11-17 19:36:00,4.676,4.676,4.676,4.676,848.87906
2019-11-17 19:35:00,4.676,4.676,4.676,4.676,49.07473
2019-11-17 19:34:00,4.671,4.671,4.67,4.671,1740.9479
2019-11-17 19:33:00,4.672,4.673,4.671,4.671,1032.17739
2019-11-17 19:32:00,4.672,4.672,4.672,4.672,0.13213
2019-11-17 19:31:00,4.676,4.677,4.673,4.673,1809.86951
2019-11-17 19:30:00,4.675,4.676,4.675,4.676,16.82815
2019-11-17 19:29:00,4.674,4.674,4.674,4.674,0
2019-11-17 19:28:00,4.674,4.674,4.674,4.674,955.65936
2019-11-17 19:27:00,4.675,4.675,4.674,4.674,250.86925
2019-11-17 19:26:00,4.676,4.676,4.676,4.676,135.17915
2019-11-17 19:25:00,4.676,4.676,4.676,4.676,1292.79115
2019-11-17 19:24:00,4.678,4.678,4.676,4.677,1393.81285
2019-11-17 19:23:00,4.68,4.68,4.679,4.679,607.65245
2019-11-17 19:22:00,4.681,4.681,4.68,4.68,1898.77349
2019-11-17 19:21:00,4.681,4.681,4.68,4.68,1071.06458
2019-11-17 19:20:00,4.675,4.681,4.675,4.68,1019.74576
2019-11-17 19:19:00,4.672,4.677,4.672,4.675,3966.39835
2019-11-17 19:18:00,4.667,4.671,4.667,4.67,647.52141
2019-11-17 19:17:00,4.669,4.669,4.666,4.666,838.38361
2019-11-17 19:16:00,4.666,4.669,4.666,4.669,211.47569
2019-11-17 19:15:00,4.667,4.667,4.666,4.667,4764.35818
2019-11-17 19:14:00,4.66,4.666,4.66,4.666,3834.62986
2019-11-17 19:13:00,4.659,4.66,4.659,4.66,4.40684
2019-11-17 19:12:00,4.659,4.661,4.659,4.66,2300.90092
2019-11-17 19:11:00,4.66,4.66,4.659,4.659,718.63355
2019-11-17 19:10:00,4.662,4.662,4.661,4.661,968.27842
2019-11-17 19:09:00,4.663,4.663,4.662,4.662,1408.39876
2019-11-17 19:08:00,4.666,4.666,4.663,4.663,251.27272
2019-11-17 19:07:00,4.667,4.667,4.665,4.666,2022.50186
2019-11-17 19:06:00,4.66,4.667,4.66,4.666,1973.64534
2019-11-17 19:05:00,4.656,4.666,4.655,4.661,8143.29563
2019-11-17 19:04:00,4.656,4.656,4.656,4.656,1.29566
2019-11-17 19:03:00,4.658,4.658,4.656,4.656,12.61596
2019-11-17 19:02:00,4.658,4.658,4.658,4.658,1.09911
2019-11-17 19:01:00,4.658,4.658,4.658,4.658,218.79271
2019-11-17 19:00:00,4.656,4.658,4.656,4.658,0.89167
2019-11-17 18:59:00,4.66,4.66,4.656,4.656,858.4449
2019-11-17 18:58:00,4.66,4.66,4.66,4.66,46.95252
2019-11-17 18:57:00,4.661,4.661,4.661,4.661,0
2019-11-17 18:56:00,4.661,4.661,4.661,4.661,0
2019-11-17 18:55:00,4.661,4.661,4.661,4.661,0
2019-11-17 18:54:00,4.664,4.664,4.661,4.661,1168.02228
2019-11-17 18:53:00,4.663,4.666,4.661,4.665,1705.01638
2019-11-17 18:52:00,4.66,4.665,4.66,4.663,3563.95991
2019-11-17 18:51:00,4.658,4.658,4.658,4.658,0
2019-11-17 18:50:00,4.658,4.658,4.658,4.658,0
2019-11-17 18:49:00,4.658,4.658,4.658,4.658,0
2019-11-17 18:48:00,4.656,4.658,4.656,4.658,280.92652
2019-11-17 18:47:00,4.656,4.656,4.656,4.656,182.11703
2019-11-17 18:46:00,4.659,4.659,4.655,4.656,2323.12812
2019-11-17 18:45:00,4.66,4.66,4.659,4.659,75.59979
2019-11-17 18:44:00,4.662,4.662,4.66,4.66,364.93157
2019-11-17 18:43:00,4.662,4.662,4.662,4.662,5.41951
2019-11-17 18:42:00,4.663,4.663,4.661,4.662,1999.16371
2019-11-17 18:41:00,4.661,4.664,4.66,4.664,1392.7234
2019-11-17 18:40:00,4.66,4.66,4.66,4.66,3.2671
2019-11-17 18:39:00,4.66,4.66,4.66,4.66,0
2019-11-17 18:38:00,4.66,4.66,4.66,4.66,1196.96052
2019-11-17 18:37:00,4.663,4.663,4.658,4.66,449.66425
2019-11-17 18:36:00,4.668,4.668,4.665,4.665,7068.72526
2019-11-17 18:35:00,4.666,4.668,4.666,4.668,911.31213
2019-11-17 18:34:00,4.671,4.671,4.668,4.668,221.47267
2019-11-17 18:33:00,4.669,4.67,4.669,4.67,212.67545
2019-11-17 18:32:00,4.667,4.668,4.667,4.668,103.88156
2019-11-17 18:31:00,4.667,4.667,4.667,4.667,0.37477
2019-11-17 18:30:00,4.668,4.668,4.668,4.668,0
2019-11-17 18:29:00,4.668,4.668,4.668,4.668,0
2019-11-17 18:28:00,4.668,4.668,4.668,4.668,2
2019-11-17 18:27:00,4.673,4.673,4.667,4.668,1607.2516
2019-11-17 18:26:00,4.673,4.673,4.673,4.673,0
2019-11-17 18:25:00,4.673,4.673,4.673,4.673,0
2019-11-17 18:24:00,4.674,4.675,4.673,4.673,730.5715
2019-11-17 18:23:00,4.674,4.674,4.674,4.674,0
2019-11-17 18:22:00,4.674,4.674,4.674,4.674,0.75167
2019-11-17 18:21:00,4.673,4.673,4.673,4.673,246.18209
2019-11-17 18:20:00,4.672,4.674,4.672,4.674,310.1823
2019-11-17 18:19:00,4.669,4.671,4.669,4.671,1277.92144
2019-11-17 18:18:00,4.67,4.671,4.669,4.669,409.76735
2019-11-17 18:17:00,4.672,4.672,4.669,4.67,1509.95026
2019-11-17 18:16:00,4.673,4.673,4.672,4.672,313.38489
2019-11-17 18:15:00,4.672,4.675,4.671,4.671,4087.43278
2019-11-17 18:14:00,4.67,4.677,4.67,4.671,1452.71215
2019-11-17 18:13:00,4.668,4.671,4.668,4.67,1250.45098
2019-11-17 18:12:00,4.668,4.669,4.668,4.669,1523.27669
2019-11-17 18:11:00,4.664,4.669,4.663,4.665,4706.25009
2019-11-17 18:10:00,4.663,4.664,4.663,4.664,260.86457
2019-11-17 18:09:00,4.662,4.663,4.662,4.663,910.42614
2019-11-17 18:08:00,4.661,4.662,4.66,4.662,649.05631
2019-11-17 18:07:00,4.661,4.661,4.66,4.66,841.78956
2019-11-17 18:06:00,4.661,4.661,4.66,4.66,8.43891
2019-11-17 18:05:00,4.664,4.665,4.66,4.661,2287.55243
2019-11-17 18:04:00,4.666,4.666,4.664,4.664,2312.86065
2019-11-17 18:03:00,4.666,4.666,4.662,4.665,1792.7617
2019-11-17 18:02:00,4.667,4.667,4.666,4.666,3230.12888
2019-11-17 18:01:00,4.674,4.674,4.666,4.667,8629.15928
2019-11-17 18:00:00,4.674,4.675,4.673,4.675,763.83877
2019-11-17 17:59:00,4.675,4.675,4.674,4.674,835.49466
2019-11-17 17:58:00,4.673,4.674,4.673,4.674,215.44652
2019-11-17 17:57:00,4.674,4.674,4.674,4.674,1550.73228
2019-11-17 17:56:00,4.671,4.675,4.671,4.674,1627.88362
2019-11-17 17:55:00,4.675,4.675,4.675,4.675,2655.15597
2019-11-17 17:54:00,4.676,4.676,4.674,4.674,203.27402
2019-11-17 17:53:00,4.677,4.677,4.674,4.675,1038.40845
2019-11-17 17:52:00,4.673,4.677,4.673,4.676,473.29672
2019-11-17 17:51:00,4.669,4.673,4.669,4.673,469.26068
2019-11-17 17:50:00,4.669,4.67,4.669,4.67,100.2709
2019-11-17 17:49:00,4.669,4.669,4.666,4.668,2333.67775
2019-11-17 17:48:00,4.668,4.67,4.668,4.67,212.98398
2019-11-17 17:47:00,4.666,4.666,4.666,4.666,109.74835
2019-11-17 17:46:00,4.666,4.666,4.666,4.666,347.33357
2019-11-17 17:45:00,4.667,4.669,4.664,4.667,3100.04917
2019-11-17 17:44:00,4.663,4.666,4.663,4.666,4.0948
2019-11-17 17:43:00,4.663,4.664,4.663,4.664,149.30965
2019-11-17 17:42:00,4.666,4.666,4.662,4.663,281.10304
2019-11-17 17:41:00,4.667,4.667,4.667,4.667,0
2019-11-17 17:40:00,4.661,4.669,4.66,4.667,4263.13458
2019-11-17 17:39:00,4.662,4.662,4.66,4.661,643.19356
2019-11-17 17:38:00,4.664,4.667,4.662,4.663,727.29358
2019-11-17 17:37:00,4.661,4.664,4.661,4.664,354.10936
2019-11-17 17:36:00,4.664,4.667,4.66,4.661,2604.64303
2019-11-17 17:35:00,4.659,4.666,4.659,4.666,1418.86576
2019-11-17 17:34:00,4.662,4.662,4.661,4.661,1243.05656
2019-11-17 17:33:00,4.662,4.663,4.661,4.662,204.02313
2019-11-17 17:32:00,4.664,4.666,4.66,4.665,4056.47333
2019-11-17 17:31:00,4.661,4.665,4.661,4.664,2454.41655
2019-11-17 17:30:00,4.661,4.663,4.66,4.661,4169.47707
2019-11-17 17:29:00,4.658,4.661,4.658,4.66,938.17093
2019-11-17 17:28:00,4.659,4.659,4.657,4.659,2109.2614
2019-11-17 17:27:00,4.66,4.66,4.659,4.659,261.90232
2019-11-17 17:26:00,4.659,4.659,4.657,4.658,2035.65735
2019-11-17 17:25:00,4.658,4.659,4.657,4.658,1765.2748
2019-11-17 17:24:00,4.657,4.66,4.657,4.659,2939.60101
2019-11-17 17:23:00,4.659,4.662,4.656,4.656,1324.38728
2019-11-17 17:22:00,4.664,4.664,4.66,4.66,1118.63132
2019-11-17 17:21:00,4.66,4.668,4.66,4.665,1244.94072
2019-11-17 17:20:00,4.66,4.661,4.659,4.659,2136.02303
2019-11-17 17:19:00,4.659,4.663,4.657,4.661,3096.62968
2019-11-17 17:18:00,4.659,4.663,4.657,4.66,4652.13454
2019-11-17 17:17:00,4.665,4.665,4.655,4.657,1461.58198
2019-11-17 17:16:00,4.659,4.67,4.659,4.665,10578.46596
2019-11-17 17:15:00,4.654,4.658,4.653,4.658,1119.1918
2019-11-17 17:14:00,4.655,4.66,4.654,4.655,1999.53802
2019-11-17 17:13:00,4.65,4.656,4.649,4.654,2647.01435
2019-11-17 17:12:00,4.654,4.658,4.651,4.651,2514.22192
2019-11-17 17:11:00,4.645,4.654,4.645,4.653,1959.93315
2019-11-17 17:10:00,4.647,4.647,4.643,4.646,715.36098
2019-11-17 17:09:00,4.647,4.649,4.646,4.649,3587.18587
2019-11-17 17:08:00,4.644,4.659,4.643,4.65,8686.06465
2019-11-17 17:07:00,4.646,4.652,4.643,4.647,8732.13442
2019-11-17 17:06:00,4.647,4.65,4.642,4.643,7225.132
2019-11-17 17:05:00,4.651,4.654,4.641,4.646,3500.63325
2019-11-17 17:04:00,4.657,4.66,4.646,4.65,14611.88873
2019-11-17 17:03:00,4.649,4.66,4.644,4.655,12402.92751
2019-11-17 17:02:00,4.663,4.664,4.65,4.65,5248.79822
2019-11-17 17:01:00,4.668,4.681,4.657,4.664,11759.72572
2019-11-17 17:00:00,4.663,4.667,4.66,4.667,2177.77562
2019-11-17 16:59:00,4.661,4.668,4.661,4.665,4120.21201
2019-11-17 16:58:00,4.652,4.662,4.652,4.658,8176.61158
2019-11-17 16:57:00,4.653,4.661,4.646,4.652,7547.67668
2019-11-17 16:56:00,4.663,4.663,4.648,4.652,3714.79308
2019-11-17 16:55:00,4.656,4.67,4.653,4.663,9401.43034
2019-11-17 16:54:00,4.663,4.672,4.654,4.654,8334.85535
2019-11-17 16:53:00,4.647,4.668,4.647,4.662,24020.29807
2019-11-17 16:52:00,4.646,4.653,4.645,4.645,7920.31576
2019-11-17 16:51:00,4.648,4.65,4.647,4.647,1621.50729
2019-11-17 16:50:00,4.637,4.646,4.637,4.646,5338.57862
2019-11-17 16:49:00,4.646,4.646,4.635,4.636,1855.64096
2019-11-17 16:48:00,4.646,4.648,4.645,4.646,2329.02008
2019-11-17 16:47:00,4.641,4.645,4.635,4.645,5022.41461
2019-11-17 16:46:00,4.638,4.64,4.637,4.639,1676.90022
2019-11-17 16:45:00,4.637,4.638,4.637,4.637,699.06094
2019-11-17 16:44:00,4.636,4.638,4.635,4.637,687.91699
2019-11-17 16:43:00,4.638,4.64,4.636,4.636,1190.69422
2019-11-17 16:42:00,4.634,4.636,4.633,4.636,209.31897
2019-11-17 16:41:00,4.634,4.634,4.634,4.634,0
2019-11-17 16:40:00,4.634,4.634,4.634,4.634,353.92284
2019-11-17 16:39:00,4.635,4.635,4.635,4.635,290.0589
2019-11-17 16:38:00,4.635,4.635,4.635,4.635,1519.67768
2019-11-17 16:37:00,4.633,4.637,4.633,4.637,1262.78317
2019-11-17 16:36:00,4.631,4.634,4.631,4.634,824.95347
2019-11-17 16:35:00,4.633,4.633,4.632,4.632,2214.97697
2019-11-17 16:34:00,4.632,4.633,4.631,4.633,2209.01149
2019-11-17 16:33:00,4.635,4.635,4.632,4.632,406.91274
2019-11-17 16:32:00,4.642,4.642,4.637,4.637,823.77753
2019-11-17 16:31:00,4.639,4.64,4.639,4.64,892.63013
2019-11-17 16:30:00,4.64,4.641,4.639,4.639,562.50733
2019-11-17 16:29:00,4.64,4.645,4.64,4.642,2261.76712
2019-11-17 16:28:00,4.63,4.64,4.63,4.639,2949.6102
2019-11-17 16:27:00,4.642,4.642,4.631,4.631,4553.86029
2019-11-17 16:26:00,4.633,4.642,4.633,4.641,983.81375
2019-11-17 16:25:00,4.633,4.633,4.629,4.632,3746.70347
2019-11-17 16:24:00,4.63,4.634,4.63,4.632,1108.55407
2019-11-17 16:23:00,4.632,4.633,4.63,4.63,479.87758
2019-11-17 16:22:00,4.635,4.636,4.631,4.632,750.27812
2019-11-17 16:21:00,4.643,4.643,4.636,4.638,3242.51288
2019-11-17 16:20:00,4.639,4.647,4.639,4.641,2548.425
2019-11-17 16:19:00,4.64,4.647,4.632,4.639,10081.30079
2019-11-17 16:18:00,4.64,4.643,4.632,4.635,12565.60547
2019-11-17 16:17:00,4.645,4.649,4.624,4.641,20958.49971
2019-11-17 16:16:00,4.63,4.647,4.63,4.646,18452.16196
2019-11-17 16:15:00,4.62,4.629,4.618,4.629,4270.69494
2019-11-17 16:14:00,4.614,4.625,4.614,4.62,2304.73401
2019-11-17 16:13:00,4.616,4.617,4.608,4.617,3606.11947
2019-11-17 16:12:00,4.614,4.624,4.614,4.616,5356.30038
2019-11-17 16:11:00,4.609,4.618,4.606,4.614,7475.44149
2019-11-17 16:10:00,4.594,4.613,4.594,4.608,11309.41434
2019-11-17 16:09:00,4.588,4.592,4.587,4.592,2451.30807
2019-11-17 16:08:00,4.587,4.587,4.583,4.585,1768.82245
2019-11-17 16:07:00,4.588,4.588,4.586,4.586,2643.80956
2019-11-17 16:06:00,4.587,4.589,4.587,4.589,948.63396
2019-11-17 16:05:00,4.587,4.588,4.586,4.587,831.44049
2019-11-17 16:04:00,4.591,4.592,4.586,4.59,3245.71589
2019-11-17 16:03:00,4.604,4.604,4.59,4.594,5370.95111
2019-11-17 16:02:00,4.586,4.602,4.586,4.602,4606.77326
2019-11-17 16:01:00,4.596,4.596,4.582,4.586,4875.63218
2019-11-17 16:00:00,4.599,4.599,4.596,4.596,1473.61956
2019-11-17 15:59:00,4.598,4.601,4.594,4.599,4901.36931
2019-11-17 15:58:00,4.597,4.603,4.588,4.597,6122.82994
2019-11-17 15:57:00,4.604,4.604,4.598,4.598,9677.9658
2019-11-17 15:56:00,4.605,4.605,4.605,4.605,668.56483
2019-11-17 15:55:00,4.606,4.606,4.605,4.605,1355.70278
2019-11-17 15:54:00,4.607,4.607,4.607,4.607,1393.72687
2019-11-17 15:53:00,4.607,4.607,4.607,4.607,475.92172
2019-11-17 15:52:00,4.609,4.609,4.609,4.609,0
2019-11-17 15:51:00,4.609,4.609,4.609,4.609,0
2019-11-17 15:50:00,4.61,4.61,4.609,4.609,652.30911
2019-11-17 15:49:00,4.608,4.61,4.608,4.61,2976.2681
2019-11-17 15:48:00,4.608,4.608,4.605,4.607,244.73904
2019-11-17 15:47:00,4.608,4.608,4.608,4.608,4.79133
2019-11-17 15:46:00,4.608,4.608,4.608,4.608,0
2019-11-17 15:45:00,4.608,4.608,4.608,4.608,0
2019-11-17 15:44:00,4.611,4.611,4.608,4.608,236.63636
2019-11-17 15:43:00,4.611,4.611,4.611,4.611,8.30612
2019-11-17 15:42:00,4.611,4.611,4.61,4.611,427.6206
2019-11-17 15:41:00,4.611,4.611,4.61,4.61,1834.79479
2019-11-17 15:40:00,4.611,4.611,4.611,4.611,0
2019-11-17 15:39:00,4.611,4.611,4.605,4.611,2804.44905
2019-11-17 15:38:00,4.606,4.611,4.606,4.611,1520.82147
2019-11-17 15:37:00,4.605,4.607,4.605,4.607,45.20672
2019-11-17 15:36:00,4.605,4.605,4.605,4.605,0
2019-11-17 15:35:00,4.604,4.605,4.604,4.605,34.58358
2019-11-17 15:34:00,4.605,4.605,4.604,4.604,169.90941
2019-11-17 15:33:00,4.606,4.606,4.606,4.606,30.55945
2019-11-17 15:32:00,4.607,4.607,4.606,4.606,1.24078
2019-11-17 15:31:00,4.611,4.611,4.607,4.607,337.54966
2019-11-17 15:30:00,4.612,4.612,4.609,4.611,1734.91351
2019-11-17 15:29:00,4.615,4.615,4.615,4.615,0
2019-11-17 15:28:00,4.616,4.616,4.615,4.615,545.48203
2019-11-17 15:27:00,4.61,4.615,4.61,4.615,75.50874
2019-11-17 15:26:00,4.61,4.61,4.61,4.61,0.02012
2019-11-17 15:25:00,4.615,4.615,4.611,4.612,921.09888
2019-11-17 15:24:00,4.613,4.615,4.613,4.615,520.98386
2019-11-17 15:23:00,4.613,4.614,4.613,4.614,655.70383
2019-11-17 15:22:00,4.613,4.614,4.613,4.614,30.49395
2019-11-17 15:21:00,4.613,4.613,4.612,4.613,511.28826
2019-11-17 15:20:00,4.614,4.614,4.612,4.612,21.2544
2019-11-17 15:19:00,4.612,4.615,4.612,4.615,705.43211
2019-11-17 15:18:00,4.612,4.612,4.612,4.612,0.01001
2019-11-17 15:17:00,4.614,4.614,4.611,4.612,1123.01835
2019-11-17 15:16:00,4.614,4.614,4.614,4.614,1612.69477
2019-11-17 15:15:00,4.616,4.616,4.615,4.615,192.82
2019-11-17 15:14:00,4.615,4.615,4.614,4.614,1713.81704
2019-11-17 15:13:00,4.618,4.618,4.615,4.615,727.94036
2019-11-17 15:12:00,4.618,4.618,4.618,4.618,0.92373
2019-11-17 15:11:00,4.618,4.618,4.618,4.618,2.35796
2019-11-17 15:10:00,4.617,4.619,4.617,4.618,570.0021
2019-11-17 15:09:00,4.616,4.616,4.616,4.616,0
2019-11-17 15:08:00,4.613,4.616,4.613,4.616,106.38215
2019-11-17 15:07:00,4.614,4.614,4.614,4.614,235.4639
2019-11-17 15:06:00,4.614,4.614,4.614,4.614,742.39258
2019-11-17 15:05:00,4.614,4.614,4.614,4.614,0.9496
2019-11-17 15:04:00,4.614,4.614,4.614,4.614,0.6245
2019-11-17 15:03:00,4.614,4.614,4.614,4.614,0.62146
2019-11-17 15:02:00,4.616,4.616,4.614,4.614,290.98026
2019-11-17 15:01:00,4.616,4.616,4.616,4.616,0.11991
2019-11-17 15:00:00,4.616,4.616,4.616,4.616,0
2019-11-17 14:59:00,4.616,4.616,4.616,4.616,0
2019-11-17 14:58:00,4.615,4.617,4.615,4.616,1741.17272
2019-11-17 14:57:00,4.615,4.615,4.613,4.614,3910.4629
2019-11-17 14:56:00,4.615,4.615,4.615,4.615,0.18729
2019-11-17 14:55:00,4.615,4.615,4.615,4.615,0.04218
2019-11-17 14:54:00,4.615,4.615,4.615,4.615,0.09978
2019-11-17 14:53:00,4.615,4.615,4.615,4.615,0.09617
2019-11-17 14:52:00,4.615,4.615,4.615,4.615,0.11506
2019-11-17 14:51:00,4.615,4.615,4.615,4.615,0.07964
2019-11-17 14:50:00,4.616,4.616,4.616,4.616,96.53342
2019-11-17 14:49:00,4.616,4.616,4.616,4.616,2216.97686
2019-11-17 14:48:00,4.618,4.618,4.618,4.618,0
2019-11-17 14:47:00,4.618,4.618,4.618,4.618,139.85006
2019-11-17 14:46:00,4.618,4.618,4.618,4.618,19.3663
2019-11-17 14:45:00,4.618,4.618,4.618,4.618,0
2019-11-17 14:44:00,4.618,4.618,4.618,4.618,4.38962
2019-11-17 14:43:00,4.615,4.619,4.615,4.618,1314.80538
2019-11-17 14:42:00,4.616,4.616,4.615,4.615,666.91378
2019-11-17 14:41:00,4.617,4.617,4.616,4.616,191.95499
2019-11-17 14:40:00,4.617,4.617,4.617,4.617,4.45191
2019-11-17 14:39:00,4.618,4.618,4.618,4.618,3.81302
2019-11-17 14:38:00,4.618,4.618,4.618,4.618,3.56416
2019-11-17 14:37:00,4.618,4.618,4.618,4.618,265.3774
2019-11-17 14:36:00,4.618,4.618,4.618,4.618,72.31686
2019-11-17 14:35:00,4.618,4.618,4.617,4.618,361.82183
2019-11-17 14:34:00,4.618,4.618,4.618,4.618,1.67083
2019-11-17 14:33:00,4.618,4.618,4.618,4.618,1.74416
2019-11-17 14:32:00,4.619,4.619,4.618,4.618,169.86091
2019-11-17 14:31:00,4.619,4.619,4.619,4.619,0.4527
2019-11-17 14:30:00,4.619,4.621,4.619,4.62,1090.77825
2019-11-17 14:29:00,4.619,4.619,4.619,4.619,0.06131
2019-11-17 14:28:00,4.619,4.619,4.619,4.619,0.05739
2019-11-17 14:27:00,4.621,4.621,4.619,4.619,1205.83412
2019-11-17 14:26:00,4.62,4.621,4.619,4.621,1816.14244
2019-11-17 14:25:00,4.621,4.621,4.621,4.621,0.06218
2019-11-17 14:24:00,4.621,4.621,4.621,4.621,0.0465
2019-11-17 14:23:00,4.621,4.621,4.621,4.621,0
2019-11-17 14:22:00,4.621,4.621,4.621,4.621,1682.7173
2019-11-17 14:21:00,4.622,4.622,4.622,4.622,923.18828
2019-11-17 14:20:00,4.621,4.621,4.621,4.621,162.92355
2019-11-17 14:19:00,4.622,4.622,4.62,4.62,640.67344
2019-11-17 14:18:00,4.621,4.622,4.621,4.622,3448.57598
2019-11-17 14:17:00,4.624,4.624,4.623,4.623,1409.86866
2019-11-17 14:16:00,4.624,4.626,4.624,4.624,1810.31134
2019-11-17 14:15:00,4.626,4.626,4.625,4.625,1779.95483
2019-11-17 14:14:00,4.63,4.63,4.625,4.625,2211.46816
2019-11-17 14:13:00,4.63,4.63,4.629,4.63,534.86479
2019-11-17 14:12:00,4.631,4.631,4.63,4.63,622.99884
2019-11-17 14:11:00,4.631,4.631,4.631,4.631,4.56608
2019-11-17 14:10:00,4.631,4.631,4.631,4.631,5.14317
2019-11-17 14:09:00,4.633,4.633,4.631,4.631,3.15701
2019-11-17 14:08:00,4.63,4.633,4.63,4.633,256.89233
2019-11-17 14:07:00,4.63,4.63,4.628,4.629,204.61305
2019-11-17 14:06:00,4.63,4.63,4.63,4.63,1132.18332
2019-11-17 14:05:00,4.628,4.63,4.628,4.63,709.1768
2019-11-17 14:04:00,4.628,4.63,4.628,4.628,2757.16539
2019-11-17 14:03:00,4.625,4.63,4.625,4.628,2947.09189
2019-11-17 14:02:00,4.618,4.626,4.618,4.625,1635.56978
2019-11-17 14:01:00,4.623,4.624,4.621,4.621,781.26281
2019-11-17 14:00:00,4.624,4.624,4.624,4.624,1314.11614
2019-11-17 13:59:00,4.624,4.624,4.624,4.624,209.5743
2019-11-17 13:58:00,4.624,4.624,4.624,4.624,0
2019-11-17 13:57:00,4.624,4.624,4.624,4.624,0.08141
2019-11-17 13:56:00,4.624,4.624,4.624,4.624,903.40932
2019-11-17 13:55:00,4.617,4.617,4.617,4.617,0
2019-11-17 13:54:00,4.617,4.617,4.617,4.617,291.89185
2019-11-17 13:53:00,4.619,4.619,4.617,4.617,1799.76093
2019-11-17 13:52:00,4.618,4.619,4.617,4.619,860.71226
2019-11-17 13:51:00,4.623,4.623,4.619,4.619,577.12304
2019-11-17 13:50:00,4.623,4.623,4.623,4.623,0
2019-11-17 13:49:00,4.623,4.623,4.623,4.623,425.98033
2019-11-17 13:48:00,4.626,4.626,4.625,4.625,345.89554
2019-11-17 13:47:00,4.625,4.625,4.625,4.625,386.33306
2019-11-17 13:46:00,4.623,4.625,4.623,4.624,1377.15856
2019-11-17 13:45:00,4.622,4.622,4.622,4.622,47.14557
2019-11-17 13:44:00,4.622,4.622,4.622,4.622,243.98833
2019-11-17 13:43:00,4.623,4.623,4.622,4.622,12.5344
2019-11-17 13:42:00,4.622,4.623,4.622,4.622,1929.24951
2019-11-17 13:41:00,4.621,4.621,4.621,4.621,5.92846
2019-11-17 13:40:00,4.617,4.62,4.616,4.62,1478.62683
2019-11-17 13:39:00,4.618,4.618,4.613,4.613,956.72112
2019-11-17 13:38:00,4.619,4.62,4.617,4.62,1538.11598
2019-11-17 13:37:00,4.62,4.62,4.617,4.619,338.11617
2019-11-17 13:36:00,4.621,4.621,4.62,4.62,805.56468
2019-11-17 13:35:00,4.621,4.621,4.621,4.621,0
2019-11-17 13:34:00,4.621,4.621,4.621,4.621,0
2019-11-17 13:33:00,4.621,4.621,4.621,4.621,53.47752
2019-11-17 13:32:00,4.621,4.622,4.621,4.621,58.69762
2019-11-17 13:31:00,4.621,4.622,4.621,4.622,16.00818
2019-11-17 13:30:00,4.617,4.621,4.617,4.621,286.96093
2019-11-17 13:29:00,4.616,4.616,4.616,4.616,1119.07266
2019-11-17 13:28:00,4.616,4.616,4.616,4.616,0.4746
2019-11-17 13:27:00,4.615,4.617,4.614,4.616,689.50399
2019-11-17 13:26:00,4.607,4.616,4.607,4.615,2213.83387
2019-11-17 13:25:00,4.606,4.608,4.606,4.608,417.20649
2019-11-17 13:24:00,4.606,4.606,4.606,4.606,0.24872
2019-11-17 13:23:00,4.606,4.606,4.606,4.606,0.36304
2019-11-17 13:22:00,4.606,4.606,4.606,4.606,0.13967
2019-11-17 13:21:00,4.605,4.605,4.605,4.605,0
2019-11-17 13:20:00,4.605,4.605,4.605,4.605,1102.13218
2019-11-17 13:19:00,4.607,4.607,4.607,4.607,24.34352
2019-11-17 13:18:00,4.607,4.607,4.607,4.607,0
2019-11-17 13:17:00,4.608,4.608,4.606,4.607,559.14525
2019-11-17 13:16:00,4.607,4.608,4.607,4.608,811.59559
2019-11-17 13:15:00,4.606,4.611,4.606,4.611,498.35
2019-11-17 13:14:00,4.605,4.605,4.605,4.605,3.84759
2019-11-17 13:13:00,4.605,4.605,4.605,4.605,5.23959
2019-11-17 13:12:00,4.606,4.606,4.605,4.605,206.16228
2019-11-17 13:11:00,4.607,4.607,4.606,4.606,7.73934
2019-11-17 13:10:00,4.606,4.607,4.606,4.607,259.05355
2019-11-17 13:09:00,4.607,4.607,4.607,4.607,0
2019-11-17 13:08:00,4.604,4.608,4.604,4.607,931.63555
2019-11-17 13:07:00,4.604,4.604,4.604,4.604,4.05321
2019-11-17 13:06:00,4.604,4.604,4.603,4.604,801.00307
2019-11-17 13:05:00,4.602,4.602,4.602,4.602,1.66184
2019-11-17 13:04:00,4.602,4.602,4.602,4.602,17.84522
2019-11-17 13:03:00,4.602,4.603,4.602,4.602,370.38504
2019-11-17 13:02:00,4.603,4.603,4.601,4.602,888.52067
2019-11-17 13:01:00,4.603,4.603,4.603,4.603,0.51792
2019-11-17 13:00:00,4.603,4.603,4.603,4.603,280.57862
2019-11-17 12:59:00,4.602,4.603,4.602,4.603,1430.51579
2019-11-17 12:58:00,4.602,4.602,4.602,4.602,668.70997
2019-11-17 12:57:00,4.604,4.604,4.602,4.602,456.66028
2019-11-17 12:56:00,4.604,4.605,4.604,4.604,375.05217
2019-11-17 12:55:00,4.605,4.605,4.605,4.605,9.73272
2019-11-17 12:54:00,4.605,4.605,4.605,4.605,851.84025
2019-11-17 12:53:00,4.603,4.604,4.603,4.604,472.44592
2019-11-17 12:52:00,4.604,4.604,4.603,4.603,252.36466
2019-11-17 12:51:00,4.605,4.605,4.603,4.604,1087.12931
2019-11-17 12:50:00,4.605,4.605,4.605,4.605,337.25627
2019-11-17 12:49:00,4.606,4.606,4.606,4.606,680.86192
2019-11-17 12:48:00,4.605,4.605,4.605,4.605,151.59009
2019-11-17 12:47:00,4.605,4.605,4.605,4.605,0
2019-11-17 12:46:00,4.606,4.606,4.605,4.605,1232.01381
2019-11-17 12:45:00,4.608,4.608,4.606,4.606,1228.86685
2019-11-17 12:44:00,4.61,4.61,4.608,4.608,1990.65121
2019-11-17 12:43:00,4.61,4.611,4.609,4.611,24.09891
2019-11-17 12:42:00,4.611,4.611,4.61,4.61,245.26846
2019-11-17 12:41:00,4.611,4.611,4.611,4.611,4.95141
2019-11-17 12:40:00,4.612,4.612,4.612,4.612,1674.40843
2019-11-17 12:39:00,4.613,4.613,4.607,4.612,1310.88832
2019-11-17 12:38:00,4.613,4.614,4.613,4.614,864.3141
2019-11-17 12:37:00,4.611,4.613,4.611,4.613,265.6134
2019-11-17 12:36:00,4.605,4.615,4.605,4.613,4470.44517
2019-11-17 12:35:00,4.605,4.605,4.605,4.605,235.65061
2019-11-17 12:34:00,4.605,4.605,4.605,4.605,22.39691
2019-11-17 12:33:00,4.605,4.605,4.605,4.605,1.71215
2019-11-17 12:32:00,4.605,4.606,4.605,4.605,422.55789
2019-11-17 12:31:00,4.613,4.614,4.606,4.606,2022.83721
2019-11-17 12:30:00,4.61,4.614,4.606,4.614,3284.62249
2019-11-17 12:29:00,4.611,4.611,4.611,4.611,0
2019-11-17 12:28:00,4.614,4.614,4.611,4.611,1085.6663
2019-11-17 12:27:00,4.612,4.616,4.612,4.615,2961.68312
2019-11-17 12:26:00,4.611,4.611,4.611,4.611,2226.33772
2019-11-17 12:25:00,4.614,4.615,4.611,4.611,1214.48621
2019-11-17 12:24:00,4.622,4.622,4.616,4.616,1065.11641
2019-11-17 12:23:00,4.615,4.623,4.614,4.623,1140.85571
2019-11-17 12:22:00,4.616,4.616,4.616,4.616,0.1338
2019-11-17 12:21:00,4.615,4.616,4.615,4.616,531.21375
2019-11-17 12:20:00,4.615,4.615,4.614,4.615,362.6874
2019-11-17 12:19:00,4.615,4.617,4.615,4.616,1253.54274
2019-11-17 12:18:00,4.614,4.614,4.614,4.614,995.89959
2019-11-17 12:17:00,4.614,4.614,4.614,4.614,159.3281
2019-11-17 12:16:00,4.617,4.617,4.614,4.614,852.95114
2019-11-17 12:15:00,4.616,4.62,4.614,4.617,2907.76805
2019-11-17 12:14:00,4.621,4.621,4.616,4.616,2074.76178
2019-11-17 12:13:00,4.613,4.62,4.612,4.62,1910.16078
2019-11-17 12:12:00,4.614,4.614,4.612,4.613,274.04416
2019-11-17 12:11:00,4.611,4.615,4.611,4.615,1346.76955
2019-11-17 12:10:00,4.615,4.615,4.612,4.612,1615.19957
2019-11-17 12:09:00,4.616,4.616,4.615,4.615,563.24317
2019-11-17 12:08:00,4.616,4.617,4.616,4.616,764.67008
2019-11-17 12:07:00,4.616,4.617,4.616,4.617,1400.41283
2019-11-17 12:06:00,4.619,4.619,4.616,4.616,764.04806
2019-11-17 12:05:00,4.622,4.622,4.62,4.62,1551.24105
2019-11-17 12:04:00,4.616,4.621,4.616,4.621,483.28656
2019-11-17 12:03:00,4.617,4.617,4.616,4.616,1.03276
2019-11-17 12:02:00,4.619,4.619,4.617,4.617,620.79614
2019-11-17 12:01:00,4.621,4.621,4.619,4.619,156.9359
2019-11-17 12:00:00,4.62,4.62,4.62,4.62,855.7557
2019-11-17 11:59:00,4.622,4.622,4.621,4.621,36.2096
2019-11-17 11:58:00,4.621,4.622,4.621,4.622,316.51118
2019-11-17 11:57:00,4.621,4.621,4.621,4.621,90.47466
2019-11-17 11:56:00,4.621,4.621,4.621,4.621,373.89406
2019-11-17 11:55:00,4.621,4.621,4.621,4.621,0
2019-11-17 11:54:00,4.623,4.623,4.621,4.621,1125.29895
2019-11-17 11:53:00,4.623,4.624,4.623,4.623,523.29774
2019-11-17 11:52:00,4.622,4.622,4.622,4.622,0
2019-11-17 11:51:00,4.624,4.626,4.622,4.622,707.44409
2019-11-17 11:50:00,4.624,4.624,4.624,4.624,938.74182
2019-11-17 11:49:00,4.623,4.623,4.623,4.623,0
2019-11-17 11:48:00,4.623,4.623,4.623,4.623,144.19522
2019-11-17 11:47:00,4.622,4.622,4.622,4.622,0
2019-11-17 11:46:00,4.622,4.622,4.622,4.622,0
2019-11-17 11:45:00,4.622,4.622,4.622,4.622,0
2019-11-17 11:44:00,4.622,4.622,4.622,4.622,1.82395
2019-11-17 11:43:00,4.623,4.623,4.622,4.622,429.63468
2019-11-17 11:42:00,4.624,4.625,4.624,4.624,754.32502
2019-11-17 11:41:00,4.63,4.63,4.624,4.624,1792.70639
2019-11-17 11:40:00,4.63,4.63,4.63,4.63,2.66887
2019-11-17 11:39:00,4.63,4.63,4.63,4.63,1.55799
2019-11-17 11:38:00,4.628,4.63,4.627,4.629,1093.3412
2019-11-17 11:37:00,4.626,4.629,4.626,4.628,1447.09581
2019-11-17 11:36:00,4.625,4.625,4.625,4.625,457.00807
2019-11-17 11:35:00,4.622,4.626,4.622,4.624,2787.41335
2019-11-17 11:34:00,4.621,4.621,4.621,4.621,0
2019-11-17 11:33:00,4.621,4.621,4.621,4.621,67.38604
2019-11-17 11:32:00,4.621,4.621,4.621,4.621,2.73681
2019-11-17 11:31:00,4.624,4.624,4.621,4.621,4.29808
2019-11-17 11:30:00,4.624,4.624,4.624,4.624,160.67804
2019-11-17 11:29:00,4.625,4.625,4.625,4.625,0.06038
2019-11-17 11:28:00,4.625,4.625,4.625,4.625,0
2019-11-17 11:27:00,4.625,4.625,4.625,4.625,0.06902
2019-11-17 11:26:00,4.624,4.624,4.624,4.624,0
2019-11-17 11:25:00,4.624,4.625,4.624,4.624,1245.7184
2019-11-17 11:24:00,4.622,4.624,4.622,4.623,716.10018
2019-11-17 11:23:00,4.622,4.622,4.622,4.622,0.01
2019-11-17 11:22:00,4.621,4.621,4.62,4.621,375.39251
2019-11-17 11:21:00,4.622,4.622,4.622,4.622,423.45862
2019-11-17 11:20:00,4.621,4.623,4.621,4.622,1840.97758
2019-11-17 11:19:00,4.619,4.623,4.619,4.622,266.55737
2019-11-17 11:18:00,4.618,4.618,4.618,4.618,0
2019-11-17 11:17:00,4.618,4.618,4.618,4.618,2296.28426
2019-11-17 11:16:00,4.619,4.619,4.619,4.619,1381.10352
2019-11-17 11:15:00,4.616,4.619,4.616,4.619,1829.53891
2019-11-17 11:14:00,4.623,4.623,4.616,4.617,3386.93486
2019-11-17 11:13:00,4.624,4.624,4.623,4.623,1414.56728
2019-11-17 11:12:00,4.623,4.625,4.622,4.625,20.38816
2019-11-17 11:11:00,4.615,4.625,4.615,4.623,2294.27223
2019-11-17 11:10:00,4.613,4.615,4.613,4.615,544.90782
2019-11-17 11:09:00,4.611,4.612,4.611,4.611,1761.78626
2019-11-17 11:08:00,4.619,4.619,4.611,4.611,1047.47215
2019-11-17 11:07:00,4.622,4.622,4.619,4.619,1044.72369
2019-11-17 11:06:00,4.625,4.625,4.623,4.623,904.30369
2019-11-17 11:05:00,4.628,4.628,4.621,4.625,3950.4524
2019-11-17 11:04:00,4.628,4.629,4.628,4.628,211.71634
2019-11-17 11:03:00,4.629,4.629,4.628,4.628,867.52506
2019-11-17 11:02:00,4.629,4.629,4.629,4.629,1.3646
2019-11-17 11:01:00,4.629,4.629,4.629,4.629,0.30608
2019-11-17 11:00:00,4.631,4.631,4.631,4.631,0
2019-11-17 10:59:00,4.631,4.631,4.631,4.631,0
2019-11-17 10:58:00,4.631,4.631,4.631,4.631,0
2019-11-17 10:57:00,4.631,4.631,4.631,4.631,0
2019-11-17 10:56:00,4.631,4.631,4.631,4.631,0
2019-11-17 10:55:00,4.631,4.631,4.631,4.631,0
2019-11-17 10:54:00,4.631,4.632,4.631,4.631,2104.48596
2019-11-17 10:53:00,4.632,4.632,4.631,4.631,1482.9583
2019-11-17 10:52:00,4.631,4.631,4.631,4.631,0.01
2019-11-17 10:51:00,4.632,4.632,4.632,4.632,0
2019-11-17 10:50:00,4.632,4.632,4.632,4.632,24.30555
2019-11-17 10:49:00,4.632,4.632,4.632,4.632,0.03642
2019-11-17 10:48:00,4.632,4.632,4.632,4.632,0
2019-11-17 10:47:00,4.632,4.632,4.632,4.632,0
2019-11-17 10:46:00,4.634,4.634,4.632,4.632,19.72922
2019-11-17 10:45:00,4.634,4.634,4.634,4.634,297.0672
2019-11-17 10:44:00,4.635,4.635,4.634,4.634,991.81003
2019-11-17 10:43:00,4.637,4.637,4.635,4.635,1698.80224
2019-11-17 10:42:00,4.637,4.637,4.637,4.637,2.16085
2019-11-17 10:41:00,4.637,4.637,4.637,4.637,2.75865
2019-11-17 10:40:00,4.638,4.638,4.637,4.637,248.33761
2019-11-17 10:39:00,4.638,4.638,4.638,4.638,3.62763
2019-11-17 10:38:00,4.639,4.639,4.638,4.638,2504.52062
2019-11-17 10:37:00,4.637,4.639,4.637,4.639,1063.53397
2019-11-17 10:36:00,4.638,4.638,4.637,4.637,209.03571
2019-11-17 10:35:00,4.637,4.637,4.637,4.637,209.1069
2019-11-17 10:34:00,4.636,4.638,4.636,4.637,295.79977
2019-11-17 10:33:00,4.636,4.636,4.636,4.636,1.32053
2019-11-17 10:32:00,4.637,4.637,4.637,4.637,0.99307
2019-11-17 10:31:00,4.637,4.637,4.637,4.637,1278.42479
2019-11-17 10:30:00,4.637,4.637,4.637,4.637,0
2019-11-17 10:29:00,4.637,4.637,4.637,4.637,1155.32788
2019-11-17 10:28:00,4.638,4.638,4.637,4.637,1362.84034
2019-11-17 10:27:00,4.637,4.639,4.637,4.638,389.1356
2019-11-17 10:26:00,4.637,4.637,4.637,4.637,0
2019-11-17 10:25:00,4.637,4.637,4.636,4.637,1421.22205
2019-11-17 10:24:00,4.637,4.637,4.637,4.637,389.5597
2019-11-17 10:23:00,4.637,4.637,4.637,4.637,235.48125
2019-11-17 10:22:00,4.639,4.639,4.638,4.638,577.4027
2019-11-17 10:21:00,4.639,4.639,4.639,4.639,192.31828
2019-11-17 10:20:00,4.639,4.639,4.639,4.639,0
2019-11-17 10:19:00,4.639,4.639,4.639,4.639,4
2019-11-17 10:18:00,4.64,4.64,4.639,4.639,565.02349
2019-11-17 10:17:00,4.633,4.64,4.633,4.64,875.68027
2019-11-17 10:16:00,4.634,4.634,4.633,4.633,306.37451
2019-11-17 10:15:00,4.635,4.635,4.635,4.635,230.6944
2019-11-17 10:14:00,4.638,4.638,4.634,4.634,2251.81731
2019-11-17 10:13:00,4.635,4.638,4.634,4.637,1419.63744
2019-11-17 10:12:00,4.636,4.636,4.635,4.635,1041.81272
2019-11-17 10:11:00,4.638,4.638,4.636,4.636,785.87006
2019-11-17 10:10:00,4.638,4.638,4.638,4.638,0.97088
2019-11-17 10:09:00,4.64,4.64,4.638,4.638,1310.5414
2019-11-17 10:08:00,4.64,4.64,4.639,4.64,652.17369
2019-11-17 10:07:00,4.638,4.64,4.638,4.64,1447.60858
2019-11-17 10:06:00,4.638,4.638,4.638,4.638,254.21622
2019-11-17 10:05:00,4.64,4.64,4.638,4.638,177.02852
2019-11-17 10:04:00,4.64,4.64,4.64,4.64,1.80221
2019-11-17 10:03:00,4.64,4.641,4.64,4.64,25.09471
2019-11-17 10:02:00,4.64,4.64,4.639,4.64,3.64352
2019-11-17 10:01:00,4.64,4.64,4.639,4.64,3375.79627
2019-11-17 10:00:00,4.64,4.64,4.64,4.64,2640.45813
2019-11-17 09:59:00,4.642,4.642,4.641,4.641,1934.68744
2019-11-17 09:58:00,4.642,4.643,4.642,4.642,2147.20178
2019-11-17 09:57:00,4.642,4.645,4.642,4.643,2052.89611
2019-11-17 09:56:00,4.642,4.642,4.642,4.642,182.603
2019-11-17 09:55:00,4.64,4.64,4.64,4.64,25.824
2019-11-17 09:54:00,4.64,4.64,4.64,4.64,34.35688
2019-11-17 09:53:00,4.639,4.641,4.639,4.64,1433.22491
2019-11-17 09:52:00,4.637,4.64,4.637,4.64,1181.04392
2019-11-17 09:51:00,4.635,4.638,4.635,4.638,273.95377
2019-11-17 09:50:00,4.636,4.637,4.635,4.636,370.04717
2019-11-17 09:49:00,4.636,4.636,4.636,4.636,0.85655
2019-11-17 09:48:00,4.636,4.636,4.636,4.636,0.4651
2019-11-17 09:47:00,4.636,4.637,4.635,4.636,1535.36387
2019-11-17 09:46:00,4.637,4.637,4.635,4.635,723.49453
2019-11-17 09:45:00,4.637,4.637,4.637,4.637,183.32916
2019-11-17 09:44:00,4.636,4.636,4.636,4.636,3.00925
2019-11-17 09:43:00,4.637,4.637,4.636,4.637,848.76634
2019-11-17 09:42:00,4.637,4.638,4.637,4.638,299.58688
2019-11-17 09:41:00,4.639,4.639,4.637,4.638,528.65971
2019-11-17 09:40:00,4.639,4.639,4.639,4.639,123.59035
2019-11-17 09:39:00,4.639,4.639,4.639,4.639,0.22065
2019-11-17 09:38:00,4.639,4.639,4.639,4.639,7.46595
2019-11-17 09:37:00,4.639,4.639,4.639,4.639,0.62569
2019-11-17 09:36:00,4.639,4.64,4.639,4.639,1707.91931
2019-11-17 09:35:00,4.639,4.639,4.639,4.639,0.74113
2019-11-17 09:34:00,4.639,4.64,4.639,4.639,34.81117
2019-11-17 09:33:00,4.643,4.643,4.639,4.639,1472.70576
2019-11-17 09:32:00,4.643,4.643,4.643,4.643,0.49265
2019-11-17 09:31:00,4.643,4.643,4.643,4.643,0.4695
2019-11-17 09:30:00,4.643,4.643,4.643,4.643,0.39673
2019-11-17 09:29:00,4.642,4.643,4.642,4.643,0.28091
2019-11-17 09:28:00,4.643,4.643,4.642,4.643,2689.06688
2019-11-17 09:27:00,4.644,4.644,4.643,4.644,2200.62704
2019-11-17 09:26:00,4.646,4.646,4.646,4.646,0.12857
2019-11-17 09:25:00,4.647,4.647,4.645,4.646,190.7566
2019-11-17 09:24:00,4.647,4.647,4.647,4.647,0.38908
2019-11-17 09:23:00,4.648,4.648,4.646,4.647,475.10996
2019-11-17 09:22:00,4.648,4.648,4.646,4.648,1723.82363
2019-11-17 09:21:00,4.646,4.646,4.645,4.646,208.08501
2019-11-17 09:20:00,4.644,4.646,4.644,4.646,0.13546
2019-11-17 09:19:00,4.644,4.644,4.644,4.644,0.33455
2019-11-17 09:18:00,4.644,4.644,4.644,4.644,0.24952
2019-11-17 09:17:00,4.644,4.644,4.644,4.644,0.18343
2019-11-17 09:16:00,4.644,4.644,4.644,4.644,0.08904
2019-11-17 09:15:00,4.647,4.647,4.647,4.647,0
2019-11-17 09:14:00,4.644,4.647,4.644,4.647,963.58046
2019-11-17 09:13:00,4.644,4.644,4.644,4.644,5.65991
2019-11-17 09:12:00,4.644,4.644,4.644,4.644,4.9286
2019-11-17 09:11:00,4.644,4.645,4.643,4.644,1168.58245
2019-11-17 09:10:00,4.645,4.646,4.644,4.644,2793.9997
2019-11-17 09:09:00,4.649,4.649,4.645,4.646,2516.57694
2019-11-17 09:08:00,4.648,4.649,4.648,4.649,244.43377
2019-11-17 09:07:00,4.65,4.65,4.647,4.648,549.0226
2019-11-17 09:06:00,4.652,4.653,4.652,4.652,519.12934
2019-11-17 09:05:00,4.651,4.653,4.651,4.652,2225.10366
2019-11-17 09:04:00,4.651,4.651,4.651,4.651,71.98498
2019-11-17 09:03:00,4.657,4.657,4.652,4.652,1797.67476
2019-11-17 09:02:00,4.651,4.655,4.651,4.654,2476.09649
2019-11-17 09:01:00,4.653,4.653,4.651,4.651,28.81714
2019-11-17 09:00:00,4.651,4.654,4.65,4.654,2865.35916
2019-11-17 08:59:00,4.648,4.649,4.647,4.649,685.25521
2019-11-17 08:58:00,4.653,4.653,4.648,4.648,2458.61165
2019-11-17 08:57:00,4.648,4.651,4.648,4.651,538.30438
2019-11-17 08:56:00,4.647,4.647,4.642,4.642,829.92008
2019-11-17 08:55:00,4.649,4.649,4.649,4.649,0
2019-11-17 08:54:00,4.649,4.649,4.649,4.649,0
2019-11-17 08:53:00,4.649,4.649,4.649,4.649,8.32292
2019-11-17 08:52:00,4.651,4.651,4.651,4.651,0
2019-11-17 08:51:00,4.651,4.651,4.651,4.651,438.54074
2019-11-17 08:50:00,4.653,4.653,4.648,4.649,2070.34203
2019-11-17 08:49:00,4.653,4.653,4.653,4.653,0
2019-11-17 08:48:00,4.653,4.653,4.653,4.653,1601.60253
2019-11-17 08:47:00,4.654,4.654,4.654,4.654,0
2019-11-17 08:46:00,4.659,4.659,4.654,4.654,142.11095
2019-11-17 08:45:00,4.659,4.659,4.659,4.659,529.82727
2019-11-17 08:44:00,4.659,4.659,4.659,4.659,202.77717
2019-11-17 08:43:00,4.658,4.658,4.658,4.658,15.49699
2019-11-17 08:42:00,4.658,4.658,4.658,4.658,20.03976
2019-11-17 08:41:00,4.658,4.658,4.658,4.658,11.69619
2019-11-17 08:40:00,4.657,4.657,4.657,4.657,0
2019-11-17 08:39:00,4.657,4.657,4.657,4.657,34.04
2019-11-17 08:38:00,4.655,4.655,4.655,4.655,0
2019-11-17 08:37:00,4.654,4.655,4.654,4.655,28.34446
2019-11-17 08:36:00,4.654,4.654,4.653,4.654,3818.96089
2019-11-17 08:35:00,4.661,4.661,4.652,4.653,3136.33636
2019-11-17 08:34:00,4.659,4.661,4.658,4.661,4186.87487
2019-11-17 08:33:00,4.651,4.66,4.651,4.657,1754.95067
2019-11-17 08:32:00,4.655,4.655,4.649,4.65,1049.56545
2019-11-17 08:31:00,4.66,4.66,4.652,4.653,3599.93464
2019-11-17 08:30:00,4.655,4.661,4.654,4.659,3085.79037
2019-11-17 08:29:00,4.652,4.66,4.651,4.654,3158.53538
2019-11-17 08:28:00,4.654,4.654,4.652,4.652,735.15057
2019-11-17 08:27:00,4.649,4.654,4.649,4.653,4.39636
2019-11-17 08:26:00,4.648,4.649,4.648,4.649,10.05274
2019-11-17 08:25:00,4.647,4.648,4.647,4.648,1128.23471
2019-11-17 08:24:00,4.647,4.647,4.647,4.647,1007.02863
2019-11-17 08:23:00,4.645,4.647,4.645,4.646,3944.19223
2019-11-17 08:22:00,4.643,4.643,4.643,4.643,1850.61011
2019-11-17 08:21:00,4.643,4.646,4.641,4.643,6452.22964
2019-11-17 08:20:00,4.652,4.652,4.643,4.643,7879.90866
2019-11-17 08:19:00,4.653,4.656,4.653,4.655,1642.90859
2019-11-17 08:18:00,4.647,4.653,4.647,4.653,523.11561
2019-11-17 08:17:00,4.646,4.646,4.646,4.646,0.1849
2019-11-17 08:16:00,4.645,4.645,4.644,4.645,1421.70275
2019-11-17 08:15:00,4.646,4.646,4.645,4.645,1840.97523
2019-11-17 08:14:00,4.649,4.651,4.648,4.648,1126.29584
2019-11-17 08:13:00,4.645,4.652,4.645,4.651,4576.32251
2019-11-17 08:12:00,4.646,4.646,4.644,4.644,175.31279
2019-11-17 08:11:00,4.646,4.648,4.646,4.646,2910.26258
2019-11-17 08:10:00,4.645,4.646,4.645,4.646,3944.78274
2019-11-17 08:09:00,4.642,4.647,4.642,4.642,1717.01416
2019-11-17 08:08:00,4.637,4.642,4.637,4.642,51.79004
2019-11-17 08:07:00,4.635,4.637,4.633,4.636,3578.17692
2019-11-17 08:06:00,4.63,4.639,4.63,4.635,3401.52408
2019-11-17 08:05:00,4.631,4.631,4.631,4.631,111.26922
2019-11-17 08:04:00,4.63,4.631,4.626,4.631,1131.81359
2019-11-17 08:03:00,4.631,4.635,4.63,4.63,2913.18113
2019-11-17 08:02:00,4.632,4.632,4.631,4.631,6.40029
2019-11-17 08:01:00,4.631,4.631,4.631,4.631,11.84053
2019-11-17 08:00:00,4.629,4.631,4.629,4.631,1505.15236
2019-11-17 07:59:00,4.628,4.63,4.627,4.629,1641.92961
2019-11-17 07:58:00,4.628,4.628,4.628,4.628,0.39434
2019-11-17 07:57:00,4.628,4.628,4.628,4.628,0.02669
2019-11-17 07:56:00,4.629,4.629,4.629,4.629,0
2019-11-17 07:55:00,4.629,4.629,4.629,4.629,0
2019-11-17 07:54:00,4.629,4.629,4.629,4.629,0
2019-11-17 07:53:00,4.629,4.629,4.629,4.629,0
2019-11-17 07:52:00,4.628,4.629,4.628,4.629,232.3975
2019-11-17 07:51:00,4.628,4.628,4.628,4.628,30
2019-11-17 07:50:00,4.627,4.627,4.627,4.627,0
2019-11-17 07:49:00,4.627,4.627,4.627,4.627,281.6352
2019-11-17 07:48:00,4.625,4.627,4.625,4.627,230.48231
2019-11-17 07:47:00,4.625,4.625,4.625,4.625,0.3969
2019-11-17 07:46:00,4.625,4.625,4.625,4.625,0.32315
2019-11-17 07:45:00,4.625,4.625,4.625,4.625,0.3925
2019-11-17 07:44:00,4.625,4.626,4.625,4.625,2.89021
2019-11-17 07:43:00,4.626,4.626,4.625,4.625,2049.60492
2019-11-17 07:42:00,4.626,4.626,4.626,4.626,549.48725
2019-11-17 07:41:00,4.626,4.627,4.626,4.626,94.19384
2019-11-17 07:40:00,4.626,4.626,4.626,4.626,1.56265
2019-11-17 07:39:00,4.626,4.626,4.626,4.626,1.09467
2019-11-17 07:38:00,4.625,4.626,4.625,4.626,1376.13748
2019-11-17 07:37:00,4.627,4.627,4.625,4.625,138.87343
2019-11-17 07:36:00,4.627,4.627,4.627,4.627,0.5165
2019-11-17 07:35:00,4.628,4.629,4.627,4.627,611.01442
2019-11-17 07:34:00,4.632,4.632,4.628,4.629,828.20889
2019-11-17 07:33:00,4.631,4.633,4.631,4.633,178.91716
2019-11-17 07:32:00,4.632,4.632,4.631,4.631,1561.93253
2019-11-17 07:31:00,4.631,4.632,4.63,4.632,1751.58322
2019-11-17 07:30:00,4.626,4.63,4.624,4.63,4190.16198
2019-11-17 07:29:00,4.625,4.625,4.625,4.625,528.14671
2019-11-17 07:28:00,4.626,4.626,4.626,4.626,436.52974
2019-11-17 07:27:00,4.628,4.628,4.626,4.626,1762.19581
2019-11-17 07:26:00,4.627,4.627,4.626,4.627,572.64439
2019-11-17 07:25:00,4.627,4.627,4.626,4.626,3252.08577
2019-11-17 07:24:00,4.625,4.629,4.625,4.627,485.33365
2019-11-17 07:23:00,4.625,4.625,4.625,4.625,0
2019-11-17 07:22:00,4.627,4.627,4.625,4.625,2001.58733
2019-11-17 07:21:00,4.627,4.627,4.625,4.625,725.78056
2019-11-17 07:20:00,4.629,4.63,4.629,4.629,2101.35051
2019-11-17 07:19:00,4.63,4.63,4.63,4.63,891.54877
2019-11-17 07:18:00,4.629,4.63,4.629,4.63,2729.84089
2019-11-17 07:17:00,4.629,4.63,4.629,4.629,796.12719
2019-11-17 07:16:00,4.633,4.633,4.628,4.63,2821.61165
2019-11-17 07:15:00,4.632,4.634,4.629,4.633,2758.13877
2019-11-17 07:14:00,4.636,4.637,4.633,4.633,1980.79797
2019-11-17 07:13:00,4.634,4.636,4.633,4.635,914.05252
2019-11-17 07:12:00,4.634,4.634,4.634,4.634,1.37165
2019-11-17 07:11:00,4.634,4.634,4.633,4.634,2.87578
2019-11-17 07:10:00,4.633,4.634,4.633,4.634,392.45558
2019-11-17 07:09:00,4.632,4.634,4.632,4.634,2557.68869
2019-11-17 07:08:00,4.632,4.632,4.63,4.632,448.86838
2019-11-17 07:07:00,4.634,4.634,4.63,4.632,360.38725
2019-11-17 07:06:00,4.633,4.634,4.633,4.633,1.33889
2019-11-17 07:05:00,4.633,4.634,4.633,4.633,1.95953
2019-11-17 07:04:00,4.634,4.634,4.633,4.633,1.1309
2019-11-17 07:03:00,4.633,4.634,4.633,4.633,0.73541
2019-11-17 07:02:00,4.633,4.634,4.633,4.634,0.69881
2019-11-17 07:01:00,4.633,4.634,4.633,4.633,0.72709
2019-11-17 07:00:00,4.637,4.637,4.633,4.633,367.40025
2019-11-17 06:59:00,4.64,4.64,4.637,4.637,1359.91453
2019-11-17 06:58:00,4.64,4.64,4.64,4.64,0
2019-11-17 06:57:00,4.64,4.64,4.64,4.64,2
2019-11-17 06:56:00,4.643,4.643,4.641,4.641,2095.21015
2019-11-17 06:55:00,4.644,4.644,4.643,4.643,97.73496
2019-11-17 06:54:00,4.647,4.647,4.644,4.644,1767.01099
2019-11-17 06:53:00,4.646,4.647,4.646,4.647,1066.5453
2019-11-17 06:52:00,4.646,4.646,4.646,4.646,227.61902
2019-11-17 06:51:00,4.647,4.647,4.647,4.647,3945.69844
2019-11-17 06:50:00,4.648,4.648,4.648,4.648,435.79059
2019-11-17 06:49:00,4.65,4.65,4.65,4.65,1462.09519
2019-11-17 06:48:00,4.649,4.653,4.649,4.65,819.72542
2019-11-17 06:47:00,4.649,4.649,4.648,4.648,2731.74881
2019-11-17 06:46:00,4.648,4.649,4.648,4.649,531.0594
2019-11-17 06:45:00,4.65,4.651,4.648,4.649,872.4557
2019-11-17 06:44:00,4.647,4.649,4.647,4.649,212.9414
2019-11-17 06:43:00,4.649,4.649,4.647,4.647,1.85957
2019-11-17 06:42:00,4.648,4.649,4.647,4.648,1808.70649
2019-11-17 06:41:00,4.647,4.65,4.647,4.648,1620.39359
2019-11-17 06:40:00,4.647,4.647,4.646,4.647,1031.73718
2019-11-17 06:39:00,4.647,4.647,4.646,4.647,888.41341
2019-11-17 06:38:00,4.646,4.647,4.646,4.647,2522.24879
2019-11-17 06:37:00,4.647,4.647,4.646,4.647,514.83404
2019-11-17 06:36:00,4.644,4.65,4.644,4.646,652.16716
2019-11-17 06:35:00,4.644,4.644,4.644,4.644,0.70281
2019-11-17 06:34:00,4.643,4.644,4.642,4.644,143.98685
2019-11-17 06:33:00,4.638,4.643,4.638,4.643,1401.67761
2019-11-17 06:32:00,4.638,4.638,4.637,4.637,1566.17845
2019-11-17 06:31:00,4.635,4.638,4.634,4.638,172.57399
2019-11-17 06:30:00,4.634,4.635,4.634,4.635,994.32967
2019-11-17 06:29:00,4.633,4.633,4.633,4.633,0
2019-11-17 06:28:00,4.633,4.633,4.633,4.633,0
2019-11-17 06:27:00,4.633,4.633,4.633,4.633,0
2019-11-17 06:26:00,4.633,4.633,4.633,4.633,0
2019-11-17 06:25:00,4.633,4.633,4.633,4.633,0
2019-11-17 06:24:00,4.633,4.633,4.633,4.633,0
2019-11-17 06:23:00,4.633,4.633,4.633,4.633,0
2019-11-17 06:22:00,4.633,4.633,4.633,4.633,179.02009
2019-11-17 06:21:00,4.634,4.634,4.633,4.633,2218.80954
2019-11-17 06:20:00,4.624,4.634,4.624,4.634,7736.53525
2019-11-17 06:19:00,4.626,4.627,4.624,4.627,1316.4585
2019-11-17 06:18:00,4.624,4.627,4.624,4.624,2812.89852
2019-11-17 06:17:00,4.624,4.626,4.624,4.625,1387.37728
2019-11-17 06:16:00,4.625,4.625,4.624,4.625,967.31411
2019-11-17 06:15:00,4.626,4.626,4.623,4.625,2844.86498
2019-11-17 06:14:00,4.629,4.629,4.622,4.622,487.07501
2019-11-17 06:13:00,4.628,4.629,4.628,4.629,3017.69873
2019-11-17 06:12:00,4.63,4.63,4.628,4.629,1020.39821
2019-11-17 06:11:00,4.626,4.63,4.625,4.63,2242.1582
2019-11-17 06:10:00,4.625,4.626,4.625,4.626,563.55974
2019-11-17 06:09:00,4.627,4.627,4.627,4.627,0.11917
2019-11-17 06:08:00,4.625,4.627,4.625,4.627,444.75591
2019-11-17 06:07:00,4.624,4.625,4.624,4.625,95.99102
2019-11-17 06:06:00,4.624,4.624,4.624,4.624,0
2019-11-17 06:05:00,4.624,4.624,4.624,4.624,29.08051
2019-11-17 06:04:00,4.624,4.624,4.624,4.624,963.27683
2019-11-17 06:03:00,4.626,4.626,4.624,4.624,528.47941
2019-11-17 06:02:00,4.627,4.627,4.627,4.627,0
2019-11-17 06:01:00,4.627,4.627,4.627,4.627,206.0136
2019-11-17 06:00:00,4.629,4.63,4.627,4.627,2401.44289
2019-11-17 05:59:00,4.629,4.63,4.629,4.63,330.21251
2019-11-17 05:58:00,4.629,4.629,4.629,4.629,0.42656
2019-11-17 05:57:00,4.629,4.629,4.629,4.629,0.28063
2019-11-17 05:56:00,4.629,4.629,4.629,4.629,0.2805
2019-11-17 05:55:00,4.629,4.629,4.629,4.629,0.36381
2019-11-17 05:54:00,4.629,4.629,4.629,4.629,0.215
2019-11-17 05:53:00,4.626,4.629,4.626,4.629,77.19446
2019-11-17 05:52:00,4.626,4.626,4.625,4.626,224.3613
2019-11-17 05:51:00,4.624,4.626,4.624,4.626,362.0609
2019-11-17 05:50:00,4.624,4.624,4.624,4.624,0
2019-11-17 05:49:00,4.624,4.624,4.624,4.624,279.26472
2019-11-17 05:48:00,4.624,4.624,4.623,4.624,3318.52294
2019-11-17 05:47:00,4.623,4.624,4.622,4.624,2156.95128
2019-11-17 05:46:00,4.621,4.623,4.621,4.621,348.11801
2019-11-17 05:45:00,4.625,4.625,4.625,4.625,0
2019-11-17 05:44:00,4.627,4.627,4.625,4.625,434.50838
2019-11-17 05:43:00,4.627,4.628,4.626,4.627,2619.31285
2019-11-17 05:42:00,4.625,4.627,4.625,4.627,607.56824
2019-11-17 05:41:00,4.625,4.625,4.622,4.624,2566.93417
2019-11-17 05:40:00,4.625,4.627,4.625,4.625,2478.9614
2019-11-17 05:39:00,4.628,4.63,4.624,4.625,3446.40169
2019-11-17 05:38:00,4.628,4.628,4.628,4.628,3.38103
2019-11-17 05:37:00,4.628,4.628,4.628,4.628,0.45702
2019-11-17 05:36:00,4.628,4.628,4.628,4.628,0
2019-11-17 05:35:00,4.628,4.628,4.627,4.628,140.20592
2019-11-17 05:34:00,4.619,4.629,4.619,4.628,1066.74698
2019-11-17 05:33:00,4.615,4.616,4.615,4.616,1359.11094
2019-11-17 05:32:00,4.615,4.623,4.615,4.616,5816.45116
2019-11-17 05:31:00,4.612,4.615,4.612,4.612,3890.37514
2019-11-17 05:30:00,4.614,4.616,4.612,4.612,519.63139
2019-11-17 05:29:00,4.611,4.615,4.611,4.615,548.83272
2019-11-17 05:28:00,4.611,4.611,4.611,4.611,0.13397
2019-11-17 05:27:00,4.611,4.611,4.611,4.611,0.16572
2019-11-17 05:26:00,4.611,4.611,4.611,4.611,4.50131
2019-11-17 05:25:00,4.609,4.613,4.609,4.611,381.9686
2019-11-17 05:24:00,4.609,4.609,4.609,4.609,0.04423
2019-11-17 05:23:00,4.609,4.609,4.609,4.609,0.04311
2019-11-17 05:22:00,4.609,4.609,4.609,4.609,0.05024
2019-11-17 05:21:00,4.609,4.609,4.609,4.609,0.08989
2019-11-17 05:20:00,4.609,4.609,4.609,4.609,0.05716
2019-11-17 05:19:00,4.608,4.609,4.608,4.609,885.96555
2019-11-17 05:18:00,4.608,4.608,4.608,4.608,1125.45193
2019-11-17 05:17:00,4.608,4.608,4.608,4.608,308.20922
2019-11-17 05:16:00,4.607,4.607,4.607,4.607,860.27393
2019-11-17 05:15:00,4.607,4.607,4.603,4.607,2490.58194
2019-11-17 05:14:00,4.609,4.61,4.607,4.608,761.85054
2019-11-17 05:13:00,4.61,4.61,4.608,4.608,196.00685
2019-11-17 05:12:00,4.612,4.612,4.61,4.611,1171.76157
2019-11-17 05:11:00,4.612,4.612,4.612,4.612,1.02753
2019-11-17 05:10:00,4.612,4.612,4.612,4.612,1.03931
2019-11-17 05:09:00,4.612,4.612,4.612,4.612,0.53559
2019-11-17 05:08:00,4.611,4.611,4.611,4.611,0
2019-11-17 05:07:00,4.612,4.612,4.611,4.611,2.83218
2019-11-17 05:06:00,4.61,4.612,4.609,4.612,0.60365
2019-11-17 05:05:00,4.61,4.61,4.61,4.61,0.48659
2019-11-17 05:04:00,4.612,4.612,4.609,4.61,1131.45918
2019-11-17 05:03:00,4.612,4.612,4.612,4.612,0.33073
2019-11-17 05:02:00,4.611,4.612,4.611,4.612,137.35692
2019-11-17 05:01:00,4.611,4.611,4.611,4.611,0.10049
2019-11-17 05:00:00,4.608,4.613,4.608,4.612,419.94018
2019-11-17 04:59:00,4.608,4.608,4.608,4.608,2093.58477
2019-11-17 04:58:00,4.608,4.609,4.608,4.609,808.73674
2019-11-17 04:57:00,4.607,4.607,4.607,4.607,0
2019-11-17 04:56:00,4.607,4.608,4.607,4.607,1212.23084
2019-11-17 04:55:00,4.609,4.609,4.609,4.609,0.01001
2019-11-17 04:54:00,4.61,4.61,4.61,4.61,219.57692
2019-11-17 04:53:00,4.61,4.611,4.61,4.611,332.34856
2019-11-17 04:52:00,4.61,4.61,4.609,4.61,770.88198
2019-11-17 04:51:00,4.609,4.611,4.609,4.61,470.86062
2019-11-17 04:50:00,4.611,4.611,4.611,4.611,0.04232
2019-11-17 04:49:00,4.611,4.611,4.611,4.611,0
2019-11-17 04:48:00,4.611,4.611,4.611,4.611,0.76728
2019-11-17 04:47:00,4.612,4.612,4.612,4.612,0
2019-11-17 04:46:00,4.612,4.612,4.612,4.612,0
2019-11-17 04:45:00,4.613,4.614,4.612,4.612,1243.39124
2019-11-17 04:44:00,4.612,4.612,4.612,4.612,0.58732
2019-11-17 04:43:00,4.612,4.612,4.612,4.612,2.45273
2019-11-17 04:42:00,4.612,4.612,4.612,4.612,3.28499
2019-11-17 04:41:00,4.612,4.612,4.612,4.612,1.92662
2019-11-17 04:40:00,4.612,4.612,4.612,4.612,2.4732
2019-11-17 04:39:00,4.612,4.612,4.612,4.612,2.23628
2019-11-17 04:38:00,4.612,4.612,4.612,4.612,26.55633
2019-11-17 04:37:00,4.612,4.613,4.612,4.612,142.28186
2019-11-17 04:36:00,4.612,4.612,4.612,4.612,1.50086
2019-11-17 04:35:00,4.612,4.612,4.612,4.612,0.58633
2019-11-17 04:34:00,4.612,4.612,4.612,4.612,2.0151
2019-11-17 04:33:00,4.612,4.614,4.612,4.612,206.42165
2019-11-17 04:32:00,4.614,4.614,4.614,4.614,2
2019-11-17 04:31:00,4.609,4.613,4.609,4.613,462.51348
2019-11-17 04:30:00,4.611,4.611,4.611,4.611,13.35646
2019-11-17 04:29:00,4.612,4.612,4.612,4.612,0
2019-11-17 04:28:00,4.612,4.612,4.612,4.612,26.13703
2019-11-17 04:27:00,4.613,4.613,4.613,4.613,0
2019-11-17 04:26:00,4.613,4.613,4.613,4.613,0
2019-11-17 04:25:00,4.613,4.613,4.613,4.613,251.2831
2019-11-17 04:24:00,4.613,4.613,4.613,4.613,496.81763
2019-11-17 04:23:00,4.611,4.615,4.611,4.612,1200.15075
2019-11-17 04:22:00,4.612,4.612,4.612,4.612,0
2019-11-17 04:21:00,4.612,4.612,4.612,4.612,0
2019-11-17 04:20:00,4.612,4.612,4.612,4.612,0.04
2019-11-17 04:19:00,4.612,4.612,4.612,4.612,0
2019-11-17 04:18:00,4.612,4.612,4.612,4.612,25.84535
2019-11-17 04:17:00,4.612,4.612,4.612,4.612,0
2019-11-17 04:16:00,4.612,4.612,4.612,4.612,198.9056
2019-11-17 04:15:00,4.612,4.612,4.61,4.612,1327.32821
2019-11-17 04:14:00,4.612,4.612,4.612,4.612,3.59707
2019-11-17 04:13:00,4.612,4.612,4.612,4.612,7.64176
2019-11-17 04:12:00,4.613,4.613,4.612,4.613,528.07984
2019-11-17 04:11:00,4.613,4.613,4.613,4.613,4.60549
2019-11-17 04:10:00,4.613,4.613,4.613,4.613,2.91866
2019-11-17 04:09:00,4.613,4.613,4.613,4.613,4.9619
2019-11-17 04:08:00,4.613,4.613,4.613,4.613,2.15562
2019-11-17 04:07:00,4.613,4.614,4.613,4.614,1990.60278
2019-11-17 04:06:00,4.614,4.614,4.614,4.614,181.62321
2019-11-17 04:05:00,4.614,4.614,4.614,4.614,303.41014
2019-11-17 04:04:00,4.614,4.614,4.613,4.614,1662.41366
2019-11-17 04:03:00,4.614,4.614,4.614,4.614,2.06044
2019-11-17 04:02:00,4.614,4.614,4.614,4.614,1.72094
2019-11-17 04:01:00,4.615,4.615,4.613,4.614,827.78677
2019-11-17 04:00:00,4.615,4.615,4.615,4.615,1478.44777
2019-11-17 03:59:00,4.616,4.616,4.616,4.616,293.94864
2019-11-17 03:58:00,4.615,4.617,4.615,4.617,1644.79045
2019-11-17 03:57:00,4.617,4.617,4.615,4.615,758.2136
2019-11-17 03:56:00,4.615,4.617,4.615,4.617,221.59862
2019-11-17 03:55:00,4.615,4.615,4.615,4.615,2
2019-11-17 03:54:00,4.613,4.613,4.613,4.613,0
2019-11-17 03:53:00,4.606,4.613,4.606,4.613,2472.93642
2019-11-17 03:52:00,4.613,4.613,4.609,4.609,371.60981
2019-11-17 03:51:00,4.613,4.613,4.613,4.613,0
2019-11-17 03:50:00,4.613,4.613,4.613,4.613,0.14604
2019-11-17 03:49:00,4.614,4.614,4.614,4.614,0
2019-11-17 03:48:00,4.614,4.614,4.614,4.614,0
2019-11-17 03:47:00,4.613,4.615,4.612,4.614,789.16164
2019-11-17 03:46:00,4.615,4.615,4.613,4.614,463.02827
2019-11-17 03:45:00,4.618,4.618,4.616,4.616,2139.6137
2019-11-17 03:44:00,4.619,4.619,4.618,4.618,32.27208
2019-11-17 03:43:00,4.619,4.619,4.618,4.619,1.30919
2019-11-17 03:42:00,4.619,4.619,4.618,4.619,0.93771
2019-11-17 03:41:00,4.619,4.619,4.618,4.619,1.4347
2019-11-17 03:40:00,4.619,4.619,4.618,4.619,1.09098
2019-11-17 03:39:00,4.619,4.619,4.618,4.619,1.46493
2019-11-17 03:38:00,4.619,4.619,4.618,4.619,1.0879
2019-11-17 03:37:00,4.619,4.619,4.618,4.619,0.82063
2019-11-17 03:36:00,4.619,4.619,4.618,4.619,0.84534
2019-11-17 03:35:00,4.619,4.619,4.618,4.619,7.87008
2019-11-17 03:34:00,4.619,4.619,4.618,4.619,0.53114
2019-11-17 03:33:00,4.619,4.619,4.618,4.619,0.55987
2019-11-17 03:32:00,4.619,4.619,4.618,4.619,0.35772
2019-11-17 03:31:00,4.618,4.619,4.618,4.618,0.1206
2019-11-17 03:30:00,4.618,4.618,4.618,4.618,30.11215
2019-11-17 03:29:00,4.618,4.618,4.618,4.618,0
2019-11-17 03:28:00,4.618,4.618,4.618,4.618,554.30962
2019-11-17 03:27:00,4.619,4.619,4.619,4.619,0
2019-11-17 03:26:00,4.619,4.619,4.619,4.619,386.73226
2019-11-17 03:25:00,4.617,4.617,4.617,4.617,0
2019-11-17 03:24:00,4.617,4.617,4.617,4.617,0
2019-11-17 03:23:00,4.617,4.617,4.617,4.617,0
2019-11-17 03:22:00,4.616,4.617,4.616,4.617,63.9362
2019-11-17 03:21:00,4.616,4.616,4.616,4.616,0.02059
2019-11-17 03:20:00,4.616,4.616,4.616,4.616,0.01006
2019-11-17 03:19:00,4.616,4.617,4.616,4.616,46.34153
2019-11-17 03:18:00,4.616,4.616,4.616,4.616,0.06012
2019-11-17 03:17:00,4.616,4.616,4.616,4.616,0.01031
2019-11-17 03:16:00,4.618,4.618,4.617,4.617,1441.29777
2019-11-17 03:15:00,4.619,4.62,4.617,4.617,657.811
2019-11-17 03:14:00,4.621,4.621,4.621,4.621,2.65135
2019-11-17 03:13:00,4.621,4.621,4.621,4.621,1.6178
2019-11-17 03:12:00,4.621,4.621,4.621,4.621,3.22519
2019-11-17 03:11:00,4.62,4.621,4.62,4.621,1081.65855
2019-11-17 03:10:00,4.62,4.62,4.62,4.62,2.74504
2019-11-17 03:09:00,4.62,4.62,4.62,4.62,648.1296
2019-11-17 03:08:00,4.62,4.62,4.62,4.62,100.09369
2019-11-17 03:07:00,4.62,4.62,4.62,4.62,0.35701
2019-11-17 03:06:00,4.62,4.62,4.62,4.62,0.4631
2019-11-17 03:05:00,4.616,4.619,4.616,4.619,2.12699
2019-11-17 03:04:00,4.623,4.623,4.616,4.616,928.31096
2019-11-17 03:03:00,4.621,4.623,4.621,4.623,164.78576
2019-11-17 03:02:00,4.621,4.621,4.621,4.621,0.5964
2019-11-17 03:01:00,4.619,4.621,4.619,4.621,181.04231
2019-11-17 03:00:00,4.618,4.619,4.618,4.619,836.2683
2019-11-17 02:59:00,4.616,4.618,4.616,4.618,0.58327
2019-11-17 02:58:00,4.616,4.616,4.616,4.616,0.66253
2019-11-17 02:57:00,4.617,4.617,4.616,4.616,613.12128
2019-11-17 02:56:00,4.616,4.617,4.616,4.617,1706.04552
2019-11-17 02:55:00,4.615,4.615,4.615,4.615,219.15
2019-11-17 02:54:00,4.615,4.615,4.615,4.615,2
2019-11-17 02:53:00,4.615,4.615,4.615,4.615,17.99843
2019-11-17 02:52:00,4.614,4.614,4.614,4.614,0
2019-11-17 02:51:00,4.615,4.615,4.612,4.614,409.71664
2019-11-17 02:50:00,4.617,4.617,4.617,4.617,0
2019-11-17 02:49:00,4.618,4.618,4.617,4.617,81.21137
2019-11-17 02:48:00,4.618,4.618,4.618,4.618,0.37796
2019-11-17 02:47:00,4.618,4.618,4.618,4.618,0.25541
2019-11-17 02:46:00,4.616,4.618,4.616,4.618,220.61855
2019-11-17 02:45:00,4.616,4.616,4.616,4.616,0.07529
2019-11-17 02:44:00,4.616,4.616,4.616,4.616,1.88851
2019-11-17 02:43:00,4.616,4.616,4.616,4.616,2.56377
2019-11-17 02:42:00,4.616,4.616,4.616,4.616,3.21461
2019-11-17 02:41:00,4.616,4.616,4.615,4.616,122.07608
2019-11-17 02:40:00,4.616,4.616,4.616,4.616,2.12944
2019-11-17 02:39:00,4.616,4.616,4.616,4.616,1.98242
2019-11-17 02:38:00,4.615,4.615,4.615,4.615,0
2019-11-17 02:37:00,4.615,4.615,4.615,4.615,32.49958
2019-11-17 02:36:00,4.616,4.616,4.616,4.616,0.99641
2019-11-17 02:35:00,4.616,4.616,4.616,4.616,2.41534
2019-11-17 02:34:00,4.616,4.616,4.616,4.616,1.12338
2019-11-17 02:33:00,4.616,4.616,4.616,4.616,0.94949
2019-11-17 02:32:00,4.616,4.616,4.616,4.616,241.76866
2019-11-17 02:31:00,4.618,4.618,4.616,4.616,2148.01399
2019-11-17 02:30:00,4.618,4.618,4.618,4.618,0.12425
2019-11-17 02:29:00,4.618,4.618,4.618,4.618,0.23668
2019-11-17 02:28:00,4.618,4.618,4.618,4.618,0.21863
2019-11-17 02:27:00,4.617,4.618,4.617,4.618,0.219
2019-11-17 02:26:00,4.617,4.617,4.617,4.617,0.13805
2019-11-17 02:25:00,4.615,4.615,4.615,4.615,0
2019-11-17 02:24:00,4.615,4.615,4.615,4.615,0
2019-11-17 02:23:00,4.615,4.615,4.615,4.615,0
2019-11-17 02:22:00,4.615,4.615,4.615,4.615,0
2019-11-17 02:21:00,4.615,4.615,4.615,4.615,471.23381
2019-11-17 02:20:00,4.616,4.616,4.616,4.616,176.53645
2019-11-17 02:19:00,4.618,4.618,4.617,4.617,90.46183
2019-11-17 02:18:00,4.618,4.618,4.618,4.618,0.09475
2019-11-17 02:17:00,4.617,4.618,4.617,4.618,690.36235
2019-11-17 02:16:00,4.616,4.617,4.616,4.617,0.07987
2019-11-17 02:15:00,4.617,4.618,4.615,4.615,1735.97305
2019-11-17 02:14:00,4.615,4.617,4.615,4.617,404.57919
2019-11-17 02:13:00,4.615,4.615,4.615,4.615,1.81407
2019-11-17 02:12:00,4.613,4.615,4.613,4.615,666.45927
2019-11-17 02:11:00,4.615,4.615,4.613,4.613,2.00695
2019-11-17 02:10:00,4.609,4.615,4.609,4.615,1232.73187
2019-11-17 02:09:00,4.609,4.609,4.609,4.609,0.99279
2019-11-17 02:08:00,4.609,4.609,4.609,4.609,0.31659
2019-11-17 02:07:00,4.609,4.611,4.609,4.609,1246.56979
2019-11-17 02:06:00,4.61,4.61,4.61,4.61,0
2019-11-17 02:05:00,4.61,4.61,4.61,4.61,1.81653
2019-11-17 02:04:00,4.611,4.612,4.61,4.61,888.23476
2019-11-17 02:03:00,4.611,4.611,4.611,4.611,0.86811
2019-11-17 02:02:00,4.611,4.611,4.611,4.611,0
2019-11-17 02:01:00,4.61,4.611,4.609,4.611,991.95254
2019-11-17 02:00:00,4.611,4.611,4.61,4.61,0.24492
2019-11-17 01:59:00,4.611,4.611,4.611,4.611,0.34281
2019-11-17 01:58:00,4.611,4.611,4.611,4.611,8.76741
2019-11-17 01:57:00,4.611,4.611,4.611,4.611,0.03222
2019-11-17 01:56:00,4.612,4.612,4.612,4.612,0
2019-11-17 01:55:00,4.612,4.612,4.612,4.612,0
2019-11-17 01:54:00,4.612,4.612,4.612,4.612,132.5339
2019-11-17 01:53:00,4.61,4.61,4.61,4.61,513.17625
2019-11-17 01:52:00,4.609,4.609,4.609,4.609,0
2019-11-17 01:51:00,4.609,4.609,4.609,4.609,302.56518
2019-11-17 01:50:00,4.606,4.609,4.605,4.609,628.77017
2019-11-17 01:49:00,4.606,4.606,4.606,4.606,0.3567
2019-11-17 01:48:00,4.606,4.606,4.606,4.606,0.02013
2019-11-17 01:47:00,4.606,4.606,4.606,4.606,1464.77829
2019-11-17 01:46:00,4.606,4.606,4.606,4.606,820.96007
2019-11-17 01:45:00,4.606,4.606,4.606,4.606,0
2019-11-17 01:44:00,4.606,4.606,4.606,4.606,0.44611
2019-11-17 01:43:00,4.61,4.61,4.605,4.606,374.58688
2019-11-17 01:42:00,4.61,4.61,4.61,4.61,1.42619
2019-11-17 01:41:00,4.61,4.61,4.61,4.61,0.70686
2019-11-17 01:40:00,4.61,4.61,4.61,4.61,1.74759
2019-11-17 01:39:00,4.61,4.61,4.61,4.61,0.89236
2019-11-17 01:38:00,4.61,4.61,4.61,4.61,1.02359
2019-11-17 01:37:00,4.608,4.608,4.608,4.608,0
2019-11-17 01:36:00,4.607,4.608,4.606,4.608,704.67837
2019-11-17 01:35:00,4.609,4.609,4.605,4.607,1365.8465
2019-11-17 01:34:00,4.609,4.609,4.609,4.609,0.64512
2019-11-17 01:33:00,4.609,4.609,4.609,4.609,0.53115
2019-11-17 01:32:00,4.608,4.608,4.608,4.608,0.2318
2019-11-17 01:31:00,4.609,4.609,4.608,4.608,1939.23936
2019-11-17 01:30:00,4.609,4.609,4.609,4.609,0
2019-11-17 01:29:00,4.608,4.609,4.608,4.609,1850.43814
2019-11-17 01:28:00,4.608,4.609,4.608,4.609,668.05074
2019-11-17 01:27:00,4.609,4.609,4.608,4.608,183.30746
2019-11-17 01:26:00,4.609,4.609,4.609,4.609,0.05467
2019-11-17 01:25:00,4.609,4.609,4.609,4.609,0.09804
2019-11-17 01:24:00,4.609,4.609,4.609,4.609,0.1098
2019-11-17 01:23:00,4.609,4.61,4.609,4.61,511.87752
2019-11-17 01:22:00,4.609,4.609,4.609,4.609,0.13255
2019-11-17 01:21:00,4.609,4.609,4.609,4.609,0.10295
2019-11-17 01:20:00,4.609,4.609,4.609,4.609,0.0201
2019-11-17 01:19:00,4.611,4.611,4.609,4.609,371.392
2019-11-17 01:18:00,4.616,4.616,4.612,4.612,255.12909
2019-11-17 01:17:00,4.616,4.616,4.616,4.616,0.92503
2019-11-17 01:16:00,4.615,4.617,4.615,4.616,1387.48084
2019-11-17 01:15:00,4.615,4.615,4.615,4.615,128.34285
2019-11-17 01:14:00,4.614,4.614,4.614,4.614,2.06662
2019-11-17 01:13:00,4.61,4.614,4.61,4.614,1701.19208
2019-11-17 01:12:00,4.608,4.611,4.608,4.61,347.8971
2019-11-17 01:11:00,4.609,4.609,4.607,4.608,9.53815
2019-11-17 01:10:00,4.609,4.609,4.608,4.609,1595.76137
2019-11-17 01:09:00,4.61,4.61,4.608,4.609,1067.82521
2019-11-17 01:08:00,4.609,4.609,4.609,4.609,520.49441
2019-11-17 01:07:00,4.607,4.609,4.607,4.609,159.65719
2019-11-17 01:06:00,4.607,4.607,4.607,4.607,189.30798
2019-11-17 01:05:00,4.602,4.605,4.602,4.605,1013.20296
2019-11-17 01:04:00,4.601,4.601,4.601,4.601,559.02179
2019-11-17 01:03:00,4.601,4.602,4.601,4.601,1671.38522
2019-11-17 01:02:00,4.602,4.602,4.599,4.601,932.64302
2019-11-17 01:01:00,4.609,4.609,4.606,4.606,1147.74015
2019-11-17 01:00:00,4.62,4.62,4.61,4.61,628.6472
2019-11-17 00:59:00,4.618,4.62,4.618,4.62,2.69333
2019-11-17 00:58:00,4.619,4.62,4.619,4.619,2.40608
2019-11-17 00:57:00,4.616,4.62,4.616,4.62,2.23273
2019-11-17 00:56:00,4.616,4.616,4.616,4.616,0.49817
2019-11-17 00:55:00,4.616,4.616,4.616,4.616,0.04439
2019-11-17 00:54:00,4.615,4.616,4.615,4.615,327.91092
2019-11-17 00:53:00,4.615,4.615,4.615,4.615,463.14665
2019-11-17 00:52:00,4.612,4.612,4.612,4.612,0
2019-11-17 00:51:00,4.612,4.612,4.612,4.612,0
2019-11-17 00:50:00,4.612,4.612,4.612,4.612,0
2019-11-17 00:49:00,4.612,4.612,4.612,4.612,0
2019-11-17 00:48:00,4.612,4.612,4.612,4.612,206.14208
2019-11-17 00:47:00,4.613,4.613,4.612,4.612,264.00639
2019-11-17 00:46:00,4.608,4.61,4.608,4.61,1138.67972
2019-11-17 00:45:00,4.606,4.606,4.606,4.606,0
2019-11-17 00:44:00,4.608,4.608,4.606,4.606,0.61091
2019-11-17 00:43:00,4.609,4.609,4.608,4.608,167.67574
2019-11-17 00:42:00,4.606,4.608,4.606,4.608,108.40806
2019-11-17 00:41:00,4.607,4.607,4.606,4.606,0.39716
2019-11-17 00:40:00,4.609,4.609,4.607,4.607,1574.46387
2019-11-17 00:39:00,4.613,4.613,4.609,4.609,438.27014
2019-11-17 00:38:00,4.614,4.614,4.613,4.613,0.41041
2019-11-17 00:37:00,4.616,4.616,4.614,4.614,12.07049
2019-11-17 00:36:00,4.616,4.616,4.616,4.616,0.32322
2019-11-17 00:35:00,4.617,4.617,4.616,4.616,0.14984
2019-11-17 00:34:00,4.617,4.618,4.617,4.617,2237.37585
2019-11-17 00:33:00,4.618,4.618,4.618,4.618,0.10064
2019-11-17 00:32:00,4.623,4.623,4.618,4.618,274.18753
2019-11-17 00:31:00,4.623,4.624,4.623,4.623,1197.3399
2019-11-17 00:30:00,4.621,4.625,4.621,4.625,336.48099
2019-11-17 00:29:00,4.622,4.622,4.622,4.622,0
2019-11-17 00:28:00,4.623,4.623,4.622,4.622,0.32393
2019-11-17 00:27:00,4.623,4.623,4.622,4.622,2888.90619
2019-11-17 00:26:00,4.621,4.622,4.621,4.622,205.80298
2019-11-17 00:25:00,4.622,4.622,4.621,4.621,1034.29214
2019-11-17 00:24:00,4.624,4.624,4.623,4.623,202
2019-11-17 00:23:00,4.624,4.624,4.624,4.624,0
2019-11-17 00:22:00,4.624,4.624,4.624,4.624,0
2019-11-17 00:21:00,4.626,4.626,4.624,4.624,200
2019-11-17 00:20:00,4.627,4.627,4.627,4.627,0.84841
2019-11-17 00:19:00,4.625,4.627,4.625,4.627,139.60481
2019-11-17 00:18:00,4.625,4.625,4.625,4.625,0
2019-11-17 00:17:00,4.625,4.625,4.625,4.625,840.68482
2019-11-17 00:16:00,4.625,4.625,4.625,4.625,0
2019-11-17 00:15:00,4.625,4.625,4.625,4.625,164.46783
2019-11-17 00:14:00,4.625,4.625,4.625,4.625,4.20174
2019-11-17 00:13:00,4.625,4.625,4.624,4.625,2196.49728
2019-11-17 00:12:00,4.628,4.628,4.624,4.624,1109.88568
2019-11-17 00:11:00,4.626,4.628,4.626,4.627,364.21112
2019-11-17 00:10:00,4.625,4.625,4.625,4.625,1932.25262
2019-11-17 00:09:00,4.624,4.624,4.624,4.624,0
2019-11-17 00:08:00,4.625,4.625,4.624,4.624,974.32978
2019-11-17 00:07:00,4.625,4.625,4.624,4.625,6324.62488
2019-11-17 00:06:00,4.623,4.625,4.623,4.625,197.80292
2019-11-17 00:05:00,4.619,4.619,4.618,4.619,2533.09372
2019-11-17 00:04:00,4.624,4.624,4.62,4.62,1529.92631
2019-11-17 00:03:00,4.624,4.624,4.624,4.624,2.08471
2019-11-17 00:02:00,4.623,4.624,4.623,4.624,263.19887
2019-11-17 00:01:00,4.62,4.626,4.62,4.623,3720.85073
2019-11-17 00:00:00,4.616,4.62,4.616,4.62,595.84701
