2019-12-01 23:59:00,3.909,3.91,3.905,3.908,6441.02009
2019-12-01 23:58:00,3.9,3.908,3.897,3.908,3543.37177
2019-12-01 23:57:00,3.901,3.904,3.9,3.901,3904.47548
2019-12-01 23:56:00,3.903,3.903,3.897,3.898,5091.1385
2019-12-01 23:55:00,3.91,3.91,3.902,3.902,3163.02218
2019-12-01 23:54:00,3.916,3.918,3.909,3.909,4492.26065
2019-12-01 23:53:00,3.917,3.917,3.916,3.916,2277.76859
2019-12-01 23:52:00,3.919,3.921,3.918,3.918,4856.19775
2019-12-01 23:51:00,3.913,3.918,3.913,3.918,3753.36363
2019-12-01 23:50:00,3.913,3.913,3.911,3.912,502.2063
2019-12-01 23:49:00,3.912,3.915,3.911,3.913,3892.95865
2019-12-01 23:48:00,3.914,3.916,3.912,3.912,681.4065
2019-12-01 23:47:00,3.915,3.915,3.913,3.913,362.02025
2019-12-01 23:46:00,3.918,3.918,3.911,3.912,5126.33463
2019-12-01 23:45:00,3.911,3.921,3.911,3.918,3821.92029
2019-12-01 23:44:00,3.902,3.913,3.901,3.91,7518.53312
2019-12-01 23:43:00,3.904,3.906,3.902,3.903,2176.57584
2019-12-01 23:42:00,3.91,3.91,3.903,3.905,6424.37018
2019-12-01 23:41:00,3.908,3.912,3.905,3.91,7326.27539
2019-12-01 23:40:00,3.91,3.91,3.898,3.904,2924.96046
2019-12-01 23:39:00,3.911,3.915,3.907,3.908,7299.41283
2019-12-01 23:38:00,3.917,3.917,3.914,3.914,1104.80002
2019-12-01 23:37:00,3.913,3.917,3.913,3.917,1029.8194
2019-12-01 23:36:00,3.916,3.916,3.911,3.913,1508.41051
2019-12-01 23:35:00,3.917,3.918,3.917,3.917,410.33973
2019-12-01 23:34:00,3.921,3.921,3.916,3.918,1772.60214
2019-12-01 23:33:00,3.925,3.925,3.922,3.922,1279.78457
2019-12-01 23:32:00,3.925,3.925,3.925,3.925,1117.71604
2019-12-01 23:31:00,3.925,3.926,3.925,3.925,253.72306
2019-12-01 23:30:00,3.921,3.925,3.92,3.925,1986.35437
2019-12-01 23:29:00,3.925,3.931,3.923,3.923,4060.0475
2019-12-01 23:28:00,3.928,3.928,3.925,3.927,2045.81803
2019-12-01 23:27:00,3.919,3.929,3.919,3.929,4865.71175
2019-12-01 23:26:00,3.915,3.922,3.913,3.92,2307.7805
2019-12-01 23:25:00,3.909,3.917,3.908,3.917,1892.38434
2019-12-01 23:24:00,3.912,3.917,3.909,3.909,706.38606
2019-12-01 23:23:00,3.907,3.916,3.907,3.913,3323.92377
2019-12-01 23:22:00,3.914,3.914,3.908,3.908,2414.66049
2019-12-01 23:21:00,3.916,3.917,3.914,3.915,1521.88846
2019-12-01 23:20:00,3.917,3.917,3.912,3.916,2988.22558
2019-12-01 23:19:00,3.924,3.924,3.917,3.918,3941.61931
2019-12-01 23:18:00,3.929,3.929,3.924,3.924,3480.29698
2019-12-01 23:17:00,3.932,3.932,3.927,3.929,1429.92053
2019-12-01 23:16:00,3.93,3.932,3.93,3.932,1628.76732
2019-12-01 23:15:00,3.922,3.93,3.922,3.93,2145.52787
2019-12-01 23:14:00,3.921,3.922,3.92,3.921,818.91734
2019-12-01 23:13:00,3.927,3.927,3.92,3.921,2200.74042
2019-12-01 23:12:00,3.92,3.928,3.92,3.926,5599.96159
2019-12-01 23:11:00,3.921,3.924,3.919,3.919,4271.12264
2019-12-01 23:10:00,3.929,3.929,3.921,3.921,2438.09959
2019-12-01 23:09:00,3.937,3.937,3.926,3.93,7096.49132
2019-12-01 23:08:00,3.945,3.945,3.937,3.937,3104.78022
2019-12-01 23:07:00,3.946,3.947,3.946,3.946,657.06866
2019-12-01 23:06:00,3.948,3.95,3.945,3.945,899.82146
2019-12-01 23:05:00,3.948,3.949,3.948,3.949,526.76279
2019-12-01 23:04:00,3.948,3.948,3.946,3.947,1258.82543
2019-12-01 23:03:00,3.945,3.947,3.945,3.947,2166.09061
2019-12-01 23:02:00,3.944,3.944,3.944,3.944,100.3236
2019-12-01 23:01:00,3.944,3.945,3.943,3.944,1850.74048
2019-12-01 23:00:00,3.945,3.949,3.944,3.944,3915.27479
2019-12-01 22:59:00,3.947,3.947,3.943,3.945,1911.06624
2019-12-01 22:58:00,3.949,3.949,3.945,3.947,3652.44811
2019-12-01 22:57:00,3.953,3.954,3.947,3.949,6890.25055
2019-12-01 22:56:00,3.956,3.956,3.953,3.953,3372.72612
2019-12-01 22:55:00,3.957,3.957,3.956,3.956,748.93994
2019-12-01 22:54:00,3.956,3.959,3.956,3.959,376.08165
2019-12-01 22:53:00,3.957,3.957,3.955,3.955,203.38
2019-12-01 22:52:00,3.957,3.957,3.956,3.956,294.58253
2019-12-01 22:51:00,3.959,3.959,3.957,3.957,2882.71366
2019-12-01 22:50:00,3.96,3.96,3.958,3.959,3258.8896
2019-12-01 22:49:00,3.959,3.961,3.959,3.961,821.02435
2019-12-01 22:48:00,3.96,3.96,3.959,3.959,1210.19705
2019-12-01 22:47:00,3.96,3.96,3.96,3.96,0
2019-12-01 22:46:00,3.962,3.962,3.962,3.962,209.73909
2019-12-01 22:45:00,3.962,3.963,3.962,3.963,3368.40843
2019-12-01 22:44:00,3.959,3.961,3.959,3.961,63.06362
2019-12-01 22:43:00,3.957,3.96,3.957,3.959,1601.76599
2019-12-01 22:42:00,3.956,3.958,3.956,3.957,1649.91365
2019-12-01 22:41:00,3.955,3.956,3.955,3.956,1780.61848
2019-12-01 22:40:00,3.952,3.955,3.952,3.955,651.66822
2019-12-01 22:39:00,3.955,3.955,3.952,3.952,2516.33444
2019-12-01 22:38:00,3.956,3.957,3.955,3.955,2624.26239
2019-12-01 22:37:00,3.952,3.958,3.951,3.957,3109.77976
2019-12-01 22:36:00,3.953,3.953,3.952,3.952,1534.40872
2019-12-01 22:35:00,3.953,3.953,3.95,3.953,2313.50978
2019-12-01 22:34:00,3.956,3.96,3.953,3.954,4525.32643
2019-12-01 22:33:00,3.959,3.959,3.956,3.958,2314.92888
2019-12-01 22:32:00,3.957,3.959,3.957,3.958,1829.73293
2019-12-01 22:31:00,3.957,3.959,3.954,3.958,3091.06197
2019-12-01 22:30:00,3.956,3.958,3.956,3.957,342.45113
2019-12-01 22:29:00,3.957,3.957,3.955,3.955,818.08377
2019-12-01 22:28:00,3.958,3.959,3.956,3.956,405.02212
2019-12-01 22:27:00,3.956,3.958,3.955,3.958,1282.7633
2019-12-01 22:26:00,3.958,3.958,3.956,3.957,1097.82648
2019-12-01 22:25:00,3.964,3.964,3.959,3.959,432.15163
2019-12-01 22:24:00,3.966,3.966,3.964,3.964,2900.28124
2019-12-01 22:23:00,3.964,3.967,3.964,3.966,1672.15289
2019-12-01 22:22:00,3.965,3.969,3.964,3.966,10752.87564
2019-12-01 22:21:00,3.966,3.966,3.963,3.964,645.77152
2019-12-01 22:20:00,3.967,3.968,3.963,3.965,1208.29386
2019-12-01 22:19:00,3.96,3.965,3.959,3.965,13427.56418
2019-12-01 22:18:00,3.959,3.96,3.956,3.96,4674.12848
2019-12-01 22:17:00,3.96,3.962,3.96,3.96,2182.7381
2019-12-01 22:16:00,3.962,3.962,3.96,3.96,756.64528
2019-12-01 22:15:00,3.966,3.966,3.958,3.962,2380.80706
2019-12-01 22:14:00,3.961,3.966,3.96,3.965,1573.25542
2019-12-01 22:13:00,3.959,3.96,3.958,3.96,991.52267
2019-12-01 22:12:00,3.96,3.96,3.958,3.959,795.49466
2019-12-01 22:11:00,3.961,3.961,3.959,3.96,3578.40515
2019-12-01 22:10:00,3.961,3.963,3.959,3.96,2990.6438
2019-12-01 22:09:00,3.972,3.972,3.959,3.962,3647.68816
2019-12-01 22:08:00,3.966,3.973,3.966,3.973,3585.36958
2019-12-01 22:07:00,3.981,3.981,3.967,3.967,2266.374
2019-12-01 22:06:00,3.987,3.987,3.981,3.981,2539.1805
2019-12-01 22:05:00,3.988,3.991,3.987,3.987,2742.45351
2019-12-01 22:04:00,3.999,4.002,3.987,3.987,2466.22114
2019-12-01 22:03:00,3.994,4,3.994,3.998,6655.61598
2019-12-01 22:02:00,3.99,3.992,3.988,3.992,2118.60052
2019-12-01 22:01:00,3.984,3.989,3.984,3.988,2552.38569
2019-12-01 22:00:00,3.976,3.984,3.976,3.983,2063.39934
2019-12-01 21:59:00,3.977,3.98,3.972,3.975,5117.37842
2019-12-01 21:58:00,3.967,3.976,3.966,3.976,5998.34283
2019-12-01 21:57:00,3.969,3.969,3.962,3.966,2984.53806
2019-12-01 21:56:00,3.967,3.972,3.966,3.969,4874.62143
2019-12-01 21:55:00,3.98,3.98,3.966,3.967,6316.97895
2019-12-01 21:54:00,3.996,3.996,3.977,3.979,4576.09802
2019-12-01 21:53:00,4.003,4.009,3.993,3.997,11483.98218
2019-12-01 21:52:00,4.018,4.022,4.01,4.011,3901.21127
2019-12-01 21:51:00,4.003,4.014,4,4.014,8235.10649
2019-12-01 21:50:00,3.989,4.003,3.989,4.001,8291.40001
2019-12-01 21:49:00,3.977,3.99,3.975,3.99,3423.7108
2019-12-01 21:48:00,3.98,3.98,3.972,3.975,9089.12196
2019-12-01 21:47:00,3.993,3.999,3.979,3.98,7233.15898
2019-12-01 21:46:00,3.978,3.995,3.978,3.994,3904.82381
2019-12-01 21:45:00,3.982,3.994,3.971,3.975,21557.33798
2019-12-01 21:44:00,3.964,3.999,3.964,3.98,17491.94166
2019-12-01 21:43:00,3.968,3.971,3.961,3.963,7382.89997
2019-12-01 21:42:00,3.961,3.973,3.961,3.967,5362.96924
2019-12-01 21:41:00,3.959,3.963,3.957,3.96,6186.60397
2019-12-01 21:40:00,3.954,3.958,3.95,3.958,3020.85324
2019-12-01 21:39:00,3.95,3.954,3.949,3.954,3815.89818
2019-12-01 21:38:00,3.952,3.958,3.951,3.951,1962.76874
2019-12-01 21:37:00,3.965,3.965,3.949,3.952,11295.43936
2019-12-01 21:36:00,3.957,3.964,3.942,3.964,10251.29474
2019-12-01 21:35:00,3.952,3.966,3.952,3.958,10066.98183
2019-12-01 21:34:00,3.943,3.951,3.938,3.951,6558.97384
2019-12-01 21:33:00,3.927,3.949,3.926,3.944,16887.04546
2019-12-01 21:32:00,3.919,3.929,3.919,3.926,6939.25503
2019-12-01 21:31:00,3.912,3.918,3.912,3.918,337.75277
2019-12-01 21:30:00,3.913,3.914,3.912,3.912,2028.25223
2019-12-01 21:29:00,3.913,3.914,3.912,3.913,1181.43577
2019-12-01 21:28:00,3.915,3.916,3.914,3.914,1328.42834
2019-12-01 21:27:00,3.914,3.915,3.913,3.915,436.10576
2019-12-01 21:26:00,3.916,3.916,3.913,3.914,1410.35692
2019-12-01 21:25:00,3.911,3.916,3.911,3.916,2088.006
2019-12-01 21:24:00,3.913,3.913,3.911,3.912,299.87703
2019-12-01 21:23:00,3.912,3.915,3.908,3.912,3452.82015
2019-12-01 21:22:00,3.916,3.916,3.909,3.909,3082.10803
2019-12-01 21:21:00,3.919,3.919,3.916,3.916,1183.73459
2019-12-01 21:20:00,3.916,3.919,3.916,3.919,1709.77484
2019-12-01 21:19:00,3.922,3.922,3.915,3.917,5284.56895
2019-12-01 21:18:00,3.922,3.922,3.921,3.922,462.1833
2019-12-01 21:17:00,3.922,3.922,3.922,3.922,736.16295
2019-12-01 21:16:00,3.917,3.922,3.917,3.922,1016.3919
2019-12-01 21:15:00,3.915,3.916,3.915,3.916,2096.44402
2019-12-01 21:14:00,3.916,3.919,3.915,3.915,1415.95954
2019-12-01 21:13:00,3.913,3.916,3.913,3.916,3.8447
2019-12-01 21:12:00,3.916,3.916,3.913,3.913,872.23512
2019-12-01 21:11:00,3.919,3.919,3.913,3.916,2755.78807
2019-12-01 21:10:00,3.918,3.92,3.918,3.919,1152.30898
2019-12-01 21:09:00,3.92,3.92,3.916,3.918,972.75325
2019-12-01 21:08:00,3.933,3.933,3.922,3.922,3793.53571
2019-12-01 21:07:00,3.919,3.933,3.916,3.933,6104.33536
2019-12-01 21:06:00,3.914,3.928,3.914,3.921,9642.51044
2019-12-01 21:05:00,3.902,3.913,3.902,3.912,3667.9258
2019-12-01 21:04:00,3.897,3.902,3.897,3.902,1626.85974
2019-12-01 21:03:00,3.895,3.897,3.894,3.896,1418.60594
2019-12-01 21:02:00,3.895,3.895,3.895,3.895,66.08241
2019-12-01 21:01:00,3.895,3.895,3.895,3.895,0.29999
2019-12-01 21:00:00,3.895,3.897,3.895,3.895,1592.25013
2019-12-01 20:59:00,3.897,3.897,3.895,3.895,2.2047
2019-12-01 20:58:00,3.902,3.902,3.897,3.897,2525.69592
2019-12-01 20:57:00,3.9,3.902,3.9,3.902,548.84624
2019-12-01 20:56:00,3.906,3.906,3.901,3.901,447.70014
2019-12-01 20:55:00,3.906,3.907,3.905,3.906,1509.34867
2019-12-01 20:54:00,3.909,3.909,3.907,3.907,3299.92636
2019-12-01 20:53:00,3.908,3.909,3.908,3.909,136.93889
2019-12-01 20:52:00,3.908,3.908,3.906,3.908,839.06122
2019-12-01 20:51:00,3.907,3.907,3.907,3.907,0
2019-12-01 20:50:00,3.907,3.907,3.907,3.907,2110.39505
2019-12-01 20:49:00,3.908,3.909,3.908,3.908,469.68988
2019-12-01 20:48:00,3.906,3.908,3.905,3.908,2219.75141
2019-12-01 20:47:00,3.907,3.907,3.906,3.907,1269.63349
2019-12-01 20:46:00,3.903,3.907,3.903,3.907,1342.03958
2019-12-01 20:45:00,3.904,3.904,3.904,3.904,91.35465
2019-12-01 20:44:00,3.903,3.904,3.903,3.904,1203.88555
2019-12-01 20:43:00,3.902,3.904,3.901,3.904,1592.97402
2019-12-01 20:42:00,3.901,3.904,3.901,3.902,747.61234
2019-12-01 20:41:00,3.9,3.902,3.9,3.901,1204.71496
2019-12-01 20:40:00,3.901,3.901,3.899,3.901,3691.0154
2019-12-01 20:39:00,3.902,3.903,3.901,3.902,327.64613
2019-12-01 20:38:00,3.905,3.905,3.902,3.902,358.89591
2019-12-01 20:37:00,3.906,3.906,3.905,3.905,359.69426
2019-12-01 20:36:00,3.906,3.907,3.906,3.907,2066.90527
2019-12-01 20:35:00,3.907,3.907,3.906,3.906,1577.93518
2019-12-01 20:34:00,3.903,3.906,3.903,3.906,495.35992
2019-12-01 20:33:00,3.902,3.904,3.9,3.902,3915.35459
2019-12-01 20:32:00,3.897,3.902,3.897,3.902,1289.14312
2019-12-01 20:31:00,3.895,3.895,3.895,3.895,229.65285
2019-12-01 20:30:00,3.891,3.893,3.891,3.893,266.25179
2019-12-01 20:29:00,3.889,3.891,3.888,3.891,1192.85627
2019-12-01 20:28:00,3.888,3.888,3.888,3.888,2.46992
2019-12-01 20:27:00,3.887,3.889,3.886,3.888,470.72627
2019-12-01 20:26:00,3.888,3.89,3.888,3.888,1169.8258
2019-12-01 20:25:00,3.89,3.89,3.888,3.888,497.88933
2019-12-01 20:24:00,3.89,3.89,3.89,3.89,247.77985
2019-12-01 20:23:00,3.889,3.89,3.889,3.89,178.89659
2019-12-01 20:22:00,3.889,3.889,3.889,3.889,1.9111
2019-12-01 20:21:00,3.889,3.889,3.889,3.889,348.80913
2019-12-01 20:20:00,3.892,3.892,3.889,3.889,784.4623
2019-12-01 20:19:00,3.892,3.892,3.891,3.892,817.57033
2019-12-01 20:18:00,3.89,3.891,3.89,3.891,332.79745
2019-12-01 20:17:00,3.891,3.891,3.891,3.891,1725.79341
2019-12-01 20:16:00,3.891,3.893,3.891,3.891,3080.05516
2019-12-01 20:15:00,3.89,3.89,3.888,3.89,906.34598
2019-12-01 20:14:00,3.888,3.89,3.887,3.89,1639.83536
2019-12-01 20:13:00,3.886,3.888,3.885,3.888,1580.87586
2019-12-01 20:12:00,3.884,3.886,3.884,3.886,1458.18662
2019-12-01 20:11:00,3.883,3.884,3.882,3.884,576.28756
2019-12-01 20:10:00,3.883,3.884,3.883,3.883,119.1238
2019-12-01 20:09:00,3.883,3.883,3.883,3.883,441.79831
2019-12-01 20:08:00,3.882,3.883,3.881,3.883,1533.0255
2019-12-01 20:07:00,3.877,3.883,3.877,3.882,4093.09276
2019-12-01 20:06:00,3.876,3.876,3.876,3.876,1.81628
2019-12-01 20:05:00,3.876,3.876,3.876,3.876,1.43473
2019-12-01 20:04:00,3.876,3.876,3.876,3.876,0.03635
2019-12-01 20:03:00,3.876,3.877,3.876,3.877,52.02948
2019-12-01 20:02:00,3.876,3.876,3.876,3.876,779.24462
2019-12-01 20:01:00,3.875,3.878,3.874,3.876,2507.15433
2019-12-01 20:00:00,3.872,3.877,3.872,3.875,1618.57129
2019-12-01 19:59:00,3.872,3.873,3.872,3.873,255.55605
2019-12-01 19:58:00,3.872,3.872,3.872,3.872,0.675
2019-12-01 19:57:00,3.874,3.875,3.873,3.873,1561.37156
2019-12-01 19:56:00,3.874,3.874,3.874,3.874,1267.73263
2019-12-01 19:55:00,3.875,3.876,3.874,3.874,838.18311
2019-12-01 19:54:00,3.876,3.876,3.876,3.876,0
2019-12-01 19:53:00,3.877,3.877,3.876,3.876,338.30292
2019-12-01 19:52:00,3.878,3.878,3.877,3.877,246.12015
2019-12-01 19:51:00,3.877,3.879,3.877,3.877,1216.22827
2019-12-01 19:50:00,3.879,3.879,3.876,3.876,1637.07972
2019-12-01 19:49:00,3.878,3.879,3.878,3.879,1206.3416
2019-12-01 19:48:00,3.878,3.878,3.878,3.878,2358.267
2019-12-01 19:47:00,3.875,3.875,3.875,3.875,0
2019-12-01 19:46:00,3.875,3.875,3.875,3.875,0
2019-12-01 19:45:00,3.872,3.875,3.872,3.875,826.22346
2019-12-01 19:44:00,3.871,3.873,3.871,3.873,1188.38332
2019-12-01 19:43:00,3.87,3.871,3.87,3.871,13.9882
2019-12-01 19:42:00,3.87,3.87,3.87,3.87,1169.06286
2019-12-01 19:41:00,3.869,3.87,3.869,3.87,267.76128
2019-12-01 19:40:00,3.868,3.87,3.868,3.87,2343.30592
2019-12-01 19:39:00,3.869,3.869,3.868,3.868,1102.7489
2019-12-01 19:38:00,3.871,3.871,3.868,3.869,2222.77959
2019-12-01 19:37:00,3.869,3.871,3.866,3.871,954.85064
2019-12-01 19:36:00,3.873,3.876,3.869,3.869,2429.18797
2019-12-01 19:35:00,3.871,3.872,3.871,3.872,381.45028
2019-12-01 19:34:00,3.87,3.87,3.87,3.87,0
2019-12-01 19:33:00,3.869,3.87,3.869,3.87,2478.40606
2019-12-01 19:32:00,3.872,3.872,3.868,3.87,3762.43675
2019-12-01 19:31:00,3.872,3.872,3.871,3.872,980.9997
2019-12-01 19:30:00,3.875,3.875,3.873,3.873,2586.98377
2019-12-01 19:29:00,3.876,3.876,3.876,3.876,181.52445
2019-12-01 19:28:00,3.877,3.877,3.876,3.877,977.07373
2019-12-01 19:27:00,3.875,3.877,3.875,3.876,2174.80781
2019-12-01 19:26:00,3.879,3.879,3.876,3.876,2146.52904
2019-12-01 19:25:00,3.879,3.879,3.879,3.879,4.13398
2019-12-01 19:24:00,3.878,3.878,3.878,3.878,1792.9441
2019-12-01 19:23:00,3.879,3.879,3.877,3.878,1357.20736
2019-12-01 19:22:00,3.877,3.878,3.877,3.878,1307.39146
2019-12-01 19:21:00,3.875,3.877,3.875,3.877,1467.38193
2019-12-01 19:20:00,3.875,3.876,3.875,3.875,199.99399
2019-12-01 19:19:00,3.872,3.874,3.872,3.874,532.51792
2019-12-01 19:18:00,3.873,3.873,3.872,3.872,294.14808
2019-12-01 19:17:00,3.873,3.873,3.873,3.873,8.40694
2019-12-01 19:16:00,3.872,3.872,3.872,3.872,1194.19899
2019-12-01 19:15:00,3.872,3.872,3.871,3.871,7.82912
2019-12-01 19:14:00,3.873,3.873,3.87,3.872,1082.62122
2019-12-01 19:13:00,3.873,3.873,3.872,3.873,655.41582
2019-12-01 19:12:00,3.874,3.874,3.873,3.873,277.34928
2019-12-01 19:11:00,3.874,3.874,3.872,3.873,2894.6057
2019-12-01 19:10:00,3.871,3.875,3.871,3.874,1759.10709
2019-12-01 19:09:00,3.872,3.872,3.869,3.87,2055.88082
2019-12-01 19:08:00,3.875,3.875,3.872,3.872,2255.82649
2019-12-01 19:07:00,3.877,3.877,3.876,3.876,1470.56344
2019-12-01 19:06:00,3.881,3.881,3.878,3.878,526.72181
2019-12-01 19:05:00,3.881,3.881,3.879,3.881,604.26767
2019-12-01 19:04:00,3.885,3.885,3.881,3.881,1812.15446
2019-12-01 19:03:00,3.884,3.885,3.884,3.885,352.76307
2019-12-01 19:02:00,3.884,3.884,3.883,3.884,418.35644
2019-12-01 19:01:00,3.884,3.884,3.882,3.883,3463.656
2019-12-01 19:00:00,3.879,3.882,3.879,3.882,253.45121
2019-12-01 18:59:00,3.876,3.879,3.876,3.879,2218.84734
2019-12-01 18:58:00,3.876,3.877,3.876,3.876,1845.57921
2019-12-01 18:57:00,3.877,3.878,3.876,3.876,1418.44725
2019-12-01 18:56:00,3.874,3.875,3.874,3.875,247.69786
2019-12-01 18:55:00,3.879,3.879,3.874,3.874,2270.91034
2019-12-01 18:54:00,3.883,3.883,3.879,3.879,381.06298
2019-12-01 18:53:00,3.881,3.884,3.881,3.884,937.70979
2019-12-01 18:52:00,3.885,3.885,3.883,3.883,1533.25571
2019-12-01 18:51:00,3.888,3.888,3.885,3.885,913.7883
2019-12-01 18:50:00,3.887,3.888,3.887,3.888,872.25726
2019-12-01 18:49:00,3.893,3.893,3.887,3.887,1829.40536
2019-12-01 18:48:00,3.896,3.897,3.891,3.893,2343.02801
2019-12-01 18:47:00,3.897,3.897,3.896,3.896,2153.66034
2019-12-01 18:46:00,3.891,3.896,3.891,3.896,952.99285
2019-12-01 18:45:00,3.893,3.893,3.891,3.891,1457.67164
2019-12-01 18:44:00,3.9,3.9,3.893,3.893,2938.23032
2019-12-01 18:43:00,3.899,3.9,3.894,3.899,2085.65171
2019-12-01 18:42:00,3.9,3.902,3.894,3.899,8637.17461
2019-12-01 18:41:00,3.891,3.9,3.891,3.9,2810.34615
2019-12-01 18:40:00,3.891,3.891,3.891,3.891,701.4219
2019-12-01 18:39:00,3.885,3.894,3.885,3.892,4022.89502
2019-12-01 18:38:00,3.885,3.886,3.885,3.886,1915.04737
2019-12-01 18:37:00,3.884,3.887,3.884,3.886,2891.38686
2019-12-01 18:36:00,3.884,3.884,3.884,3.884,215.04029
2019-12-01 18:35:00,3.885,3.885,3.883,3.883,779.36285
2019-12-01 18:34:00,3.884,3.885,3.884,3.885,267.89038
2019-12-01 18:33:00,3.881,3.883,3.881,3.883,1547.60664
2019-12-01 18:32:00,3.884,3.884,3.881,3.881,2507.32343
2019-12-01 18:31:00,3.881,3.885,3.881,3.884,2708.03554
2019-12-01 18:30:00,3.89,3.89,3.878,3.881,8188.73795
2019-12-01 18:29:00,3.882,3.89,3.882,3.89,1929.84138
2019-12-01 18:28:00,3.884,3.884,3.882,3.882,487.67322
2019-12-01 18:27:00,3.881,3.886,3.881,3.884,996.24334
2019-12-01 18:26:00,3.882,3.882,3.879,3.88,1845.27847
2019-12-01 18:25:00,3.874,3.881,3.874,3.881,1807.85575
2019-12-01 18:24:00,3.87,3.874,3.87,3.873,3579.33804
2019-12-01 18:23:00,3.867,3.869,3.867,3.869,101.01113
2019-12-01 18:22:00,3.867,3.868,3.867,3.868,1047.97813
2019-12-01 18:21:00,3.866,3.867,3.866,3.867,445.858
2019-12-01 18:20:00,3.867,3.867,3.865,3.865,1282.51751
2019-12-01 18:19:00,3.867,3.867,3.866,3.867,647.86745
2019-12-01 18:18:00,3.866,3.866,3.865,3.865,291.76255
2019-12-01 18:17:00,3.864,3.866,3.864,3.866,1513.7984
2019-12-01 18:16:00,3.864,3.864,3.864,3.864,61.8966
2019-12-01 18:15:00,3.861,3.866,3.861,3.864,1785.95402
2019-12-01 18:14:00,3.86,3.863,3.86,3.861,1332.44051
2019-12-01 18:13:00,3.86,3.861,3.86,3.86,1757.27299
2019-12-01 18:12:00,3.854,3.861,3.853,3.861,4289.37708
2019-12-01 18:11:00,3.861,3.861,3.852,3.855,3029.06403
2019-12-01 18:10:00,3.861,3.862,3.861,3.861,87.96824
2019-12-01 18:09:00,3.863,3.863,3.861,3.861,192.06066
2019-12-01 18:08:00,3.862,3.863,3.862,3.863,605.71561
2019-12-01 18:07:00,3.863,3.863,3.861,3.862,375.81339
2019-12-01 18:06:00,3.865,3.865,3.863,3.863,1850.98822
2019-12-01 18:05:00,3.865,3.866,3.865,3.866,20.14635
2019-12-01 18:04:00,3.864,3.865,3.864,3.865,151.24656
2019-12-01 18:03:00,3.863,3.866,3.863,3.864,629.59726
2019-12-01 18:02:00,3.865,3.865,3.862,3.862,1566.86276
2019-12-01 18:01:00,3.867,3.871,3.867,3.867,1701.54415
2019-12-01 18:00:00,3.863,3.868,3.863,3.867,299.91655
2019-12-01 17:59:00,3.863,3.864,3.863,3.864,1862.9704
2019-12-01 17:58:00,3.862,3.864,3.862,3.864,442.11766
2019-12-01 17:57:00,3.862,3.864,3.862,3.863,2076.50799
2019-12-01 17:56:00,3.859,3.864,3.859,3.862,3906.03192
2019-12-01 17:55:00,3.86,3.862,3.856,3.859,3238.41349
2019-12-01 17:54:00,3.855,3.863,3.854,3.86,5164.00337
2019-12-01 17:53:00,3.856,3.857,3.853,3.855,4952.85884
2019-12-01 17:52:00,3.853,3.857,3.853,3.857,2252.25395
2019-12-01 17:51:00,3.849,3.854,3.849,3.853,2225.46421
2019-12-01 17:50:00,3.85,3.851,3.847,3.849,4287.19701
2019-12-01 17:49:00,3.841,3.853,3.841,3.849,4054.5397
2019-12-01 17:48:00,3.849,3.849,3.841,3.842,4074.59358
2019-12-01 17:47:00,3.838,3.85,3.838,3.85,4372.68135
2019-12-01 17:46:00,3.836,3.839,3.836,3.838,1823.519
2019-12-01 17:45:00,3.844,3.845,3.836,3.836,4492.7746
2019-12-01 17:44:00,3.846,3.846,3.843,3.843,1324.15652
2019-12-01 17:43:00,3.847,3.848,3.846,3.846,673.86124
2019-12-01 17:42:00,3.849,3.85,3.847,3.847,2615.54382
2019-12-01 17:41:00,3.85,3.851,3.848,3.849,1173.54744
2019-12-01 17:40:00,3.85,3.85,3.849,3.85,1687.56079
2019-12-01 17:39:00,3.846,3.851,3.845,3.85,2676.60657
2019-12-01 17:38:00,3.845,3.846,3.845,3.846,2168.11168
2019-12-01 17:37:00,3.846,3.847,3.845,3.845,3514.10128
2019-12-01 17:36:00,3.846,3.846,3.846,3.846,387.42015
2019-12-01 17:35:00,3.84,3.847,3.84,3.846,4708.39894
2019-12-01 17:34:00,3.836,3.84,3.836,3.84,3251.77677
2019-12-01 17:33:00,3.834,3.837,3.834,3.837,970.19735
2019-12-01 17:32:00,3.835,3.835,3.834,3.834,304.75129
2019-12-01 17:31:00,3.834,3.836,3.834,3.834,439.28772
2019-12-01 17:30:00,3.834,3.834,3.834,3.834,0
2019-12-01 17:29:00,3.834,3.835,3.833,3.834,1667.80397
2019-12-01 17:28:00,3.834,3.834,3.834,3.834,37.66478
2019-12-01 17:27:00,3.835,3.836,3.835,3.835,2242.63953
2019-12-01 17:26:00,3.839,3.839,3.836,3.837,754.80818
2019-12-01 17:25:00,3.84,3.84,3.84,3.84,1069.17349
2019-12-01 17:24:00,3.84,3.84,3.84,3.84,366.6972
2019-12-01 17:23:00,3.841,3.843,3.839,3.839,1035.66464
2019-12-01 17:22:00,3.841,3.841,3.841,3.841,834.01996
2019-12-01 17:21:00,3.84,3.841,3.84,3.841,291.85371
2019-12-01 17:20:00,3.839,3.84,3.839,3.839,999.74459
2019-12-01 17:19:00,3.839,3.84,3.839,3.839,15.01461
2019-12-01 17:18:00,3.839,3.839,3.838,3.839,1146.60083
2019-12-01 17:17:00,3.84,3.84,3.839,3.839,488.12864
2019-12-01 17:16:00,3.84,3.84,3.84,3.84,821.0487
2019-12-01 17:15:00,3.84,3.84,3.839,3.84,1131.02177
2019-12-01 17:14:00,3.84,3.84,3.84,3.84,942.38524
2019-12-01 17:13:00,3.841,3.842,3.839,3.84,1087.6293
2019-12-01 17:12:00,3.842,3.842,3.841,3.842,1119.83134
2019-12-01 17:11:00,3.843,3.843,3.843,3.843,0.15035
2019-12-01 17:10:00,3.843,3.843,3.843,3.843,0.28669
2019-12-01 17:09:00,3.841,3.843,3.841,3.843,1561.43117
2019-12-01 17:08:00,3.841,3.843,3.841,3.842,2479.56415
2019-12-01 17:07:00,3.844,3.844,3.839,3.841,1310.83034
2019-12-01 17:06:00,3.84,3.843,3.84,3.843,545.4209
2019-12-01 17:05:00,3.841,3.841,3.84,3.84,402.45603
2019-12-01 17:04:00,3.84,3.842,3.839,3.841,755.7249
2019-12-01 17:03:00,3.839,3.84,3.839,3.839,1217.45797
2019-12-01 17:02:00,3.836,3.838,3.835,3.838,2726.44466
2019-12-01 17:01:00,3.836,3.84,3.835,3.836,2041.60392
2019-12-01 17:00:00,3.837,3.837,3.835,3.835,1189.89234
2019-12-01 16:59:00,3.838,3.838,3.836,3.836,384.6244
2019-12-01 16:58:00,3.841,3.841,3.836,3.836,1433.47281
2019-12-01 16:57:00,3.847,3.847,3.842,3.842,2077.12315
2019-12-01 16:56:00,3.848,3.848,3.847,3.847,2298.53586
2019-12-01 16:55:00,3.848,3.85,3.848,3.848,2158.05877
2019-12-01 16:54:00,3.85,3.85,3.848,3.848,952.7718
2019-12-01 16:53:00,3.848,3.849,3.848,3.849,3377.62505
2019-12-01 16:52:00,3.85,3.85,3.848,3.848,48.09587
2019-12-01 16:51:00,3.851,3.851,3.851,3.851,424.60489
2019-12-01 16:50:00,3.853,3.853,3.851,3.851,157.13258
2019-12-01 16:49:00,3.857,3.857,3.854,3.854,221.791
2019-12-01 16:48:00,3.855,3.855,3.855,3.855,0
2019-12-01 16:47:00,3.855,3.855,3.854,3.855,4164.51628
2019-12-01 16:46:00,3.855,3.855,3.855,3.855,831.80221
2019-12-01 16:45:00,3.854,3.855,3.854,3.855,1130.84851
2019-12-01 16:44:00,3.853,3.854,3.853,3.854,1303.56648
2019-12-01 16:43:00,3.853,3.855,3.853,3.853,832.16121
2019-12-01 16:42:00,3.853,3.853,3.853,3.853,6.52548
2019-12-01 16:41:00,3.852,3.852,3.851,3.851,154.06359
2019-12-01 16:40:00,3.854,3.854,3.853,3.853,248.57575
2019-12-01 16:39:00,3.855,3.855,3.855,3.855,1.70986
2019-12-01 16:38:00,3.855,3.855,3.855,3.855,0
2019-12-01 16:37:00,3.856,3.856,3.855,3.855,755.59925
2019-12-01 16:36:00,3.86,3.86,3.856,3.856,1323.64738
2019-12-01 16:35:00,3.86,3.86,3.86,3.86,100.67436
2019-12-01 16:34:00,3.861,3.861,3.86,3.86,319.44255
2019-12-01 16:33:00,3.86,3.86,3.86,3.86,18.29671
2019-12-01 16:32:00,3.86,3.861,3.86,3.86,88.71565
2019-12-01 16:31:00,3.866,3.866,3.86,3.86,3146.94199
2019-12-01 16:30:00,3.864,3.866,3.864,3.866,245.34836
2019-12-01 16:29:00,3.861,3.863,3.861,3.863,262.64059
2019-12-01 16:28:00,3.861,3.861,3.86,3.86,692.49183
2019-12-01 16:27:00,3.861,3.861,3.861,3.861,9.6064
2019-12-01 16:26:00,3.861,3.861,3.861,3.861,0
2019-12-01 16:25:00,3.861,3.861,3.861,3.861,5248.13606
2019-12-01 16:24:00,3.861,3.861,3.861,3.861,2699.99624
2019-12-01 16:23:00,3.866,3.866,3.862,3.862,1761.03852
2019-12-01 16:22:00,3.868,3.868,3.868,3.868,0
2019-12-01 16:21:00,3.868,3.868,3.868,3.868,0.73116
2019-12-01 16:20:00,3.866,3.867,3.864,3.867,728.1315
2019-12-01 16:19:00,3.864,3.866,3.864,3.866,292.06818
2019-12-01 16:18:00,3.863,3.864,3.862,3.864,689.21662
2019-12-01 16:17:00,3.861,3.865,3.86,3.862,3290.3565
2019-12-01 16:16:00,3.86,3.86,3.859,3.859,289.06751
2019-12-01 16:15:00,3.859,3.86,3.859,3.859,1265.18615
2019-12-01 16:14:00,3.856,3.858,3.856,3.858,1381.64863
2019-12-01 16:13:00,3.856,3.857,3.855,3.857,1657.40092
2019-12-01 16:12:00,3.851,3.858,3.851,3.858,1485.53443
2019-12-01 16:11:00,3.848,3.851,3.848,3.851,325.38251
2019-12-01 16:10:00,3.849,3.849,3.848,3.848,110.36423
2019-12-01 16:09:00,3.852,3.852,3.849,3.849,0.61352
2019-12-01 16:08:00,3.854,3.854,3.851,3.851,946.01233
2019-12-01 16:07:00,3.852,3.854,3.852,3.853,3255.23875
2019-12-01 16:06:00,3.851,3.851,3.851,3.851,346.7984
2019-12-01 16:05:00,3.847,3.851,3.847,3.85,2694.04888
2019-12-01 16:04:00,3.843,3.848,3.843,3.847,3650.88866
2019-12-01 16:03:00,3.849,3.849,3.842,3.842,4683.03711
2019-12-01 16:02:00,3.852,3.852,3.851,3.851,632.61687
2019-12-01 16:01:00,3.85,3.853,3.849,3.853,1540.66414
2019-12-01 16:00:00,3.849,3.851,3.849,3.85,3569.48061
2019-12-01 15:59:00,3.848,3.848,3.848,3.848,862.43803
2019-12-01 15:58:00,3.842,3.845,3.842,3.845,2169.04911
2019-12-01 15:57:00,3.842,3.843,3.84,3.843,2183.78984
2019-12-01 15:56:00,3.845,3.846,3.842,3.843,2004.98147
2019-12-01 15:55:00,3.846,3.847,3.835,3.845,15825.57012
2019-12-01 15:54:00,3.849,3.85,3.846,3.846,3513.18566
2019-12-01 15:53:00,3.849,3.849,3.844,3.848,4140.52909
2019-12-01 15:52:00,3.853,3.853,3.848,3.85,1719.50977
2019-12-01 15:51:00,3.855,3.855,3.853,3.853,1156.80491
2019-12-01 15:50:00,3.856,3.856,3.856,3.856,0
2019-12-01 15:49:00,3.856,3.856,3.856,3.856,1423.81107
2019-12-01 15:48:00,3.86,3.86,3.856,3.856,672.36872
2019-12-01 15:47:00,3.861,3.861,3.86,3.86,1168.85172
2019-12-01 15:46:00,3.861,3.861,3.861,3.861,2403.69393
2019-12-01 15:45:00,3.861,3.861,3.86,3.861,242.04787
2019-12-01 15:44:00,3.864,3.864,3.862,3.862,1093.761
2019-12-01 15:43:00,3.866,3.866,3.864,3.864,510.97417
2019-12-01 15:42:00,3.866,3.866,3.866,3.866,2.61667
2019-12-01 15:41:00,3.864,3.866,3.864,3.866,17.75878
2019-12-01 15:40:00,3.864,3.864,3.863,3.864,200.99131
2019-12-01 15:39:00,3.864,3.864,3.864,3.864,2.39561
2019-12-01 15:38:00,3.863,3.863,3.863,3.863,0
2019-12-01 15:37:00,3.865,3.865,3.863,3.863,240.55008
2019-12-01 15:36:00,3.866,3.866,3.863,3.863,1905.16513
2019-12-01 15:35:00,3.862,3.865,3.862,3.865,1579.78963
2019-12-01 15:34:00,3.862,3.862,3.862,3.862,793.4951
2019-12-01 15:33:00,3.863,3.863,3.862,3.862,737.36864
2019-12-01 15:32:00,3.863,3.863,3.862,3.863,11.84467
2019-12-01 15:31:00,3.863,3.863,3.862,3.863,7.77495
2019-12-01 15:30:00,3.864,3.864,3.863,3.863,576.84761
2019-12-01 15:29:00,3.863,3.863,3.863,3.863,1763.72968
2019-12-01 15:28:00,3.866,3.866,3.864,3.864,1331.36717
2019-12-01 15:27:00,3.866,3.866,3.866,3.866,0
2019-12-01 15:26:00,3.866,3.866,3.866,3.866,0
2019-12-01 15:25:00,3.866,3.866,3.866,3.866,10.02198
2019-12-01 15:24:00,3.866,3.868,3.866,3.868,427.26447
2019-12-01 15:23:00,3.866,3.866,3.866,3.866,216.63847
2019-12-01 15:22:00,3.864,3.866,3.864,3.866,1812.71512
2019-12-01 15:21:00,3.864,3.864,3.864,3.864,460.05583
2019-12-01 15:20:00,3.865,3.865,3.864,3.864,1374.16955
2019-12-01 15:19:00,3.864,3.864,3.864,3.864,1234.35818
2019-12-01 15:18:00,3.863,3.864,3.863,3.864,530.76446
2019-12-01 15:17:00,3.863,3.863,3.863,3.863,1595.77866
2019-12-01 15:16:00,3.864,3.864,3.863,3.863,1502.73368
2019-12-01 15:15:00,3.863,3.863,3.863,3.863,2
2019-12-01 15:14:00,3.861,3.863,3.861,3.863,830.73244
2019-12-01 15:13:00,3.861,3.862,3.861,3.862,780.80673
2019-12-01 15:12:00,3.864,3.864,3.86,3.862,1896.67842
2019-12-01 15:11:00,3.865,3.866,3.865,3.865,2828.46117
2019-12-01 15:10:00,3.865,3.87,3.865,3.865,2493.68474
2019-12-01 15:09:00,3.863,3.865,3.861,3.864,4704.98804
2019-12-01 15:08:00,3.859,3.86,3.858,3.86,100.91225
2019-12-01 15:07:00,3.861,3.861,3.859,3.86,3474.32657
2019-12-01 15:06:00,3.86,3.862,3.86,3.862,472.65884
2019-12-01 15:05:00,3.86,3.86,3.86,3.86,323.3351
2019-12-01 15:04:00,3.86,3.861,3.86,3.86,3797.67815
2019-12-01 15:03:00,3.858,3.859,3.858,3.859,167.27667
2019-12-01 15:02:00,3.859,3.861,3.859,3.86,1769.33825
2019-12-01 15:01:00,3.859,3.859,3.858,3.858,2609.05975
2019-12-01 15:00:00,3.857,3.859,3.857,3.859,2446.45665
2019-12-01 14:59:00,3.857,3.858,3.857,3.857,85.16196
2019-12-01 14:58:00,3.858,3.858,3.858,3.858,0
2019-12-01 14:57:00,3.858,3.858,3.858,3.858,289.06128
2019-12-01 14:56:00,3.857,3.857,3.857,3.857,0
2019-12-01 14:55:00,3.857,3.857,3.857,3.857,10
2019-12-01 14:54:00,3.857,3.857,3.857,3.857,0
2019-12-01 14:53:00,3.858,3.858,3.857,3.857,822.89968
2019-12-01 14:52:00,3.858,3.858,3.857,3.858,689.19911
2019-12-01 14:51:00,3.858,3.859,3.858,3.859,969.61634
2019-12-01 14:50:00,3.858,3.86,3.858,3.859,2182.64551
2019-12-01 14:49:00,3.857,3.858,3.856,3.857,1904.36075
2019-12-01 14:48:00,3.86,3.86,3.858,3.858,1930.38055
2019-12-01 14:47:00,3.866,3.866,3.86,3.86,4817.87224
2019-12-01 14:46:00,3.871,3.871,3.868,3.868,7020.96012
2019-12-01 14:45:00,3.868,3.873,3.868,3.871,7161.7481
2019-12-01 14:44:00,3.867,3.872,3.867,3.868,1478.4247
2019-12-01 14:43:00,3.869,3.869,3.867,3.869,2875.73873
2019-12-01 14:42:00,3.873,3.874,3.871,3.871,1433.52652
2019-12-01 14:41:00,3.867,3.873,3.867,3.873,8384.73815
2019-12-01 14:40:00,3.861,3.866,3.861,3.866,2461.66552
2019-12-01 14:39:00,3.862,3.864,3.862,3.862,3628.29251
2019-12-01 14:38:00,3.857,3.861,3.857,3.861,4121.31763
2019-12-01 14:37:00,3.857,3.857,3.856,3.857,624.22969
2019-12-01 14:36:00,3.856,3.858,3.856,3.857,2110.3485
2019-12-01 14:35:00,3.857,3.857,3.855,3.856,2085.13577
2019-12-01 14:34:00,3.855,3.857,3.855,3.857,374.56107
2019-12-01 14:33:00,3.857,3.857,3.856,3.856,291.81003
2019-12-01 14:32:00,3.857,3.857,3.856,3.857,21.25306
2019-12-01 14:31:00,3.858,3.858,3.857,3.857,927.91549
2019-12-01 14:30:00,3.855,3.858,3.855,3.858,621.46124
2019-12-01 14:29:00,3.856,3.856,3.856,3.856,1416.75004
2019-12-01 14:28:00,3.856,3.856,3.856,3.856,777.24947
2019-12-01 14:27:00,3.856,3.858,3.856,3.857,1878.32817
2019-12-01 14:26:00,3.855,3.856,3.855,3.856,1908.05281
2019-12-01 14:25:00,3.853,3.855,3.853,3.855,916.42501
2019-12-01 14:24:00,3.854,3.854,3.853,3.853,4188.2187
2019-12-01 14:23:00,3.856,3.856,3.855,3.856,858.21336
2019-12-01 14:22:00,3.859,3.859,3.858,3.858,990.35981
2019-12-01 14:21:00,3.865,3.865,3.858,3.86,3734.41653
2019-12-01 14:20:00,3.866,3.866,3.865,3.865,302.38026
2019-12-01 14:19:00,3.865,3.866,3.865,3.866,1974.27949
2019-12-01 14:18:00,3.866,3.866,3.865,3.865,1424.94799
2019-12-01 14:17:00,3.868,3.87,3.865,3.866,3848.14277
2019-12-01 14:16:00,3.866,3.868,3.866,3.868,1130.90338
2019-12-01 14:15:00,3.865,3.866,3.865,3.866,1156.65813
2019-12-01 14:14:00,3.866,3.868,3.865,3.866,471.90858
2019-12-01 14:13:00,3.866,3.866,3.865,3.865,1935.79787
2019-12-01 14:12:00,3.865,3.866,3.865,3.866,3724.55098
2019-12-01 14:11:00,3.862,3.865,3.862,3.864,844.59639
2019-12-01 14:10:00,3.864,3.865,3.862,3.862,1924.4293
2019-12-01 14:09:00,3.86,3.864,3.86,3.864,2496.98689
2019-12-01 14:08:00,3.862,3.864,3.862,3.862,1368.11609
2019-12-01 14:07:00,3.864,3.864,3.861,3.862,242.62431
2019-12-01 14:06:00,3.864,3.865,3.864,3.864,696.41139
2019-12-01 14:05:00,3.863,3.864,3.86,3.864,1349.04747
2019-12-01 14:04:00,3.864,3.864,3.861,3.863,988.38503
2019-12-01 14:03:00,3.859,3.865,3.855,3.864,3162.6823
2019-12-01 14:02:00,3.865,3.865,3.859,3.859,4338.78822
2019-12-01 14:01:00,3.86,3.869,3.86,3.864,2207.4307
2019-12-01 14:00:00,3.861,3.863,3.86,3.86,3154.90122
2019-12-01 13:59:00,3.857,3.862,3.857,3.861,626.42398
2019-12-01 13:58:00,3.856,3.857,3.856,3.857,1839.78662
2019-12-01 13:57:00,3.857,3.857,3.855,3.855,1630.41084
2019-12-01 13:56:00,3.852,3.857,3.852,3.855,860.86231
2019-12-01 13:55:00,3.848,3.852,3.848,3.852,697.3031
2019-12-01 13:54:00,3.848,3.849,3.848,3.848,940.40478
2019-12-01 13:53:00,3.849,3.849,3.845,3.846,9636.66219
2019-12-01 13:52:00,3.848,3.849,3.847,3.849,955.44635
2019-12-01 13:51:00,3.84,3.847,3.84,3.847,4177.60954
2019-12-01 13:50:00,3.843,3.843,3.84,3.841,3273.32866
2019-12-01 13:49:00,3.843,3.844,3.843,3.843,1926.61055
2019-12-01 13:48:00,3.844,3.845,3.844,3.844,747.92537
2019-12-01 13:47:00,3.842,3.844,3.84,3.843,3446.38805
2019-12-01 13:46:00,3.843,3.843,3.843,3.843,0
2019-12-01 13:45:00,3.844,3.844,3.843,3.843,1252.74283
2019-12-01 13:44:00,3.841,3.844,3.841,3.844,2655.06127
2019-12-01 13:43:00,3.839,3.841,3.839,3.841,1115.06385
2019-12-01 13:42:00,3.837,3.839,3.836,3.838,3315.20017
2019-12-01 13:41:00,3.839,3.839,3.837,3.837,2441.48673
2019-12-01 13:40:00,3.842,3.842,3.838,3.839,4031.89044
2019-12-01 13:39:00,3.839,3.843,3.837,3.842,3492.18929
2019-12-01 13:38:00,3.844,3.844,3.838,3.84,2332.88961
2019-12-01 13:37:00,3.838,3.843,3.838,3.843,798.31476
2019-12-01 13:36:00,3.837,3.838,3.835,3.838,700.70688
2019-12-01 13:35:00,3.836,3.837,3.832,3.837,2247.85343
2019-12-01 13:34:00,3.838,3.838,3.834,3.836,1389.1599
2019-12-01 13:33:00,3.836,3.841,3.835,3.838,947.32025
2019-12-01 13:32:00,3.842,3.842,3.835,3.837,4832.63329
2019-12-01 13:31:00,3.849,3.849,3.842,3.842,746.35368
2019-12-01 13:30:00,3.849,3.849,3.849,3.849,99.33106
2019-12-01 13:29:00,3.85,3.85,3.849,3.85,2220.02705
2019-12-01 13:28:00,3.854,3.854,3.851,3.851,1969.12396
2019-12-01 13:27:00,3.857,3.858,3.856,3.856,1891.09611
2019-12-01 13:26:00,3.861,3.861,3.857,3.857,1821.07418
2019-12-01 13:25:00,3.863,3.863,3.861,3.861,939.05823
2019-12-01 13:24:00,3.863,3.864,3.863,3.863,780.97591
2019-12-01 13:23:00,3.864,3.864,3.862,3.862,804.2412
2019-12-01 13:22:00,3.863,3.864,3.862,3.864,1883.27387
2019-12-01 13:21:00,3.861,3.863,3.861,3.863,1170.81594
2019-12-01 13:20:00,3.862,3.863,3.861,3.862,1198.63208
2019-12-01 13:19:00,3.865,3.865,3.861,3.861,2184.30708
2019-12-01 13:18:00,3.87,3.87,3.865,3.865,1603.51459
2019-12-01 13:17:00,3.869,3.87,3.865,3.87,1507.97567
2019-12-01 13:16:00,3.868,3.871,3.866,3.868,873.78539
2019-12-01 13:15:00,3.869,3.87,3.867,3.867,3795.50219
2019-12-01 13:14:00,3.863,3.87,3.863,3.87,1617.75803
2019-12-01 13:13:00,3.862,3.863,3.862,3.863,357.24347
2019-12-01 13:12:00,3.862,3.862,3.862,3.862,712.19799
2019-12-01 13:11:00,3.861,3.862,3.861,3.861,17.35357
2019-12-01 13:10:00,3.861,3.861,3.861,3.861,0.39053
2019-12-01 13:09:00,3.861,3.861,3.861,3.861,0.29595
2019-12-01 13:08:00,3.861,3.861,3.861,3.861,21.12266
2019-12-01 13:07:00,3.86,3.861,3.86,3.861,892.68298
2019-12-01 13:06:00,3.86,3.861,3.86,3.861,1233.52481
2019-12-01 13:05:00,3.86,3.86,3.859,3.859,292.81376
2019-12-01 13:04:00,3.858,3.86,3.858,3.859,511.72792
2019-12-01 13:03:00,3.856,3.86,3.856,3.858,2602.14531
2019-12-01 13:02:00,3.859,3.859,3.856,3.856,1756.53993
2019-12-01 13:01:00,3.859,3.859,3.858,3.858,558.26864
2019-12-01 13:00:00,3.862,3.862,3.859,3.86,1374.65226
2019-12-01 12:59:00,3.861,3.863,3.861,3.861,1199.82301
2019-12-01 12:58:00,3.859,3.864,3.859,3.861,1162.0261
2019-12-01 12:57:00,3.858,3.859,3.858,3.859,8.83438
2019-12-01 12:56:00,3.857,3.858,3.857,3.857,1382.06523
2019-12-01 12:55:00,3.856,3.856,3.856,3.856,358.33977
2019-12-01 12:54:00,3.856,3.856,3.856,3.856,385.76782
2019-12-01 12:53:00,3.852,3.853,3.852,3.853,219.43099
2019-12-01 12:52:00,3.849,3.853,3.849,3.851,1086.07901
2019-12-01 12:51:00,3.848,3.853,3.848,3.849,5314.99657
2019-12-01 12:50:00,3.849,3.849,3.845,3.849,3791.78464
2019-12-01 12:49:00,3.848,3.852,3.848,3.85,2865.29074
2019-12-01 12:48:00,3.845,3.845,3.845,3.845,2011.74185
2019-12-01 12:47:00,3.844,3.845,3.844,3.845,435.38677
2019-12-01 12:46:00,3.849,3.849,3.844,3.844,1479.13712
2019-12-01 12:45:00,3.846,3.849,3.846,3.849,2703.59045
2019-12-01 12:44:00,3.848,3.848,3.846,3.846,1110.3953
2019-12-01 12:43:00,3.847,3.848,3.847,3.848,505.54079
2019-12-01 12:42:00,3.845,3.848,3.845,3.848,1986.69471
2019-12-01 12:41:00,3.848,3.848,3.846,3.846,2698.06411
2019-12-01 12:40:00,3.847,3.848,3.843,3.847,1921.67522
2019-12-01 12:39:00,3.844,3.849,3.843,3.847,665.73242
2019-12-01 12:38:00,3.84,3.846,3.84,3.844,3323.30414
2019-12-01 12:37:00,3.84,3.84,3.839,3.839,133.67495
2019-12-01 12:36:00,3.837,3.84,3.836,3.84,936.32857
2019-12-01 12:35:00,3.84,3.84,3.836,3.836,975.01044
2019-12-01 12:34:00,3.84,3.84,3.838,3.84,751.47307
2019-12-01 12:33:00,3.842,3.842,3.84,3.841,1831.65592
2019-12-01 12:32:00,3.839,3.842,3.839,3.842,842.4026
2019-12-01 12:31:00,3.84,3.84,3.839,3.839,333.7139
2019-12-01 12:30:00,3.844,3.844,3.838,3.839,2408.38157
2019-12-01 12:29:00,3.838,3.846,3.838,3.844,3037.9702
2019-12-01 12:28:00,3.839,3.839,3.838,3.838,1491.01261
2019-12-01 12:27:00,3.839,3.839,3.838,3.839,1473.09594
2019-12-01 12:26:00,3.838,3.839,3.838,3.839,2317.65919
2019-12-01 12:25:00,3.84,3.843,3.84,3.841,2998.98859
2019-12-01 12:24:00,3.838,3.844,3.838,3.839,3613.73505
2019-12-01 12:23:00,3.836,3.838,3.836,3.838,944.081
2019-12-01 12:22:00,3.835,3.836,3.835,3.836,520.40648
2019-12-01 12:21:00,3.832,3.836,3.832,3.835,599.94549
2019-12-01 12:20:00,3.833,3.833,3.831,3.832,582.53608
2019-12-01 12:19:00,3.838,3.838,3.832,3.832,2165.60864
2019-12-01 12:18:00,3.839,3.84,3.837,3.839,1393.68467
2019-12-01 12:17:00,3.84,3.84,3.84,3.84,1443.04796
2019-12-01 12:16:00,3.841,3.842,3.84,3.84,2426.19792
2019-12-01 12:15:00,3.844,3.844,3.841,3.841,1915.67827
2019-12-01 12:14:00,3.844,3.844,3.839,3.844,3019.59071
2019-12-01 12:13:00,3.845,3.846,3.843,3.845,3485.61059
2019-12-01 12:12:00,3.846,3.846,3.845,3.845,468.85334
2019-12-01 12:11:00,3.846,3.847,3.845,3.847,424.70737
2019-12-01 12:10:00,3.843,3.848,3.842,3.847,3645.83439
2019-12-01 12:09:00,3.847,3.847,3.843,3.843,3015.78652
2019-12-01 12:08:00,3.844,3.847,3.844,3.847,1385.30251
2019-12-01 12:07:00,3.844,3.846,3.844,3.845,149.07248
2019-12-01 12:06:00,3.844,3.844,3.844,3.844,91.38
2019-12-01 12:05:00,3.848,3.849,3.844,3.844,1913.16177
2019-12-01 12:04:00,3.841,3.845,3.841,3.845,788.67745
2019-12-01 12:03:00,3.839,3.839,3.839,3.839,5.04045
2019-12-01 12:02:00,3.837,3.84,3.836,3.839,1693.12028
2019-12-01 12:01:00,3.835,3.837,3.834,3.837,182.94276
2019-12-01 12:00:00,3.837,3.837,3.83,3.835,3170.63991
2019-12-01 11:59:00,3.837,3.841,3.837,3.837,141.49708
2019-12-01 11:58:00,3.836,3.838,3.836,3.836,423.7366
2019-12-01 11:57:00,3.838,3.838,3.836,3.836,752.69461
2019-12-01 11:56:00,3.836,3.839,3.836,3.839,909.83953
2019-12-01 11:55:00,3.836,3.839,3.834,3.836,2553.37319
2019-12-01 11:54:00,3.833,3.837,3.833,3.836,1826.83408
2019-12-01 11:53:00,3.831,3.831,3.831,3.831,1536.3343
2019-12-01 11:52:00,3.831,3.833,3.829,3.832,1043.79688
2019-12-01 11:51:00,3.831,3.831,3.83,3.83,2344.60034
2019-12-01 11:50:00,3.832,3.832,3.831,3.832,610.98232
2019-12-01 11:49:00,3.835,3.836,3.831,3.831,924.08572
2019-12-01 11:48:00,3.832,3.836,3.832,3.835,1386.34482
2019-12-01 11:47:00,3.831,3.831,3.831,3.831,0
2019-12-01 11:46:00,3.828,3.831,3.828,3.831,343.67539
2019-12-01 11:45:00,3.83,3.83,3.824,3.828,2223.64687
2019-12-01 11:44:00,3.83,3.831,3.826,3.831,927.20423
2019-12-01 11:43:00,3.827,3.83,3.826,3.83,2037.07165
2019-12-01 11:42:00,3.821,3.827,3.814,3.827,5872.05884
2019-12-01 11:41:00,3.833,3.833,3.822,3.822,1367.33363
2019-12-01 11:40:00,3.827,3.835,3.822,3.834,6349.73158
2019-12-01 11:39:00,3.829,3.829,3.826,3.826,2543.25491
2019-12-01 11:38:00,3.831,3.831,3.83,3.83,346.72221
2019-12-01 11:37:00,3.829,3.834,3.829,3.834,4972.24896
2019-12-01 11:36:00,3.829,3.834,3.828,3.83,4163.73505
2019-12-01 11:35:00,3.833,3.834,3.828,3.83,3881.71706
2019-12-01 11:34:00,3.835,3.835,3.832,3.835,3506.26299
2019-12-01 11:33:00,3.84,3.84,3.831,3.834,2895.09539
2019-12-01 11:32:00,3.842,3.843,3.836,3.84,2795.6887
2019-12-01 11:31:00,3.844,3.844,3.84,3.843,2312.72701
2019-12-01 11:30:00,3.848,3.849,3.844,3.844,2275.37669
2019-12-01 11:29:00,3.847,3.848,3.845,3.848,919.63728
2019-12-01 11:28:00,3.846,3.847,3.843,3.847,1568.89814
2019-12-01 11:27:00,3.837,3.845,3.835,3.844,1846.55731
2019-12-01 11:26:00,3.848,3.848,3.84,3.84,5881.66273
2019-12-01 11:25:00,3.854,3.854,3.848,3.848,4603.39179
2019-12-01 11:24:00,3.848,3.852,3.848,3.852,2403.1621
2019-12-01 11:23:00,3.852,3.857,3.849,3.849,1353.29646
2019-12-01 11:22:00,3.849,3.849,3.849,3.849,856.28562
2019-12-01 11:21:00,3.851,3.853,3.85,3.85,2944.78642
2019-12-01 11:20:00,3.846,3.851,3.843,3.851,3057.3336
2019-12-01 11:19:00,3.851,3.852,3.846,3.847,1775.62362
2019-12-01 11:18:00,3.856,3.856,3.855,3.855,1477.03211
2019-12-01 11:17:00,3.859,3.859,3.854,3.856,2819.77874
2019-12-01 11:16:00,3.848,3.86,3.848,3.86,4352.48838
2019-12-01 11:15:00,3.849,3.85,3.845,3.848,3680.7308
2019-12-01 11:14:00,3.848,3.849,3.845,3.849,2770.21107
2019-12-01 11:13:00,3.841,3.85,3.841,3.848,6211.07953
2019-12-01 11:12:00,3.831,3.84,3.829,3.84,3818.95864
2019-12-01 11:11:00,3.843,3.843,3.831,3.831,1624.106
2019-12-01 11:10:00,3.849,3.849,3.844,3.844,1613.828
2019-12-01 11:09:00,3.843,3.849,3.843,3.849,908.60429
2019-12-01 11:08:00,3.839,3.847,3.837,3.843,3001.56874
2019-12-01 11:07:00,3.846,3.847,3.833,3.841,10037.03554
2019-12-01 11:06:00,3.854,3.855,3.846,3.847,2993.61132
2019-12-01 11:05:00,3.854,3.854,3.854,3.854,3406.92472
2019-12-01 11:04:00,3.854,3.855,3.854,3.854,1622.23502
2019-12-01 11:03:00,3.856,3.856,3.851,3.853,1613.86542
2019-12-01 11:02:00,3.85,3.855,3.85,3.855,1245.16928
2019-12-01 11:01:00,3.84,3.849,3.84,3.849,2825.35424
2019-12-01 11:00:00,3.847,3.847,3.837,3.841,4521.53715
2019-12-01 10:59:00,3.843,3.849,3.842,3.845,5676.12649
2019-12-01 10:58:00,3.848,3.848,3.841,3.844,4632.83559
2019-12-01 10:57:00,3.849,3.849,3.839,3.845,7477.22403
2019-12-01 10:56:00,3.848,3.854,3.845,3.851,7710.1883
2019-12-01 10:55:00,3.847,3.848,3.838,3.848,2942.05921
2019-12-01 10:54:00,3.847,3.848,3.84,3.843,2818.69169
2019-12-01 10:53:00,3.854,3.854,3.847,3.848,1550.67055
2019-12-01 10:52:00,3.853,3.858,3.849,3.853,4732.39517
2019-12-01 10:51:00,3.864,3.864,3.848,3.854,2628.52445
2019-12-01 10:50:00,3.871,3.873,3.864,3.864,4999.51594
2019-12-01 10:49:00,3.859,3.87,3.856,3.87,3025.57251
2019-12-01 10:48:00,3.871,3.871,3.858,3.86,6585.28795
2019-12-01 10:47:00,3.877,3.877,3.872,3.872,873.15127
2019-12-01 10:46:00,3.873,3.882,3.873,3.877,3423.89122
2019-12-01 10:45:00,3.876,3.877,3.871,3.872,1173.35801
2019-12-01 10:44:00,3.875,3.876,3.873,3.875,1966.93453
2019-12-01 10:43:00,3.887,3.887,3.878,3.878,1016.53855
2019-12-01 10:42:00,3.894,3.894,3.886,3.886,7192.44522
2019-12-01 10:41:00,3.89,3.895,3.89,3.894,1567.25372
2019-12-01 10:40:00,3.892,3.892,3.89,3.89,1599.62945
2019-12-01 10:39:00,3.893,3.898,3.891,3.892,2879.62054
2019-12-01 10:38:00,3.889,3.892,3.889,3.892,1324.90983
2019-12-01 10:37:00,3.888,3.89,3.888,3.89,2546.75996
2019-12-01 10:36:00,3.891,3.893,3.887,3.889,1030.05661
2019-12-01 10:35:00,3.885,3.892,3.885,3.891,5474.7142
2019-12-01 10:34:00,3.894,3.894,3.885,3.885,2640.59048
2019-12-01 10:33:00,3.896,3.897,3.892,3.892,1190.12743
2019-12-01 10:32:00,3.898,3.899,3.895,3.895,2636.40259
2019-12-01 10:31:00,3.909,3.909,3.897,3.897,2991.79636
2019-12-01 10:30:00,3.903,3.905,3.903,3.905,2446.79251
2019-12-01 10:29:00,3.895,3.903,3.895,3.903,4057.79581
2019-12-01 10:28:00,3.896,3.896,3.892,3.895,891.39524
2019-12-01 10:27:00,3.909,3.909,3.895,3.896,10259.34161
2019-12-01 10:26:00,3.916,3.918,3.908,3.91,4160.20603
2019-12-01 10:25:00,3.906,3.916,3.906,3.914,9178.72828
2019-12-01 10:24:00,3.9,3.905,3.9,3.905,2917.17657
2019-12-01 10:23:00,3.897,3.9,3.897,3.9,1374.42704
2019-12-01 10:22:00,3.896,3.897,3.896,3.897,3697.81787
2019-12-01 10:21:00,3.888,3.894,3.888,3.894,1271.53111
2019-12-01 10:20:00,3.89,3.897,3.886,3.888,4123.39671
2019-12-01 10:19:00,3.884,3.891,3.884,3.89,4696.44684
2019-12-01 10:18:00,3.879,3.884,3.874,3.882,2610.73338
2019-12-01 10:17:00,3.885,3.885,3.877,3.881,7491.62553
2019-12-01 10:16:00,3.885,3.885,3.88,3.884,2373.74707
2019-12-01 10:15:00,3.872,3.885,3.872,3.884,4203.62591
2019-12-01 10:14:00,3.881,3.885,3.86,3.871,19581.46567
2019-12-01 10:13:00,3.865,3.882,3.864,3.882,14143.35688
2019-12-01 10:12:00,3.879,3.901,3.844,3.866,91539.68267
2019-12-01 10:11:00,3.886,3.923,3.88,3.885,52089.18953
2019-12-01 10:10:00,3.841,3.886,3.841,3.886,13469.58672
2019-12-01 10:09:00,3.83,3.846,3.83,3.844,7312.69454
2019-12-01 10:08:00,3.812,3.83,3.812,3.829,8486.88451
2019-12-01 10:07:00,3.812,3.813,3.808,3.811,5463.19952
2019-12-01 10:06:00,3.827,3.827,3.808,3.811,7808.78059
2019-12-01 10:05:00,3.831,3.834,3.825,3.827,4052.97824
2019-12-01 10:04:00,3.836,3.847,3.829,3.831,12408.63849
2019-12-01 10:03:00,3.848,3.856,3.837,3.838,11927.78016
2019-12-01 10:02:00,3.871,3.871,3.847,3.848,12157.86089
2019-12-01 10:01:00,3.873,3.875,3.87,3.872,2108.15282
2019-12-01 10:00:00,3.883,3.883,3.873,3.873,1250.53837
2019-12-01 09:59:00,3.883,3.883,3.883,3.883,1680.56107
2019-12-01 09:58:00,3.885,3.886,3.883,3.884,1368.20647
2019-12-01 09:57:00,3.885,3.886,3.883,3.884,1299.58363
2019-12-01 09:56:00,3.889,3.889,3.887,3.887,1039.65701
2019-12-01 09:55:00,3.888,3.889,3.885,3.889,938.38342
2019-12-01 09:54:00,3.888,3.889,3.887,3.889,2214.1478
2019-12-01 09:53:00,3.884,3.889,3.884,3.889,1546.97088
2019-12-01 09:52:00,3.889,3.889,3.887,3.887,595.22953
2019-12-01 09:51:00,3.892,3.892,3.889,3.889,879.76024
2019-12-01 09:50:00,3.891,3.894,3.891,3.891,1277.87235
2019-12-01 09:49:00,3.883,3.891,3.883,3.891,2326.84139
2019-12-01 09:48:00,3.877,3.884,3.876,3.883,3877.0446
2019-12-01 09:47:00,3.881,3.881,3.876,3.877,539.56051
2019-12-01 09:46:00,3.88,3.881,3.876,3.881,3697.32749
2019-12-01 09:45:00,3.88,3.884,3.878,3.881,2127.59999
2019-12-01 09:44:00,3.884,3.885,3.882,3.882,627.78611
2019-12-01 09:43:00,3.889,3.891,3.881,3.881,3864.52469
2019-12-01 09:42:00,3.892,3.893,3.89,3.89,1379.78132
2019-12-01 09:41:00,3.901,3.901,3.892,3.892,3162.54518
2019-12-01 09:40:00,3.898,3.906,3.897,3.902,1826.18755
2019-12-01 09:39:00,3.9,3.9,3.896,3.897,1072.98439
2019-12-01 09:38:00,3.887,3.902,3.887,3.899,11999.15812
2019-12-01 09:37:00,3.887,3.887,3.884,3.886,3161.34301
2019-12-01 09:36:00,3.886,3.886,3.883,3.885,1255.60824
2019-12-01 09:35:00,3.893,3.893,3.886,3.886,2356.57904
2019-12-01 09:34:00,3.882,3.892,3.882,3.892,2482.15954
2019-12-01 09:33:00,3.877,3.881,3.875,3.881,3227.88695
2019-12-01 09:32:00,3.881,3.883,3.878,3.878,1806.09503
2019-12-01 09:31:00,3.882,3.884,3.875,3.884,6115.93918
2019-12-01 09:30:00,3.881,3.883,3.876,3.883,1608.07241
2019-12-01 09:29:00,3.88,3.88,3.878,3.88,1542.7641
2019-12-01 09:28:00,3.873,3.878,3.873,3.878,4010.9209
2019-12-01 09:27:00,3.881,3.883,3.877,3.877,3235.4648
2019-12-01 09:26:00,3.882,3.887,3.882,3.883,3544.24741
2019-12-01 09:25:00,3.874,3.884,3.874,3.881,10062.9897
2019-12-01 09:24:00,3.861,3.876,3.858,3.873,9051.36267
2019-12-01 09:23:00,3.863,3.868,3.862,3.862,2724.9949
2019-12-01 09:22:00,3.863,3.866,3.862,3.865,3043.04868
2019-12-01 09:21:00,3.871,3.871,3.859,3.863,9380.3549
2019-12-01 09:20:00,3.875,3.875,3.871,3.871,869.44352
2019-12-01 09:19:00,3.874,3.877,3.871,3.877,503.51
2019-12-01 09:18:00,3.881,3.881,3.875,3.875,1018.08434
2019-12-01 09:17:00,3.886,3.888,3.881,3.881,1384.40434
2019-12-01 09:16:00,3.884,3.889,3.883,3.886,4975.9096
2019-12-01 09:15:00,3.877,3.884,3.876,3.884,4687.07916
2019-12-01 09:14:00,3.877,3.882,3.876,3.881,2589.56794
2019-12-01 09:13:00,3.891,3.891,3.88,3.88,6277.73705
2019-12-01 09:12:00,3.899,3.899,3.887,3.891,10898.08915
2019-12-01 09:11:00,3.897,3.9,3.897,3.898,1214.61386
2019-12-01 09:10:00,3.898,3.9,3.897,3.898,1695.07422
2019-12-01 09:09:00,3.897,3.9,3.894,3.899,3174.5386
2019-12-01 09:08:00,3.904,3.905,3.894,3.897,1420.4973
2019-12-01 09:07:00,3.909,3.909,3.905,3.905,649.06863
2019-12-01 09:06:00,3.913,3.913,3.908,3.908,2496.71719
2019-12-01 09:05:00,3.912,3.913,3.91,3.913,1186.29083
2019-12-01 09:04:00,3.913,3.913,3.913,3.913,536.81091
2019-12-01 09:03:00,3.914,3.915,3.913,3.913,290.8477
2019-12-01 09:02:00,3.914,3.914,3.914,3.914,196.86322
2019-12-01 09:01:00,3.91,3.914,3.909,3.914,1090.94505
2019-12-01 09:00:00,3.909,3.91,3.908,3.909,1052.41894
2019-12-01 08:59:00,3.908,3.909,3.906,3.909,5159.09134
2019-12-01 08:58:00,3.9,3.912,3.9,3.907,15000.48944
2019-12-01 08:57:00,3.909,3.909,3.901,3.902,6996.11798
2019-12-01 08:56:00,3.913,3.913,3.909,3.91,2851.83915
2019-12-01 08:55:00,3.916,3.916,3.912,3.912,1008.26178
2019-12-01 08:54:00,3.918,3.919,3.916,3.916,1964.00019
2019-12-01 08:53:00,3.919,3.919,3.919,3.919,235.5174
2019-12-01 08:52:00,3.92,3.92,3.92,3.92,1665.51293
2019-12-01 08:51:00,3.921,3.921,3.921,3.921,26.71327
2019-12-01 08:50:00,3.922,3.922,3.922,3.922,2021.676
2019-12-01 08:49:00,3.923,3.923,3.922,3.922,1015.17045
2019-12-01 08:48:00,3.923,3.924,3.922,3.923,746.30814
2019-12-01 08:47:00,3.926,3.926,3.923,3.923,1213.83839
2019-12-01 08:46:00,3.92,3.929,3.92,3.925,4303.55196
2019-12-01 08:45:00,3.922,3.922,3.92,3.921,3205.54012
2019-12-01 08:44:00,3.918,3.924,3.918,3.922,4245.41064
2019-12-01 08:43:00,3.918,3.918,3.918,3.918,265.30786
2019-12-01 08:42:00,3.918,3.919,3.917,3.918,594.02695
2019-12-01 08:41:00,3.919,3.919,3.918,3.918,571.35044
2019-12-01 08:40:00,3.919,3.921,3.919,3.92,294.31366
2019-12-01 08:39:00,3.919,3.919,3.918,3.919,1684.68859
2019-12-01 08:38:00,3.92,3.921,3.919,3.919,546.03891
2019-12-01 08:37:00,3.922,3.922,3.919,3.919,2183.71058
2019-12-01 08:36:00,3.922,3.922,3.922,3.922,0
2019-12-01 08:35:00,3.92,3.922,3.919,3.922,494.32826
2019-12-01 08:34:00,3.919,3.921,3.918,3.92,2408.81588
2019-12-01 08:33:00,3.921,3.922,3.918,3.918,621.3759
2019-12-01 08:32:00,3.916,3.919,3.916,3.919,964.46478
2019-12-01 08:31:00,3.915,3.916,3.915,3.916,1260.12233
2019-12-01 08:30:00,3.912,3.917,3.911,3.915,1790.62793
2019-12-01 08:29:00,3.913,3.914,3.912,3.912,3179.82833
2019-12-01 08:28:00,3.918,3.918,3.913,3.913,1323.90435
2019-12-01 08:27:00,3.919,3.919,3.915,3.918,3693.65706
2019-12-01 08:26:00,3.919,3.92,3.919,3.92,1414.62692
2019-12-01 08:25:00,3.919,3.919,3.919,3.919,208.04333
2019-12-01 08:24:00,3.916,3.92,3.916,3.919,1901.83478
2019-12-01 08:23:00,3.921,3.921,3.917,3.917,2166.09843
2019-12-01 08:22:00,3.914,3.923,3.914,3.923,4345.26603
2019-12-01 08:21:00,3.914,3.916,3.914,3.915,309.10308
2019-12-01 08:20:00,3.915,3.92,3.914,3.914,5525.07268
2019-12-01 08:19:00,3.921,3.922,3.916,3.916,1997.90027
2019-12-01 08:18:00,3.92,3.923,3.913,3.92,7688.24568
2019-12-01 08:17:00,3.928,3.928,3.919,3.919,1488.41955
2019-12-01 08:16:00,3.935,3.935,3.929,3.93,8197.88145
2019-12-01 08:15:00,3.921,3.934,3.921,3.934,3243.74
2019-12-01 08:14:00,3.91,3.92,3.909,3.919,12183.36362
2019-12-01 08:13:00,3.892,3.915,3.892,3.909,25387.45114
2019-12-01 08:12:00,3.902,3.902,3.897,3.897,3740.68355
2019-12-01 08:11:00,3.906,3.906,3.9,3.902,5477.04759
2019-12-01 08:10:00,3.91,3.911,3.905,3.905,2581.55601
2019-12-01 08:09:00,3.917,3.917,3.911,3.911,2910.70602
2019-12-01 08:08:00,3.92,3.92,3.918,3.918,547.61331
2019-12-01 08:07:00,3.922,3.924,3.921,3.921,701.70992
2019-12-01 08:06:00,3.925,3.925,3.922,3.923,890.38505
2019-12-01 08:05:00,3.931,3.931,3.923,3.927,5440.49093
2019-12-01 08:04:00,3.934,3.934,3.932,3.932,13.47914
2019-12-01 08:03:00,3.936,3.936,3.934,3.934,1607.27916
2019-12-01 08:02:00,3.937,3.937,3.935,3.936,555.03929
2019-12-01 08:01:00,3.937,3.937,3.937,3.937,0.17562
2019-12-01 08:00:00,3.938,3.938,3.938,3.938,0
2019-12-01 07:59:00,3.938,3.938,3.938,3.938,0
2019-12-01 07:58:00,3.939,3.939,3.938,3.938,215.01178
2019-12-01 07:57:00,3.939,3.939,3.939,3.939,274.2756
2019-12-01 07:56:00,3.942,3.942,3.94,3.94,371.89058
2019-12-01 07:55:00,3.939,3.944,3.939,3.943,2863.72185
2019-12-01 07:54:00,3.939,3.939,3.939,3.939,1489.55324
2019-12-01 07:53:00,3.939,3.939,3.939,3.939,34.53486
2019-12-01 07:52:00,3.939,3.939,3.939,3.939,369.06804
2019-12-01 07:51:00,3.937,3.939,3.937,3.939,824.54532
2019-12-01 07:50:00,3.937,3.937,3.937,3.937,0.55989
2019-12-01 07:49:00,3.937,3.937,3.937,3.937,0.91939
2019-12-01 07:48:00,3.937,3.937,3.937,3.937,2291.12067
2019-12-01 07:47:00,3.938,3.938,3.938,3.938,1063.96859
2019-12-01 07:46:00,3.942,3.942,3.939,3.939,2903.05439
2019-12-01 07:45:00,3.943,3.943,3.942,3.942,1803.67217
2019-12-01 07:44:00,3.943,3.944,3.942,3.942,1884.73423
2019-12-01 07:43:00,3.943,3.944,3.943,3.944,1228.12707
2019-12-01 07:42:00,3.945,3.945,3.944,3.944,187.75532
2019-12-01 07:41:00,3.947,3.947,3.945,3.945,815.51484
2019-12-01 07:40:00,3.945,3.946,3.945,3.946,22.63538
2019-12-01 07:39:00,3.945,3.945,3.945,3.945,0.04998
2019-12-01 07:38:00,3.946,3.947,3.946,3.946,2012.80074
2019-12-01 07:37:00,3.948,3.949,3.945,3.946,734.04784
2019-12-01 07:36:00,3.945,3.95,3.945,3.946,1831.72901
2019-12-01 07:35:00,3.947,3.947,3.944,3.945,1761.79649
2019-12-01 07:34:00,3.949,3.949,3.946,3.947,3650.85345
2019-12-01 07:33:00,3.949,3.949,3.948,3.949,748.6586
2019-12-01 07:32:00,3.944,3.949,3.942,3.949,2911.51566
2019-12-01 07:31:00,3.943,3.947,3.943,3.944,2132.48435
2019-12-01 07:30:00,3.942,3.942,3.942,3.942,1162.42087
2019-12-01 07:29:00,3.942,3.944,3.942,3.942,2359.13792
2019-12-01 07:28:00,3.943,3.943,3.943,3.943,0
2019-12-01 07:27:00,3.943,3.943,3.943,3.943,0
2019-12-01 07:26:00,3.944,3.944,3.943,3.943,34.68986
2019-12-01 07:25:00,3.943,3.944,3.943,3.943,1058.92199
2019-12-01 07:24:00,3.945,3.945,3.943,3.943,216.71244
2019-12-01 07:23:00,3.942,3.945,3.942,3.944,3030.12238
2019-12-01 07:22:00,3.943,3.943,3.942,3.942,1421.40558
2019-12-01 07:21:00,3.941,3.944,3.941,3.943,3718.93968
2019-12-01 07:20:00,3.942,3.942,3.942,3.942,0
2019-12-01 07:19:00,3.943,3.943,3.942,3.942,680.7913
2019-12-01 07:18:00,3.943,3.943,3.943,3.943,2442.67863
2019-12-01 07:17:00,3.942,3.943,3.941,3.943,477.12984
2019-12-01 07:16:00,3.943,3.943,3.941,3.942,967.8589
2019-12-01 07:15:00,3.943,3.943,3.943,3.943,4476.31756
2019-12-01 07:14:00,3.943,3.944,3.941,3.943,2569.14301
2019-12-01 07:13:00,3.946,3.946,3.943,3.945,1572.73945
2019-12-01 07:12:00,3.945,3.946,3.943,3.944,1630.27046
2019-12-01 07:11:00,3.944,3.945,3.943,3.944,3040.80541
2019-12-01 07:10:00,3.945,3.945,3.944,3.944,924.30394
2019-12-01 07:09:00,3.946,3.948,3.943,3.945,2134.04678
2019-12-01 07:08:00,3.948,3.948,3.945,3.945,1944.55783
2019-12-01 07:07:00,3.948,3.948,3.948,3.948,0.51978
2019-12-01 07:06:00,3.948,3.948,3.948,3.948,1.09039
2019-12-01 07:05:00,3.949,3.949,3.947,3.948,185.37167
2019-12-01 07:04:00,3.947,3.949,3.947,3.948,1903.62253
2019-12-01 07:03:00,3.949,3.949,3.947,3.947,2525.28794
2019-12-01 07:02:00,3.948,3.949,3.948,3.948,881.20886
2019-12-01 07:01:00,3.95,3.95,3.947,3.948,892.07819
2019-12-01 07:00:00,3.948,3.95,3.948,3.95,888.4751
2019-12-01 06:59:00,3.948,3.948,3.948,3.948,761.38162
2019-12-01 06:58:00,3.949,3.949,3.949,3.949,0
2019-12-01 06:57:00,3.949,3.949,3.949,3.949,377.27236
2019-12-01 06:56:00,3.951,3.951,3.95,3.95,2182.27907
2019-12-01 06:55:00,3.951,3.951,3.951,3.951,1565.46478
2019-12-01 06:54:00,3.956,3.956,3.953,3.953,900.71182
2019-12-01 06:53:00,3.956,3.956,3.956,3.956,235.27345
2019-12-01 06:52:00,3.956,3.956,3.955,3.956,310.05249
2019-12-01 06:51:00,3.957,3.957,3.957,3.957,0
2019-12-01 06:50:00,3.957,3.957,3.957,3.957,2675.77484
2019-12-01 06:49:00,3.957,3.957,3.957,3.957,1592.24063
2019-12-01 06:48:00,3.958,3.958,3.957,3.957,1869.68966
2019-12-01 06:47:00,3.958,3.958,3.956,3.958,2019.29495
2019-12-01 06:46:00,3.957,3.958,3.957,3.957,2139.866
2019-12-01 06:45:00,3.956,3.957,3.956,3.957,1642.40596
2019-12-01 06:44:00,3.956,3.957,3.955,3.956,2466.25344
2019-12-01 06:43:00,3.957,3.958,3.955,3.957,1534.98671
2019-12-01 06:42:00,3.958,3.958,3.956,3.957,5.44111
2019-12-01 06:41:00,3.956,3.958,3.956,3.958,1934.62297
2019-12-01 06:40:00,3.956,3.956,3.954,3.956,1425.90609
2019-12-01 06:39:00,3.956,3.956,3.955,3.955,4659.06159
2019-12-01 06:38:00,3.953,3.956,3.953,3.956,3425.34668
2019-12-01 06:37:00,3.95,3.952,3.95,3.952,1627.03806
2019-12-01 06:36:00,3.952,3.953,3.95,3.951,2828.7557
2019-12-01 06:35:00,3.949,3.952,3.949,3.951,1960.52693
2019-12-01 06:34:00,3.948,3.949,3.948,3.949,1031.74476
2019-12-01 06:33:00,3.948,3.949,3.948,3.949,989.42129
2019-12-01 06:32:00,3.948,3.949,3.948,3.949,955.5775
2019-12-01 06:31:00,3.949,3.949,3.948,3.949,978.65373
2019-12-01 06:30:00,3.947,3.948,3.946,3.948,672.54534
2019-12-01 06:29:00,3.947,3.948,3.947,3.947,616.6885
2019-12-01 06:28:00,3.946,3.948,3.945,3.947,1405.53327
2019-12-01 06:27:00,3.946,3.946,3.945,3.945,597.34263
2019-12-01 06:26:00,3.948,3.948,3.947,3.947,2807.00894
2019-12-01 06:25:00,3.949,3.949,3.948,3.948,5101.75402
2019-12-01 06:24:00,3.949,3.949,3.949,3.949,2883.51255
2019-12-01 06:23:00,3.949,3.949,3.948,3.949,624.80033
2019-12-01 06:22:00,3.95,3.95,3.948,3.949,2509.83475
2019-12-01 06:21:00,3.948,3.949,3.948,3.949,1759.98357
2019-12-01 06:20:00,3.94,3.95,3.94,3.948,16996.54853
2019-12-01 06:19:00,3.939,3.94,3.937,3.939,961.38428
2019-12-01 06:18:00,3.941,3.942,3.941,3.941,1640.12026
2019-12-01 06:17:00,3.943,3.943,3.942,3.942,2001.93753
2019-12-01 06:16:00,3.944,3.944,3.943,3.943,1946.39038
2019-12-01 06:15:00,3.944,3.944,3.943,3.943,4239.7803
2019-12-01 06:14:00,3.943,3.943,3.942,3.943,729.71986
2019-12-01 06:13:00,3.944,3.944,3.94,3.943,1169.74483
2019-12-01 06:12:00,3.943,3.945,3.943,3.944,1411.5607
2019-12-01 06:11:00,3.942,3.945,3.942,3.944,669.50347
2019-12-01 06:10:00,3.943,3.943,3.942,3.942,1535.80778
2019-12-01 06:09:00,3.945,3.946,3.944,3.944,780.83593
2019-12-01 06:08:00,3.948,3.95,3.944,3.944,3283.94743
2019-12-01 06:07:00,3.949,3.95,3.948,3.948,1723.49508
2019-12-01 06:06:00,3.949,3.95,3.948,3.948,569.73033
2019-12-01 06:05:00,3.951,3.951,3.949,3.949,2414.77517
2019-12-01 06:04:00,3.95,3.95,3.95,3.95,1744.69206
2019-12-01 06:03:00,3.948,3.949,3.948,3.949,323.69738
2019-12-01 06:02:00,3.944,3.949,3.944,3.946,1014.65872
2019-12-01 06:01:00,3.942,3.945,3.942,3.944,674.55902
2019-12-01 06:00:00,3.939,3.942,3.939,3.942,3209.00883
2019-12-01 05:59:00,3.937,3.939,3.937,3.939,1793.83411
2019-12-01 05:58:00,3.937,3.937,3.937,3.937,10.49737
2019-12-01 05:57:00,3.936,3.937,3.936,3.937,800.11189
2019-12-01 05:56:00,3.935,3.936,3.935,3.936,1603.15005
2019-12-01 05:55:00,3.933,3.934,3.933,3.934,2299.72198
2019-12-01 05:54:00,3.933,3.933,3.933,3.933,0
2019-12-01 05:53:00,3.931,3.933,3.93,3.933,2196.04554
2019-12-01 05:52:00,3.932,3.932,3.931,3.932,1999.70271
2019-12-01 05:51:00,3.932,3.933,3.931,3.932,1233.72926
2019-12-01 05:50:00,3.933,3.933,3.933,3.933,1810.4974
2019-12-01 05:49:00,3.933,3.933,3.933,3.933,2423.92266
2019-12-01 05:48:00,3.936,3.936,3.933,3.933,1797.98657
2019-12-01 05:47:00,3.936,3.936,3.936,3.936,2385.87839
2019-12-01 05:46:00,3.935,3.936,3.935,3.936,1460.50898
2019-12-01 05:45:00,3.935,3.935,3.935,3.935,1783.36
2019-12-01 05:44:00,3.935,3.936,3.935,3.936,429.20248
2019-12-01 05:43:00,3.935,3.935,3.935,3.935,7.59018
2019-12-01 05:42:00,3.935,3.935,3.935,3.935,15.37602
2019-12-01 05:41:00,3.935,3.935,3.935,3.935,4.25069
2019-12-01 05:40:00,3.931,3.934,3.931,3.934,1645.9731
2019-12-01 05:39:00,3.933,3.933,3.93,3.93,2758.21264
2019-12-01 05:38:00,3.933,3.933,3.931,3.932,2275.2694
2019-12-01 05:37:00,3.93,3.933,3.929,3.933,1625.93897
2019-12-01 05:36:00,3.929,3.93,3.929,3.93,335.70539
2019-12-01 05:35:00,3.927,3.929,3.927,3.929,1977.68018
2019-12-01 05:34:00,3.928,3.929,3.926,3.927,1087.66983
2019-12-01 05:33:00,3.927,3.929,3.927,3.928,1763.87934
2019-12-01 05:32:00,3.935,3.935,3.928,3.93,4897.7643
2019-12-01 05:31:00,3.935,3.937,3.934,3.935,1598.61495
2019-12-01 05:30:00,3.938,3.938,3.936,3.936,1684.16991
2019-12-01 05:29:00,3.94,3.941,3.939,3.939,1914.01296
2019-12-01 05:28:00,3.938,3.939,3.938,3.939,530.76998
2019-12-01 05:27:00,3.937,3.937,3.937,3.937,34.86791
2019-12-01 05:26:00,3.939,3.939,3.938,3.938,2819.89113
2019-12-01 05:25:00,3.939,3.939,3.939,3.939,0
2019-12-01 05:24:00,3.936,3.939,3.936,3.939,4208.45877
2019-12-01 05:23:00,3.937,3.937,3.936,3.936,718.30191
2019-12-01 05:22:00,3.937,3.937,3.937,3.937,1132.38694
2019-12-01 05:21:00,3.936,3.938,3.936,3.937,575.80704
2019-12-01 05:20:00,3.934,3.937,3.934,3.937,1636.31202
2019-12-01 05:19:00,3.934,3.934,3.933,3.933,70.51
2019-12-01 05:18:00,3.933,3.934,3.933,3.934,1793.54872
2019-12-01 05:17:00,3.932,3.933,3.932,3.933,679.34337
2019-12-01 05:16:00,3.932,3.932,3.932,3.932,2152.90517
2019-12-01 05:15:00,3.93,3.932,3.93,3.932,2078.51798
2019-12-01 05:14:00,3.933,3.934,3.93,3.93,3778.93973
2019-12-01 05:13:00,3.933,3.933,3.933,3.933,6.20855
2019-12-01 05:12:00,3.93,3.933,3.929,3.933,968.93605
2019-12-01 05:11:00,3.929,3.93,3.929,3.93,1167.46902
2019-12-01 05:10:00,3.933,3.933,3.929,3.93,272.18622
2019-12-01 05:09:00,3.931,3.934,3.931,3.934,216.04847
2019-12-01 05:08:00,3.929,3.932,3.929,3.931,1107.51644
2019-12-01 05:07:00,3.934,3.934,3.929,3.929,3967.09705
2019-12-01 05:06:00,3.933,3.934,3.933,3.933,0.55361
2019-12-01 05:05:00,3.933,3.933,3.933,3.933,2038.4078
2019-12-01 05:04:00,3.934,3.934,3.931,3.933,3015.8731
2019-12-01 05:03:00,3.934,3.934,3.934,3.934,4.39175
2019-12-01 05:02:00,3.933,3.934,3.933,3.934,372.72986
2019-12-01 05:01:00,3.931,3.933,3.931,3.933,1351.01318
2019-12-01 05:00:00,3.932,3.932,3.93,3.931,705.82587
2019-12-01 04:59:00,3.931,3.934,3.931,3.931,2107.43665
2019-12-01 04:58:00,3.932,3.933,3.931,3.932,2596.57563
2019-12-01 04:57:00,3.931,3.934,3.931,3.931,3218.98591
2019-12-01 04:56:00,3.929,3.932,3.929,3.931,931.7906
2019-12-01 04:55:00,3.932,3.933,3.929,3.929,1136.30005
2019-12-01 04:54:00,3.932,3.934,3.932,3.933,2280.76728
2019-12-01 04:53:00,3.933,3.933,3.932,3.933,1219.54097
2019-12-01 04:52:00,3.934,3.934,3.934,3.934,0
2019-12-01 04:51:00,3.934,3.935,3.934,3.934,1421.43361
2019-12-01 04:50:00,3.936,3.936,3.934,3.934,1570.85319
2019-12-01 04:49:00,3.936,3.936,3.936,3.936,508.43133
2019-12-01 04:48:00,3.933,3.936,3.933,3.935,1030.54373
2019-12-01 04:47:00,3.935,3.936,3.933,3.933,1743.44691
2019-12-01 04:46:00,3.931,3.937,3.931,3.936,1874.40597
2019-12-01 04:45:00,3.932,3.932,3.932,3.932,0
2019-12-01 04:44:00,3.93,3.932,3.93,3.932,326.1492
2019-12-01 04:43:00,3.931,3.931,3.93,3.93,2897.99418
2019-12-01 04:42:00,3.932,3.932,3.931,3.931,418.33441
2019-12-01 04:41:00,3.932,3.933,3.931,3.933,1979.89109
2019-12-01 04:40:00,3.929,3.933,3.929,3.933,3440.56088
2019-12-01 04:39:00,3.927,3.929,3.926,3.928,621.20061
2019-12-01 04:38:00,3.923,3.927,3.921,3.927,870.15856
2019-12-01 04:37:00,3.923,3.923,3.923,3.923,0
2019-12-01 04:36:00,3.923,3.924,3.922,3.923,1726.81142
2019-12-01 04:35:00,3.926,3.926,3.924,3.924,3043.09076
2019-12-01 04:34:00,3.926,3.927,3.926,3.926,3443.12356
2019-12-01 04:33:00,3.928,3.928,3.924,3.925,2613.25158
2019-12-01 04:32:00,3.926,3.928,3.925,3.928,1230.58094
2019-12-01 04:31:00,3.924,3.927,3.92,3.925,2383.11256
2019-12-01 04:30:00,3.923,3.926,3.923,3.924,1468.1084
2019-12-01 04:29:00,3.927,3.927,3.925,3.925,2605.58789
2019-12-01 04:28:00,3.933,3.933,3.926,3.927,5588.4364
2019-12-01 04:27:00,3.933,3.933,3.932,3.932,1658.10476
2019-12-01 04:26:00,3.931,3.933,3.931,3.933,1725.46673
2019-12-01 04:25:00,3.93,3.931,3.93,3.931,816.64143
2019-12-01 04:24:00,3.932,3.933,3.93,3.93,2966.34288
2019-12-01 04:23:00,3.937,3.939,3.932,3.932,2386.52444
2019-12-01 04:22:00,3.936,3.938,3.936,3.938,1089.95975
2019-12-01 04:21:00,3.937,3.938,3.937,3.937,1745.4413
2019-12-01 04:20:00,3.937,3.937,3.936,3.937,3174.98842
2019-12-01 04:19:00,3.936,3.937,3.935,3.937,2522.53546
2019-12-01 04:18:00,3.936,3.937,3.936,3.937,1970.62144
2019-12-01 04:17:00,3.935,3.935,3.935,3.935,0
2019-12-01 04:16:00,3.935,3.935,3.935,3.935,181.86074
2019-12-01 04:15:00,3.936,3.936,3.935,3.935,606.49891
2019-12-01 04:14:00,3.935,3.937,3.935,3.936,3744.22074
2019-12-01 04:13:00,3.936,3.937,3.935,3.935,2796.46834
2019-12-01 04:12:00,3.935,3.936,3.934,3.936,2161.36016
2019-12-01 04:11:00,3.931,3.934,3.93,3.934,3769.77305
2019-12-01 04:10:00,3.923,3.932,3.923,3.93,3194.55761
2019-12-01 04:09:00,3.923,3.923,3.923,3.923,312.54352
2019-12-01 04:08:00,3.922,3.923,3.922,3.923,502.46498
2019-12-01 04:07:00,3.92,3.922,3.92,3.921,16.59775
2019-12-01 04:06:00,3.92,3.92,3.919,3.92,1094.95206
2019-12-01 04:05:00,3.922,3.922,3.921,3.922,3213.05063
2019-12-01 04:04:00,3.924,3.926,3.923,3.923,1455.1105
2019-12-01 04:03:00,3.923,3.924,3.923,3.924,2893.27006
2019-12-01 04:02:00,3.924,3.928,3.923,3.923,815.33796
2019-12-01 04:01:00,3.924,3.924,3.922,3.923,733.15141
2019-12-01 04:00:00,3.928,3.928,3.923,3.923,2503.76262
2019-12-01 03:59:00,3.928,3.929,3.928,3.928,3275.92937
2019-12-01 03:58:00,3.93,3.932,3.928,3.928,1465.80528
2019-12-01 03:57:00,3.931,3.931,3.927,3.929,2223.34127
2019-12-01 03:56:00,3.941,3.942,3.931,3.931,4466.40225
2019-12-01 03:55:00,3.943,3.943,3.941,3.942,2023.50268
2019-12-01 03:54:00,3.95,3.95,3.941,3.942,10120.92459
2019-12-01 03:53:00,3.948,3.95,3.948,3.95,1862.58371
2019-12-01 03:52:00,3.942,3.95,3.942,3.948,5121.46284
2019-12-01 03:51:00,3.939,3.942,3.939,3.942,662.61852
2019-12-01 03:50:00,3.939,3.939,3.939,3.939,1725.78897
2019-12-01 03:49:00,3.936,3.939,3.936,3.938,2052.38443
2019-12-01 03:48:00,3.937,3.938,3.935,3.937,1835.87168
2019-12-01 03:47:00,3.934,3.935,3.934,3.935,2839.61538
2019-12-01 03:46:00,3.935,3.937,3.934,3.934,2246.90299
2019-12-01 03:45:00,3.941,3.941,3.934,3.935,1469.35226
2019-12-01 03:44:00,3.938,3.941,3.938,3.941,3446.85253
2019-12-01 03:43:00,3.937,3.938,3.936,3.938,768.05425
2019-12-01 03:42:00,3.941,3.941,3.934,3.937,1827.21082
2019-12-01 03:41:00,3.936,3.942,3.936,3.942,446.25361
2019-12-01 03:40:00,3.936,3.936,3.935,3.935,1239.17911
2019-12-01 03:39:00,3.933,3.937,3.933,3.936,1196.18976
2019-12-01 03:38:00,3.938,3.938,3.932,3.933,8279.61303
2019-12-01 03:37:00,3.938,3.939,3.938,3.939,2172.98548
2019-12-01 03:36:00,3.942,3.945,3.939,3.939,2346.88091
2019-12-01 03:35:00,3.947,3.947,3.943,3.943,1527.9399
2019-12-01 03:34:00,3.947,3.947,3.945,3.946,2444.17792
2019-12-01 03:33:00,3.947,3.947,3.946,3.946,211.65404
2019-12-01 03:32:00,3.949,3.949,3.946,3.947,804.18647
2019-12-01 03:31:00,3.948,3.95,3.948,3.95,633.38176
2019-12-01 03:30:00,3.942,3.949,3.942,3.949,2161.19167
2019-12-01 03:29:00,3.948,3.948,3.941,3.942,2841.16487
2019-12-01 03:28:00,3.95,3.95,3.947,3.949,1835.68521
2019-12-01 03:27:00,3.947,3.952,3.947,3.951,2419.99397
2019-12-01 03:26:00,3.947,3.948,3.945,3.948,1625.14309
2019-12-01 03:25:00,3.951,3.951,3.944,3.945,3524.48252
2019-12-01 03:24:00,3.944,3.953,3.944,3.953,2315.62023
2019-12-01 03:23:00,3.939,3.944,3.931,3.944,14923.192
2019-12-01 03:22:00,3.934,3.94,3.93,3.938,6570.82975
2019-12-01 03:21:00,3.927,3.939,3.927,3.933,8279.42972
2019-12-01 03:20:00,3.917,3.928,3.917,3.928,3304.95421
2019-12-01 03:19:00,3.914,3.915,3.914,3.915,2870.01719
2019-12-01 03:18:00,3.914,3.914,3.914,3.914,1317.74309
2019-12-01 03:17:00,3.917,3.917,3.915,3.915,2558.22128
2019-12-01 03:16:00,3.912,3.916,3.911,3.916,1493.26753
2019-12-01 03:15:00,3.911,3.915,3.908,3.912,7064.79183
2019-12-01 03:14:00,3.907,3.913,3.904,3.908,5636.18637
2019-12-01 03:13:00,3.901,3.913,3.901,3.908,4165.798
2019-12-01 03:12:00,3.891,3.902,3.891,3.9,12961.40757
2019-12-01 03:11:00,3.889,3.891,3.889,3.891,960.35102
2019-12-01 03:10:00,3.894,3.895,3.885,3.889,7509.22162
2019-12-01 03:09:00,3.894,3.895,3.894,3.895,2133.28385
2019-12-01 03:08:00,3.894,3.895,3.893,3.894,3829.39724
2019-12-01 03:07:00,3.893,3.896,3.892,3.896,1996.56782
2019-12-01 03:06:00,3.893,3.893,3.893,3.893,273.6418
2019-12-01 03:05:00,3.892,3.894,3.889,3.891,3166.45881
2019-12-01 03:04:00,3.884,3.892,3.884,3.891,3448.5504
2019-12-01 03:03:00,3.885,3.887,3.88,3.884,3567.90349
2019-12-01 03:02:00,3.88,3.891,3.879,3.886,5934.73508
2019-12-01 03:01:00,3.877,3.88,3.867,3.88,2655.8024
2019-12-01 03:00:00,3.869,3.876,3.869,3.876,1807.96142
2019-12-01 02:59:00,3.863,3.871,3.862,3.866,5040.15902
2019-12-01 02:58:00,3.86,3.872,3.86,3.864,7503.59962
2019-12-01 02:57:00,3.889,3.889,3.858,3.86,16417.40593
2019-12-01 02:56:00,3.898,3.898,3.888,3.89,2941.00133
2019-12-01 02:55:00,3.9,3.901,3.895,3.896,4614.75751
2019-12-01 02:54:00,3.902,3.902,3.9,3.9,2848.96034
2019-12-01 02:53:00,3.906,3.906,3.903,3.903,1699.06238
2019-12-01 02:52:00,3.906,3.907,3.906,3.906,2423.16295
2019-12-01 02:51:00,3.914,3.914,3.904,3.907,3027.2536
2019-12-01 02:50:00,3.915,3.915,3.915,3.915,1.64153
2019-12-01 02:49:00,3.916,3.916,3.916,3.916,276.01834
2019-12-01 02:48:00,3.918,3.918,3.917,3.917,1184.04647
2019-12-01 02:47:00,3.922,3.922,3.919,3.919,524.12874
2019-12-01 02:46:00,3.922,3.922,3.922,3.922,0
2019-12-01 02:45:00,3.922,3.922,3.922,3.922,0
2019-12-01 02:44:00,3.923,3.923,3.922,3.922,1710.28958
2019-12-01 02:43:00,3.924,3.926,3.922,3.923,1429.95712
2019-12-01 02:42:00,3.922,3.926,3.921,3.926,788.70996
2019-12-01 02:41:00,3.924,3.924,3.923,3.923,412.96551
2019-12-01 02:40:00,3.921,3.925,3.92,3.925,1427.05367
2019-12-01 02:39:00,3.922,3.922,3.922,3.922,2723.83955
2019-12-01 02:38:00,3.924,3.924,3.922,3.922,2463.48087
2019-12-01 02:37:00,3.924,3.924,3.924,3.924,1189.48125
2019-12-01 02:36:00,3.924,3.925,3.924,3.924,1299.91978
2019-12-01 02:35:00,3.925,3.925,3.924,3.924,1319.30323
2019-12-01 02:34:00,3.926,3.926,3.926,3.926,1465.9023
2019-12-01 02:33:00,3.926,3.926,3.925,3.925,306.69557
2019-12-01 02:32:00,3.925,3.926,3.925,3.926,1947.82615
2019-12-01 02:31:00,3.925,3.926,3.925,3.926,1587.67584
2019-12-01 02:30:00,3.926,3.926,3.925,3.925,1134.47987
2019-12-01 02:29:00,3.924,3.925,3.924,3.925,412.43776
2019-12-01 02:28:00,3.923,3.923,3.923,3.923,32.57604
2019-12-01 02:27:00,3.923,3.923,3.922,3.923,800.78857
2019-12-01 02:26:00,3.923,3.923,3.923,3.923,0.7195
2019-12-01 02:25:00,3.923,3.924,3.922,3.923,782.77451
2019-12-01 02:24:00,3.922,3.923,3.92,3.922,1383.29473
2019-12-01 02:23:00,3.923,3.926,3.922,3.922,5123.44996
2019-12-01 02:22:00,3.92,3.923,3.92,3.922,1396.88782
2019-12-01 02:21:00,3.919,3.92,3.919,3.92,2.16137
2019-12-01 02:20:00,3.918,3.918,3.918,3.918,0
2019-12-01 02:19:00,3.918,3.918,3.917,3.918,3005.55078
2019-12-01 02:18:00,3.918,3.919,3.918,3.918,729.09146
2019-12-01 02:17:00,3.919,3.921,3.918,3.918,1382.38403
2019-12-01 02:16:00,3.917,3.92,3.917,3.919,3250.87343
2019-12-01 02:15:00,3.924,3.924,3.918,3.918,1298.39728
2019-12-01 02:14:00,3.923,3.925,3.923,3.924,1017.42899
2019-12-01 02:13:00,3.925,3.926,3.924,3.924,1527.71603
2019-12-01 02:12:00,3.925,3.925,3.924,3.924,734.32373
2019-12-01 02:11:00,3.93,3.93,3.925,3.925,606.08945
2019-12-01 02:10:00,3.929,3.931,3.928,3.931,3263.52487
2019-12-01 02:09:00,3.931,3.931,3.93,3.93,2740.45105
2019-12-01 02:08:00,3.931,3.931,3.929,3.931,2822.06538
2019-12-01 02:07:00,3.933,3.933,3.931,3.931,350.63625
2019-12-01 02:06:00,3.933,3.933,3.931,3.933,1948.59972
2019-12-01 02:05:00,3.935,3.935,3.933,3.933,439.9267
2019-12-01 02:04:00,3.933,3.937,3.933,3.935,2414.05055
2019-12-01 02:03:00,3.932,3.937,3.931,3.933,3302.45187
2019-12-01 02:02:00,3.93,3.933,3.929,3.931,3387.68179
2019-12-01 02:01:00,3.929,3.931,3.929,3.93,1746.81364
2019-12-01 02:00:00,3.926,3.927,3.926,3.927,83.96574
2019-12-01 01:59:00,3.924,3.925,3.924,3.925,202.92065
2019-12-01 01:58:00,3.924,3.925,3.923,3.924,2254.10038
2019-12-01 01:57:00,3.925,3.926,3.923,3.926,1073.79951
2019-12-01 01:56:00,3.925,3.926,3.923,3.926,1727.03383
2019-12-01 01:55:00,3.921,3.926,3.92,3.926,4179.20388
2019-12-01 01:54:00,3.927,3.927,3.919,3.921,2574.16371
2019-12-01 01:53:00,3.923,3.927,3.923,3.927,1544.86541
2019-12-01 01:52:00,3.928,3.928,3.921,3.924,4650.89999
2019-12-01 01:51:00,3.924,3.931,3.924,3.928,4949.00657
2019-12-01 01:50:00,3.923,3.925,3.918,3.924,4587.31844
2019-12-01 01:49:00,3.924,3.925,3.918,3.925,4261.07643
2019-12-01 01:48:00,3.928,3.928,3.92,3.923,6440.08189
2019-12-01 01:47:00,3.918,3.93,3.916,3.928,12886.17387
2019-12-01 01:46:00,3.923,3.923,3.907,3.918,6333.81198
2019-12-01 01:45:00,3.924,3.93,3.924,3.926,2227.09298
2019-12-01 01:44:00,3.921,3.928,3.92,3.925,3327.60772
2019-12-01 01:43:00,3.938,3.938,3.922,3.923,5811.71744
2019-12-01 01:42:00,3.938,3.945,3.938,3.938,2848.08144
2019-12-01 01:41:00,3.94,3.94,3.933,3.937,7189.8406
2019-12-01 01:40:00,3.947,3.948,3.94,3.94,2256.46209
2019-12-01 01:39:00,3.951,3.951,3.947,3.948,2124.84685
2019-12-01 01:38:00,3.953,3.953,3.952,3.952,420.89551
2019-12-01 01:37:00,3.953,3.954,3.953,3.954,185.10239
2019-12-01 01:36:00,3.951,3.953,3.951,3.952,1845.34595
2019-12-01 01:35:00,3.949,3.951,3.949,3.951,52.1517
2019-12-01 01:34:00,3.947,3.949,3.947,3.949,107.06947
2019-12-01 01:33:00,3.946,3.947,3.946,3.947,1853.65544
2019-12-01 01:32:00,3.944,3.945,3.944,3.945,688.82953
2019-12-01 01:31:00,3.942,3.944,3.942,3.944,1060.05374
2019-12-01 01:30:00,3.944,3.944,3.941,3.941,1143.49284
2019-12-01 01:29:00,3.943,3.944,3.942,3.943,2346.12881
2019-12-01 01:28:00,3.945,3.945,3.945,3.945,1002.09851
2019-12-01 01:27:00,3.945,3.945,3.945,3.945,2440.1808
2019-12-01 01:26:00,3.945,3.945,3.945,3.945,3251.41851
2019-12-01 01:25:00,3.946,3.946,3.946,3.946,3375.56594
2019-12-01 01:24:00,3.948,3.948,3.947,3.947,3497.35037
2019-12-01 01:23:00,3.946,3.947,3.945,3.946,1715.1386
2019-12-01 01:22:00,3.95,3.95,3.945,3.946,3066.39943
2019-12-01 01:21:00,3.95,3.951,3.949,3.949,1800.3341
2019-12-01 01:20:00,3.953,3.954,3.95,3.95,1083.57192
2019-12-01 01:19:00,3.953,3.955,3.953,3.953,2993.30248
2019-12-01 01:18:00,3.954,3.954,3.953,3.954,1461.46797
2019-12-01 01:17:00,3.954,3.954,3.954,3.954,1447.98783
2019-12-01 01:16:00,3.955,3.955,3.953,3.953,838.52767
2019-12-01 01:15:00,3.95,3.95,3.95,3.95,0
2019-12-01 01:14:00,3.95,3.95,3.95,3.95,0.95208
2019-12-01 01:13:00,3.95,3.95,3.95,3.95,1.08971
2019-12-01 01:12:00,3.951,3.951,3.951,3.951,2237.29933
2019-12-01 01:11:00,3.951,3.952,3.951,3.951,653.19756
2019-12-01 01:10:00,3.953,3.954,3.951,3.952,1229.71154
2019-12-01 01:09:00,3.956,3.956,3.952,3.954,2645.22943
2019-12-01 01:08:00,3.955,3.957,3.955,3.957,1902.25078
2019-12-01 01:07:00,3.957,3.957,3.955,3.955,1570.59583
2019-12-01 01:06:00,3.958,3.958,3.955,3.957,535.51781
2019-12-01 01:05:00,3.965,3.965,3.96,3.96,4256.46639
2019-12-01 01:04:00,3.966,3.966,3.965,3.965,2082.76958
2019-12-01 01:03:00,3.964,3.964,3.964,3.964,255.5101
2019-12-01 01:02:00,3.96,3.963,3.96,3.963,35.99482
2019-12-01 01:01:00,3.961,3.961,3.96,3.96,668.95758
2019-12-01 01:00:00,3.962,3.962,3.96,3.961,1017.88521
2019-12-01 00:59:00,3.959,3.962,3.959,3.962,2557.09397
2019-12-01 00:58:00,3.958,3.958,3.958,3.958,0
2019-12-01 00:57:00,3.958,3.958,3.958,3.958,213.27888
2019-12-01 00:56:00,3.959,3.959,3.959,3.959,0
2019-12-01 00:55:00,3.959,3.959,3.959,3.959,0
2019-12-01 00:54:00,3.961,3.961,3.959,3.959,3248.07825
2019-12-01 00:53:00,3.961,3.962,3.96,3.962,4542.99866
2019-12-01 00:52:00,3.96,3.96,3.959,3.959,212.30003
2019-12-01 00:51:00,3.96,3.96,3.96,3.96,1594.74832
2019-12-01 00:50:00,3.961,3.961,3.958,3.959,2161.74843
2019-12-01 00:49:00,3.961,3.961,3.961,3.961,2584.65597
2019-12-01 00:48:00,3.962,3.962,3.962,3.962,0
2019-12-01 00:47:00,3.962,3.962,3.962,3.962,330.76225
2019-12-01 00:46:00,3.962,3.962,3.962,3.962,0
2019-12-01 00:45:00,3.962,3.962,3.962,3.962,2119.27835
2019-12-01 00:44:00,3.962,3.963,3.962,3.962,513.58902
2019-12-01 00:43:00,3.962,3.962,3.962,3.962,225.43398
2019-12-01 00:42:00,3.962,3.963,3.962,3.963,638.74722
2019-12-01 00:41:00,3.962,3.962,3.962,3.962,35.40361
2019-12-01 00:40:00,3.96,3.96,3.96,3.96,0
2019-12-01 00:39:00,3.96,3.96,3.96,3.96,0
2019-12-01 00:38:00,3.96,3.96,3.96,3.96,35.08713
2019-12-01 00:37:00,3.96,3.96,3.96,3.96,794.7075
2019-12-01 00:36:00,3.96,3.96,3.96,3.96,1196.57512
2019-12-01 00:35:00,3.96,3.96,3.96,3.96,464.52778
2019-12-01 00:34:00,3.959,3.96,3.959,3.96,2106.1994
2019-12-01 00:33:00,3.961,3.961,3.958,3.958,1017.12978
2019-12-01 00:32:00,3.963,3.963,3.958,3.961,1902.18199
2019-12-01 00:31:00,3.965,3.965,3.96,3.963,2655.60614
2019-12-01 00:30:00,3.968,3.97,3.966,3.966,2070.44109
2019-12-01 00:29:00,3.969,3.971,3.966,3.968,4012.15565
2019-12-01 00:28:00,3.967,3.969,3.967,3.969,2296.78759
2019-12-01 00:27:00,3.968,3.968,3.966,3.967,2281.52364
2019-12-01 00:26:00,3.97,3.97,3.967,3.967,2361.67725
2019-12-01 00:25:00,3.973,3.973,3.969,3.969,4560.88475
2019-12-01 00:24:00,3.971,3.973,3.971,3.973,477.40422
2019-12-01 00:23:00,3.972,3.972,3.971,3.971,794.72075
2019-12-01 00:22:00,3.972,3.972,3.972,3.972,219.4343
2019-12-01 00:21:00,3.972,3.973,3.972,3.972,636.20703
2019-12-01 00:20:00,3.974,3.974,3.972,3.972,861.73535
2019-12-01 00:19:00,3.974,3.974,3.972,3.974,2762.4818
2019-12-01 00:18:00,3.974,3.975,3.974,3.974,375.10629
2019-12-01 00:17:00,3.97,3.973,3.97,3.973,2026.74236
2019-12-01 00:16:00,3.96,3.97,3.96,3.97,3956.40574
2019-12-01 00:15:00,3.958,3.96,3.958,3.96,1034.32833
2019-12-01 00:14:00,3.96,3.961,3.957,3.958,1046.71738
2019-12-01 00:13:00,3.961,3.961,3.96,3.96,1915.46446
2019-12-01 00:12:00,3.958,3.961,3.958,3.961,1575.0526
2019-12-01 00:11:00,3.961,3.961,3.957,3.957,1549.68891
2019-12-01 00:10:00,3.96,3.961,3.957,3.961,684.33197
2019-12-01 00:09:00,3.961,3.962,3.958,3.96,1673.1282
2019-12-01 00:08:00,3.953,3.964,3.953,3.96,3275.95438
2019-12-01 00:07:00,3.95,3.953,3.95,3.953,1709.07487
2019-12-01 00:06:00,3.949,3.954,3.949,3.95,4297.6196
2019-12-01 00:05:00,3.959,3.959,3.951,3.952,3328.45264
2019-12-01 00:04:00,3.938,3.958,3.938,3.957,8638.5214
2019-12-01 00:03:00,3.933,3.938,3.931,3.938,3329.74126
2019-12-01 00:02:00,3.937,3.937,3.93,3.932,2715.12883
2019-12-01 00:01:00,3.938,3.939,3.937,3.938,2299.05526
2019-12-01 00:00:00,3.942,3.942,3.936,3.939,158.87015
