2019-12-13 23:59:00,3.871,3.871,3.871,3.871,0.03435
2019-12-13 23:58:00,3.872,3.872,3.872,3.872,464.46928
2019-12-13 23:57:00,3.871,3.871,3.871,3.871,8.7931
2019-12-13 23:56:00,3.871,3.871,3.871,3.871,41.62695
2019-12-13 23:55:00,3.874,3.874,3.87,3.871,1394.82881
2019-12-13 23:54:00,3.872,3.874,3.871,3.874,1391.19275
2019-12-13 23:53:00,3.872,3.872,3.872,3.872,1.13069
2019-12-13 23:52:00,3.872,3.872,3.872,3.872,0.4399
2019-12-13 23:51:00,3.872,3.872,3.872,3.872,0.75363
2019-12-13 23:50:00,3.872,3.872,3.872,3.872,0.21235
2019-12-13 23:49:00,3.871,3.871,3.871,3.871,287.95062
2019-12-13 23:48:00,3.872,3.872,3.872,3.872,4.79192
2019-12-13 23:47:00,3.871,3.872,3.871,3.872,1661.96725
2019-12-13 23:46:00,3.871,3.871,3.871,3.871,0
2019-12-13 23:45:00,3.871,3.871,3.871,3.871,0
2019-12-13 23:44:00,3.871,3.871,3.871,3.871,16.16423
2019-12-13 23:43:00,3.872,3.872,3.87,3.871,72.11012
2019-12-13 23:42:00,3.872,3.872,3.872,3.872,12.34971
2019-12-13 23:41:00,3.871,3.871,3.871,3.871,0
2019-12-13 23:40:00,3.871,3.871,3.871,3.871,22.3507
2019-12-13 23:39:00,3.872,3.872,3.871,3.871,69.06188
2019-12-13 23:38:00,3.872,3.872,3.872,3.872,0.39654
2019-12-13 23:37:00,3.872,3.872,3.872,3.872,7.42674
2019-12-13 23:36:00,3.872,3.872,3.872,3.872,0.068
2019-12-13 23:35:00,3.871,3.871,3.871,3.871,0
2019-12-13 23:34:00,3.871,3.871,3.871,3.871,3.89487
2019-12-13 23:33:00,3.875,3.875,3.871,3.871,386.18783
2019-12-13 23:32:00,3.873,3.876,3.873,3.875,3055.43991
2019-12-13 23:31:00,3.873,3.873,3.873,3.873,9.76337
2019-12-13 23:30:00,3.869,3.873,3.869,3.873,123.06856
2019-12-13 23:29:00,3.866,3.87,3.865,3.869,44344.05421
2019-12-13 23:28:00,3.864,3.866,3.864,3.866,6779.35619
2019-12-13 23:27:00,3.863,3.863,3.863,3.863,2.76733
2019-12-13 23:26:00,3.863,3.863,3.863,3.863,3.57432
2019-12-13 23:25:00,3.861,3.863,3.861,3.863,246.29428
2019-12-13 23:24:00,3.861,3.861,3.861,3.861,1.11361
2019-12-13 23:23:00,3.862,3.862,3.862,3.862,0
2019-12-13 23:22:00,3.862,3.862,3.862,3.862,28.22016
2019-12-13 23:21:00,3.863,3.863,3.862,3.862,6.69202
2019-12-13 23:20:00,3.862,3.865,3.862,3.865,54
2019-12-13 23:19:00,3.86,3.862,3.86,3.861,317.2396
2019-12-13 23:18:00,3.861,3.862,3.861,3.862,157.90971
2019-12-13 23:17:00,3.861,3.861,3.861,3.861,137.11282
2019-12-13 23:16:00,3.861,3.862,3.861,3.861,378.26211
2019-12-13 23:15:00,3.863,3.863,3.86,3.86,1305.90899
2019-12-13 23:14:00,3.862,3.866,3.862,3.862,670.25931
2019-12-13 23:13:00,3.862,3.866,3.862,3.862,289.71106
2019-12-13 23:12:00,3.861,3.865,3.861,3.862,1506.49344
2019-12-13 23:11:00,3.862,3.862,3.861,3.861,1.66524
2019-12-13 23:10:00,3.861,3.863,3.861,3.862,177.12903
2019-12-13 23:09:00,3.861,3.862,3.86,3.86,617.50903
2019-12-13 23:08:00,3.856,3.861,3.856,3.861,2525.20881
2019-12-13 23:07:00,3.855,3.858,3.855,3.856,463.1321
2019-12-13 23:06:00,3.856,3.856,3.856,3.856,505.74691
2019-12-13 23:05:00,3.854,3.856,3.854,3.856,1636.48213
2019-12-13 23:04:00,3.855,3.855,3.855,3.855,41.88753
2019-12-13 23:03:00,3.853,3.856,3.853,3.855,1593.74657
2019-12-13 23:02:00,3.853,3.853,3.853,3.853,108.02006
2019-12-13 23:01:00,3.853,3.853,3.853,3.853,47.61994
2019-12-13 23:00:00,3.854,3.854,3.854,3.854,14.71311
2019-12-13 22:59:00,3.855,3.855,3.855,3.855,0.46548
2019-12-13 22:58:00,3.859,3.859,3.855,3.855,347.29004
2019-12-13 22:57:00,3.859,3.859,3.859,3.859,0.08349
2019-12-13 22:56:00,3.859,3.859,3.859,3.859,8.48366
2019-12-13 22:55:00,3.859,3.859,3.859,3.859,0
2019-12-13 22:54:00,3.859,3.859,3.859,3.859,0
2019-12-13 22:53:00,3.859,3.859,3.859,3.859,435.95526
2019-12-13 22:52:00,3.86,3.86,3.86,3.86,0
2019-12-13 22:51:00,3.858,3.862,3.858,3.86,171.52821
2019-12-13 22:50:00,3.858,3.858,3.858,3.858,0
2019-12-13 22:49:00,3.858,3.858,3.858,3.858,0
2019-12-13 22:48:00,3.859,3.859,3.858,3.858,540.93495
2019-12-13 22:47:00,3.859,3.859,3.859,3.859,57.75958
2019-12-13 22:46:00,3.859,3.859,3.859,3.859,0.13119
2019-12-13 22:45:00,3.861,3.861,3.86,3.86,1704.60309
2019-12-13 22:44:00,3.861,3.861,3.86,3.86,117.52015
2019-12-13 22:43:00,3.861,3.863,3.86,3.86,1904.90085
2019-12-13 22:42:00,3.858,3.862,3.858,3.862,844.82925
2019-12-13 22:41:00,3.858,3.859,3.858,3.858,339.15636
2019-12-13 22:40:00,3.858,3.858,3.858,3.858,18.15443
2019-12-13 22:39:00,3.857,3.861,3.857,3.86,479.32276
2019-12-13 22:38:00,3.857,3.857,3.857,3.857,7.21616
2019-12-13 22:37:00,3.858,3.858,3.857,3.857,0.80874
2019-12-13 22:36:00,3.858,3.858,3.858,3.858,0
2019-12-13 22:35:00,3.856,3.858,3.856,3.858,266.8831
2019-12-13 22:34:00,3.856,3.856,3.856,3.856,239.87084
2019-12-13 22:33:00,3.858,3.858,3.856,3.856,2374.24522
2019-12-13 22:32:00,3.86,3.86,3.858,3.858,83.92103
2019-12-13 22:31:00,3.86,3.861,3.86,3.86,864.2837
2019-12-13 22:30:00,3.858,3.861,3.858,3.861,194.46639
2019-12-13 22:29:00,3.858,3.858,3.858,3.858,0
2019-12-13 22:28:00,3.857,3.858,3.857,3.858,21.89029
2019-12-13 22:27:00,3.857,3.857,3.857,3.857,409.27995
2019-12-13 22:26:00,3.856,3.857,3.856,3.857,839.62942
2019-12-13 22:25:00,3.856,3.856,3.856,3.856,3.01665
2019-12-13 22:24:00,3.856,3.856,3.856,3.856,32.29171
2019-12-13 22:23:00,3.856,3.856,3.855,3.856,28.81492
2019-12-13 22:22:00,3.855,3.856,3.855,3.856,1280.46772
2019-12-13 22:21:00,3.855,3.855,3.855,3.855,0.03134
2019-12-13 22:20:00,3.854,3.855,3.854,3.855,24.36019
2019-12-13 22:19:00,3.855,3.855,3.854,3.855,65.00334
2019-12-13 22:18:00,3.857,3.857,3.856,3.856,9.86849
2019-12-13 22:17:00,3.858,3.858,3.858,3.858,3.58267
2019-12-13 22:16:00,3.859,3.859,3.859,3.859,226.98211
2019-12-13 22:15:00,3.863,3.863,3.859,3.86,199.39641
2019-12-13 22:14:00,3.863,3.863,3.862,3.862,4.14337
2019-12-13 22:13:00,3.861,3.863,3.86,3.863,859.34176
2019-12-13 22:12:00,3.861,3.861,3.86,3.861,240.19016
2019-12-13 22:11:00,3.861,3.861,3.861,3.861,1.99259
2019-12-13 22:10:00,3.862,3.862,3.86,3.861,41.66585
2019-12-13 22:09:00,3.862,3.863,3.862,3.863,1249.76576
2019-12-13 22:08:00,3.864,3.865,3.862,3.862,794.10404
2019-12-13 22:07:00,3.865,3.865,3.865,3.865,0.14157
2019-12-13 22:06:00,3.865,3.865,3.865,3.865,3.13057
2019-12-13 22:05:00,3.865,3.865,3.865,3.865,2.99971
2019-12-13 22:04:00,3.865,3.865,3.865,3.865,0.96108
2019-12-13 22:03:00,3.865,3.865,3.865,3.865,0
2019-12-13 22:02:00,3.866,3.866,3.865,3.865,266.10827
2019-12-13 22:01:00,3.866,3.866,3.866,3.866,0.6183
2019-12-13 22:00:00,3.867,3.867,3.865,3.866,3780.22707
2019-12-13 21:59:00,3.868,3.868,3.866,3.867,208.98491
2019-12-13 21:58:00,3.868,3.869,3.867,3.867,242.34623
2019-12-13 21:57:00,3.868,3.869,3.868,3.868,88.08522
2019-12-13 21:56:00,3.868,3.868,3.868,3.868,718.4504
2019-12-13 21:55:00,3.868,3.868,3.867,3.867,191.68991
2019-12-13 21:54:00,3.867,3.868,3.867,3.868,419.81973
2019-12-13 21:53:00,3.867,3.867,3.867,3.867,7.30479
2019-12-13 21:52:00,3.867,3.867,3.867,3.867,0.18619
2019-12-13 21:51:00,3.866,3.866,3.866,3.866,0
2019-12-13 21:50:00,3.866,3.866,3.866,3.866,825.25896
2019-12-13 21:49:00,3.865,3.865,3.865,3.865,0
2019-12-13 21:48:00,3.866,3.866,3.865,3.865,55.45909
2019-12-13 21:47:00,3.866,3.866,3.866,3.866,105.77677
2019-12-13 21:46:00,3.866,3.866,3.866,3.866,181.83885
2019-12-13 21:45:00,3.865,3.865,3.865,3.865,557.04957
2019-12-13 21:44:00,3.865,3.866,3.865,3.866,139.0655
2019-12-13 21:43:00,3.865,3.866,3.865,3.866,1.60475
2019-12-13 21:42:00,3.865,3.865,3.865,3.865,0.02389
2019-12-13 21:41:00,3.865,3.865,3.865,3.865,0.08922
2019-12-13 21:40:00,3.865,3.865,3.865,3.865,0.06393
2019-12-13 21:39:00,3.866,3.866,3.865,3.866,395.44901
2019-12-13 21:38:00,3.866,3.866,3.866,3.866,0.05583
2019-12-13 21:37:00,3.866,3.866,3.866,3.866,0.09828
2019-12-13 21:36:00,3.866,3.866,3.866,3.866,159.65989
2019-12-13 21:35:00,3.867,3.867,3.866,3.866,0.30622
2019-12-13 21:34:00,3.867,3.867,3.866,3.866,0.27432
2019-12-13 21:33:00,3.866,3.867,3.866,3.866,234.87852
2019-12-13 21:32:00,3.867,3.867,3.867,3.867,0
2019-12-13 21:31:00,3.867,3.867,3.867,3.867,0
2019-12-13 21:30:00,3.867,3.867,3.867,3.867,0.18619
2019-12-13 21:29:00,3.867,3.867,3.867,3.867,0
2019-12-13 21:28:00,3.866,3.867,3.866,3.867,24.24646
2019-12-13 21:27:00,3.867,3.867,3.866,3.866,174.59915
2019-12-13 21:26:00,3.867,3.867,3.867,3.867,1.00801
2019-12-13 21:25:00,3.867,3.867,3.867,3.867,0.05596
2019-12-13 21:24:00,3.868,3.868,3.867,3.867,136.18243
2019-12-13 21:23:00,3.869,3.869,3.869,3.869,204.50045
2019-12-13 21:22:00,3.872,3.872,3.868,3.869,2820.42019
2019-12-13 21:21:00,3.874,3.874,3.872,3.872,2584.02021
2019-12-13 21:20:00,3.871,3.874,3.871,3.874,4647.60882
2019-12-13 21:19:00,3.872,3.872,3.871,3.871,43.89132
2019-12-13 21:18:00,3.871,3.872,3.87,3.872,5884.97335
2019-12-13 21:17:00,3.87,3.871,3.868,3.871,2881.18068
2019-12-13 21:16:00,3.871,3.871,3.868,3.87,259.38871
2019-12-13 21:15:00,3.87,3.871,3.87,3.87,199.54157
2019-12-13 21:14:00,3.87,3.87,3.87,3.87,59.45825
2019-12-13 21:13:00,3.871,3.871,3.87,3.87,183.30581
2019-12-13 21:12:00,3.87,3.871,3.87,3.87,1440.60496
2019-12-13 21:11:00,3.87,3.87,3.869,3.869,733.67441
2019-12-13 21:10:00,3.869,3.87,3.867,3.87,178.8622
2019-12-13 21:09:00,3.867,3.869,3.867,3.868,1144.29019
2019-12-13 21:08:00,3.868,3.869,3.867,3.869,250.29722
2019-12-13 21:07:00,3.868,3.869,3.868,3.869,843.42373
2019-12-13 21:06:00,3.868,3.868,3.868,3.868,0.39353
2019-12-13 21:05:00,3.866,3.868,3.866,3.868,3.98976
2019-12-13 21:04:00,3.867,3.867,3.866,3.867,2.61687
2019-12-13 21:03:00,3.867,3.867,3.867,3.867,0.64408
2019-12-13 21:02:00,3.867,3.867,3.864,3.866,1621.14721
2019-12-13 21:01:00,3.867,3.867,3.867,3.867,158.96342
2019-12-13 21:00:00,3.867,3.867,3.867,3.867,1.07654
2019-12-13 20:59:00,3.866,3.867,3.866,3.867,304.33499
2019-12-13 20:58:00,3.865,3.866,3.865,3.866,226.89422
2019-12-13 20:57:00,3.864,3.864,3.864,3.864,130.14055
2019-12-13 20:56:00,3.863,3.864,3.863,3.864,635.0266
2019-12-13 20:55:00,3.863,3.863,3.862,3.863,1775.3013
2019-12-13 20:54:00,3.862,3.864,3.862,3.864,3529.9649
2019-12-13 20:53:00,3.863,3.863,3.863,3.863,0
2019-12-13 20:52:00,3.863,3.863,3.863,3.863,724.2512
2019-12-13 20:51:00,3.863,3.863,3.863,3.863,0
2019-12-13 20:50:00,3.863,3.863,3.863,3.863,0
2019-12-13 20:49:00,3.863,3.863,3.863,3.863,810.61815
2019-12-13 20:48:00,3.863,3.863,3.863,3.863,0
2019-12-13 20:47:00,3.863,3.863,3.863,3.863,1476.37794
2019-12-13 20:46:00,3.864,3.864,3.864,3.864,1241.42085
2019-12-13 20:45:00,3.864,3.864,3.864,3.864,1906.48746
2019-12-13 20:44:00,3.863,3.864,3.863,3.864,1.69823
2019-12-13 20:43:00,3.863,3.864,3.863,3.863,46.59366
2019-12-13 20:42:00,3.863,3.864,3.863,3.864,111.73265
2019-12-13 20:41:00,3.863,3.864,3.863,3.863,512.36651
2019-12-13 20:40:00,3.863,3.863,3.863,3.863,9.24232
2019-12-13 20:39:00,3.863,3.864,3.862,3.862,1021.09263
2019-12-13 20:38:00,3.865,3.865,3.862,3.863,1384.39015
2019-12-13 20:37:00,3.866,3.866,3.864,3.865,877.39283
2019-12-13 20:36:00,3.866,3.866,3.865,3.866,604.75265
2019-12-13 20:35:00,3.865,3.866,3.865,3.866,3670.26442
2019-12-13 20:34:00,3.866,3.866,3.862,3.865,2320.14109
2019-12-13 20:33:00,3.866,3.866,3.866,3.866,0.44271
2019-12-13 20:32:00,3.866,3.866,3.866,3.866,832.36827
2019-12-13 20:31:00,3.866,3.871,3.866,3.866,1293.28634
2019-12-13 20:30:00,3.866,3.866,3.866,3.866,749.29884
2019-12-13 20:29:00,3.863,3.865,3.862,3.865,831.52238
2019-12-13 20:28:00,3.863,3.863,3.863,3.863,12.29511
2019-12-13 20:27:00,3.861,3.862,3.861,3.862,55.97478
2019-12-13 20:26:00,3.859,3.863,3.859,3.862,1437.58763
2019-12-13 20:25:00,3.859,3.86,3.859,3.859,16.67899
2019-12-13 20:24:00,3.861,3.861,3.859,3.86,2026.38025
2019-12-13 20:23:00,3.86,3.861,3.86,3.86,367.34981
2019-12-13 20:22:00,3.863,3.863,3.861,3.861,1604.2132
2019-12-13 20:21:00,3.864,3.864,3.864,3.864,364.094
2019-12-13 20:20:00,3.863,3.867,3.863,3.864,1056.08848
2019-12-13 20:19:00,3.861,3.862,3.861,3.862,125.97287
2019-12-13 20:18:00,3.861,3.861,3.861,3.861,0.05142
2019-12-13 20:17:00,3.861,3.861,3.861,3.861,0
2019-12-13 20:16:00,3.86,3.862,3.86,3.861,75.35641
2019-12-13 20:15:00,3.86,3.86,3.86,3.86,155.9613
2019-12-13 20:14:00,3.859,3.859,3.859,3.859,3.43997
2019-12-13 20:13:00,3.859,3.859,3.858,3.859,104.30883
2019-12-13 20:12:00,3.859,3.859,3.859,3.859,13.91997
2019-12-13 20:11:00,3.861,3.861,3.856,3.856,9000.80215
2019-12-13 20:10:00,3.861,3.863,3.861,3.862,1074.97229
2019-12-13 20:09:00,3.861,3.861,3.861,3.861,0.30567
2019-12-13 20:08:00,3.86,3.863,3.859,3.859,1226.70294
2019-12-13 20:07:00,3.86,3.86,3.859,3.859,767.03633
2019-12-13 20:06:00,3.862,3.862,3.86,3.86,1577.53824
2019-12-13 20:05:00,3.862,3.862,3.861,3.862,478.13941
2019-12-13 20:04:00,3.863,3.864,3.862,3.862,26.93582
2019-12-13 20:03:00,3.864,3.864,3.863,3.863,986.88835
2019-12-13 20:02:00,3.866,3.866,3.864,3.864,565.86085
2019-12-13 20:01:00,3.866,3.868,3.865,3.867,1127.2492
2019-12-13 20:00:00,3.866,3.866,3.866,3.866,0
2019-12-13 19:59:00,3.866,3.866,3.866,3.866,1764.45649
2019-12-13 19:58:00,3.868,3.868,3.867,3.867,684.08042
2019-12-13 19:57:00,3.87,3.87,3.868,3.87,1090.01736
2019-12-13 19:56:00,3.873,3.873,3.871,3.871,232.26059
2019-12-13 19:55:00,3.873,3.874,3.873,3.874,128.57979
2019-12-13 19:54:00,3.875,3.875,3.873,3.874,903.48317
2019-12-13 19:53:00,3.875,3.875,3.875,3.875,0
2019-12-13 19:52:00,3.875,3.875,3.875,3.875,3.7222
2019-12-13 19:51:00,3.875,3.876,3.875,3.876,755.86967
2019-12-13 19:50:00,3.875,3.876,3.874,3.876,2049.96928
2019-12-13 19:49:00,3.874,3.876,3.874,3.875,2436.13326
2019-12-13 19:48:00,3.873,3.875,3.873,3.874,1766.8822
2019-12-13 19:47:00,3.872,3.873,3.872,3.873,409.84208
2019-12-13 19:46:00,3.873,3.873,3.873,3.873,1.6018
2019-12-13 19:45:00,3.873,3.873,3.871,3.873,736.98756
2019-12-13 19:44:00,3.873,3.875,3.873,3.873,665.4936
2019-12-13 19:43:00,3.872,3.873,3.872,3.873,483.7303
2019-12-13 19:42:00,3.872,3.872,3.872,3.872,1.65349
2019-12-13 19:41:00,3.872,3.873,3.871,3.872,463.89747
2019-12-13 19:40:00,3.871,3.872,3.871,3.871,858.70837
2019-12-13 19:39:00,3.871,3.871,3.871,3.871,1.24691
2019-12-13 19:38:00,3.871,3.871,3.871,3.871,0
2019-12-13 19:37:00,3.872,3.872,3.87,3.871,897.46797
2019-12-13 19:36:00,3.871,3.871,3.871,3.871,208.41545
2019-12-13 19:35:00,3.871,3.872,3.871,3.871,713.25388
2019-12-13 19:34:00,3.871,3.871,3.87,3.87,29.36353
2019-12-13 19:33:00,3.87,3.87,3.87,3.87,55.63395
2019-12-13 19:32:00,3.87,3.87,3.87,3.87,0.06297
2019-12-13 19:31:00,3.87,3.87,3.87,3.87,203.8498
2019-12-13 19:30:00,3.87,3.87,3.87,3.87,0.92121
2019-12-13 19:29:00,3.869,3.869,3.869,3.869,200.89973
2019-12-13 19:28:00,3.868,3.869,3.868,3.868,11.83831
2019-12-13 19:27:00,3.868,3.869,3.868,3.868,1.95173
2019-12-13 19:26:00,3.868,3.868,3.868,3.868,0.0686
2019-12-13 19:25:00,3.868,3.869,3.867,3.868,109.73666
2019-12-13 19:24:00,3.87,3.87,3.868,3.868,1114.42708
2019-12-13 19:23:00,3.87,3.871,3.87,3.87,21.99252
2019-12-13 19:22:00,3.87,3.871,3.87,3.87,252.22289
2019-12-13 19:21:00,3.871,3.871,3.87,3.87,130.68215
2019-12-13 19:20:00,3.871,3.871,3.871,3.871,87.76371
2019-12-13 19:19:00,3.871,3.871,3.871,3.871,203.52803
2019-12-13 19:18:00,3.872,3.872,3.871,3.871,772.62418
2019-12-13 19:17:00,3.871,3.871,3.871,3.871,248.04623
2019-12-13 19:16:00,3.871,3.871,3.871,3.871,0.79821
2019-12-13 19:15:00,3.871,3.872,3.871,3.871,709.17675
2019-12-13 19:14:00,3.871,3.872,3.871,3.872,92.68881
2019-12-13 19:13:00,3.871,3.872,3.871,3.872,24.23396
2019-12-13 19:12:00,3.871,3.872,3.871,3.871,19.92716
2019-12-13 19:11:00,3.871,3.872,3.871,3.872,13.72865
2019-12-13 19:10:00,3.872,3.872,3.871,3.872,1.41778
2019-12-13 19:09:00,3.872,3.872,3.871,3.872,1.36587
2019-12-13 19:08:00,3.872,3.872,3.871,3.872,1.72512
2019-12-13 19:07:00,3.872,3.874,3.872,3.872,3056.79112
2019-12-13 19:06:00,3.872,3.872,3.871,3.872,362.31679
2019-12-13 19:05:00,3.872,3.872,3.87,3.871,309.48449
2019-12-13 19:04:00,3.871,3.872,3.871,3.872,0.44377
2019-12-13 19:03:00,3.871,3.872,3.871,3.872,115.79114
2019-12-13 19:02:00,3.871,3.871,3.871,3.871,0
2019-12-13 19:01:00,3.872,3.874,3.871,3.871,619.29037
2019-12-13 19:00:00,3.871,3.874,3.87,3.872,2688.44859
2019-12-13 18:59:00,3.868,3.872,3.867,3.871,2633.85528
2019-12-13 18:58:00,3.867,3.868,3.867,3.868,97.91759
2019-12-13 18:57:00,3.867,3.867,3.867,3.867,52.63838
2019-12-13 18:56:00,3.867,3.867,3.866,3.867,260.25135
2019-12-13 18:55:00,3.867,3.867,3.867,3.867,130.45571
2019-12-13 18:54:00,3.867,3.867,3.866,3.867,1505.69509
2019-12-13 18:53:00,3.867,3.867,3.866,3.867,64.89434
2019-12-13 18:52:00,3.865,3.867,3.865,3.867,1187.97918
2019-12-13 18:51:00,3.864,3.864,3.864,3.864,0
2019-12-13 18:50:00,3.864,3.864,3.864,3.864,0
2019-12-13 18:49:00,3.864,3.865,3.864,3.864,254.05218
2019-12-13 18:48:00,3.865,3.865,3.864,3.864,734.50356
2019-12-13 18:47:00,3.864,3.864,3.864,3.864,0
2019-12-13 18:46:00,3.864,3.864,3.864,3.864,165.4724
2019-12-13 18:45:00,3.864,3.865,3.864,3.864,267.96637
2019-12-13 18:44:00,3.865,3.865,3.864,3.865,522.21355
2019-12-13 18:43:00,3.866,3.866,3.864,3.865,561.4643
2019-12-13 18:42:00,3.867,3.867,3.866,3.866,173.89291
2019-12-13 18:41:00,3.867,3.867,3.867,3.867,2.00274
2019-12-13 18:40:00,3.867,3.868,3.867,3.867,329.62558
2019-12-13 18:39:00,3.869,3.869,3.866,3.866,1358.22481
2019-12-13 18:38:00,3.869,3.869,3.869,3.869,96.34033
2019-12-13 18:37:00,3.871,3.871,3.871,3.871,0
2019-12-13 18:36:00,3.867,3.871,3.867,3.871,415.55854
2019-12-13 18:35:00,3.867,3.867,3.867,3.867,213.75128
2019-12-13 18:34:00,3.866,3.867,3.866,3.867,14.44023
2019-12-13 18:33:00,3.867,3.867,3.865,3.865,280.38124
2019-12-13 18:32:00,3.865,3.867,3.864,3.867,886.51162
2019-12-13 18:31:00,3.862,3.865,3.861,3.864,3071.42317
2019-12-13 18:30:00,3.861,3.862,3.861,3.862,1284.16801
2019-12-13 18:29:00,3.858,3.862,3.857,3.861,536.44872
2019-12-13 18:28:00,3.856,3.857,3.856,3.857,1848.75251
2019-12-13 18:27:00,3.856,3.856,3.856,3.856,6.67332
2019-12-13 18:26:00,3.857,3.858,3.856,3.857,647.45841
2019-12-13 18:25:00,3.859,3.859,3.857,3.857,245.22314
2019-12-13 18:24:00,3.859,3.859,3.858,3.859,261.84245
2019-12-13 18:23:00,3.859,3.859,3.859,3.859,0
2019-12-13 18:22:00,3.859,3.859,3.859,3.859,35.99727
2019-12-13 18:21:00,3.859,3.86,3.858,3.858,902.57505
2019-12-13 18:20:00,3.859,3.86,3.858,3.858,2413.37049
2019-12-13 18:19:00,3.859,3.86,3.859,3.86,0.16765
2019-12-13 18:18:00,3.86,3.86,3.86,3.86,0.09323
2019-12-13 18:17:00,3.858,3.858,3.858,3.858,9.47075
2019-12-13 18:16:00,3.859,3.859,3.858,3.858,268.68972
2019-12-13 18:15:00,3.859,3.859,3.858,3.858,1407.22622
2019-12-13 18:14:00,3.859,3.859,3.858,3.859,1045.40373
2019-12-13 18:13:00,3.857,3.861,3.857,3.859,845.50845
2019-12-13 18:12:00,3.855,3.857,3.855,3.857,1877.32037
2019-12-13 18:11:00,3.853,3.854,3.853,3.854,1102.2818
2019-12-13 18:10:00,3.853,3.853,3.853,3.853,13.91201
2019-12-13 18:09:00,3.852,3.852,3.851,3.852,143.26348
2019-12-13 18:08:00,3.852,3.852,3.852,3.852,1.51142
2019-12-13 18:07:00,3.849,3.852,3.849,3.852,1322.59094
2019-12-13 18:06:00,3.847,3.849,3.847,3.848,376.4296
2019-12-13 18:05:00,3.848,3.848,3.848,3.848,4.3
2019-12-13 18:04:00,3.848,3.849,3.847,3.849,647.18361
2019-12-13 18:03:00,3.848,3.848,3.848,3.848,480.47913
2019-12-13 18:02:00,3.848,3.849,3.847,3.848,6280.60504
2019-12-13 18:01:00,3.847,3.847,3.847,3.847,0.4638
2019-12-13 18:00:00,3.847,3.847,3.847,3.847,1362.7133
2019-12-13 17:59:00,3.848,3.848,3.847,3.847,126.67137
2019-12-13 17:58:00,3.848,3.848,3.848,3.848,134.5578
2019-12-13 17:57:00,3.853,3.853,3.849,3.849,809.41534
2019-12-13 17:56:00,3.853,3.853,3.853,3.853,427.37734
2019-12-13 17:55:00,3.856,3.857,3.854,3.854,1559.78892
2019-12-13 17:54:00,3.855,3.856,3.855,3.855,75.61959
2019-12-13 17:53:00,3.854,3.856,3.854,3.855,835.43066
2019-12-13 17:52:00,3.853,3.854,3.853,3.854,831.19477
2019-12-13 17:51:00,3.847,3.853,3.847,3.853,4544.7872
2019-12-13 17:50:00,3.846,3.847,3.846,3.847,200.62172
2019-12-13 17:49:00,3.848,3.848,3.846,3.846,585.08287
2019-12-13 17:48:00,3.848,3.848,3.847,3.847,1465.7056
2019-12-13 17:47:00,3.849,3.849,3.848,3.848,56.45505
2019-12-13 17:46:00,3.849,3.849,3.849,3.849,0
2019-12-13 17:45:00,3.849,3.849,3.849,3.849,124.53039
2019-12-13 17:44:00,3.848,3.849,3.847,3.848,139.82928
2019-12-13 17:43:00,3.853,3.853,3.846,3.847,137.00221
2019-12-13 17:42:00,3.854,3.856,3.853,3.854,2572.81322
2019-12-13 17:41:00,3.853,3.855,3.853,3.853,732.47783
2019-12-13 17:40:00,3.854,3.856,3.853,3.853,2961.64895
2019-12-13 17:39:00,3.855,3.855,3.855,3.855,1.5366
2019-12-13 17:38:00,3.861,3.861,3.853,3.854,2107.47563
2019-12-13 17:37:00,3.865,3.865,3.861,3.861,231.5564
2019-12-13 17:36:00,3.867,3.867,3.863,3.864,2902.38623
2019-12-13 17:35:00,3.866,3.868,3.866,3.867,223.30942
2019-12-13 17:34:00,3.865,3.866,3.864,3.866,551.32302
2019-12-13 17:33:00,3.863,3.864,3.862,3.864,5154.38014
2019-12-13 17:32:00,3.862,3.863,3.862,3.863,5329.47929
2019-12-13 17:31:00,3.863,3.863,3.861,3.861,1416.58799
2019-12-13 17:30:00,3.862,3.862,3.861,3.862,1333.7127
2019-12-13 17:29:00,3.868,3.868,3.861,3.862,4352.61087
2019-12-13 17:28:00,3.869,3.869,3.868,3.868,2247.29418
2019-12-13 17:27:00,3.867,3.868,3.867,3.868,2605.95946
2019-12-13 17:26:00,3.861,3.867,3.861,3.867,1238.71658
2019-12-13 17:25:00,3.859,3.861,3.859,3.861,993.55771
2019-12-13 17:24:00,3.859,3.859,3.859,3.859,523.1641
2019-12-13 17:23:00,3.858,3.859,3.858,3.859,1287.92384
2019-12-13 17:22:00,3.854,3.858,3.854,3.858,2523.92663
2019-12-13 17:21:00,3.854,3.855,3.854,3.854,148.8235
2019-12-13 17:20:00,3.854,3.855,3.854,3.855,38.15797
2019-12-13 17:19:00,3.855,3.855,3.854,3.854,0.24673
2019-12-13 17:18:00,3.854,3.854,3.854,3.854,0.10701
2019-12-13 17:17:00,3.854,3.855,3.854,3.854,24.59688
2019-12-13 17:16:00,3.856,3.856,3.856,3.856,0
2019-12-13 17:15:00,3.854,3.859,3.854,3.856,6956.61949
2019-12-13 17:14:00,3.856,3.856,3.855,3.855,10.57297
2019-12-13 17:13:00,3.858,3.859,3.856,3.856,40.1142
2019-12-13 17:12:00,3.864,3.865,3.858,3.858,870.03496
2019-12-13 17:11:00,3.865,3.865,3.864,3.864,0.8587
2019-12-13 17:10:00,3.866,3.866,3.863,3.865,4364.09691
2019-12-13 17:09:00,3.866,3.866,3.866,3.866,0.4986
2019-12-13 17:08:00,3.865,3.866,3.865,3.866,0.16165
2019-12-13 17:07:00,3.865,3.865,3.865,3.865,1.34074
2019-12-13 17:06:00,3.866,3.866,3.864,3.865,860.55238
2019-12-13 17:05:00,3.865,3.866,3.865,3.865,1.4607
2019-12-13 17:04:00,3.865,3.866,3.864,3.866,251.89564
2019-12-13 17:03:00,3.864,3.865,3.864,3.864,0.54166
2019-12-13 17:02:00,3.864,3.865,3.864,3.864,0.33343
2019-12-13 17:01:00,3.864,3.864,3.864,3.864,0.2072
2019-12-13 17:00:00,3.864,3.865,3.864,3.864,153.16058
2019-12-13 16:59:00,3.865,3.865,3.865,3.865,0.12224
2019-12-13 16:58:00,3.865,3.867,3.865,3.866,51.75955
2019-12-13 16:57:00,3.866,3.867,3.865,3.865,421.55175
2019-12-13 16:56:00,3.866,3.866,3.866,3.866,0.09547
2019-12-13 16:55:00,3.862,3.867,3.862,3.866,5948.72684
2019-12-13 16:54:00,3.862,3.863,3.862,3.862,194.24845
2019-12-13 16:53:00,3.862,3.863,3.862,3.863,455.03499
2019-12-13 16:52:00,3.862,3.862,3.862,3.862,238.00983
2019-12-13 16:51:00,3.86,3.862,3.86,3.862,2093.38556
2019-12-13 16:50:00,3.861,3.861,3.859,3.86,393.51151
2019-12-13 16:49:00,3.861,3.861,3.861,3.861,17.93873
2019-12-13 16:48:00,3.861,3.864,3.86,3.861,1453.47117
2019-12-13 16:47:00,3.86,3.86,3.86,3.86,1140.81345
2019-12-13 16:46:00,3.86,3.86,3.86,3.86,0
2019-12-13 16:45:00,3.861,3.861,3.86,3.86,1272.35749
2019-12-13 16:44:00,3.86,3.861,3.86,3.861,2.53811
2019-12-13 16:43:00,3.862,3.862,3.86,3.86,298.787
2019-12-13 16:42:00,3.863,3.863,3.862,3.862,1698.75013
2019-12-13 16:41:00,3.865,3.865,3.861,3.863,1071.48558
2019-12-13 16:40:00,3.86,3.867,3.859,3.867,3438.20217
2019-12-13 16:39:00,3.857,3.861,3.855,3.86,1885.22659
2019-12-13 16:38:00,3.858,3.858,3.856,3.857,1847.97335
2019-12-13 16:37:00,3.854,3.857,3.854,3.857,305.79856
2019-12-13 16:36:00,3.855,3.855,3.853,3.853,406.0511
2019-12-13 16:35:00,3.855,3.856,3.853,3.856,2869.63871
2019-12-13 16:34:00,3.855,3.857,3.853,3.855,1183.02641
2019-12-13 16:33:00,3.857,3.857,3.855,3.855,10.08688
2019-12-13 16:32:00,3.857,3.857,3.857,3.857,0.29634
2019-12-13 16:31:00,3.858,3.858,3.857,3.857,78.96635
2019-12-13 16:30:00,3.861,3.861,3.858,3.858,8.84629
2019-12-13 16:29:00,3.86,3.861,3.859,3.861,233.47747
2019-12-13 16:28:00,3.859,3.86,3.859,3.86,321.90455
2019-12-13 16:27:00,3.857,3.859,3.857,3.859,444.6316
2019-12-13 16:26:00,3.857,3.858,3.855,3.857,2126.58251
2019-12-13 16:25:00,3.858,3.858,3.857,3.857,1542.0636
2019-12-13 16:24:00,3.857,3.858,3.856,3.858,1972.83056
2019-12-13 16:23:00,3.858,3.858,3.858,3.858,0
2019-12-13 16:22:00,3.858,3.858,3.858,3.858,161.5782
2019-12-13 16:21:00,3.858,3.858,3.856,3.858,137.52766
2019-12-13 16:20:00,3.858,3.86,3.858,3.859,1599.90662
2019-12-13 16:19:00,3.853,3.859,3.853,3.857,2178.04174
2019-12-13 16:18:00,3.841,3.85,3.841,3.85,8753.21257
2019-12-13 16:17:00,3.835,3.843,3.835,3.842,1959.71572
2019-12-13 16:16:00,3.835,3.835,3.83,3.834,1994.63682
2019-12-13 16:15:00,3.83,3.835,3.829,3.835,6828.98558
2019-12-13 16:14:00,3.837,3.837,3.823,3.829,14016.65306
2019-12-13 16:13:00,3.842,3.845,3.828,3.837,32703.27343
2019-12-13 16:12:00,3.846,3.848,3.838,3.838,8876.39522
2019-12-13 16:11:00,3.848,3.851,3.846,3.847,6707.54959
2019-12-13 16:10:00,3.845,3.851,3.843,3.848,2783.83453
2019-12-13 16:09:00,3.849,3.849,3.843,3.845,3204.75073
2019-12-13 16:08:00,3.855,3.855,3.847,3.85,4444.82566
2019-12-13 16:07:00,3.856,3.857,3.85,3.855,6520.3706
2019-12-13 16:06:00,3.865,3.865,3.854,3.854,7659.50405
2019-12-13 16:05:00,3.866,3.866,3.865,3.865,235.0006
2019-12-13 16:04:00,3.866,3.867,3.866,3.866,3573.50926
2019-12-13 16:03:00,3.87,3.87,3.867,3.867,208.00211
2019-12-13 16:02:00,3.867,3.871,3.867,3.867,2160.49321
2019-12-13 16:01:00,3.872,3.872,3.866,3.868,1550.7013
2019-12-13 16:00:00,3.872,3.873,3.871,3.871,666.08654
2019-12-13 15:59:00,3.869,3.874,3.869,3.871,2664.34685
2019-12-13 15:58:00,3.866,3.867,3.866,3.867,2238.7784
2019-12-13 15:57:00,3.866,3.866,3.866,3.866,3832.64605
2019-12-13 15:56:00,3.865,3.866,3.865,3.866,685.8631
2019-12-13 15:55:00,3.863,3.865,3.863,3.865,205.94767
2019-12-13 15:54:00,3.861,3.863,3.861,3.863,1340.09717
2019-12-13 15:53:00,3.861,3.861,3.861,3.861,0
2019-12-13 15:52:00,3.861,3.861,3.861,3.861,0.15019
2019-12-13 15:51:00,3.86,3.861,3.86,3.861,1972.97454
2019-12-13 15:50:00,3.86,3.861,3.859,3.861,56.30669
2019-12-13 15:49:00,3.86,3.86,3.857,3.86,2464.21206
2019-12-13 15:48:00,3.859,3.862,3.859,3.86,1173.34475
2019-12-13 15:47:00,3.859,3.859,3.859,3.859,77.93888
2019-12-13 15:46:00,3.859,3.859,3.858,3.859,1908.85942
2019-12-13 15:45:00,3.86,3.86,3.86,3.86,0.19585
2019-12-13 15:44:00,3.858,3.859,3.858,3.859,508.8909
2019-12-13 15:43:00,3.859,3.859,3.858,3.858,509.23199
2019-12-13 15:42:00,3.86,3.86,3.857,3.858,1152.92734
2019-12-13 15:41:00,3.857,3.859,3.857,3.859,216.54265
2019-12-13 15:40:00,3.855,3.856,3.855,3.856,1161.02117
2019-12-13 15:39:00,3.855,3.855,3.855,3.855,338.7729
2019-12-13 15:38:00,3.854,3.854,3.854,3.854,18.42276
2019-12-13 15:37:00,3.851,3.853,3.851,3.853,909.31418
2019-12-13 15:36:00,3.851,3.851,3.85,3.85,123.25385
2019-12-13 15:35:00,3.852,3.852,3.852,3.852,154.40346
2019-12-13 15:34:00,3.852,3.852,3.852,3.852,164.88993
2019-12-13 15:33:00,3.851,3.852,3.851,3.852,158.90606
2019-12-13 15:32:00,3.852,3.852,3.852,3.852,73.61803
2019-12-13 15:31:00,3.852,3.852,3.852,3.852,476.9041
2019-12-13 15:30:00,3.853,3.853,3.85,3.851,996.31198
2019-12-13 15:29:00,3.854,3.854,3.853,3.853,361.93163
2019-12-13 15:28:00,3.854,3.855,3.853,3.854,1312.42326
2019-12-13 15:27:00,3.855,3.856,3.854,3.854,1798.97198
2019-12-13 15:26:00,3.854,3.855,3.854,3.855,247.9712
2019-12-13 15:25:00,3.855,3.856,3.853,3.853,1394.96038
2019-12-13 15:24:00,3.856,3.856,3.855,3.856,411.8909
2019-12-13 15:23:00,3.856,3.856,3.856,3.856,286.7579
2019-12-13 15:22:00,3.859,3.859,3.857,3.858,80.02083
2019-12-13 15:21:00,3.859,3.859,3.859,3.859,144.58101
2019-12-13 15:20:00,3.86,3.861,3.859,3.859,4121.52216
2019-12-13 15:19:00,3.855,3.86,3.855,3.859,4666.47789
2019-12-13 15:18:00,3.854,3.854,3.854,3.854,164.49225
2019-12-13 15:17:00,3.851,3.855,3.851,3.854,4895.73893
2019-12-13 15:16:00,3.845,3.849,3.845,3.849,220.82319
2019-12-13 15:15:00,3.845,3.845,3.845,3.845,703.61166
2019-12-13 15:14:00,3.844,3.845,3.844,3.845,78.42499
2019-12-13 15:13:00,3.842,3.843,3.841,3.843,957.45228
2019-12-13 15:12:00,3.841,3.843,3.841,3.842,1558.32484
2019-12-13 15:11:00,3.839,3.841,3.839,3.841,799.9533
2019-12-13 15:10:00,3.839,3.839,3.839,3.839,420.93058
2019-12-13 15:09:00,3.838,3.838,3.838,3.838,217.4393
2019-12-13 15:08:00,3.836,3.839,3.836,3.838,337.23434
2019-12-13 15:07:00,3.836,3.836,3.836,3.836,62.01899
2019-12-13 15:06:00,3.836,3.836,3.835,3.836,1445.90237
2019-12-13 15:05:00,3.835,3.835,3.835,3.835,652.70293
2019-12-13 15:04:00,3.834,3.835,3.833,3.835,2319.10223
2019-12-13 15:03:00,3.834,3.834,3.834,3.834,1272.70817
2019-12-13 15:02:00,3.835,3.835,3.834,3.834,3.00232
2019-12-13 15:01:00,3.834,3.836,3.834,3.835,266.51307
2019-12-13 15:00:00,3.834,3.834,3.833,3.833,389.77739
2019-12-13 14:59:00,3.836,3.836,3.836,3.836,0
2019-12-13 14:58:00,3.836,3.836,3.836,3.836,0.89208
2019-12-13 14:57:00,3.835,3.835,3.835,3.835,92.97465
2019-12-13 14:56:00,3.835,3.835,3.835,3.835,0
2019-12-13 14:55:00,3.835,3.835,3.835,3.835,0
2019-12-13 14:54:00,3.835,3.835,3.835,3.835,0.19634
2019-12-13 14:53:00,3.834,3.835,3.834,3.835,849.22594
2019-12-13 14:52:00,3.834,3.834,3.834,3.834,1.23132
2019-12-13 14:51:00,3.836,3.836,3.835,3.835,66.50477
2019-12-13 14:50:00,3.836,3.836,3.836,3.836,251.7025
2019-12-13 14:49:00,3.836,3.836,3.836,3.836,182.87009
2019-12-13 14:48:00,3.836,3.837,3.836,3.836,1763.65623
2019-12-13 14:47:00,3.838,3.838,3.835,3.836,1219.78321
2019-12-13 14:46:00,3.838,3.838,3.838,3.838,0
2019-12-13 14:45:00,3.838,3.838,3.838,3.838,239.35695
2019-12-13 14:44:00,3.838,3.838,3.838,3.838,2.09067
2019-12-13 14:43:00,3.837,3.838,3.837,3.838,672.12123
2019-12-13 14:42:00,3.834,3.839,3.834,3.837,449.02023
2019-12-13 14:41:00,3.834,3.835,3.834,3.834,188.31236
2019-12-13 14:40:00,3.833,3.835,3.833,3.835,1553.06623
2019-12-13 14:39:00,3.834,3.834,3.833,3.833,1226.4401
2019-12-13 14:38:00,3.835,3.835,3.835,3.835,21.57079
2019-12-13 14:37:00,3.833,3.834,3.833,3.834,103.7856
2019-12-13 14:36:00,3.833,3.833,3.833,3.833,3.03082
2019-12-13 14:35:00,3.833,3.833,3.833,3.833,2.42842
2019-12-13 14:34:00,3.833,3.833,3.833,3.833,2.88792
2019-12-13 14:33:00,3.833,3.833,3.833,3.833,1.17275
2019-12-13 14:32:00,3.834,3.834,3.833,3.833,31.98977
2019-12-13 14:31:00,3.835,3.835,3.833,3.833,2008.15957
2019-12-13 14:30:00,3.835,3.835,3.834,3.835,948.20312
2019-12-13 14:29:00,3.835,3.835,3.835,3.835,1199.66502
2019-12-13 14:28:00,3.835,3.835,3.835,3.835,1824.93279
2019-12-13 14:27:00,3.835,3.835,3.835,3.835,920.50924
2019-12-13 14:26:00,3.835,3.835,3.835,3.835,97.87099
2019-12-13 14:25:00,3.834,3.834,3.834,3.834,0
2019-12-13 14:24:00,3.834,3.834,3.834,3.834,0
2019-12-13 14:23:00,3.834,3.834,3.834,3.834,0
2019-12-13 14:22:00,3.835,3.835,3.834,3.834,3135.67522
2019-12-13 14:21:00,3.835,3.835,3.835,3.835,1553.34686
2019-12-13 14:20:00,3.835,3.835,3.834,3.835,2597.08825
2019-12-13 14:19:00,3.835,3.835,3.835,3.835,801.32788
2019-12-13 14:18:00,3.836,3.836,3.836,3.836,0.1785
2019-12-13 14:17:00,3.838,3.838,3.836,3.837,1622.30428
2019-12-13 14:16:00,3.839,3.84,3.836,3.836,2089.0831
2019-12-13 14:15:00,3.838,3.839,3.838,3.839,1712.3973
2019-12-13 14:14:00,3.84,3.84,3.838,3.838,1153.69825
2019-12-13 14:13:00,3.841,3.843,3.839,3.839,375.19898
2019-12-13 14:12:00,3.84,3.841,3.84,3.841,1028.06678
2019-12-13 14:11:00,3.84,3.84,3.84,3.84,5.28267
2019-12-13 14:10:00,3.84,3.84,3.84,3.84,4.96569
2019-12-13 14:09:00,3.84,3.84,3.84,3.84,3.60072
2019-12-13 14:08:00,3.84,3.84,3.84,3.84,89.11444
2019-12-13 14:07:00,3.84,3.84,3.84,3.84,3.59837
2019-12-13 14:06:00,3.84,3.84,3.84,3.84,5.57863
2019-12-13 14:05:00,3.84,3.84,3.839,3.84,33.71953
2019-12-13 14:04:00,3.84,3.84,3.839,3.84,3.8009
2019-12-13 14:03:00,3.84,3.84,3.839,3.839,8.31154
2019-12-13 14:02:00,3.836,3.84,3.836,3.839,1108.75005
2019-12-13 14:01:00,3.834,3.836,3.834,3.836,131.96322
2019-12-13 14:00:00,3.831,3.834,3.831,3.834,7493.41544
2019-12-13 13:59:00,3.831,3.831,3.831,3.831,298.14755
2019-12-13 13:58:00,3.831,3.831,3.83,3.83,2721.09867
2019-12-13 13:57:00,3.831,3.831,3.831,3.831,31.44868
2019-12-13 13:56:00,3.833,3.833,3.832,3.832,1150.41842
2019-12-13 13:55:00,3.832,3.833,3.832,3.833,586.09744
2019-12-13 13:54:00,3.833,3.833,3.833,3.833,0.19697
2019-12-13 13:53:00,3.833,3.833,3.833,3.833,65.53871
2019-12-13 13:52:00,3.833,3.833,3.833,3.833,0
2019-12-13 13:51:00,3.836,3.836,3.832,3.833,461.17576
2019-12-13 13:50:00,3.837,3.837,3.836,3.836,1137.56395
2019-12-13 13:49:00,3.837,3.837,3.837,3.837,704.70625
2019-12-13 13:48:00,3.836,3.838,3.836,3.838,591.60818
2019-12-13 13:47:00,3.835,3.836,3.835,3.836,2887.4456
2019-12-13 13:46:00,3.835,3.835,3.835,3.835,100
2019-12-13 13:45:00,3.835,3.835,3.835,3.835,0
2019-12-13 13:44:00,3.833,3.835,3.832,3.835,1378.05927
2019-12-13 13:43:00,3.833,3.833,3.832,3.832,1877.90599
2019-12-13 13:42:00,3.834,3.834,3.833,3.833,241.11957
2019-12-13 13:41:00,3.833,3.834,3.833,3.833,490.43776
2019-12-13 13:40:00,3.833,3.833,3.832,3.833,5.36182
2019-12-13 13:39:00,3.833,3.833,3.833,3.833,0.1578
2019-12-13 13:38:00,3.831,3.831,3.831,3.831,0
2019-12-13 13:37:00,3.831,3.831,3.831,3.831,0
2019-12-13 13:36:00,3.831,3.831,3.831,3.831,548.23081
2019-12-13 13:35:00,3.83,3.831,3.83,3.83,11.08545
2019-12-13 13:34:00,3.831,3.831,3.831,3.831,0
2019-12-13 13:33:00,3.831,3.831,3.831,3.831,0
2019-12-13 13:32:00,3.831,3.831,3.831,3.831,0
2019-12-13 13:31:00,3.831,3.831,3.831,3.831,0
2019-12-13 13:30:00,3.831,3.831,3.831,3.831,23.97841
2019-12-13 13:29:00,3.831,3.832,3.831,3.832,1051.35438
2019-12-13 13:28:00,3.831,3.831,3.831,3.831,0
2019-12-13 13:27:00,3.831,3.831,3.831,3.831,0
2019-12-13 13:26:00,3.831,3.831,3.831,3.831,64.22472
2019-12-13 13:25:00,3.831,3.831,3.831,3.831,0.38286
2019-12-13 13:24:00,3.833,3.833,3.831,3.831,1497.79203
2019-12-13 13:23:00,3.833,3.834,3.833,3.834,214.93721
2019-12-13 13:22:00,3.833,3.833,3.833,3.833,7.29197
2019-12-13 13:21:00,3.834,3.834,3.833,3.833,2423.11313
2019-12-13 13:20:00,3.833,3.833,3.833,3.833,0
2019-12-13 13:19:00,3.833,3.834,3.833,3.833,502.68242
2019-12-13 13:18:00,3.833,3.833,3.833,3.833,0
2019-12-13 13:17:00,3.833,3.833,3.833,3.833,0
2019-12-13 13:16:00,3.833,3.833,3.833,3.833,1634.33394
2019-12-13 13:15:00,3.833,3.833,3.833,3.833,2532.15358
2019-12-13 13:14:00,3.832,3.833,3.831,3.833,2166.19984
2019-12-13 13:13:00,3.833,3.833,3.832,3.832,1740.22305
2019-12-13 13:12:00,3.834,3.834,3.832,3.832,680.12674
2019-12-13 13:11:00,3.835,3.835,3.834,3.834,196.31917
2019-12-13 13:10:00,3.836,3.836,3.835,3.835,223.30314
2019-12-13 13:09:00,3.836,3.837,3.836,3.836,231.05193
2019-12-13 13:08:00,3.838,3.84,3.837,3.837,1648.15449
2019-12-13 13:07:00,3.839,3.839,3.838,3.838,6.01765
2019-12-13 13:06:00,3.841,3.841,3.839,3.839,1756.63986
2019-12-13 13:05:00,3.841,3.841,3.841,3.841,660.63336
2019-12-13 13:04:00,3.841,3.841,3.841,3.841,4.43412
2019-12-13 13:03:00,3.841,3.842,3.84,3.842,1639.763
2019-12-13 13:02:00,3.84,3.841,3.84,3.841,291.90818
2019-12-13 13:01:00,3.837,3.842,3.837,3.84,5437.71921
2019-12-13 13:00:00,3.834,3.838,3.832,3.837,2326.10466
2019-12-13 12:59:00,3.836,3.836,3.836,3.836,0
2019-12-13 12:58:00,3.837,3.837,3.836,3.836,1458.39953
2019-12-13 12:57:00,3.838,3.838,3.837,3.837,1080.38612
2019-12-13 12:56:00,3.838,3.838,3.838,3.838,1187.88335
2019-12-13 12:55:00,3.84,3.84,3.839,3.839,196.0859
2019-12-13 12:54:00,3.84,3.84,3.84,3.84,192.98177
2019-12-13 12:53:00,3.839,3.839,3.839,3.839,0
2019-12-13 12:52:00,3.839,3.839,3.839,3.839,442.37986
2019-12-13 12:51:00,3.839,3.839,3.839,3.839,2076.98026
2019-12-13 12:50:00,3.839,3.84,3.839,3.84,188.11355
2019-12-13 12:49:00,3.84,3.84,3.84,3.84,0
2019-12-13 12:48:00,3.839,3.84,3.839,3.84,952.33716
2019-12-13 12:47:00,3.839,3.839,3.839,3.839,1.84932
2019-12-13 12:46:00,3.838,3.838,3.838,3.838,0
2019-12-13 12:45:00,3.834,3.838,3.834,3.838,505.2551
2019-12-13 12:44:00,3.834,3.834,3.833,3.834,124.9831
2019-12-13 12:43:00,3.834,3.834,3.834,3.834,7.26102
2019-12-13 12:42:00,3.834,3.834,3.834,3.834,10.57813
2019-12-13 12:41:00,3.834,3.834,3.834,3.834,11.01162
2019-12-13 12:40:00,3.834,3.834,3.834,3.834,2.21005
2019-12-13 12:39:00,3.834,3.834,3.834,3.834,2.2002
2019-12-13 12:38:00,3.833,3.833,3.833,3.833,0
2019-12-13 12:37:00,3.833,3.833,3.833,3.833,0
2019-12-13 12:36:00,3.834,3.834,3.833,3.833,28.15188
2019-12-13 12:35:00,3.835,3.835,3.835,3.835,35.61326
2019-12-13 12:34:00,3.838,3.838,3.836,3.836,734.74063
2019-12-13 12:33:00,3.84,3.84,3.838,3.838,154.11912
2019-12-13 12:32:00,3.844,3.844,3.84,3.84,127.9536
2019-12-13 12:31:00,3.845,3.845,3.844,3.844,408.04678
2019-12-13 12:30:00,3.846,3.846,3.845,3.845,754.51787
2019-12-13 12:29:00,3.847,3.847,3.846,3.846,405.06121
2019-12-13 12:28:00,3.847,3.847,3.847,3.847,0.02008
2019-12-13 12:27:00,3.847,3.847,3.847,3.847,44.32762
2019-12-13 12:26:00,3.847,3.847,3.847,3.847,0.1538
2019-12-13 12:25:00,3.847,3.847,3.847,3.847,0.01089
2019-12-13 12:24:00,3.846,3.846,3.846,3.846,173.97349
2019-12-13 12:23:00,3.842,3.846,3.842,3.846,195.4487
2019-12-13 12:22:00,3.842,3.842,3.842,3.842,0.05487
2019-12-13 12:21:00,3.842,3.842,3.842,3.842,124.19956
2019-12-13 12:20:00,3.842,3.842,3.842,3.842,0.01
2019-12-13 12:19:00,3.84,3.84,3.84,3.84,0.05508
2019-12-13 12:18:00,3.84,3.84,3.84,3.84,0.01
2019-12-13 12:17:00,3.84,3.84,3.84,3.84,0
2019-12-13 12:16:00,3.84,3.84,3.84,3.84,0
2019-12-13 12:15:00,3.84,3.84,3.84,3.84,0
2019-12-13 12:14:00,3.839,3.84,3.839,3.84,5.10815
2019-12-13 12:13:00,3.839,3.839,3.839,3.839,4.49556
2019-12-13 12:12:00,3.84,3.84,3.837,3.839,1766.41509
2019-12-13 12:11:00,3.841,3.841,3.838,3.84,2368.63072
2019-12-13 12:10:00,3.841,3.841,3.841,3.841,16.24163
2019-12-13 12:09:00,3.841,3.841,3.841,3.841,35.44815
2019-12-13 12:08:00,3.841,3.842,3.841,3.842,5.34227
2019-12-13 12:07:00,3.841,3.841,3.841,3.841,0.62187
2019-12-13 12:06:00,3.84,3.841,3.84,3.841,275.51252
2019-12-13 12:05:00,3.84,3.84,3.84,3.84,0.59667
2019-12-13 12:04:00,3.84,3.84,3.84,3.84,0.24212
2019-12-13 12:03:00,3.841,3.841,3.84,3.84,0.02616
2019-12-13 12:02:00,3.842,3.842,3.84,3.841,797.87283
2019-12-13 12:01:00,3.841,3.841,3.841,3.841,0
2019-12-13 12:00:00,3.84,3.841,3.84,3.841,158.14185
2019-12-13 11:59:00,3.84,3.84,3.84,3.84,0.17053
2019-12-13 11:58:00,3.84,3.84,3.84,3.84,2.75473
2019-12-13 11:57:00,3.84,3.841,3.84,3.841,222.5236
2019-12-13 11:56:00,3.84,3.84,3.84,3.84,0
2019-12-13 11:55:00,3.839,3.84,3.839,3.84,180.81336
2019-12-13 11:54:00,3.837,3.838,3.837,3.838,4.94298
2019-12-13 11:53:00,3.838,3.838,3.838,3.838,20.49843
2019-12-13 11:52:00,3.838,3.838,3.838,3.838,0
2019-12-13 11:51:00,3.838,3.838,3.838,3.838,0
2019-12-13 11:50:00,3.838,3.838,3.838,3.838,0
2019-12-13 11:49:00,3.838,3.838,3.838,3.838,1579.70724
2019-12-13 11:48:00,3.839,3.839,3.838,3.838,1096.10831
2019-12-13 11:47:00,3.839,3.841,3.836,3.841,1972.34025
2019-12-13 11:46:00,3.84,3.84,3.84,3.84,0
2019-12-13 11:45:00,3.84,3.84,3.84,3.84,0
2019-12-13 11:44:00,3.839,3.84,3.838,3.84,730.40688
2019-12-13 11:43:00,3.834,3.838,3.834,3.838,3415.60863
2019-12-13 11:42:00,3.832,3.834,3.831,3.834,131.47698
2019-12-13 11:41:00,3.831,3.832,3.831,3.832,35.21167
2019-12-13 11:40:00,3.831,3.831,3.831,3.831,1.14402
2019-12-13 11:39:00,3.829,3.833,3.828,3.831,6328.18629
2019-12-13 11:38:00,3.829,3.829,3.828,3.829,1.62346
2019-12-13 11:37:00,3.829,3.829,3.828,3.829,1.70816
2019-12-13 11:36:00,3.829,3.829,3.828,3.829,12.70666
2019-12-13 11:35:00,3.827,3.829,3.827,3.829,882.29632
2019-12-13 11:34:00,3.827,3.827,3.827,3.827,0.74004
2019-12-13 11:33:00,3.825,3.829,3.825,3.827,2046.13831
2019-12-13 11:32:00,3.826,3.826,3.825,3.825,1067.42638
2019-12-13 11:31:00,3.826,3.826,3.824,3.825,1263.50858
2019-12-13 11:30:00,3.826,3.826,3.826,3.826,0
2019-12-13 11:29:00,3.826,3.826,3.826,3.826,7.2883
2019-12-13 11:28:00,3.826,3.826,3.826,3.826,0.5
2019-12-13 11:27:00,3.825,3.826,3.825,3.825,3.50987
2019-12-13 11:26:00,3.825,3.825,3.825,3.825,0
2019-12-13 11:25:00,3.825,3.825,3.825,3.825,71.33845
2019-12-13 11:24:00,3.826,3.826,3.826,3.826,120.84909
2019-12-13 11:23:00,3.824,3.824,3.824,3.824,0
2019-12-13 11:22:00,3.824,3.824,3.824,3.824,626.46721
2019-12-13 11:21:00,3.821,3.823,3.821,3.823,301.69903
2019-12-13 11:20:00,3.821,3.822,3.82,3.821,351.30481
2019-12-13 11:19:00,3.821,3.821,3.821,3.821,1.21364
2019-12-13 11:18:00,3.822,3.822,3.821,3.821,108.54352
2019-12-13 11:17:00,3.823,3.823,3.823,3.823,0.23307
2019-12-13 11:16:00,3.822,3.825,3.822,3.825,458.66445
2019-12-13 11:15:00,3.822,3.822,3.822,3.822,0
2019-12-13 11:14:00,3.819,3.821,3.819,3.821,763.81882
2019-12-13 11:13:00,3.819,3.82,3.819,3.819,586.92248
2019-12-13 11:12:00,3.821,3.821,3.819,3.819,225.49297
2019-12-13 11:11:00,3.822,3.822,3.821,3.821,15.85342
2019-12-13 11:10:00,3.82,3.823,3.82,3.823,1008.86094
2019-12-13 11:09:00,3.82,3.821,3.82,3.82,313.37779
2019-12-13 11:08:00,3.82,3.82,3.819,3.82,457.81469
2019-12-13 11:07:00,3.821,3.821,3.82,3.82,1243.17197
2019-12-13 11:06:00,3.821,3.821,3.821,3.821,3.43054
2019-12-13 11:05:00,3.821,3.821,3.821,3.821,1.907
2019-12-13 11:04:00,3.824,3.824,3.821,3.821,37.99452
2019-12-13 11:03:00,3.824,3.824,3.824,3.824,1.00488
2019-12-13 11:02:00,3.824,3.824,3.824,3.824,0.83209
2019-12-13 11:01:00,3.825,3.825,3.824,3.825,4769.92158
2019-12-13 11:00:00,3.825,3.826,3.825,3.826,1067.59614
2019-12-13 10:59:00,3.825,3.825,3.824,3.824,18.87185
2019-12-13 10:58:00,3.825,3.826,3.825,3.826,728.48859
2019-12-13 10:57:00,3.826,3.826,3.825,3.825,2677.66288
2019-12-13 10:56:00,3.825,3.826,3.825,3.826,2.74509
2019-12-13 10:55:00,3.823,3.825,3.823,3.825,955.48265
2019-12-13 10:54:00,3.821,3.823,3.821,3.822,612.5242
2019-12-13 10:53:00,3.818,3.821,3.818,3.82,760.40066
2019-12-13 10:52:00,3.815,3.817,3.815,3.817,382.2396
2019-12-13 10:51:00,3.815,3.815,3.815,3.815,0
2019-12-13 10:50:00,3.815,3.815,3.815,3.815,0.61897
2019-12-13 10:49:00,3.815,3.815,3.815,3.815,0
2019-12-13 10:48:00,3.815,3.815,3.815,3.815,0
2019-12-13 10:47:00,3.817,3.818,3.815,3.815,1279.91931
2019-12-13 10:46:00,3.822,3.822,3.816,3.817,1917.19108
2019-12-13 10:45:00,3.823,3.823,3.822,3.822,289.19202
2019-12-13 10:44:00,3.825,3.825,3.824,3.824,10.73797
2019-12-13 10:43:00,3.825,3.825,3.824,3.825,186.20309
2019-12-13 10:42:00,3.825,3.826,3.824,3.825,826.38435
2019-12-13 10:41:00,3.826,3.826,3.826,3.826,42
2019-12-13 10:40:00,3.83,3.83,3.828,3.828,347.48416
2019-12-13 10:39:00,3.83,3.83,3.829,3.83,1387.69624
2019-12-13 10:38:00,3.831,3.831,3.83,3.83,154.4035
2019-12-13 10:37:00,3.83,3.831,3.83,3.831,743.33879
2019-12-13 10:36:00,3.832,3.832,3.832,3.832,0
2019-12-13 10:35:00,3.832,3.832,3.832,3.832,0
2019-12-13 10:34:00,3.832,3.832,3.832,3.832,0
2019-12-13 10:33:00,3.832,3.832,3.832,3.832,4.37807
2019-12-13 10:32:00,3.831,3.832,3.831,3.832,221.85332
2019-12-13 10:31:00,3.831,3.831,3.831,3.831,0.88191
2019-12-13 10:30:00,3.83,3.83,3.83,3.83,0
2019-12-13 10:29:00,3.83,3.83,3.83,3.83,568.69218
2019-12-13 10:28:00,3.829,3.832,3.825,3.829,26470.86686
2019-12-13 10:27:00,3.832,3.832,3.829,3.829,9960.67824
2019-12-13 10:26:00,3.831,3.832,3.831,3.831,1285.42808
2019-12-13 10:25:00,3.831,3.831,3.831,3.831,196.76012
2019-12-13 10:24:00,3.83,3.832,3.83,3.831,467.3645
2019-12-13 10:23:00,3.828,3.831,3.828,3.831,157.48992
2019-12-13 10:22:00,3.828,3.828,3.828,3.828,0
2019-12-13 10:21:00,3.827,3.828,3.827,3.828,147.68546
2019-12-13 10:20:00,3.828,3.828,3.827,3.827,1131.14491
2019-12-13 10:19:00,3.829,3.829,3.828,3.828,355.07891
2019-12-13 10:18:00,3.829,3.829,3.828,3.828,579.58141
2019-12-13 10:17:00,3.825,3.829,3.825,3.829,531.35092
2019-12-13 10:16:00,3.823,3.826,3.823,3.825,55.14242
2019-12-13 10:15:00,3.822,3.822,3.822,3.822,3500.32432
2019-12-13 10:14:00,3.823,3.823,3.822,3.822,850.3494
2019-12-13 10:13:00,3.822,3.824,3.821,3.823,340.35538
2019-12-13 10:12:00,3.821,3.822,3.82,3.822,446.57896
2019-12-13 10:11:00,3.82,3.821,3.82,3.821,299.01084
2019-12-13 10:10:00,3.82,3.82,3.82,3.82,1.16739
2019-12-13 10:09:00,3.82,3.82,3.82,3.82,0
2019-12-13 10:08:00,3.819,3.82,3.819,3.82,7.41593
2019-12-13 10:07:00,3.82,3.82,3.819,3.82,954.37863
2019-12-13 10:06:00,3.82,3.821,3.82,3.82,166.57265
2019-12-13 10:05:00,3.82,3.82,3.82,3.82,459.9707
2019-12-13 10:04:00,3.819,3.82,3.819,3.82,0.72289
2019-12-13 10:03:00,3.819,3.819,3.819,3.819,52.77939
2019-12-13 10:02:00,3.819,3.819,3.819,3.819,52.73423
2019-12-13 10:01:00,3.819,3.819,3.819,3.819,11.96107
2019-12-13 10:00:00,3.818,3.818,3.818,3.818,299.61722
2019-12-13 09:59:00,3.819,3.819,3.819,3.819,0
2019-12-13 09:58:00,3.819,3.819,3.819,3.819,0
2019-12-13 09:57:00,3.819,3.819,3.819,3.819,0
2019-12-13 09:56:00,3.819,3.819,3.819,3.819,0
2019-12-13 09:55:00,3.819,3.819,3.819,3.819,182.04536
2019-12-13 09:54:00,3.819,3.819,3.819,3.819,0
2019-12-13 09:53:00,3.819,3.819,3.819,3.819,1019.44493
2019-12-13 09:52:00,3.82,3.82,3.819,3.819,1546.12015
2019-12-13 09:51:00,3.822,3.822,3.819,3.82,1943.51564
2019-12-13 09:50:00,3.822,3.822,3.822,3.822,0
2019-12-13 09:49:00,3.822,3.822,3.822,3.822,477.67109
2019-12-13 09:48:00,3.819,3.822,3.819,3.822,1198.08604
2019-12-13 09:47:00,3.823,3.823,3.819,3.82,807.72046
2019-12-13 09:46:00,3.822,3.823,3.822,3.823,15.84114
2019-12-13 09:45:00,3.82,3.821,3.82,3.821,2015.34897
2019-12-13 09:44:00,3.82,3.82,3.819,3.82,1117.01557
2019-12-13 09:43:00,3.817,3.821,3.817,3.821,2362.45372
2019-12-13 09:42:00,3.817,3.817,3.816,3.817,7.35313
2019-12-13 09:41:00,3.816,3.816,3.816,3.816,2521.34597
2019-12-13 09:40:00,3.817,3.817,3.815,3.816,1025.59778
2019-12-13 09:39:00,3.817,3.817,3.816,3.817,2413.68331
2019-12-13 09:38:00,3.817,3.818,3.817,3.817,174.02324
2019-12-13 09:37:00,3.818,3.818,3.817,3.817,5.09998
2019-12-13 09:36:00,3.818,3.819,3.817,3.818,1933.46738
2019-12-13 09:35:00,3.817,3.818,3.817,3.818,587.65331
2019-12-13 09:34:00,3.815,3.816,3.815,3.816,929.31723
2019-12-13 09:33:00,3.813,3.815,3.813,3.815,1746.23735
2019-12-13 09:32:00,3.813,3.813,3.813,3.813,1967.06769
2019-12-13 09:31:00,3.812,3.814,3.812,3.814,286.78482
2019-12-13 09:30:00,3.813,3.813,3.811,3.813,221.82696
2019-12-13 09:29:00,3.812,3.812,3.812,3.812,87.30158
2019-12-13 09:28:00,3.81,3.812,3.81,3.812,83.216
2019-12-13 09:27:00,3.809,3.809,3.809,3.809,7.6448
2019-12-13 09:26:00,3.807,3.809,3.807,3.808,246.85946
2019-12-13 09:25:00,3.805,3.806,3.805,3.806,1469.5508
2019-12-13 09:24:00,3.804,3.806,3.803,3.804,1206.80872
2019-12-13 09:23:00,3.804,3.804,3.804,3.804,0.01
2019-12-13 09:22:00,3.799,3.803,3.799,3.803,220.59751
2019-12-13 09:21:00,3.799,3.8,3.799,3.799,53.31699
2019-12-13 09:20:00,3.799,3.8,3.799,3.799,0.15401
2019-12-13 09:19:00,3.8,3.8,3.799,3.799,307.78352
2019-12-13 09:18:00,3.8,3.8,3.8,3.8,0.08576
2019-12-13 09:17:00,3.8,3.8,3.8,3.8,195.93273
2019-12-13 09:16:00,3.8,3.8,3.8,3.8,15.71015
2019-12-13 09:15:00,3.8,3.8,3.8,3.8,0
2019-12-13 09:14:00,3.8,3.801,3.8,3.8,2130.72225
2019-12-13 09:13:00,3.8,3.802,3.8,3.8,2096.18741
2019-12-13 09:12:00,3.801,3.801,3.8,3.8,2083.67722
2019-12-13 09:11:00,3.805,3.805,3.8,3.802,2107.25745
2019-12-13 09:10:00,3.806,3.806,3.804,3.805,1253.14018
2019-12-13 09:09:00,3.807,3.807,3.806,3.806,70.76298
2019-12-13 09:08:00,3.807,3.807,3.807,3.807,352.37531
2019-12-13 09:07:00,3.807,3.808,3.805,3.807,999.95199
2019-12-13 09:06:00,3.807,3.807,3.807,3.807,0.30311
2019-12-13 09:05:00,3.807,3.807,3.807,3.807,10.38853
2019-12-13 09:04:00,3.807,3.807,3.807,3.807,99.47228
2019-12-13 09:03:00,3.807,3.808,3.807,3.808,308.79061
2019-12-13 09:02:00,3.807,3.807,3.807,3.807,329.29291
2019-12-13 09:01:00,3.807,3.807,3.807,3.807,0.37435
2019-12-13 09:00:00,3.807,3.808,3.807,3.807,212.86031
2019-12-13 08:59:00,3.809,3.81,3.807,3.807,186.76886
2019-12-13 08:58:00,3.812,3.812,3.809,3.809,195.04943
2019-12-13 08:57:00,3.812,3.812,3.812,3.812,2.36596
2019-12-13 08:56:00,3.812,3.812,3.812,3.812,0.35198
2019-12-13 08:55:00,3.813,3.813,3.812,3.812,2.68635
2019-12-13 08:54:00,3.813,3.813,3.813,3.813,0.39553
2019-12-13 08:53:00,3.814,3.814,3.813,3.813,2.73473
2019-12-13 08:52:00,3.814,3.814,3.814,3.814,0.28763
2019-12-13 08:51:00,3.814,3.814,3.814,3.814,0.29306
2019-12-13 08:50:00,3.816,3.816,3.814,3.814,1821.82601
2019-12-13 08:49:00,3.817,3.817,3.816,3.817,520.67202
2019-12-13 08:48:00,3.817,3.817,3.817,3.817,0.09674
2019-12-13 08:47:00,3.818,3.818,3.818,3.818,0
2019-12-13 08:46:00,3.818,3.818,3.818,3.818,1597.21104
2019-12-13 08:45:00,3.818,3.818,3.816,3.818,284.05114
2019-12-13 08:44:00,3.817,3.818,3.817,3.818,1573.23414
2019-12-13 08:43:00,3.818,3.818,3.817,3.817,649.58203
2019-12-13 08:42:00,3.818,3.818,3.818,3.818,4.03705
2019-12-13 08:41:00,3.818,3.818,3.818,3.818,0.11747
2019-12-13 08:40:00,3.817,3.819,3.817,3.819,53.63191
2019-12-13 08:39:00,3.817,3.817,3.817,3.817,3.03279
2019-12-13 08:38:00,3.817,3.817,3.817,3.817,1.94682
2019-12-13 08:37:00,3.817,3.817,3.817,3.817,0
2019-12-13 08:36:00,3.817,3.817,3.817,3.817,329.95274
2019-12-13 08:35:00,3.817,3.817,3.816,3.816,643.97408
2019-12-13 08:34:00,3.817,3.817,3.817,3.817,1.35853
2019-12-13 08:33:00,3.818,3.818,3.816,3.817,206.75792
2019-12-13 08:32:00,3.818,3.818,3.818,3.818,0.64498
2019-12-13 08:31:00,3.819,3.819,3.817,3.817,1593.64938
2019-12-13 08:30:00,3.818,3.82,3.818,3.82,483.57369
2019-12-13 08:29:00,3.818,3.819,3.816,3.819,1208.82163
2019-12-13 08:28:00,3.82,3.82,3.82,3.82,411.76978
2019-12-13 08:27:00,3.824,3.825,3.821,3.822,1375.96584
2019-12-13 08:26:00,3.825,3.827,3.825,3.825,1116.72774
2019-12-13 08:25:00,3.822,3.826,3.822,3.826,577.23843
2019-12-13 08:24:00,3.823,3.823,3.823,3.823,263.73043
2019-12-13 08:23:00,3.823,3.823,3.823,3.823,267.3284
2019-12-13 08:22:00,3.822,3.822,3.822,3.822,1332.65439
2019-12-13 08:21:00,3.821,3.822,3.821,3.822,1940.68779
2019-12-13 08:20:00,3.822,3.824,3.821,3.824,390.41375
2019-12-13 08:19:00,3.822,3.824,3.822,3.824,364.17005
2019-12-13 08:18:00,3.822,3.822,3.822,3.822,0.02
2019-12-13 08:17:00,3.825,3.825,3.822,3.822,8.99834
2019-12-13 08:16:00,3.826,3.826,3.826,3.826,0
2019-12-13 08:15:00,3.826,3.826,3.826,3.826,0
2019-12-13 08:14:00,3.825,3.826,3.825,3.826,558.46022
2019-12-13 08:13:00,3.824,3.825,3.824,3.825,1885.60346
2019-12-13 08:12:00,3.824,3.825,3.824,3.824,21.32775
2019-12-13 08:11:00,3.824,3.824,3.824,3.824,0.64202
2019-12-13 08:10:00,3.824,3.824,3.824,3.824,0.63083
2019-12-13 08:09:00,3.824,3.824,3.824,3.824,0.6067
2019-12-13 08:08:00,3.824,3.824,3.824,3.824,0.53688
2019-12-13 08:07:00,3.824,3.824,3.824,3.824,0.46439
2019-12-13 08:06:00,3.823,3.824,3.823,3.824,0.68357
2019-12-13 08:05:00,3.822,3.823,3.822,3.823,349.9764
2019-12-13 08:04:00,3.822,3.822,3.822,3.822,1000.97172
2019-12-13 08:03:00,3.821,3.821,3.821,3.821,0.14181
2019-12-13 08:02:00,3.82,3.821,3.82,3.82,425.13568
2019-12-13 08:01:00,3.82,3.82,3.82,3.82,1523.353
2019-12-13 08:00:00,3.82,3.82,3.82,3.82,0
2019-12-13 07:59:00,3.82,3.82,3.82,3.82,130.92354
2019-12-13 07:58:00,3.82,3.82,3.82,3.82,0
2019-12-13 07:57:00,3.82,3.82,3.82,3.82,0
2019-12-13 07:56:00,3.821,3.821,3.82,3.82,907.88722
2019-12-13 07:55:00,3.826,3.826,3.823,3.823,361.93303
2019-12-13 07:54:00,3.827,3.827,3.826,3.826,2.7094
2019-12-13 07:53:00,3.827,3.827,3.827,3.827,0.10504
2019-12-13 07:52:00,3.827,3.827,3.827,3.827,0.35746
2019-12-13 07:51:00,3.827,3.827,3.827,3.827,0.23908
2019-12-13 07:50:00,3.825,3.827,3.825,3.827,13.13917
2019-12-13 07:49:00,3.825,3.825,3.825,3.825,0.19021
2019-12-13 07:48:00,3.824,3.825,3.823,3.825,2484.78047
2019-12-13 07:47:00,3.822,3.823,3.821,3.823,1269.3636
2019-12-13 07:46:00,3.822,3.822,3.821,3.822,723.89208
2019-12-13 07:45:00,3.822,3.823,3.822,3.823,1803.43702
2019-12-13 07:44:00,3.823,3.823,3.822,3.822,194.28854
2019-12-13 07:43:00,3.821,3.823,3.821,3.823,658.03428
2019-12-13 07:42:00,3.82,3.822,3.82,3.821,547.83287
2019-12-13 07:41:00,3.818,3.82,3.818,3.82,356.57433
2019-12-13 07:40:00,3.817,3.818,3.817,3.818,4.43322
2019-12-13 07:39:00,3.816,3.817,3.816,3.817,3.53901
2019-12-13 07:38:00,3.816,3.816,3.816,3.816,3.4589
2019-12-13 07:37:00,3.816,3.816,3.816,3.816,2.38234
2019-12-13 07:36:00,3.816,3.816,3.815,3.816,659.64598
2019-12-13 07:35:00,3.816,3.816,3.816,3.816,258.10735
2019-12-13 07:34:00,3.817,3.817,3.816,3.816,241.51491
2019-12-13 07:33:00,3.817,3.817,3.817,3.817,209.74913
2019-12-13 07:32:00,3.817,3.817,3.817,3.817,1167.3311
2019-12-13 07:31:00,3.818,3.818,3.817,3.817,126.49011
2019-12-13 07:30:00,3.82,3.82,3.818,3.818,145.84532
2019-12-13 07:29:00,3.82,3.82,3.819,3.82,122.06931
2019-12-13 07:28:00,3.823,3.823,3.82,3.82,241.74756
2019-12-13 07:27:00,3.824,3.824,3.824,3.824,0.10227
2019-12-13 07:26:00,3.823,3.824,3.823,3.824,0.04629
2019-12-13 07:25:00,3.823,3.824,3.823,3.823,2.05439
2019-12-13 07:24:00,3.824,3.824,3.823,3.823,245.71745
2019-12-13 07:23:00,3.823,3.824,3.823,3.823,212.21722
2019-12-13 07:22:00,3.823,3.823,3.823,3.823,439.05639
2019-12-13 07:21:00,3.825,3.825,3.824,3.824,0.19257
2019-12-13 07:20:00,3.825,3.825,3.824,3.825,208.32676
2019-12-13 07:19:00,3.824,3.825,3.823,3.824,3243.23431
2019-12-13 07:18:00,3.825,3.825,3.825,3.825,0.02009
2019-12-13 07:17:00,3.824,3.825,3.824,3.825,861.70605
2019-12-13 07:16:00,3.823,3.823,3.823,3.823,0.03953
2019-12-13 07:15:00,3.822,3.822,3.822,3.822,0
2019-12-13 07:14:00,3.822,3.822,3.822,3.822,45.36861
2019-12-13 07:13:00,3.821,3.824,3.821,3.822,484.01164
2019-12-13 07:12:00,3.816,3.824,3.816,3.822,2051.76225
2019-12-13 07:11:00,3.812,3.815,3.812,3.815,1371.79595
2019-12-13 07:10:00,3.812,3.812,3.812,3.812,16.62404
2019-12-13 07:09:00,3.813,3.813,3.813,3.813,0
2019-12-13 07:08:00,3.813,3.813,3.813,3.813,0.55184
2019-12-13 07:07:00,3.813,3.813,3.812,3.813,1360.96022
2019-12-13 07:06:00,3.813,3.813,3.813,3.813,1.06245
2019-12-13 07:05:00,3.813,3.813,3.812,3.813,1.02084
2019-12-13 07:04:00,3.813,3.813,3.813,3.813,2.06896
2019-12-13 07:03:00,3.812,3.813,3.812,3.812,228.04262
2019-12-13 07:02:00,3.807,3.812,3.807,3.811,3530.11127
2019-12-13 07:01:00,3.807,3.807,3.807,3.807,1.44334
2019-12-13 07:00:00,3.806,3.807,3.806,3.807,2.81424
2019-12-13 06:59:00,3.806,3.806,3.806,3.806,0.68
2019-12-13 06:58:00,3.806,3.806,3.806,3.806,0
2019-12-13 06:57:00,3.806,3.806,3.806,3.806,0
2019-12-13 06:56:00,3.806,3.806,3.806,3.806,0
2019-12-13 06:55:00,3.806,3.806,3.806,3.806,7.41928
2019-12-13 06:54:00,3.806,3.806,3.806,3.806,13.90934
2019-12-13 06:53:00,3.808,3.808,3.807,3.807,5.73618
2019-12-13 06:52:00,3.809,3.809,3.809,3.809,1886.82944
2019-12-13 06:51:00,3.809,3.809,3.809,3.809,1486.629
2019-12-13 06:50:00,3.809,3.811,3.809,3.809,2518.84985
2019-12-13 06:49:00,3.809,3.809,3.809,3.809,1416.91224
2019-12-13 06:48:00,3.809,3.809,3.809,3.809,299.25181
2019-12-13 06:47:00,3.81,3.81,3.809,3.809,206.9178
2019-12-13 06:46:00,3.81,3.81,3.81,3.81,949.7443
2019-12-13 06:45:00,3.809,3.81,3.808,3.81,452.73496
2019-12-13 06:44:00,3.812,3.812,3.809,3.809,759.23389
2019-12-13 06:43:00,3.812,3.812,3.811,3.812,2052.83685
2019-12-13 06:42:00,3.811,3.812,3.811,3.812,191.64253
2019-12-13 06:41:00,3.811,3.812,3.81,3.811,2740.81387
2019-12-13 06:40:00,3.813,3.813,3.811,3.812,878.37649
2019-12-13 06:39:00,3.812,3.812,3.812,3.812,0
2019-12-13 06:38:00,3.812,3.812,3.812,3.812,0
2019-12-13 06:37:00,3.812,3.812,3.812,3.812,0
2019-12-13 06:36:00,3.812,3.812,3.812,3.812,736.91415
2019-12-13 06:35:00,3.812,3.812,3.812,3.812,1530.18629
2019-12-13 06:34:00,3.812,3.813,3.811,3.813,820.94102
2019-12-13 06:33:00,3.812,3.812,3.811,3.812,841.3465
2019-12-13 06:32:00,3.813,3.813,3.812,3.812,243.15155
2019-12-13 06:31:00,3.812,3.812,3.812,3.812,1649.02415
2019-12-13 06:30:00,3.814,3.814,3.812,3.812,418.82567
2019-12-13 06:29:00,3.812,3.814,3.812,3.814,4.86252
2019-12-13 06:28:00,3.812,3.812,3.811,3.811,2059.95125
2019-12-13 06:27:00,3.812,3.812,3.812,3.812,2.43126
2019-12-13 06:26:00,3.813,3.813,3.812,3.812,448.59363
2019-12-13 06:25:00,3.812,3.813,3.812,3.813,165.13246
2019-12-13 06:24:00,3.815,3.815,3.81,3.812,771.85909
2019-12-13 06:23:00,3.815,3.815,3.811,3.815,1066.14477
2019-12-13 06:22:00,3.817,3.817,3.814,3.816,430.88259
2019-12-13 06:21:00,3.818,3.818,3.815,3.818,3510.23814
2019-12-13 06:20:00,3.817,3.819,3.817,3.818,1376.51698
2019-12-13 06:19:00,3.815,3.818,3.815,3.818,868.53668
2019-12-13 06:18:00,3.815,3.815,3.815,3.815,2.6141
2019-12-13 06:17:00,3.815,3.815,3.814,3.815,448.00529
2019-12-13 06:16:00,3.814,3.815,3.814,3.814,851.7686
2019-12-13 06:15:00,3.814,3.815,3.814,3.815,4107.52764
2019-12-13 06:14:00,3.813,3.815,3.812,3.814,1901.80121
2019-12-13 06:13:00,3.813,3.817,3.813,3.814,1178.11349
2019-12-13 06:12:00,3.813,3.816,3.813,3.816,587.52506
2019-12-13 06:11:00,3.814,3.814,3.813,3.813,137.26111
2019-12-13 06:10:00,3.814,3.814,3.814,3.814,0
2019-12-13 06:09:00,3.816,3.816,3.813,3.814,1581.29242
2019-12-13 06:08:00,3.816,3.817,3.815,3.816,3020.68753
2019-12-13 06:07:00,3.816,3.817,3.816,3.817,0.65362
2019-12-13 06:06:00,3.816,3.818,3.816,3.816,6167.53946
2019-12-13 06:05:00,3.815,3.818,3.815,3.816,550.14258
2019-12-13 06:04:00,3.815,3.816,3.815,3.815,2.77212
2019-12-13 06:03:00,3.816,3.816,3.815,3.815,425.2438
2019-12-13 06:02:00,3.816,3.816,3.816,3.816,0.51743
2019-12-13 06:01:00,3.816,3.818,3.816,3.816,354.12573
2019-12-13 06:00:00,3.816,3.817,3.816,3.816,846.43925
2019-12-13 05:59:00,3.816,3.816,3.816,3.816,294.82683
2019-12-13 05:58:00,3.816,3.816,3.816,3.816,0
2019-12-13 05:57:00,3.816,3.816,3.816,3.816,0
2019-12-13 05:56:00,3.815,3.816,3.815,3.816,1595.40161
2019-12-13 05:55:00,3.814,3.814,3.814,3.814,2301.22728
2019-12-13 05:54:00,3.813,3.815,3.812,3.815,365.59251
2019-12-13 05:53:00,3.813,3.813,3.813,3.813,1114.83946
2019-12-13 05:52:00,3.813,3.813,3.813,3.813,528.23984
2019-12-13 05:51:00,3.815,3.815,3.813,3.813,590.84309
2019-12-13 05:50:00,3.818,3.818,3.814,3.814,1334.80937
2019-12-13 05:49:00,3.82,3.82,3.819,3.819,1486.10896
2019-12-13 05:48:00,3.826,3.826,3.819,3.82,1611.95953
2019-12-13 05:47:00,3.831,3.831,3.827,3.828,311.74208
2019-12-13 05:46:00,3.831,3.831,3.831,3.831,0
2019-12-13 05:45:00,3.831,3.831,3.831,3.831,0
2019-12-13 05:44:00,3.831,3.831,3.831,3.831,9.15487
2019-12-13 05:43:00,3.831,3.831,3.831,3.831,11.68041
2019-12-13 05:42:00,3.831,3.831,3.831,3.831,8.97351
2019-12-13 05:41:00,3.832,3.833,3.831,3.831,2076.29905
2019-12-13 05:40:00,3.832,3.832,3.832,3.832,0
2019-12-13 05:39:00,3.832,3.832,3.832,3.832,0
2019-12-13 05:38:00,3.829,3.832,3.829,3.832,1174.63351
2019-12-13 05:37:00,3.83,3.83,3.829,3.829,184.73429
2019-12-13 05:36:00,3.83,3.83,3.829,3.829,486.64296
2019-12-13 05:35:00,3.833,3.833,3.83,3.83,313.53984
2019-12-13 05:34:00,3.834,3.834,3.834,3.834,1.12149
2019-12-13 05:33:00,3.833,3.833,3.833,3.833,2.3866
2019-12-13 05:32:00,3.833,3.833,3.833,3.833,0
2019-12-13 05:31:00,3.833,3.833,3.833,3.833,0
2019-12-13 05:30:00,3.833,3.833,3.833,3.833,0.26257
2019-12-13 05:29:00,3.833,3.833,3.833,3.833,0.32855
2019-12-13 05:28:00,3.834,3.834,3.833,3.833,2.7278
2019-12-13 05:27:00,3.834,3.834,3.834,3.834,0.14862
2019-12-13 05:26:00,3.834,3.835,3.834,3.834,1.41548
2019-12-13 05:25:00,3.834,3.834,3.834,3.834,0.23274
2019-12-13 05:24:00,3.835,3.835,3.834,3.834,440.86941
2019-12-13 05:23:00,3.835,3.835,3.835,3.835,0.28733
2019-12-13 05:22:00,3.836,3.836,3.835,3.835,0.28408
2019-12-13 05:21:00,3.837,3.837,3.836,3.836,1075.85903
2019-12-13 05:20:00,3.845,3.845,3.837,3.837,1302.65766
2019-12-13 05:19:00,3.847,3.847,3.845,3.845,584.10326
2019-12-13 05:18:00,3.848,3.848,3.847,3.847,0.29174
2019-12-13 05:17:00,3.848,3.848,3.848,3.848,0.19211
2019-12-13 05:16:00,3.849,3.849,3.848,3.848,1443.344
2019-12-13 05:15:00,3.849,3.849,3.849,3.849,2564.7618
2019-12-13 05:14:00,3.851,3.851,3.849,3.849,1983.29679
2019-12-13 05:13:00,3.85,3.852,3.85,3.851,329.00979
2019-12-13 05:12:00,3.848,3.852,3.848,3.849,2209.1098
2019-12-13 05:11:00,3.847,3.847,3.847,3.847,0
2019-12-13 05:10:00,3.847,3.847,3.847,3.847,0
2019-12-13 05:09:00,3.847,3.848,3.847,3.847,938.20348
2019-12-13 05:08:00,3.846,3.849,3.846,3.847,304.03631
2019-12-13 05:07:00,3.846,3.846,3.846,3.846,1.26532
2019-12-13 05:06:00,3.845,3.845,3.844,3.844,219.77794
2019-12-13 05:05:00,3.843,3.846,3.843,3.845,1327.76049
2019-12-13 05:04:00,3.84,3.842,3.84,3.842,1645.06178
2019-12-13 05:03:00,3.842,3.842,3.841,3.841,231.8724
2019-12-13 05:02:00,3.849,3.849,3.842,3.842,809.34068
2019-12-13 05:01:00,3.848,3.848,3.848,3.848,0
2019-12-13 05:00:00,3.847,3.849,3.847,3.848,176.41996
2019-12-13 04:59:00,3.847,3.847,3.847,3.847,0
2019-12-13 04:58:00,3.846,3.847,3.846,3.847,14.55966
2019-12-13 04:57:00,3.847,3.848,3.846,3.846,1202.1774
2019-12-13 04:56:00,3.848,3.848,3.846,3.847,520.2738
2019-12-13 04:55:00,3.846,3.848,3.846,3.848,223.44479
2019-12-13 04:54:00,3.846,3.847,3.844,3.846,1453.51614
2019-12-13 04:53:00,3.845,3.846,3.844,3.845,2243.07142
2019-12-13 04:52:00,3.842,3.845,3.842,3.844,855.27925
2019-12-13 04:51:00,3.843,3.843,3.842,3.843,302.45237
2019-12-13 04:50:00,3.843,3.843,3.843,3.843,0
2019-12-13 04:49:00,3.843,3.843,3.843,3.843,0
2019-12-13 04:48:00,3.843,3.843,3.843,3.843,0
2019-12-13 04:47:00,3.843,3.843,3.843,3.843,0
2019-12-13 04:46:00,3.843,3.843,3.843,3.843,0
2019-12-13 04:45:00,3.843,3.843,3.843,3.843,0
2019-12-13 04:44:00,3.843,3.843,3.841,3.843,153.51612
2019-12-13 04:43:00,3.84,3.846,3.84,3.842,1823.51832
2019-12-13 04:42:00,3.838,3.84,3.838,3.84,2279.14042
2019-12-13 04:41:00,3.837,3.837,3.837,3.837,0
2019-12-13 04:40:00,3.837,3.837,3.837,3.837,0
2019-12-13 04:39:00,3.837,3.837,3.837,3.837,359.80461
2019-12-13 04:38:00,3.837,3.837,3.837,3.837,0
2019-12-13 04:37:00,3.837,3.837,3.837,3.837,10.26
2019-12-13 04:36:00,3.837,3.837,3.837,3.837,0
2019-12-13 04:35:00,3.837,3.837,3.837,3.837,0
2019-12-13 04:34:00,3.837,3.837,3.837,3.837,420.62626
2019-12-13 04:33:00,3.838,3.838,3.837,3.837,1255.65225
2019-12-13 04:32:00,3.836,3.836,3.836,3.836,0
2019-12-13 04:31:00,3.836,3.836,3.836,3.836,0
2019-12-13 04:30:00,3.836,3.836,3.836,3.836,280.133
2019-12-13 04:29:00,3.838,3.838,3.838,3.838,0
2019-12-13 04:28:00,3.838,3.838,3.838,3.838,316.4921
2019-12-13 04:27:00,3.838,3.838,3.838,3.838,420.31834
2019-12-13 04:26:00,3.838,3.838,3.838,3.838,786.769
2019-12-13 04:25:00,3.838,3.838,3.838,3.838,768.64721
2019-12-13 04:24:00,3.838,3.838,3.838,3.838,313.43083
2019-12-13 04:23:00,3.837,3.837,3.837,3.837,78.3289
2019-12-13 04:22:00,3.837,3.837,3.837,3.837,0
2019-12-13 04:21:00,3.836,3.837,3.836,3.837,695.66957
2019-12-13 04:20:00,3.835,3.835,3.835,3.835,36.00786
2019-12-13 04:19:00,3.834,3.835,3.834,3.835,132.97514
2019-12-13 04:18:00,3.831,3.833,3.831,3.833,59.29899
2019-12-13 04:17:00,3.83,3.83,3.83,3.83,0
2019-12-13 04:16:00,3.83,3.83,3.83,3.83,0
2019-12-13 04:15:00,3.83,3.83,3.83,3.83,112.08211
2019-12-13 04:14:00,3.831,3.831,3.83,3.831,6.509
2019-12-13 04:13:00,3.831,3.831,3.83,3.831,436.08058
2019-12-13 04:12:00,3.829,3.831,3.829,3.831,670.11107
2019-12-13 04:11:00,3.829,3.829,3.829,3.829,0
2019-12-13 04:10:00,3.828,3.829,3.828,3.829,64.01619
2019-12-13 04:09:00,3.828,3.828,3.828,3.828,0.19618
2019-12-13 04:08:00,3.826,3.827,3.826,3.827,5.7201
2019-12-13 04:07:00,3.827,3.827,3.826,3.826,1374.45569
2019-12-13 04:06:00,3.827,3.827,3.827,3.827,0.60959
2019-12-13 04:05:00,3.827,3.827,3.827,3.827,0.49599
2019-12-13 04:04:00,3.827,3.827,3.827,3.827,90.68708
2019-12-13 04:03:00,3.828,3.828,3.828,3.828,0
2019-12-13 04:02:00,3.827,3.828,3.827,3.828,228.58278
2019-12-13 04:01:00,3.823,3.826,3.823,3.826,493.2433
2019-12-13 04:00:00,3.822,3.824,3.822,3.823,971.80144
2019-12-13 03:59:00,3.821,3.821,3.821,3.821,0.02917
2019-12-13 03:58:00,3.821,3.821,3.821,3.821,0
2019-12-13 03:57:00,3.821,3.821,3.821,3.821,173.60688
2019-12-13 03:56:00,3.82,3.82,3.82,3.82,397.31975
2019-12-13 03:55:00,3.82,3.82,3.82,3.82,0.19685
2019-12-13 03:54:00,3.819,3.819,3.819,3.819,0.517
2019-12-13 03:53:00,3.818,3.82,3.818,3.82,234.28623
2019-12-13 03:52:00,3.818,3.818,3.818,3.818,0
2019-12-13 03:51:00,3.818,3.818,3.818,3.818,0
2019-12-13 03:50:00,3.818,3.818,3.818,3.818,0
2019-12-13 03:49:00,3.817,3.818,3.817,3.818,1.29543
2019-12-13 03:48:00,3.817,3.817,3.817,3.817,25.8553
2019-12-13 03:47:00,3.817,3.817,3.817,3.817,0.58074
2019-12-13 03:46:00,3.818,3.818,3.817,3.817,536.20826
2019-12-13 03:45:00,3.819,3.819,3.818,3.818,0.66653
2019-12-13 03:44:00,3.82,3.82,3.819,3.819,129.54875
2019-12-13 03:43:00,3.82,3.821,3.82,3.82,374.50817
2019-12-13 03:42:00,3.82,3.82,3.82,3.82,250.46094
2019-12-13 03:41:00,3.821,3.821,3.82,3.82,242.31287
2019-12-13 03:40:00,3.821,3.821,3.821,3.821,6.46964
2019-12-13 03:39:00,3.821,3.821,3.821,3.821,6.85111
2019-12-13 03:38:00,3.821,3.821,3.821,3.821,0
2019-12-13 03:37:00,3.822,3.822,3.821,3.821,7.17848
2019-12-13 03:36:00,3.821,3.821,3.821,3.821,35.13953
2019-12-13 03:35:00,3.821,3.821,3.821,3.821,63.12369
2019-12-13 03:34:00,3.821,3.821,3.821,3.821,1.12041
2019-12-13 03:33:00,3.821,3.821,3.821,3.821,0.2601
2019-12-13 03:32:00,3.821,3.821,3.821,3.821,0.19589
2019-12-13 03:31:00,3.821,3.821,3.821,3.821,0.27081
2019-12-13 03:30:00,3.823,3.823,3.821,3.821,211.14378
2019-12-13 03:29:00,3.823,3.824,3.823,3.823,2.94534
2019-12-13 03:28:00,3.823,3.823,3.822,3.822,6.53
2019-12-13 03:27:00,3.823,3.823,3.823,3.823,0
2019-12-13 03:26:00,3.823,3.823,3.823,3.823,0
2019-12-13 03:25:00,3.823,3.823,3.823,3.823,0
2019-12-13 03:24:00,3.823,3.823,3.823,3.823,0
2019-12-13 03:23:00,3.823,3.823,3.823,3.823,0
2019-12-13 03:22:00,3.823,3.823,3.823,3.823,0
2019-12-13 03:21:00,3.822,3.823,3.822,3.823,388.42403
2019-12-13 03:20:00,3.822,3.822,3.822,3.822,0.24518
2019-12-13 03:19:00,3.822,3.822,3.822,3.822,0.1717
2019-12-13 03:18:00,3.822,3.823,3.822,3.822,0.47051
2019-12-13 03:17:00,3.822,3.822,3.822,3.822,0.12093
2019-12-13 03:16:00,3.822,3.822,3.822,3.822,0.02005
2019-12-13 03:15:00,3.823,3.823,3.823,3.823,0
2019-12-13 03:14:00,3.821,3.823,3.818,3.823,1731.99557
2019-12-13 03:13:00,3.821,3.821,3.821,3.821,18.77393
2019-12-13 03:12:00,3.818,3.822,3.817,3.821,1163.51421
2019-12-13 03:11:00,3.831,3.831,3.819,3.819,10356.05542
2019-12-13 03:10:00,3.831,3.831,3.831,3.831,99.0629
2019-12-13 03:09:00,3.831,3.831,3.831,3.831,1.57259
2019-12-13 03:08:00,3.829,3.83,3.829,3.83,836.05862
2019-12-13 03:07:00,3.83,3.83,3.829,3.829,3.15179
2019-12-13 03:06:00,3.832,3.832,3.83,3.83,18.00324
2019-12-13 03:05:00,3.833,3.833,3.832,3.832,146.33187
2019-12-13 03:04:00,3.835,3.835,3.834,3.834,46.89594
2019-12-13 03:03:00,3.835,3.835,3.835,3.835,43.43542
2019-12-13 03:02:00,3.839,3.839,3.834,3.834,1521.60137
2019-12-13 03:01:00,3.841,3.843,3.84,3.84,1367.84592
2019-12-13 03:00:00,3.84,3.84,3.84,3.84,122.7732
2019-12-13 02:59:00,3.837,3.845,3.837,3.84,2451.23524
2019-12-13 02:58:00,3.835,3.837,3.834,3.837,1689.0263
2019-12-13 02:57:00,3.838,3.839,3.835,3.835,2727.93451
2019-12-13 02:56:00,3.833,3.841,3.833,3.838,1083.27192
2019-12-13 02:55:00,3.832,3.832,3.832,3.832,0.28148
2019-12-13 02:54:00,3.83,3.831,3.83,3.831,411.10618
2019-12-13 02:53:00,3.831,3.831,3.83,3.83,107.5517
2019-12-13 02:52:00,3.831,3.832,3.831,3.831,365.02736
2019-12-13 02:51:00,3.833,3.833,3.829,3.831,2406.02128
2019-12-13 02:50:00,3.821,3.835,3.821,3.833,4002.58422
2019-12-13 02:49:00,3.819,3.821,3.819,3.82,259.05005
2019-12-13 02:48:00,3.819,3.819,3.819,3.819,0.02006
2019-12-13 02:47:00,3.819,3.819,3.819,3.819,2.05454
2019-12-13 02:46:00,3.819,3.819,3.819,3.819,0.08229
2019-12-13 02:45:00,3.819,3.819,3.819,3.819,0
2019-12-13 02:44:00,3.819,3.819,3.819,3.819,781.7187
2019-12-13 02:43:00,3.819,3.819,3.819,3.819,0
2019-12-13 02:42:00,3.819,3.819,3.819,3.819,0
2019-12-13 02:41:00,3.82,3.82,3.819,3.819,62.19268
2019-12-13 02:40:00,3.819,3.82,3.818,3.82,226.41938
2019-12-13 02:39:00,3.822,3.822,3.819,3.82,1136.31453
2019-12-13 02:38:00,3.822,3.824,3.821,3.821,62.84646
2019-12-13 02:37:00,3.816,3.822,3.816,3.822,1238.14904
2019-12-13 02:36:00,3.823,3.823,3.815,3.816,4402.83977
2019-12-13 02:35:00,3.822,3.822,3.822,3.822,338.62569
2019-12-13 02:34:00,3.826,3.826,3.822,3.822,1331.68613
2019-12-13 02:33:00,3.826,3.827,3.824,3.827,1090.95875
2019-12-13 02:32:00,3.819,3.83,3.819,3.827,6882.02867
2019-12-13 02:31:00,3.821,3.825,3.819,3.819,4180.88541
2019-12-13 02:30:00,3.827,3.827,3.82,3.821,5105.89063
2019-12-13 02:29:00,3.82,3.828,3.816,3.828,4382.42047
2019-12-13 02:28:00,3.828,3.83,3.816,3.82,8990.91199
2019-12-13 02:27:00,3.798,3.832,3.798,3.827,7616.40371
2019-12-13 02:26:00,3.798,3.798,3.798,3.798,0.01001
2019-12-13 02:25:00,3.798,3.798,3.798,3.798,0
2019-12-13 02:24:00,3.798,3.798,3.798,3.798,194.18405
2019-12-13 02:23:00,3.798,3.798,3.798,3.798,0.01012
2019-12-13 02:22:00,3.798,3.798,3.798,3.798,0.01
2019-12-13 02:21:00,3.798,3.798,3.798,3.798,0
2019-12-13 02:20:00,3.798,3.799,3.798,3.798,610.95064
2019-12-13 02:19:00,3.798,3.798,3.798,3.798,0
2019-12-13 02:18:00,3.798,3.798,3.798,3.798,0.01
2019-12-13 02:17:00,3.799,3.799,3.799,3.799,0.058
2019-12-13 02:16:00,3.798,3.798,3.798,3.798,0
2019-12-13 02:15:00,3.798,3.798,3.798,3.798,0
2019-12-13 02:14:00,3.798,3.798,3.798,3.798,939.68471
2019-12-13 02:13:00,3.798,3.799,3.798,3.798,3.08907
2019-12-13 02:12:00,3.798,3.798,3.798,3.798,2.86847
2019-12-13 02:11:00,3.799,3.799,3.798,3.798,1958.92359
2019-12-13 02:10:00,3.8,3.8,3.8,3.8,50
2019-12-13 02:09:00,3.796,3.802,3.796,3.8,6827.25386
2019-12-13 02:08:00,3.795,3.795,3.795,3.795,0.29119
2019-12-13 02:07:00,3.795,3.795,3.795,3.795,18.23889
2019-12-13 02:06:00,3.796,3.796,3.795,3.795,2.9337
2019-12-13 02:05:00,3.796,3.796,3.796,3.796,0.93371
2019-12-13 02:04:00,3.796,3.797,3.796,3.796,186.39284
2019-12-13 02:03:00,3.797,3.797,3.796,3.796,5.95225
2019-12-13 02:02:00,3.797,3.797,3.797,3.797,0.5681
2019-12-13 02:01:00,3.797,3.798,3.797,3.797,675.86419
2019-12-13 02:00:00,3.797,3.798,3.797,3.798,2359.61604
2019-12-13 01:59:00,3.798,3.799,3.798,3.798,1351.08408
2019-12-13 01:58:00,3.798,3.798,3.798,3.798,0.46319
2019-12-13 01:57:00,3.801,3.801,3.798,3.798,1429.9067
2019-12-13 01:56:00,3.802,3.802,3.802,3.802,283.506
2019-12-13 01:55:00,3.803,3.803,3.802,3.802,378.7203
2019-12-13 01:54:00,3.804,3.804,3.803,3.803,220.17648
2019-12-13 01:53:00,3.805,3.805,3.804,3.804,238.63162
2019-12-13 01:52:00,3.801,3.801,3.801,3.801,0
2019-12-13 01:51:00,3.801,3.801,3.801,3.801,265.0614
2019-12-13 01:50:00,3.8,3.8,3.8,3.8,1061.42997
2019-12-13 01:49:00,3.8,3.8,3.8,3.8,208.26225
2019-12-13 01:48:00,3.8,3.8,3.8,3.8,0
2019-12-13 01:47:00,3.8,3.8,3.8,3.8,0
2019-12-13 01:46:00,3.8,3.8,3.8,3.8,0
2019-12-13 01:45:00,3.8,3.8,3.8,3.8,0
2019-12-13 01:44:00,3.799,3.801,3.799,3.8,975.53928
2019-12-13 01:43:00,3.8,3.8,3.799,3.799,4.17608
2019-12-13 01:42:00,3.798,3.8,3.798,3.8,345.4287
2019-12-13 01:41:00,3.798,3.799,3.798,3.799,1877.80363
2019-12-13 01:40:00,3.798,3.8,3.798,3.799,1373.62212
2019-12-13 01:39:00,3.799,3.799,3.798,3.798,1724.21041
2019-12-13 01:38:00,3.799,3.8,3.799,3.799,229.62419
2019-12-13 01:37:00,3.8,3.8,3.799,3.799,951.66071
2019-12-13 01:36:00,3.801,3.801,3.801,3.801,0.27139
2019-12-13 01:35:00,3.8,3.801,3.8,3.8,14.3887
2019-12-13 01:34:00,3.799,3.801,3.799,3.8,1642.44527
2019-12-13 01:33:00,3.798,3.801,3.798,3.801,1931.60406
2019-12-13 01:32:00,3.798,3.799,3.798,3.798,156.81624
2019-12-13 01:31:00,3.799,3.799,3.798,3.798,0.88523
2019-12-13 01:30:00,3.799,3.799,3.799,3.799,0
2019-12-13 01:29:00,3.799,3.799,3.799,3.799,0.49362
2019-12-13 01:28:00,3.799,3.799,3.799,3.799,196.88871
2019-12-13 01:27:00,3.799,3.799,3.799,3.799,1369.5124
2019-12-13 01:26:00,3.799,3.799,3.799,3.799,0
2019-12-13 01:25:00,3.799,3.799,3.799,3.799,0
2019-12-13 01:24:00,3.799,3.799,3.799,3.799,753.34801
2019-12-13 01:23:00,3.797,3.798,3.797,3.798,145.40704
2019-12-13 01:22:00,3.796,3.798,3.796,3.797,785.69126
2019-12-13 01:21:00,3.798,3.798,3.796,3.796,62.08935
2019-12-13 01:20:00,3.798,3.798,3.798,3.798,0.05093
2019-12-13 01:19:00,3.798,3.798,3.798,3.798,0.09841
2019-12-13 01:18:00,3.798,3.799,3.798,3.798,2.17732
2019-12-13 01:17:00,3.801,3.802,3.799,3.799,50.05093
2019-12-13 01:16:00,3.802,3.802,3.801,3.801,1802.5549
2019-12-13 01:15:00,3.806,3.806,3.803,3.803,440.67198
2019-12-13 01:14:00,3.807,3.807,3.806,3.807,0.35962
2019-12-13 01:13:00,3.808,3.809,3.807,3.807,290.59076
2019-12-13 01:12:00,3.808,3.809,3.808,3.808,478.88754
2019-12-13 01:11:00,3.808,3.808,3.808,3.808,0
2019-12-13 01:10:00,3.805,3.808,3.805,3.808,299.77536
2019-12-13 01:09:00,3.804,3.804,3.804,3.804,0.0931
2019-12-13 01:08:00,3.804,3.804,3.804,3.804,3.152
2019-12-13 01:07:00,3.805,3.805,3.804,3.804,191.27031
2019-12-13 01:06:00,3.803,3.804,3.803,3.804,4.98029
2019-12-13 01:05:00,3.803,3.803,3.803,3.803,0.7018
2019-12-13 01:04:00,3.803,3.804,3.803,3.803,8.37061
2019-12-13 01:03:00,3.804,3.804,3.803,3.803,3.21662
2019-12-13 01:02:00,3.805,3.805,3.804,3.804,27.80643
2019-12-13 01:01:00,3.806,3.806,3.806,3.806,0
2019-12-13 01:00:00,3.806,3.806,3.806,3.806,0
2019-12-13 00:59:00,3.806,3.806,3.806,3.806,0
2019-12-13 00:58:00,3.805,3.806,3.805,3.806,650.21786
2019-12-13 00:57:00,3.807,3.807,3.805,3.805,1557.11277
2019-12-13 00:56:00,3.808,3.808,3.808,3.808,0.54285
2019-12-13 00:55:00,3.808,3.808,3.808,3.808,0
2019-12-13 00:54:00,3.809,3.809,3.808,3.808,413.49443
2019-12-13 00:53:00,3.808,3.809,3.808,3.809,127.52618
2019-12-13 00:52:00,3.808,3.809,3.808,3.808,990.2832
2019-12-13 00:51:00,3.809,3.809,3.809,3.809,406.02593
2019-12-13 00:50:00,3.81,3.81,3.81,3.81,0.20131
2019-12-13 00:49:00,3.811,3.811,3.811,3.811,0
2019-12-13 00:48:00,3.811,3.811,3.811,3.811,0
2019-12-13 00:47:00,3.811,3.811,3.811,3.811,0
2019-12-13 00:46:00,3.811,3.811,3.811,3.811,0.29321
2019-12-13 00:45:00,3.813,3.813,3.812,3.812,1467.38784
2019-12-13 00:44:00,3.811,3.813,3.81,3.813,614.00592
2019-12-13 00:43:00,3.811,3.811,3.811,3.811,16.25479
2019-12-13 00:42:00,3.811,3.811,3.811,3.811,24.69229
2019-12-13 00:41:00,3.811,3.812,3.811,3.811,1469.81568
2019-12-13 00:40:00,3.811,3.812,3.811,3.811,470.57883
2019-12-13 00:39:00,3.814,3.815,3.809,3.811,3725.92164
2019-12-13 00:38:00,3.814,3.814,3.814,3.814,0
2019-12-13 00:37:00,3.814,3.814,3.814,3.814,41.15179
2019-12-13 00:36:00,3.812,3.814,3.812,3.814,1496.53456
2019-12-13 00:35:00,3.811,3.811,3.811,3.811,0
2019-12-13 00:34:00,3.812,3.812,3.811,3.811,1433.60867
2019-12-13 00:33:00,3.812,3.812,3.812,3.812,1571.43408
2019-12-13 00:32:00,3.813,3.814,3.812,3.812,1594.2653
2019-12-13 00:31:00,3.808,3.812,3.808,3.812,2137.35641
2019-12-13 00:30:00,3.801,3.807,3.801,3.807,3097.78002
2019-12-13 00:29:00,3.799,3.8,3.799,3.8,2310.97093
2019-12-13 00:28:00,3.795,3.799,3.793,3.799,2459.26091
2019-12-13 00:27:00,3.799,3.799,3.795,3.795,605.62101
2019-12-13 00:26:00,3.799,3.799,3.799,3.799,5.25776
2019-12-13 00:25:00,3.798,3.798,3.798,3.798,0
2019-12-13 00:24:00,3.799,3.799,3.798,3.798,135.05275
2019-12-13 00:23:00,3.797,3.798,3.797,3.798,1206.32258
2019-12-13 00:22:00,3.797,3.798,3.797,3.797,1349.02055
2019-12-13 00:21:00,3.8,3.8,3.797,3.797,82.23627
2019-12-13 00:20:00,3.804,3.804,3.8,3.8,837.80878
2019-12-13 00:19:00,3.805,3.805,3.804,3.804,3.61157
2019-12-13 00:18:00,3.807,3.808,3.803,3.803,5512.56917
2019-12-13 00:17:00,3.805,3.805,3.805,3.805,828.70664
2019-12-13 00:16:00,3.804,3.805,3.801,3.805,585.12377
2019-12-13 00:15:00,3.809,3.809,3.805,3.805,507.39248
2019-12-13 00:14:00,3.812,3.814,3.805,3.809,10627.83501
2019-12-13 00:13:00,3.812,3.812,3.812,3.812,94.15704
2019-12-13 00:12:00,3.813,3.813,3.811,3.811,90.8978
2019-12-13 00:11:00,3.812,3.813,3.811,3.812,1938.17625
2019-12-13 00:10:00,3.809,3.814,3.809,3.812,2308.10817
2019-12-13 00:09:00,3.806,3.808,3.806,3.808,218.68092
2019-12-13 00:08:00,3.804,3.805,3.803,3.805,41.86363
2019-12-13 00:07:00,3.802,3.803,3.802,3.803,217.07314
2019-12-13 00:06:00,3.802,3.802,3.802,3.802,0
2019-12-13 00:05:00,3.8,3.802,3.8,3.802,18.13056
2019-12-13 00:04:00,3.794,3.799,3.794,3.799,461.17659
2019-12-13 00:03:00,3.79,3.794,3.789,3.794,2755.15032
2019-12-13 00:02:00,3.789,3.789,3.788,3.788,226.93298
2019-12-13 00:01:00,3.792,3.792,3.79,3.79,1411.91083
2019-12-13 00:00:00,3.792,3.796,3.792,3.793,1439.82465
