2019-11-20 23:59:00,4.376,4.377,4.376,4.377,1076.74432
2019-11-20 23:58:00,4.373,4.377,4.373,4.377,2905.15099
2019-11-20 23:57:00,4.376,4.376,4.372,4.372,1992.50812
2019-11-20 23:56:00,4.377,4.381,4.376,4.377,2599.8359
2019-11-20 23:55:00,4.374,4.376,4.372,4.376,1966.09243
2019-11-20 23:54:00,4.373,4.374,4.373,4.374,393.99366
2019-11-20 23:53:00,4.373,4.374,4.372,4.373,468.48318
2019-11-20 23:52:00,4.371,4.375,4.37,4.374,3942.21311
2019-11-20 23:51:00,4.372,4.372,4.37,4.371,1775.78004
2019-11-20 23:50:00,4.37,4.372,4.37,4.372,2066.69743
2019-11-20 23:49:00,4.372,4.372,4.37,4.37,2580.74484
2019-11-20 23:48:00,4.373,4.374,4.372,4.372,1204.1349
2019-11-20 23:47:00,4.365,4.371,4.363,4.371,3831.35586
2019-11-20 23:46:00,4.37,4.37,4.366,4.366,2108.71634
2019-11-20 23:45:00,4.373,4.373,4.37,4.37,1616.03168
2019-11-20 23:44:00,4.374,4.374,4.37,4.372,2151.8867
2019-11-20 23:43:00,4.373,4.377,4.372,4.373,3564.00159
2019-11-20 23:42:00,4.383,4.383,4.372,4.372,1445.88728
2019-11-20 23:41:00,4.375,4.382,4.375,4.382,1624.07099
2019-11-20 23:40:00,4.369,4.374,4.369,4.374,3409.39695
2019-11-20 23:39:00,4.371,4.371,4.371,4.371,955.92844
2019-11-20 23:38:00,4.372,4.372,4.371,4.371,1293.21375
2019-11-20 23:37:00,4.373,4.373,4.372,4.372,2437.66138
2019-11-20 23:36:00,4.374,4.374,4.374,4.374,632.55441
2019-11-20 23:35:00,4.373,4.373,4.372,4.373,1837.46977
2019-11-20 23:34:00,4.364,4.373,4.364,4.373,5430.78533
2019-11-20 23:33:00,4.365,4.365,4.364,4.364,2514.79629
2019-11-20 23:32:00,4.373,4.373,4.364,4.366,3952.34617
2019-11-20 23:31:00,4.366,4.373,4.366,4.373,3271.44232
2019-11-20 23:30:00,4.371,4.371,4.36,4.36,2603.56379
2019-11-20 23:29:00,4.371,4.373,4.365,4.37,4118.76331
2019-11-20 23:28:00,4.381,4.381,4.369,4.372,5391.63686
2019-11-20 23:27:00,4.382,4.382,4.382,4.382,2528.19022
2019-11-20 23:26:00,4.379,4.382,4.377,4.382,4235.59368
2019-11-20 23:25:00,4.385,4.386,4.379,4.379,654.43523
2019-11-20 23:24:00,4.385,4.385,4.385,4.385,0.42359
2019-11-20 23:23:00,4.386,4.386,4.385,4.385,705.93764
2019-11-20 23:22:00,4.387,4.387,4.386,4.386,296.05665
2019-11-20 23:21:00,4.39,4.39,4.388,4.388,290.65889
2019-11-20 23:20:00,4.39,4.391,4.39,4.39,1284.3943
2019-11-20 23:19:00,4.392,4.392,4.391,4.391,1503.96286
2019-11-20 23:18:00,4.393,4.394,4.392,4.393,846.64843
2019-11-20 23:17:00,4.394,4.394,4.394,4.394,435.97373
2019-11-20 23:16:00,4.397,4.397,4.392,4.395,1583.41181
2019-11-20 23:15:00,4.395,4.397,4.394,4.397,791.58068
2019-11-20 23:14:00,4.394,4.394,4.394,4.394,18.40931
2019-11-20 23:13:00,4.395,4.395,4.394,4.394,957.96841
2019-11-20 23:12:00,4.393,4.395,4.393,4.395,986.14265
2019-11-20 23:11:00,4.388,4.393,4.388,4.393,722.61597
2019-11-20 23:10:00,4.384,4.387,4.379,4.387,4445.49071
2019-11-20 23:09:00,4.391,4.391,4.385,4.385,1660.87123
2019-11-20 23:08:00,4.39,4.391,4.389,4.391,593.85786
2019-11-20 23:07:00,4.399,4.399,4.39,4.39,4598.06189
2019-11-20 23:06:00,4.4,4.401,4.4,4.4,1988.20087
2019-11-20 23:05:00,4.396,4.4,4.396,4.4,2980.78694
2019-11-20 23:04:00,4.395,4.398,4.393,4.397,2264.68371
2019-11-20 23:03:00,4.394,4.395,4.391,4.395,878.85619
2019-11-20 23:02:00,4.397,4.398,4.393,4.393,2686.66303
2019-11-20 23:01:00,4.405,4.405,4.397,4.397,1189.61174
2019-11-20 23:00:00,4.403,4.405,4.403,4.405,2293.23248
2019-11-20 22:59:00,4.401,4.406,4.4,4.4,5808.34704
2019-11-20 22:58:00,4.399,4.402,4.399,4.401,1277.00076
2019-11-20 22:57:00,4.403,4.406,4.399,4.399,5049.61787
2019-11-20 22:56:00,4.393,4.404,4.393,4.404,3334.72174
2019-11-20 22:55:00,4.392,4.393,4.386,4.393,9888.3107
2019-11-20 22:54:00,4.396,4.396,4.386,4.392,9547.32627
2019-11-20 22:53:00,4.389,4.397,4.389,4.394,2183.40879
2019-11-20 22:52:00,4.387,4.387,4.387,4.387,0
2019-11-20 22:51:00,4.386,4.387,4.384,4.387,345.95667
2019-11-20 22:50:00,4.384,4.386,4.384,4.386,976.14219
2019-11-20 22:49:00,4.386,4.386,4.384,4.384,1024.98972
2019-11-20 22:48:00,4.385,4.386,4.383,4.385,917.70896
2019-11-20 22:47:00,4.386,4.386,4.386,4.386,691.94388
2019-11-20 22:46:00,4.386,4.387,4.386,4.387,2893.87945
2019-11-20 22:45:00,4.391,4.391,4.383,4.385,2014.96413
2019-11-20 22:44:00,4.39,4.392,4.39,4.391,2313.48617
2019-11-20 22:43:00,4.39,4.39,4.389,4.39,645.0588
2019-11-20 22:42:00,4.383,4.39,4.383,4.39,3833.33847
2019-11-20 22:41:00,4.382,4.383,4.381,4.383,1270.78922
2019-11-20 22:40:00,4.38,4.384,4.38,4.382,3691.96327
2019-11-20 22:39:00,4.38,4.38,4.38,4.38,1018.17446
2019-11-20 22:38:00,4.389,4.39,4.38,4.38,4889.80933
2019-11-20 22:37:00,4.389,4.389,4.389,4.389,649.38684
2019-11-20 22:36:00,4.382,4.389,4.382,4.389,3655.59015
2019-11-20 22:35:00,4.381,4.382,4.381,4.382,946.13303
2019-11-20 22:34:00,4.38,4.382,4.38,4.382,2499.81579
2019-11-20 22:33:00,4.376,4.382,4.376,4.382,1222.00916
2019-11-20 22:32:00,4.374,4.377,4.374,4.377,1325.7167
2019-11-20 22:31:00,4.372,4.373,4.372,4.372,765.75334
2019-11-20 22:30:00,4.374,4.375,4.37,4.373,1471.77666
2019-11-20 22:29:00,4.381,4.381,4.374,4.375,1984.01779
2019-11-20 22:28:00,4.381,4.381,4.381,4.381,300.27795
2019-11-20 22:27:00,4.384,4.384,4.382,4.382,839.67875
2019-11-20 22:26:00,4.383,4.384,4.383,4.384,1738.56597
2019-11-20 22:25:00,4.388,4.388,4.382,4.383,1643.57018
2019-11-20 22:24:00,4.383,4.387,4.383,4.387,2066.92905
2019-11-20 22:23:00,4.383,4.383,4.382,4.383,3747.02979
2019-11-20 22:22:00,4.383,4.387,4.382,4.384,2158.98595
2019-11-20 22:21:00,4.376,4.383,4.376,4.383,1068.01696
2019-11-20 22:20:00,4.378,4.378,4.375,4.375,737.75471
2019-11-20 22:19:00,4.384,4.385,4.378,4.378,3084.413
2019-11-20 22:18:00,4.387,4.387,4.385,4.385,425.87475
2019-11-20 22:17:00,4.385,4.387,4.385,4.387,1051.94179
2019-11-20 22:16:00,4.384,4.384,4.383,4.384,2776.34684
2019-11-20 22:15:00,4.385,4.385,4.383,4.384,1224.92271
2019-11-20 22:14:00,4.381,4.385,4.381,4.385,641.07307
2019-11-20 22:13:00,4.381,4.381,4.38,4.381,148.97087
2019-11-20 22:12:00,4.379,4.381,4.379,4.381,3082.03513
2019-11-20 22:11:00,4.379,4.379,4.378,4.379,113.14223
2019-11-20 22:10:00,4.379,4.379,4.379,4.379,4.87199
2019-11-20 22:09:00,4.378,4.379,4.378,4.379,108.98974
2019-11-20 22:08:00,4.377,4.378,4.377,4.378,110.19544
2019-11-20 22:07:00,4.383,4.385,4.376,4.377,2950.29942
2019-11-20 22:06:00,4.375,4.384,4.375,4.383,2437.86924
2019-11-20 22:05:00,4.374,4.378,4.374,4.375,971.82907
2019-11-20 22:04:00,4.372,4.376,4.372,4.374,1570.52861
2019-11-20 22:03:00,4.368,4.371,4.368,4.369,3305.84189
2019-11-20 22:02:00,4.367,4.368,4.367,4.368,190.61905
2019-11-20 22:01:00,4.366,4.369,4.366,4.367,1039.76794
2019-11-20 22:00:00,4.367,4.367,4.365,4.365,530.51187
2019-11-20 21:59:00,4.366,4.367,4.366,4.367,1521.06535
2019-11-20 21:58:00,4.365,4.367,4.365,4.366,830.77927
2019-11-20 21:57:00,4.365,4.365,4.364,4.365,449.22106
2019-11-20 21:56:00,4.361,4.364,4.361,4.364,1257.65276
2019-11-20 21:55:00,4.363,4.363,4.361,4.361,887.72109
2019-11-20 21:54:00,4.361,4.363,4.361,4.363,571.37505
2019-11-20 21:53:00,4.363,4.363,4.361,4.361,386.84152
2019-11-20 21:52:00,4.359,4.364,4.358,4.362,1987.23598
2019-11-20 21:51:00,4.359,4.359,4.359,4.359,0.25648
2019-11-20 21:50:00,4.36,4.36,4.359,4.359,768.54356
2019-11-20 21:49:00,4.361,4.361,4.359,4.359,1731.05791
2019-11-20 21:48:00,4.366,4.366,4.363,4.363,476.72918
2019-11-20 21:47:00,4.363,4.366,4.363,4.366,721.01183
2019-11-20 21:46:00,4.363,4.363,4.363,4.363,0
2019-11-20 21:45:00,4.363,4.363,4.363,4.363,0
2019-11-20 21:44:00,4.364,4.364,4.363,4.363,5.21647
2019-11-20 21:43:00,4.363,4.368,4.363,4.366,958.88364
2019-11-20 21:42:00,4.366,4.366,4.363,4.363,1232.76023
2019-11-20 21:41:00,4.365,4.368,4.365,4.366,1583.97711
2019-11-20 21:40:00,4.363,4.365,4.363,4.365,3058.29265
2019-11-20 21:39:00,4.363,4.363,4.363,4.363,828.0093
2019-11-20 21:38:00,4.364,4.364,4.364,4.364,1730.45145
2019-11-20 21:37:00,4.367,4.367,4.362,4.362,1572.38639
2019-11-20 21:36:00,4.365,4.367,4.365,4.367,1019.43185
2019-11-20 21:35:00,4.364,4.364,4.364,4.364,548.69073
2019-11-20 21:34:00,4.359,4.366,4.359,4.366,1217.97555
2019-11-20 21:33:00,4.359,4.359,4.359,4.359,0.63568
2019-11-20 21:32:00,4.357,4.359,4.357,4.359,848.59707
2019-11-20 21:31:00,4.36,4.36,4.357,4.357,354.98178
2019-11-20 21:30:00,4.359,4.362,4.359,4.361,700.14892
2019-11-20 21:29:00,4.362,4.362,4.359,4.359,625.29708
2019-11-20 21:28:00,4.36,4.362,4.36,4.362,5.96465
2019-11-20 21:27:00,4.36,4.36,4.359,4.36,420.52089
2019-11-20 21:26:00,4.361,4.361,4.36,4.36,2344.28265
2019-11-20 21:25:00,4.354,4.36,4.352,4.36,694.45281
2019-11-20 21:24:00,4.356,4.356,4.351,4.351,1815.37797
2019-11-20 21:23:00,4.358,4.358,4.357,4.357,374.93547
2019-11-20 21:22:00,4.364,4.364,4.359,4.359,1999.35942
2019-11-20 21:21:00,4.365,4.365,4.364,4.364,1351.92613
2019-11-20 21:20:00,4.366,4.366,4.364,4.365,1042.36298
2019-11-20 21:19:00,4.372,4.372,4.368,4.368,1321.08719
2019-11-20 21:18:00,4.373,4.373,4.373,4.373,45.71567
2019-11-20 21:17:00,4.37,4.372,4.368,4.372,358.25698
2019-11-20 21:16:00,4.37,4.37,4.37,4.37,1447.39969
2019-11-20 21:15:00,4.368,4.369,4.368,4.369,944.38209
2019-11-20 21:14:00,4.37,4.371,4.369,4.37,2197.864
2019-11-20 21:13:00,4.369,4.371,4.369,4.37,672.0445
2019-11-20 21:12:00,4.369,4.369,4.369,4.369,0
2019-11-20 21:11:00,4.371,4.372,4.366,4.369,3586.30145
2019-11-20 21:10:00,4.362,4.37,4.362,4.37,1643.16775
2019-11-20 21:09:00,4.36,4.362,4.36,4.362,328.78856
2019-11-20 21:08:00,4.356,4.361,4.356,4.36,635.42312
2019-11-20 21:07:00,4.362,4.362,4.357,4.357,1726.73359
2019-11-20 21:06:00,4.363,4.363,4.362,4.362,992.29661
2019-11-20 21:05:00,4.361,4.364,4.361,4.363,2798.54628
2019-11-20 21:04:00,4.365,4.365,4.362,4.362,1760.03652
2019-11-20 21:03:00,4.365,4.365,4.365,4.365,39.00871
2019-11-20 21:02:00,4.366,4.366,4.364,4.366,1855.96527
2019-11-20 21:01:00,4.371,4.371,4.366,4.366,707.12368
2019-11-20 21:00:00,4.371,4.371,4.371,4.371,1184.86978
2019-11-20 20:59:00,4.37,4.37,4.368,4.369,554.03857
2019-11-20 20:58:00,4.37,4.372,4.37,4.37,4026.21708
2019-11-20 20:57:00,4.369,4.369,4.368,4.368,316.11381
2019-11-20 20:56:00,4.368,4.368,4.365,4.366,2146.8944
2019-11-20 20:55:00,4.361,4.37,4.359,4.37,3916.81202
2019-11-20 20:54:00,4.364,4.364,4.361,4.361,983.4503
2019-11-20 20:53:00,4.369,4.369,4.366,4.367,2133.21027
2019-11-20 20:52:00,4.373,4.374,4.37,4.37,12431.12871
2019-11-20 20:51:00,4.371,4.372,4.371,4.372,2.215
2019-11-20 20:50:00,4.371,4.372,4.371,4.372,1878.52337
2019-11-20 20:49:00,4.372,4.372,4.371,4.371,1392.59093
2019-11-20 20:48:00,4.365,4.368,4.365,4.368,314.06278
2019-11-20 20:47:00,4.37,4.37,4.364,4.366,1749.86026
2019-11-20 20:46:00,4.371,4.371,4.37,4.37,1950.37633
2019-11-20 20:45:00,4.371,4.371,4.369,4.371,1221.905
2019-11-20 20:44:00,4.37,4.375,4.37,4.373,3027.55548
2019-11-20 20:43:00,4.373,4.373,4.367,4.371,2467.12848
2019-11-20 20:42:00,4.374,4.379,4.374,4.374,1289.20246
2019-11-20 20:41:00,4.374,4.374,4.374,4.374,189.08185
2019-11-20 20:40:00,4.368,4.375,4.368,4.374,5564.58443
2019-11-20 20:39:00,4.372,4.372,4.367,4.369,5204.51386
2019-11-20 20:38:00,4.379,4.38,4.374,4.376,1195.70137
2019-11-20 20:37:00,4.375,4.38,4.375,4.379,2088.14375
2019-11-20 20:36:00,4.372,4.377,4.371,4.375,1553.44472
2019-11-20 20:35:00,4.371,4.375,4.371,4.374,405.43886
2019-11-20 20:34:00,4.372,4.374,4.372,4.372,1720.66057
2019-11-20 20:33:00,4.364,4.373,4.364,4.373,4636.14518
2019-11-20 20:32:00,4.372,4.372,4.364,4.365,5834.54902
2019-11-20 20:31:00,4.373,4.377,4.372,4.372,2886.88111
2019-11-20 20:30:00,4.385,4.385,4.373,4.374,3020.40036
2019-11-20 20:29:00,4.385,4.388,4.384,4.385,566.20169
2019-11-20 20:28:00,4.386,4.386,4.385,4.385,340.38966
2019-11-20 20:27:00,4.388,4.388,4.386,4.386,365.802
2019-11-20 20:26:00,4.387,4.388,4.386,4.386,1683.02678
2019-11-20 20:25:00,4.386,4.389,4.381,4.387,1895.90498
2019-11-20 20:24:00,4.387,4.388,4.387,4.387,654.00583
2019-11-20 20:23:00,4.388,4.393,4.388,4.388,6894.96275
2019-11-20 20:22:00,4.383,4.387,4.383,4.387,3539.8175
2019-11-20 20:21:00,4.393,4.393,4.384,4.384,1535.76436
2019-11-20 20:20:00,4.389,4.394,4.388,4.394,1003.79613
2019-11-20 20:19:00,4.388,4.389,4.387,4.388,170.82028
2019-11-20 20:18:00,4.389,4.389,4.389,4.389,1161.15118
2019-11-20 20:17:00,4.39,4.39,4.39,4.39,1442.74847
2019-11-20 20:16:00,4.389,4.391,4.389,4.39,2409.18724
2019-11-20 20:15:00,4.393,4.393,4.389,4.389,2579.32201
2019-11-20 20:14:00,4.388,4.394,4.388,4.393,2125.79798
2019-11-20 20:13:00,4.389,4.389,4.387,4.388,1461.24549
2019-11-20 20:12:00,4.391,4.391,4.388,4.389,572.64364
2019-11-20 20:11:00,4.393,4.393,4.391,4.391,1924.17645
2019-11-20 20:10:00,4.394,4.394,4.393,4.393,348.66423
2019-11-20 20:09:00,4.395,4.395,4.392,4.392,1173.4936
2019-11-20 20:08:00,4.393,4.396,4.393,4.395,2086.51921
2019-11-20 20:07:00,4.395,4.397,4.394,4.394,1261.70728
2019-11-20 20:06:00,4.392,4.395,4.392,4.394,341.25291
2019-11-20 20:05:00,4.388,4.391,4.388,4.391,2034.53654
2019-11-20 20:04:00,4.392,4.392,4.388,4.388,66.17753
2019-11-20 20:03:00,4.389,4.393,4.389,4.393,512.11868
2019-11-20 20:02:00,4.39,4.391,4.388,4.389,1617.3874
2019-11-20 20:01:00,4.388,4.389,4.388,4.389,1016.54414
2019-11-20 20:00:00,4.385,4.388,4.385,4.388,768.50807
2019-11-20 19:59:00,4.38,4.385,4.38,4.385,1179.4769
2019-11-20 19:58:00,4.38,4.38,4.38,4.38,3605.21676
2019-11-20 19:57:00,4.379,4.379,4.379,4.379,470.9576
2019-11-20 19:56:00,4.383,4.383,4.38,4.38,1782.12724
2019-11-20 19:55:00,4.384,4.384,4.384,4.384,0.03416
2019-11-20 19:54:00,4.382,4.385,4.382,4.384,2950.96732
2019-11-20 19:53:00,4.384,4.384,4.384,4.384,843.12948
2019-11-20 19:52:00,4.384,4.386,4.382,4.383,1440.62478
2019-11-20 19:51:00,4.386,4.386,4.381,4.381,13.84224
2019-11-20 19:50:00,4.384,4.386,4.384,4.386,640.95017
2019-11-20 19:49:00,4.387,4.387,4.383,4.384,2585.72654
2019-11-20 19:48:00,4.386,4.387,4.386,4.387,1042.54683
2019-11-20 19:47:00,4.387,4.387,4.384,4.384,749.8139
2019-11-20 19:46:00,4.387,4.388,4.384,4.387,508.48027
2019-11-20 19:45:00,4.39,4.392,4.389,4.389,1264.25756
2019-11-20 19:44:00,4.386,4.395,4.386,4.391,5360.13185
2019-11-20 19:43:00,4.382,4.392,4.382,4.385,7407.13616
2019-11-20 19:42:00,4.377,4.382,4.377,4.382,2185.2021
2019-11-20 19:41:00,4.376,4.381,4.376,4.377,1478.42219
2019-11-20 19:40:00,4.373,4.374,4.373,4.374,1656.91392
2019-11-20 19:39:00,4.378,4.378,4.373,4.373,124.93497
2019-11-20 19:38:00,4.383,4.383,4.378,4.378,185.40523
2019-11-20 19:37:00,4.389,4.389,4.384,4.384,2895.75307
2019-11-20 19:36:00,4.388,4.39,4.388,4.389,350.45508
2019-11-20 19:35:00,4.387,4.391,4.387,4.389,1005.23381
2019-11-20 19:34:00,4.381,4.388,4.38,4.387,2863.37204
2019-11-20 19:33:00,4.381,4.381,4.38,4.381,2798.87006
2019-11-20 19:32:00,4.379,4.381,4.379,4.381,2026.70511
2019-11-20 19:31:00,4.379,4.381,4.379,4.379,1897.73555
2019-11-20 19:30:00,4.378,4.379,4.377,4.379,1104.8359
2019-11-20 19:29:00,4.365,4.377,4.365,4.376,5700.93698
2019-11-20 19:28:00,4.366,4.37,4.363,4.365,5823.97722
2019-11-20 19:27:00,4.367,4.367,4.366,4.366,395.44696
2019-11-20 19:26:00,4.367,4.367,4.366,4.366,764.2393
2019-11-20 19:25:00,4.368,4.368,4.368,4.368,23.28652
2019-11-20 19:24:00,4.366,4.368,4.366,4.368,1035.93779
2019-11-20 19:23:00,4.366,4.366,4.365,4.366,284.09021
2019-11-20 19:22:00,4.369,4.369,4.366,4.366,1274.07806
2019-11-20 19:21:00,4.375,4.375,4.369,4.369,2544.81039
2019-11-20 19:20:00,4.375,4.375,4.375,4.375,0.41112
2019-11-20 19:19:00,4.374,4.375,4.374,4.375,254.66484
2019-11-20 19:18:00,4.369,4.374,4.369,4.374,1204.15766
2019-11-20 19:17:00,4.375,4.375,4.368,4.369,1058.66232
2019-11-20 19:16:00,4.373,4.376,4.372,4.374,2522.85973
2019-11-20 19:15:00,4.379,4.38,4.373,4.378,3688.22997
2019-11-20 19:14:00,4.371,4.38,4.371,4.38,2014.6686
2019-11-20 19:13:00,4.361,4.371,4.357,4.371,15596.64363
2019-11-20 19:12:00,4.36,4.361,4.359,4.361,611.58677
2019-11-20 19:11:00,4.354,4.362,4.354,4.36,4265.23667
2019-11-20 19:10:00,4.356,4.359,4.355,4.355,1873.65798
2019-11-20 19:09:00,4.355,4.355,4.354,4.355,322.2907
2019-11-20 19:08:00,4.354,4.358,4.354,4.355,1666.15573
2019-11-20 19:07:00,4.353,4.353,4.351,4.353,909.69791
2019-11-20 19:06:00,4.347,4.355,4.347,4.352,6262.60432
2019-11-20 19:05:00,4.341,4.346,4.341,4.345,2126.51173
2019-11-20 19:04:00,4.338,4.341,4.338,4.341,1716.86197
2019-11-20 19:03:00,4.341,4.341,4.338,4.338,379.43322
2019-11-20 19:02:00,4.345,4.346,4.341,4.341,2917.53272
2019-11-20 19:01:00,4.339,4.346,4.339,4.346,1294.82393
2019-11-20 19:00:00,4.34,4.34,4.336,4.34,2721.26712
2019-11-20 18:59:00,4.341,4.341,4.34,4.34,135.4745
2019-11-20 18:58:00,4.343,4.343,4.341,4.342,206.91412
2019-11-20 18:57:00,4.346,4.346,4.344,4.344,1252.89461
2019-11-20 18:56:00,4.344,4.346,4.344,4.345,947.32622
2019-11-20 18:55:00,4.347,4.347,4.343,4.344,596.56393
2019-11-20 18:54:00,4.347,4.349,4.346,4.348,2680.97284
2019-11-20 18:53:00,4.351,4.351,4.347,4.347,2231.28064
2019-11-20 18:52:00,4.356,4.356,4.352,4.352,1379.54353
2019-11-20 18:51:00,4.354,4.358,4.354,4.358,2182.51195
2019-11-20 18:50:00,4.357,4.357,4.353,4.354,1882.12124
2019-11-20 18:49:00,4.36,4.36,4.358,4.358,373.90872
2019-11-20 18:48:00,4.361,4.361,4.359,4.36,572.16502
2019-11-20 18:47:00,4.366,4.366,4.362,4.362,693.90626
2019-11-20 18:46:00,4.363,4.368,4.363,4.366,1439.37283
2019-11-20 18:45:00,4.361,4.361,4.358,4.359,1689.34937
2019-11-20 18:44:00,4.36,4.364,4.36,4.362,1699.40319
2019-11-20 18:43:00,4.353,4.36,4.353,4.36,2425.56156
2019-11-20 18:42:00,4.355,4.355,4.353,4.353,1044.96493
2019-11-20 18:41:00,4.357,4.357,4.355,4.355,1335.33121
2019-11-20 18:40:00,4.356,4.358,4.356,4.358,1136.0798
2019-11-20 18:39:00,4.35,4.355,4.35,4.355,1759.49492
2019-11-20 18:38:00,4.352,4.352,4.351,4.351,1772.09758
2019-11-20 18:37:00,4.355,4.355,4.343,4.352,22300.21028
2019-11-20 18:36:00,4.344,4.357,4.344,4.356,2942.41747
2019-11-20 18:35:00,4.346,4.346,4.339,4.344,2277.31334
2019-11-20 18:34:00,4.349,4.349,4.342,4.346,4261.34426
2019-11-20 18:33:00,4.351,4.351,4.349,4.35,3834.57322
2019-11-20 18:32:00,4.355,4.355,4.349,4.351,3836.7731
2019-11-20 18:31:00,4.355,4.356,4.354,4.354,271.98551
2019-11-20 18:30:00,4.354,4.355,4.35,4.355,1072.93604
2019-11-20 18:29:00,4.354,4.354,4.354,4.354,2.40179
2019-11-20 18:28:00,4.352,4.353,4.352,4.353,581.33451
2019-11-20 18:27:00,4.351,4.352,4.351,4.352,1552.28019
2019-11-20 18:26:00,4.35,4.351,4.348,4.351,1770.0588
2019-11-20 18:25:00,4.359,4.359,4.351,4.352,2371.48149
2019-11-20 18:24:00,4.354,4.361,4.349,4.359,9661.46455
2019-11-20 18:23:00,4.356,4.357,4.354,4.355,2115.59486
2019-11-20 18:22:00,4.36,4.36,4.353,4.355,6833.12918
2019-11-20 18:21:00,4.365,4.366,4.361,4.361,970.63936
2019-11-20 18:20:00,4.361,4.368,4.361,4.365,1789.36278
2019-11-20 18:19:00,4.361,4.361,4.36,4.36,937.52933
2019-11-20 18:18:00,4.366,4.366,4.361,4.361,1840.10786
2019-11-20 18:17:00,4.369,4.369,4.366,4.366,380.55699
2019-11-20 18:16:00,4.371,4.371,4.369,4.37,1138.47612
2019-11-20 18:15:00,4.373,4.373,4.371,4.371,435.9633
2019-11-20 18:14:00,4.373,4.374,4.373,4.374,120.94983
2019-11-20 18:13:00,4.375,4.38,4.373,4.373,1122.90277
2019-11-20 18:12:00,4.374,4.374,4.374,4.374,4.16313
2019-11-20 18:11:00,4.369,4.374,4.369,4.373,1700.59476
2019-11-20 18:10:00,4.368,4.368,4.368,4.368,2
2019-11-20 18:09:00,4.365,4.369,4.363,4.369,2089.30043
2019-11-20 18:08:00,4.368,4.368,4.367,4.367,280.79426
2019-11-20 18:07:00,4.37,4.37,4.367,4.368,2677.41034
2019-11-20 18:06:00,4.363,4.371,4.363,4.37,1779.27744
2019-11-20 18:05:00,4.361,4.362,4.36,4.362,2199.73931
2019-11-20 18:04:00,4.364,4.365,4.361,4.363,5681.81986
2019-11-20 18:03:00,4.36,4.364,4.36,4.364,335.35179
2019-11-20 18:02:00,4.357,4.362,4.352,4.359,2006.56106
2019-11-20 18:01:00,4.363,4.363,4.357,4.357,865.9306
2019-11-20 18:00:00,4.363,4.363,4.362,4.363,3094.77977
2019-11-20 17:59:00,4.358,4.365,4.358,4.364,1634.77205
2019-11-20 17:58:00,4.355,4.358,4.353,4.358,4453.94947
2019-11-20 17:57:00,4.357,4.359,4.355,4.355,2307.00938
2019-11-20 17:56:00,4.356,4.357,4.354,4.357,2924.8189
2019-11-20 17:55:00,4.364,4.365,4.357,4.358,6177.88188
2019-11-20 17:54:00,4.367,4.367,4.362,4.363,1422.1886
2019-11-20 17:53:00,4.368,4.368,4.367,4.367,627.49639
2019-11-20 17:52:00,4.374,4.374,4.367,4.368,18467.72594
2019-11-20 17:51:00,4.379,4.379,4.373,4.375,4739.96921
2019-11-20 17:50:00,4.381,4.381,4.379,4.379,173.01323
2019-11-20 17:49:00,4.381,4.381,4.381,4.381,249.70687
2019-11-20 17:48:00,4.381,4.381,4.38,4.38,1091.02851
2019-11-20 17:47:00,4.381,4.381,4.381,4.381,2375.92328
2019-11-20 17:46:00,4.384,4.384,4.381,4.381,3363.73952
2019-11-20 17:45:00,4.379,4.384,4.379,4.384,1081.75889
2019-11-20 17:44:00,4.379,4.38,4.377,4.379,985.06304
2019-11-20 17:43:00,4.386,4.386,4.378,4.378,1572.17641
2019-11-20 17:42:00,4.381,4.386,4.38,4.386,1665.61799
2019-11-20 17:41:00,4.381,4.381,4.378,4.381,3535.63321
2019-11-20 17:40:00,4.382,4.382,4.38,4.38,695.8132
2019-11-20 17:39:00,4.375,4.382,4.374,4.382,2837.9803
2019-11-20 17:38:00,4.375,4.375,4.371,4.374,2255.90772
2019-11-20 17:37:00,4.38,4.38,4.375,4.377,2133.4839
2019-11-20 17:36:00,4.381,4.381,4.38,4.38,2234.23493
2019-11-20 17:35:00,4.385,4.385,4.381,4.381,559.41504
2019-11-20 17:34:00,4.387,4.389,4.385,4.385,628.18024
2019-11-20 17:33:00,4.389,4.389,4.389,4.389,5
2019-11-20 17:32:00,4.389,4.389,4.389,4.389,0
2019-11-20 17:31:00,4.386,4.389,4.386,4.389,1248.55501
2019-11-20 17:30:00,4.387,4.388,4.384,4.386,2658.53562
2019-11-20 17:29:00,4.386,4.387,4.386,4.387,622.03539
2019-11-20 17:28:00,4.389,4.389,4.386,4.386,2084.53928
2019-11-20 17:27:00,4.386,4.388,4.386,4.388,1356.49056
2019-11-20 17:26:00,4.375,4.386,4.375,4.386,5762.59932
2019-11-20 17:25:00,4.375,4.378,4.37,4.374,2458.91064
2019-11-20 17:24:00,4.374,4.381,4.373,4.376,3307.04266
2019-11-20 17:23:00,4.383,4.383,4.371,4.371,2899.90896
2019-11-20 17:22:00,4.389,4.389,4.383,4.383,848.89627
2019-11-20 17:21:00,4.383,4.388,4.383,4.388,2239.79703
2019-11-20 17:20:00,4.378,4.381,4.378,4.381,530.29299
2019-11-20 17:19:00,4.379,4.379,4.375,4.377,833.25987
2019-11-20 17:18:00,4.383,4.383,4.379,4.379,1665.87597
2019-11-20 17:17:00,4.38,4.385,4.379,4.383,1972.74799
2019-11-20 17:16:00,4.377,4.384,4.375,4.383,5836.88964
2019-11-20 17:15:00,4.386,4.386,4.38,4.38,1296.08725
2019-11-20 17:14:00,4.379,4.386,4.379,4.386,2007.26962
2019-11-20 17:13:00,4.387,4.387,4.378,4.378,3218.36413
2019-11-20 17:12:00,4.384,4.386,4.384,4.386,1697.59702
2019-11-20 17:11:00,4.381,4.386,4.381,4.384,1250.41866
2019-11-20 17:10:00,4.397,4.397,4.381,4.381,1786.26123
2019-11-20 17:09:00,4.398,4.398,4.396,4.397,2261.75876
2019-11-20 17:08:00,4.398,4.398,4.398,4.398,3.17223
2019-11-20 17:07:00,4.398,4.398,4.398,4.398,198.227
2019-11-20 17:06:00,4.4,4.401,4.399,4.4,1488.21664
2019-11-20 17:05:00,4.401,4.402,4.399,4.4,754.72587
2019-11-20 17:04:00,4.399,4.401,4.399,4.401,986.15502
2019-11-20 17:03:00,4.4,4.4,4.399,4.399,1046.08253
2019-11-20 17:02:00,4.401,4.403,4.399,4.4,528.39598
2019-11-20 17:01:00,4.402,4.403,4.401,4.403,1395.91994
2019-11-20 17:00:00,4.399,4.402,4.399,4.402,1019.90133
2019-11-20 16:59:00,4.4,4.4,4.398,4.398,366.22408
2019-11-20 16:58:00,4.4,4.402,4.399,4.399,1397.99908
2019-11-20 16:57:00,4.406,4.407,4.4,4.401,4190.49888
2019-11-20 16:56:00,4.405,4.406,4.405,4.406,224.7446
2019-11-20 16:55:00,4.401,4.404,4.401,4.404,1470.57593
2019-11-20 16:54:00,4.401,4.401,4.401,4.401,165.33727
2019-11-20 16:53:00,4.398,4.4,4.398,4.4,1377.03604
2019-11-20 16:52:00,4.398,4.398,4.398,4.398,2284.88725
2019-11-20 16:51:00,4.402,4.402,4.399,4.399,465.90335
2019-11-20 16:50:00,4.405,4.407,4.4,4.405,28699.33936
2019-11-20 16:49:00,4.405,4.407,4.405,4.405,8688.61962
2019-11-20 16:48:00,4.406,4.406,4.405,4.405,30902.63828
2019-11-20 16:47:00,4.405,4.407,4.405,4.405,16273.93131
2019-11-20 16:46:00,4.407,4.407,4.405,4.406,2461.10611
2019-11-20 16:45:00,4.407,4.41,4.405,4.41,116336.00262
2019-11-20 16:44:00,4.407,4.408,4.407,4.407,8714.8616
2019-11-20 16:43:00,4.407,4.408,4.407,4.407,26599.02405
2019-11-20 16:42:00,4.414,4.414,4.408,4.408,1893.61274
2019-11-20 16:41:00,4.408,4.413,4.408,4.413,1624.32639
2019-11-20 16:40:00,4.41,4.411,4.408,4.408,1716.87174
2019-11-20 16:39:00,4.413,4.413,4.41,4.41,1175.46798
2019-11-20 16:38:00,4.413,4.413,4.413,4.413,693.13351
2019-11-20 16:37:00,4.411,4.412,4.411,4.412,160.42256
2019-11-20 16:36:00,4.41,4.41,4.41,4.41,730.05585
2019-11-20 16:35:00,4.409,4.41,4.409,4.41,210.37168
2019-11-20 16:34:00,4.41,4.411,4.409,4.409,1572.28901
2019-11-20 16:33:00,4.411,4.411,4.408,4.41,1885.80656
2019-11-20 16:32:00,4.409,4.413,4.409,4.412,41520.86552
2019-11-20 16:31:00,4.41,4.41,4.409,4.409,990.46612
2019-11-20 16:30:00,4.411,4.411,4.409,4.41,1045.31184
2019-11-20 16:29:00,4.411,4.411,4.409,4.411,294.75021
2019-11-20 16:28:00,4.411,4.411,4.411,4.411,0
2019-11-20 16:27:00,4.412,4.412,4.411,4.411,311.03076
2019-11-20 16:26:00,4.409,4.412,4.409,4.411,232.25177
2019-11-20 16:25:00,4.41,4.411,4.409,4.409,2622.05896
2019-11-20 16:24:00,4.411,4.412,4.409,4.41,2823.04468
2019-11-20 16:23:00,4.413,4.413,4.409,4.411,711.27249
2019-11-20 16:22:00,4.41,4.411,4.409,4.411,1418.88915
2019-11-20 16:21:00,4.411,4.412,4.41,4.41,2701.05332
2019-11-20 16:20:00,4.41,4.41,4.41,4.41,99.7071
2019-11-20 16:19:00,4.413,4.413,4.41,4.41,2454.98988
2019-11-20 16:18:00,4.413,4.414,4.413,4.413,1394.34608
2019-11-20 16:17:00,4.415,4.415,4.413,4.413,429.66484
2019-11-20 16:16:00,4.415,4.416,4.414,4.415,1490.40182
2019-11-20 16:15:00,4.416,4.416,4.413,4.416,3655.37772
2019-11-20 16:14:00,4.416,4.417,4.416,4.417,1902.94781
2019-11-20 16:13:00,4.416,4.416,4.415,4.416,536.27365
2019-11-20 16:12:00,4.414,4.419,4.414,4.415,4704.17194
2019-11-20 16:11:00,4.417,4.417,4.411,4.415,1897.91132
2019-11-20 16:10:00,4.417,4.417,4.417,4.417,213.81439
2019-11-20 16:09:00,4.415,4.418,4.415,4.417,3966.44018
2019-11-20 16:08:00,4.415,4.415,4.415,4.415,183.63594
2019-11-20 16:07:00,4.413,4.414,4.413,4.414,2217.88188
2019-11-20 16:06:00,4.412,4.412,4.411,4.412,2069.73843
2019-11-20 16:05:00,4.416,4.416,4.414,4.414,1016.38513
2019-11-20 16:04:00,4.415,4.415,4.415,4.415,473.12689
2019-11-20 16:03:00,4.415,4.416,4.414,4.415,1852.0168
2019-11-20 16:02:00,4.419,4.419,4.416,4.416,1528.24686
2019-11-20 16:01:00,4.417,4.418,4.417,4.418,2299.98662
2019-11-20 16:00:00,4.417,4.417,4.416,4.416,456.91293
2019-11-20 15:59:00,4.415,4.418,4.415,4.417,2958.64179
2019-11-20 15:58:00,4.413,4.415,4.411,4.415,2292.63996
2019-11-20 15:57:00,4.413,4.42,4.413,4.413,4077.42585
2019-11-20 15:56:00,4.409,4.414,4.409,4.41,4329.51826
2019-11-20 15:55:00,4.409,4.409,4.409,4.409,187.97014
2019-11-20 15:54:00,4.409,4.412,4.409,4.409,13128.96338
2019-11-20 15:53:00,4.41,4.412,4.409,4.409,7184.32605
2019-11-20 15:52:00,4.411,4.411,4.409,4.409,7512.26194
2019-11-20 15:51:00,4.416,4.416,4.41,4.41,808.87643
2019-11-20 15:50:00,4.417,4.417,4.413,4.416,654.72188
2019-11-20 15:49:00,4.42,4.42,4.409,4.416,11523.40612
2019-11-20 15:48:00,4.418,4.421,4.418,4.421,2025.78144
2019-11-20 15:47:00,4.423,4.423,4.416,4.417,533.79335
2019-11-20 15:46:00,4.425,4.425,4.414,4.422,8511.07452
2019-11-20 15:45:00,4.423,4.425,4.42,4.424,786.34757
2019-11-20 15:44:00,4.424,4.426,4.424,4.424,2894.67697
2019-11-20 15:43:00,4.421,4.424,4.421,4.424,708.79875
2019-11-20 15:42:00,4.425,4.425,4.42,4.42,1074.53441
2019-11-20 15:41:00,4.433,4.434,4.423,4.426,1188.47151
2019-11-20 15:40:00,4.436,4.437,4.423,4.432,11690.69622
2019-11-20 15:39:00,4.438,4.439,4.436,4.436,2961.84133
2019-11-20 15:38:00,4.438,4.439,4.436,4.438,5056.24348
2019-11-20 15:37:00,4.437,4.438,4.434,4.438,1118.49653
2019-11-20 15:36:00,4.431,4.436,4.431,4.436,3673.95339
2019-11-20 15:35:00,4.433,4.433,4.429,4.431,3068.76343
2019-11-20 15:34:00,4.436,4.436,4.43,4.433,2959.37911
2019-11-20 15:33:00,4.431,4.44,4.431,4.437,3900.12289
2019-11-20 15:32:00,4.43,4.432,4.43,4.432,294.19249
2019-11-20 15:31:00,4.427,4.43,4.427,4.43,1095.75314
2019-11-20 15:30:00,4.425,4.427,4.425,4.427,922.29007
2019-11-20 15:29:00,4.424,4.427,4.424,4.427,155.1962
2019-11-20 15:28:00,4.423,4.425,4.422,4.425,2514.42119
2019-11-20 15:27:00,4.422,4.425,4.419,4.424,10761.19139
2019-11-20 15:26:00,4.42,4.421,4.415,4.421,9310.1016
2019-11-20 15:25:00,4.415,4.422,4.415,4.42,5212.50215
2019-11-20 15:24:00,4.413,4.414,4.411,4.413,2301.87355
2019-11-20 15:23:00,4.42,4.422,4.413,4.413,1214.0985
2019-11-20 15:22:00,4.42,4.42,4.42,4.42,710.45824
2019-11-20 15:21:00,4.42,4.422,4.412,4.42,3090.19862
2019-11-20 15:20:00,4.425,4.425,4.419,4.42,1517.67337
2019-11-20 15:19:00,4.415,4.425,4.414,4.425,5574.92298
2019-11-20 15:18:00,4.418,4.419,4.417,4.417,337.57382
2019-11-20 15:17:00,4.421,4.423,4.42,4.422,1440.99285
2019-11-20 15:16:00,4.423,4.425,4.422,4.422,1717.24062
2019-11-20 15:15:00,4.422,4.423,4.422,4.423,810.05694
2019-11-20 15:14:00,4.424,4.424,4.422,4.422,253.06117
2019-11-20 15:13:00,4.423,4.424,4.423,4.424,231.40037
2019-11-20 15:12:00,4.419,4.423,4.419,4.423,393.20532
2019-11-20 15:11:00,4.42,4.42,4.418,4.419,1433.42242
2019-11-20 15:10:00,4.422,4.422,4.42,4.42,258.19096
2019-11-20 15:09:00,4.419,4.422,4.419,4.422,256.20769
2019-11-20 15:08:00,4.42,4.42,4.419,4.419,973.59734
2019-11-20 15:07:00,4.418,4.42,4.418,4.42,1704.30217
2019-11-20 15:06:00,4.419,4.419,4.417,4.418,4222.89361
2019-11-20 15:05:00,4.419,4.419,4.417,4.418,637.16157
2019-11-20 15:04:00,4.418,4.422,4.418,4.419,1476.2789
2019-11-20 15:03:00,4.421,4.421,4.419,4.419,358.62621
2019-11-20 15:02:00,4.421,4.422,4.421,4.421,732.32404
2019-11-20 15:01:00,4.419,4.422,4.418,4.422,3055.76803
2019-11-20 15:00:00,4.414,4.419,4.414,4.419,1182.02631
2019-11-20 14:59:00,4.414,4.414,4.412,4.414,2003.98492
2019-11-20 14:58:00,4.411,4.414,4.411,4.413,1026.83049
2019-11-20 14:57:00,4.411,4.412,4.411,4.411,1714.63413
2019-11-20 14:56:00,4.413,4.415,4.409,4.41,2974.8694
2019-11-20 14:55:00,4.411,4.413,4.411,4.413,1781.93157
2019-11-20 14:54:00,4.411,4.411,4.411,4.411,93.29
2019-11-20 14:53:00,4.41,4.41,4.41,4.41,107.8535
2019-11-20 14:52:00,4.41,4.41,4.41,4.41,36.3
2019-11-20 14:51:00,4.41,4.41,4.41,4.41,330.98784
2019-11-20 14:50:00,4.41,4.41,4.409,4.41,488.28654
2019-11-20 14:49:00,4.41,4.41,4.41,4.41,1742.95555
2019-11-20 14:48:00,4.41,4.41,4.41,4.41,0
2019-11-20 14:47:00,4.41,4.41,4.41,4.41,276.14678
2019-11-20 14:46:00,4.411,4.411,4.409,4.41,997.46573
2019-11-20 14:45:00,4.409,4.411,4.408,4.411,3610.25062
2019-11-20 14:44:00,4.41,4.41,4.409,4.409,301.53066
2019-11-20 14:43:00,4.407,4.41,4.407,4.409,440.15336
2019-11-20 14:42:00,4.409,4.409,4.407,4.407,232.47618
2019-11-20 14:41:00,4.409,4.41,4.409,4.409,1406.79766
2019-11-20 14:40:00,4.408,4.409,4.408,4.409,152.15217
2019-11-20 14:39:00,4.409,4.409,4.408,4.409,511.54485
2019-11-20 14:38:00,4.41,4.41,4.408,4.408,1584.60764
2019-11-20 14:37:00,4.409,4.409,4.409,4.409,420.75668
2019-11-20 14:36:00,4.409,4.409,4.408,4.408,568.90996
2019-11-20 14:35:00,4.408,4.411,4.407,4.409,3099.63035
2019-11-20 14:34:00,4.408,4.408,4.408,4.408,2.68986
2019-11-20 14:33:00,4.408,4.408,4.408,4.408,2.72203
2019-11-20 14:32:00,4.409,4.409,4.408,4.408,770.57956
2019-11-20 14:31:00,4.406,4.409,4.406,4.409,184.69364
2019-11-20 14:30:00,4.4,4.408,4.4,4.408,2133.41754
2019-11-20 14:29:00,4.405,4.406,4.402,4.402,1978.12519
2019-11-20 14:28:00,4.401,4.407,4.401,4.407,3137.33936
2019-11-20 14:27:00,4.401,4.401,4.399,4.4,489.29684
2019-11-20 14:26:00,4.403,4.403,4.403,4.403,2
2019-11-20 14:25:00,4.411,4.411,4.403,4.403,5767.11341
2019-11-20 14:24:00,4.41,4.411,4.41,4.411,972.00329
2019-11-20 14:23:00,4.41,4.41,4.409,4.409,1181.33455
2019-11-20 14:22:00,4.411,4.411,4.411,4.411,30.93069
2019-11-20 14:21:00,4.409,4.409,4.409,4.409,1312.62688
2019-11-20 14:20:00,4.406,4.408,4.405,4.408,890.34731
2019-11-20 14:19:00,4.407,4.407,4.407,4.407,0
2019-11-20 14:18:00,4.407,4.407,4.407,4.407,3303.93561
2019-11-20 14:17:00,4.41,4.411,4.407,4.407,1743.46674
2019-11-20 14:16:00,4.409,4.41,4.409,4.409,2684.22463
2019-11-20 14:15:00,4.413,4.413,4.41,4.411,1749.49741
2019-11-20 14:14:00,4.414,4.414,4.414,4.414,3.5128
2019-11-20 14:13:00,4.414,4.415,4.414,4.414,234.68694
2019-11-20 14:12:00,4.414,4.414,4.413,4.414,143.87237
2019-11-20 14:11:00,4.411,4.414,4.411,4.414,79.03287
2019-11-20 14:10:00,4.411,4.411,4.411,4.411,1019.44493
2019-11-20 14:09:00,4.411,4.411,4.408,4.411,2434.39342
2019-11-20 14:08:00,4.406,4.412,4.405,4.411,4625.83618
2019-11-20 14:07:00,4.416,4.419,4.406,4.406,4651.96682
2019-11-20 14:06:00,4.414,4.416,4.413,4.414,413.14481
2019-11-20 14:05:00,4.413,4.42,4.413,4.415,2488.04814
2019-11-20 14:04:00,4.407,4.419,4.407,4.413,2670.10893
2019-11-20 14:03:00,4.405,4.405,4.404,4.405,278.48151
2019-11-20 14:02:00,4.396,4.408,4.396,4.405,11818.00406
2019-11-20 14:01:00,4.399,4.405,4.392,4.396,5852.52359
2019-11-20 14:00:00,4.388,4.4,4.388,4.4,6784.10166
2019-11-20 13:59:00,4.388,4.388,4.388,4.388,1094.39358
2019-11-20 13:58:00,4.387,4.389,4.387,4.389,1817.75059
2019-11-20 13:57:00,4.386,4.387,4.386,4.387,1227.44378
2019-11-20 13:56:00,4.375,4.387,4.375,4.386,7377.37957
2019-11-20 13:55:00,4.383,4.383,4.378,4.378,1799.40415
2019-11-20 13:54:00,4.377,4.383,4.377,4.383,2994.77453
2019-11-20 13:53:00,4.384,4.385,4.377,4.377,2362.77707
2019-11-20 13:52:00,4.378,4.385,4.378,4.384,4628.79547
2019-11-20 13:51:00,4.389,4.389,4.378,4.378,1985.98897
2019-11-20 13:50:00,4.389,4.394,4.388,4.388,1299.02099
2019-11-20 13:49:00,4.39,4.39,4.388,4.389,2878.369
2019-11-20 13:48:00,4.378,4.391,4.378,4.39,7291.57552
2019-11-20 13:47:00,4.38,4.384,4.379,4.379,4263.85729
2019-11-20 13:46:00,4.377,4.38,4.377,4.38,931.73263
2019-11-20 13:45:00,4.38,4.388,4.378,4.378,4242.76694
2019-11-20 13:44:00,4.378,4.378,4.378,4.378,788.32046
2019-11-20 13:43:00,4.377,4.378,4.376,4.378,250.15253
2019-11-20 13:42:00,4.375,4.378,4.375,4.378,551.80625
2019-11-20 13:41:00,4.372,4.376,4.372,4.375,1888.60864
2019-11-20 13:40:00,4.374,4.382,4.371,4.371,2883.19153
2019-11-20 13:39:00,4.375,4.376,4.374,4.375,2285.50997
2019-11-20 13:38:00,4.375,4.375,4.374,4.374,1687.93932
2019-11-20 13:37:00,4.375,4.375,4.375,4.375,0.42116
2019-11-20 13:36:00,4.375,4.376,4.375,4.375,184.15977
2019-11-20 13:35:00,4.375,4.375,4.375,4.375,413.02774
2019-11-20 13:34:00,4.374,4.375,4.374,4.375,1479.60928
2019-11-20 13:33:00,4.377,4.377,4.375,4.376,3093.17564
2019-11-20 13:32:00,4.378,4.378,4.378,4.378,0.23967
2019-11-20 13:31:00,4.376,4.378,4.376,4.378,1517.44075
2019-11-20 13:30:00,4.376,4.377,4.376,4.376,556.16246
2019-11-20 13:29:00,4.372,4.373,4.372,4.373,3428.63267
2019-11-20 13:28:00,4.366,4.368,4.366,4.368,2326.63161
2019-11-20 13:27:00,4.366,4.367,4.366,4.366,1453.21919
2019-11-20 13:26:00,4.372,4.372,4.368,4.368,3872.17591
2019-11-20 13:25:00,4.37,4.372,4.369,4.372,1902.18081
2019-11-20 13:24:00,4.369,4.37,4.368,4.369,1343.3022
2019-11-20 13:23:00,4.363,4.371,4.363,4.371,145.77648
2019-11-20 13:22:00,4.359,4.369,4.358,4.364,6224.05402
2019-11-20 13:21:00,4.36,4.36,4.359,4.36,579.39444
2019-11-20 13:20:00,4.372,4.372,4.36,4.361,5188.57957
2019-11-20 13:19:00,4.372,4.372,4.372,4.372,0
2019-11-20 13:18:00,4.374,4.374,4.372,4.373,1049.04436
2019-11-20 13:17:00,4.374,4.374,4.374,4.374,74.16
2019-11-20 13:16:00,4.372,4.374,4.372,4.374,1918.09668
2019-11-20 13:15:00,4.37,4.371,4.37,4.371,2765.82761
2019-11-20 13:14:00,4.376,4.376,4.366,4.369,6198.85303
2019-11-20 13:13:00,4.368,4.377,4.368,4.376,764.36536
2019-11-20 13:12:00,4.368,4.369,4.368,4.368,111.32791
2019-11-20 13:11:00,4.368,4.368,4.368,4.368,7.51225
2019-11-20 13:10:00,4.369,4.369,4.368,4.368,161.00556
2019-11-20 13:09:00,4.369,4.369,4.369,4.369,210.18526
2019-11-20 13:08:00,4.369,4.369,4.367,4.369,2001.16812
2019-11-20 13:07:00,4.37,4.37,4.368,4.368,289.82667
2019-11-20 13:06:00,4.37,4.37,4.367,4.368,1879.59186
2019-11-20 13:05:00,4.366,4.37,4.366,4.37,1350.04597
2019-11-20 13:04:00,4.356,4.367,4.356,4.365,8645.08497
2019-11-20 13:03:00,4.364,4.366,4.352,4.356,7355.27575
2019-11-20 13:02:00,4.374,4.374,4.359,4.362,2650.04041
2019-11-20 13:01:00,4.378,4.378,4.37,4.374,3297.84587
2019-11-20 13:00:00,4.38,4.38,4.38,4.38,472.06471
2019-11-20 12:59:00,4.378,4.38,4.378,4.38,348.338
2019-11-20 12:58:00,4.381,4.381,4.378,4.378,2269.31866
2019-11-20 12:57:00,4.383,4.383,4.382,4.382,137.07882
2019-11-20 12:56:00,4.383,4.383,4.382,4.383,3238.69863
2019-11-20 12:55:00,4.383,4.387,4.382,4.382,878.90347
2019-11-20 12:54:00,4.384,4.384,4.383,4.383,22.62662
2019-11-20 12:53:00,4.388,4.388,4.385,4.385,414.34036
2019-11-20 12:52:00,4.387,4.388,4.384,4.388,1285.94535
2019-11-20 12:51:00,4.389,4.389,4.388,4.388,1170.93186
2019-11-20 12:50:00,4.389,4.389,4.389,4.389,197.38099
2019-11-20 12:49:00,4.39,4.392,4.389,4.392,328.41879
2019-11-20 12:48:00,4.393,4.393,4.392,4.392,9.30078
2019-11-20 12:47:00,4.394,4.395,4.394,4.394,251.62829
2019-11-20 12:46:00,4.395,4.395,4.395,4.395,229.5572
2019-11-20 12:45:00,4.394,4.394,4.394,4.394,690.49254
2019-11-20 12:44:00,4.392,4.394,4.391,4.394,117.78171
2019-11-20 12:43:00,4.393,4.393,4.39,4.391,1917.00653
2019-11-20 12:42:00,4.386,4.394,4.386,4.394,1252.84204
2019-11-20 12:41:00,4.385,4.386,4.385,4.386,435.91948
2019-11-20 12:40:00,4.385,4.385,4.384,4.385,263.71688
2019-11-20 12:39:00,4.387,4.387,4.385,4.386,457.22642
2019-11-20 12:38:00,4.386,4.386,4.386,4.386,0
2019-11-20 12:37:00,4.386,4.387,4.385,4.386,161.19107
2019-11-20 12:36:00,4.392,4.392,4.384,4.385,4392.30003
2019-11-20 12:35:00,4.393,4.393,4.382,4.39,3333.74961
2019-11-20 12:34:00,4.389,4.393,4.389,4.393,4243.69104
2019-11-20 12:33:00,4.389,4.39,4.385,4.389,2398.95983
2019-11-20 12:32:00,4.39,4.39,4.389,4.389,436.6261
2019-11-20 12:31:00,4.39,4.39,4.388,4.39,1584.09211
2019-11-20 12:30:00,4.394,4.394,4.391,4.391,189.59332
2019-11-20 12:29:00,4.394,4.394,4.394,4.394,0
2019-11-20 12:28:00,4.394,4.394,4.394,4.394,844.70253
2019-11-20 12:27:00,4.395,4.395,4.394,4.394,1510.84569
2019-11-20 12:26:00,4.394,4.394,4.394,4.394,0
2019-11-20 12:25:00,4.394,4.394,4.394,4.394,0.96563
2019-11-20 12:24:00,4.398,4.398,4.393,4.393,998.04415
2019-11-20 12:23:00,4.399,4.399,4.399,4.399,259.19798
2019-11-20 12:22:00,4.4,4.4,4.4,4.4,16.54
2019-11-20 12:21:00,4.4,4.4,4.4,4.4,0
2019-11-20 12:20:00,4.399,4.4,4.398,4.4,1337.69007
2019-11-20 12:19:00,4.4,4.4,4.399,4.399,140.35622
2019-11-20 12:18:00,4.398,4.401,4.398,4.4,922.44797
2019-11-20 12:17:00,4.399,4.399,4.399,4.399,0.1175
2019-11-20 12:16:00,4.401,4.401,4.401,4.401,176.40384
2019-11-20 12:15:00,4.402,4.402,4.401,4.401,1587.49529
2019-11-20 12:14:00,4.405,4.405,4.401,4.404,4675.85703
2019-11-20 12:13:00,4.405,4.405,4.405,4.405,50.69668
2019-11-20 12:12:00,4.406,4.406,4.405,4.405,1792.16243
2019-11-20 12:11:00,4.408,4.408,4.406,4.407,226.73735
2019-11-20 12:10:00,4.408,4.408,4.408,4.408,0
2019-11-20 12:09:00,4.407,4.408,4.406,4.408,1124.758
2019-11-20 12:08:00,4.412,4.412,4.407,4.407,266.56074
2019-11-20 12:07:00,4.413,4.413,4.412,4.412,2062.04436
2019-11-20 12:06:00,4.413,4.416,4.413,4.413,1876.16388
2019-11-20 12:05:00,4.413,4.413,4.413,4.413,0
2019-11-20 12:04:00,4.413,4.413,4.413,4.413,1029.13026
2019-11-20 12:03:00,4.407,4.413,4.407,4.413,765.93916
2019-11-20 12:02:00,4.403,4.407,4.403,4.407,338.40861
2019-11-20 12:01:00,4.4,4.402,4.4,4.402,820.4851
2019-11-20 12:00:00,4.399,4.4,4.399,4.4,375.96256
2019-11-20 11:59:00,4.398,4.398,4.398,4.398,0
2019-11-20 11:58:00,4.397,4.398,4.397,4.398,1764.57869
2019-11-20 11:57:00,4.396,4.396,4.396,4.396,2
2019-11-20 11:56:00,4.396,4.396,4.396,4.396,415.62778
2019-11-20 11:55:00,4.395,4.397,4.395,4.396,1143.58574
2019-11-20 11:54:00,4.395,4.395,4.395,4.395,926.98523
2019-11-20 11:53:00,4.395,4.395,4.395,4.395,4.34512
2019-11-20 11:52:00,4.396,4.396,4.395,4.395,1384.49738
2019-11-20 11:51:00,4.396,4.396,4.395,4.396,367.39835
2019-11-20 11:50:00,4.395,4.396,4.395,4.395,1906.58181
2019-11-20 11:49:00,4.396,4.396,4.394,4.395,191.72754
2019-11-20 11:48:00,4.397,4.397,4.397,4.397,0
2019-11-20 11:47:00,4.397,4.397,4.396,4.397,3612.39685
2019-11-20 11:46:00,4.399,4.399,4.397,4.398,2048.25744
2019-11-20 11:45:00,4.399,4.4,4.399,4.399,2514.1413
2019-11-20 11:44:00,4.395,4.398,4.395,4.398,2325.3446
2019-11-20 11:43:00,4.396,4.396,4.395,4.395,1564.98328
2019-11-20 11:42:00,4.396,4.396,4.395,4.395,1089.40204
2019-11-20 11:41:00,4.396,4.398,4.396,4.396,2657.5033
2019-11-20 11:40:00,4.395,4.395,4.394,4.394,1162.72244
2019-11-20 11:39:00,4.395,4.397,4.394,4.396,1187.95844
2019-11-20 11:38:00,4.395,4.395,4.394,4.394,682.00981
2019-11-20 11:37:00,4.395,4.395,4.394,4.395,516.58781
2019-11-20 11:36:00,4.395,4.395,4.394,4.394,1511.10973
2019-11-20 11:35:00,4.395,4.396,4.394,4.395,56.59037
2019-11-20 11:34:00,4.396,4.396,4.394,4.394,726.97471
2019-11-20 11:33:00,4.397,4.397,4.397,4.397,1286.41247
2019-11-20 11:32:00,4.397,4.397,4.396,4.397,1490.55643
2019-11-20 11:31:00,4.397,4.397,4.397,4.397,0.84556
2019-11-20 11:30:00,4.398,4.398,4.398,4.398,126.53589
2019-11-20 11:29:00,4.397,4.397,4.397,4.397,359.54864
2019-11-20 11:28:00,4.396,4.396,4.396,4.396,1300.45741
2019-11-20 11:27:00,4.396,4.396,4.396,4.396,112.2
2019-11-20 11:26:00,4.396,4.396,4.396,4.396,2855.1608
2019-11-20 11:25:00,4.393,4.395,4.393,4.395,999.07854
2019-11-20 11:24:00,4.392,4.392,4.392,4.392,0
2019-11-20 11:23:00,4.394,4.394,4.392,4.392,968.46515
2019-11-20 11:22:00,4.393,4.393,4.393,4.393,0.33297
2019-11-20 11:21:00,4.391,4.392,4.39,4.392,139.40486
2019-11-20 11:20:00,4.391,4.391,4.391,4.391,180.77909
2019-11-20 11:19:00,4.391,4.391,4.391,4.391,0.09181
2019-11-20 11:18:00,4.391,4.391,4.389,4.389,618.34231
2019-11-20 11:17:00,4.394,4.394,4.391,4.391,338.23158
2019-11-20 11:16:00,4.394,4.395,4.394,4.395,1760.57629
2019-11-20 11:15:00,4.393,4.396,4.393,4.394,286.3435
2019-11-20 11:14:00,4.393,4.393,4.393,4.393,0.83756
2019-11-20 11:13:00,4.393,4.393,4.393,4.393,298.16698
2019-11-20 11:12:00,4.392,4.394,4.392,4.393,492.57834
2019-11-20 11:11:00,4.394,4.395,4.392,4.393,1079.40902
2019-11-20 11:10:00,4.395,4.395,4.395,4.395,1274.62394
2019-11-20 11:09:00,4.393,4.396,4.393,4.396,2284.10232
2019-11-20 11:08:00,4.392,4.395,4.391,4.393,1532.89772
2019-11-20 11:07:00,4.397,4.397,4.392,4.393,2072.45647
2019-11-20 11:06:00,4.399,4.399,4.396,4.396,2202.97297
2019-11-20 11:05:00,4.402,4.402,4.399,4.399,2149.56988
2019-11-20 11:04:00,4.405,4.405,4.404,4.404,229.95878
2019-11-20 11:03:00,4.403,4.405,4.403,4.405,28.15307
2019-11-20 11:02:00,4.405,4.405,4.403,4.403,739.32273
2019-11-20 11:01:00,4.402,4.404,4.402,4.404,280.93992
2019-11-20 11:00:00,4.398,4.407,4.396,4.401,15047.37344
2019-11-20 10:59:00,4.406,4.406,4.399,4.402,1527.48007
2019-11-20 10:58:00,4.406,4.406,4.406,4.406,160.07684
2019-11-20 10:57:00,4.405,4.405,4.405,4.405,592.77957
2019-11-20 10:56:00,4.403,4.404,4.403,4.403,325.51399
2019-11-20 10:55:00,4.401,4.403,4.401,4.402,2363.02835
2019-11-20 10:54:00,4.4,4.4,4.4,4.4,2.5808
2019-11-20 10:53:00,4.4,4.4,4.4,4.4,101.72553
2019-11-20 10:52:00,4.4,4.4,4.4,4.4,0
2019-11-20 10:51:00,4.4,4.4,4.399,4.4,1960.36865
2019-11-20 10:50:00,4.406,4.407,4.4,4.4,906.83254
2019-11-20 10:49:00,4.399,4.405,4.399,4.405,1979.4403
2019-11-20 10:48:00,4.399,4.4,4.399,4.399,1569.79396
2019-11-20 10:47:00,4.4,4.402,4.398,4.398,296.57154
2019-11-20 10:46:00,4.398,4.399,4.397,4.399,367.59682
2019-11-20 10:45:00,4.405,4.405,4.395,4.396,5534.41744
2019-11-20 10:44:00,4.407,4.408,4.406,4.406,1737.24738
2019-11-20 10:43:00,4.406,4.41,4.406,4.407,2760.66951
2019-11-20 10:42:00,4.412,4.412,4.407,4.407,1639.97971
2019-11-20 10:41:00,4.415,4.415,4.412,4.413,711.24709
2019-11-20 10:40:00,4.412,4.415,4.411,4.413,904.10891
2019-11-20 10:39:00,4.411,4.412,4.411,4.412,492.23491
2019-11-20 10:38:00,4.41,4.412,4.41,4.411,282.88077
2019-11-20 10:37:00,4.412,4.413,4.409,4.409,1247.54682
2019-11-20 10:36:00,4.407,4.412,4.407,4.412,930.5735
2019-11-20 10:35:00,4.404,4.405,4.404,4.405,1384.69956
2019-11-20 10:34:00,4.404,4.404,4.403,4.403,605.15615
2019-11-20 10:33:00,4.399,4.402,4.398,4.402,1014.72681
2019-11-20 10:32:00,4.402,4.402,4.396,4.399,2059.99488
2019-11-20 10:31:00,4.407,4.407,4.402,4.402,588.73889
2019-11-20 10:30:00,4.412,4.412,4.405,4.41,14297.73358
2019-11-20 10:29:00,4.41,4.414,4.41,4.412,1441.52953
2019-11-20 10:28:00,4.413,4.418,4.412,4.412,1388.69702
2019-11-20 10:27:00,4.419,4.419,4.407,4.412,20274.77416
2019-11-20 10:26:00,4.418,4.419,4.416,4.418,3938.1408
2019-11-20 10:25:00,4.419,4.419,4.418,4.418,388.41166
2019-11-20 10:24:00,4.419,4.419,4.419,4.419,1141.47
2019-11-20 10:23:00,4.42,4.42,4.418,4.418,1849.74461
2019-11-20 10:22:00,4.419,4.422,4.419,4.421,1351.18051
2019-11-20 10:21:00,4.417,4.42,4.417,4.419,980.50514
2019-11-20 10:20:00,4.419,4.42,4.418,4.418,1477.91288
2019-11-20 10:19:00,4.417,4.419,4.417,4.419,408.65171
2019-11-20 10:18:00,4.42,4.42,4.417,4.418,715.8238
2019-11-20 10:17:00,4.416,4.418,4.415,4.418,1535.17936
2019-11-20 10:16:00,4.417,4.417,4.417,4.417,0
2019-11-20 10:15:00,4.418,4.419,4.417,4.417,2398.24034
2019-11-20 10:14:00,4.417,4.419,4.414,4.417,3355.98852
2019-11-20 10:13:00,4.406,4.418,4.406,4.417,38915.39579
2019-11-20 10:12:00,4.407,4.407,4.405,4.406,561.30306
2019-11-20 10:11:00,4.407,4.407,4.406,4.407,769.40892
2019-11-20 10:10:00,4.412,4.412,4.406,4.406,3337.21256
2019-11-20 10:09:00,4.413,4.413,4.412,4.412,1624.91958
2019-11-20 10:08:00,4.415,4.416,4.412,4.412,1670.81403
2019-11-20 10:07:00,4.415,4.422,4.413,4.414,4207.81719
2019-11-20 10:06:00,4.42,4.42,4.415,4.415,876.88429
2019-11-20 10:05:00,4.422,4.422,4.417,4.42,619.76586
2019-11-20 10:04:00,4.419,4.422,4.419,4.422,333.2244
2019-11-20 10:03:00,4.412,4.419,4.412,4.418,1652.2284
2019-11-20 10:02:00,4.408,4.412,4.408,4.412,1263.30676
2019-11-20 10:01:00,4.407,4.407,4.407,4.407,18.51594
2019-11-20 10:00:00,4.401,4.407,4.401,4.407,127.34693
2019-11-20 09:59:00,4.401,4.401,4.401,4.401,0
2019-11-20 09:58:00,4.403,4.403,4.4,4.401,2542.84562
2019-11-20 09:57:00,4.401,4.406,4.401,4.402,5899.20376
2019-11-20 09:56:00,4.401,4.401,4.4,4.4,944.25338
2019-11-20 09:55:00,4.4,4.401,4.4,4.401,181.20402
2019-11-20 09:54:00,4.403,4.403,4.401,4.401,2608.31541
2019-11-20 09:53:00,4.407,4.409,4.404,4.404,1029.47665
2019-11-20 09:52:00,4.403,4.411,4.403,4.406,3735.75454
2019-11-20 09:51:00,4.398,4.404,4.398,4.404,2783.55977
2019-11-20 09:50:00,4.404,4.404,4.398,4.398,1483.53237
2019-11-20 09:49:00,4.4,4.403,4.4,4.402,1964.53166
2019-11-20 09:48:00,4.398,4.4,4.396,4.4,1801.34728
2019-11-20 09:47:00,4.397,4.397,4.397,4.397,1776.2422
2019-11-20 09:46:00,4.395,4.398,4.395,4.398,3016.48425
2019-11-20 09:45:00,4.395,4.395,4.394,4.394,1588.74236
2019-11-20 09:44:00,4.401,4.401,4.395,4.395,3049.30114
2019-11-20 09:43:00,4.399,4.402,4.398,4.402,1506.43239
2019-11-20 09:42:00,4.399,4.399,4.398,4.399,269.69201
2019-11-20 09:41:00,4.396,4.401,4.396,4.399,1225.22351
2019-11-20 09:40:00,4.398,4.398,4.397,4.397,1258.85186
2019-11-20 09:39:00,4.397,4.399,4.397,4.398,1618.21143
2019-11-20 09:38:00,4.399,4.399,4.398,4.398,1678.35478
2019-11-20 09:37:00,4.4,4.401,4.4,4.4,2716.39191
2019-11-20 09:36:00,4.403,4.403,4.4,4.4,453.07144
2019-11-20 09:35:00,4.405,4.405,4.402,4.402,1703.12871
2019-11-20 09:34:00,4.407,4.407,4.403,4.406,1830.17433
2019-11-20 09:33:00,4.407,4.407,4.407,4.407,337.15498
2019-11-20 09:32:00,4.403,4.409,4.403,4.407,3836.28334
2019-11-20 09:31:00,4.407,4.407,4.403,4.403,764.20821
2019-11-20 09:30:00,4.408,4.408,4.407,4.407,1054.82455
2019-11-20 09:29:00,4.407,4.407,4.407,4.407,379.14303
2019-11-20 09:28:00,4.409,4.412,4.405,4.407,1145.1773
2019-11-20 09:27:00,4.398,4.41,4.398,4.409,1381.95818
2019-11-20 09:26:00,4.395,4.399,4.395,4.399,271.06575
2019-11-20 09:25:00,4.391,4.392,4.391,4.392,241.6905
2019-11-20 09:24:00,4.387,4.39,4.387,4.39,956.63764
2019-11-20 09:23:00,4.389,4.389,4.387,4.387,751.30789
2019-11-20 09:22:00,4.394,4.396,4.388,4.389,4828.93222
2019-11-20 09:21:00,4.394,4.394,4.393,4.394,1843.69972
2019-11-20 09:20:00,4.4,4.4,4.391,4.394,3284.07989
2019-11-20 09:19:00,4.402,4.402,4.397,4.398,2611.15549
2019-11-20 09:18:00,4.409,4.412,4.404,4.404,1741.68566
2019-11-20 09:17:00,4.414,4.414,4.402,4.408,2238.84562
2019-11-20 09:16:00,4.415,4.424,4.412,4.414,9389.09184
2019-11-20 09:15:00,4.398,4.418,4.397,4.416,7786.54188
2019-11-20 09:14:00,4.388,4.398,4.388,4.398,1934.53336
2019-11-20 09:13:00,4.385,4.389,4.384,4.388,3182.71877
2019-11-20 09:12:00,4.384,4.386,4.383,4.385,1663.80697
2019-11-20 09:11:00,4.388,4.388,4.384,4.385,2243.70302
2019-11-20 09:10:00,4.385,4.387,4.384,4.387,1245.13856
2019-11-20 09:09:00,4.378,4.384,4.378,4.384,1928.93058
2019-11-20 09:08:00,4.379,4.379,4.377,4.379,1030.33411
2019-11-20 09:07:00,4.378,4.379,4.377,4.378,1725.00791
2019-11-20 09:06:00,4.378,4.379,4.378,4.378,473.35112
2019-11-20 09:05:00,4.378,4.378,4.378,4.378,4.13605
2019-11-20 09:04:00,4.377,4.378,4.376,4.378,659.23404
2019-11-20 09:03:00,4.378,4.378,4.374,4.377,1351.02392
2019-11-20 09:02:00,4.378,4.379,4.378,4.378,1175.31937
2019-11-20 09:01:00,4.374,4.378,4.374,4.378,1736.1607
2019-11-20 09:00:00,4.373,4.375,4.373,4.374,466.54352
2019-11-20 08:59:00,4.377,4.377,4.373,4.373,3332.15445
2019-11-20 08:58:00,4.377,4.377,4.376,4.376,3195.01772
2019-11-20 08:57:00,4.376,4.378,4.376,4.377,971.94802
2019-11-20 08:56:00,4.375,4.381,4.375,4.375,4131.73342
2019-11-20 08:55:00,4.375,4.375,4.375,4.375,470.69551
2019-11-20 08:54:00,4.376,4.376,4.375,4.375,248.211
2019-11-20 08:53:00,4.376,4.377,4.375,4.375,627.10619
2019-11-20 08:52:00,4.371,4.377,4.371,4.377,2572.20766
2019-11-20 08:51:00,4.369,4.371,4.369,4.371,2023.73298
2019-11-20 08:50:00,4.371,4.371,4.369,4.369,1647.99021
2019-11-20 08:49:00,4.371,4.372,4.367,4.37,1527.50151
2019-11-20 08:48:00,4.375,4.382,4.368,4.37,6717.28213
2019-11-20 08:47:00,4.373,4.374,4.373,4.374,3251.89888
2019-11-20 08:46:00,4.366,4.376,4.365,4.373,9631.94229
2019-11-20 08:45:00,4.365,4.365,4.365,4.365,1224.5121
2019-11-20 08:44:00,4.364,4.37,4.364,4.366,4461.51648
2019-11-20 08:43:00,4.364,4.364,4.364,4.364,12.08456
2019-11-20 08:42:00,4.364,4.365,4.363,4.364,1637.18081
2019-11-20 08:41:00,4.369,4.369,4.366,4.366,469.19193
2019-11-20 08:40:00,4.369,4.37,4.367,4.367,2547.09358
2019-11-20 08:39:00,4.367,4.369,4.366,4.369,3380.83175
2019-11-20 08:38:00,4.367,4.367,4.366,4.367,1023.35355
2019-11-20 08:37:00,4.369,4.369,4.367,4.367,1081.2778
2019-11-20 08:36:00,4.37,4.37,4.37,4.37,813.8985
2019-11-20 08:35:00,4.371,4.371,4.37,4.37,1095.06105
2019-11-20 08:34:00,4.373,4.373,4.372,4.372,2532.97791
2019-11-20 08:33:00,4.369,4.374,4.369,4.373,1378.62467
2019-11-20 08:32:00,4.369,4.372,4.368,4.369,1833.26642
2019-11-20 08:31:00,4.366,4.368,4.366,4.368,1249.29431
2019-11-20 08:30:00,4.367,4.367,4.366,4.366,2196.85408
2019-11-20 08:29:00,4.366,4.368,4.366,4.368,419.25748
2019-11-20 08:28:00,4.367,4.371,4.367,4.367,1518.41649
2019-11-20 08:27:00,4.369,4.369,4.367,4.367,697.9139
2019-11-20 08:26:00,4.369,4.37,4.366,4.37,853.9196
2019-11-20 08:25:00,4.369,4.373,4.369,4.369,1301.82406
2019-11-20 08:24:00,4.365,4.367,4.365,4.367,939.21118
2019-11-20 08:23:00,4.358,4.366,4.358,4.365,4563.39477
2019-11-20 08:22:00,4.358,4.358,4.358,4.358,1745.294
2019-11-20 08:21:00,4.355,4.358,4.355,4.358,245.05725
2019-11-20 08:20:00,4.354,4.354,4.354,4.354,689.27527
2019-11-20 08:19:00,4.354,4.355,4.354,4.354,2107.35212
2019-11-20 08:18:00,4.355,4.356,4.354,4.354,714.48798
2019-11-20 08:17:00,4.356,4.356,4.355,4.356,2.41408
2019-11-20 08:16:00,4.357,4.357,4.357,4.357,0.01014
2019-11-20 08:15:00,4.359,4.359,4.353,4.357,3183.53309
2019-11-20 08:14:00,4.362,4.362,4.359,4.36,2084.77957
2019-11-20 08:13:00,4.359,4.362,4.359,4.362,1786.11202
2019-11-20 08:12:00,4.363,4.363,4.359,4.359,91.36364
2019-11-20 08:11:00,4.362,4.363,4.362,4.363,5.26715
2019-11-20 08:10:00,4.362,4.362,4.361,4.362,1305.7956
2019-11-20 08:09:00,4.366,4.368,4.363,4.363,1106.79021
2019-11-20 08:08:00,4.365,4.367,4.364,4.367,711.29446
2019-11-20 08:07:00,4.374,4.374,4.365,4.365,3425.18703
2019-11-20 08:06:00,4.375,4.376,4.374,4.374,3157.39124
2019-11-20 08:05:00,4.374,4.374,4.372,4.372,236.31797
2019-11-20 08:04:00,4.378,4.378,4.376,4.376,2360.03283
2019-11-20 08:03:00,4.385,4.385,4.379,4.379,1407.13798
2019-11-20 08:02:00,4.383,4.386,4.383,4.386,8.2708
2019-11-20 08:01:00,4.387,4.387,4.384,4.384,596.92361
2019-11-20 08:00:00,4.384,4.386,4.384,4.386,2215.54678
2019-11-20 07:59:00,4.383,4.383,4.383,4.383,2
2019-11-20 07:58:00,4.384,4.385,4.381,4.383,555.19539
2019-11-20 07:57:00,4.382,4.384,4.382,4.384,677.61666
2019-11-20 07:56:00,4.382,4.382,4.377,4.378,599.6228
2019-11-20 07:55:00,4.374,4.381,4.373,4.381,4814.0934
2019-11-20 07:54:00,4.374,4.374,4.372,4.373,1420.20362
2019-11-20 07:53:00,4.376,4.376,4.376,4.376,0
2019-11-20 07:52:00,4.376,4.376,4.376,4.376,0
2019-11-20 07:51:00,4.376,4.376,4.376,4.376,280.46505
2019-11-20 07:50:00,4.377,4.377,4.376,4.376,424.01051
2019-11-20 07:49:00,4.375,4.378,4.375,4.378,1421.33705
2019-11-20 07:48:00,4.371,4.373,4.371,4.373,242.49939
2019-11-20 07:47:00,4.368,4.369,4.368,4.369,206.76513
2019-11-20 07:46:00,4.366,4.368,4.366,4.368,2163.00606
2019-11-20 07:45:00,4.367,4.367,4.362,4.365,2362.25689
2019-11-20 07:44:00,4.367,4.367,4.367,4.367,250.32828
2019-11-20 07:43:00,4.367,4.368,4.367,4.367,11.778
2019-11-20 07:42:00,4.364,4.367,4.364,4.367,678.92251
2019-11-20 07:41:00,4.364,4.365,4.364,4.365,717.67799
2019-11-20 07:40:00,4.366,4.367,4.364,4.364,1028.6739
2019-11-20 07:39:00,4.368,4.368,4.366,4.366,1037.93723
2019-11-20 07:38:00,4.369,4.369,4.369,4.369,696.24986
2019-11-20 07:37:00,4.366,4.368,4.365,4.368,393.98349
2019-11-20 07:36:00,4.369,4.369,4.366,4.366,197.8081
2019-11-20 07:35:00,4.366,4.373,4.365,4.369,1073.42809
2019-11-20 07:34:00,4.364,4.367,4.364,4.365,649.33024
2019-11-20 07:33:00,4.374,4.374,4.363,4.364,1345.44783
2019-11-20 07:32:00,4.377,4.377,4.375,4.375,1219.06052
2019-11-20 07:31:00,4.378,4.378,4.377,4.377,382.93083
2019-11-20 07:30:00,4.38,4.38,4.378,4.38,659.2115
2019-11-20 07:29:00,4.382,4.383,4.38,4.38,2399.99904
2019-11-20 07:28:00,4.383,4.383,4.383,4.383,1778.42609
2019-11-20 07:27:00,4.385,4.385,4.384,4.385,3994.19508
2019-11-20 07:26:00,4.385,4.385,4.383,4.385,747.48002
2019-11-20 07:25:00,4.386,4.386,4.383,4.383,1823.64019
2019-11-20 07:24:00,4.39,4.391,4.388,4.388,732.27521
2019-11-20 07:23:00,4.389,4.391,4.389,4.389,991.95005
2019-11-20 07:22:00,4.378,4.385,4.378,4.385,2084.90823
2019-11-20 07:21:00,4.369,4.376,4.369,4.376,1633.17672
2019-11-20 07:20:00,4.368,4.37,4.368,4.37,981.99315
2019-11-20 07:19:00,4.368,4.37,4.367,4.37,3227.76826
2019-11-20 07:18:00,4.368,4.368,4.365,4.367,2377.85756
2019-11-20 07:17:00,4.371,4.371,4.365,4.365,942.60718
2019-11-20 07:16:00,4.373,4.374,4.371,4.371,1255.6162
2019-11-20 07:15:00,4.376,4.376,4.373,4.373,1529.82277
2019-11-20 07:14:00,4.382,4.383,4.374,4.376,2234.52364
2019-11-20 07:13:00,4.387,4.387,4.382,4.383,1348.64149
2019-11-20 07:12:00,4.387,4.387,4.385,4.386,3213.38785
2019-11-20 07:11:00,4.386,4.388,4.385,4.387,3151.64764
2019-11-20 07:10:00,4.388,4.388,4.387,4.387,2261.64195
2019-11-20 07:09:00,4.39,4.391,4.389,4.389,1737.67439
2019-11-20 07:08:00,4.391,4.392,4.389,4.389,705.65783
2019-11-20 07:07:00,4.391,4.391,4.391,4.391,759.82921
2019-11-20 07:06:00,4.394,4.394,4.391,4.391,1076.66454
2019-11-20 07:05:00,4.397,4.397,4.393,4.393,1282.06347
2019-11-20 07:04:00,4.394,4.396,4.393,4.395,2600.58434
2019-11-20 07:03:00,4.393,4.395,4.392,4.394,3019.62622
2019-11-20 07:02:00,4.395,4.395,4.392,4.393,1946.91466
2019-11-20 07:01:00,4.385,4.395,4.385,4.394,3409.1011
2019-11-20 07:00:00,4.381,4.385,4.381,4.385,3759.27141
2019-11-20 06:59:00,4.383,4.383,4.381,4.381,1668.90249
2019-11-20 06:58:00,4.382,4.383,4.382,4.382,616.25453
2019-11-20 06:57:00,4.387,4.387,4.381,4.381,1088.81128
2019-11-20 06:56:00,4.387,4.387,4.386,4.387,1234.01089
2019-11-20 06:55:00,4.387,4.387,4.384,4.386,798.9558
2019-11-20 06:54:00,4.387,4.388,4.386,4.387,919.6835
2019-11-20 06:53:00,4.388,4.389,4.387,4.387,2212.54947
2019-11-20 06:52:00,4.388,4.388,4.386,4.386,1779.22259
2019-11-20 06:51:00,4.386,4.387,4.386,4.387,456.52425
2019-11-20 06:50:00,4.382,4.388,4.381,4.387,4062.88452
2019-11-20 06:49:00,4.386,4.386,4.383,4.383,2283.94926
2019-11-20 06:48:00,4.387,4.39,4.386,4.387,2122.60256
2019-11-20 06:47:00,4.406,4.406,4.387,4.387,3902.98495
2019-11-20 06:46:00,4.395,4.411,4.395,4.408,2642.69611
2019-11-20 06:45:00,4.391,4.395,4.39,4.394,918.55428
2019-11-20 06:44:00,4.386,4.394,4.386,4.392,718.00914
2019-11-20 06:43:00,4.38,4.387,4.38,4.385,871.78986
2019-11-20 06:42:00,4.375,4.38,4.375,4.379,3469.9235
2019-11-20 06:41:00,4.373,4.375,4.372,4.375,568.76464
2019-11-20 06:40:00,4.372,4.373,4.372,4.373,684.13027
2019-11-20 06:39:00,4.371,4.371,4.371,4.371,9.40032
2019-11-20 06:38:00,4.372,4.372,4.368,4.371,3715.91855
2019-11-20 06:37:00,4.371,4.372,4.371,4.372,1295.06798
2019-11-20 06:36:00,4.371,4.371,4.371,4.371,0
2019-11-20 06:35:00,4.371,4.371,4.37,4.371,160.71843
2019-11-20 06:34:00,4.37,4.371,4.37,4.371,821.22486
2019-11-20 06:33:00,4.372,4.372,4.37,4.371,1105.55761
2019-11-20 06:32:00,4.374,4.374,4.37,4.37,2248.90957
2019-11-20 06:31:00,4.373,4.374,4.372,4.372,1972.80605
2019-11-20 06:30:00,4.372,4.373,4.372,4.373,1227.71925
2019-11-20 06:29:00,4.375,4.375,4.37,4.37,2117.60032
2019-11-20 06:28:00,4.375,4.375,4.375,4.375,1215.55529
2019-11-20 06:27:00,4.375,4.376,4.374,4.376,2129.42924
2019-11-20 06:26:00,4.374,4.375,4.374,4.375,1317.85716
2019-11-20 06:25:00,4.377,4.377,4.373,4.375,975.27924
2019-11-20 06:24:00,4.377,4.377,4.375,4.377,2400.38297
2019-11-20 06:23:00,4.372,4.376,4.372,4.376,2140.72491
2019-11-20 06:22:00,4.374,4.374,4.368,4.372,2728.89989
2019-11-20 06:21:00,4.372,4.376,4.37,4.375,1098.77251
2019-11-20 06:20:00,4.359,4.373,4.359,4.372,13502.09067
2019-11-20 06:19:00,4.36,4.36,4.359,4.36,279.89517
2019-11-20 06:18:00,4.36,4.36,4.359,4.36,407.87961
2019-11-20 06:17:00,4.36,4.36,4.359,4.359,156.93643
2019-11-20 06:16:00,4.359,4.36,4.359,4.36,824.94838
2019-11-20 06:15:00,4.358,4.358,4.358,4.358,415.48025
2019-11-20 06:14:00,4.359,4.36,4.354,4.357,1701.21892
2019-11-20 06:13:00,4.359,4.36,4.358,4.359,2091.37371
2019-11-20 06:12:00,4.357,4.357,4.357,4.357,207.8463
2019-11-20 06:11:00,4.357,4.357,4.357,4.357,27.97086
2019-11-20 06:10:00,4.357,4.357,4.357,4.357,264.4057
2019-11-20 06:09:00,4.359,4.359,4.356,4.357,495.03635
2019-11-20 06:08:00,4.357,4.359,4.357,4.359,280.16591
2019-11-20 06:07:00,4.354,4.358,4.354,4.358,2967.81694
2019-11-20 06:06:00,4.354,4.354,4.354,4.354,1.31691
2019-11-20 06:05:00,4.354,4.354,4.354,4.354,2509.19978
2019-11-20 06:04:00,4.356,4.356,4.354,4.354,1033.83423
2019-11-20 06:03:00,4.358,4.358,4.356,4.357,2780.55966
2019-11-20 06:02:00,4.358,4.359,4.357,4.358,1079.66414
2019-11-20 06:01:00,4.354,4.358,4.354,4.358,61.42704
2019-11-20 06:00:00,4.354,4.354,4.354,4.354,0.75391
2019-11-20 05:59:00,4.354,4.354,4.353,4.354,2.97605
2019-11-20 05:58:00,4.353,4.354,4.353,4.354,266.19485
2019-11-20 05:57:00,4.353,4.353,4.353,4.353,0.76436
2019-11-20 05:56:00,4.353,4.353,4.352,4.353,7.28241
2019-11-20 05:55:00,4.354,4.354,4.353,4.353,3.13416
2019-11-20 05:54:00,4.349,4.354,4.349,4.353,2728.30629
2019-11-20 05:53:00,4.344,4.349,4.344,4.349,727.49548
2019-11-20 05:52:00,4.342,4.343,4.342,4.343,405.04772
2019-11-20 05:51:00,4.338,4.34,4.338,4.34,1019.40584
2019-11-20 05:50:00,4.337,4.337,4.337,4.337,0
2019-11-20 05:49:00,4.337,4.337,4.337,4.337,375.07637
2019-11-20 05:48:00,4.337,4.337,4.336,4.336,528.14605
2019-11-20 05:47:00,4.337,4.337,4.336,4.337,2675.26053
2019-11-20 05:46:00,4.337,4.337,4.337,4.337,817.54028
2019-11-20 05:45:00,4.335,4.335,4.335,4.335,0
2019-11-20 05:44:00,4.335,4.335,4.335,4.335,3.10387
2019-11-20 05:43:00,4.335,4.335,4.335,4.335,8.82715
2019-11-20 05:42:00,4.336,4.336,4.334,4.334,2210.39106
2019-11-20 05:41:00,4.337,4.337,4.336,4.336,837.71453
2019-11-20 05:40:00,4.337,4.337,4.337,4.337,850.35706
2019-11-20 05:39:00,4.335,4.339,4.335,4.337,392.94263
2019-11-20 05:38:00,4.335,4.335,4.334,4.335,1943.30806
2019-11-20 05:37:00,4.335,4.335,4.335,4.335,2.96226
2019-11-20 05:36:00,4.336,4.336,4.335,4.335,1377.78492
2019-11-20 05:35:00,4.335,4.337,4.335,4.336,1610.89316
2019-11-20 05:34:00,4.335,4.335,4.335,4.335,1.12684
2019-11-20 05:33:00,4.337,4.337,4.335,4.335,2708.23512
2019-11-20 05:32:00,4.33,4.336,4.33,4.336,850.50261
2019-11-20 05:31:00,4.333,4.333,4.328,4.33,1255.65189
2019-11-20 05:30:00,4.33,4.334,4.33,4.332,1075.41843
2019-11-20 05:29:00,4.331,4.331,4.329,4.329,3765.17417
2019-11-20 05:28:00,4.331,4.331,4.327,4.331,815.13445
2019-11-20 05:27:00,4.334,4.334,4.334,4.334,3.07724
2019-11-20 05:26:00,4.334,4.334,4.334,4.334,0
2019-11-20 05:25:00,4.334,4.334,4.334,4.334,0
2019-11-20 05:24:00,4.333,4.334,4.331,4.334,837.90178
2019-11-20 05:23:00,4.337,4.337,4.334,4.335,665.64231
2019-11-20 05:22:00,4.336,4.336,4.336,4.336,0
2019-11-20 05:21:00,4.336,4.336,4.336,4.336,0
2019-11-20 05:20:00,4.338,4.338,4.336,4.336,1158.67842
2019-11-20 05:19:00,4.336,4.337,4.334,4.337,688.84222
2019-11-20 05:18:00,4.34,4.34,4.338,4.338,726.68503
2019-11-20 05:17:00,4.34,4.342,4.34,4.341,3085.57257
2019-11-20 05:16:00,4.338,4.338,4.338,4.338,0.86813
2019-11-20 05:15:00,4.339,4.341,4.337,4.337,1746.5422
2019-11-20 05:14:00,4.337,4.339,4.337,4.339,2490.99688
2019-11-20 05:13:00,4.337,4.34,4.337,4.338,1566.58435
2019-11-20 05:12:00,4.337,4.337,4.337,4.337,9.32833
2019-11-20 05:11:00,4.337,4.337,4.333,4.334,873.12704
2019-11-20 05:10:00,4.337,4.337,4.337,4.337,1206.39407
2019-11-20 05:09:00,4.336,4.336,4.335,4.336,1201.99979
2019-11-20 05:08:00,4.339,4.339,4.334,4.335,1135.66666
2019-11-20 05:07:00,4.339,4.339,4.339,4.339,0.71058
2019-11-20 05:06:00,4.341,4.343,4.339,4.339,3139.287
2019-11-20 05:05:00,4.342,4.342,4.341,4.341,623.89273
2019-11-20 05:04:00,4.342,4.342,4.342,4.342,0
2019-11-20 05:03:00,4.335,4.342,4.335,4.342,1425.00566
2019-11-20 05:02:00,4.336,4.337,4.335,4.335,1018.87128
2019-11-20 05:01:00,4.342,4.342,4.337,4.337,1960.23933
2019-11-20 05:00:00,4.335,4.342,4.335,4.34,1006.90778
2019-11-20 04:59:00,4.334,4.335,4.334,4.335,908.22659
2019-11-20 04:58:00,4.333,4.334,4.333,4.334,681.7724
2019-11-20 04:57:00,4.333,4.333,4.333,4.333,1353.54934
2019-11-20 04:56:00,4.333,4.333,4.332,4.332,1052.69128
2019-11-20 04:55:00,4.336,4.336,4.331,4.334,2619.97956
2019-11-20 04:54:00,4.334,4.336,4.333,4.335,551.08214
2019-11-20 04:53:00,4.332,4.334,4.332,4.334,448.51453
2019-11-20 04:52:00,4.33,4.332,4.33,4.332,289.5497
2019-11-20 04:51:00,4.331,4.331,4.33,4.33,234.55265
2019-11-20 04:50:00,4.33,4.332,4.33,4.332,556.07685
2019-11-20 04:49:00,4.33,4.333,4.328,4.332,1309.10273
2019-11-20 04:48:00,4.331,4.332,4.33,4.33,399.84641
2019-11-20 04:47:00,4.325,4.328,4.325,4.328,1738.08686
2019-11-20 04:46:00,4.327,4.328,4.325,4.325,1276.70876
2019-11-20 04:45:00,4.325,4.327,4.325,4.327,92.2722
2019-11-20 04:44:00,4.327,4.327,4.324,4.324,1003.49409
2019-11-20 04:43:00,4.328,4.328,4.327,4.327,92.75765
2019-11-20 04:42:00,4.328,4.329,4.326,4.328,561.14469
2019-11-20 04:41:00,4.328,4.328,4.328,4.328,9.48211
2019-11-20 04:40:00,4.326,4.329,4.325,4.328,905.12705
2019-11-20 04:39:00,4.328,4.328,4.326,4.326,759.36585
2019-11-20 04:38:00,4.329,4.329,4.328,4.328,52.33839
2019-11-20 04:37:00,4.331,4.331,4.331,4.331,0
2019-11-20 04:36:00,4.331,4.331,4.331,4.331,2020.11902
2019-11-20 04:35:00,4.332,4.332,4.329,4.33,2931.29298
2019-11-20 04:34:00,4.331,4.333,4.331,4.333,103.08444
2019-11-20 04:33:00,4.321,4.33,4.321,4.33,3483.42031
2019-11-20 04:32:00,4.324,4.324,4.321,4.321,191.62716
2019-11-20 04:31:00,4.324,4.324,4.323,4.323,276.9313
2019-11-20 04:30:00,4.323,4.325,4.32,4.325,4677.48931
2019-11-20 04:29:00,4.322,4.323,4.322,4.323,659.02971
2019-11-20 04:28:00,4.322,4.324,4.322,4.323,923.24281
2019-11-20 04:27:00,4.322,4.324,4.321,4.322,2440.28954
2019-11-20 04:26:00,4.324,4.324,4.321,4.322,595.99643
2019-11-20 04:25:00,4.324,4.324,4.322,4.322,760.86585
2019-11-20 04:24:00,4.326,4.326,4.323,4.325,2128.8242
2019-11-20 04:23:00,4.325,4.328,4.324,4.326,3092.75158
2019-11-20 04:22:00,4.329,4.329,4.32,4.326,7547.83292
2019-11-20 04:21:00,4.33,4.33,4.33,4.33,459.87574
2019-11-20 04:20:00,4.332,4.332,4.331,4.331,1497.83909
2019-11-20 04:19:00,4.332,4.332,4.332,4.332,661.49789
2019-11-20 04:18:00,4.332,4.332,4.331,4.331,319.82997
2019-11-20 04:17:00,4.33,4.332,4.33,4.331,3752.02891
2019-11-20 04:16:00,4.334,4.334,4.331,4.332,2472.15348
2019-11-20 04:15:00,4.334,4.334,4.334,4.334,34.83548
2019-11-20 04:14:00,4.333,4.336,4.333,4.336,284.73531
2019-11-20 04:13:00,4.336,4.336,4.333,4.333,456.27556
2019-11-20 04:12:00,4.333,4.336,4.332,4.335,2616.72338
2019-11-20 04:11:00,4.333,4.333,4.332,4.333,1585.37824
2019-11-20 04:10:00,4.335,4.335,4.333,4.333,1430.12989
2019-11-20 04:09:00,4.336,4.336,4.335,4.335,619.82592
2019-11-20 04:08:00,4.336,4.336,4.336,4.336,2775.77774
2019-11-20 04:07:00,4.334,4.337,4.334,4.336,1392.22054
2019-11-20 04:06:00,4.334,4.335,4.334,4.335,1407.12829
2019-11-20 04:05:00,4.335,4.335,4.333,4.333,1234.3035
2019-11-20 04:04:00,4.338,4.338,4.335,4.335,1053.35113
2019-11-20 04:03:00,4.335,4.338,4.335,4.337,2779.86578
2019-11-20 04:02:00,4.336,4.337,4.335,4.335,1092.59324
2019-11-20 04:01:00,4.342,4.342,4.336,4.336,1182.03753
2019-11-20 04:00:00,4.344,4.344,4.342,4.342,1725.46761
2019-11-20 03:59:00,4.343,4.343,4.343,4.343,0
2019-11-20 03:58:00,4.343,4.343,4.343,4.343,181.8096
2019-11-20 03:57:00,4.341,4.341,4.341,4.341,1871.00426
2019-11-20 03:56:00,4.337,4.341,4.337,4.341,1696.75778
2019-11-20 03:55:00,4.336,4.336,4.336,4.336,197.92605
2019-11-20 03:54:00,4.336,4.336,4.336,4.336,272.79919
2019-11-20 03:53:00,4.336,4.337,4.336,4.336,2126.48165
2019-11-20 03:52:00,4.336,4.337,4.336,4.336,2667.97146
2019-11-20 03:51:00,4.336,4.336,4.336,4.336,0
2019-11-20 03:50:00,4.336,4.337,4.336,4.337,2287.19399
2019-11-20 03:49:00,4.336,4.337,4.336,4.336,4672.75626
2019-11-20 03:48:00,4.336,4.337,4.336,4.337,1644.05573
2019-11-20 03:47:00,4.337,4.341,4.336,4.337,794.48828
2019-11-20 03:46:00,4.339,4.34,4.336,4.336,2022.46705
2019-11-20 03:45:00,4.339,4.339,4.338,4.338,678.70851
2019-11-20 03:44:00,4.339,4.341,4.338,4.338,2496.92597
2019-11-20 03:43:00,4.339,4.342,4.337,4.338,1611.36018
2019-11-20 03:42:00,4.34,4.344,4.339,4.34,987.27199
2019-11-20 03:41:00,4.339,4.34,4.338,4.339,739.03958
2019-11-20 03:40:00,4.34,4.34,4.34,4.34,740.25252
2019-11-20 03:39:00,4.336,4.341,4.336,4.34,2861.75022
2019-11-20 03:38:00,4.336,4.336,4.336,4.336,1513.9607
2019-11-20 03:37:00,4.342,4.342,4.336,4.336,1592.98572
2019-11-20 03:36:00,4.349,4.351,4.341,4.341,11136.59476
2019-11-20 03:35:00,4.345,4.349,4.345,4.349,2085.00171
2019-11-20 03:34:00,4.344,4.344,4.344,4.344,0
2019-11-20 03:33:00,4.345,4.346,4.344,4.344,1662.89079
2019-11-20 03:32:00,4.346,4.346,4.343,4.345,1726.56496
2019-11-20 03:31:00,4.346,4.347,4.343,4.346,1240.28251
2019-11-20 03:30:00,4.345,4.348,4.345,4.347,1017.83304
2019-11-20 03:29:00,4.349,4.349,4.345,4.345,2108.75596
2019-11-20 03:28:00,4.352,4.354,4.349,4.349,15702.40055
2019-11-20 03:27:00,4.352,4.353,4.351,4.352,1327.38929
2019-11-20 03:26:00,4.355,4.355,4.352,4.352,553.68093
2019-11-20 03:25:00,4.358,4.358,4.352,4.352,2363.89918
2019-11-20 03:24:00,4.356,4.359,4.356,4.357,695.31571
2019-11-20 03:23:00,4.35,4.356,4.349,4.356,2203.23929
2019-11-20 03:22:00,4.35,4.35,4.35,4.35,1500.11414
2019-11-20 03:21:00,4.347,4.351,4.347,4.351,1178.23487
2019-11-20 03:20:00,4.352,4.352,4.347,4.347,1478.68551
2019-11-20 03:19:00,4.344,4.35,4.344,4.35,1656.38256
2019-11-20 03:18:00,4.341,4.344,4.341,4.344,2274.7108
2019-11-20 03:17:00,4.344,4.344,4.342,4.343,709.8424
2019-11-20 03:16:00,4.344,4.344,4.344,4.344,0
2019-11-20 03:15:00,4.341,4.344,4.341,4.344,431.76942
2019-11-20 03:14:00,4.338,4.341,4.338,4.341,617.0103
2019-11-20 03:13:00,4.338,4.338,4.337,4.338,387.31574
2019-11-20 03:12:00,4.337,4.338,4.337,4.338,836.73455
2019-11-20 03:11:00,4.336,4.337,4.336,4.337,1617.0843
2019-11-20 03:10:00,4.336,4.339,4.334,4.339,1911.70601
2019-11-20 03:09:00,4.342,4.343,4.337,4.337,1000.12469
2019-11-20 03:08:00,4.345,4.345,4.341,4.342,1477.887
2019-11-20 03:07:00,4.344,4.345,4.34,4.344,3200.28767
2019-11-20 03:06:00,4.34,4.345,4.34,4.345,1809.46932
2019-11-20 03:05:00,4.339,4.339,4.338,4.339,3065.72218
2019-11-20 03:04:00,4.339,4.339,4.338,4.339,3733.04776
2019-11-20 03:03:00,4.336,4.343,4.336,4.338,2023.1317
2019-11-20 03:02:00,4.336,4.336,4.334,4.336,1843.47041
2019-11-20 03:01:00,4.337,4.337,4.334,4.336,653.12802
2019-11-20 03:00:00,4.335,4.337,4.335,4.337,248.32582
2019-11-20 02:59:00,4.334,4.334,4.334,4.334,2634.39768
2019-11-20 02:58:00,4.335,4.335,4.335,4.335,249.7593
2019-11-20 02:57:00,4.335,4.335,4.335,4.335,1417.89166
2019-11-20 02:56:00,4.335,4.335,4.335,4.335,5.09943
2019-11-20 02:55:00,4.337,4.337,4.337,4.337,33.32392
2019-11-20 02:54:00,4.336,4.338,4.336,4.338,1316.10723
2019-11-20 02:53:00,4.338,4.338,4.337,4.337,1243.40538
2019-11-20 02:52:00,4.338,4.338,4.337,4.337,2740.67389
2019-11-20 02:51:00,4.337,4.337,4.337,4.337,0
2019-11-20 02:50:00,4.336,4.337,4.336,4.337,743.23324
2019-11-20 02:49:00,4.337,4.337,4.335,4.337,1201.47851
2019-11-20 02:48:00,4.338,4.338,4.337,4.337,1520.78107
2019-11-20 02:47:00,4.338,4.338,4.337,4.338,1498.25297
2019-11-20 02:46:00,4.343,4.343,4.339,4.339,3358.25786
2019-11-20 02:45:00,4.343,4.343,4.341,4.343,1140.26403
2019-11-20 02:44:00,4.347,4.348,4.343,4.343,616.02215
2019-11-20 02:43:00,4.344,4.348,4.344,4.347,1854.54876
2019-11-20 02:42:00,4.34,4.346,4.338,4.344,3270.43821
2019-11-20 02:41:00,4.344,4.344,4.337,4.337,4258.48807
2019-11-20 02:40:00,4.349,4.349,4.346,4.346,493.07318
2019-11-20 02:39:00,4.348,4.349,4.348,4.349,2.01081
2019-11-20 02:38:00,4.348,4.348,4.348,4.348,3.57736
2019-11-20 02:37:00,4.346,4.348,4.346,4.348,998.46156
2019-11-20 02:36:00,4.345,4.347,4.345,4.346,1504.25123
2019-11-20 02:35:00,4.346,4.347,4.344,4.344,3276.12467
2019-11-20 02:34:00,4.348,4.348,4.345,4.345,1099.65853
2019-11-20 02:33:00,4.348,4.349,4.348,4.348,272.65908
2019-11-20 02:32:00,4.345,4.349,4.345,4.349,4239.74164
2019-11-20 02:31:00,4.344,4.352,4.341,4.346,3320.28857
2019-11-20 02:30:00,4.348,4.348,4.344,4.345,3123.29797
2019-11-20 02:29:00,4.347,4.348,4.347,4.348,796.30408
2019-11-20 02:28:00,4.349,4.35,4.347,4.348,3039.44385
2019-11-20 02:27:00,4.35,4.35,4.349,4.349,1139.76428
2019-11-20 02:26:00,4.348,4.348,4.345,4.346,1347.71475
2019-11-20 02:25:00,4.348,4.349,4.348,4.348,1238.19841
2019-11-20 02:24:00,4.346,4.347,4.346,4.347,2816.88239
2019-11-20 02:23:00,4.347,4.347,4.345,4.346,1838.95402
2019-11-20 02:22:00,4.345,4.347,4.345,4.347,421.02632
2019-11-20 02:21:00,4.349,4.349,4.347,4.347,1098.41298
2019-11-20 02:20:00,4.35,4.352,4.349,4.349,1338.92303
2019-11-20 02:19:00,4.352,4.352,4.35,4.35,416.97859
2019-11-20 02:18:00,4.351,4.352,4.35,4.351,1015.88429
2019-11-20 02:17:00,4.351,4.352,4.351,4.351,820.65063
2019-11-20 02:16:00,4.347,4.352,4.346,4.351,2555.60863
2019-11-20 02:15:00,4.35,4.359,4.346,4.347,6272.88131
2019-11-20 02:14:00,4.344,4.347,4.344,4.347,3955.27204
2019-11-20 02:13:00,4.339,4.345,4.339,4.344,681.67878
2019-11-20 02:12:00,4.345,4.345,4.34,4.34,1962.90057
2019-11-20 02:11:00,4.346,4.353,4.344,4.344,2493.28834
2019-11-20 02:10:00,4.357,4.359,4.345,4.345,4127.01857
2019-11-20 02:09:00,4.354,4.357,4.354,4.356,3011.37245
2019-11-20 02:08:00,4.349,4.356,4.347,4.356,1089.93927
2019-11-20 02:07:00,4.358,4.358,4.346,4.35,3489.1934
2019-11-20 02:06:00,4.344,4.359,4.344,4.357,13159.71157
2019-11-20 02:05:00,4.343,4.344,4.343,4.344,645.22443
2019-11-20 02:04:00,4.339,4.342,4.339,4.342,785.83173
2019-11-20 02:03:00,4.34,4.34,4.339,4.339,1414.70379
2019-11-20 02:02:00,4.338,4.341,4.338,4.34,822.79811
2019-11-20 02:01:00,4.341,4.341,4.338,4.338,11.93499
2019-11-20 02:00:00,4.339,4.341,4.339,4.341,2721.57868
2019-11-20 01:59:00,4.343,4.343,4.34,4.34,1085.30527
2019-11-20 01:58:00,4.345,4.35,4.342,4.342,3706.96931
2019-11-20 01:57:00,4.341,4.349,4.341,4.346,6234.40107
2019-11-20 01:56:00,4.338,4.343,4.338,4.341,3821.64487
2019-11-20 01:55:00,4.336,4.338,4.336,4.337,809.38161
2019-11-20 01:54:00,4.335,4.335,4.335,4.335,900.27905
2019-11-20 01:53:00,4.332,4.335,4.332,4.335,412.03456
2019-11-20 01:52:00,4.333,4.333,4.332,4.332,261.23085
2019-11-20 01:51:00,4.336,4.338,4.333,4.333,2555.25101
2019-11-20 01:50:00,4.333,4.336,4.333,4.335,1406.30669
2019-11-20 01:49:00,4.34,4.34,4.333,4.333,2546.5293
2019-11-20 01:48:00,4.342,4.347,4.34,4.34,1137.7178
2019-11-20 01:47:00,4.347,4.347,4.341,4.341,4352.39626
2019-11-20 01:46:00,4.343,4.346,4.343,4.346,1548.48257
2019-11-20 01:45:00,4.343,4.347,4.343,4.343,2828.96227
2019-11-20 01:44:00,4.344,4.35,4.342,4.342,6668.75935
2019-11-20 01:43:00,4.345,4.35,4.344,4.346,988.23096
2019-11-20 01:42:00,4.345,4.345,4.341,4.344,2140.67464
2019-11-20 01:41:00,4.345,4.346,4.344,4.345,2727.4741
2019-11-20 01:40:00,4.338,4.347,4.338,4.342,4381.66112
2019-11-20 01:39:00,4.33,4.336,4.329,4.336,1179.6131
2019-11-20 01:38:00,4.33,4.332,4.329,4.332,2065.47997
2019-11-20 01:37:00,4.33,4.331,4.329,4.329,2360.52069
2019-11-20 01:36:00,4.329,4.331,4.329,4.331,2047.03226
2019-11-20 01:35:00,4.334,4.334,4.327,4.328,493.07969
2019-11-20 01:34:00,4.331,4.334,4.331,4.333,1715.39891
2019-11-20 01:33:00,4.328,4.331,4.326,4.331,3140.18005
2019-11-20 01:32:00,4.324,4.328,4.324,4.328,932.9388
2019-11-20 01:31:00,4.326,4.326,4.324,4.324,4041.8122
2019-11-20 01:30:00,4.323,4.326,4.323,4.325,1751.29994
2019-11-20 01:29:00,4.325,4.326,4.321,4.322,2133.62524
2019-11-20 01:28:00,4.33,4.332,4.326,4.326,1635.77747
2019-11-20 01:27:00,4.33,4.332,4.325,4.33,3727.84841
2019-11-20 01:26:00,4.336,4.336,4.327,4.329,1471.23936
2019-11-20 01:25:00,4.328,4.335,4.327,4.335,3743.46963
2019-11-20 01:24:00,4.326,4.334,4.326,4.328,1031.23977
2019-11-20 01:23:00,4.334,4.334,4.316,4.325,9761.16445
2019-11-20 01:22:00,4.323,4.342,4.32,4.335,9619.03005
2019-11-20 01:21:00,4.296,4.329,4.296,4.324,13954.17161
2019-11-20 01:20:00,4.301,4.301,4.289,4.295,6147.23622
2019-11-20 01:19:00,4.307,4.307,4.296,4.301,7256.06297
2019-11-20 01:18:00,4.306,4.308,4.306,4.307,3472.62207
2019-11-20 01:17:00,4.309,4.31,4.307,4.307,1719.52297
2019-11-20 01:16:00,4.307,4.314,4.307,4.31,1834.55519
2019-11-20 01:15:00,4.303,4.309,4.303,4.308,4893.64396
2019-11-20 01:14:00,4.313,4.313,4.302,4.302,2249.83155
2019-11-20 01:13:00,4.308,4.313,4.307,4.313,3508.21613
2019-11-20 01:12:00,4.311,4.314,4.308,4.308,1558.40521
2019-11-20 01:11:00,4.314,4.314,4.304,4.311,3953.36495
2019-11-20 01:10:00,4.31,4.315,4.308,4.313,4783.4342
2019-11-20 01:09:00,4.315,4.315,4.302,4.309,1332.41748
2019-11-20 01:08:00,4.309,4.318,4.308,4.317,3605.65663
2019-11-20 01:07:00,4.313,4.316,4.301,4.307,17908.31898
2019-11-20 01:06:00,4.316,4.316,4.312,4.313,3031.99645
2019-11-20 01:05:00,4.331,4.331,4.317,4.318,7144.8462
2019-11-20 01:04:00,4.319,4.329,4.318,4.329,4602.07637
2019-11-20 01:03:00,4.318,4.322,4.311,4.319,8498.81448
2019-11-20 01:02:00,4.301,4.324,4.297,4.318,8209.49474
2019-11-20 01:01:00,4.312,4.319,4.3,4.301,8615.54312
2019-11-20 01:00:00,4.322,4.327,4.294,4.309,19757.83097
2019-11-20 00:59:00,4.315,4.328,4.304,4.323,17083.88458
2019-11-20 00:58:00,4.329,4.34,4.299,4.31,17996.15918
2019-11-20 00:57:00,4.341,4.341,4.325,4.325,7591.71522
2019-11-20 00:56:00,4.345,4.345,4.341,4.341,732.72674
2019-11-20 00:55:00,4.344,4.346,4.344,4.345,2316.06394
2019-11-20 00:54:00,4.349,4.349,4.345,4.345,1306.14317
2019-11-20 00:53:00,4.35,4.35,4.35,4.35,137.13997
2019-11-20 00:52:00,4.347,4.35,4.347,4.35,1315.22845
2019-11-20 00:51:00,4.347,4.347,4.347,4.347,743.60546
2019-11-20 00:50:00,4.345,4.346,4.345,4.345,761.64193
2019-11-20 00:49:00,4.346,4.346,4.344,4.345,1968.71975
2019-11-20 00:48:00,4.346,4.346,4.346,4.346,244.7544
2019-11-20 00:47:00,4.346,4.346,4.346,4.346,100
2019-11-20 00:46:00,4.343,4.348,4.343,4.346,779.56941
2019-11-20 00:45:00,4.34,4.342,4.34,4.342,541.89425
2019-11-20 00:44:00,4.342,4.343,4.342,4.342,1367.09297
2019-11-20 00:43:00,4.344,4.345,4.341,4.342,3578.95447
2019-11-20 00:42:00,4.348,4.348,4.344,4.344,2032.70083
2019-11-20 00:41:00,4.35,4.35,4.347,4.348,648.82843
2019-11-20 00:40:00,4.356,4.356,4.351,4.351,4341.46915
2019-11-20 00:39:00,4.357,4.357,4.354,4.356,252.11313
2019-11-20 00:38:00,4.354,4.356,4.351,4.354,1731.65798
2019-11-20 00:37:00,4.357,4.358,4.354,4.354,1701.14308
2019-11-20 00:36:00,4.357,4.357,4.355,4.357,1584.16617
2019-11-20 00:35:00,4.352,4.357,4.352,4.357,1228.74894
2019-11-20 00:34:00,4.353,4.355,4.352,4.352,1928.73832
2019-11-20 00:33:00,4.349,4.351,4.349,4.351,997.55528
2019-11-20 00:32:00,4.347,4.349,4.347,4.349,588.92951
2019-11-20 00:31:00,4.348,4.349,4.346,4.347,1205.74834
2019-11-20 00:30:00,4.344,4.348,4.344,4.348,3680.94402
2019-11-20 00:29:00,4.344,4.344,4.344,4.344,1421.94579
2019-11-20 00:28:00,4.343,4.343,4.343,4.343,215.56444
2019-11-20 00:27:00,4.345,4.345,4.342,4.344,839.51118
2019-11-20 00:26:00,4.343,4.343,4.343,4.343,0
2019-11-20 00:25:00,4.343,4.343,4.343,4.343,2356.7482
2019-11-20 00:24:00,4.341,4.346,4.341,4.342,2808.57411
2019-11-20 00:23:00,4.352,4.352,4.341,4.341,1737.2057
2019-11-20 00:22:00,4.351,4.352,4.351,4.352,3358.45116
2019-11-20 00:21:00,4.348,4.353,4.348,4.353,571.61625
2019-11-20 00:20:00,4.349,4.35,4.347,4.348,2238.50639
2019-11-20 00:19:00,4.345,4.349,4.345,4.349,1123.39905
2019-11-20 00:18:00,4.343,4.345,4.343,4.345,2871.07732
2019-11-20 00:17:00,4.34,4.34,4.338,4.34,1526.82884
2019-11-20 00:16:00,4.337,4.342,4.334,4.34,6067.85248
2019-11-20 00:15:00,4.349,4.349,4.334,4.334,7123.86399
2019-11-20 00:14:00,4.356,4.356,4.349,4.349,3152.70691
2019-11-20 00:13:00,4.358,4.359,4.357,4.358,1970.66396
2019-11-20 00:12:00,4.361,4.361,4.356,4.357,5941.67372
2019-11-20 00:11:00,4.367,4.367,4.359,4.36,2965.26717
2019-11-20 00:10:00,4.37,4.37,4.366,4.367,4494.99337
2019-11-20 00:09:00,4.364,4.37,4.364,4.37,2141.5589
2019-11-20 00:08:00,4.356,4.367,4.356,4.363,23413.17028
2019-11-20 00:07:00,4.357,4.358,4.356,4.356,1152.47193
2019-11-20 00:06:00,4.354,4.36,4.354,4.356,4106.16445
2019-11-20 00:05:00,4.346,4.356,4.346,4.354,8587.61995
2019-11-20 00:04:00,4.357,4.361,4.343,4.346,6678.10296
2019-11-20 00:03:00,4.37,4.37,4.348,4.355,10477.26861
2019-11-20 00:02:00,4.357,4.371,4.356,4.369,2625.94224
2019-11-20 00:01:00,4.345,4.357,4.345,4.356,7617.90324
2019-11-20 00:00:00,4.333,4.346,4.333,4.346,5431.7924
