2019-11-12 23:59:00,4.871,4.873,4.869,4.873,1896.51448
2019-11-12 23:58:00,4.869,4.872,4.869,4.872,481.7893
2019-11-12 23:57:00,4.866,4.868,4.864,4.868,970.96721
2019-11-12 23:56:00,4.863,4.863,4.862,4.862,1031.08475
2019-11-12 23:55:00,4.861,4.862,4.861,4.862,1104.38279
2019-11-12 23:54:00,4.869,4.869,4.862,4.862,1073.83031
2019-11-12 23:53:00,4.869,4.869,4.869,4.869,0
2019-11-12 23:52:00,4.872,4.872,4.869,4.869,1768.27328
2019-11-12 23:51:00,4.874,4.874,4.87,4.871,2734.79397
2019-11-12 23:50:00,4.874,4.874,4.873,4.873,461.22916
2019-11-12 23:49:00,4.871,4.874,4.871,4.873,1246.93281
2019-11-12 23:48:00,4.868,4.872,4.867,4.871,1517.69291
2019-11-12 23:47:00,4.863,4.868,4.863,4.868,1043.51612
2019-11-12 23:46:00,4.863,4.863,4.863,4.863,2628.73443
2019-11-12 23:45:00,4.861,4.863,4.861,4.863,535.48073
2019-11-12 23:44:00,4.863,4.863,4.861,4.861,1019.17153
2019-11-12 23:43:00,4.867,4.867,4.86,4.862,5690.66563
2019-11-12 23:42:00,4.865,4.868,4.865,4.866,897.59226
2019-11-12 23:41:00,4.865,4.867,4.865,4.866,1152.40665
2019-11-12 23:40:00,4.864,4.866,4.863,4.865,3161.70814
2019-11-12 23:39:00,4.868,4.868,4.862,4.863,1458.90407
2019-11-12 23:38:00,4.868,4.87,4.866,4.868,1192.98435
2019-11-12 23:37:00,4.873,4.874,4.867,4.867,2881.28904
2019-11-12 23:36:00,4.882,4.888,4.873,4.874,5067.06393
2019-11-12 23:35:00,4.862,4.881,4.862,4.881,7663.22515
2019-11-12 23:34:00,4.865,4.869,4.863,4.863,654.67795
2019-11-12 23:33:00,4.866,4.871,4.861,4.862,7037.62353
2019-11-12 23:32:00,4.857,4.865,4.854,4.865,5366.29247
2019-11-12 23:31:00,4.845,4.861,4.841,4.856,29126.95661
2019-11-12 23:30:00,4.84,4.858,4.839,4.846,19649.82945
2019-11-12 23:29:00,4.843,4.843,4.839,4.839,482.38221
2019-11-12 23:28:00,4.838,4.845,4.838,4.843,4403.9018
2019-11-12 23:27:00,4.835,4.837,4.832,4.836,467.46097
2019-11-12 23:26:00,4.823,4.836,4.823,4.834,5265.91708
2019-11-12 23:25:00,4.817,4.824,4.812,4.822,6114.90449
2019-11-12 23:24:00,4.81,4.823,4.808,4.818,29748.34813
2019-11-12 23:23:00,4.821,4.821,4.803,4.808,18165.69366
2019-11-12 23:22:00,4.829,4.829,4.82,4.823,2123.3224
2019-11-12 23:21:00,4.832,4.832,4.828,4.828,2908.79869
2019-11-12 23:20:00,4.835,4.835,4.832,4.832,562.14002
2019-11-12 23:19:00,4.836,4.836,4.833,4.834,230.1394
2019-11-12 23:18:00,4.829,4.833,4.826,4.833,1720.18755
2019-11-12 23:17:00,4.834,4.834,4.83,4.83,827.86219
2019-11-12 23:16:00,4.835,4.835,4.835,4.835,0
2019-11-12 23:15:00,4.838,4.838,4.835,4.835,939.15075
2019-11-12 23:14:00,4.834,4.84,4.834,4.839,1230.70669
2019-11-12 23:13:00,4.834,4.834,4.833,4.834,1305.9159
2019-11-12 23:12:00,4.834,4.834,4.831,4.834,2034.08467
2019-11-12 23:11:00,4.834,4.835,4.831,4.834,2046.38056
2019-11-12 23:10:00,4.839,4.839,4.835,4.835,2247.69387
2019-11-12 23:09:00,4.839,4.839,4.839,4.839,3.29451
2019-11-12 23:08:00,4.839,4.839,4.839,4.839,3.44828
2019-11-12 23:07:00,4.837,4.839,4.837,4.839,1037.25532
2019-11-12 23:06:00,4.837,4.837,4.837,4.837,0
2019-11-12 23:05:00,4.837,4.837,4.834,4.837,424.12495
2019-11-12 23:04:00,4.838,4.838,4.838,4.838,728.84374
2019-11-12 23:03:00,4.84,4.84,4.838,4.838,1713.41014
2019-11-12 23:02:00,4.843,4.843,4.84,4.84,387.0313
2019-11-12 23:01:00,4.844,4.844,4.842,4.842,1025.8677
2019-11-12 23:00:00,4.844,4.846,4.844,4.844,509.79596
2019-11-12 22:59:00,4.843,4.844,4.843,4.844,89.66401
2019-11-12 22:58:00,4.842,4.843,4.842,4.842,1107.14811
2019-11-12 22:57:00,4.845,4.845,4.842,4.843,906.57524
2019-11-12 22:56:00,4.845,4.845,4.845,4.845,1189.87715
2019-11-12 22:55:00,4.847,4.847,4.844,4.845,1394.60451
2019-11-12 22:54:00,4.847,4.847,4.847,4.847,0
2019-11-12 22:53:00,4.844,4.848,4.844,4.847,1209.55918
2019-11-12 22:52:00,4.842,4.843,4.84,4.843,5021.48378
2019-11-12 22:51:00,4.843,4.844,4.842,4.844,2734.17384
2019-11-12 22:50:00,4.838,4.844,4.838,4.842,2581.10469
2019-11-12 22:49:00,4.84,4.84,4.835,4.839,3649.24675
2019-11-12 22:48:00,4.84,4.84,4.837,4.84,603.83078
2019-11-12 22:47:00,4.835,4.837,4.835,4.837,491.8059
2019-11-12 22:46:00,4.835,4.835,4.835,4.835,2.06825
2019-11-12 22:45:00,4.839,4.84,4.835,4.835,1904.20221
2019-11-12 22:44:00,4.839,4.841,4.839,4.84,718.23473
2019-11-12 22:43:00,4.837,4.84,4.836,4.838,2054.85936
2019-11-12 22:42:00,4.837,4.837,4.835,4.836,1619.1239
2019-11-12 22:41:00,4.837,4.838,4.837,4.837,1364.76831
2019-11-12 22:40:00,4.836,4.836,4.836,4.836,0
2019-11-12 22:39:00,4.835,4.836,4.835,4.836,83.38751
2019-11-12 22:38:00,4.836,4.836,4.836,4.836,0
2019-11-12 22:37:00,4.834,4.837,4.834,4.836,639.26125
2019-11-12 22:36:00,4.834,4.834,4.833,4.834,435.86824
2019-11-12 22:35:00,4.837,4.837,4.834,4.834,205.86383
2019-11-12 22:34:00,4.837,4.84,4.837,4.838,2089.75243
2019-11-12 22:33:00,4.839,4.839,4.835,4.838,1711.04865
2019-11-12 22:32:00,4.838,4.839,4.835,4.839,841.74727
2019-11-12 22:31:00,4.836,4.839,4.836,4.839,272.36082
2019-11-12 22:30:00,4.838,4.838,4.834,4.835,3659.98077
2019-11-12 22:29:00,4.837,4.841,4.837,4.839,2738.27047
2019-11-12 22:28:00,4.837,4.837,4.836,4.837,258.63564
2019-11-12 22:27:00,4.837,4.837,4.837,4.837,0.9033
2019-11-12 22:26:00,4.832,4.837,4.832,4.837,2062.04261
2019-11-12 22:25:00,4.832,4.832,4.83,4.832,1723.72252
2019-11-12 22:24:00,4.838,4.838,4.831,4.832,1404.05934
2019-11-12 22:23:00,4.838,4.838,4.837,4.838,3536.25534
2019-11-12 22:22:00,4.836,4.837,4.836,4.837,195.03604
2019-11-12 22:21:00,4.836,4.836,4.836,4.836,827.31213
2019-11-12 22:20:00,4.837,4.839,4.837,4.838,833.77481
2019-11-12 22:19:00,4.838,4.838,4.836,4.837,2201.11659
2019-11-12 22:18:00,4.829,4.836,4.829,4.836,979.34356
2019-11-12 22:17:00,4.836,4.836,4.829,4.83,1885.97467
2019-11-12 22:16:00,4.837,4.837,4.837,4.837,1269.70701
2019-11-12 22:15:00,4.836,4.84,4.835,4.837,816.76726
2019-11-12 22:14:00,4.834,4.835,4.831,4.835,1431.47522
2019-11-12 22:13:00,4.836,4.836,4.833,4.833,1444.98588
2019-11-12 22:12:00,4.836,4.838,4.836,4.836,2938.39999
2019-11-12 22:11:00,4.832,4.836,4.832,4.836,205.27836
2019-11-12 22:10:00,4.833,4.833,4.828,4.833,421.85651
2019-11-12 22:09:00,4.839,4.839,4.833,4.833,1536.48853
2019-11-12 22:08:00,4.843,4.843,4.836,4.84,2943.58929
2019-11-12 22:07:00,4.845,4.846,4.837,4.846,5097.70034
2019-11-12 22:06:00,4.823,4.846,4.823,4.846,4982.9295
2019-11-12 22:05:00,4.809,4.821,4.808,4.821,2750.60007
2019-11-12 22:04:00,4.808,4.818,4.808,4.809,3712.53872
2019-11-12 22:03:00,4.808,4.819,4.808,4.811,4919.84682
2019-11-12 22:02:00,4.81,4.822,4.753,4.807,30228.68762
2019-11-12 22:01:00,4.817,4.817,4.797,4.81,17626.44794
2019-11-12 22:00:00,4.834,4.834,4.814,4.817,7960.55518
2019-11-12 21:59:00,4.833,4.835,4.828,4.835,5805.75443
2019-11-12 21:58:00,4.836,4.836,4.822,4.831,20221.8738
2019-11-12 21:57:00,4.841,4.842,4.835,4.836,4638.00786
2019-11-12 21:56:00,4.845,4.846,4.841,4.841,2781.72123
2019-11-12 21:55:00,4.849,4.85,4.846,4.849,718.87889
2019-11-12 21:54:00,4.861,4.862,4.849,4.849,7793.39113
2019-11-12 21:53:00,4.864,4.865,4.862,4.862,771.27064
2019-11-12 21:52:00,4.863,4.865,4.863,4.864,1520.71636
2019-11-12 21:51:00,4.868,4.868,4.863,4.863,1046.31178
2019-11-12 21:50:00,4.87,4.87,4.869,4.869,234.95963
2019-11-12 21:49:00,4.872,4.872,4.87,4.871,1582.79894
2019-11-12 21:48:00,4.873,4.873,4.872,4.872,1196.01965
2019-11-12 21:47:00,4.87,4.873,4.868,4.873,1547.73403
2019-11-12 21:46:00,4.872,4.872,4.869,4.869,497.75819
2019-11-12 21:45:00,4.872,4.872,4.872,4.872,4
2019-11-12 21:44:00,4.871,4.872,4.87,4.872,1157.7546
2019-11-12 21:43:00,4.868,4.872,4.868,4.871,526.52736
2019-11-12 21:42:00,4.869,4.874,4.868,4.869,1048.79432
2019-11-12 21:41:00,4.87,4.871,4.868,4.868,537.68622
2019-11-12 21:40:00,4.873,4.877,4.872,4.872,2621.35439
2019-11-12 21:39:00,4.872,4.873,4.872,4.873,278.95899
2019-11-12 21:38:00,4.874,4.874,4.874,4.874,0
2019-11-12 21:37:00,4.874,4.874,4.874,4.874,673.67465
2019-11-12 21:36:00,4.878,4.878,4.874,4.874,899.4139
2019-11-12 21:35:00,4.878,4.878,4.878,4.878,2123.1079
2019-11-12 21:34:00,4.875,4.88,4.875,4.878,1169.92988
2019-11-12 21:33:00,4.874,4.874,4.874,4.874,269.2688
2019-11-12 21:32:00,4.872,4.875,4.872,4.875,1319.62147
2019-11-12 21:31:00,4.874,4.874,4.874,4.874,5.77534
2019-11-12 21:30:00,4.872,4.874,4.872,4.874,259.24821
2019-11-12 21:29:00,4.873,4.873,4.872,4.872,760.81598
2019-11-12 21:28:00,4.869,4.874,4.869,4.873,464.50127
2019-11-12 21:27:00,4.874,4.874,4.869,4.869,1260.26184
2019-11-12 21:26:00,4.874,4.874,4.874,4.874,0
2019-11-12 21:25:00,4.874,4.874,4.874,4.874,213.16419
2019-11-12 21:24:00,4.875,4.875,4.872,4.873,2387.89739
2019-11-12 21:23:00,4.878,4.879,4.874,4.875,1877.97174
2019-11-12 21:22:00,4.862,4.878,4.862,4.878,2541.98211
2019-11-12 21:21:00,4.867,4.867,4.863,4.863,1801.61606
2019-11-12 21:20:00,4.866,4.876,4.864,4.867,3906.31092
2019-11-12 21:19:00,4.876,4.876,4.868,4.868,2087.6345
2019-11-12 21:18:00,4.874,4.876,4.874,4.876,1987.8601
2019-11-12 21:17:00,4.873,4.875,4.873,4.874,419.22407
2019-11-12 21:16:00,4.877,4.877,4.873,4.873,1866.90978
2019-11-12 21:15:00,4.88,4.881,4.879,4.88,2185.19941
2019-11-12 21:14:00,4.884,4.885,4.88,4.88,2157.82232
2019-11-12 21:13:00,4.88,4.885,4.879,4.885,505.85361
2019-11-12 21:12:00,4.879,4.88,4.875,4.88,511.67618
2019-11-12 21:11:00,4.879,4.88,4.877,4.879,1485.33291
2019-11-12 21:10:00,4.882,4.882,4.876,4.879,3030.83334
2019-11-12 21:09:00,4.885,4.885,4.881,4.882,850.96497
2019-11-12 21:08:00,4.886,4.886,4.882,4.885,3096.86761
2019-11-12 21:07:00,4.889,4.89,4.886,4.886,3710.71181
2019-11-12 21:06:00,4.891,4.891,4.888,4.888,892.96125
2019-11-12 21:05:00,4.885,4.891,4.885,4.891,1231.80084
2019-11-12 21:04:00,4.884,4.885,4.884,4.885,203.52305
2019-11-12 21:03:00,4.883,4.887,4.881,4.887,299.57934
2019-11-12 21:02:00,4.882,4.884,4.882,4.883,375.80596
2019-11-12 21:01:00,4.887,4.887,4.882,4.882,2505.67904
2019-11-12 21:00:00,4.888,4.89,4.888,4.888,310.31879
2019-11-12 20:59:00,4.89,4.89,4.888,4.888,1946.96381
2019-11-12 20:58:00,4.891,4.891,4.889,4.89,667.53942
2019-11-12 20:57:00,4.889,4.891,4.888,4.891,811.47768
2019-11-12 20:56:00,4.889,4.889,4.889,4.889,1477.02383
2019-11-12 20:55:00,4.887,4.888,4.886,4.888,2250.176
2019-11-12 20:54:00,4.889,4.889,4.886,4.886,2017.25422
2019-11-12 20:53:00,4.891,4.893,4.889,4.892,1899.11323
2019-11-12 20:52:00,4.89,4.89,4.889,4.89,2639.24724
2019-11-12 20:51:00,4.882,4.889,4.882,4.889,1404.11486
2019-11-12 20:50:00,4.881,4.882,4.881,4.881,2806.13792
2019-11-12 20:49:00,4.887,4.887,4.88,4.882,715.47236
2019-11-12 20:48:00,4.887,4.888,4.887,4.888,2016.97429
2019-11-12 20:47:00,4.886,4.887,4.886,4.887,2618.45108
2019-11-12 20:46:00,4.889,4.889,4.883,4.886,3519.41282
2019-11-12 20:45:00,4.884,4.888,4.882,4.888,1362.67107
2019-11-12 20:44:00,4.881,4.883,4.877,4.883,1419.33984
2019-11-12 20:43:00,4.887,4.89,4.881,4.881,1998.24015
2019-11-12 20:42:00,4.889,4.89,4.887,4.887,397.87241
2019-11-12 20:41:00,4.891,4.892,4.89,4.89,1845.28285
2019-11-12 20:40:00,4.891,4.892,4.89,4.891,1844.92749
2019-11-12 20:39:00,4.89,4.893,4.89,4.89,1327.88774
2019-11-12 20:38:00,4.886,4.891,4.885,4.891,4688.16659
2019-11-12 20:37:00,4.89,4.89,4.886,4.886,2581.28995
2019-11-12 20:36:00,4.89,4.893,4.886,4.89,2184.52877
2019-11-12 20:35:00,4.884,4.891,4.884,4.891,1247.82639
2019-11-12 20:34:00,4.878,4.883,4.878,4.883,804.43833
2019-11-12 20:33:00,4.873,4.876,4.872,4.876,2117.16046
2019-11-12 20:32:00,4.876,4.877,4.874,4.874,1673.57934
2019-11-12 20:31:00,4.878,4.88,4.874,4.877,7885.28021
2019-11-12 20:30:00,4.883,4.883,4.878,4.878,2291.10323
2019-11-12 20:29:00,4.884,4.885,4.881,4.883,1565.21928
2019-11-12 20:28:00,4.885,4.885,4.881,4.884,428.28226
2019-11-12 20:27:00,4.89,4.89,4.883,4.883,5973.78236
2019-11-12 20:26:00,4.883,4.89,4.883,4.889,4674.06742
2019-11-12 20:25:00,4.89,4.89,4.88,4.883,5924.86561
2019-11-12 20:24:00,4.872,4.891,4.87,4.886,13373.91031
2019-11-12 20:23:00,4.863,4.879,4.856,4.87,7636.32025
2019-11-12 20:22:00,4.886,4.889,4.865,4.866,11402.40444
2019-11-12 20:21:00,4.906,4.906,4.882,4.887,19251.58896
2019-11-12 20:20:00,4.909,4.909,4.905,4.905,1235.88054
2019-11-12 20:19:00,4.914,4.914,4.907,4.907,3389.65551
2019-11-12 20:18:00,4.924,4.924,4.915,4.915,1885.6462
2019-11-12 20:17:00,4.925,4.925,4.925,4.925,85.30664
2019-11-12 20:16:00,4.926,4.928,4.924,4.924,2627.79186
2019-11-12 20:15:00,4.921,4.924,4.921,4.924,2563.45903
2019-11-12 20:14:00,4.927,4.927,4.924,4.924,12.8906
2019-11-12 20:13:00,4.927,4.929,4.923,4.927,1179.40223
2019-11-12 20:12:00,4.94,4.941,4.925,4.929,4398.74428
2019-11-12 20:11:00,4.924,4.938,4.924,4.938,3341.86321
2019-11-12 20:10:00,4.93,4.932,4.92,4.924,7024.09142
2019-11-12 20:09:00,4.94,4.941,4.929,4.93,8110.23401
2019-11-12 20:08:00,4.935,4.942,4.933,4.94,4843.66244
2019-11-12 20:07:00,4.923,4.94,4.923,4.934,9810.589
2019-11-12 20:06:00,4.909,4.937,4.909,4.924,15750.69833
2019-11-12 20:05:00,4.904,4.908,4.904,4.908,1099.78687
2019-11-12 20:04:00,4.9,4.906,4.899,4.903,8318.15294
2019-11-12 20:03:00,4.891,4.9,4.89,4.9,1599.32857
2019-11-12 20:02:00,4.89,4.891,4.889,4.891,600.08236
2019-11-12 20:01:00,4.893,4.893,4.889,4.889,220.72005
2019-11-12 20:00:00,4.888,4.891,4.888,4.89,958.60212
2019-11-12 19:59:00,4.887,4.888,4.887,4.888,930.05074
2019-11-12 19:58:00,4.886,4.887,4.886,4.886,2695.93942
2019-11-12 19:57:00,4.886,4.887,4.886,4.887,279.76532
2019-11-12 19:56:00,4.886,4.886,4.884,4.885,436.56022
2019-11-12 19:55:00,4.889,4.889,4.886,4.886,1551.70474
2019-11-12 19:54:00,4.893,4.893,4.89,4.89,1437.63788
2019-11-12 19:53:00,4.894,4.894,4.893,4.893,515.95762
2019-11-12 19:52:00,4.895,4.895,4.893,4.894,813.04205
2019-11-12 19:51:00,4.894,4.895,4.894,4.895,1271.50082
2019-11-12 19:50:00,4.892,4.894,4.892,4.894,2213.06627
2019-11-12 19:49:00,4.89,4.893,4.888,4.892,1743.47496
2019-11-12 19:48:00,4.886,4.89,4.886,4.887,762.06955
2019-11-12 19:47:00,4.887,4.887,4.886,4.886,319.0718
2019-11-12 19:46:00,4.886,4.886,4.886,4.886,1281.14939
2019-11-12 19:45:00,4.883,4.885,4.883,4.884,1932.4705
2019-11-12 19:44:00,4.879,4.883,4.879,4.883,492.01158
2019-11-12 19:43:00,4.88,4.881,4.88,4.88,15.66458
2019-11-12 19:42:00,4.882,4.882,4.881,4.881,494.85424
2019-11-12 19:41:00,4.882,4.882,4.882,4.882,59.92795
2019-11-12 19:40:00,4.882,4.882,4.882,4.882,1.35524
2019-11-12 19:39:00,4.882,4.883,4.882,4.883,21.32807
2019-11-12 19:38:00,4.882,4.882,4.882,4.882,0
2019-11-12 19:37:00,4.883,4.884,4.882,4.882,578.92569
2019-11-12 19:36:00,4.881,4.883,4.881,4.883,202.6103
2019-11-12 19:35:00,4.878,4.878,4.878,4.878,3.90009
2019-11-12 19:34:00,4.877,4.877,4.877,4.877,38.89624
2019-11-12 19:33:00,4.878,4.878,4.878,4.878,0
2019-11-12 19:32:00,4.878,4.878,4.878,4.878,0.93953
2019-11-12 19:31:00,4.878,4.879,4.877,4.877,285.33504
2019-11-12 19:30:00,4.877,4.879,4.877,4.879,389.53848
2019-11-12 19:29:00,4.876,4.876,4.876,4.876,0.21382
2019-11-12 19:28:00,4.875,4.877,4.875,4.876,92.65513
2019-11-12 19:27:00,4.875,4.875,4.875,4.875,0.20106
2019-11-12 19:26:00,4.877,4.881,4.876,4.876,1974.42068
2019-11-12 19:25:00,4.877,4.877,4.877,4.877,1293.35219
2019-11-12 19:24:00,4.879,4.879,4.877,4.877,1012.63615
2019-11-12 19:23:00,4.877,4.881,4.877,4.879,989.24033
2019-11-12 19:22:00,4.879,4.879,4.877,4.877,1084.80395
2019-11-12 19:21:00,4.879,4.879,4.879,4.879,0
2019-11-12 19:20:00,4.879,4.879,4.879,4.879,0
2019-11-12 19:19:00,4.878,4.879,4.878,4.879,1261.30674
2019-11-12 19:18:00,4.879,4.879,4.877,4.878,587.405
2019-11-12 19:17:00,4.88,4.88,4.88,4.88,0
2019-11-12 19:16:00,4.881,4.881,4.88,4.88,1320.04358
2019-11-12 19:15:00,4.882,4.882,4.88,4.882,2416.43423
2019-11-12 19:14:00,4.882,4.883,4.882,4.882,184.79484
2019-11-12 19:13:00,4.881,4.884,4.879,4.884,668.07768
2019-11-12 19:12:00,4.881,4.883,4.878,4.88,4740.57778
2019-11-12 19:11:00,4.887,4.887,4.877,4.881,6583.36935
2019-11-12 19:10:00,4.879,4.888,4.879,4.888,1184.97571
2019-11-12 19:09:00,4.879,4.88,4.877,4.879,429.82773
2019-11-12 19:08:00,4.88,4.881,4.879,4.879,139.1984
2019-11-12 19:07:00,4.883,4.884,4.88,4.88,1737.22106
2019-11-12 19:06:00,4.892,4.892,4.883,4.883,18036.1478
2019-11-12 19:05:00,4.892,4.892,4.892,4.892,0.12246
2019-11-12 19:04:00,4.891,4.892,4.891,4.892,506.78537
2019-11-12 19:03:00,4.892,4.892,4.892,4.892,4.12231
2019-11-12 19:02:00,4.892,4.892,4.892,4.892,0
2019-11-12 19:01:00,4.892,4.892,4.891,4.892,1171.27379
2019-11-12 19:00:00,4.893,4.893,4.893,4.893,177.97191
2019-11-12 18:59:00,4.895,4.896,4.891,4.893,2395.97861
2019-11-12 18:58:00,4.895,4.895,4.894,4.895,472.27098
2019-11-12 18:57:00,4.896,4.897,4.893,4.894,385.29871
2019-11-12 18:56:00,4.896,4.896,4.895,4.896,2057.03615
2019-11-12 18:55:00,4.895,4.895,4.895,4.895,1548.96787
2019-11-12 18:54:00,4.894,4.895,4.894,4.895,224.15416
2019-11-12 18:53:00,4.893,4.893,4.893,4.893,0
2019-11-12 18:52:00,4.893,4.893,4.893,4.893,0
2019-11-12 18:51:00,4.893,4.893,4.893,4.893,0
2019-11-12 18:50:00,4.893,4.893,4.893,4.893,0
2019-11-12 18:49:00,4.892,4.893,4.892,4.893,409.94666
2019-11-12 18:48:00,4.892,4.892,4.892,4.892,211.76025
2019-11-12 18:47:00,4.892,4.892,4.892,4.892,645.36244
2019-11-12 18:46:00,4.895,4.895,4.892,4.892,1685.48069
2019-11-12 18:45:00,4.896,4.896,4.893,4.895,432.5327
2019-11-12 18:44:00,4.897,4.897,4.897,4.897,1.2336
2019-11-12 18:43:00,4.896,4.897,4.896,4.897,2481.31883
2019-11-12 18:42:00,4.9,4.9,4.895,4.896,506.10762
2019-11-12 18:41:00,4.9,4.9,4.9,4.9,3.11482
2019-11-12 18:40:00,4.9,4.9,4.9,4.9,0.38591
2019-11-12 18:39:00,4.899,4.899,4.899,4.899,0
2019-11-12 18:38:00,4.901,4.901,4.899,4.899,1208.08019
2019-11-12 18:37:00,4.902,4.902,4.897,4.9,960.27543
2019-11-12 18:36:00,4.902,4.902,4.902,4.902,2.15105
2019-11-12 18:35:00,4.902,4.902,4.902,4.902,0.99505
2019-11-12 18:34:00,4.902,4.902,4.902,4.902,1.11852
2019-11-12 18:33:00,4.901,4.901,4.901,4.901,0
2019-11-12 18:32:00,4.904,4.904,4.898,4.901,840.67771
2019-11-12 18:31:00,4.903,4.904,4.903,4.904,732.03778
2019-11-12 18:30:00,4.906,4.906,4.903,4.903,788.61835
2019-11-12 18:29:00,4.906,4.906,4.905,4.906,41.7499
2019-11-12 18:28:00,4.904,4.906,4.903,4.906,1120.33356
2019-11-12 18:27:00,4.904,4.904,4.904,4.904,0.48466
2019-11-12 18:26:00,4.904,4.905,4.904,4.904,1289.49087
2019-11-12 18:25:00,4.904,4.905,4.903,4.905,2509.15829
2019-11-12 18:24:00,4.902,4.905,4.902,4.905,640.65434
2019-11-12 18:23:00,4.902,4.902,4.902,4.902,817.42137
2019-11-12 18:22:00,4.897,4.902,4.897,4.902,648.14872
2019-11-12 18:21:00,4.898,4.898,4.897,4.897,50.68869
2019-11-12 18:20:00,4.898,4.899,4.898,4.898,280.48495
2019-11-12 18:19:00,4.899,4.899,4.898,4.898,52.58632
2019-11-12 18:18:00,4.903,4.903,4.899,4.899,1437.73421
2019-11-12 18:17:00,4.903,4.903,4.903,4.903,0.03073
2019-11-12 18:16:00,4.903,4.903,4.902,4.902,242.61058
2019-11-12 18:15:00,4.904,4.904,4.903,4.903,2552.49055
2019-11-12 18:14:00,4.903,4.904,4.903,4.904,552.05423
2019-11-12 18:13:00,4.902,4.904,4.902,4.903,520.79131
2019-11-12 18:12:00,4.903,4.903,4.903,4.903,497.21822
2019-11-12 18:11:00,4.904,4.904,4.904,4.904,313.0165
2019-11-12 18:10:00,4.904,4.905,4.904,4.905,1885.02994
2019-11-12 18:09:00,4.904,4.904,4.903,4.903,1256.85233
2019-11-12 18:08:00,4.904,4.905,4.904,4.905,22.73342
2019-11-12 18:07:00,4.903,4.905,4.903,4.904,402.9844
2019-11-12 18:06:00,4.903,4.905,4.903,4.904,2377.16901
2019-11-12 18:05:00,4.903,4.903,4.903,4.903,0.38131
2019-11-12 18:04:00,4.903,4.903,4.903,4.903,0.23832
2019-11-12 18:03:00,4.903,4.903,4.903,4.903,0.03065
2019-11-12 18:02:00,4.904,4.904,4.903,4.903,26.5332
2019-11-12 18:01:00,4.904,4.906,4.903,4.903,717.28162
2019-11-12 18:00:00,4.905,4.905,4.905,4.905,367.13931
2019-11-12 17:59:00,4.905,4.905,4.905,4.905,837.33917
2019-11-12 17:58:00,4.904,4.905,4.904,4.904,212.81969
2019-11-12 17:57:00,4.903,4.906,4.903,4.904,808.30116
2019-11-12 17:56:00,4.906,4.906,4.901,4.902,680.12368
2019-11-12 17:55:00,4.906,4.907,4.906,4.906,10.8109
2019-11-12 17:54:00,4.908,4.908,4.906,4.906,2449.94867
2019-11-12 17:53:00,4.909,4.909,4.908,4.908,1894.80297
2019-11-12 17:52:00,4.91,4.91,4.909,4.909,230.23785
2019-11-12 17:51:00,4.91,4.91,4.91,4.91,120.0581
2019-11-12 17:50:00,4.91,4.91,4.91,4.91,0
2019-11-12 17:49:00,4.91,4.91,4.91,4.91,443.4461
2019-11-12 17:48:00,4.91,4.91,4.907,4.91,2421.59906
2019-11-12 17:47:00,4.905,4.91,4.904,4.91,1083.59054
2019-11-12 17:46:00,4.905,4.905,4.901,4.905,2025.79364
2019-11-12 17:45:00,4.897,4.902,4.897,4.902,2061.12037
2019-11-12 17:44:00,4.896,4.899,4.894,4.897,1524.59034
2019-11-12 17:43:00,4.896,4.896,4.894,4.895,2018.97931
2019-11-12 17:42:00,4.896,4.896,4.896,4.896,22.08095
2019-11-12 17:41:00,4.896,4.896,4.896,4.896,19.4533
2019-11-12 17:40:00,4.898,4.898,4.894,4.896,2993.99216
2019-11-12 17:39:00,4.899,4.899,4.899,4.899,1354.00147
2019-11-12 17:38:00,4.895,4.899,4.895,4.899,1594.9292
2019-11-12 17:37:00,4.893,4.895,4.893,4.895,991.97006
2019-11-12 17:36:00,4.889,4.892,4.889,4.892,254.53265
2019-11-12 17:35:00,4.887,4.89,4.887,4.889,446.33859
2019-11-12 17:34:00,4.886,4.886,4.886,4.886,0
2019-11-12 17:33:00,4.889,4.889,4.886,4.886,901.53025
2019-11-12 17:32:00,4.892,4.895,4.89,4.89,3493.58975
2019-11-12 17:31:00,4.885,4.89,4.885,4.89,213.93453
2019-11-12 17:30:00,4.889,4.889,4.882,4.883,1485.4195
2019-11-12 17:29:00,4.889,4.89,4.886,4.889,3478.13146
2019-11-12 17:28:00,4.894,4.894,4.885,4.889,2752.79041
2019-11-12 17:27:00,4.894,4.894,4.894,4.894,904.08176
2019-11-12 17:26:00,4.901,4.901,4.895,4.895,700.80802
2019-11-12 17:25:00,4.903,4.903,4.903,4.903,0
2019-11-12 17:24:00,4.901,4.904,4.901,4.903,1149.70529
2019-11-12 17:23:00,4.9,4.902,4.9,4.9,1990.89338
2019-11-12 17:22:00,4.9,4.9,4.9,4.9,0.21661
2019-11-12 17:21:00,4.899,4.9,4.899,4.899,559.43819
2019-11-12 17:20:00,4.9,4.9,4.899,4.899,748.33502
2019-11-12 17:19:00,4.899,4.9,4.899,4.9,18.80735
2019-11-12 17:18:00,4.9,4.902,4.899,4.899,1300.34146
2019-11-12 17:17:00,4.903,4.903,4.9,4.9,3553.91781
2019-11-12 17:16:00,4.904,4.904,4.902,4.903,1279.65599
2019-11-12 17:15:00,4.9,4.902,4.894,4.902,7002.69988
2019-11-12 17:14:00,4.907,4.908,4.901,4.901,1793.63913
2019-11-12 17:13:00,4.91,4.91,4.907,4.908,2568.55128
2019-11-12 17:12:00,4.91,4.914,4.906,4.911,1405.42707
2019-11-12 17:11:00,4.913,4.913,4.911,4.911,345.44538
2019-11-12 17:10:00,4.909,4.915,4.909,4.914,2392.26323
2019-11-12 17:09:00,4.917,4.917,4.909,4.909,501.40988
2019-11-12 17:08:00,4.914,4.916,4.914,4.915,1174.04708
2019-11-12 17:07:00,4.914,4.914,4.914,4.914,1.92937
2019-11-12 17:06:00,4.917,4.917,4.914,4.915,1080.32844
2019-11-12 17:05:00,4.917,4.917,4.916,4.917,240.87236
2019-11-12 17:04:00,4.914,4.917,4.912,4.917,1834.20678
2019-11-12 17:03:00,4.911,4.914,4.911,4.914,354.69163
2019-11-12 17:02:00,4.911,4.912,4.91,4.911,789.76464
2019-11-12 17:01:00,4.912,4.912,4.911,4.911,266.50389
2019-11-12 17:00:00,4.912,4.912,4.912,4.912,378.62365
2019-11-12 16:59:00,4.913,4.913,4.913,4.913,0.0796
2019-11-12 16:58:00,4.913,4.913,4.913,4.913,620.66542
2019-11-12 16:57:00,4.913,4.914,4.912,4.912,2517.39017
2019-11-12 16:56:00,4.912,4.915,4.912,4.914,373.48608
2019-11-12 16:55:00,4.912,4.912,4.912,4.912,796.09394
2019-11-12 16:54:00,4.911,4.912,4.91,4.912,3065.56519
2019-11-12 16:53:00,4.911,4.911,4.911,4.911,902.08505
2019-11-12 16:52:00,4.912,4.912,4.911,4.911,1268.06348
2019-11-12 16:51:00,4.913,4.913,4.913,4.913,0
2019-11-12 16:50:00,4.913,4.914,4.912,4.913,961.08898
2019-11-12 16:49:00,4.913,4.915,4.912,4.912,743.10496
2019-11-12 16:48:00,4.913,4.913,4.912,4.913,506.93805
2019-11-12 16:47:00,4.914,4.914,4.914,4.914,0
2019-11-12 16:46:00,4.914,4.914,4.914,4.914,1006.82148
2019-11-12 16:45:00,4.913,4.913,4.913,4.913,2499.39651
2019-11-12 16:44:00,4.913,4.913,4.912,4.913,499.20963
2019-11-12 16:43:00,4.913,4.914,4.913,4.913,295.34831
2019-11-12 16:42:00,4.916,4.916,4.914,4.914,3006.97085
2019-11-12 16:41:00,4.916,4.916,4.916,4.916,2.40753
2019-11-12 16:40:00,4.917,4.917,4.915,4.916,787.92933
2019-11-12 16:39:00,4.919,4.919,4.916,4.916,684.7379
2019-11-12 16:38:00,4.918,4.92,4.918,4.92,279.88952
2019-11-12 16:37:00,4.918,4.918,4.918,4.918,238.09625
2019-11-12 16:36:00,4.917,4.918,4.917,4.918,671.51869
2019-11-12 16:35:00,4.917,4.917,4.917,4.917,0.94611
2019-11-12 16:34:00,4.917,4.918,4.917,4.917,751.08188
2019-11-12 16:33:00,4.918,4.919,4.917,4.917,0.67362
2019-11-12 16:32:00,4.919,4.919,4.918,4.918,0.28237
2019-11-12 16:31:00,4.919,4.919,4.918,4.919,0.38406
2019-11-12 16:30:00,4.919,4.919,4.919,4.919,0.12492
2019-11-12 16:29:00,4.918,4.919,4.918,4.919,1350.94085
2019-11-12 16:28:00,4.919,4.919,4.919,4.919,431.58761
2019-11-12 16:27:00,4.919,4.919,4.918,4.919,740.43429
2019-11-12 16:26:00,4.919,4.921,4.916,4.92,4375.68392
2019-11-12 16:25:00,4.92,4.92,4.92,4.92,0.03053
2019-11-12 16:24:00,4.92,4.92,4.92,4.92,0.0665
2019-11-12 16:23:00,4.92,4.92,4.92,4.92,0.01005
2019-11-12 16:22:00,4.92,4.92,4.92,4.92,0.07856
2019-11-12 16:21:00,4.92,4.92,4.92,4.92,0.0203
2019-11-12 16:20:00,4.92,4.92,4.919,4.919,286.97139
2019-11-12 16:19:00,4.92,4.92,4.92,4.92,0.01017
2019-11-12 16:18:00,4.92,4.92,4.92,4.92,0.01002
2019-11-12 16:17:00,4.919,4.919,4.919,4.919,1225.81677
2019-11-12 16:16:00,4.92,4.92,4.92,4.92,0
2019-11-12 16:15:00,4.92,4.92,4.92,4.92,0
2019-11-12 16:14:00,4.92,4.923,4.92,4.92,396.73608
2019-11-12 16:13:00,4.919,4.92,4.919,4.92,34.09886
2019-11-12 16:12:00,4.918,4.92,4.918,4.919,1764.28824
2019-11-12 16:11:00,4.917,4.919,4.917,4.919,1656.13428
2019-11-12 16:10:00,4.919,4.919,4.917,4.917,703.94306
2019-11-12 16:09:00,4.918,4.918,4.918,4.918,435.79507
2019-11-12 16:08:00,4.918,4.92,4.918,4.918,2616.22969
2019-11-12 16:07:00,4.918,4.918,4.915,4.918,697.33472
2019-11-12 16:06:00,4.918,4.918,4.918,4.918,228.68953
2019-11-12 16:05:00,4.918,4.919,4.918,4.918,279.84496
2019-11-12 16:04:00,4.917,4.917,4.917,4.917,825.65027
2019-11-12 16:03:00,4.916,4.919,4.916,4.918,420.36528
2019-11-12 16:02:00,4.92,4.92,4.916,4.916,566.93083
2019-11-12 16:01:00,4.92,4.92,4.92,4.92,270.30713
2019-11-12 16:00:00,4.92,4.92,4.92,4.92,1889.53175
2019-11-12 15:59:00,4.92,4.92,4.92,4.92,194.25303
2019-11-12 15:58:00,4.92,4.92,4.92,4.92,332.48305
2019-11-12 15:57:00,4.918,4.922,4.918,4.921,647.69678
2019-11-12 15:56:00,4.922,4.922,4.922,4.922,0
2019-11-12 15:55:00,4.925,4.925,4.922,4.922,755.63906
2019-11-12 15:54:00,4.925,4.925,4.925,4.925,0
2019-11-12 15:53:00,4.925,4.925,4.925,4.925,0
2019-11-12 15:52:00,4.926,4.926,4.925,4.925,633.47014
2019-11-12 15:51:00,4.924,4.924,4.924,4.924,0
2019-11-12 15:50:00,4.922,4.925,4.922,4.924,1779.75001
2019-11-12 15:49:00,4.922,4.922,4.921,4.921,1369.28805
2019-11-12 15:48:00,4.922,4.922,4.922,4.922,640.86759
2019-11-12 15:47:00,4.923,4.923,4.92,4.922,1907.22423
2019-11-12 15:46:00,4.919,4.924,4.919,4.923,2649.86862
2019-11-12 15:45:00,4.916,4.92,4.916,4.919,1308.89798
2019-11-12 15:44:00,4.915,4.915,4.913,4.915,4341.16325
2019-11-12 15:43:00,4.915,4.915,4.915,4.915,213.35593
2019-11-12 15:42:00,4.918,4.918,4.914,4.914,1404.67664
2019-11-12 15:41:00,4.91,4.917,4.91,4.917,1891.7572
2019-11-12 15:40:00,4.91,4.91,4.91,4.91,6.4414
2019-11-12 15:39:00,4.91,4.91,4.91,4.91,6.41522
2019-11-12 15:38:00,4.913,4.913,4.909,4.91,538.03366
2019-11-12 15:37:00,4.913,4.913,4.912,4.912,1141.53513
2019-11-12 15:36:00,4.912,4.914,4.911,4.914,796.25924
2019-11-12 15:35:00,4.912,4.913,4.912,4.913,1280.66175
2019-11-12 15:34:00,4.915,4.915,4.911,4.912,584.45607
2019-11-12 15:33:00,4.914,4.916,4.914,4.916,1264.36741
2019-11-12 15:32:00,4.915,4.915,4.913,4.914,705.31633
2019-11-12 15:31:00,4.917,4.917,4.915,4.915,663.2984
2019-11-12 15:30:00,4.917,4.917,4.916,4.916,414.22985
2019-11-12 15:29:00,4.917,4.918,4.917,4.917,1541.72479
2019-11-12 15:28:00,4.919,4.919,4.918,4.918,1704.08168
2019-11-12 15:27:00,4.921,4.921,4.919,4.919,3162.54911
2019-11-12 15:26:00,4.922,4.924,4.921,4.922,749.746
2019-11-12 15:25:00,4.922,4.922,4.922,4.922,234.17385
2019-11-12 15:24:00,4.921,4.922,4.921,4.922,1112.19223
2019-11-12 15:23:00,4.923,4.923,4.923,4.923,0
2019-11-12 15:22:00,4.922,4.923,4.922,4.923,1301.752
2019-11-12 15:21:00,4.919,4.924,4.919,4.922,980.958
2019-11-12 15:20:00,4.922,4.922,4.918,4.92,560.55438
2019-11-12 15:19:00,4.923,4.923,4.923,4.923,732.74706
2019-11-12 15:18:00,4.923,4.923,4.923,4.923,1794.77556
2019-11-12 15:17:00,4.923,4.923,4.923,4.923,0
2019-11-12 15:16:00,4.923,4.923,4.922,4.923,116.67048
2019-11-12 15:15:00,4.923,4.923,4.922,4.923,141.05285
2019-11-12 15:14:00,4.922,4.923,4.921,4.921,2668.46226
2019-11-12 15:13:00,4.92,4.922,4.92,4.922,669.40794
2019-11-12 15:12:00,4.919,4.919,4.918,4.919,1287.89336
2019-11-12 15:11:00,4.918,4.921,4.918,4.918,1542.38607
2019-11-12 15:10:00,4.916,4.918,4.915,4.918,859.86593
2019-11-12 15:09:00,4.918,4.918,4.916,4.916,1616.43415
2019-11-12 15:08:00,4.921,4.921,4.915,4.915,1426.03063
2019-11-12 15:07:00,4.924,4.924,4.922,4.922,513.97591
2019-11-12 15:06:00,4.925,4.925,4.922,4.922,1462.3764
2019-11-12 15:05:00,4.923,4.925,4.923,4.925,1309.361
2019-11-12 15:04:00,4.925,4.926,4.921,4.922,2112.70058
2019-11-12 15:03:00,4.922,4.926,4.922,4.925,737.8413
2019-11-12 15:02:00,4.928,4.928,4.923,4.925,574.06386
2019-11-12 15:01:00,4.927,4.929,4.926,4.928,2763.01024
2019-11-12 15:00:00,4.924,4.929,4.924,4.926,2293.84827
2019-11-12 14:59:00,4.924,4.924,4.922,4.924,1391.55188
2019-11-12 14:58:00,4.927,4.927,4.923,4.924,709.46534
2019-11-12 14:57:00,4.927,4.927,4.924,4.926,2653.85942
2019-11-12 14:56:00,4.924,4.931,4.923,4.929,24145.31738
2019-11-12 14:55:00,4.914,4.925,4.911,4.92,16203.74023
2019-11-12 14:54:00,4.91,4.915,4.908,4.912,2186.1175
2019-11-12 14:53:00,4.913,4.914,4.909,4.911,3083.47413
2019-11-12 14:52:00,4.907,4.916,4.906,4.915,4979.08379
2019-11-12 14:51:00,4.914,4.914,4.906,4.906,2391.06589
2019-11-12 14:50:00,4.915,4.915,4.912,4.912,2074.51853
2019-11-12 14:49:00,4.912,4.916,4.912,4.916,184.97272
2019-11-12 14:48:00,4.914,4.914,4.909,4.912,2952.56106
2019-11-12 14:47:00,4.914,4.914,4.914,4.914,5.30016
2019-11-12 14:46:00,4.915,4.916,4.914,4.914,240.72641
2019-11-12 14:45:00,4.915,4.915,4.912,4.914,898.46298
2019-11-12 14:44:00,4.91,4.916,4.908,4.914,2050.16546
2019-11-12 14:43:00,4.911,4.911,4.907,4.91,653.82869
2019-11-12 14:42:00,4.912,4.913,4.908,4.911,2589.15817
2019-11-12 14:41:00,4.912,4.913,4.912,4.912,7.98599
2019-11-12 14:40:00,4.913,4.914,4.912,4.913,926.47894
2019-11-12 14:39:00,4.914,4.914,4.914,4.914,699.59139
2019-11-12 14:38:00,4.916,4.916,4.913,4.914,210.14429
2019-11-12 14:37:00,4.916,4.917,4.916,4.916,171.37072
2019-11-12 14:36:00,4.915,4.916,4.915,4.916,603.12431
2019-11-12 14:35:00,4.908,4.915,4.907,4.915,3468.77162
2019-11-12 14:34:00,4.907,4.91,4.905,4.908,906.29787
2019-11-12 14:33:00,4.917,4.917,4.906,4.906,6905.94972
2019-11-12 14:32:00,4.916,4.917,4.916,4.917,919.94557
2019-11-12 14:31:00,4.916,4.916,4.914,4.916,368.92574
2019-11-12 14:30:00,4.916,4.916,4.916,4.916,15.69081
2019-11-12 14:29:00,4.915,4.916,4.915,4.916,2988.27452
2019-11-12 14:28:00,4.915,4.915,4.914,4.914,1004.7296
2019-11-12 14:27:00,4.916,4.916,4.913,4.915,595.86215
2019-11-12 14:26:00,4.915,4.917,4.915,4.916,538.67863
2019-11-12 14:25:00,4.909,4.917,4.909,4.914,3081.41125
2019-11-12 14:24:00,4.907,4.908,4.907,4.908,484.55431
2019-11-12 14:23:00,4.909,4.91,4.905,4.906,1871.3979
2019-11-12 14:22:00,4.912,4.912,4.906,4.91,2558.75165
2019-11-12 14:21:00,4.921,4.921,4.912,4.913,1175.77767
2019-11-12 14:20:00,4.928,4.928,4.917,4.92,3351.95179
2019-11-12 14:19:00,4.925,4.929,4.925,4.928,2530.6914
2019-11-12 14:18:00,4.921,4.926,4.92,4.926,3267.16324
2019-11-12 14:17:00,4.926,4.933,4.92,4.922,5069.42233
2019-11-12 14:16:00,4.921,4.927,4.921,4.925,503.66786
2019-11-12 14:15:00,4.919,4.921,4.918,4.921,18.1471
2019-11-12 14:14:00,4.918,4.919,4.917,4.919,577.94686
2019-11-12 14:13:00,4.918,4.918,4.918,4.918,253.3867
2019-11-12 14:12:00,4.923,4.923,4.912,4.918,2857.55504
2019-11-12 14:11:00,4.924,4.924,4.923,4.924,3376.57905
2019-11-12 14:10:00,4.924,4.931,4.924,4.927,953.22776
2019-11-12 14:09:00,4.923,4.93,4.923,4.925,2472.39391
2019-11-12 14:08:00,4.926,4.926,4.923,4.923,3462.50696
2019-11-12 14:07:00,4.927,4.936,4.925,4.926,4765.71528
2019-11-12 14:06:00,4.928,4.936,4.928,4.928,3181.85732
2019-11-12 14:05:00,4.927,4.934,4.925,4.928,2666.77207
2019-11-12 14:04:00,4.916,4.937,4.916,4.928,12502.67024
2019-11-12 14:03:00,4.911,4.912,4.908,4.912,1514.69411
2019-11-12 14:02:00,4.912,4.912,4.91,4.911,2724.70647
2019-11-12 14:01:00,4.906,4.913,4.904,4.911,3625.15265
2019-11-12 14:00:00,4.906,4.906,4.904,4.904,370.02607
2019-11-12 13:59:00,4.905,4.906,4.905,4.906,398.16147
2019-11-12 13:58:00,4.906,4.906,4.905,4.905,1064.7573
2019-11-12 13:57:00,4.902,4.91,4.902,4.906,1610.46889
2019-11-12 13:56:00,4.906,4.906,4.9,4.9,1406.1282
2019-11-12 13:55:00,4.906,4.906,4.901,4.904,1892.93259
2019-11-12 13:54:00,4.907,4.907,4.905,4.906,1479.96996
2019-11-12 13:53:00,4.905,4.908,4.905,4.907,1374.78302
2019-11-12 13:52:00,4.905,4.905,4.905,4.905,1961.71317
2019-11-12 13:51:00,4.906,4.906,4.906,4.906,1.64609
2019-11-12 13:50:00,4.913,4.913,4.913,4.913,0
2019-11-12 13:49:00,4.913,4.913,4.913,4.913,0
2019-11-12 13:48:00,4.913,4.913,4.913,4.913,0
2019-11-12 13:47:00,4.913,4.913,4.913,4.913,20.35167
2019-11-12 13:46:00,4.912,4.913,4.912,4.913,456.0329
2019-11-12 13:45:00,4.91,4.913,4.909,4.913,562.79392
2019-11-12 13:44:00,4.91,4.91,4.91,4.91,54.60494
2019-11-12 13:43:00,4.91,4.91,4.91,4.91,7.12407
2019-11-12 13:42:00,4.91,4.91,4.91,4.91,13.053
2019-11-12 13:41:00,4.911,4.911,4.908,4.909,567.95183
2019-11-12 13:40:00,4.911,4.911,4.911,4.911,1.49269
2019-11-12 13:39:00,4.909,4.911,4.909,4.911,317.25027
2019-11-12 13:38:00,4.908,4.908,4.907,4.907,60
2019-11-12 13:37:00,4.909,4.91,4.908,4.909,41.97632
2019-11-12 13:36:00,4.909,4.91,4.907,4.91,2375.00496
2019-11-12 13:35:00,4.907,4.909,4.907,4.909,306.32446
2019-11-12 13:34:00,4.907,4.907,4.905,4.905,814.24318
2019-11-12 13:33:00,4.913,4.913,4.905,4.907,3068.37294
2019-11-12 13:32:00,4.914,4.914,4.914,4.914,279.13493
2019-11-12 13:31:00,4.913,4.914,4.913,4.914,1314.47574
2019-11-12 13:30:00,4.914,4.914,4.912,4.912,1240.94929
2019-11-12 13:29:00,4.915,4.915,4.914,4.914,197.7624
2019-11-12 13:28:00,4.917,4.917,4.916,4.916,535.17195
2019-11-12 13:27:00,4.917,4.918,4.917,4.918,4.28423
2019-11-12 13:26:00,4.918,4.919,4.917,4.917,1114.44977
2019-11-12 13:25:00,4.919,4.919,4.919,4.919,983.52832
2019-11-12 13:24:00,4.918,4.919,4.918,4.918,1248.29921
2019-11-12 13:23:00,4.914,4.919,4.913,4.919,2340.17247
2019-11-12 13:22:00,4.912,4.914,4.91,4.914,1114.97891
2019-11-12 13:21:00,4.908,4.911,4.905,4.911,2322.77073
2019-11-12 13:20:00,4.908,4.909,4.908,4.909,1517.56589
2019-11-12 13:19:00,4.909,4.911,4.908,4.908,1386.53077
2019-11-12 13:18:00,4.903,4.908,4.903,4.908,2604.48297
2019-11-12 13:17:00,4.907,4.907,4.903,4.903,2208.98997
2019-11-12 13:16:00,4.907,4.908,4.907,4.907,338.73208
2019-11-12 13:15:00,4.906,4.906,4.906,4.906,317.97742
2019-11-12 13:14:00,4.904,4.907,4.904,4.907,271.47013
2019-11-12 13:13:00,4.903,4.908,4.903,4.904,958.14857
2019-11-12 13:12:00,4.904,4.904,4.903,4.903,456.727
2019-11-12 13:11:00,4.904,4.905,4.903,4.903,1668.96556
2019-11-12 13:10:00,4.904,4.905,4.903,4.905,1580.6432
2019-11-12 13:09:00,4.903,4.906,4.902,4.902,1549.98295
2019-11-12 13:08:00,4.901,4.901,4.899,4.901,2311.74316
2019-11-12 13:07:00,4.905,4.905,4.897,4.901,5424.70141
2019-11-12 13:06:00,4.9,4.904,4.9,4.904,547.02742
2019-11-12 13:05:00,4.901,4.902,4.9,4.902,1533.896
2019-11-12 13:04:00,4.903,4.906,4.9,4.902,1336.85088
2019-11-12 13:03:00,4.904,4.904,4.903,4.903,346.0794
2019-11-12 13:02:00,4.904,4.906,4.904,4.906,457.86858
2019-11-12 13:01:00,4.901,4.904,4.901,4.904,896.40923
2019-11-12 13:00:00,4.9,4.901,4.9,4.901,583.10585
2019-11-12 12:59:00,4.899,4.9,4.898,4.9,1481.95992
2019-11-12 12:58:00,4.903,4.903,4.9,4.9,989.25978
2019-11-12 12:57:00,4.904,4.904,4.904,4.904,1593.6658
2019-11-12 12:56:00,4.904,4.904,4.904,4.904,0
2019-11-12 12:55:00,4.905,4.905,4.904,4.904,43.39958
2019-11-12 12:54:00,4.904,4.904,4.904,4.904,685.3877
2019-11-12 12:53:00,4.902,4.902,4.902,4.902,1782.48951
2019-11-12 12:52:00,4.904,4.906,4.901,4.902,1527.18583
2019-11-12 12:51:00,4.914,4.914,4.903,4.903,1466.90585
2019-11-12 12:50:00,4.908,4.915,4.908,4.914,623.52126
2019-11-12 12:49:00,4.907,4.908,4.907,4.908,853.55259
2019-11-12 12:48:00,4.905,4.907,4.905,4.906,2479.90739
2019-11-12 12:47:00,4.904,4.904,4.904,4.904,20.21727
2019-11-12 12:46:00,4.906,4.906,4.905,4.905,1570.64832
2019-11-12 12:45:00,4.903,4.905,4.903,4.905,823.69456
2019-11-12 12:44:00,4.906,4.906,4.904,4.904,279.18791
2019-11-12 12:43:00,4.906,4.906,4.906,4.906,11.41315
2019-11-12 12:42:00,4.904,4.907,4.904,4.906,2023.52682
2019-11-12 12:41:00,4.905,4.905,4.904,4.904,592.0958
2019-11-12 12:40:00,4.906,4.906,4.904,4.904,1631.99642
2019-11-12 12:39:00,4.906,4.906,4.906,4.906,0
2019-11-12 12:38:00,4.906,4.906,4.906,4.906,2.81453
2019-11-12 12:37:00,4.909,4.909,4.908,4.908,6.57395
2019-11-12 12:36:00,4.908,4.908,4.908,4.908,0
2019-11-12 12:35:00,4.918,4.918,4.908,4.908,4927.98956
2019-11-12 12:34:00,4.92,4.92,4.918,4.919,3385.50203
2019-11-12 12:33:00,4.92,4.92,4.92,4.92,0.34571
2019-11-12 12:32:00,4.92,4.92,4.92,4.92,0.43651
2019-11-12 12:31:00,4.919,4.92,4.919,4.92,493.63952
2019-11-12 12:30:00,4.918,4.918,4.917,4.918,1279.08924
2019-11-12 12:29:00,4.912,4.916,4.912,4.915,1454.17328
2019-11-12 12:28:00,4.907,4.913,4.907,4.911,1177.2308
2019-11-12 12:27:00,4.906,4.909,4.906,4.907,1145.05971
2019-11-12 12:26:00,4.906,4.906,4.906,4.906,0.02996
2019-11-12 12:25:00,4.906,4.906,4.906,4.906,0
2019-11-12 12:24:00,4.907,4.907,4.906,4.906,1021.2861
2019-11-12 12:23:00,4.909,4.91,4.906,4.907,518.25323
2019-11-12 12:22:00,4.904,4.906,4.904,4.906,1674.37932
2019-11-12 12:21:00,4.901,4.905,4.901,4.904,473.12704
2019-11-12 12:20:00,4.901,4.902,4.9,4.901,322.97536
2019-11-12 12:19:00,4.902,4.904,4.901,4.901,1537.29108
2019-11-12 12:18:00,4.909,4.909,4.901,4.901,1395.25795
2019-11-12 12:17:00,4.906,4.908,4.906,4.908,559.85546
2019-11-12 12:16:00,4.905,4.907,4.905,4.906,1497.6286
2019-11-12 12:15:00,4.904,4.905,4.904,4.905,257.453
2019-11-12 12:14:00,4.903,4.905,4.903,4.904,3117.17012
2019-11-12 12:13:00,4.903,4.903,4.903,4.903,6.07068
2019-11-12 12:12:00,4.907,4.907,4.903,4.903,1091.97655
2019-11-12 12:11:00,4.91,4.91,4.901,4.903,5598.99129
2019-11-12 12:10:00,4.904,4.91,4.904,4.91,2212.30413
2019-11-12 12:09:00,4.903,4.903,4.903,4.903,0.33082
2019-11-12 12:08:00,4.902,4.905,4.902,4.903,702.57246
2019-11-12 12:07:00,4.897,4.902,4.896,4.9,1486.1904
2019-11-12 12:06:00,4.904,4.904,4.897,4.897,4138.41897
2019-11-12 12:05:00,4.906,4.906,4.905,4.905,331.29479
2019-11-12 12:04:00,4.907,4.911,4.907,4.907,1363.45648
2019-11-12 12:03:00,4.907,4.907,4.907,4.907,0
2019-11-12 12:02:00,4.903,4.907,4.903,4.907,438.15396
2019-11-12 12:01:00,4.903,4.903,4.903,4.903,0.72594
2019-11-12 12:00:00,4.904,4.904,4.904,4.904,206.24287
2019-11-12 11:59:00,4.906,4.907,4.904,4.904,683.5773
2019-11-12 11:58:00,4.91,4.91,4.907,4.907,3392.25463
2019-11-12 11:57:00,4.904,4.908,4.904,4.906,1680.42019
2019-11-12 11:56:00,4.905,4.905,4.903,4.905,1804.49801
2019-11-12 11:55:00,4.907,4.907,4.903,4.905,2030.45015
2019-11-12 11:54:00,4.907,4.908,4.907,4.908,90.85986
2019-11-12 11:53:00,4.901,4.908,4.901,4.907,699.26445
2019-11-12 11:52:00,4.9,4.9,4.9,4.9,0
2019-11-12 11:51:00,4.901,4.901,4.9,4.9,1927.69877
2019-11-12 11:50:00,4.9,4.901,4.9,4.901,192.44618
2019-11-12 11:49:00,4.909,4.909,4.895,4.901,15218.11846
2019-11-12 11:48:00,4.913,4.913,4.909,4.909,1242.79993
2019-11-12 11:47:00,4.91,4.911,4.91,4.911,2912.1672
2019-11-12 11:46:00,4.903,4.912,4.903,4.912,1463.8702
2019-11-12 11:45:00,4.902,4.903,4.902,4.903,1007.14329
2019-11-12 11:44:00,4.899,4.903,4.898,4.903,520.92568
2019-11-12 11:43:00,4.901,4.906,4.897,4.9,22876.20371
2019-11-12 11:42:00,4.905,4.913,4.902,4.903,6755.8458
2019-11-12 11:41:00,4.911,4.911,4.907,4.908,1085.83887
2019-11-12 11:40:00,4.913,4.913,4.911,4.911,774.46569
2019-11-12 11:39:00,4.912,4.914,4.912,4.913,1493.43075
2019-11-12 11:38:00,4.904,4.915,4.904,4.913,5931.36045
2019-11-12 11:37:00,4.908,4.908,4.9,4.905,3023.87272
2019-11-12 11:36:00,4.911,4.911,4.907,4.909,664.02216
2019-11-12 11:35:00,4.912,4.914,4.911,4.912,281.42886
2019-11-12 11:34:00,4.914,4.915,4.913,4.913,653.46951
2019-11-12 11:33:00,4.916,4.919,4.915,4.915,1652.53884
2019-11-12 11:32:00,4.917,4.917,4.917,4.917,281.40105
2019-11-12 11:31:00,4.919,4.919,4.916,4.918,631.90893
2019-11-12 11:30:00,4.914,4.92,4.914,4.919,860.33999
2019-11-12 11:29:00,4.915,4.916,4.913,4.914,3897.23259
2019-11-12 11:28:00,4.916,4.916,4.914,4.915,1289.88331
2019-11-12 11:27:00,4.916,4.918,4.916,4.918,1113.11757
2019-11-12 11:26:00,4.916,4.92,4.915,4.915,1349.69258
2019-11-12 11:25:00,4.92,4.92,4.916,4.917,2272.67857
2019-11-12 11:24:00,4.921,4.921,4.919,4.921,1576.35562
2019-11-12 11:23:00,4.919,4.922,4.919,4.92,1289.71049
2019-11-12 11:22:00,4.915,4.919,4.914,4.918,2487.47519
2019-11-12 11:21:00,4.921,4.923,4.917,4.917,1502.38091
2019-11-12 11:20:00,4.917,4.924,4.917,4.92,3601.12136
2019-11-12 11:19:00,4.921,4.922,4.918,4.918,1231.6742
2019-11-12 11:18:00,4.924,4.924,4.922,4.922,155.54421
2019-11-12 11:17:00,4.925,4.925,4.924,4.924,257.17236
2019-11-12 11:16:00,4.927,4.927,4.924,4.924,2019.64926
2019-11-12 11:15:00,4.928,4.929,4.928,4.928,303.73437
2019-11-12 11:14:00,4.931,4.931,4.929,4.929,460.18695
2019-11-12 11:13:00,4.928,4.931,4.928,4.931,79.08617
2019-11-12 11:12:00,4.925,4.929,4.925,4.928,2264.17243
2019-11-12 11:11:00,4.924,4.925,4.924,4.925,942.88973
2019-11-12 11:10:00,4.924,4.925,4.924,4.924,602.25638
2019-11-12 11:09:00,4.926,4.926,4.926,4.926,210.38256
2019-11-12 11:08:00,4.926,4.927,4.925,4.926,523.06838
2019-11-12 11:07:00,4.923,4.926,4.923,4.925,1413.45738
2019-11-12 11:06:00,4.921,4.921,4.921,4.921,1398.09752
2019-11-12 11:05:00,4.923,4.924,4.919,4.921,1320.24987
2019-11-12 11:04:00,4.924,4.924,4.923,4.924,869.20053
2019-11-12 11:03:00,4.925,4.925,4.922,4.924,1896.03719
2019-11-12 11:02:00,4.93,4.93,4.926,4.926,814.38969
2019-11-12 11:01:00,4.928,4.931,4.927,4.93,1526.43032
2019-11-12 11:00:00,4.927,4.928,4.926,4.927,861.12808
2019-11-12 10:59:00,4.925,4.925,4.925,4.925,0
2019-11-12 10:58:00,4.923,4.925,4.923,4.925,1315.64559
2019-11-12 10:57:00,4.922,4.924,4.922,4.924,2135.28864
2019-11-12 10:56:00,4.921,4.921,4.921,4.921,813.46758
2019-11-12 10:55:00,4.923,4.923,4.92,4.92,795.37866
2019-11-12 10:54:00,4.923,4.923,4.923,4.923,27.68836
2019-11-12 10:53:00,4.923,4.923,4.921,4.923,1952.42096
2019-11-12 10:52:00,4.924,4.924,4.924,4.924,192.27
2019-11-12 10:51:00,4.924,4.924,4.921,4.924,1228.07609
2019-11-12 10:50:00,4.925,4.925,4.923,4.923,294.75867
2019-11-12 10:49:00,4.923,4.925,4.922,4.925,1361.79109
2019-11-12 10:48:00,4.92,4.92,4.92,4.92,1.1018
2019-11-12 10:47:00,4.919,4.92,4.919,4.92,346.52407
2019-11-12 10:46:00,4.918,4.919,4.918,4.919,314.67649
2019-11-12 10:45:00,4.918,4.919,4.918,4.919,1727.14991
2019-11-12 10:44:00,4.919,4.919,4.918,4.918,56.01451
2019-11-12 10:43:00,4.92,4.921,4.919,4.919,522.78557
2019-11-12 10:42:00,4.918,4.921,4.918,4.921,420.04468
2019-11-12 10:41:00,4.923,4.923,4.917,4.918,1923.93017
2019-11-12 10:40:00,4.922,4.922,4.922,4.922,0
2019-11-12 10:39:00,4.923,4.923,4.922,4.922,1880.19678
2019-11-12 10:38:00,4.922,4.923,4.922,4.923,863.97923
2019-11-12 10:37:00,4.921,4.921,4.92,4.921,791.54338
2019-11-12 10:36:00,4.927,4.927,4.922,4.922,545.06768
2019-11-12 10:35:00,4.924,4.926,4.924,4.926,759.18607
2019-11-12 10:34:00,4.922,4.923,4.922,4.923,1498.08301
2019-11-12 10:33:00,4.922,4.922,4.921,4.922,1979.28302
2019-11-12 10:32:00,4.921,4.923,4.921,4.923,606.28499
2019-11-12 10:31:00,4.92,4.92,4.919,4.92,1256.25651
2019-11-12 10:30:00,4.921,4.924,4.921,4.921,1597.39927
2019-11-12 10:29:00,4.925,4.929,4.924,4.924,1837.90611
2019-11-12 10:28:00,4.921,4.926,4.921,4.926,2859.24023
2019-11-12 10:27:00,4.917,4.922,4.917,4.918,1225.28974
2019-11-12 10:26:00,4.919,4.92,4.917,4.918,454.92417
2019-11-12 10:25:00,4.918,4.92,4.917,4.92,854.4773
2019-11-12 10:24:00,4.913,4.915,4.913,4.915,380.89861
2019-11-12 10:23:00,4.912,4.913,4.912,4.913,1002.10154
2019-11-12 10:22:00,4.911,4.911,4.91,4.911,1111.90926
2019-11-12 10:21:00,4.912,4.912,4.911,4.911,104.68202
2019-11-12 10:20:00,4.913,4.913,4.913,4.913,0
2019-11-12 10:19:00,4.912,4.915,4.912,4.913,1017.94838
2019-11-12 10:18:00,4.918,4.918,4.91,4.912,1487.06209
2019-11-12 10:17:00,4.92,4.92,4.918,4.918,1920.28265
2019-11-12 10:16:00,4.92,4.92,4.91,4.92,12413.6746
2019-11-12 10:15:00,4.926,4.927,4.917,4.917,4365.14462
2019-11-12 10:14:00,4.924,4.927,4.92,4.925,1313.87003
2019-11-12 10:13:00,4.912,4.924,4.912,4.924,2295.18762
2019-11-12 10:12:00,4.911,4.912,4.905,4.91,2104.51346
2019-11-12 10:11:00,4.907,4.912,4.907,4.912,2575.24665
2019-11-12 10:10:00,4.903,4.907,4.903,4.907,725.52809
2019-11-12 10:09:00,4.901,4.902,4.901,4.902,1604.00757
2019-11-12 10:08:00,4.899,4.902,4.896,4.9,1626.46131
2019-11-12 10:07:00,4.894,4.898,4.894,4.898,685.36804
2019-11-12 10:06:00,4.897,4.897,4.894,4.894,431.95001
2019-11-12 10:05:00,4.898,4.898,4.896,4.898,45.43131
2019-11-12 10:04:00,4.9,4.9,4.898,4.898,204.20901
2019-11-12 10:03:00,4.901,4.901,4.901,4.901,0
2019-11-12 10:02:00,4.904,4.904,4.901,4.901,1291.21985
2019-11-12 10:01:00,4.906,4.906,4.904,4.904,1648.2494
2019-11-12 10:00:00,4.894,4.904,4.894,4.904,952.36974
2019-11-12 09:59:00,4.897,4.897,4.893,4.894,447.91173
2019-11-12 09:58:00,4.904,4.904,4.897,4.897,1286.2171
2019-11-12 09:57:00,4.902,4.909,4.902,4.906,2756.00975
2019-11-12 09:56:00,4.898,4.901,4.897,4.901,1492.52947
2019-11-12 09:55:00,4.898,4.899,4.897,4.898,1686.96139
2019-11-12 09:54:00,4.897,4.898,4.896,4.897,935.05762
2019-11-12 09:53:00,4.89,4.899,4.89,4.897,2211.3476
2019-11-12 09:52:00,4.888,4.89,4.888,4.89,1815.37122
2019-11-12 09:51:00,4.888,4.889,4.887,4.887,288.84547
2019-11-12 09:50:00,4.888,4.888,4.888,4.888,1200.62212
2019-11-12 09:49:00,4.886,4.888,4.886,4.888,1472.0553
2019-11-12 09:48:00,4.885,4.885,4.885,4.885,210.13758
2019-11-12 09:47:00,4.887,4.888,4.886,4.886,1704.18316
2019-11-12 09:46:00,4.888,4.888,4.887,4.888,989.7764
2019-11-12 09:45:00,4.888,4.889,4.888,4.888,873.19351
2019-11-12 09:44:00,4.888,4.889,4.887,4.888,405.0346
2019-11-12 09:43:00,4.887,4.889,4.887,4.887,992.34918
2019-11-12 09:42:00,4.888,4.888,4.887,4.887,14.4049
2019-11-12 09:41:00,4.888,4.888,4.887,4.887,25.69954
2019-11-12 09:40:00,4.886,4.888,4.885,4.887,278.15524
2019-11-12 09:39:00,4.885,4.886,4.884,4.885,249.33834
2019-11-12 09:38:00,4.887,4.887,4.887,4.887,1042.89883
2019-11-12 09:37:00,4.886,4.888,4.886,4.887,3437.6824
2019-11-12 09:36:00,4.887,4.887,4.885,4.886,2512.1995
2019-11-12 09:35:00,4.889,4.889,4.885,4.888,1233.93825
2019-11-12 09:34:00,4.889,4.889,4.889,4.889,0
2019-11-12 09:33:00,4.889,4.889,4.889,4.889,77.20711
2019-11-12 09:32:00,4.889,4.89,4.889,4.89,159.48124
2019-11-12 09:31:00,4.889,4.889,4.889,4.889,204.82398
2019-11-12 09:30:00,4.89,4.89,4.89,4.89,1037.49216
2019-11-12 09:29:00,4.888,4.889,4.887,4.889,1140.77285
2019-11-12 09:28:00,4.889,4.889,4.889,4.889,665.29007
2019-11-12 09:27:00,4.888,4.888,4.888,4.888,0
2019-11-12 09:26:00,4.889,4.89,4.888,4.888,2322.67286
2019-11-12 09:25:00,4.888,4.888,4.888,4.888,1569.7177
2019-11-12 09:24:00,4.888,4.888,4.887,4.888,3412.64575
2019-11-12 09:23:00,4.891,4.893,4.887,4.888,1466.14685
2019-11-12 09:22:00,4.893,4.893,4.892,4.892,1102.23084
2019-11-12 09:21:00,4.893,4.893,4.893,4.893,353.81477
2019-11-12 09:20:00,4.894,4.894,4.894,4.894,347.64837
2019-11-12 09:19:00,4.895,4.895,4.894,4.894,413.91499
2019-11-12 09:18:00,4.897,4.897,4.896,4.896,1380.19567
2019-11-12 09:17:00,4.898,4.898,4.898,4.898,0
2019-11-12 09:16:00,4.898,4.898,4.898,4.898,0
2019-11-12 09:15:00,4.898,4.898,4.898,4.898,1216.80896
2019-11-12 09:14:00,4.898,4.901,4.897,4.901,352.92025
2019-11-12 09:13:00,4.898,4.899,4.897,4.898,476.19471
2019-11-12 09:12:00,4.899,4.899,4.897,4.898,458.6896
2019-11-12 09:11:00,4.899,4.9,4.897,4.898,758.49393
2019-11-12 09:10:00,4.899,4.9,4.898,4.899,480.91795
2019-11-12 09:09:00,4.898,4.899,4.898,4.898,2310.28892
2019-11-12 09:08:00,4.897,4.898,4.897,4.898,1670.59358
2019-11-12 09:07:00,4.897,4.898,4.896,4.896,188.88085
2019-11-12 09:06:00,4.897,4.897,4.895,4.897,978.87534
2019-11-12 09:05:00,4.896,4.898,4.896,4.897,868.48778
2019-11-12 09:04:00,4.897,4.897,4.896,4.896,1799.26804
2019-11-12 09:03:00,4.897,4.897,4.897,4.897,0
2019-11-12 09:02:00,4.899,4.9,4.897,4.897,1376.09372
2019-11-12 09:01:00,4.899,4.9,4.899,4.899,556.65093
2019-11-12 09:00:00,4.898,4.9,4.898,4.899,864.00189
2019-11-12 08:59:00,4.898,4.898,4.897,4.897,807.5917
2019-11-12 08:58:00,4.898,4.898,4.898,4.898,0.1181
2019-11-12 08:57:00,4.9,4.9,4.9,4.9,1165.89057
2019-11-12 08:56:00,4.9,4.9,4.9,4.9,339.6487
2019-11-12 08:55:00,4.899,4.9,4.899,4.9,1265.03856
2019-11-12 08:54:00,4.901,4.901,4.899,4.899,2400.12618
2019-11-12 08:53:00,4.904,4.904,4.901,4.901,245.341
2019-11-12 08:52:00,4.905,4.906,4.904,4.904,3763.64925
2019-11-12 08:51:00,4.901,4.905,4.901,4.905,762.04298
2019-11-12 08:50:00,4.899,4.9,4.899,4.9,141.8734
2019-11-12 08:49:00,4.899,4.9,4.898,4.9,949.00801
2019-11-12 08:48:00,4.898,4.898,4.898,4.898,0
2019-11-12 08:47:00,4.899,4.899,4.898,4.898,26.53236
2019-11-12 08:46:00,4.894,4.899,4.894,4.899,447.08938
2019-11-12 08:45:00,4.894,4.894,4.894,4.894,0
2019-11-12 08:44:00,4.894,4.894,4.894,4.894,0.81501
2019-11-12 08:43:00,4.894,4.894,4.894,4.894,2.26427
2019-11-12 08:42:00,4.896,4.898,4.893,4.894,2180.96799
2019-11-12 08:41:00,4.897,4.897,4.894,4.895,1895.30798
2019-11-12 08:40:00,4.896,4.897,4.895,4.897,441.97177
2019-11-12 08:39:00,4.898,4.898,4.896,4.896,305.14909
2019-11-12 08:38:00,4.898,4.899,4.897,4.897,189.67934
2019-11-12 08:37:00,4.897,4.9,4.897,4.898,1459.84445
2019-11-12 08:36:00,4.9,4.9,4.9,4.9,2.09863
2019-11-12 08:35:00,4.899,4.9,4.899,4.9,125.61777
2019-11-12 08:34:00,4.899,4.899,4.899,4.899,21.64752
2019-11-12 08:33:00,4.894,4.899,4.894,4.899,1314.54131
2019-11-12 08:32:00,4.894,4.894,4.892,4.894,402.03138
2019-11-12 08:31:00,4.894,4.894,4.894,4.894,0.22448
2019-11-12 08:30:00,4.894,4.895,4.893,4.893,2186.8175
2019-11-12 08:29:00,4.894,4.895,4.894,4.894,665.9912
2019-11-12 08:28:00,4.894,4.894,4.894,4.894,408.99287
2019-11-12 08:27:00,4.894,4.894,4.894,4.894,866.72504
2019-11-12 08:26:00,4.89,4.894,4.89,4.893,1268.10749
2019-11-12 08:25:00,4.891,4.891,4.889,4.89,865.82189
2019-11-12 08:24:00,4.891,4.891,4.891,4.891,0
2019-11-12 08:23:00,4.891,4.891,4.891,4.891,567.71774
2019-11-12 08:22:00,4.891,4.891,4.891,4.891,1097.17016
2019-11-12 08:21:00,4.89,4.89,4.89,4.89,0
2019-11-12 08:20:00,4.887,4.89,4.887,4.89,2270.52
2019-11-12 08:19:00,4.884,4.888,4.884,4.887,1047.34641
2019-11-12 08:18:00,4.88,4.889,4.88,4.885,3649.36471
2019-11-12 08:17:00,4.882,4.882,4.876,4.879,1732.14742
2019-11-12 08:16:00,4.882,4.882,4.881,4.881,1122.60046
2019-11-12 08:15:00,4.88,4.88,4.88,4.88,0
2019-11-12 08:14:00,4.88,4.88,4.879,4.88,11.05537
2019-11-12 08:13:00,4.88,4.88,4.88,4.88,11.71443
2019-11-12 08:12:00,4.88,4.881,4.88,4.88,378.6063
2019-11-12 08:11:00,4.88,4.88,4.88,4.88,201.43756
2019-11-12 08:10:00,4.879,4.88,4.879,4.88,320.00908
2019-11-12 08:09:00,4.879,4.88,4.878,4.879,875.99635
2019-11-12 08:08:00,4.876,4.879,4.876,4.879,1022.01542
2019-11-12 08:07:00,4.877,4.877,4.875,4.876,1154.12473
2019-11-12 08:06:00,4.878,4.878,4.874,4.877,625.48441
2019-11-12 08:05:00,4.879,4.88,4.879,4.879,280.5464
2019-11-12 08:04:00,4.883,4.883,4.879,4.879,1011.08542
2019-11-12 08:03:00,4.89,4.89,4.881,4.882,3831.59762
2019-11-12 08:02:00,4.891,4.891,4.891,4.891,0
2019-11-12 08:01:00,4.891,4.891,4.891,4.891,370.65092
2019-11-12 08:00:00,4.892,4.893,4.89,4.892,2313.12455
2019-11-12 07:59:00,4.889,4.891,4.889,4.891,218.6662
2019-11-12 07:58:00,4.891,4.891,4.89,4.89,1246.61964
2019-11-12 07:57:00,4.889,4.889,4.889,4.889,0
2019-11-12 07:56:00,4.889,4.889,4.889,4.889,950.1176
2019-11-12 07:55:00,4.889,4.889,4.888,4.889,1573.35867
2019-11-12 07:54:00,4.887,4.889,4.887,4.887,1754.50712
2019-11-12 07:53:00,4.886,4.887,4.886,4.887,1766.21309
2019-11-12 07:52:00,4.887,4.888,4.886,4.887,2400.85683
2019-11-12 07:51:00,4.89,4.89,4.887,4.887,913.17916
2019-11-12 07:50:00,4.891,4.891,4.891,4.891,0
2019-11-12 07:49:00,4.893,4.893,4.891,4.891,1305.7206
2019-11-12 07:48:00,4.894,4.894,4.894,4.894,589.5976
2019-11-12 07:47:00,4.891,4.898,4.89,4.894,2704.38302
2019-11-12 07:46:00,4.891,4.891,4.891,4.891,0
2019-11-12 07:45:00,4.891,4.891,4.891,4.891,0
2019-11-12 07:44:00,4.891,4.891,4.891,4.891,4.69184
2019-11-12 07:43:00,4.891,4.891,4.891,4.891,7.37931
2019-11-12 07:42:00,4.892,4.892,4.892,4.892,233.35732
2019-11-12 07:41:00,4.891,4.891,4.891,4.891,0
2019-11-12 07:40:00,4.891,4.891,4.891,4.891,45.30675
2019-11-12 07:39:00,4.891,4.891,4.891,4.891,14.56686
2019-11-12 07:38:00,4.891,4.891,4.891,4.891,11.70377
2019-11-12 07:37:00,4.891,4.891,4.891,4.891,0
2019-11-12 07:36:00,4.889,4.891,4.889,4.891,1962.17612
2019-11-12 07:35:00,4.887,4.888,4.887,4.888,299.00269
2019-11-12 07:34:00,4.886,4.889,4.886,4.886,995.46975
2019-11-12 07:33:00,4.884,4.886,4.884,4.886,275.77678
2019-11-12 07:32:00,4.883,4.883,4.883,4.883,0
2019-11-12 07:31:00,4.883,4.884,4.883,4.883,568.62561
2019-11-12 07:30:00,4.883,4.883,4.883,4.883,0
2019-11-12 07:29:00,4.882,4.883,4.882,4.883,226.46445
2019-11-12 07:28:00,4.883,4.883,4.88,4.882,64.25445
2019-11-12 07:27:00,4.884,4.884,4.884,4.884,7.04847
2019-11-12 07:26:00,4.882,4.883,4.88,4.883,336.03506
2019-11-12 07:25:00,4.881,4.882,4.881,4.881,1423.2477
2019-11-12 07:24:00,4.88,4.88,4.88,4.88,2859.51373
2019-11-12 07:23:00,4.881,4.881,4.881,4.881,11.38629
2019-11-12 07:22:00,4.882,4.882,4.88,4.88,1025.15072
2019-11-12 07:21:00,4.88,4.88,4.88,4.88,0
2019-11-12 07:20:00,4.886,4.886,4.88,4.88,734.74124
2019-11-12 07:19:00,4.882,4.887,4.882,4.885,3114.0382
2019-11-12 07:18:00,4.882,4.882,4.882,4.882,0.27185
2019-11-12 07:17:00,4.881,4.882,4.881,4.882,767.55348
2019-11-12 07:16:00,4.881,4.881,4.88,4.881,864.75754
2019-11-12 07:15:00,4.882,4.882,4.877,4.881,2337.90704
2019-11-12 07:14:00,4.882,4.883,4.882,4.883,16.89097
2019-11-12 07:13:00,4.88,4.882,4.88,4.882,2354.63356
2019-11-12 07:12:00,4.878,4.879,4.878,4.879,746.21546
2019-11-12 07:11:00,4.882,4.883,4.876,4.878,735.57165
2019-11-12 07:10:00,4.879,4.882,4.877,4.882,3243.87957
2019-11-12 07:09:00,4.881,4.884,4.879,4.879,520.39713
2019-11-12 07:08:00,4.89,4.891,4.881,4.881,2379.17275
2019-11-12 07:07:00,4.891,4.891,4.89,4.891,684.41299
2019-11-12 07:06:00,4.891,4.891,4.885,4.89,2750.29091
2019-11-12 07:05:00,4.89,4.892,4.89,4.89,3000.79719
2019-11-12 07:04:00,4.889,4.89,4.888,4.89,2254.81491
2019-11-12 07:03:00,4.89,4.89,4.888,4.888,2431.30907
2019-11-12 07:02:00,4.889,4.89,4.889,4.889,724.11029
2019-11-12 07:01:00,4.894,4.894,4.889,4.89,1834.61478
2019-11-12 07:00:00,4.894,4.894,4.894,4.894,181.5004
2019-11-12 06:59:00,4.893,4.895,4.891,4.895,1151.40537
2019-11-12 06:58:00,4.898,4.898,4.891,4.893,3394.52792
2019-11-12 06:57:00,4.898,4.898,4.898,4.898,740.08983
2019-11-12 06:56:00,4.899,4.899,4.899,4.899,1064.17968
2019-11-12 06:55:00,4.899,4.899,4.897,4.897,1977.01038
2019-11-12 06:54:00,4.899,4.899,4.899,4.899,2546.56312
2019-11-12 06:53:00,4.9,4.9,4.9,4.9,0
2019-11-12 06:52:00,4.9,4.9,4.9,4.9,0
2019-11-12 06:51:00,4.9,4.9,4.9,4.9,194.2002
2019-11-12 06:50:00,4.901,4.902,4.901,4.902,1292.2162
2019-11-12 06:49:00,4.901,4.901,4.901,4.901,1194.6634
2019-11-12 06:48:00,4.901,4.901,4.9,4.901,1512.85576
2019-11-12 06:47:00,4.902,4.903,4.901,4.901,1778.52612
2019-11-12 06:46:00,4.899,4.903,4.899,4.902,970.38444
2019-11-12 06:45:00,4.898,4.899,4.898,4.899,247.38637
2019-11-12 06:44:00,4.896,4.897,4.896,4.897,300.63318
2019-11-12 06:43:00,4.896,4.897,4.896,4.896,2083.9244
2019-11-12 06:42:00,4.897,4.897,4.896,4.896,1122.13907
2019-11-12 06:41:00,4.898,4.899,4.897,4.897,1523.86386
2019-11-12 06:40:00,4.898,4.9,4.898,4.898,2173.53886
2019-11-12 06:39:00,4.898,4.9,4.897,4.897,1363.97641
2019-11-12 06:38:00,4.902,4.902,4.898,4.899,1006.49479
2019-11-12 06:37:00,4.902,4.902,4.902,4.902,1.31669
2019-11-12 06:36:00,4.904,4.904,4.902,4.902,3300.31145
2019-11-12 06:35:00,4.905,4.905,4.902,4.902,2039.01254
2019-11-12 06:34:00,4.905,4.906,4.905,4.905,2543.64318
2019-11-12 06:33:00,4.905,4.906,4.905,4.905,1460.29827
2019-11-12 06:32:00,4.904,4.906,4.904,4.906,2552.89328
2019-11-12 06:31:00,4.907,4.908,4.902,4.906,1869.76566
2019-11-12 06:30:00,4.908,4.908,4.906,4.907,1910.62899
2019-11-12 06:29:00,4.908,4.91,4.908,4.908,1089.85394
2019-11-12 06:28:00,4.907,4.909,4.906,4.909,734.68865
2019-11-12 06:27:00,4.906,4.908,4.906,4.906,1932.66695
2019-11-12 06:26:00,4.905,4.907,4.905,4.907,1659.09222
2019-11-12 06:25:00,4.907,4.907,4.904,4.904,1369.4134
2019-11-12 06:24:00,4.906,4.907,4.906,4.906,5534.91526
2019-11-12 06:23:00,4.906,4.907,4.905,4.906,1135.16471
2019-11-12 06:22:00,4.905,4.907,4.905,4.905,3366.86715
2019-11-12 06:21:00,4.905,4.906,4.904,4.906,952.93621
2019-11-12 06:20:00,4.9,4.907,4.9,4.905,1833.49279
2019-11-12 06:19:00,4.901,4.902,4.9,4.9,220.71239
2019-11-12 06:18:00,4.902,4.902,4.898,4.901,1914.71606
2019-11-12 06:17:00,4.903,4.903,4.903,4.903,0.01032
2019-11-12 06:16:00,4.903,4.903,4.903,4.903,0
2019-11-12 06:15:00,4.904,4.905,4.902,4.903,2559.49179
2019-11-12 06:14:00,4.904,4.904,4.904,4.904,0.50017
2019-11-12 06:13:00,4.905,4.905,4.904,4.904,474.33393
2019-11-12 06:12:00,4.905,4.905,4.902,4.905,3421.15089
2019-11-12 06:11:00,4.905,4.905,4.902,4.905,568.26347
2019-11-12 06:10:00,4.905,4.905,4.905,4.905,1.40167
2019-11-12 06:09:00,4.904,4.906,4.903,4.905,739.71606
2019-11-12 06:08:00,4.903,4.904,4.903,4.903,1.00495
2019-11-12 06:07:00,4.904,4.904,4.903,4.904,0.96166
2019-11-12 06:06:00,4.905,4.905,4.9,4.904,666.36503
2019-11-12 06:05:00,4.904,4.905,4.904,4.904,0.95591
2019-11-12 06:04:00,4.904,4.905,4.904,4.905,0.73446
2019-11-12 06:03:00,4.905,4.905,4.904,4.905,0.53539
2019-11-12 06:02:00,4.904,4.905,4.904,4.905,773.70767
2019-11-12 06:01:00,4.905,4.905,4.904,4.904,2032.32933
2019-11-12 06:00:00,4.902,4.904,4.902,4.904,1348.93754
2019-11-12 05:59:00,4.902,4.902,4.902,4.902,0.1051
2019-11-12 05:58:00,4.902,4.902,4.902,4.902,273.70236
2019-11-12 05:57:00,4.904,4.904,4.9,4.902,1444.56241
2019-11-12 05:56:00,4.904,4.904,4.904,4.904,0.29171
2019-11-12 05:55:00,4.904,4.904,4.904,4.904,0.21226
2019-11-12 05:54:00,4.904,4.904,4.903,4.904,1081.93007
2019-11-12 05:53:00,4.904,4.904,4.904,4.904,0
2019-11-12 05:52:00,4.904,4.904,4.904,4.904,0
2019-11-12 05:51:00,4.904,4.904,4.904,4.904,252.50984
2019-11-12 05:50:00,4.905,4.905,4.905,4.905,0
2019-11-12 05:49:00,4.905,4.905,4.905,4.905,0
2019-11-12 05:48:00,4.905,4.905,4.905,4.905,80
2019-11-12 05:47:00,4.904,4.907,4.904,4.906,1012.51377
2019-11-12 05:46:00,4.904,4.904,4.904,4.904,0
2019-11-12 05:45:00,4.904,4.904,4.904,4.904,230.76518
2019-11-12 05:44:00,4.904,4.904,4.904,4.904,0.86222
2019-11-12 05:43:00,4.904,4.904,4.904,4.904,225.97983
2019-11-12 05:42:00,4.904,4.905,4.904,4.904,1582.52745
2019-11-12 05:41:00,4.906,4.906,4.904,4.905,1469.33141
2019-11-12 05:40:00,4.907,4.907,4.907,4.907,165.17899
2019-11-12 05:39:00,4.907,4.909,4.907,4.909,865.90777
2019-11-12 05:38:00,4.906,4.906,4.906,4.906,0.3913
2019-11-12 05:37:00,4.907,4.908,4.906,4.906,255.35276
2019-11-12 05:36:00,4.903,4.908,4.903,4.906,903.82297
2019-11-12 05:35:00,4.903,4.903,4.903,4.903,0.77366
2019-11-12 05:34:00,4.903,4.903,4.903,4.903,391.40041
2019-11-12 05:33:00,4.902,4.905,4.902,4.903,1743.69816
2019-11-12 05:32:00,4.905,4.905,4.903,4.903,2282.89908
2019-11-12 05:31:00,4.904,4.907,4.903,4.905,1061.15867
2019-11-12 05:30:00,4.905,4.905,4.903,4.903,2160.60886
2019-11-12 05:29:00,4.905,4.905,4.905,4.905,204.98255
2019-11-12 05:28:00,4.906,4.906,4.905,4.905,1708.0103
2019-11-12 05:27:00,4.904,4.906,4.904,4.906,1280.78763
2019-11-12 05:26:00,4.904,4.905,4.904,4.905,523.29889
2019-11-12 05:25:00,4.904,4.904,4.904,4.904,522.29104
2019-11-12 05:24:00,4.904,4.904,4.903,4.903,3583.98473
2019-11-12 05:23:00,4.909,4.912,4.902,4.904,1917.64556
2019-11-12 05:22:00,4.902,4.904,4.902,4.904,1092.37065
2019-11-12 05:21:00,4.902,4.902,4.902,4.902,1168.24926
2019-11-12 05:20:00,4.898,4.902,4.898,4.902,2120.77655
2019-11-12 05:19:00,4.9,4.9,4.898,4.898,499.36963
2019-11-12 05:18:00,4.9,4.9,4.9,4.9,5.31316
2019-11-12 05:17:00,4.9,4.901,4.899,4.9,617.30102
2019-11-12 05:16:00,4.9,4.9,4.899,4.9,1332.52886
2019-11-12 05:15:00,4.902,4.902,4.897,4.9,1649.71446
2019-11-12 05:14:00,4.899,4.9,4.899,4.9,2780.65458
2019-11-12 05:13:00,4.899,4.899,4.899,4.899,207.25557
2019-11-12 05:12:00,4.9,4.9,4.898,4.899,970.69094
2019-11-12 05:11:00,4.9,4.901,4.9,4.9,43.18334
2019-11-12 05:10:00,4.9,4.9,4.9,4.9,17.486
2019-11-12 05:09:00,4.9,4.901,4.899,4.9,169.48554
2019-11-12 05:08:00,4.901,4.902,4.899,4.899,2439.71487
2019-11-12 05:07:00,4.901,4.901,4.901,4.901,300.62051
2019-11-12 05:06:00,4.905,4.905,4.902,4.902,1276.41767
2019-11-12 05:05:00,4.904,4.907,4.904,4.906,1196.70983
2019-11-12 05:04:00,4.907,4.907,4.901,4.903,2248.04579
2019-11-12 05:03:00,4.907,4.908,4.905,4.908,1986.44568
2019-11-12 05:02:00,4.908,4.908,4.905,4.905,1399.93981
2019-11-12 05:01:00,4.907,4.909,4.906,4.908,1409.92629
2019-11-12 05:00:00,4.908,4.91,4.908,4.908,1551.17288
2019-11-12 04:59:00,4.907,4.908,4.906,4.908,1512.63224
2019-11-12 04:58:00,4.909,4.909,4.906,4.906,1504.99427
2019-11-12 04:57:00,4.91,4.91,4.907,4.908,1247.89252
2019-11-12 04:56:00,4.909,4.911,4.909,4.911,3005.20889
2019-11-12 04:55:00,4.913,4.913,4.911,4.911,1756.37343
2019-11-12 04:54:00,4.911,4.912,4.91,4.912,2133.16237
2019-11-12 04:53:00,4.906,4.912,4.906,4.911,2649.4248
2019-11-12 04:52:00,4.904,4.904,4.903,4.903,816.66809
2019-11-12 04:51:00,4.91,4.91,4.904,4.905,2093.54245
2019-11-12 04:50:00,4.91,4.911,4.91,4.91,1259.3983
2019-11-12 04:49:00,4.912,4.912,4.91,4.91,1570.4186
2019-11-12 04:48:00,4.915,4.915,4.912,4.912,2924.21727
2019-11-12 04:47:00,4.918,4.918,4.916,4.918,2473.60523
2019-11-12 04:46:00,4.911,4.918,4.911,4.917,3412.75313
2019-11-12 04:45:00,4.919,4.919,4.912,4.912,603.15051
2019-11-12 04:44:00,4.916,4.918,4.916,4.918,613.29031
2019-11-12 04:43:00,4.916,4.916,4.915,4.916,2449.71784
2019-11-12 04:42:00,4.918,4.918,4.916,4.917,1160.74114
2019-11-12 04:41:00,4.919,4.92,4.917,4.917,1826.7229
2019-11-12 04:40:00,4.915,4.921,4.914,4.921,548.51029
2019-11-12 04:39:00,4.918,4.918,4.915,4.915,2249.32774
2019-11-12 04:38:00,4.918,4.919,4.918,4.918,28.05029
2019-11-12 04:37:00,4.921,4.921,4.918,4.919,2136.41233
2019-11-12 04:36:00,4.919,4.921,4.919,4.921,199.19846
2019-11-12 04:35:00,4.922,4.922,4.919,4.919,2923.36359
2019-11-12 04:34:00,4.923,4.924,4.922,4.922,1123.3095
2019-11-12 04:33:00,4.926,4.926,4.924,4.924,17.27949
2019-11-12 04:32:00,4.923,4.926,4.922,4.925,9.38269
2019-11-12 04:31:00,4.924,4.924,4.921,4.922,1636.30522
2019-11-12 04:30:00,4.924,4.924,4.923,4.923,2508.46041
2019-11-12 04:29:00,4.926,4.926,4.926,4.926,0
2019-11-12 04:28:00,4.925,4.926,4.925,4.926,477.93281
2019-11-12 04:27:00,4.925,4.925,4.925,4.925,18.63673
2019-11-12 04:26:00,4.924,4.927,4.924,4.927,1562.88247
2019-11-12 04:25:00,4.925,4.925,4.924,4.924,8
2019-11-12 04:24:00,4.923,4.925,4.923,4.924,1407.9937
2019-11-12 04:23:00,4.926,4.926,4.924,4.924,153.8851
2019-11-12 04:22:00,4.926,4.926,4.926,4.926,0
2019-11-12 04:21:00,4.926,4.926,4.926,4.926,0
2019-11-12 04:20:00,4.924,4.926,4.924,4.926,720.81339
2019-11-12 04:19:00,4.926,4.926,4.922,4.924,290.53935
2019-11-12 04:18:00,4.924,4.924,4.924,4.924,0
2019-11-12 04:17:00,4.926,4.927,4.924,4.924,587.91607
2019-11-12 04:16:00,4.924,4.93,4.924,4.926,1205.38265
2019-11-12 04:15:00,4.924,4.925,4.923,4.924,2014.14157
2019-11-12 04:14:00,4.925,4.928,4.924,4.925,548.85502
2019-11-12 04:13:00,4.927,4.927,4.924,4.926,428.68246
2019-11-12 04:12:00,4.924,4.927,4.924,4.927,466.12946
2019-11-12 04:11:00,4.923,4.923,4.923,4.923,300.72975
2019-11-12 04:10:00,4.927,4.927,4.923,4.923,794.9381
2019-11-12 04:09:00,4.926,4.926,4.926,4.926,904.26572
2019-11-12 04:08:00,4.926,4.926,4.926,4.926,0
2019-11-12 04:07:00,4.925,4.926,4.925,4.926,459.71771
2019-11-12 04:06:00,4.93,4.93,4.925,4.925,1641.19765
2019-11-12 04:05:00,4.924,4.93,4.924,4.93,953.44823
2019-11-12 04:04:00,4.923,4.923,4.923,4.923,0
2019-11-12 04:03:00,4.925,4.925,4.922,4.923,893.78305
2019-11-12 04:02:00,4.925,4.925,4.925,4.925,2.24614
2019-11-12 04:01:00,4.924,4.924,4.924,4.924,593.3925
2019-11-12 04:00:00,4.931,4.931,4.924,4.924,2337.6655
2019-11-12 03:59:00,4.927,4.93,4.927,4.93,700.38817
2019-11-12 03:58:00,4.926,4.927,4.926,4.927,1557.46586
2019-11-12 03:57:00,4.925,4.925,4.925,4.925,10.01305
2019-11-12 03:56:00,4.924,4.924,4.924,4.924,802.47317
2019-11-12 03:55:00,4.919,4.925,4.919,4.925,1153.69325
2019-11-12 03:54:00,4.918,4.92,4.918,4.919,39.99104
2019-11-12 03:53:00,4.917,4.917,4.917,4.917,0
2019-11-12 03:52:00,4.919,4.921,4.917,4.917,824.85853
2019-11-12 03:51:00,4.918,4.919,4.918,4.918,2664.74033
2019-11-12 03:50:00,4.919,4.919,4.919,4.919,497.31678
2019-11-12 03:49:00,4.92,4.92,4.92,4.92,0
2019-11-12 03:48:00,4.918,4.92,4.918,4.92,964.13096
2019-11-12 03:47:00,4.918,4.921,4.917,4.918,619.53626
2019-11-12 03:46:00,4.921,4.921,4.917,4.917,3140.13766
2019-11-12 03:45:00,4.92,4.92,4.919,4.919,1238.31255
2019-11-12 03:44:00,4.919,4.92,4.916,4.92,3167.83014
2019-11-12 03:43:00,4.917,4.922,4.916,4.922,1151.42866
2019-11-12 03:42:00,4.915,4.919,4.915,4.917,2854.98615
2019-11-12 03:41:00,4.916,4.916,4.915,4.915,1605.07739
2019-11-12 03:40:00,4.914,4.916,4.914,4.916,2541.36924
2019-11-12 03:39:00,4.916,4.916,4.914,4.914,805.28941
2019-11-12 03:38:00,4.915,4.916,4.915,4.916,1505.32538
2019-11-12 03:37:00,4.914,4.916,4.914,4.916,207.88058
2019-11-12 03:36:00,4.913,4.916,4.912,4.915,1594.84709
2019-11-12 03:35:00,4.911,4.916,4.911,4.913,1028.96423
2019-11-12 03:34:00,4.908,4.909,4.908,4.909,250.39509
2019-11-12 03:33:00,4.904,4.909,4.904,4.909,3861.82787
2019-11-12 03:32:00,4.903,4.903,4.903,4.903,0
2019-11-12 03:31:00,4.903,4.903,4.903,4.903,1.02565
2019-11-12 03:30:00,4.904,4.904,4.903,4.903,1587.89534
2019-11-12 03:29:00,4.907,4.907,4.904,4.904,1053.01197
2019-11-12 03:28:00,4.906,4.906,4.906,4.906,43.65127
2019-11-12 03:27:00,4.905,4.906,4.905,4.905,1778.72009
2019-11-12 03:26:00,4.907,4.908,4.907,4.908,284.37835
2019-11-12 03:25:00,4.905,4.908,4.904,4.907,1986.74661
2019-11-12 03:24:00,4.904,4.907,4.904,4.906,1144.03441
2019-11-12 03:23:00,4.906,4.906,4.904,4.904,323.90516
2019-11-12 03:22:00,4.907,4.907,4.906,4.906,607.98338
2019-11-12 03:21:00,4.907,4.907,4.907,4.907,816.30054
2019-11-12 03:20:00,4.907,4.907,4.907,4.907,21.65362
2019-11-12 03:19:00,4.907,4.907,4.907,4.907,452.36759
2019-11-12 03:18:00,4.907,4.907,4.907,4.907,191.0304
2019-11-12 03:17:00,4.906,4.906,4.906,4.906,844.76891
2019-11-12 03:16:00,4.906,4.907,4.905,4.906,1292.78107
2019-11-12 03:15:00,4.906,4.908,4.906,4.908,2385.46511
2019-11-12 03:14:00,4.906,4.907,4.906,4.906,41.41393
2019-11-12 03:13:00,4.908,4.908,4.906,4.906,360.54809
2019-11-12 03:12:00,4.908,4.908,4.908,4.908,18.37457
2019-11-12 03:11:00,4.907,4.908,4.907,4.908,994.06103
2019-11-12 03:10:00,4.905,4.907,4.905,4.907,189.99576
2019-11-12 03:09:00,4.907,4.907,4.905,4.905,817.05958
2019-11-12 03:08:00,4.91,4.91,4.905,4.906,630.18639
2019-11-12 03:07:00,4.91,4.91,4.91,4.91,290.1838
2019-11-12 03:06:00,4.909,4.911,4.909,4.911,1529.75875
2019-11-12 03:05:00,4.914,4.914,4.908,4.91,880.87923
2019-11-12 03:04:00,4.913,4.914,4.906,4.914,1688.56719
2019-11-12 03:03:00,4.913,4.915,4.91,4.913,2065.27763
2019-11-12 03:02:00,4.916,4.916,4.911,4.913,1161.30484
2019-11-12 03:01:00,4.916,4.917,4.915,4.916,1605.03573
2019-11-12 03:00:00,4.913,4.914,4.912,4.914,528.32055
2019-11-12 02:59:00,4.913,4.913,4.913,4.913,430.92869
2019-11-12 02:58:00,4.915,4.915,4.913,4.913,412.79578
2019-11-12 02:57:00,4.918,4.918,4.915,4.915,1909.81426
2019-11-12 02:56:00,4.918,4.918,4.918,4.918,908.43363
2019-11-12 02:55:00,4.917,4.918,4.917,4.918,1343.06189
2019-11-12 02:54:00,4.917,4.918,4.917,4.918,172.9508
2019-11-12 02:53:00,4.916,4.917,4.916,4.916,390.19947
2019-11-12 02:52:00,4.917,4.918,4.916,4.917,942.96213
2019-11-12 02:51:00,4.922,4.925,4.916,4.918,2863.18023
2019-11-12 02:50:00,4.913,4.921,4.911,4.921,4624.24606
2019-11-12 02:49:00,4.917,4.918,4.913,4.913,2181.88476
2019-11-12 02:48:00,4.917,4.917,4.917,4.917,222.69422
2019-11-12 02:47:00,4.918,4.919,4.916,4.917,405.17117
2019-11-12 02:46:00,4.914,4.92,4.914,4.919,843.05568
2019-11-12 02:45:00,4.913,4.914,4.913,4.913,1480.6736
2019-11-12 02:44:00,4.903,4.915,4.903,4.913,7429.19098
2019-11-12 02:43:00,4.903,4.903,4.903,4.903,0.4107
2019-11-12 02:42:00,4.903,4.904,4.903,4.903,309.32761
2019-11-12 02:41:00,4.902,4.904,4.902,4.904,1170.7633
2019-11-12 02:40:00,4.9,4.902,4.9,4.902,1306.2907
2019-11-12 02:39:00,4.902,4.902,4.9,4.9,1290.28613
2019-11-12 02:38:00,4.905,4.905,4.902,4.902,649.16518
2019-11-12 02:37:00,4.905,4.905,4.905,4.905,2557.20849
2019-11-12 02:36:00,4.902,4.908,4.902,4.906,958.03424
2019-11-12 02:35:00,4.901,4.901,4.901,4.901,0.28539
2019-11-12 02:34:00,4.899,4.901,4.899,4.901,999.95391
2019-11-12 02:33:00,4.899,4.899,4.899,4.899,0.10863
2019-11-12 02:32:00,4.9,4.9,4.899,4.899,1586.19417
2019-11-12 02:31:00,4.9,4.9,4.899,4.9,688.93868
2019-11-12 02:30:00,4.9,4.901,4.9,4.901,2586.70661
2019-11-12 02:29:00,4.901,4.901,4.899,4.899,627.84932
2019-11-12 02:28:00,4.898,4.9,4.898,4.9,240.607
2019-11-12 02:27:00,4.899,4.9,4.898,4.898,12.71155
2019-11-12 02:26:00,4.9,4.9,4.899,4.899,192.35492
2019-11-12 02:25:00,4.901,4.901,4.899,4.899,618.57562
2019-11-12 02:24:00,4.901,4.901,4.901,4.901,1223.09105
2019-11-12 02:23:00,4.9,4.903,4.9,4.9,811.52273
2019-11-12 02:22:00,4.9,4.901,4.9,4.901,858.81266
2019-11-12 02:21:00,4.9,4.9,4.9,4.9,677.81449
2019-11-12 02:20:00,4.9,4.9,4.9,4.9,1757.50738
2019-11-12 02:19:00,4.9,4.9,4.9,4.9,1787.71745
2019-11-12 02:18:00,4.9,4.9,4.9,4.9,18.09334
2019-11-12 02:17:00,4.9,4.9,4.9,4.9,262.84
2019-11-12 02:16:00,4.9,4.901,4.9,4.901,2802.52031
2019-11-12 02:15:00,4.899,4.899,4.899,4.899,0
2019-11-12 02:14:00,4.899,4.899,4.899,4.899,259.46054
2019-11-12 02:13:00,4.9,4.9,4.898,4.899,240.82447
2019-11-12 02:12:00,4.898,4.9,4.898,4.9,302.42882
2019-11-12 02:11:00,4.9,4.9,4.898,4.898,171.4874
2019-11-12 02:10:00,4.902,4.902,4.899,4.9,654.35842
2019-11-12 02:09:00,4.9,4.901,4.899,4.899,202.77948
2019-11-12 02:08:00,4.901,4.906,4.9,4.9,1191.79685
2019-11-12 02:07:00,4.899,4.902,4.899,4.902,1029.53498
2019-11-12 02:06:00,4.904,4.904,4.898,4.899,1778.8962
2019-11-12 02:05:00,4.903,4.903,4.901,4.903,813.42069
2019-11-12 02:04:00,4.903,4.904,4.903,4.903,5.78523
2019-11-12 02:03:00,4.905,4.905,4.903,4.904,770.58876
2019-11-12 02:02:00,4.905,4.905,4.901,4.903,2187.17249
2019-11-12 02:01:00,4.905,4.905,4.905,4.905,189.91233
2019-11-12 02:00:00,4.907,4.907,4.905,4.905,287.73954
2019-11-12 01:59:00,4.908,4.908,4.907,4.907,212.63932
2019-11-12 01:58:00,4.905,4.907,4.904,4.907,639.74526
2019-11-12 01:57:00,4.903,4.905,4.903,4.905,1426.38255
2019-11-12 01:56:00,4.904,4.904,4.904,4.904,4
2019-11-12 01:55:00,4.903,4.903,4.902,4.902,496.27944
2019-11-12 01:54:00,4.904,4.904,4.903,4.903,1255.76035
2019-11-12 01:53:00,4.904,4.906,4.903,4.904,1454.75179
2019-11-12 01:52:00,4.905,4.905,4.903,4.903,1013.82748
2019-11-12 01:51:00,4.905,4.905,4.905,4.905,42.95865
2019-11-12 01:50:00,4.907,4.908,4.905,4.905,418.33192
2019-11-12 01:49:00,4.907,4.907,4.907,4.907,210.17275
2019-11-12 01:48:00,4.907,4.907,4.907,4.907,0
2019-11-12 01:47:00,4.906,4.908,4.906,4.907,742.20289
2019-11-12 01:46:00,4.911,4.911,4.908,4.908,372.62848
2019-11-12 01:45:00,4.911,4.912,4.91,4.911,2030.47828
2019-11-12 01:44:00,4.911,4.911,4.911,4.911,0.30542
2019-11-12 01:43:00,4.911,4.911,4.91,4.911,1.16561
2019-11-12 01:42:00,4.91,4.911,4.91,4.911,4.20153
2019-11-12 01:41:00,4.912,4.912,4.909,4.909,605.49813
2019-11-12 01:40:00,4.909,4.912,4.908,4.912,519.8835
2019-11-12 01:39:00,4.915,4.915,4.909,4.909,1874.33397
2019-11-12 01:38:00,4.912,4.915,4.912,4.915,1687.98883
2019-11-12 01:37:00,4.912,4.912,4.912,4.912,0
2019-11-12 01:36:00,4.912,4.914,4.912,4.912,1333.35063
2019-11-12 01:35:00,4.911,4.912,4.911,4.912,406.31271
2019-11-12 01:34:00,4.911,4.911,4.911,4.911,1403.3679
2019-11-12 01:33:00,4.911,4.911,4.911,4.911,0.30546
2019-11-12 01:32:00,4.911,4.911,4.911,4.911,0.12176
2019-11-12 01:31:00,4.911,4.911,4.911,4.911,1942.6247
2019-11-12 01:30:00,4.909,4.911,4.909,4.911,3682.75065
2019-11-12 01:29:00,4.907,4.909,4.907,4.908,1624.19925
2019-11-12 01:28:00,4.91,4.91,4.905,4.907,8935.56099
2019-11-12 01:27:00,4.91,4.911,4.91,4.911,226.88973
2019-11-12 01:26:00,4.903,4.909,4.903,4.909,894.55732
2019-11-12 01:25:00,4.899,4.903,4.899,4.903,1591.91263
2019-11-12 01:24:00,4.899,4.9,4.899,4.9,102.05205
2019-11-12 01:23:00,4.899,4.899,4.899,4.899,743.87531
2019-11-12 01:22:00,4.897,4.899,4.897,4.899,1083.1408
2019-11-12 01:21:00,4.9,4.9,4.897,4.897,364.8585
2019-11-12 01:20:00,4.901,4.901,4.9,4.9,1135.70328
2019-11-12 01:19:00,4.899,4.902,4.899,4.901,1800.1554
2019-11-12 01:18:00,4.905,4.905,4.898,4.898,1911.13063
2019-11-12 01:17:00,4.907,4.907,4.905,4.905,256.69807
2019-11-12 01:16:00,4.906,4.906,4.906,4.906,0
2019-11-12 01:15:00,4.908,4.908,4.905,4.906,1521.57513
2019-11-12 01:14:00,4.91,4.91,4.906,4.908,3024.34865
2019-11-12 01:13:00,4.911,4.911,4.91,4.91,245.59662
2019-11-12 01:12:00,4.911,4.912,4.911,4.911,298.15929
2019-11-12 01:11:00,4.91,4.911,4.91,4.91,30.86496
2019-11-12 01:10:00,4.91,4.91,4.91,4.91,16.51614
2019-11-12 01:09:00,4.91,4.911,4.91,4.91,1.01505
2019-11-12 01:08:00,4.91,4.91,4.91,4.91,0.92195
2019-11-12 01:07:00,4.911,4.911,4.91,4.91,1371.90733
2019-11-12 01:06:00,4.911,4.912,4.911,4.911,740.20887
2019-11-12 01:05:00,4.913,4.913,4.91,4.912,1423.44955
2019-11-12 01:04:00,4.912,4.914,4.912,4.913,1479.4273
2019-11-12 01:03:00,4.91,4.913,4.91,4.913,988.82322
2019-11-12 01:02:00,4.91,4.911,4.91,4.911,0.40466
2019-11-12 01:01:00,4.911,4.911,4.91,4.911,0.26623
2019-11-12 01:00:00,4.911,4.911,4.911,4.911,0.29544
2019-11-12 00:59:00,4.91,4.911,4.91,4.911,1268.63449
2019-11-12 00:58:00,4.91,4.91,4.91,4.91,0.17535
2019-11-12 00:57:00,4.91,4.91,4.91,4.91,201.201
2019-11-12 00:56:00,4.911,4.912,4.911,4.912,1451.55538
2019-11-12 00:55:00,4.911,4.911,4.911,4.911,1737.92687
2019-11-12 00:54:00,4.91,4.911,4.91,4.911,1484.29355
2019-11-12 00:53:00,4.906,4.912,4.906,4.912,2671.88565
2019-11-12 00:52:00,4.906,4.908,4.903,4.908,616.27043
2019-11-12 00:51:00,4.906,4.907,4.904,4.905,698.24593
2019-11-12 00:50:00,4.912,4.912,4.906,4.907,2509.43294
2019-11-12 00:49:00,4.912,4.912,4.911,4.911,219.5203
2019-11-12 00:48:00,4.911,4.911,4.911,4.911,1450.60167
2019-11-12 00:47:00,4.912,4.912,4.912,4.912,217.49521
2019-11-12 00:46:00,4.913,4.914,4.913,4.914,661.13906
2019-11-12 00:45:00,4.914,4.914,4.914,4.914,1660.18065
2019-11-12 00:44:00,4.914,4.915,4.914,4.915,49.46464
2019-11-12 00:43:00,4.911,4.913,4.911,4.913,1520.79771
2019-11-12 00:42:00,4.911,4.912,4.911,4.911,486.54696
2019-11-12 00:41:00,4.911,4.911,4.911,4.911,21.8962
2019-11-12 00:40:00,4.912,4.912,4.912,4.912,27.44451
2019-11-12 00:39:00,4.91,4.911,4.91,4.911,213.24241
2019-11-12 00:38:00,4.91,4.91,4.909,4.909,781.06928
2019-11-12 00:37:00,4.901,4.91,4.901,4.91,597.48788
2019-11-12 00:36:00,4.899,4.899,4.899,4.899,0
2019-11-12 00:35:00,4.901,4.901,4.897,4.899,494.59732
2019-11-12 00:34:00,4.902,4.902,4.898,4.9,255.95865
2019-11-12 00:33:00,4.904,4.904,4.904,4.904,0
2019-11-12 00:32:00,4.904,4.904,4.903,4.904,130.86636
2019-11-12 00:31:00,4.909,4.909,4.904,4.905,2208.49039
2019-11-12 00:30:00,4.91,4.91,4.91,4.91,0
2019-11-12 00:29:00,4.908,4.91,4.908,4.91,629.84657
2019-11-12 00:28:00,4.907,4.909,4.907,4.907,237.83073
2019-11-12 00:27:00,4.909,4.91,4.907,4.908,1084.91026
2019-11-12 00:26:00,4.911,4.912,4.909,4.909,772.62026
2019-11-12 00:25:00,4.9,4.914,4.9,4.914,2115.12439
2019-11-12 00:24:00,4.909,4.909,4.899,4.9,3585.10027
2019-11-12 00:23:00,4.909,4.91,4.909,4.909,415.67444
2019-11-12 00:22:00,4.909,4.91,4.909,4.909,284.11338
2019-11-12 00:21:00,4.909,4.909,4.909,4.909,0.04705
2019-11-12 00:20:00,4.907,4.909,4.907,4.909,461.15526
2019-11-12 00:19:00,4.905,4.907,4.905,4.906,1387.81865
2019-11-12 00:18:00,4.906,4.906,4.904,4.905,1253.16881
2019-11-12 00:17:00,4.898,4.905,4.898,4.905,1683.73925
2019-11-12 00:16:00,4.895,4.898,4.891,4.898,2311.35916
2019-11-12 00:15:00,4.903,4.903,4.894,4.896,2645.6556
2019-11-12 00:14:00,4.903,4.903,4.9,4.901,2190.66602
2019-11-12 00:13:00,4.91,4.91,4.902,4.902,4103.97806
2019-11-12 00:12:00,4.914,4.914,4.911,4.912,1326.00393
2019-11-12 00:11:00,4.906,4.914,4.906,4.914,622.06225
2019-11-12 00:10:00,4.903,4.904,4.903,4.904,117.74602
2019-11-12 00:09:00,4.904,4.904,4.903,4.903,223.99932
2019-11-12 00:08:00,4.906,4.906,4.902,4.905,4506.21977
2019-11-12 00:07:00,4.907,4.907,4.905,4.905,1403.47823
2019-11-12 00:06:00,4.909,4.909,4.907,4.907,1260.71428
2019-11-12 00:05:00,4.916,4.916,4.909,4.909,299.33373
2019-11-12 00:04:00,4.911,4.918,4.911,4.918,1017.271
2019-11-12 00:03:00,4.901,4.911,4.901,4.911,9533.48982
2019-11-12 00:02:00,4.889,4.899,4.888,4.899,7823.70546
2019-11-12 00:01:00,4.892,4.892,4.888,4.889,2326.24552
2019-11-12 00:00:00,4.897,4.898,4.89,4.893,4753.58287
